Car 0.0000 0 2.0675 182.4922 193.2008 259.2089 223.4207 1.4115 1.7694 4.3349 -20.8477 2.5673 38.7978 1.5770 0.9885
Car 0.0000 0 2.0864 181.8383 193.0280 259.7191 223.5405 1.4252 1.7602 4.3513 -20.8526 2.5720 38.8021 1.5958 0.9883
Car 0.0000 0 2.0961 181.1257 193.2598 259.9507 223.8138 1.4251 1.7788 4.3506 -20.8634 2.5851 38.7998 1.6053 0.9805
Car 0.0000 0 2.1044 180.1550 192.9934 259.4386 223.6495 1.4299 1.7666 4.3598 -20.8903 2.5745 38.7768 1.6128 0.9789
Car 0.0000 0 2.0794 182.1923 192.9272 259.5612 223.3676 1.4236 1.7625 4.3413 -20.8527 2.5646 38.8108 1.5889 0.9773
Car 0.0000 0 2.0621 182.1933 193.1092 258.3401 223.4033 1.4176 1.7680 4.3128 -20.8827 2.5679 38.8025 1.5709 0.9727
Car 0.0000 0 2.1036 180.5696 192.6364 258.7816 223.1499 1.4222 1.7264 4.3095 -20.8330 2.5424 38.6534 1.6118 0.9665
Car 0.0000 0 -2.9496 848.2410 181.6518 955.4445 218.4342 1.4104 1.6473 3.9306 12.1709 1.8011 30.2580 -2.5711 0.9398
Car 0.0000 0 -2.9439 844.6891 181.6413 954.8860 218.6736 1.4213 1.6234 4.0620 12.1049 1.8126 30.3200 -2.5679 0.9396
Car 0.0000 0 2.0950 180.9366 192.0008 259.2251 223.0677 1.4549 1.7298 4.3763 -20.8527 2.5420 38.7345 1.6037 0.9365
Car 0.0000 0 2.0653 181.4717 192.8401 258.7023 223.4962 1.4292 1.7431 4.4344 -20.8593 2.5645 38.7499 1.5740 0.9319
Car 0.0000 0 -2.9496 846.0261 181.1342 956.8975 218.5170 1.4367 1.5963 4.0908 12.1622 1.8051 30.2901 -2.5717 0.9212
Car 0.0000 0 -2.9524 852.7222 181.4632 954.5514 218.2410 1.4128 1.6513 3.7094 12.2307 1.7939 30.2057 -2.5716 0.9210
Car 0.0000 0 -2.9583 847.7540 180.7374 957.4088 218.4775 1.4505 1.6894 4.0274 12.2049 1.8011 30.2652 -2.5789 0.8977
Car 0.0000 0 -2.9509 845.0657 181.0106 958.7564 218.8420 1.4509 1.6726 4.1889 12.1821 1.8145 30.2935 -2.5725 0.8966
Car 0.0000 0 2.0817 180.1340 192.7136 258.7077 223.3060 1.4251 1.7538 4.4397 -20.8925 2.5536 38.7479 1.5898 0.8913
Car 0.0000 0 -2.8999 844.0202 181.1756 954.8705 218.6120 1.4354 1.6742 4.0469 12.0930 1.8070 30.3396 -2.5245 0.8787
Car 0.0000 0 -2.9836 846.8615 181.3221 956.9907 218.6427 1.4344 1.6716 4.0794 12.1897 1.8109 30.2893 -2.6050 0.8755
Car 0.0000 0 -2.9440 844.7997 181.5998 954.8860 218.2526 1.4053 1.6262 4.0535 12.0979 1.7946 30.2960 -2.5679 0.8727
Car 0.0000 0 -2.9404 849.0919 181.6787 954.2137 218.2253 1.4027 1.6237 3.8451 12.1636 1.7943 30.2591 -2.5621 0.8525
Car 0.0000 0 -2.9506 845.0123 181.4799 954.5553 218.4773 1.4217 1.5594 4.0483 12.0889 1.8049 30.2817 -2.5747 0.8496
Car 0.0000 0 -2.9344 853.4139 181.2942 955.1011 218.2777 1.4211 1.6173 3.6914 12.2488 1.7945 30.1944 -2.5530 0.8075
Car 0.0000 0 2.0775 180.2705 192.9779 259.4629 223.4667 1.4198 1.8032 4.4469 -20.8892 2.5645 38.7884 1.5861 0.8036
Car 0.0000 0 2.0790 180.7903 192.4354 259.2394 222.9459 1.4255 1.7863 4.3904 -20.8660 2.5377 38.7552 1.5877 0.7680
Car 0.0000 0 -2.9444 844.9919 181.0475 958.3983 219.0980 1.4600 1.6348 4.1792 12.1696 1.8250 30.2900 -2.5663 0.7609
Car 0.0000 0 2.0670 180.7080 193.1052 259.2049 223.3111 1.4055 1.7973 4.4582 -20.8905 2.5576 38.7994 1.5756 0.7592
Car 0.0000 0 2.1025 178.0360 192.5370 259.1292 222.9325 1.4087 1.7604 4.5298 -20.9125 2.5279 38.7114 1.6098 0.7539
Car 0.0000 0 2.0680 179.9489 192.6027 259.3326 223.1265 1.4204 1.8055 4.5149 -20.8847 2.5437 38.7626 1.5764 0.7458
Car 0.0000 0 -2.9232 845.2323 179.5358 959.0567 218.2262 1.4904 1.6115 4.1803 12.1755 1.7882 30.2693 -2.5447 0.7379
Car 0.0000 0 2.0992 178.4479 192.5375 259.8257 223.6485 1.4471 1.8029 4.5116 -20.8974 2.5667 38.7386 1.6070 0.7331
Car 0.0000 0 2.0969 181.1908 192.1658 259.7239 223.0070 1.4424 1.7324 4.3880 -20.8406 2.5395 38.7505 1.6061 0.7251
Car 0.0000 0 2.1005 179.7570 191.6117 259.3546 223.2116 1.4814 1.7467 4.4367 -20.8823 2.5475 38.7433 1.6087 0.6979
Car 0.0000 0 -2.8319 848.7659 181.5554 957.7884 219.1792 1.4364 1.6557 3.9262 12.2310 1.8250 30.3037 -2.4523 0.6789
Car 0.0000 0 -2.9172 854.8105 181.6747 957.5474 218.2512 1.3993 1.6324 3.7073 12.3134 1.7895 30.1630 -2.5336 0.6704
Car 0.0000 0 -2.9164 854.7363 181.9548 956.8983 218.8776 1.4121 1.6499 3.6821 12.3036 1.8149 30.1733 -2.5332 0.6529
Car 0.0000 0 -2.7879 847.9920 181.2817 956.7073 219.1276 1.4460 1.6823 3.8985 12.2071 1.8235 30.3531 -2.4095 0.6502
Car 0.0000 0 -2.8307 848.4752 180.9610 955.8040 218.1794 1.4225 1.6345 3.8566 12.1595 1.7835 30.2409 -2.4524 0.6412
Car 0.0000 0 -2.9500 850.4974 180.4256 956.5440 218.4566 1.4641 1.5456 3.8866 12.1970 1.7988 30.1547 -2.5696 0.6355
Car 0.0000 0 -2.9016 841.4636 180.4891 959.5568 218.4438 1.4534 1.6391 4.3425 12.1217 1.7951 30.3256 -2.5253 0.6252
Car 0.0000 0 2.0687 184.7106 192.1203 260.5702 222.5007 1.4287 1.7005 4.4046 -20.8290 2.5280 38.9433 1.5801 0.5292
Car 0.0000 0 -2.8168 854.7491 180.9149 957.4108 218.7538 1.4492 1.6757 3.6365 12.3240 1.8076 30.2260 -2.4336 0.5208
Car 0.0000 0 2.1157 177.9977 191.9659 252.3604 222.9799 1.4556 1.6728 3.9082 -20.9017 2.5235 38.3087 1.6189 0.4826
Car 0.0000 0 -2.8118 860.0797 181.9401 959.3326 218.9340 1.4116 1.6180 3.4973 12.4473 1.8139 30.1530 -2.4243 0.4717
Car 0.0000 0 -2.8443 859.2459 181.7270 961.7268 218.2584 1.3917 1.6090 3.6407 12.4665 1.7843 30.1222 -2.4559 0.4656
Car 0.0000 0 2.0814 183.8077 192.1497 261.1870 223.1063 1.4657 1.7722 4.3801 -20.9314 2.5714 39.1217 1.5926 0.4275
Car 0.0000 0 0.3845 845.1490 181.0727 949.4700 218.5694 1.4368 1.6682 3.7245 11.9988 1.8044 30.3565 0.7570 0.3864
Car 0.0000 0 -2.9582 843.8157 181.1655 957.5286 218.7544 1.4457 1.7034 4.2096 12.1761 1.8175 30.4023 -2.5812 0.3583
Car 0.0000 0 1.6181 417.9823 180.2919 439.2709 199.0716 1.5010 1.5723 3.9315 -15.4262 2.1558 61.3990 1.3726 0.2704
Car 0.0000 0 -2.1631 0.0000 0.0000 792.3729 375.0000 1.5910 1.6340 4.0311 0.4454 1.6754 0.9385 -1.8269 0.2548
Car 0.0000 0 1.6099 418.3029 180.5356 438.9861 199.2019 1.4907 1.5555 3.8602 -15.4146 2.1660 61.3531 1.3644 0.2402
Car 0.0000 0 1.7681 418.3067 179.8227 446.8622 199.2300 1.5610 1.6076 4.0199 -15.1150 2.1755 61.5430 1.5279 0.2320
Car 0.0000 0 1.5915 417.1782 180.2458 436.8871 198.8879 1.4918 1.5460 3.7456 -15.5456 2.1409 61.3210 1.3439 0.2238
Car 0.0000 0 1.6083 417.6627 180.1021 438.8897 199.0345 1.5132 1.6020 4.0425 -15.4680 2.1524 61.4499 1.3624 0.2231
Car 0.0000 0 -1.0639 193.3084 192.2719 263.9716 221.9030 1.4292 1.6615 4.0397 -20.8232 2.5479 39.5126 -1.5465 0.2224
Car 0.0000 0 -1.0370 189.9700 192.2122 264.4467 222.6249 1.4667 1.7427 4.1294 -20.9314 2.5855 39.5807 -1.5209 0.2034
Car 0.0000 0 1.4065 408.3698 181.2508 435.8949 199.7205 1.4646 1.6234 4.0478 -16.0321 2.2046 61.3741 1.1517 0.2010
Car 0.0000 0 1.4340 412.6463 180.5129 438.1329 199.1937 1.4892 1.5846 3.8615 -15.7376 2.1626 61.3163 1.1835 0.1942
Car 0.0000 0 1.5129 414.1434 180.4732 436.4162 199.2361 1.4949 1.6039 4.0255 -15.7682 2.1665 61.4013 1.2623 0.1912
Car 0.0000 0 1.3839 411.2349 180.7107 439.0225 199.5381 1.4976 1.5852 3.9063 -15.7450 2.1879 61.2536 1.1330 0.1859
Car 0.0000 0 -2.3273 0.0000 0.0000 789.2230 375.0000 1.6053 1.6520 4.1509 0.5820 1.6654 0.9102 -1.8866 0.1748
Car 0.0000 0 -2.3064 0.0000 0.0000 771.1351 375.0000 1.6217 1.6038 4.0892 0.5772 1.6843 1.0328 -1.9053 0.1657
Car 0.0000 0 -2.0623 0.0000 0.0000 845.0037 375.0000 1.6311 1.6610 4.0757 0.3726 1.6693 0.7301 -1.7260 0.1636
Car 0.0000 0 1.4007 411.0485 180.6088 437.5477 199.4036 1.4951 1.5501 3.8129 -15.7873 2.1748 61.1495 1.1488 0.1630
Car 0.0000 0 1.2907 404.8998 181.0894 437.1277 199.6896 1.4745 1.5995 4.0009 -16.0847 2.1978 61.2100 1.0345 0.1571
Car 0.0000 0 -2.0430 0.0000 0.0000 881.2969 375.0000 1.5927 1.6341 4.0475 0.3533 1.6161 0.5896 -1.6759 0.1480
Car 0.0000 0 -1.1067 207.6319 192.6212 266.0785 220.8117 1.4186 1.5584 3.3644 -20.8443 2.5713 40.3676 -1.5809 0.1357
Car 0.0000 0 1.2960 404.2025 181.2719 436.1196 199.8139 1.4665 1.5931 3.9762 -16.1290 2.2045 61.1046 1.0386 0.1355
Car 0.0000 0 -2.8360 0.0000 0.0000 481.7356 375.0000 1.5994 1.5891 4.1026 0.4647 1.6928 0.6990 -2.4104 0.1353
Car 0.0000 0 0.9165 397.2288 181.4429 441.6721 199.9408 1.4709 1.6042 3.8648 -16.1164 2.2175 60.8742 0.6584 0.1320
Car 0.0000 0 -2.3474 0.0000 0.0000 868.8007 375.0000 1.5932 1.6288 4.0785 0.6078 1.6253 0.6620 -1.7907 0.1311
Car 0.0000 0 1.9764 413.4991 179.9964 449.6642 199.1320 1.5295 1.6176 3.7724 -15.1013 2.1550 61.1521 1.7350 0.1304
Car 0.0000 0 -1.1172 210.5598 192.3965 267.8521 220.1747 1.4019 1.5074 3.4362 -20.8215 2.5483 40.5800 -1.5889 0.1271
Car 0.0000 0 1.2779 403.3241 181.1414 435.9048 199.8197 1.4762 1.5792 3.9833 -16.1492 2.2015 61.0053 1.0199 0.1256
Car 0.0000 0 0.8104 392.8392 181.4854 441.3385 200.0956 1.4820 1.6349 4.0117 -16.2959 2.2308 60.8190 0.5494 0.1243
Car 0.0000 0 1.9059 415.2375 179.6715 449.0989 198.9518 1.5490 1.5786 3.9820 -15.1296 2.1496 61.4755 1.6653 0.1196
Car 0.0000 0 -1.0201 201.8648 192.5894 272.4111 222.1264 1.4662 1.7038 3.9464 -20.9048 2.6317 40.5628 -1.4936 0.1118
Car 0.0000 0 -0.1427 867.8503 181.0490 970.1178 217.2575 1.4219 1.6491 3.7249 12.7902 1.7793 30.1712 0.2542 0.1078
Car 0.0000 0 -0.3561 234.4648 0.0000 1242.0000 375.0000 1.5499 1.6643 4.2057 -1.5580 1.6818 0.9347 -1.2656 0.1049
Car 0.0000 0 2.0389 417.1444 179.3267 456.2148 199.0639 1.5863 1.6036 4.0063 -14.7538 2.1578 61.5238 1.8042 0.1016
Car 0.0000 0 -0.0638 136.2604 0.0000 1242.0000 375.0000 1.5289 1.7199 4.2183 -1.9824 1.6239 0.6665 -1.1882 0.1013
Car 0.0000 0 1.9544 414.5594 180.3281 449.4428 199.2332 1.5136 1.5707 3.7988 -15.1105 2.1699 61.3318 1.7135 0.1003
Car 0.0000 0 0.9082 399.2145 180.8986 443.6622 199.4846 1.4838 1.5924 3.8655 -15.9733 2.1841 60.9694 0.6527 0.0993
Car 0.0000 0 1.4945 410.7827 180.9420 434.6005 199.2859 1.4526 1.6290 4.4901 -16.0514 2.1705 61.6256 1.2404 0.0933
Car 0.0000 0 2.1153 415.8352 179.7914 456.5455 199.2187 1.5559 1.6080 3.8396 -14.7540 2.1660 61.3383 1.8798 0.0928
Car 0.0000 0 2.1485 415.6830 179.8522 456.9242 199.4879 1.5748 1.5934 3.8021 -14.7580 2.1906 61.3902 1.9132 0.0880
Car 0.0000 0 -1.8477 903.5165 171.9731 987.4322 218.7683 1.4583 1.6251 3.5644 11.1758 1.4313 24.3663 -1.4227 0.0865
Car 0.0000 0 -1.3643 326.3520 0.0000 1088.9949 375.0000 1.5966 1.5915 3.8694 -0.0715 1.6235 0.4078 -1.4880 0.0859
Car 0.0000 0 2.1269 415.5386 179.2504 457.4178 199.0570 1.5888 1.6010 3.9882 -14.7432 2.1526 61.4075 1.8919 0.0852
Car 0.0000 0 1.9841 414.5074 180.1877 450.5640 199.3733 1.5386 1.5719 3.8367 -15.0891 2.1840 61.4343 1.7439 0.0844
Car 0.0000 0 -1.4717 293.0433 0.0000 996.6647 375.0000 1.5970 1.6428 3.9531 -0.0096 1.6226 0.2841 -1.5149 0.0775
Car 0.0000 0 -2.2887 877.3397 181.3025 963.7354 218.2840 1.4140 1.5897 3.2068 12.8666 1.7883 30.1664 -1.8896 0.0757
Car 0.0000 0 -1.6938 920.1777 171.5390 988.8197 219.1819 1.4757 1.6185 3.6446 11.4776 1.4353 24.3284 -1.2581 0.0750
Car 0.0000 0 -0.6914 397.8039 0.0000 1242.0000 375.0000 1.6222 1.5790 3.8618 -0.5755 1.7059 0.5498 -1.3048 0.0714
Car 0.0000 0 -2.7377 0.0000 0.0000 449.5146 375.0000 1.6398 1.6080 4.1082 0.3377 1.7250 0.6322 -2.4027 0.0689
Car 0.0000 0 -1.4734 930.5970 170.4768 996.1759 219.4789 1.5024 1.6389 3.6548 11.8145 1.4299 24.1069 -1.0229 0.0681
Car 0.0000 0 -1.2384 423.2130 0.0000 1242.0000 375.0000 1.6211 1.6010 3.9104 -0.1248 1.6958 0.6406 -1.3886 0.0667
Car 0.0000 0 1.2817 855.8633 182.5249 980.7684 256.1711 1.3867 1.5391 3.4979 6.5773 1.6242 15.8749 1.6672 0.0664
Car 0.0000 0 -0.3906 238.4488 0.0000 1242.0000 375.0000 1.5357 1.6364 4.1709 -1.5004 1.6637 0.9351 -1.2818 0.0627
Car 0.0000 0 -0.6806 436.3482 0.0000 1242.0000 375.0000 1.5969 1.6309 3.8122 -0.5926 1.7449 0.7021 -1.2308 0.0615
Car 0.0000 0 -3.3665 0.0000 0.0000 568.2133 375.0000 1.5504 1.6371 4.2923 1.0059 1.6248 0.5333 -2.4892 0.0605
Car 0.0000 0 -1.7202 917.5682 171.1742 988.8794 219.1526 1.4900 1.6179 3.6339 11.4544 1.4382 24.3764 -1.2860 0.0601
Car 0.0000 0 -2.6808 0.0000 0.0000 826.7423 375.0000 1.5562 1.6109 4.0658 0.7509 1.6198 0.5232 -1.9454 0.0591
Car 0.0000 0 -1.6263 929.3860 171.2160 989.9185 218.2082 1.4431 1.5917 3.5090 11.5443 1.3931 24.0798 -1.1845 0.0590
Car 0.0000 0 -0.6473 195.2962 0.0000 1242.0000 375.0000 1.5738 1.5868 3.9723 -1.1088 1.6752 0.7675 -1.4633 0.0585
Pedestrian 0.0000 0 0.3543 292.9931 186.1102 305.3689 206.4131 1.7741 0.5841 0.8552 -27.4900 2.9519 63.7706 -0.0516 0.0584
Car 0.0000 0 2.0052 418.6959 179.0229 455.3492 198.6867 1.5778 1.5890 3.7503 -14.6383 2.1180 61.1420 1.7709 0.0578
Car 0.0000 0 -1.3437 303.8435 0.0000 1242.0000 375.0000 1.5653 1.5916 3.6970 -0.0745 1.6927 0.7030 -1.4346 0.0574
Car 0.0000 0 -1.7343 916.1861 171.2944 989.4966 219.9867 1.5113 1.6242 3.6838 11.4415 1.4633 24.3843 -1.3007 0.0560
Car 0.0000 0 -0.1949 0.0000 178.8849 2.8898 215.9878 1.6868 1.7237 4.4447 -33.2947 2.0061 35.8519 -0.9398 0.0558
Car 0.0000 0 -0.9035 295.7460 0.0000 1209.9489 375.0000 1.5810 1.5679 3.9894 -0.4525 1.6123 0.3839 -1.5104 0.0538
Car 0.0000 0 2.1150 419.6777 179.3527 460.5775 199.5980 1.6259 1.5996 3.8993 -14.4318 2.1982 61.3954 1.8847 0.0531
Car 0.0000 0 -1.3910 929.7343 169.6943 1004.2769 218.5210 1.4922 1.6156 3.6336 11.8768 1.3960 23.9898 -0.9366 0.0518
Car 0.0000 0 -0.9809 269.5239 0.0000 1242.0000 375.0000 1.5966 1.5299 4.0459 -0.5695 1.6483 0.6101 -1.5572 0.0514
Car 0.0000 0 -1.7765 912.2468 171.6485 989.9115 220.0155 1.5088 1.6301 3.6817 11.4229 1.4715 24.4818 -1.3450 0.0503
Pedestrian 0.0000 0 -1.5560 789.1730 178.2503 816.3055 246.1689 1.6065 0.6249 0.5120 4.6120 1.7398 17.4461 -1.3026 0.0492
Car 0.0000 0 2.0656 420.9929 179.2154 460.1662 199.1283 1.5991 1.6113 3.8384 -14.3771 2.1583 61.3214 1.8359 0.0475
Car 0.0000 0 -0.6355 253.0738 0.0000 1242.0000 375.0000 1.6173 1.5470 4.1478 -0.9765 1.6531 0.6750 -1.4348 0.0472
Car 0.0000 0 -1.8275 902.9192 171.7414 983.9139 218.5719 1.4638 1.6120 3.5385 11.1396 1.4294 24.4295 -1.4046 0.0470
Car 0.0000 0 -1.5195 930.6904 171.0045 990.5042 219.5974 1.4938 1.6362 3.6715 11.7567 1.4373 24.1815 -1.0721 0.0468
Pedestrian 0.0000 0 -1.5173 788.4118 177.0191 817.0474 246.2956 1.6364 0.6446 0.5449 4.6134 1.7395 17.4410 -1.2638 0.0468
Car 0.0000 0 -2.9077 0.0000 0.0000 774.5981 375.0000 1.6014 1.6259 4.0762 0.7196 1.6405 0.3129 -2.0451 0.0450
Car 0.0000 0 -2.6716 0.0000 0.0000 732.3954 375.0000 1.6102 1.5442 4.0815 0.7600 1.6237 0.8107 -2.0768 0.0444
Car 0.0000 0 2.1727 386.5992 179.5644 433.9086 199.1933 1.4869 1.6099 4.1742 -16.1414 2.0514 58.4196 1.9039 0.0411
Car 0.0000 0 1.4379 409.3321 179.6273 434.5707 198.2901 1.4851 1.5738 3.7861 -15.9341 2.0769 60.9516 1.1830 0.0398
Car 0.0000 0 -1.9594 892.4669 171.1511 986.8216 218.7230 1.4992 1.6337 3.6464 11.0662 1.4458 24.5818 -1.5413 0.0393
Car 0.0000 0 2.1097 419.4507 178.8124 460.7274 198.9209 1.6186 1.6013 3.9937 -14.4566 2.1446 61.4948 1.8794 0.0372
Car 0.0000 0 1.3412 902.4829 179.8945 961.1732 218.4072 1.4771 1.5056 3.2700 13.2934 1.7877 30.0530 1.7535 0.0358
Car 0.0000 0 1.2478 397.6706 181.1151 432.8282 199.8542 1.4722 1.6379 4.1049 -16.4515 2.1929 60.7513 0.9841 0.0352
Car 0.0000 0 -1.8799 893.4284 173.0804 980.4798 219.0743 1.4545 1.6076 3.8185 11.0829 1.4633 24.8183 -1.4648 0.0337
Car 0.0000 0 -3.5364 0.0000 0.0000 449.9659 375.0000 1.5873 1.6244 4.1233 0.7435 1.6309 0.1868 -2.5454 0.0334
Car 0.0000 0 1.4660 877.0363 181.4413 978.0351 257.0948 1.4112 1.6020 3.6185 6.7957 1.6238 15.8654 1.8633 0.0329
Car 0.0000 0 2.1149 419.7281 178.7559 461.1501 199.0324 1.6316 1.6095 3.9721 -14.4142 2.1520 61.4399 1.8851 0.0326
Pedestrian 0.0000 0 2.4043 0.0000 0.0000 1242.0000 375.0000 1.9468 0.6358 0.9199 -1.3564 1.6623 0.4196 1.3108 0.0324
Car 0.0000 0 -1.8459 899.7914 171.8222 983.9289 219.1250 1.4795 1.6339 3.6391 11.1056 1.4476 24.4841 -1.4250 0.0320
Car 0.0000 0 0.1802 0.0000 0.0000 1242.0000 375.0000 1.4918 1.5914 3.8398 -8.2790 1.8201 -0.1444 -1.3731 0.0316
Car 0.0000 0 -0.0619 160.5573 0.0000 1242.0000 375.0000 1.5828 1.5964 4.1256 -1.5127 1.6445 0.3154 -1.2556 0.0309
Car 0.0000 0 -0.5199 252.8545 0.0000 1242.0000 375.0000 1.5892 1.5703 4.1692 -0.8968 1.6228 0.4372 -1.4178 0.0302
Car 0.0000 0 -1.5876 932.6053 171.1213 991.7162 220.3831 1.5134 1.6575 3.8140 11.7185 1.4605 24.2428 -1.1426 0.0297
Car 0.0000 0 -1.3842 131.8173 176.7194 170.6776 206.4903 2.0074 1.6116 4.0129 -32.6350 2.2946 51.3731 -1.9480 0.0282
Car 0.0000 0 -0.0040 0.0000 179.6067 5.6628 216.3113 1.6683 1.7875 4.5318 -33.0274 2.0241 35.7929 -0.7456 0.0281
Cyclist 0.0000 0 -0.2962 770.2304 174.8438 841.1290 244.4223 1.6492 0.5960 1.5470 4.6701 1.6986 17.4472 -0.0397 0.0280
Car 0.0000 0 -0.0245 926.2529 167.5956 1071.0438 219.6907 1.5424 1.6729 3.9293 12.2116 1.3871 22.9794 0.4582 0.0269
Car 0.0000 0 -1.6765 901.7224 180.6667 952.5928 217.4077 1.4126 1.6013 3.2040 13.1975 1.7597 30.2576 -1.2693 0.0253
Car 0.0000 0 1.3119 127.0132 193.4976 185.4204 224.1745 1.4834 1.6862 4.2984 -25.0877 2.6815 39.7766 0.7520 0.0250
Car 0.0000 0 2.3243 386.0945 179.0452 435.8966 198.9269 1.5271 1.6148 4.0067 -16.2225 2.0513 58.9039 2.0564 0.0247
Car 0.0000 0 2.3096 381.1221 178.9915 432.1884 198.6549 1.4971 1.6448 4.1129 -16.4643 2.0140 58.5171 2.0362 0.0238
Car 0.0000 0 -1.3769 133.9929 176.9420 173.4885 207.4333 2.0545 1.6078 4.1209 -32.4839 2.3587 51.4187 -1.9382 0.0233
Car 0.0000 0 -1.3782 130.7368 176.4360 170.6661 207.4434 2.0902 1.6294 4.1356 -32.6703 2.3567 51.3727 -1.9424 0.0229
Car 0.0000 0 -1.3675 134.4078 176.2070 174.7010 205.4759 1.9764 1.6569 3.9386 -32.3793 2.2253 51.3432 -1.9280 0.0228
Car 0.0000 0 1.5243 137.9489 193.7304 177.8982 224.6232 1.4932 1.6910 4.3435 -25.2627 2.7224 40.2038 0.9660 0.0224
Car 0.0000 0 -2.4012 98.0943 195.0766 189.8333 224.1847 1.4589 1.6758 4.1367 -25.2808 2.7006 39.1293 -2.9719 0.0224
Car 0.0000 0 1.3707 135.1091 194.7198 188.7520 225.1297 1.4620 1.6881 4.4144 -24.9254 2.7414 40.0165 0.8163 0.0223
Car 0.0000 0 1.7827 145.4454 191.5670 196.4141 221.7628 1.4852 1.6459 3.8220 -24.3858 2.5803 40.1335 1.2394 0.0223
Car 0.0000 0 -1.3690 129.5207 176.4285 169.9508 205.2996 1.9434 1.6392 4.0415 -32.6843 2.2086 51.2861 -1.9343 0.0217
Car 0.0000 0 1.2187 399.6777 179.9911 434.5765 198.5204 1.4664 1.5857 3.9099 -16.2863 2.0878 60.7360 0.9575 0.0214
Car 0.0000 0 1.4640 132.1826 193.8542 177.5913 224.8854 1.4975 1.6903 4.2333 -25.2776 2.7245 39.9594 0.9028 0.0205
Car 0.0000 0 -1.3740 134.6070 177.2326 173.6279 206.3111 1.9594 1.5960 3.9807 -32.4525 2.2848 51.4074 -1.9350 0.0203
Car 0.0000 0 -1.4159 132.6652 177.2753 171.0365 210.4689 2.2354 1.6641 4.2787 -32.6653 2.5653 51.4930 -1.9791 0.0200
Car 0.0000 0 -1.3245 133.8899 177.4018 177.1739 209.7458 2.1819 1.6351 4.1990 -32.4337 2.5214 51.5528 -1.8839 0.0197
Car 0.0000 0 0.1489 0.0000 177.7026 3.2165 213.3175 1.6368 1.7353 4.3128 -32.9045 1.8894 35.6067 -0.5935 0.0194
Car 0.0000 0 -0.4281 917.6848 169.6565 1070.1349 217.8986 1.4996 1.6677 4.0301 12.2869 1.4006 23.3610 0.0505 0.0190
Car 0.0000 0 -0.6378 907.9436 170.3845 1051.8595 218.3755 1.5084 1.6507 4.0545 12.1303 1.4312 23.8376 -0.1725 0.0189
Car 0.0000 0 -1.5265 135.7749 177.0406 167.8299 211.0867 2.2926 1.7245 4.6104 -32.7512 2.6066 51.6119 -2.0898 0.0185
Car 0.0000 0 2.1339 424.4932 177.8949 466.8065 198.3617 1.6448 1.6143 3.9968 -13.9148 2.0877 61.1957 1.9110 0.0181
Car 0.0000 0 2.0760 424.3770 177.9788 465.3085 198.5673 1.6620 1.6113 4.1163 -14.0594 2.1151 61.5398 1.8520 0.0181
Car 0.0000 0 -2.3778 100.2038 194.7254 189.8534 224.0410 1.4672 1.6836 4.0548 -25.2342 2.6910 39.1415 -2.9475 0.0180
Car 0.0000 0 2.0971 124.5198 192.4884 198.1650 223.8573 1.5188 1.7508 3.7345 -24.3087 2.6371 39.1881 1.5447 0.0180
Car 0.0000 0 -2.2106 107.1069 194.7705 190.2082 224.1389 1.4534 1.6718 4.1839 -25.2970 2.7003 39.5090 -2.7773 0.0177
Car 0.0000 0 -1.9177 890.9680 171.9064 978.8875 219.1034 1.4836 1.6131 3.4435 10.8589 1.4542 24.4501 -1.5047 0.0177
Pedestrian 0.0000 0 2.7657 294.1857 185.7866 304.9029 206.3701 1.7940 0.6286 0.6901 -27.5313 2.9487 63.9355 2.3603 0.0171
Car 0.0000 0 -2.9223 779.7087 182.7603 967.3177 253.7096 1.4157 1.5007 3.8015 5.9279 1.6652 16.4965 -2.5838 0.0170
Car 0.0000 0 1.5893 492.0131 178.2022 517.9382 204.9988 1.5073 1.4716 3.7450 -6.3032 1.8432 43.3129 1.4453 0.0170
Car 0.0000 0 1.4290 319.1784 182.1299 359.2294 210.3710 1.5628 1.6733 4.3620 -16.4993 2.1555 43.7598 1.0701 0.0169
Car 0.0000 0 -1.6985 924.2777 171.3067 996.9216 220.1651 1.5070 1.6668 4.0792 11.7262 1.4596 24.4500 -1.2564 0.0169
Car 0.0000 0 -0.7112 909.1594 170.7443 1058.8262 219.5930 1.5191 1.6921 4.3383 12.2481 1.4539 23.7756 -0.2410 0.0168
Car 0.0000 0 -1.2841 136.2282 176.6693 181.4272 206.7992 2.0371 1.6285 4.1345 -32.1951 2.3218 51.5506 -1.8403 0.0167
Car 0.0000 0 -0.4491 0.0000 0.0000 1242.0000 375.0000 1.5622 1.5609 3.9259 40.0060 0.8032 -0.0775 1.1163 0.0166
Car 0.0000 0 1.3993 319.9850 181.6396 361.7246 209.5215 1.5583 1.6565 4.4464 -16.5403 2.1246 44.1347 1.0424 0.0165
Car 0.0000 0 -0.2165 914.2597 168.8978 1063.8005 218.0994 1.5084 1.6522 4.0281 12.1267 1.3875 23.4269 0.2556 0.0163
Car 0.0000 0 0.1301 0.0000 176.6840 3.6611 212.9089 1.6740 1.7382 4.3104 -32.9440 1.8742 35.7015 -0.6115 0.0159
Car 0.0000 0 -0.7654 910.1252 170.3082 1052.0367 219.5191 1.5255 1.6911 4.1619 12.1684 1.4470 23.7837 -0.2979 0.0159
Car 0.0000 0 1.3216 350.2801 179.5772 390.6568 203.4720 1.5323 1.6571 4.1912 -16.5741 2.0166 49.7233 1.0011 0.0158
Car 0.0000 0 1.2917 344.9777 180.5464 387.7586 204.4204 1.5285 1.6840 4.2912 -16.9114 2.0846 49.8819 0.9661 0.0155
Car 0.0000 0 -3.2409 792.1035 180.1537 985.6315 250.2245 1.4611 1.5295 3.9791 6.1797 1.6413 16.5362 -2.8899 0.0151
Car 0.0000 0 1.5468 315.2177 182.5596 347.2688 211.6070 1.5646 1.6659 4.2464 -16.5552 2.1696 42.6671 1.1784 0.0151
Car 0.0000 0 1.5585 129.3625 192.7636 168.9816 223.8232 1.4778 1.7413 4.0993 -25.1692 2.6239 39.3291 0.9921 0.0144
Car 0.0000 0 -0.0175 0.0000 177.3356 0.6548 214.2581 1.7005 1.6733 4.2600 -33.1262 1.9362 35.8062 -0.7604 0.0143
Car 0.0000 0 1.7735 404.3300 180.1231 435.3840 200.2461 1.5099 1.6023 4.1386 -15.2040 2.1136 57.7710 1.5170 0.0138
Car 0.0000 0 -1.4498 942.7366 171.1499 1015.1545 221.5236 1.5250 1.7060 3.8303 12.2368 1.4738 23.9071 -0.9821 0.0137
Car 0.0000 0 1.4696 142.1900 194.4315 187.2211 224.5161 1.4428 1.6952 4.4773 -24.8750 2.7134 40.1826 0.9180 0.0137
Car 0.0000 0 -0.8754 880.8521 171.0874 1009.0957 219.3342 1.5354 1.6901 4.1926 11.4023 1.4795 24.6269 -0.4468 0.0137
Cyclist 0.0000 0 -0.2563 774.9510 169.7364 850.2564 245.3840 1.7878 0.6562 1.6318 4.8156 1.7145 17.3848 0.0087 0.0136
Car 0.0000 0 1.6154 730.4087 171.8432 758.1246 198.7749 1.7359 1.6738 3.7609 9.0315 1.6711 48.5246 1.7980 0.0136
Car 0.0000 0 1.9875 332.2280 181.8142 373.5790 201.5751 1.4822 1.6290 4.0628 -20.6705 2.2300 58.0983 1.6468 0.0134
Car 0.0000 0 -1.4343 305.6641 176.4419 336.1609 205.8436 2.3490 1.7780 4.5074 -24.2656 2.6628 60.6317 -1.8137 0.0132
Car 0.0000 0 2.1364 423.8223 177.7164 466.7372 198.6172 1.6831 1.6145 4.0905 -13.9729 2.1115 61.3215 1.9130 0.0130
Car 0.0000 0 -0.4389 859.4782 182.6820 1064.5342 249.4500 1.3739 1.5970 3.7343 7.5858 1.6016 15.8813 -0.0012 0.0129
Car 0.0000 0 1.5568 730.3976 176.1372 756.3894 201.1273 1.5715 1.6307 3.8169 8.7923 1.7991 47.9174 1.7367 0.0129
Car 0.0000 0 1.6171 125.5711 192.7679 166.8084 223.7258 1.4819 1.7035 4.1287 -25.4281 2.6363 39.5981 1.0491 0.0128
Car 0.0000 0 -1.3457 138.4214 176.8107 179.3312 206.0626 1.9813 1.6508 3.8618 -32.1886 2.2757 51.5300 -1.9020 0.0128
Car 0.0000 0 1.5215 146.8544 194.9469 186.3732 224.7967 1.4368 1.6755 4.3763 -24.8886 2.7436 40.3827 0.9719 0.0127
Pedestrian 0.0000 0 3.1042 293.5706 185.4628 304.5446 206.1270 1.7978 0.5904 0.8698 -27.5072 2.9206 63.7774 2.6982 0.0127
Car 0.0000 0 1.2772 351.5116 179.7964 393.9637 203.2668 1.5139 1.6634 4.1523 -16.5094 2.0164 50.0055 0.9596 0.0125
Car 0.0000 0 -1.4219 304.7819 176.0683 336.2505 206.6866 2.4497 1.7822 4.6584 -24.3292 2.7315 60.7152 -1.8018 0.0124
Car 0.0000 0 1.7881 274.1605 185.2591 320.5843 213.9502 1.5179 1.6422 4.0847 -18.2493 2.2809 42.1981 1.3819 0.0121
Car 0.0000 0 -2.3542 1178.2992 167.0013 1242.0000 222.5186 1.5003 1.5926 3.7742 19.1873 1.3425 21.4271 -1.6310 0.0121
Car 0.0000 0 1.9636 328.8800 181.7311 369.4113 201.5953 1.4691 1.6091 4.0071 -20.6578 2.1986 57.2216 1.6183 0.0121
Car 0.0000 0 -1.2876 132.6983 176.1506 180.7048 210.4114 2.3196 1.7289 4.4513 -32.4203 2.5670 51.6831 -1.8458 0.0120
Car 0.0000 0 1.7073 461.3888 178.3264 486.5956 195.8131 1.4406 1.6207 4.0412 -11.8207 1.9327 62.7841 1.5216 0.0118
Car 0.0000 0 2.0597 435.7141 178.4417 479.7150 198.7532 1.5330 1.6712 4.2197 -12.2026 1.9997 57.9572 1.8528 0.0118
Car 0.0000 0 1.4493 346.6922 180.7069 379.7126 204.5066 1.5124 1.6479 4.2140 -17.0287 2.0771 49.5930 1.1199 0.0117
Car 0.0000 0 2.0165 423.2935 177.2943 459.9642 197.3124 1.6164 1.5721 3.7275 -14.2465 2.0053 61.1323 1.7881 0.0117
Car 0.0000 0 1.8056 537.9222 176.7249 571.9111 197.6808 1.5012 1.6267 4.2574 -4.1592 1.8073 54.7418 1.7297 0.0116
Car 0.0000 0 1.8496 297.5726 184.3900 346.1892 212.2923 1.5046 1.6247 4.0102 -17.0138 2.2208 42.6956 1.4722 0.0116
Car 0.0000 0 1.7349 437.5567 179.4526 467.5821 199.5954 1.4701 1.6319 4.1066 -12.2275 2.0029 56.1205 1.5210 0.0115
Car 0.0000 0 1.7896 458.4952 178.5819 487.5799 196.0875 1.4306 1.6169 4.1144 -11.8277 1.9430 62.4085 1.6027 0.0115
Car 0.0000 0 1.5077 361.3626 178.4874 390.5239 202.2147 1.5379 1.6714 3.9765 -16.2628 1.9451 49.9447 1.1941 0.0114
Car 0.0000 0 1.9598 0.0000 0.0000 1242.0000 375.0000 1.4934 1.6662 4.4469 -35.9040 1.8772 1.2900 0.4328 0.0114
Car 0.0000 0 1.7412 555.4989 177.5063 580.5042 194.3016 1.4339 1.5978 3.9442 -3.7589 1.8652 64.7844 1.6831 0.0114
Car 0.0000 0 1.6334 817.9127 178.0426 863.0351 213.7085 1.3910 1.6112 3.8986 9.8650 1.6285 30.8601 1.9395 0.0114
Car 0.0000 0 1.7742 437.6719 179.3448 469.6025 199.3686 1.4743 1.6451 4.1241 -12.2312 2.0018 56.5327 1.5617 0.0114
Car 0.0000 0 1.8488 306.2211 182.5987 353.0978 209.2965 1.4927 1.6253 3.9690 -17.0186 2.1135 43.8858 1.4806 0.0113
Car 0.0000 0 1.9018 383.6301 179.6049 421.0235 199.2560 1.4800 1.6348 4.1050 -16.6288 2.0414 57.8679 1.6229 0.0113
Car 0.0000 0 1.2504 1131.9869 170.7413 1238.2885 219.6966 1.5009 1.6140 3.8753 19.1044 1.4365 24.2149 1.9121 0.0113
Car 0.0000 0 1.4312 591.0915 176.7606 616.7483 194.4127 1.4025 1.6003 3.9788 -0.5643 1.7409 60.3357 1.4215 0.0112
Car 0.0000 0 1.5137 795.7371 177.9763 839.4435 214.4761 1.4732 1.6035 3.9489 9.0486 1.7143 31.8098 1.7878 0.0112
Car 0.0000 0 1.4026 797.5814 178.1674 853.4348 215.5061 1.4505 1.6119 3.9324 9.0366 1.6917 30.6554 1.6862 0.0112
Car 0.0000 0 1.5392 803.6811 177.3146 844.5978 213.4608 1.4800 1.5998 3.9586 9.4506 1.6924 32.1786 1.8218 0.0112
Car 0.0000 0 1.6413 596.6160 177.4076 619.6422 195.6928 1.3922 1.5807 3.9170 -0.1444 1.7709 57.9405 1.6384 0.0112
Car 0.0000 0 1.0798 792.4572 176.8723 878.1118 216.0806 1.4590 1.6206 3.9827 9.0293 1.6349 29.3915 1.3745 0.0112
Car 0.0000 0 1.6247 597.1198 177.4894 619.0515 195.4271 1.3853 1.5808 3.9107 -0.1508 1.7758 58.7425 1.6217 0.0112
Car 0.0000 0 1.1931 793.8315 177.4493 868.9219 215.3379 1.4345 1.6090 3.9253 9.0143 1.6378 29.8330 1.4832 0.0112
Car 0.0000 0 1.7078 799.6899 177.1838 849.9688 214.0261 1.4857 1.6066 3.9461 9.4566 1.6892 31.7229 1.9945 0.0112
Car 0.0000 0 1.4697 798.1818 178.1200 847.2406 215.4259 1.4679 1.6104 3.9322 9.0437 1.7101 31.0527 1.7500 0.0112
Car 0.0000 0 1.2603 787.4915 178.8981 857.8415 218.2502 1.4825 1.6167 4.0046 8.6547 1.7497 29.8291 1.5394 0.0112
Car 0.0000 0 1.6663 595.8449 177.0255 620.4655 195.6040 1.3968 1.5867 3.9385 -0.1390 1.7396 57.1939 1.6635 0.0112
Car 0.0000 0 1.2295 788.8932 178.8191 863.2058 219.0120 1.4894 1.6173 4.0338 8.6630 1.7499 29.4069 1.5127 0.0112
Car 0.0000 0 1.5299 859.2260 175.2625 900.3723 211.2077 1.5787 1.6342 4.0724 12.6761 1.7004 34.1687 1.8819 0.0112
Car 0.0000 0 1.5245 798.2257 177.5077 841.8003 214.7341 1.4859 1.6157 3.9431 9.0442 1.7026 31.4282 1.8016 0.0112
Car 0.0000 0 1.8362 381.7441 181.4451 413.5680 199.3485 1.4107 1.5863 3.9600 -17.8615 2.1584 60.7622 1.5512 0.0112
Car 0.0000 0 1.9740 300.6140 182.7855 353.8373 208.9177 1.4901 1.6215 4.0127 -17.4849 2.1339 44.7156 1.6030 0.0112
Car 0.0000 0 1.3435 784.0795 179.3444 844.4960 217.6028 1.5012 1.6134 4.0028 8.6608 1.7990 31.0322 1.6126 0.0112
Car 0.0000 0 1.7712 380.3520 180.9632 409.9206 199.2414 1.4206 1.5903 3.9928 -17.8375 2.1180 59.9614 1.4830 0.0112
Car 0.0000 0 1.9276 291.5090 183.7567 344.2652 210.8630 1.4823 1.6207 3.9984 -17.4084 2.1644 43.0966 1.5455 0.0112
Car 0.0000 0 1.9177 288.2630 185.0639 341.2626 213.0439 1.5065 1.6301 4.0015 -17.4112 2.2629 42.6486 1.5319 0.0112
Car 0.0000 0 1.6468 388.1181 180.8846 412.5829 199.8995 1.4447 1.6115 4.0028 -17.0546 2.1224 58.7344 1.3651 0.0112
Car 0.0000 0 1.8401 463.9509 179.1295 492.3338 195.2999 1.4163 1.5875 3.9694 -12.1949 2.0157 66.8301 1.6599 0.0112
Car 0.0000 0 1.8865 286.0028 185.1966 337.6538 213.4427 1.5032 1.6274 3.9996 -17.4199 2.2615 42.2466 1.4973 0.0112
Car 0.0000 0 1.6568 596.1689 177.1818 620.1158 195.6885 1.4005 1.5820 3.9392 -0.1414 1.7583 57.5756 1.6539 0.0112
Car 0.0000 0 1.0879 798.0336 175.8464 886.8745 216.1760 1.4631 1.6267 4.0702 9.0710 1.5911 28.6398 1.3911 0.0112
Car 0.0000 0 1.3118 785.0164 179.1614 849.0464 217.7552 1.4957 1.6160 3.9979 8.6582 1.7814 30.6266 1.5842 0.0112
Car 0.0000 0 1.5777 388.5627 180.7529 410.0067 200.0186 1.4553 1.6113 3.9724 -17.0554 2.1181 58.3781 1.2944 0.0112
Car 0.0000 0 1.2851 786.0867 179.3711 853.2280 218.3903 1.4909 1.6160 3.9924 8.6538 1.7825 30.2399 1.5606 0.0112
Car 0.0000 0 1.6014 597.8573 177.4541 618.4890 195.2935 1.3882 1.5758 3.9273 -0.1457 1.7783 59.1522 1.5985 0.0112
Car 0.0000 0 1.0512 794.0886 175.7984 883.8254 215.4335 1.4584 1.6335 4.0218 9.0522 1.5859 29.0066 1.3502 0.0112
Car 0.0000 0 1.7468 334.4063 181.2684 370.9813 205.2722 1.4749 1.6109 3.9777 -17.0578 2.0582 47.8937 1.4061 0.0112
Car 0.0000 0 1.2269 791.3229 178.0994 867.0596 218.6303 1.4833 1.6147 4.0481 8.6662 1.7096 29.0048 1.5138 0.0112
Car 0.0000 0 1.3651 782.6029 178.8238 840.4348 216.9594 1.5195 1.6167 4.0058 8.6576 1.7969 31.4351 1.6308 0.0112
Car 0.0000 0 1.8094 466.2348 179.7409 493.0018 195.7410 1.4163 1.5816 3.9425 -12.2015 2.0813 67.6154 1.6313 0.0112
Car 0.0000 0 1.9570 298.1531 182.8378 350.9623 209.3544 1.4989 1.6245 3.9958 -17.4869 2.1400 44.3014 1.5827 0.0112
Car 0.0000 0 1.5804 415.5897 181.3258 434.1921 198.0046 1.4356 1.6109 4.0553 -17.0471 2.2417 66.4592 1.3300 0.0112
Car 0.0000 0 1.9384 8.2651 184.2133 122.1856 235.9880 1.4859 1.6389 4.0246 -17.8543 1.8952 23.8103 1.3002 0.0112
Car 0.0000 0 1.6324 413.2946 180.8031 434.1716 197.5558 1.4379 1.6057 4.0319 -17.0482 2.1897 66.0805 1.3805 0.0112
Car 0.0000 0 1.8831 383.7640 181.5803 416.8585 198.9966 1.3904 1.5781 3.9360 -17.8758 2.1596 61.5846 1.6014 0.0112
Car 0.0000 0 1.9155 284.3080 183.4028 336.5713 210.4906 1.4814 1.6134 4.0203 -17.8527 2.1418 43.0960 1.5246 0.0112
Car 0.0000 0 1.7965 328.4162 181.4019 367.1032 204.4136 1.4500 1.6106 4.0259 -17.8257 2.0571 49.1159 1.4498 0.0112
Car 0.0000 0 1.7846 326.3725 181.5148 364.7414 204.8144 1.4541 1.6055 4.0487 -17.8287 2.0646 48.7145 1.4352 0.0112
Car 0.0000 0 1.2870 756.9252 177.6804 822.7017 216.7633 1.5175 1.6115 4.0436 7.4894 1.7362 30.5777 1.5244 0.0112
Car 0.0000 0 1.9697 297.2545 182.8206 349.4583 208.4738 1.4761 1.6033 3.9893 -17.8752 2.1271 45.0913 1.5940 0.0112
Car 0.0000 0 1.2910 759.0543 177.8135 825.3039 217.2257 1.5085 1.6081 4.0367 7.4878 1.7304 30.1783 1.5313 0.0112
Car 0.0000 0 1.8169 285.0884 185.8077 333.2324 214.6860 1.5147 1.6356 4.0438 -17.4191 2.3047 41.8628 1.4245 0.0112
Car 0.0000 0 1.5022 597.6995 177.0152 620.0585 194.5802 1.3868 1.5829 3.9616 -0.1461 1.7447 59.9591 1.4993 0.0112
Car 0.0000 0 1.3233 762.1680 178.0259 826.5576 217.9767 1.5092 1.6095 4.0392 7.4838 1.7377 29.8016 1.5665 0.0112
Car 0.0000 0 1.8930 2.7436 184.6630 113.0480 237.1341 1.4791 1.6404 4.0032 -17.8382 1.8988 23.4658 1.2483 0.0112
Car 0.0000 0 1.9450 289.4751 183.1333 341.9552 209.3109 1.4639 1.6080 3.9813 -17.8730 2.1184 43.9162 1.5603 0.0112
Car 0.0000 0 1.7153 338.6895 181.8495 372.7543 205.2127 1.4793 1.6305 4.0742 -17.4230 2.1236 49.4970 1.3782 0.0112
Car 0.0000 0 1.7375 379.5276 180.4529 407.9893 199.0932 1.4407 1.6043 4.0174 -17.8330 2.0903 59.5605 1.4475 0.0112
Car 0.0000 0 1.8815 385.3495 181.6781 418.1721 199.0394 1.3949 1.5783 3.9429 -17.8700 2.1779 61.9929 1.6016 0.0112
Car 0.0000 0 1.9529 291.9686 182.8946 344.4076 208.8784 1.4683 1.6129 3.9761 -17.8762 2.1128 44.2958 1.5711 0.0112
Car 0.0000 0 1.5632 868.1312 177.2608 907.3950 212.8633 1.5526 1.6395 4.0257 13.0806 1.7750 34.1733 1.9253 0.0112
Car 0.0000 0 2.0781 135.3050 183.6719 229.5264 222.9656 1.4767 1.6411 4.0161 -17.8394 1.9611 30.2541 1.5489 0.0112
Car 0.0000 0 1.7339 335.6096 182.0170 371.0573 205.4426 1.4705 1.6298 4.0710 -17.4498 2.1219 49.1161 1.3940 0.0112
Car 0.0000 0 0.8334 1235.3292 175.7064 1242.0000 209.6762 1.4066 1.5917 3.9658 30.3682 1.5421 32.2024 1.5846 0.0112
Car 0.0000 0 1.4583 616.3425 177.3473 643.6813 198.0282 1.4730 1.6089 4.0197 1.4445 1.8248 54.3616 1.4843 0.0112
Car 0.0000 0 1.6043 386.0019 181.6852 408.1830 200.3840 1.4239 1.6075 4.0534 -17.4445 2.1747 59.1486 1.3184 0.0112
Car 0.0000 0 1.6877 556.0136 177.6026 579.0586 194.6401 1.4363 1.5928 3.9418 -3.7546 1.8709 63.9623 1.6289 0.0112
Car 0.0000 0 1.8049 381.0058 180.8378 411.8958 199.0292 1.4258 1.5956 3.9842 -17.8463 2.1166 60.3653 1.5184 0.0112
Car 0.0000 0 0.8413 1218.1951 174.8133 1242.0000 208.7497 1.4100 1.5937 3.9721 29.5643 1.5032 32.1992 1.5792 0.0112
Car 0.0000 0 1.6328 596.8763 177.4360 619.2847 195.5557 1.3897 1.5765 3.9069 -0.1499 1.7732 58.3421 1.6298 0.0112
Car 0.0000 0 1.8037 323.2849 181.3442 363.1127 204.6128 1.4410 1.6084 4.0384 -17.8382 2.0346 48.3135 1.4514 0.0112
Car 0.0000 0 1.9337 296.6052 183.0739 348.5493 209.7609 1.4937 1.6240 3.9822 -17.4565 2.1445 43.9176 1.5571 0.0112
Car 0.0000 0 1.7242 378.3304 180.5073 406.3901 199.3132 1.4423 1.6020 4.0424 -17.8303 2.0927 59.1673 1.4325 0.0112
Car 0.0000 0 1.8578 279.9716 185.0638 330.6036 213.4302 1.5075 1.6388 4.0788 -17.8168 2.2592 42.2815 1.4609 0.0112
Car 0.0000 0 1.7061 555.9489 177.5627 579.5718 194.4735 1.4351 1.5906 3.9326 -3.7583 1.8688 64.3768 1.6476 0.0112
Car 0.0000 0 1.8761 282.1013 184.6801 333.2559 212.9961 1.5233 1.6373 4.0633 -17.8350 2.2572 42.6600 1.4820 0.0112
Car 0.0000 0 2.1117 140.3368 183.5063 235.1316 222.4476 1.4853 1.6414 3.9878 -17.8347 1.9674 30.6239 1.5878 0.0112
Car 0.0000 0 1.5867 416.3376 181.1533 435.0810 197.6922 1.4321 1.6166 4.0699 -17.0569 2.2259 66.8145 1.3374 0.0112
Car 0.0000 0 2.2360 163.0039 183.6257 258.9294 222.9319 1.5551 1.6087 3.9183 -17.4758 2.0602 31.7405 1.7360 0.0112
Car 0.0000 0 1.5451 598.6375 177.1606 619.2173 195.0448 1.4030 1.5905 3.9496 -0.1398 1.7708 59.5599 1.5423 0.0112
Car 0.0000 0 1.9660 294.5763 183.1631 347.0147 208.9021 1.4657 1.6013 3.9790 -17.8754 2.1333 44.6925 1.5873 0.0112
Car 0.0000 0 1.8645 382.4645 181.2021 415.3462 199.0937 1.4216 1.5964 3.9584 -17.8742 2.1527 61.1691 1.5811 0.0112
Car 0.0000 0 1.8265 456.5164 178.4229 487.5943 196.1918 1.4430 1.6236 4.1707 -11.8450 1.9389 62.0678 1.6383 0.0112
Car 0.0000 0 1.8088 454.7902 178.4258 485.9810 196.5852 1.4547 1.6479 4.2350 -11.8341 1.9448 61.2729 1.6185 0.0112
Car 0.0000 0 2.0487 0.0000 0.0000 1242.0000 375.0000 1.5233 1.6755 4.5469 -36.1949 1.8789 1.2766 0.5210 0.0112
Car 0.0000 0 1.2901 352.3561 179.8655 393.6920 203.2613 1.5162 1.6364 4.1971 -16.5762 2.0264 50.2681 0.9729 0.0112
Car 0.0000 0 1.7723 587.9194 176.7798 617.6364 195.3401 1.3960 1.6013 3.9556 -0.5611 1.7193 57.2472 1.7621 0.0112
Car 0.0000 0 2.0766 162.5708 183.3040 250.0205 221.8401 1.5127 1.6108 3.9089 -17.4562 1.9952 31.3355 1.5717 0.0111
Car 0.0000 0 2.0689 425.4356 177.4109 466.5554 198.3526 1.6890 1.6279 4.1439 -13.9220 2.0910 61.3709 1.8464 0.0111
Car 0.0000 0 1.8782 535.6881 176.7751 573.6865 197.8282 1.4958 1.6359 4.2882 -4.1459 1.8041 54.3850 1.8021 0.0111
Car 0.0000 0 1.9156 99.4391 192.6038 166.2848 224.8135 1.5076 1.6958 4.0755 -25.4769 2.6249 38.6218 1.3355 0.0111
Car 0.0000 0 1.8823 267.1036 186.5241 321.5288 215.9266 1.5335 1.6707 4.2204 -18.2591 2.3680 41.8405 1.4728 0.0111
Car 0.0000 0 1.8795 300.1372 183.1973 349.7113 210.1844 1.4788 1.6228 3.9615 -17.0016 2.1264 43.1205 1.5057 0.0110
Car 0.0000 0 1.9729 434.9429 179.2635 476.0941 199.3277 1.4919 1.6718 4.2341 -12.2422 2.0213 57.3166 1.7631 0.0110
Car 0.0000 0 1.7258 435.0538 179.2896 465.4641 199.7607 1.4715 1.6551 4.1463 -12.2287 1.9842 55.3174 1.5089 0.0110
Car 0.0000 0 1.9596 161.8808 183.4090 242.2148 222.3308 1.4985 1.6071 3.9556 -17.4295 1.9819 30.9548 1.4502 0.0110
Car 0.0000 0 1.8230 455.5841 178.5332 486.6979 196.3523 1.4370 1.6212 4.1740 -11.8489 1.9396 61.6789 1.6337 0.0109
Car 0.0000 0 1.9174 151.5995 182.4645 232.0757 221.6366 1.4686 1.6172 4.0687 -17.4511 1.9004 30.2440 1.3976 0.0109
Car 0.0000 0 2.1842 425.5727 179.5581 491.3536 207.9124 1.4924 1.6226 4.0785 -8.6187 1.8960 41.2062 1.9788 0.0109
Car 0.0000 0 -1.4869 304.4116 174.4108 332.8157 207.5021 2.6628 1.8244 4.7543 -24.5429 2.8000 60.8385 -1.8691 0.0109
Car 0.0000 0 1.3894 1142.8229 169.0863 1229.9846 217.9794 1.5246 1.5990 3.9438 19.4927 1.4075 24.6143 2.0531 0.0108
Car 0.0000 0 1.7456 435.7085 179.2499 466.9778 199.5581 1.4720 1.6606 4.1551 -12.2361 1.9851 55.7350 1.5301 0.0108
Car 0.0000 0 1.8825 307.0274 182.4115 355.7596 208.9692 1.4998 1.6299 4.0186 -17.0586 2.1137 44.2703 1.5164 0.0108
Car 0.0000 0 1.9187 533.6791 177.1270 573.9116 198.2016 1.4761 1.6407 4.2364 -4.1603 1.8079 53.7110 1.8414 0.0108
Car 0.0000 0 1.8342 334.2197 181.2574 375.4559 204.7669 1.4595 1.6192 3.9730 -17.0502 2.0460 48.2903 1.4962 0.0108
Car 0.0000 0 1.4541 790.7979 177.8257 839.3915 214.2372 1.4907 1.6073 3.9900 9.0438 1.7274 32.2035 1.7249 0.0107
Car 0.0000 0 1.8949 146.7649 182.6334 226.0606 222.2909 1.4663 1.6162 4.0278 -17.4579 1.9004 29.8640 1.3695 0.0107
Car 0.0000 0 2.0757 434.4713 178.8193 478.9166 198.9488 1.5091 1.6639 4.1689 -12.2208 2.0046 57.6525 1.8674 0.0107
Car 0.0000 0 1.8878 311.9146 182.1417 360.4701 208.2594 1.5035 1.6300 4.1198 -17.0829 2.1115 45.1147 1.5275 0.0107
Car 0.0000 0 -1.8446 1064.4692 165.1562 1213.1200 243.8798 1.5020 1.6167 3.7089 11.3099 1.3555 15.7817 -1.2320 0.0106
Car 0.0000 0 1.6819 333.7686 181.4862 367.1414 205.9751 1.4870 1.6257 4.0231 -17.0565 2.0809 47.4666 1.3384 0.0106
Car 0.0000 0 1.8756 112.0420 191.1996 172.6827 221.2294 1.4553 1.6347 4.1405 -25.7908 2.5259 39.8796 1.3043 0.0106
Car 0.0000 0 2.6795 771.8995 178.0847 873.8314 213.5439 1.4932 1.6268 4.0178 9.3354 1.7331 31.8832 2.9613 0.0105
Car 0.0000 0 -2.5165 333.0998 180.3978 396.4045 203.5765 1.5211 1.6629 3.8830 -16.8807 2.0544 49.6034 -2.8432 0.0105
Car 0.0000 0 1.6974 387.8181 181.1691 414.8914 200.0430 1.4388 1.6248 4.0688 -17.0506 2.1439 59.0178 1.4170 0.0105
Car 0.0000 0 1.4150 325.1754 182.6126 364.3833 209.9408 1.5178 1.6125 4.1404 -16.1889 2.1410 43.8447 1.0629 0.0105
Car 0.0000 0 1.3116 796.0355 178.4809 860.2930 215.8786 1.4360 1.6082 3.9003 9.0232 1.6878 30.2669 1.5981 0.0105
Car 0.0000 0 1.3754 524.1026 178.4643 563.1265 203.7751 1.5512 1.7606 4.2426 -4.4508 1.9387 47.5132 1.2821 0.0104
Car 0.0000 0 1.9081 308.6571 182.2979 358.5777 208.4321 1.4906 1.6234 4.0820 -17.0858 2.1031 44.7035 1.5447 0.0104
Car 0.0000 0 1.3173 1128.5990 169.6475 1225.2214 218.2840 1.5107 1.6114 3.9270 19.0890 1.4114 24.5308 1.9725 0.0104
Car 0.0000 0 1.6997 341.3578 181.6460 374.1914 204.8268 1.4803 1.6299 4.0573 -17.4100 2.1144 49.8579 1.3651 0.0104
Car 0.0000 0 1.5502 150.2670 193.6982 187.2239 223.6657 1.4516 1.6770 4.1783 -24.6777 2.6784 40.2376 1.0027 0.0104
Cyclist 0.0000 0 -1.8629 784.4595 173.6813 828.1527 248.6717 1.7089 0.5700 1.5600 4.6204 1.7299 17.2466 -1.6063 0.0104
Car 0.0000 0 -1.8298 883.6440 171.6048 969.3157 219.6785 1.5140 1.6813 4.0515 10.7282 1.4750 24.8459 -1.4270 0.0103
Car 0.0000 0 1.8650 535.6786 177.0621 572.9163 197.8578 1.4689 1.6320 4.2181 -4.1551 1.7978 54.1017 1.7883 0.0103
Car 0.0000 0 1.8723 436.0312 179.2704 473.0827 199.3675 1.4860 1.6717 4.2449 -12.2388 2.0121 56.9338 1.6612 0.0102
Car 0.0000 0 1.6254 344.8515 180.9913 373.8788 204.6783 1.4891 1.6390 4.1186 -17.0343 2.0679 49.0779 1.2927 0.0101
Car 0.0000 0 1.7314 800.7094 176.9386 853.6653 214.3169 1.4922 1.6109 3.9221 9.4579 1.6822 31.3807 2.0210 0.0100
Car 0.0000 0 -1.4451 303.0977 174.8692 334.8100 207.8280 2.6516 1.8938 4.7825 -24.5377 2.8292 60.9120 -1.8269 0.0100
Car 0.0000 0 1.8140 336.2691 181.3244 376.5476 205.0552 1.4814 1.6302 4.0463 -17.0608 2.0770 48.6201 1.4779 0.0099
Car 0.0000 0 -1.4095 304.0792 176.6163 336.6254 207.2505 2.4468 1.7970 4.7673 -24.3610 2.7771 60.7676 -1.7896 0.0099
Car 0.0000 0 1.7713 297.5395 184.5204 341.4431 212.5839 1.4963 1.6220 3.9817 -17.0106 2.2150 42.3211 1.3910 0.0099
Car 0.0000 0 1.9352 799.9966 173.0786 840.6829 193.4493 1.5040 1.6260 4.1838 16.1801 1.5223 55.4754 2.2172 0.0098
Car 0.0000 0 0.8785 793.1351 179.8342 952.0327 252.6677 1.4633 1.4911 3.6042 5.9147 1.6452 16.8167 1.2104 0.0098
Car 0.0000 0 1.9058 790.9024 176.8051 903.3302 239.2013 1.5077 1.6809 4.1554 6.5721 1.6288 19.8694 2.2202 0.0098
Car 0.0000 0 0.2196 0.0000 0.0000 1242.0000 375.0000 1.4508 1.6372 3.3707 39.4508 1.0299 0.6864 1.7656 0.0096
Car 0.0000 0 -0.5009 863.0021 175.7857 1088.9978 245.8452 1.4456 1.6182 4.1791 7.8899 1.5142 15.8693 -0.0475 0.0096
Car 0.0000 0 -1.4978 304.5830 175.0852 332.0989 206.6501 2.5377 1.8217 4.4935 -24.5407 2.7335 60.7665 -1.8804 0.0096
Car 0.0000 0 1.3996 522.8642 178.8110 560.1312 203.8057 1.5265 1.7409 4.1863 -4.5760 1.9367 47.3848 1.3034 0.0095
Car 0.0000 0 -0.0577 0.0000 0.0000 1242.0000 375.0000 1.4476 1.6505 3.4751 39.4671 1.0100 -0.0961 1.5081 0.0095
Car 0.0000 0 2.0449 425.6145 176.7025 464.8160 197.2366 1.6531 1.6220 3.9111 -13.9005 1.9898 60.9653 1.8213 0.0095
Car 0.0000 0 -2.7949 330.4866 180.2147 394.8308 203.2341 1.5269 1.6462 3.8248 -16.8831 2.0386 49.2639 -3.1237 0.0094
Car 0.0000 0 1.0533 119.5147 196.4560 193.3355 225.6053 1.4322 1.6270 4.1372 -25.1284 2.7930 39.8930 0.4940 0.0094
Car 0.0000 0 1.2591 1116.8667 168.7519 1221.1454 217.4933 1.5347 1.6404 4.0591 19.0931 1.4059 24.9032 1.9071 0.0094
Car 0.0000 0 1.6685 730.2545 173.9209 760.3028 199.3661 1.6252 1.6310 3.6749 9.0467 1.6998 48.2408 1.8524 0.0094
Car 0.0000 0 1.6262 731.2994 174.3649 758.9988 199.6948 1.6094 1.6183 3.7132 9.0060 1.7146 48.0762 1.8099 0.0094
Pedestrian 0.0000 0 -0.3049 0.0000 0.0000 1242.0000 375.0000 1.9673 0.6320 0.9294 -1.7859 1.5824 0.1454 -1.6389 0.0093
Car 0.0000 0 1.6289 272.6580 185.5319 308.7810 214.7161 1.5364 1.6845 4.1809 -18.6490 2.3177 42.1924 1.2147 0.0092
Car 0.0000 0 1.1527 803.7339 176.6213 880.6183 213.6650 1.4099 1.5814 3.8444 9.4725 1.5766 29.8656 1.4565 0.0092
Car 0.0000 0 -1.9470 882.9814 170.1735 977.0872 217.9872 1.5151 1.6916 3.6543 10.7971 1.4305 24.7132 -1.5400 0.0091
Car 0.0000 0 1.7890 808.1289 178.0090 866.0264 213.7334 1.4158 1.5994 3.9035 9.8585 1.6546 31.2868 2.0910 0.0091
Car 0.0000 0 -0.2102 0.0000 0.0000 1242.0000 375.0000 1.4527 1.5434 3.5462 39.6958 0.8789 -0.0658 1.3549 0.0091
Car 0.0000 0 1.3503 326.1912 182.7643 367.9604 209.4692 1.4992 1.5719 3.9648 -16.1585 2.1348 44.1516 1.0011 0.0090
Car 0.0000 0 1.8173 110.0530 193.0506 168.3904 224.1758 1.4678 1.6906 4.0828 -25.4527 2.6240 39.0887 1.2430 0.0090
Car 0.0000 0 1.1538 1106.7197 169.9935 1222.8610 218.2080 1.4999 1.6300 3.9700 18.6717 1.4113 24.5608 1.7977 0.0089
Car 0.0000 0 1.8052 806.5334 176.9894 865.7292 213.0298 1.4419 1.6023 3.9390 9.8691 1.6345 31.4491 2.1061 0.0089
Car 0.0000 0 1.6603 805.7388 177.6789 852.6085 214.4429 1.4483 1.6029 3.8905 9.4489 1.6705 31.0771 1.9523 0.0089
Car 0.0000 0 1.8262 819.6720 178.6923 882.6617 214.7579 1.4461 1.6564 4.1311 10.6518 1.7216 31.8193 2.1460 0.0089
Car 0.0000 0 1.3400 807.6952 178.0322 869.0071 214.5591 1.4078 1.5906 3.8672 9.4809 1.6402 30.3516 1.6395 0.0089
Cyclist 0.0000 0 -1.5186 773.0167 175.1327 793.8182 254.7417 1.7187 0.3887 1.6499 3.9198 1.7737 16.4693 -1.2899 0.0088
Car 0.0000 0 1.4325 726.6101 174.7354 760.5016 201.0494 1.6792 1.6973 3.8923 8.8648 1.8107 48.3047 1.6125 0.0088
Car 0.0000 0 1.8609 812.3193 178.0410 876.4656 213.6693 1.4254 1.5959 4.0332 10.2779 1.6682 31.5951 2.1721 0.0087
Car 0.0000 0 -1.9709 843.2574 173.3090 936.8226 220.2210 1.4859 1.6297 3.7661 9.4631 1.5032 24.8035 -1.6109 0.0086
Car 0.0000 0 -2.1748 819.4841 174.2395 934.3850 221.6836 1.4958 1.6549 4.1509 9.0973 1.5486 25.0937 -1.8313 0.0086
Car 0.0000 0 -0.2564 794.8875 185.5655 1015.5082 253.4431 1.4146 1.5791 4.3934 6.5260 1.7232 16.4569 0.1142 0.0086
Car 0.0000 0 2.0513 393.7841 178.6743 439.9410 200.3680 1.6018 1.7059 4.3163 -15.1669 2.0788 56.7944 1.7911 0.0086
Car 0.0000 0 1.0775 1060.2208 170.8376 1195.2183 223.7275 1.4905 1.6052 4.1441 15.8856 1.4340 22.4814 1.6861 0.0086
Car 0.0000 0 1.5011 811.1864 177.9321 857.9445 214.3611 1.4194 1.6098 3.9023 9.4702 1.6511 30.7739 1.7964 0.0085
Car 0.0000 0 1.0298 801.7032 176.0096 889.9258 214.4895 1.4383 1.5951 3.9400 9.4658 1.5765 29.4125 1.3377 0.0085
Car 0.0000 0 -1.3774 303.2010 177.7150 338.2727 207.4250 2.3640 1.8431 4.8339 -24.3314 2.7910 60.7872 -1.7569 0.0084
Car 0.0000 0 -0.3959 868.0677 177.3801 1081.9476 247.0049 1.4296 1.6154 3.8675 7.8312 1.5351 15.8446 0.0552 0.0084
Car 0.0000 0 1.8088 804.6874 176.8523 863.7626 212.7712 1.4485 1.6030 3.9424 9.8538 1.6360 31.6670 2.1073 0.0084
Car 0.0000 0 1.6415 818.1031 176.4099 862.7458 212.4015 1.4701 1.6221 4.0492 10.2544 1.6393 32.0800 1.9477 0.0083
Car 0.0000 0 1.6095 811.0150 176.3967 851.8824 212.0680 1.4616 1.6006 3.9360 9.8593 1.6301 32.1052 1.9044 0.0083
Car 0.0000 0 -1.8518 1067.5526 167.3531 1210.7701 244.0740 1.4734 1.5298 3.6100 11.3523 1.3681 15.8098 -1.2382 0.0083
Car 0.0000 0 2.0757 423.9193 175.0282 464.4323 196.5182 1.7395 1.6475 3.9117 -13.9811 1.9298 60.9353 1.8508 0.0083
Car 0.0000 0 0.4875 0.0000 0.0000 1242.0000 375.0000 1.4743 1.7102 4.1440 39.6611 0.9998 1.6420 2.0095 0.0082
Car 0.0000 0 1.9512 784.6718 176.9202 900.0502 237.1583 1.5011 1.6620 4.2553 6.6254 1.6289 20.4414 2.2597 0.0081
Car 0.0000 0 -2.1415 825.5950 171.3850 935.7053 220.0251 1.5361 1.6757 3.9211 9.1574 1.4900 24.8808 -1.7932 0.0081
Car 0.0000 0 1.8395 812.0180 177.4258 874.1046 212.9491 1.4321 1.6022 4.0180 10.2700 1.6471 31.7517 2.1491 0.0081
Car 0.0000 0 1.5221 1149.6602 171.2783 1236.2659 229.8410 1.5129 1.6936 4.0810 16.6237 1.4726 20.7909 2.1893 0.0081
Car 0.0000 0 2.0479 146.6665 190.6894 211.7232 220.9472 1.5185 1.5749 3.7458 -24.0610 2.5645 40.3817 1.5132 0.0081
Car 0.0000 0 1.3693 327.0255 181.4592 368.5312 208.1929 1.5139 1.6194 4.0619 -16.2064 2.0694 44.3977 1.0209 0.0080
Car 0.0000 0 0.3846 0.0000 0.0000 1242.0000 375.0000 1.5547 1.6865 3.5072 39.7883 0.8941 0.8645 1.9263 0.0080
Car 0.0000 0 2.1074 428.4845 178.7730 494.2794 207.1116 1.5120 1.6743 4.4984 -8.5804 1.8758 41.8977 1.9062 0.0079
Car 0.0000 0 -2.0042 877.0378 171.1410 977.5592 219.1358 1.5228 1.7058 3.7726 10.7337 1.4688 24.8020 -1.6006 0.0079
Car 0.0000 0 1.7405 728.1335 171.8092 761.5817 197.9747 1.6837 1.6156 3.6791 9.0560 1.6168 48.4324 1.9238 0.0079
Car 0.0000 0 1.6406 728.2994 176.0234 757.4722 200.9409 1.5585 1.6445 3.7584 8.7810 1.7771 47.6656 1.8213 0.0079
Car 0.0000 0 -1.5556 302.4460 174.2972 327.8826 207.2609 2.6606 1.9150 4.7033 -24.9028 2.7880 60.9949 -1.9420 0.0077
Car 0.0000 0 -1.7504 864.2546 172.3107 937.2316 219.4136 1.4911 1.6562 3.7237 9.8592 1.4743 24.8250 -1.3769 0.0077
Car 0.0000 0 -1.1764 133.6878 177.4632 186.5161 209.0395 2.1350 1.6949 4.2661 -32.1707 2.4798 51.6782 -1.7312 0.0077
Car 0.0000 0 1.1596 127.0591 195.4625 192.6643 224.8084 1.4389 1.6252 3.9969 -24.9869 2.7479 39.9587 0.6035 0.0076
Car 0.0000 0 2.2473 790.5947 172.6006 842.9121 192.7328 1.4984 1.6344 4.1588 15.9174 1.4799 55.5691 2.5246 0.0076
Car 0.0000 0 2.2134 791.7689 173.9539 839.8422 193.6523 1.4623 1.5799 3.8368 15.8379 1.5501 55.5518 2.4894 0.0075
Car 0.0000 0 1.6143 731.4497 174.9592 758.1592 200.1424 1.6009 1.6064 3.4621 8.9743 1.7469 48.0461 1.7975 0.0075
Pedestrian 0.0000 0 -1.5551 295.3170 185.0372 313.9024 220.7628 1.8097 0.8748 0.5071 -15.7855 2.4452 37.2176 -1.9541 0.0075
Pedestrian 0.0000 0 -1.0239 301.0751 179.4977 321.6045 216.0713 1.8732 0.8350 0.5192 -15.5119 2.2208 37.3899 -1.4150 0.0074
Car 0.0000 0 1.6696 730.0585 175.5766 760.0717 200.4910 1.5708 1.6293 3.4352 8.9428 1.7586 47.7768 1.8531 0.0074
Car 0.0000 0 2.4203 330.6533 179.2891 395.2906 204.1076 1.5546 1.6383 4.0279 -16.5635 2.0064 48.4638 2.0923 0.0074
Car 0.0000 0 1.5029 324.5117 182.2320 358.0588 209.6897 1.5080 1.6183 3.9495 -16.1620 2.0977 43.2131 1.1467 0.0074
Car 0.0000 0 -1.8468 1069.2526 166.2287 1211.7791 243.8333 1.4904 1.5417 3.5633 11.3710 1.3635 15.7910 -1.2320 0.0073
Car 0.0000 0 1.4766 645.1291 177.1999 669.8500 196.5699 1.5177 1.6377 4.2394 3.8660 1.8902 59.6363 1.5406 0.0073
Car 0.0000 0 -0.2086 576.9379 177.0890 635.2205 196.2062 1.4782 1.6983 4.4003 -0.3525 1.8246 57.6621 -0.2151 0.0072
Car 0.0000 0 -0.7402 1123.4957 168.7398 1242.0000 227.3613 1.5687 1.6623 4.3959 17.1099 1.4590 20.2371 -0.0459 0.0072
Car 0.0000 0 -1.8307 884.2245 170.0987 971.3823 218.5762 1.5289 1.7509 3.9549 10.7702 1.4424 24.8369 -1.4263 0.0072
Car 0.0000 0 2.6988 769.1711 177.6776 879.4275 213.9451 1.5123 1.6676 4.3277 9.2972 1.7314 31.5608 2.9822 0.0071
Cyclist 0.0000 0 1.2213 781.8349 178.8858 829.8484 250.9976 1.6429 0.5905 1.6065 4.6491 1.7957 17.4020 1.4772 0.0071
Car 0.0000 0 -1.4226 301.9932 176.6432 334.9851 207.9090 2.5046 1.9033 4.7157 -24.5795 2.8381 60.9217 -1.8050 0.0071
Car 0.0000 0 -2.6863 790.3347 182.7335 993.1353 256.3391 1.4417 1.6159 4.0743 6.3466 1.6988 16.7101 -2.3299 0.0070
Car 0.0000 0 2.0239 794.5298 173.9494 836.6907 194.1284 1.4921 1.5967 3.8633 15.8271 1.5798 55.5362 2.2998 0.0070
Car 0.0000 0 2.2515 537.4181 176.7151 582.3578 194.8961 1.5563 1.6666 4.3601 -4.4931 1.9165 64.9861 2.1823 0.0070
Car 0.0000 0 1.9540 782.8803 175.6019 898.4393 235.8949 1.5207 1.6600 4.3124 6.6256 1.6078 20.5868 2.2605 0.0070
Car 0.0000 0 -1.3394 302.6343 177.6360 340.7972 206.6590 2.3097 1.8691 5.0992 -24.3068 2.7317 60.9533 -1.7177 0.0070
Car 0.0000 0 -0.5198 854.2901 180.7987 1053.6758 247.2814 1.3790 1.6047 3.7344 7.5684 1.5680 16.1607 -0.0895 0.0069
Car 0.0000 0 1.9788 794.5231 171.1673 835.6225 192.8463 1.6094 1.5634 4.0825 15.8190 1.4845 55.6375 2.2541 0.0069
Car 0.0000 0 0.9062 114.7248 194.4910 193.9299 223.6360 1.4550 1.6240 3.8874 -25.0091 2.6841 39.5508 0.3452 0.0068
Car 0.0000 0 2.0830 429.6190 178.4258 476.4746 199.2171 1.5571 1.6948 4.4521 -12.5126 2.0213 57.6867 1.8700 0.0068
Car 0.0000 0 -1.3711 0.0000 0.0000 1242.0000 375.0000 1.5154 1.7201 4.5292 -35.7549 1.8458 0.8564 -2.9101 0.0068
Car 0.0000 0 -0.6526 781.3688 174.6188 957.4575 234.9003 1.5218 1.7133 4.4288 7.0571 1.5743 19.8018 -0.3156 0.0067
Car 0.0000 0 0.9420 130.7642 194.4262 206.8395 223.0270 1.4529 1.6738 3.8957 -24.7812 2.7088 40.4690 0.3953 0.0067
Car 0.0000 0 1.5300 336.1938 179.9515 366.2668 207.4000 1.5694 1.5881 3.7210 -15.9587 2.0257 44.3214 1.1860 0.0067
Pedestrian 0.0000 0 -1.0382 300.9456 178.3470 320.8853 215.8753 1.9224 0.7977 0.5258 -15.5244 2.2097 37.3671 -1.4298 0.0067
Car 0.0000 0 -1.5295 316.0457 182.3891 348.5517 210.0150 1.5093 1.6398 4.1839 -16.6144 2.1103 43.2101 -1.8949 0.0067
Car 0.0000 0 0.9826 423.6600 176.9879 469.0854 197.6018 1.6065 1.6275 4.0891 -13.4359 1.9564 59.0262 0.7594 0.0067
Car 0.0000 0 1.6385 334.9840 180.1645 367.5890 207.2489 1.5496 1.6269 3.9445 -15.9565 2.0227 44.5416 1.2961 0.0066
Car 0.0000 0 1.8603 146.8632 192.4334 202.8394 222.1709 1.4675 1.6413 3.8625 -24.3263 2.6207 40.4088 1.3211 0.0066
Car 0.0000 0 -2.3662 292.1566 182.8604 365.2180 210.2079 1.5317 1.6609 4.0713 -16.8485 2.1519 43.1211 -2.7369 0.0066
Car 0.0000 0 1.5423 334.0854 180.8563 364.1003 208.6105 1.5572 1.6025 4.0839 -15.9561 2.0693 43.9401 1.1956 0.0066
Cyclist 0.0000 0 1.5064 789.2064 175.4923 818.8951 247.9017 1.6816 0.5929 1.4657 4.6652 1.7491 17.5859 1.7607 0.0066
Car 0.0000 0 1.5472 444.9518 180.4604 462.6114 197.4406 1.5353 1.5608 3.9676 -15.0307 2.2879 69.2411 1.3339 0.0065
Car 0.0000 0 -2.1292 833.9832 174.3916 946.0468 221.8304 1.4838 1.6562 4.0901 9.4667 1.5418 24.8744 -1.7700 0.0065
Car 0.0000 0 1.4604 1172.9467 179.1883 1240.5524 219.4596 1.5142 1.6795 4.2411 24.7240 1.7982 30.0683 2.1433 0.0065
Car 0.0000 0 1.4309 727.5773 174.2997 760.3314 200.3507 1.6622 1.6224 3.8086 8.8719 1.7630 48.1858 1.6114 0.0064
Car 0.0000 0 1.9660 430.7944 178.1552 474.2065 199.1463 1.5615 1.7135 4.6430 -12.4779 2.0011 57.3409 1.7523 0.0064
Car 0.0000 0 -0.5879 790.8175 171.9581 853.1121 192.8273 1.5542 1.7369 4.3412 16.1861 1.4878 55.2105 -0.3045 0.0064
Car 0.0000 0 -0.1574 135.7106 177.5277 211.2775 206.5629 1.9513 1.7322 4.3761 -30.9809 2.2969 51.2255 -0.6992 0.0064
Car 0.0000 0 1.6612 874.8837 180.2795 959.3932 248.9870 1.4147 1.5558 3.7187 7.3888 1.6137 17.2950 2.0581 0.0064
Car 0.0000 0 1.5633 337.0391 181.5361 365.1811 208.3767 1.5209 1.5598 3.7900 -15.9223 2.0785 44.2553 1.2195 0.0064
Car 0.0000 0 1.5061 326.8828 182.5815 359.2757 209.8091 1.5035 1.5754 4.0382 -16.1802 2.1203 43.5531 1.1520 0.0063
Car 0.0000 0 -2.3684 293.1161 182.2096 367.0352 209.9692 1.5553 1.6831 4.1083 -16.7462 2.1347 43.0715 -2.7374 0.0063
Car 0.0000 0 1.6826 433.6606 178.6351 462.4890 199.2615 1.4927 1.6859 4.4790 -12.5089 1.9589 55.8286 1.4628 0.0063
Car 0.0000 0 1.9354 444.6978 177.7989 483.7394 196.8877 1.4955 1.6699 4.5691 -12.1205 1.9245 60.1561 1.7371 0.0063
Car 0.0000 0 1.4263 725.3388 173.3881 761.0281 200.1836 1.7213 1.7816 4.0335 8.8676 1.7591 48.4765 1.6057 0.0063
Car 0.0000 0 1.6701 446.8984 180.5638 467.7294 197.2744 1.5124 1.5704 3.9742 -14.6448 2.2748 69.2608 1.4621 0.0062
Car 0.0000 0 1.8768 447.1853 177.6966 483.1149 196.7455 1.5052 1.6706 4.5189 -12.1225 1.9275 60.5362 1.6797 0.0062
Car 0.0000 0 2.3830 328.4549 180.0239 394.5539 204.3908 1.5038 1.6400 4.1806 -16.5204 2.0041 48.0734 2.0533 0.0062
Car 0.0000 0 1.7625 450.9088 178.1361 481.2133 197.1804 1.5131 1.6680 4.5607 -12.1194 1.9759 60.8763 1.5665 0.0062
Car 0.0000 0 2.5317 329.1517 179.8339 397.0485 204.0866 1.5115 1.6410 4.1031 -16.5162 2.0002 48.3361 2.2038 0.0062
Car 0.0000 0 2.0152 794.6213 173.5436 835.6829 193.6725 1.4938 1.5697 3.7999 15.8164 1.5492 55.6245 2.2905 0.0062
Car 0.0000 0 -1.3743 305.8314 178.4504 340.1650 207.0858 2.2702 1.8157 4.5715 -24.0532 2.7590 60.5551 -1.7512 0.0061
Car 0.0000 0 -2.1941 793.9631 184.1036 948.4442 256.2381 1.4451 1.5492 3.6614 5.9585 1.7421 17.0454 -1.8640 0.0061
Car 0.0000 0 1.0314 116.6237 194.9544 192.8345 225.2016 1.4982 1.6650 4.1657 -25.2147 2.7719 39.8857 0.4704 0.0061
Car 0.0000 0 -3.3752 792.2162 174.7952 846.1750 194.4737 1.4675 1.5728 3.6723 15.8437 1.6178 54.8470 -3.0958 0.0061
Car 0.0000 0 -0.1762 541.0388 177.7473 591.1200 195.1501 1.4974 1.6872 4.2121 -3.9361 1.9416 64.1361 -0.2376 0.0061
Car 0.0000 0 1.5800 448.6696 180.6530 465.7703 197.1509 1.4873 1.5585 4.0124 -14.6442 2.2583 69.1707 1.3718 0.0061
Car 0.0000 0 -0.5231 781.2075 177.5707 960.0854 237.7543 1.5036 1.6676 4.2767 6.9196 1.6390 19.4305 -0.1865 0.0060
Car 0.0000 0 -2.1648 303.4642 181.8065 369.0316 209.8723 1.5852 1.6952 4.1474 -16.6912 2.1530 43.8434 -2.5269 0.0059
Car 0.0000 0 -1.7517 873.2366 171.3191 949.4316 219.6761 1.5307 1.6976 4.0353 10.2776 1.4825 24.9851 -1.3661 0.0059
Car 0.0000 0 -1.9081 1060.4197 164.4667 1222.7627 242.9018 1.4933 1.6403 3.7640 11.3410 1.3340 15.7694 -1.2938 0.0059
Car 0.0000 0 -1.9578 1049.9659 163.1610 1214.7183 240.4596 1.4919 1.6251 3.6423 11.2227 1.3051 15.8772 -1.3515 0.0059
Car 0.0000 0 -0.8166 790.8408 171.5283 849.1611 192.6211 1.5707 1.7061 4.4937 16.1759 1.4723 55.6073 -0.5353 0.0059
Car 0.0000 0 -0.7061 1126.6493 171.6265 1242.0000 228.1141 1.5141 1.6531 4.1398 17.0646 1.4816 20.1887 -0.0119 0.0059
Car 0.0000 0 -1.5089 300.0779 175.9136 328.4529 206.9349 2.4931 1.9338 4.5872 -24.9590 2.7624 60.9565 -1.8963 0.0059
Car 0.0000 0 1.8183 433.1153 178.1630 469.5678 199.1782 1.5544 1.7278 4.6097 -12.4747 1.9904 56.8761 1.6030 0.0059
Car 0.0000 0 2.2042 147.2592 192.7748 222.9781 222.6889 1.4809 1.5914 4.0209 -23.8279 2.6590 40.5732 1.6758 0.0058
Car 0.0000 0 -1.3601 305.4821 178.9237 341.0692 207.8520 2.2953 1.8483 4.6440 -24.0905 2.8270 60.7149 -1.7366 0.0058
Car 0.0000 0 1.3303 436.2513 180.1621 462.7939 197.1191 1.5292 1.5672 4.0135 -15.4054 2.2509 69.0634 1.1114 0.0058
Car 0.0000 0 -2.1591 303.2296 182.2157 367.4734 210.1763 1.5640 1.6695 4.0125 -16.5896 2.1519 43.4362 -2.5222 0.0058
Car 0.0000 0 2.0412 145.3881 194.0972 215.2134 223.5251 1.4416 1.6372 4.2086 -24.1120 2.7007 40.6014 1.5079 0.0058
Car 0.0000 0 2.3126 537.0536 176.9117 582.4133 194.8388 1.5436 1.5890 4.3299 -4.5320 1.9236 65.3056 2.2432 0.0057
Car 0.0000 0 -0.2175 576.7593 177.8339 634.2874 196.8217 1.4764 1.7033 4.3672 -0.3986 1.8869 58.1076 -0.2248 0.0057
Car 0.0000 0 1.7250 431.2317 178.9783 462.5908 199.5160 1.4749 1.6867 4.4386 -12.5080 1.9651 55.4384 1.5038 0.0057
Car 0.0000 0 -0.4141 539.6297 177.2517 589.3680 194.7813 1.5137 1.7022 4.1266 -4.1041 1.9198 64.8618 -0.4774 0.0057
Car 0.0000 0 2.0899 430.0371 178.1547 477.6335 199.1620 1.5809 1.6931 4.5661 -12.5056 2.0250 57.9575 1.8780 0.0057
Car 0.0000 0 1.6576 435.6018 178.5889 462.7256 199.2857 1.5084 1.6795 4.4720 -12.5095 1.9739 56.1986 1.4392 0.0057
Car 0.0000 0 -1.3718 300.2213 178.6206 335.8348 207.1544 2.2713 1.8702 4.8204 -24.6446 2.7795 60.9994 -1.7545 0.0057
Car 0.0000 0 -1.9163 1146.8208 178.5348 1242.0000 221.5742 1.4583 1.5710 4.1092 21.9335 1.6903 27.2233 -1.2438 0.0057
Car 0.0000 0 1.7027 435.3111 178.1817 464.8632 198.9577 1.5285 1.6910 4.4294 -12.5075 1.9631 56.5282 1.4856 0.0057
Car 0.0000 0 -2.2895 297.5437 182.0870 367.0011 209.7773 1.5626 1.6757 4.0242 -16.7927 2.1412 43.5135 -2.6561 0.0056
Car 0.0000 0 0.5752 0.0000 0.0000 1242.0000 375.0000 1.4722 1.6488 4.0741 9.4599 1.4124 1.6446 1.9440 0.0056
Car 0.0000 0 1.7260 452.9912 177.9910 481.3325 197.0948 1.5274 1.6738 4.5632 -12.1011 1.9802 61.2413 1.5314 0.0056
Car 0.0000 0 -2.6318 789.3649 181.6267 986.5585 256.3059 1.4666 1.6276 3.9524 6.2421 1.6943 16.6733 -2.2802 0.0056
Car 0.0000 0 1.4108 441.7580 180.7710 465.1281 197.5537 1.5112 1.5622 4.0504 -15.0560 2.2945 69.1867 1.1970 0.0056
Car 0.0000 0 2.2519 148.2128 192.8288 226.3927 222.8477 1.4889 1.6203 4.0388 -23.7941 2.6755 40.7266 1.7258 0.0056
Car 0.0000 0 -0.3844 860.9050 176.4120 1070.3655 244.3390 1.4333 1.6014 3.9104 7.8179 1.5182 16.2281 0.0568 0.0056
Car 0.0000 0 -1.8110 1075.5199 165.4029 1215.0364 243.0916 1.4928 1.5982 3.5430 11.4875 1.3499 15.8027 -1.1916 0.0055
Car 0.0000 0 2.3185 425.4222 176.8096 475.0771 197.8217 1.6856 1.6899 4.2019 -13.4730 2.0325 60.9632 2.1016 0.0055
Car 0.0000 0 2.5965 766.9244 182.2739 920.6125 244.8319 1.4546 1.4566 3.4432 5.8270 1.7076 18.2301 2.9004 0.0055
Car 0.0000 0 1.9262 790.7097 172.7422 827.8701 192.8864 1.5063 1.5796 3.7410 15.4500 1.4983 55.9290 2.1941 0.0055
Car 0.0000 0 -1.8671 857.3801 173.5833 944.3157 220.6487 1.4880 1.6738 3.9223 9.8685 1.5156 24.8917 -1.4942 0.0055
Car 0.0000 0 -0.0572 137.6027 178.0212 212.3119 206.9002 1.9405 1.8003 4.4472 -30.8680 2.3217 51.1894 -0.5978 0.0054
Car 0.0000 0 -2.0864 839.2382 172.3606 941.9069 220.2068 1.5108 1.6319 3.7227 9.4566 1.4955 24.7450 -1.7258 0.0054
Car 0.0000 0 -1.5967 884.4545 171.9915 941.4816 218.9441 1.4861 1.6824 3.6198 10.3017 1.4592 24.8252 -1.2080 0.0054
Car 0.0000 0 1.8698 425.6210 176.4989 457.0916 196.6939 1.6283 1.4909 3.9448 -14.2213 1.9467 60.9245 1.6411 0.0054
Car 0.0000 0 -0.6384 841.8335 168.5369 1066.4825 240.2817 1.5565 1.7853 4.6455 7.9979 1.4632 16.9991 -0.2058 0.0054
Car 0.0000 0 -0.2534 791.1021 174.0251 850.4652 194.4333 1.5235 1.6929 4.0348 15.9656 1.6144 54.8665 0.0280 0.0054
Car 0.0000 0 2.4227 791.4263 173.1907 845.9287 193.0378 1.4773 1.6018 3.9367 15.9783 1.5042 55.3203 2.7022 0.0054
Car 0.0000 0 1.2999 466.6833 180.1264 506.9548 204.5367 1.4434 1.5541 3.8357 -7.9175 1.9278 45.9589 1.1299 0.0053
Car 0.0000 0 -0.8101 744.4816 174.2381 868.6279 220.9834 1.5757 1.7203 4.5502 7.1741 1.6302 26.3510 -0.5478 0.0053
Car 0.0000 0 -2.1596 823.6084 172.5267 934.9923 220.5007 1.5208 1.6889 3.9299 9.1483 1.5108 24.9805 -1.8129 0.0053
Car 0.0000 0 1.7482 407.8976 177.9465 438.5286 199.4573 1.6228 1.6142 4.4413 -14.9354 2.0471 57.7829 1.4961 0.0053
Car 0.0000 0 -0.4222 785.7051 176.0775 966.3233 235.0467 1.4976 1.6684 4.2573 7.0352 1.5893 19.4339 -0.0804 0.0053
Car 0.0000 0 -0.8833 744.0410 174.3419 858.4932 219.9813 1.5620 1.6973 4.4230 7.1115 1.6217 26.8060 -0.6273 0.0053
Car 0.0000 0 0.4599 0.0000 0.0000 1242.0000 375.0000 1.5385 1.6863 4.0001 9.7998 1.4962 1.8712 1.8133 0.0053
Car 0.0000 0 -0.2562 789.8339 171.5704 854.4319 192.4285 1.5599 1.7635 4.4101 16.0732 1.4643 54.9004 0.0268 0.0052
Car 0.0000 0 1.3799 358.8799 179.1738 393.8645 202.2729 1.5052 1.6199 3.8198 -16.3179 1.9634 50.2076 1.0669 0.0052
Car 0.0000 0 0.4008 0.0000 0.0000 1242.0000 375.0000 1.5128 1.7161 4.1723 10.1930 1.5304 2.1666 1.7346 0.0052
Car 0.0000 0 1.5867 727.7722 176.7038 753.0979 201.9570 1.5564 1.5636 4.0288 8.5352 1.8202 47.2430 1.7639 0.0051
Car 0.0000 0 1.5092 442.8165 181.6300 461.3124 198.0682 1.4771 1.5000 3.6758 -15.1221 2.3396 68.9109 1.2936 0.0051
Car 0.0000 0 -0.5585 781.9959 178.3045 952.6934 237.8884 1.4811 1.6332 4.0901 6.8376 1.6376 19.4153 -0.2254 0.0050
Car 0.0000 0 -0.8592 745.1125 174.3742 866.3038 221.2711 1.5769 1.7111 4.5784 7.1621 1.6371 26.3839 -0.5976 0.0050
Car 0.0000 0 0.6260 0.0000 0.0000 1242.0000 375.0000 1.4934 1.6533 3.6974 9.4953 1.4746 1.9279 1.9670 0.0049
Car 0.0000 0 -2.2691 298.6184 181.6786 367.4649 209.7441 1.5830 1.6985 4.0044 -16.7378 2.1363 43.4877 -2.6348 0.0049
Car 0.0000 0 1.1836 1056.7031 171.7201 1173.1506 222.6472 1.4406 1.5701 3.9175 15.5243 1.4089 22.4872 1.7814 0.0049
Car 0.0000 0 -0.4667 783.9203 179.4764 969.3870 244.1604 1.5117 1.6677 4.0679 6.5903 1.6887 18.1616 -0.1246 0.0049
Car 0.0000 0 1.4395 1127.4806 178.1170 1188.5442 215.8001 1.4675 1.5606 3.7576 23.1785 1.7064 30.6817 2.0814 0.0049
Car 0.0000 0 -3.1580 0.0000 0.0000 1242.0000 375.0000 1.5037 1.7124 3.9855 33.3334 0.4736 0.6350 -1.6148 0.0048
Car 0.0000 0 2.4699 424.3839 176.5025 477.1950 197.5828 1.6908 1.6718 4.2216 -13.3950 2.0095 60.7841 2.2535 0.0048
Car 0.0000 0 -0.7095 748.1024 175.7807 876.7766 222.3012 1.5492 1.7134 4.4140 7.2546 1.6619 25.9580 -0.4406 0.0048
Car 0.0000 0 1.9543 484.3705 178.6911 528.6461 204.3856 1.5510 1.5599 3.6684 -6.6400 1.9427 46.4125 1.8126 0.0048
Car 0.0000 0 -0.0825 0.0000 0.0000 1242.0000 375.0000 1.5456 1.6630 4.0009 31.0205 0.6765 0.5542 1.4612 0.0048
Car 0.0000 0 1.0361 1182.9503 177.4155 1242.0000 219.9336 1.4532 1.6564 4.3010 23.9546 1.6411 27.4064 1.7487 0.0048
Car 0.0000 0 1.1732 1184.1184 177.8028 1242.0000 220.9387 1.4659 1.6708 4.1840 23.6120 1.6688 27.2801 1.8809 0.0048
Car 0.0000 0 1.6189 1141.3514 176.9771 1194.1237 214.9068 1.4737 1.6012 3.7388 23.4920 1.6589 30.3988 2.2718 0.0048
Car 0.0000 0 -3.2851 0.0000 0.0000 1242.0000 375.0000 1.5468 1.7155 3.9053 33.4166 0.7070 -0.0576 -1.7212 0.0048
Car 0.0000 0 -0.2298 789.5896 171.5876 857.0374 192.9061 1.5911 1.7886 4.6299 16.1483 1.4970 54.8696 0.0546 0.0048
Car 0.0000 0 -0.6941 780.0355 178.2163 956.4115 243.1981 1.5117 1.6652 4.1834 6.5842 1.6611 18.5460 -0.3587 0.0048
Car 0.0000 0 1.9270 792.8543 172.8699 828.2620 192.6491 1.4787 1.5084 3.5305 15.5133 1.4803 55.8139 2.1964 0.0048
Car 0.0000 0 -0.1705 875.7950 174.0065 1116.8624 248.9086 1.4918 1.7208 4.4306 8.2113 1.5199 15.8868 0.2984 0.0047
Car 0.0000 0 -0.6691 781.8628 177.3690 962.2430 242.5382 1.5241 1.6761 4.2494 6.6791 1.6499 18.5576 -0.3294 0.0047
Car 0.0000 0 1.2481 424.7667 177.8639 460.3277 198.4202 1.5732 1.6146 4.0031 -13.6062 1.9938 58.3844 1.0198 0.0047
Car 0.0000 0 -1.5084 899.9421 181.1756 949.3570 218.7218 1.4471 1.7135 3.9781 13.4942 1.8291 30.9265 -1.1011 0.0047
Car 0.0000 0 1.1253 1115.3699 172.3550 1242.0000 232.2713 1.4948 1.8341 4.0244 16.0500 1.4827 20.1623 1.7902 0.0047
Car 0.0000 0 1.6069 150.8415 194.0228 189.1248 223.6049 1.4288 1.6641 4.1778 -24.5346 2.6761 40.2682 1.0624 0.0047
Car 0.0000 0 -1.8229 862.4728 171.9542 941.3997 219.4883 1.5067 1.6348 3.5876 9.8667 1.4785 24.7482 -1.4481 0.0046
Car 0.0000 0 2.2037 791.6450 174.1572 837.5948 193.7174 1.4540 1.5347 3.6751 15.7597 1.5580 55.6017 2.4782 0.0046
Car 0.0000 0 1.1642 1177.8704 178.7598 1242.0000 220.5154 1.4032 1.6381 4.0552 23.1480 1.6427 27.0393 1.8664 0.0046
Car 0.0000 0 1.9443 777.4776 174.6193 892.1342 235.0351 1.5127 1.7144 4.1096 6.3729 1.5681 20.3301 2.2433 0.0046
Car 0.0000 0 0.4273 0.0000 0.0000 1242.0000 375.0000 1.5038 1.7371 4.2644 9.7166 1.4714 1.6414 1.8015 0.0046
Car 0.0000 0 2.4192 791.9622 174.5725 843.9268 193.9411 1.4372 1.5556 3.7349 15.9179 1.5729 55.3080 2.6977 0.0046
Car 0.0000 0 -0.4296 790.1719 178.8623 971.3953 243.5056 1.5214 1.7094 3.9208 6.6890 1.6816 18.1816 -0.0831 0.0046
Car 0.0000 0 1.6078 529.9536 178.2133 548.3624 194.4791 1.4400 1.5675 3.7251 -6.5769 1.9525 67.0395 1.5100 0.0045
Car 0.0000 0 -1.3473 305.9419 179.0555 342.6786 206.5815 2.1735 1.8668 4.6985 -23.9330 2.7154 60.5431 -1.7226 0.0045
Car 0.0000 0 1.1725 1176.1624 177.1499 1242.0000 218.7023 1.4309 1.6572 3.7675 23.2281 1.6060 27.3114 1.8716 0.0045
Car 0.0000 0 -0.1213 796.5330 182.1550 956.7209 246.2483 1.4429 1.6174 3.5082 6.3808 1.6871 17.7486 0.2178 0.0045
Car 0.0000 0 -0.1247 798.3027 173.9581 981.0418 236.1333 1.5223 1.7312 4.2959 7.1651 1.5538 19.0421 0.2295 0.0045
Car 0.0000 0 -0.4532 783.2480 178.3474 967.6548 239.7575 1.5073 1.6502 4.2585 6.8518 1.6601 18.9549 -0.1120 0.0045
Car 0.0000 0 0.5320 0.0000 0.0000 1242.0000 375.0000 1.4323 1.6543 4.2490 9.5468 1.4361 1.4880 1.9184 0.0045
Car 0.0000 0 1.3624 1086.2732 168.9606 1179.5742 221.5406 1.4663 1.5309 3.7725 15.8803 1.3581 22.1545 1.9777 0.0044
Car 0.0000 0 -2.3623 297.4385 181.8182 369.4474 209.7277 1.5661 1.6914 3.9738 -16.5446 2.1212 43.0714 -2.7273 0.0044
Car 0.0000 0 1.7104 969.5531 176.4439 1034.7444 219.4034 1.5473 1.7166 4.2149 15.5360 1.7008 28.5618 2.2038 0.0044
Car 0.0000 0 -1.5148 856.0141 181.5210 938.5200 253.8113 1.4652 1.6370 3.9326 6.9066 1.6985 17.2609 -1.1408 0.0044
Car 0.0000 0 0.9202 1148.6459 179.6600 1242.0000 222.8956 1.4556 1.6142 4.0367 22.3628 1.7298 26.9797 1.6065 0.0044
Car 0.0000 0 1.4921 1132.8220 178.2071 1187.6375 216.1205 1.4758 1.5409 3.5935 23.1906 1.7172 30.5581 2.1362 0.0044
Car 0.0000 0 1.7077 723.6763 176.3411 758.1504 202.0836 1.5840 1.6644 4.2654 8.5937 1.8240 47.2997 1.8859 0.0043
Car 0.0000 0 1.6097 435.9151 178.4921 460.7877 200.0270 1.5805 1.7290 4.4208 -12.6442 2.0406 56.5023 1.3902 0.0043
Car 0.0000 0 0.5371 0.0000 0.0000 1242.0000 375.0000 1.5562 1.5627 4.1608 39.7431 0.8318 1.9954 2.0504 0.0043
Car 0.0000 0 -0.1816 792.0328 182.6824 968.6102 248.0757 1.4872 1.6330 3.8467 6.5059 1.7461 17.8577 0.1617 0.0043
Car 0.0000 0 -0.7087 776.5386 176.8789 940.1219 242.4895 1.5357 1.6475 3.8407 6.3331 1.6478 18.5531 -0.3854 0.0043
Car 0.0000 0 -1.8064 1049.2915 166.0046 1151.1788 221.5767 1.5663 1.6912 4.0256 15.0992 1.3737 22.5150 -1.2221 0.0043
Car 0.0000 0 -1.4812 897.5368 180.5352 952.3170 219.2440 1.4844 1.7879 4.3378 13.5142 1.8389 30.9253 -1.0733 0.0043
Car 0.0000 0 -0.7420 784.7610 176.8403 941.4467 236.3330 1.4943 1.6379 4.0430 6.9362 1.6131 19.8884 -0.4117 0.0043
Car 0.0000 0 -1.5242 906.0481 180.6597 948.4754 217.3945 1.4233 1.5099 2.9731 13.3252 1.7698 30.3293 -1.1144 0.0043
Car 0.0000 0 0.8016 0.0000 0.0000 1242.0000 375.0000 1.4357 1.7007 3.8772 9.2237 1.5026 1.8296 2.1461 0.0043
Car 0.0000 0 2.0975 147.6343 191.5573 215.5450 221.3082 1.4949 1.5955 3.7657 -24.0021 2.5944 40.5126 1.5652 0.0043
Car 0.0000 0 1.5680 790.6919 178.2180 854.9087 244.3251 1.4758 1.4148 3.1297 5.2550 1.6232 18.0786 1.8457 0.0043
Car 0.0000 0 1.2000 1045.1356 171.8247 1157.4996 223.8173 1.4699 1.5380 3.9145 15.0964 1.4412 22.4726 1.7851 0.0042
Car 0.0000 0 1.5851 434.5330 178.2952 457.9950 199.9870 1.5828 1.7142 4.6061 -12.7640 2.0261 56.2965 1.3628 0.0042
Car 0.0000 0 1.1336 1107.9520 178.2278 1195.8448 216.5680 1.4901 1.5694 3.6034 22.7500 1.7319 30.4996 1.7694 0.0042
Car 0.0000 0 -0.5614 779.7294 178.1389 961.0933 240.6581 1.5190 1.6399 4.2924 6.7778 1.6681 19.0223 -0.2247 0.0042
Car 0.0000 0 -1.7803 873.9120 168.6448 953.3765 218.9043 1.5966 1.7468 3.7870 10.3396 1.4632 24.9370 -1.3919 0.0042
Car 0.0000 0 -2.0083 1023.8734 165.6308 1147.6647 220.2265 1.5553 1.7076 3.8984 14.6803 1.3499 22.5968 -1.4384 0.0042
Pedestrian 0.0000 0 -0.6724 293.7104 186.1195 304.7043 206.5682 1.7832 0.6149 0.6541 -27.5512 2.9667 63.9145 -1.0782 0.0042
Car 0.0000 0 1.6705 1136.6094 178.7318 1194.1927 216.7954 1.4771 1.5806 3.7848 23.4830 1.7417 30.5145 2.3213 0.0041
Car 0.0000 0 0.4085 0.0000 0.0000 1242.0000 375.0000 1.4656 1.7469 4.4402 9.7198 1.4839 1.5340 1.7934 0.0041
Pedestrian 0.0000 0 -0.1806 924.5591 172.4546 946.8920 223.4077 1.6043 0.4798 0.5695 10.3408 1.5921 23.0157 0.2364 0.0041
Car 0.0000 0 1.7574 967.0076 177.2851 1037.1791 221.6349 1.6056 1.7401 4.0934 15.5976 1.7952 28.6847 2.2506 0.0041
Car 0.0000 0 1.2269 1147.5631 179.9068 1242.0000 222.7588 1.4488 1.6622 3.9232 21.9722 1.7360 27.2171 1.9004 0.0041
Car 0.0000 0 -1.6725 795.3339 159.0511 833.0492 194.3784 2.1104 1.8336 4.3400 12.7554 1.2862 45.3955 -1.4006 0.0041
Car 0.0000 0 1.2567 384.5364 175.1679 427.5129 202.3424 1.7291 1.6573 3.8583 -13.7262 1.8911 48.3245 0.9811 0.0041
Car 0.0000 0 0.8190 1155.2920 179.6123 1242.0000 221.0338 1.3954 1.5667 3.8895 22.6474 1.6667 26.9396 1.5123 0.0041
Car 0.0000 0 -1.3938 720.0766 174.3946 780.6611 218.8974 1.6016 1.6356 4.1810 5.5457 1.6673 28.3647 -1.2033 0.0041
Car 0.0000 0 -1.5276 903.0352 180.9802 949.8217 217.9847 1.4248 1.6804 3.9537 13.5421 1.7969 30.8658 -1.1182 0.0041
Car 0.0000 0 1.8785 487.2431 177.4147 530.1317 203.4524 1.5970 1.6413 3.9869 -6.5895 1.9083 47.0922 1.7398 0.0040
Car 0.0000 0 1.2043 383.3890 175.4734 427.6700 202.1158 1.6966 1.6353 3.6943 -13.7487 1.8794 48.2998 0.9280 0.0040
Car 0.0000 0 -0.6134 851.8138 180.7129 1033.3588 246.8056 1.3861 1.5727 3.5169 7.5048 1.5784 16.5047 -0.1940 0.0040
Car 0.0000 0 -0.8013 1135.5432 167.4973 1242.0000 227.3168 1.5678 1.6570 4.3600 17.1781 1.4278 19.9453 -0.0979 0.0040
Car 0.0000 0 -1.4276 902.6815 179.6406 959.3975 218.8306 1.5235 1.6719 4.1139 13.8007 1.8359 30.9913 -1.0128 0.0040
Car 0.0000 0 2.2514 773.7620 178.9156 907.0187 242.2661 1.4682 1.4463 3.4233 5.9128 1.6376 18.5666 2.5543 0.0040
Cyclist 0.0000 0 -1.7397 1113.2327 165.6178 1148.6655 244.0829 1.5410 0.3426 1.4108 10.6760 1.3992 14.8784 -1.1271 0.0040
Car 0.0000 0 -0.0936 136.9918 178.7626 213.9039 207.8670 1.9484 1.7748 4.5323 -30.8284 2.3849 51.1932 -0.6336 0.0040
Cyclist 0.0000 0 -1.4814 784.8501 174.8258 806.4503 239.6649 1.7028 0.4319 1.7771 5.0877 1.7600 19.9114 -1.2356 0.0039
Car 0.0000 0 -0.1304 802.5089 181.1617 968.6404 246.9221 1.4833 1.6352 3.6213 6.5998 1.7019 17.7649 0.2191 0.0039
Car 0.0000 0 -0.5014 785.4530 177.8166 944.3156 240.7142 1.4806 1.5777 3.4535 6.3374 1.6137 18.2253 -0.1725 0.0039
Car 0.0000 0 0.2256 0.0000 0.0000 1242.0000 375.0000 1.5071 1.7998 4.3878 10.2561 1.5713 1.8310 1.5920 0.0039
Car 0.0000 0 0.0341 0.0000 0.0000 1242.0000 375.0000 1.5383 1.6624 3.9744 31.1940 0.6487 0.7831 1.5706 0.0039
Car 0.0000 0 -1.5096 897.3211 180.9301 949.8543 219.6332 1.4918 1.8374 4.1771 13.5026 1.8651 31.0381 -1.1033 0.0039
Car 0.0000 0 1.3859 1130.3906 176.9985 1197.4482 215.6309 1.4912 1.5483 3.7135 23.1186 1.6771 30.2870 2.0328 0.0039
Car 0.0000 0 1.6970 1146.0466 177.7025 1208.3287 215.9746 1.4865 1.6145 3.8437 23.9223 1.7044 30.4390 2.3580 0.0039
Car 0.0000 0 1.6526 430.8091 178.8375 458.5627 200.5323 1.5712 1.7215 4.7039 -12.8218 2.0567 56.0537 1.4284 0.0039
Car 0.0000 0 0.0603 792.4275 185.5033 994.5881 254.2571 1.4098 1.6699 4.2449 6.5605 1.7372 17.0229 0.4215 0.0039
Car 0.0000 0 1.9900 481.2965 176.9845 527.9391 202.7386 1.5648 1.5067 3.9433 -6.7853 1.8441 46.6148 1.8459 0.0039
Car 0.0000 0 0.6582 0.0000 0.0000 1242.0000 375.0000 1.4415 1.7156 4.2269 9.2660 1.4750 1.3893 2.0494 0.0039
Car 0.0000 0 0.1715 0.0000 0.0000 1242.0000 375.0000 1.5060 1.6554 3.7999 30.9447 0.6942 0.9560 1.7021 0.0039
Car 0.0000 0 -0.2842 872.0828 176.2861 1108.4397 246.8711 1.4566 1.6787 4.4012 8.3034 1.5400 16.2271 0.1808 0.0038
Car 0.0000 0 1.9022 150.3517 193.2770 208.3133 222.5103 1.4387 1.5940 3.9266 -24.1278 2.6445 40.5023 1.3676 0.0038
Car 0.0000 0 1.5765 1138.9285 179.2135 1188.3403 217.5803 1.4870 1.5813 3.8675 23.4565 1.7752 30.6456 2.2247 0.0038
Car 0.0000 0 -0.2999 786.2202 180.7386 945.0147 243.7123 1.4712 1.5681 3.3935 6.1994 1.6762 17.8927 0.0277 0.0038
Car 0.0000 0 0.2677 0.0000 0.0000 1242.0000 375.0000 1.4826 1.6270 3.6502 30.8747 0.6921 0.7597 1.8046 0.0038
Car 0.0000 0 -1.5314 903.2208 181.1758 949.0547 218.1140 1.4249 1.6624 3.7173 13.4897 1.8038 30.7838 -1.1225 0.0038
Car 0.0000 0 1.6042 416.1784 176.6569 437.7839 198.2837 1.6364 1.5284 4.3584 -14.6240 1.9529 57.6894 1.3567 0.0038
Car 0.0000 0 0.2651 791.4955 185.0272 977.6195 254.7932 1.4177 1.5637 3.8328 6.3654 1.7346 17.0148 0.6166 0.0037
Car 0.0000 0 1.7536 716.5928 176.1306 782.8867 220.6298 1.5797 1.7093 5.0015 5.5976 1.7221 28.6405 1.9440 0.0037
Car 0.0000 0 1.5303 1169.1581 179.4129 1223.8765 218.2433 1.4819 1.5956 3.8112 24.4487 1.7752 30.2188 2.2054 0.0037
Car 0.0000 0 1.7391 433.5856 177.8828 466.2974 199.8438 1.6297 1.7585 4.7087 -12.6233 2.0443 57.0345 1.5219 0.0037
Car 0.0000 0 0.0834 792.0887 184.5545 973.3317 251.9781 1.4278 1.6726 3.9227 6.4931 1.7362 17.4105 0.4341 0.0036
Car 0.0000 0 1.6513 1144.5238 178.3226 1201.2390 216.4140 1.4834 1.6157 3.8100 23.8737 1.7305 30.6092 2.3087 0.0036
Car 0.0000 0 -0.7427 782.9240 177.0221 948.4017 240.4816 1.5194 1.6500 4.0925 6.7099 1.6389 19.0514 -0.4096 0.0036
Car 0.0000 0 -1.5004 903.1515 180.5542 951.1649 218.6738 1.4711 1.6404 3.3014 13.3721 1.8159 30.4306 -1.0905 0.0036
Car 0.0000 0 2.0653 522.3257 177.4182 573.1040 199.9384 1.5286 1.6536 4.6827 -4.4921 1.8765 52.4546 1.9799 0.0036
Pedestrian 0.0000 0 -0.2612 924.5684 171.4511 947.1653 222.5607 1.6094 0.5182 0.5385 10.3452 1.5656 23.0154 0.1559 0.0036
Car 0.0000 0 1.9037 762.1381 169.5090 811.2422 198.1629 1.7797 1.9119 4.0002 11.5212 1.5723 47.0110 2.1422 0.0036
Car 0.0000 0 1.4302 1073.4937 170.5857 1156.3562 223.9990 1.5047 1.5463 3.7932 15.4901 1.4411 22.3662 2.0294 0.0036
Car 0.0000 0 1.6741 329.7657 181.3784 365.4503 209.8724 1.5763 1.6066 3.9732 -15.7297 2.1134 43.3039 1.3273 0.0036
Car 0.0000 0 -2.2730 1127.1366 162.1315 1242.0000 231.3614 1.6130 1.6821 4.2242 15.8948 1.3635 18.9301 -1.5825 0.0035
Car 0.0000 0 -0.6098 788.0203 177.8989 961.8171 242.0977 1.5183 1.6484 3.9877 6.7461 1.6579 18.5909 -0.2675 0.0035
Car 0.0000 0 2.0630 793.3309 174.2610 834.3688 194.3220 1.4850 1.5720 3.5037 15.6663 1.5970 55.4686 2.3366 0.0035
Car 0.0000 0 -0.5062 859.9932 174.0297 1078.5652 243.0670 1.4892 1.7122 4.1996 8.0940 1.5182 16.5742 -0.0595 0.0035
Car 0.0000 0 -0.0498 138.3967 178.7454 220.8840 207.6260 1.9308 1.8413 4.9499 -30.5588 2.3670 51.2415 -0.5855 0.0035
Pedestrian 0.0000 0 -0.5185 821.5201 162.8243 845.8077 205.1482 2.0610 0.7404 0.8940 10.9916 1.5730 35.5933 -0.2218 0.0035
Car 0.0000 0 1.8101 782.3829 177.3902 880.5995 241.5885 1.4773 1.6112 3.8629 5.8601 1.6100 18.9668 2.1047 0.0035
Car 0.0000 0 1.9499 777.7437 175.2209 889.3706 234.3685 1.5000 1.6739 4.0407 6.4061 1.5747 20.5631 2.2472 0.0035
Car 0.0000 0 2.4151 791.2066 174.3000 841.4610 193.7800 1.4482 1.5285 3.6023 15.8002 1.5624 55.3291 2.6915 0.0035
Car 0.0000 0 0.3762 0.0000 0.0000 1242.0000 375.0000 1.5291 1.7071 3.6973 30.9135 0.6920 0.6005 1.9183 0.0035
Car 0.0000 0 -0.2048 0.0000 0.0000 1242.0000 375.0000 1.5718 1.6314 4.0674 31.2028 0.7832 0.0031 1.3566 0.0035
Car 0.0000 0 -2.2628 1111.6134 163.3285 1242.0000 229.1887 1.5912 1.8368 4.0725 15.8549 1.3614 19.4805 -1.5874 0.0034
Car 0.0000 0 -1.9568 757.6503 159.2762 799.8873 187.5801 2.2154 1.7966 4.4525 13.6729 1.1530 58.8124 -1.7297 0.0034
Car 0.0000 0 1.2661 1111.2122 178.1662 1188.5405 216.0368 1.4780 1.5812 3.6689 22.8306 1.7191 30.7076 1.9004 0.0034
Car 0.0000 0 1.7476 960.8694 177.8791 1030.8595 222.4279 1.6103 1.7575 4.2795 15.4206 1.8268 28.8079 2.2343 0.0034
Car 0.0000 0 0.9377 1021.3974 171.4817 1156.0275 222.2255 1.4453 1.5244 3.7813 14.6993 1.4065 22.4811 1.5104 0.0034
Car 0.0000 0 1.3598 1149.6475 178.5104 1228.0287 220.8556 1.4763 1.6136 3.4906 21.9871 1.7080 27.5885 2.0270 0.0034
Car 0.0000 0 2.0827 414.7801 181.3265 482.8539 214.0056 1.4688 1.6439 3.7429 -7.8979 1.9100 35.5093 1.8650 0.0034
Car 0.0000 0 0.8626 786.5306 185.0490 947.5009 255.0372 1.4085 1.5699 3.6827 5.9265 1.7337 17.2168 1.1880 0.0034
Car 0.0000 0 -2.0141 1026.2880 166.3879 1147.0118 221.2195 1.5667 1.6786 3.7289 14.7014 1.3823 22.5693 -1.4430 0.0034
Car 0.0000 0 -0.4664 0.0000 0.0000 1242.0000 375.0000 1.5940 1.6004 4.4578 31.4118 0.7701 0.0021 1.0952 0.0034
Car 0.0000 0 1.7186 448.0407 177.4917 477.6592 197.9231 1.6116 1.7126 5.0508 -12.3380 2.0182 60.6420 1.5184 0.0033
Car 0.0000 0 0.0475 539.6011 177.1020 585.3438 194.9596 1.5648 1.7549 4.0071 -4.2448 1.9507 64.5701 -0.0183 0.0033
Car 0.0000 0 -1.7639 848.1246 179.2663 951.5572 245.4382 1.4218 1.6267 3.8066 7.0005 1.5992 17.9059 -1.3975 0.0033
Car 0.0000 0 -2.3576 1116.1931 163.0437 1242.0000 229.0053 1.5785 1.7946 4.0169 15.9714 1.3441 19.3552 -1.6754 0.0033
Car 0.0000 0 1.7611 785.3471 177.2227 874.5317 241.2147 1.4771 1.5693 3.7831 5.8163 1.6047 18.9707 2.0535 0.0033
Pedestrian 0.0000 0 -0.2275 923.3069 165.7325 954.2766 218.3972 1.6361 0.6171 0.7673 10.3318 1.4152 22.7890 0.1928 0.0033
Car 0.0000 0 -1.0542 1165.9711 175.6117 1242.0000 215.8523 1.5355 1.9146 4.2234 25.0417 1.6544 29.3827 -0.3537 0.0032
Car 0.0000 0 0.0796 802.9623 181.1554 959.6208 249.1443 1.4694 1.5959 3.3913 6.4664 1.6862 17.3732 0.4296 0.0032
Car 0.0000 0 1.7399 962.1501 177.1926 1032.9410 221.2917 1.5764 1.7545 4.5109 15.3648 1.7626 28.5685 2.2285 0.0032
Car 0.0000 0 1.5225 1135.9888 180.0850 1190.2971 217.6281 1.4511 1.6195 3.9343 23.4714 1.7807 30.7698 2.1691 0.0032
Car 0.0000 0 1.7126 532.3269 178.8121 553.8556 194.8032 1.4168 1.5090 3.5444 -6.2136 1.9860 67.0789 1.6202 0.0032
Car 0.0000 0 1.8267 493.3127 177.5981 530.1412 203.1651 1.5655 1.5232 3.5098 -6.3490 1.8849 46.6918 1.6919 0.0032
Car 0.0000 0 -1.5419 901.4965 180.9059 950.2198 219.3756 1.4779 1.7939 3.8998 13.4649 1.8455 30.7611 -1.1334 0.0032
Car 0.0000 0 0.8984 1126.1096 162.3269 1242.0000 229.6484 1.6294 1.7332 3.6364 15.9066 1.3750 19.2870 1.5802 0.0032
Car 0.0000 0 1.4165 1064.0126 168.2506 1146.6506 221.6257 1.5011 1.5077 3.7434 15.1526 1.3720 22.3051 2.0068 0.0032
Car 0.0000 0 1.5123 798.2628 175.2411 876.8168 245.9350 1.5647 1.6134 3.7816 5.5592 1.6317 18.1302 1.8045 0.0032
Car 0.0000 0 1.9971 485.5201 178.0814 532.4196 203.8161 1.5682 1.5493 3.8889 -6.5448 1.9235 46.8977 1.8588 0.0032
Car 0.0000 0 -0.8320 1137.6055 169.2404 1242.0000 227.8821 1.5340 1.6389 4.0182 17.0415 1.4398 19.9494 -0.1327 0.0032
Car 0.0000 0 -2.5172 1111.7642 161.4140 1242.0000 228.9250 1.6373 1.8927 3.8249 16.1038 1.3602 19.5897 -1.8368 0.0031
Car 0.0000 0 1.9826 792.8890 174.0950 830.0002 193.8809 1.4732 1.4978 3.4884 15.5698 1.5727 55.7766 2.2531 0.0031
Car 0.0000 0 0.5475 0.0000 0.0000 1242.0000 375.0000 1.4557 1.5721 3.7788 28.2453 1.0569 -0.1422 2.1131 0.0031
Car 0.0000 0 1.9136 441.3148 177.3437 481.7227 197.8911 1.6087 1.6973 5.0736 -12.3588 2.0004 60.2677 1.7118 0.0031
Cyclist 0.0000 0 -2.2644 1086.4655 172.3722 1174.3308 252.1124 1.5123 0.4272 1.7098 10.3950 1.5035 14.5511 -1.6542 0.0031
Car 0.0000 0 -1.0739 0.0000 0.0000 1242.0000 375.0000 1.4836 1.7297 4.1060 31.7611 0.7537 -0.1963 0.4940 0.0031
Car 0.0000 0 -0.4018 777.5888 180.9232 965.9193 245.0401 1.5088 1.6794 4.1390 6.4623 1.7236 18.1973 -0.0664 0.0031
Car 0.0000 0 1.6916 789.0669 173.0820 816.6763 193.1635 1.4997 1.6110 3.9992 14.9976 1.5185 56.0878 1.9512 0.0031
Car 0.0000 0 1.3463 469.3676 179.8844 507.4481 204.8906 1.4852 1.5665 3.9023 -7.8465 1.9556 46.1356 1.1784 0.0030
Pedestrian 0.0000 0 -0.2299 923.5353 166.0804 952.9247 218.1386 1.6199 0.6131 0.7220 10.3283 1.4095 22.8191 0.1899 0.0030
Car 0.0000 0 -0.7200 1129.9032 172.0528 1242.0000 229.1109 1.5253 1.6704 4.1104 17.1284 1.5042 20.1685 -0.0235 0.0030
Pedestrian 0.0000 0 -0.4756 817.1481 165.7377 840.8181 206.4077 1.9814 0.7063 0.8913 10.7562 1.6350 35.5784 -0.1848 0.0030
Car 0.0000 0 -2.4864 1100.8651 162.8746 1242.0000 228.6760 1.6312 1.9319 3.8736 16.0859 1.3842 19.9976 -1.8165 0.0030
Pedestrian 0.0000 0 -2.8873 1101.7185 169.5139 1146.5763 249.5945 1.5694 0.5267 0.6287 10.3153 1.5043 14.5479 -2.2805 0.0030
Car 0.0000 0 1.6327 430.7807 178.1182 457.9554 200.0730 1.5771 1.7367 4.9829 -12.7579 2.0027 55.6748 1.4081 0.0030
Car 0.0000 0 1.7533 780.5942 176.6922 869.2147 243.3250 1.5103 1.5709 3.5803 5.5471 1.6196 18.5282 2.0391 0.0029
Car 0.0000 0 1.9081 486.7372 177.5981 530.7377 203.8121 1.6017 1.6178 3.9513 -6.5649 1.9245 46.9387 1.7695 0.0029
Car 0.0000 0 1.6103 329.5258 181.4778 360.4110 209.1700 1.5390 1.5901 3.9341 -15.9787 2.0850 43.5314 1.2602 0.0029
Car 0.0000 0 0.6090 0.0000 0.0000 1242.0000 375.0000 1.6633 1.6810 4.0452 30.5573 0.8339 -0.2143 2.1774 0.0029
Car 0.0000 0 -0.1778 0.0000 0.0000 1242.0000 375.0000 1.4804 1.6308 4.4412 27.8261 1.1225 2.3009 1.3000 0.0029
Car 0.0000 0 2.0132 792.5870 174.4659 830.9211 193.9779 1.4506 1.5123 3.4837 15.5853 1.5795 55.7494 2.2840 0.0029
Car 0.0000 0 1.0935 1122.0665 170.4028 1242.0000 231.2366 1.5121 1.6888 3.6286 15.9225 1.4515 19.8734 1.7614 0.0029
Car 0.0000 0 -2.9344 787.5840 184.8216 964.3829 253.4735 1.4275 1.6604 3.7167 6.2837 1.7421 17.2644 -2.5916 0.0029
Car 0.0000 0 1.6903 765.5993 175.7870 839.5038 242.2258 1.5134 1.4502 3.3130 4.9275 1.5959 18.3996 1.9472 0.0029
Pedestrian 0.0000 0 0.5967 427.5712 174.0928 449.7268 230.0134 1.9141 0.5066 0.5607 -5.9910 1.9580 25.0460 0.3637 0.0028
Car 0.0000 0 -0.0797 790.5089 184.0358 997.7222 249.8503 1.4083 1.8030 4.4427 6.6264 1.7014 17.4136 0.2775 0.0028
Car 0.0000 0 2.0070 415.7790 181.3422 483.2208 215.3596 1.5101 1.6602 4.0412 -7.7972 1.9505 35.2543 1.7904 0.0028
Car 0.0000 0 1.6263 414.2378 174.3805 438.1607 197.5594 1.7530 1.6148 3.8654 -14.4830 1.8780 56.8873 1.3778 0.0028
Car 0.0000 0 0.5091 0.0000 0.0000 1242.0000 375.0000 1.4724 1.6068 3.6758 28.2155 1.0762 -0.1454 2.0747 0.0028
Car 0.0000 0 1.7796 766.7304 178.4018 847.4565 243.8045 1.4554 1.3247 3.2329 4.9572 1.6083 18.0904 2.0421 0.0028
Car 0.0000 0 -2.2160 789.6140 182.8044 946.4148 257.4257 1.5068 1.5914 3.6379 5.8953 1.7698 17.0706 -1.8896 0.0028
Car 0.0000 0 1.6943 791.4366 176.0074 878.2286 243.9700 1.5407 1.6740 4.1515 5.9034 1.6330 18.7987 1.9934 0.0028
Car 0.0000 0 1.6871 793.7698 176.3357 881.7040 245.1393 1.5316 1.6923 4.2226 5.9074 1.6325 18.5615 1.9899 0.0027
Car 0.0000 0 -1.8949 802.3245 183.1329 915.7567 250.1464 1.4335 1.5426 3.5547 5.9431 1.7123 17.7616 -1.5778 0.0027
Pedestrian 0.0000 0 -2.9128 1102.3844 167.5238 1145.5160 248.7590 1.5924 0.5529 0.6039 10.3141 1.4883 14.5504 -2.3062 0.0027
Car 0.0000 0 1.9960 481.3778 177.4761 531.0287 204.3142 1.6292 1.6210 4.1418 -6.6999 1.9434 46.7752 1.8541 0.0027
Car 0.0000 0 1.6501 785.1869 176.9346 852.7541 242.8801 1.4918 1.4106 3.2087 5.3068 1.6055 18.2857 1.9275 0.0027
Car 0.0000 0 1.8756 713.6437 177.1136 789.1252 220.0462 1.5295 1.6569 4.5261 5.6378 1.7126 28.5600 2.0679 0.0027
Car 0.0000 0 1.9395 403.4670 177.4552 441.1648 198.8772 1.6158 1.5538 4.0287 -14.9090 1.9956 57.4103 1.6863 0.0027
Car 0.0000 0 2.4051 1143.7965 167.9275 1242.0000 224.5893 1.4745 1.5587 3.9848 17.0108 1.3467 19.6120 3.1119 0.0027
Car 0.0000 0 1.6581 334.2911 179.5596 367.6916 208.2704 1.6215 1.5663 3.9597 -15.7255 2.0491 43.8490 1.3154 0.0027
Car 0.0000 0 1.8757 403.3777 178.0601 450.3008 204.6747 1.6824 1.7450 4.7214 -12.3837 2.0534 48.9585 1.6289 0.0026
Car 0.0000 0 2.0833 86.3306 197.8568 145.7663 223.8644 1.4838 1.5764 3.6585 -31.9144 3.1674 46.6839 1.4861 0.0026
Car 0.0000 0 1.7645 779.7966 178.8049 863.9880 243.2904 1.4796 1.5066 3.2536 5.5009 1.6488 18.6748 2.0459 0.0026
Car 0.0000 0 1.7352 426.3593 179.8081 459.1832 200.9307 1.5043 1.7128 4.6392 -12.7922 2.0606 55.3116 1.5087 0.0026
Car 0.0000 0 -0.1992 1127.8444 165.9847 1242.0000 228.0295 1.5706 1.7628 3.5198 16.5049 1.3971 19.8641 0.4865 0.0026
Car 0.0000 0 1.9148 789.5126 174.1928 825.9575 194.0494 1.4785 1.6099 3.6017 15.3257 1.5862 55.9210 2.1806 0.0026
Car 0.0000 0 0.2970 0.0000 0.0000 1242.0000 375.0000 1.5543 1.6411 3.6792 30.9275 0.7946 0.3157 1.8483 0.0025
Car 0.0000 0 0.9765 1127.5096 163.3404 1242.0000 230.5875 1.6261 1.7594 3.6692 15.9158 1.3964 19.3482 1.6571 0.0025
Pedestrian 0.0000 0 -1.2383 300.4040 180.8085 319.9351 219.6970 1.9838 0.8239 0.4605 -15.4779 2.3967 37.1636 -1.6307 0.0025
Car 0.0000 0 1.7049 781.2201 178.0013 852.3225 242.4170 1.4756 1.3742 2.9804 5.2873 1.6192 18.4290 1.9793 0.0025
Car 0.0000 0 1.9253 440.3499 177.3661 481.6981 197.9970 1.6073 1.6981 5.1103 -12.3485 1.9996 60.0255 1.7230 0.0025
Car 0.0000 0 -2.2975 1104.6344 165.0418 1242.0000 228.8815 1.6097 1.8313 3.8448 16.0872 1.4131 20.1650 -1.6315 0.0025
Car 0.0000 0 0.1325 0.0000 0.0000 1242.0000 375.0000 1.5652 1.6805 3.9743 32.9846 0.7151 -0.0601 1.6964 0.0025
Car 0.0000 0 -0.4452 864.3840 175.1277 1076.6675 243.5462 1.4842 1.6468 4.0402 8.0905 1.5393 16.5326 0.0023 0.0025
Car 0.0000 0 0.3421 0.0000 0.0000 1242.0000 375.0000 1.5268 1.6112 3.7922 28.4228 1.0032 0.0304 1.9016 0.0025
Car 0.0000 0 1.7486 790.9156 173.9031 819.3969 193.0537 1.4301 1.5385 3.5480 15.1532 1.5147 56.0237 2.0111 0.0025
Car 0.0000 0 1.1403 1075.7686 168.4942 1198.0535 225.6885 1.5673 1.5526 3.6517 15.6435 1.4482 21.7078 1.7580 0.0024
Car 0.0000 0 0.3947 0.0000 0.0000 1242.0000 375.0000 1.4853 1.6937 3.8723 32.9890 0.6052 0.6234 1.9379 0.0024
Car 0.0000 0 1.4795 1078.4316 170.2803 1154.6049 224.3031 1.5157 1.5425 3.7976 15.4856 1.4439 22.2754 2.0804 0.0024
Cyclist 0.0000 0 -1.2480 777.7166 171.0592 808.8647 234.8708 1.7260 0.3825 1.5580 5.1155 1.6779 20.2744 -1.0050 0.0024
Car 0.0000 0 1.6130 325.9572 181.8505 357.2854 209.3581 1.5167 1.5913 3.9795 -16.1001 2.0839 43.3176 1.2588 0.0024
Car 0.0000 0 1.8433 332.1649 178.8237 375.6016 206.5786 1.6045 1.5647 3.7580 -15.7592 1.9887 44.4656 1.5043 0.0024
Car 0.0000 0 2.0442 398.5517 176.3166 441.2833 198.4631 1.6599 1.6080 4.0016 -14.9546 1.9434 56.8684 1.7879 0.0024
Car 0.0000 0 -1.1781 0.0000 0.0000 1242.0000 375.0000 1.5440 1.7434 4.2987 31.8345 0.7226 -0.2174 0.3905 0.0024
Car 0.0000 0 1.7360 779.9372 179.5033 853.2775 242.4075 1.4445 1.3506 3.0195 5.3245 1.6313 18.5699 2.0103 0.0024
Car 0.0000 0 1.8268 791.1669 175.5887 821.4760 194.6577 1.4184 1.4882 3.3015 15.2310 1.6378 55.9878 2.0907 0.0023
Car 0.0000 0 -0.2226 779.6185 182.9609 985.6504 249.0569 1.4981 1.7983 4.4745 6.5387 1.7651 17.8718 0.1220 0.0023
Car 0.0000 0 0.3400 0.0000 0.0000 1242.0000 375.0000 1.4727 1.6842 3.9097 33.0409 0.6109 0.6765 1.8817 0.0023
Car 0.0000 0 1.4856 824.2081 178.3504 910.7468 243.2713 1.4218 1.6744 4.0643 6.3668 1.5784 18.3408 1.8141 0.0023
Car 0.0000 0 1.5882 729.5637 175.5119 756.0443 202.0913 1.6599 1.6478 4.0535 8.7659 1.8437 47.6364 1.7686 0.0023
Car 0.0000 0 -2.7045 0.0000 0.0000 1242.0000 375.0000 1.4725 1.6388 3.7308 31.0305 0.8914 1.9839 -1.2068 0.0023
Car 0.0000 0 -1.3019 0.0000 0.0000 1242.0000 375.0000 1.5546 1.7791 4.5096 32.0263 0.7226 -0.1714 0.2653 0.0023
Pedestrian 0.0000 0 -1.2583 300.6821 179.8724 320.0989 219.6090 2.0284 0.8158 0.4823 -15.4806 2.3933 37.1980 -1.6506 0.0023
Car 0.0000 0 0.2985 0.0000 0.0000 1242.0000 375.0000 1.5821 1.5915 3.9454 28.4174 1.0411 -0.2396 1.8675 0.0023
Car 0.0000 0 2.0329 415.2483 181.6634 481.2833 213.5486 1.4344 1.7238 3.6488 -7.9309 1.8927 35.5276 1.8144 0.0023
Pedestrian 0.0000 0 -3.2196 1110.4836 174.2677 1157.1014 254.2742 1.5439 0.4613 0.7091 10.3297 1.5731 14.3139 -2.6048 0.0023
Car 0.0000 0 1.3191 1236.0935 170.7428 1242.0000 220.1781 1.4296 1.5768 4.1417 21.5858 1.3689 23.0597 2.0649 0.0023
Pedestrian 0.0000 0 -1.5953 306.2433 172.6908 324.3776 213.7047 2.0862 0.8517 0.5096 -15.1923 2.0782 37.1022 -1.9817 0.0023
Cyclist 0.0000 0 -1.4667 931.1484 170.7345 951.1205 218.9220 1.5131 0.4345 1.6272 10.7333 1.4469 23.4663 -1.0429 0.0022
Car 0.0000 0 -2.9968 0.0000 0.0000 1242.0000 375.0000 1.5264 1.6526 3.8557 30.9071 0.8434 1.7687 -1.4925 0.0022
Car 0.0000 0 1.8265 776.7891 178.8486 867.0135 242.5718 1.4701 1.4985 3.2081 5.5171 1.6408 18.7363 2.1078 0.0022
Car 0.0000 0 1.3642 790.1730 175.6561 900.1001 253.3971 1.6407 1.6831 3.9920 5.4774 1.7168 17.4387 1.6629 0.0022
Car 0.0000 0 1.8675 492.6675 178.3680 531.7001 202.9703 1.5142 1.5457 3.5907 -6.3793 1.8895 47.1538 1.7334 0.0022
Car 0.0000 0 0.1667 799.8650 183.3935 937.7695 249.1840 1.4292 1.5063 2.9448 6.2171 1.7050 17.4795 0.5023 0.0022
Car 0.0000 0 1.7852 333.1003 178.9142 372.8380 206.6320 1.5946 1.5269 3.7797 -15.7742 1.9839 44.3391 1.4449 0.0022
Pedestrian 0.0000 0 -0.2250 817.6316 165.2168 840.7603 206.8170 2.0266 0.7666 0.9409 10.7592 1.6549 35.5613 0.0660 0.0022
Car 0.0000 0 1.7590 333.7105 180.4329 371.6412 207.8058 1.5650 1.5100 3.7829 -15.7919 2.0519 44.3323 1.4183 0.0022
Car 0.0000 0 0.4423 0.0000 0.0000 1242.0000 375.0000 1.4116 1.6136 3.7856 30.7935 0.8195 0.6264 1.9834 0.0022
Car 0.0000 0 1.7646 329.8093 181.2615 368.3141 209.1707 1.5635 1.4939 3.7105 -15.7273 2.0939 43.5374 1.4196 0.0021
Pedestrian 0.0000 0 -1.5482 305.9113 173.4148 323.8792 214.2479 2.0768 0.8438 0.4920 -15.2018 2.1063 37.0866 -1.9351 0.0021
Car 0.0000 0 -1.4422 899.0966 180.6788 954.0367 218.7608 1.4837 1.6970 3.9020 13.6464 1.8441 31.0865 -1.0326 0.0021
Car 0.0000 0 0.1756 343.3767 177.5491 427.3898 204.5837 1.5321 1.7749 4.4776 -13.1819 1.8163 42.4491 -0.1241 0.0021
Pedestrian 0.0000 0 -3.2224 1110.6101 172.1112 1155.2253 252.7401 1.5592 0.4900 0.6744 10.3262 1.5452 14.3325 -2.6083 0.0021
Car 0.0000 0 -2.6029 0.0000 0.0000 1242.0000 375.0000 1.4958 1.6130 3.6550 31.2069 0.9181 1.9251 -1.1030 0.0020
Car 0.0000 0 1.7693 792.1200 174.3036 820.2276 193.1037 1.4042 1.4894 3.2996 15.2171 1.5207 55.9791 2.0330 0.0020
Car 0.0000 0 0.6013 0.0000 0.0000 1242.0000 375.0000 1.5200 1.6529 3.9737 30.6458 0.8857 0.2727 2.1538 0.0020
Car 0.0000 0 0.2180 0.0000 0.0000 1242.0000 375.0000 1.4554 1.6202 3.9538 30.9446 0.7966 1.0727 1.7448 0.0020
Pedestrian 0.0000 0 -0.7832 927.4931 169.6524 953.7955 220.3884 1.5944 0.5463 0.5325 10.5019 1.4941 23.0210 -0.3606 0.0019
Car 0.0000 0 -1.3375 0.0000 0.0000 1242.0000 375.0000 1.4724 1.7080 4.3857 31.8744 0.7436 -0.1606 0.2293 0.0019
Car 0.0000 0 1.5251 1083.1863 170.1692 1153.2869 225.9121 1.5635 1.5525 3.8461 15.5484 1.4885 22.2776 2.1278 0.0019
Car 0.0000 0 1.9146 490.5313 177.7252 532.3651 202.8686 1.5418 1.5750 3.5959 -6.3925 1.8719 46.9098 1.7795 0.0019
Car 0.0000 0 -2.4035 764.1499 175.9772 812.6152 196.6368 1.5310 1.4972 3.5626 13.7680 1.7817 55.9351 -2.1637 0.0019
Car 0.0000 0 1.8002 779.2473 179.3270 867.7193 244.0555 1.4864 1.5045 3.3043 5.5616 1.6711 18.7364 2.0837 0.0019
Car 0.0000 0 0.1155 0.0000 0.0000 1242.0000 375.0000 1.4783 1.5928 3.9640 33.0919 0.7136 1.4426 1.6340 0.0018
Car 0.0000 0 0.6430 0.0000 0.0000 1242.0000 375.0000 1.4512 1.6516 3.7151 30.6879 0.8471 0.4168 2.1908 0.0018
Car 0.0000 0 2.0303 95.5473 197.3792 148.6408 222.9488 1.4858 1.5406 3.3439 -31.7887 3.1455 47.0576 1.4386 0.0018
Car 0.0000 0 -1.2351 0.0000 0.0000 1242.0000 375.0000 1.6079 1.8259 4.5820 32.0003 0.6678 0.1556 0.3219 0.0017
Car 0.0000 0 1.9472 705.4161 175.6552 786.9022 219.7196 1.5844 1.6417 4.4903 5.4333 1.7048 28.5765 2.1326 0.0017
Pedestrian 0.0000 0 0.4632 424.2648 172.6483 445.2469 230.2094 1.9736 0.5604 0.5122 -6.1304 1.9669 25.0675 0.2252 0.0017
Car 0.0000 0 0.3928 0.0000 0.0000 1242.0000 375.0000 1.3897 1.6209 4.0383 33.0858 0.7553 0.8840 1.9282 0.0017
Pedestrian 0.0000 0 0.3006 427.7897 175.2593 453.5078 230.5743 1.8688 0.5809 0.7182 -5.8418 1.9526 24.7161 0.0703 0.0017
Car 0.0000 0 1.1856 790.7062 185.2646 923.9653 255.2698 1.4400 1.7186 3.7458 5.7678 1.7738 17.4534 1.4989 0.0016
Pedestrian 0.0000 0 0.2198 429.4372 173.5023 453.2725 229.7690 1.9054 0.5980 0.6822 -5.8230 1.9283 24.7407 -0.0096 0.0016
Car 0.0000 0 1.3990 784.1599 172.6053 814.3842 193.7450 1.5946 1.5634 4.3353 14.7891 1.5762 56.6498 1.6527 0.0016
Car 0.0000 0 -1.3142 0.0000 0.0000 1242.0000 375.0000 1.5461 1.8447 4.3963 32.0180 0.6806 0.1362 0.2434 0.0015
Car 0.0000 0 1.8125 789.1516 181.0320 880.7065 241.7942 1.4295 1.5489 3.6167 6.0880 1.6724 19.4459 2.1108 0.0015
Car 0.0000 0 -1.4159 0.0000 0.0000 1242.0000 375.0000 1.5545 1.8469 4.5864 32.0702 0.6624 0.1734 0.1405 0.0015
Car 0.0000 0 1.5423 789.7175 174.1519 811.2006 193.7047 1.4526 1.4853 4.0492 14.7321 1.5576 56.0264 1.7978 0.0015
Car 0.0000 0 0.2290 0.0000 0.0000 1242.0000 375.0000 1.4581 1.5492 4.2849 30.8519 0.8813 1.2071 1.7513 0.0015
Car 0.0000 0 -2.8442 0.0000 0.0000 1242.0000 375.0000 1.4372 1.5699 3.7858 30.9242 0.8677 1.4118 -1.3284 0.0015
Car 0.0000 0 -1.5080 904.7899 182.3089 951.5876 218.4149 1.3862 1.6162 3.5304 13.5171 1.8137 30.6541 -1.0967 0.0015
Car 0.0000 0 -1.4278 0.0000 0.0000 1242.0000 375.0000 1.5245 1.7971 4.3172 31.9677 0.6941 0.1676 0.1287 0.0015
Cyclist 0.0000 0 -2.0564 912.1730 171.2406 949.2364 219.9039 1.5322 0.4576 1.4743 10.3677 1.4817 23.4670 -1.6455 0.0014
Car 0.0000 0 1.4368 787.7833 175.5230 813.0755 194.2541 1.3983 1.4650 3.2840 14.7431 1.6124 56.0701 1.6923 0.0014
Car 0.0000 0 1.6448 787.3105 176.6946 850.3754 240.3896 1.4950 1.3696 3.1396 5.4622 1.6048 18.8487 1.9220 0.0014
Car 0.0000 0 -1.0662 1241.9061 159.4434 1242.0000 315.9142 1.5285 1.6183 3.9160 9.5890 1.3979 8.2711 -0.2249 0.0014
Car 0.0000 0 0.0153 0.0000 0.0000 1242.0000 375.0000 1.5279 1.7510 4.2835 31.5864 0.7400 0.4924 1.5614 0.0014
Car 0.0000 0 1.3467 780.1917 173.7503 813.4017 194.5592 1.5558 1.5752 4.3188 14.5029 1.6288 56.3096 1.5972 0.0013
Car 0.0000 0 1.8978 710.1174 177.1194 782.8327 220.7048 1.5567 1.5919 4.0708 5.3911 1.7375 28.3562 2.0832 0.0013
Car 0.0000 0 2.1305 474.2405 178.4174 525.6800 203.9913 1.5340 1.5203 3.6993 -7.0200 1.9056 46.1463 1.9799 0.0013
Car 0.0000 0 1.0799 59.7531 192.7010 146.4144 229.3696 1.6257 1.6465 4.3490 -25.0410 2.6516 35.5646 0.4698 0.0013
Pedestrian 0.0000 0 0.2910 219.4046 181.7397 239.2200 210.5381 1.7802 0.6404 0.9556 -23.9060 2.3430 45.2571 -0.1928 0.0013
Pedestrian 0.0000 0 0.6743 417.2981 172.4417 446.7462 228.9601 1.9045 0.6525 0.7349 -6.1502 1.8910 24.7611 0.4328 0.0013
Car 0.0000 0 1.1318 72.3237 193.3881 151.4926 228.8961 1.5706 1.6181 4.1494 -24.6893 2.6361 35.6793 0.5298 0.0012
Pedestrian 0.0000 0 0.4326 418.2793 174.3492 448.4198 229.8050 1.8697 0.6258 0.8166 -6.0952 1.9221 24.7303 0.1928 0.0012
Car 0.0000 0 0.9610 48.2915 191.0549 146.8951 227.7747 1.6248 1.6735 4.4240 -24.8832 2.5465 34.9854 0.3461 0.0012
Pedestrian 0.0000 0 0.2487 219.0399 182.0345 238.8631 210.7384 1.7724 0.6139 0.9776 -23.9120 2.3534 45.2258 -0.2355 0.0012
Pedestrian 0.0000 0 0.6668 422.7228 172.4234 445.6788 229.8998 1.9676 0.5114 0.5832 -6.1471 1.9532 25.0513 0.4280 0.0012
Cyclist 0.0000 0 -1.4373 780.1094 170.7241 800.9664 234.1029 1.7372 0.3801 1.5775 5.1120 1.6792 20.5784 -1.1979 0.0011
Car 0.0000 0 1.6472 793.1126 179.1222 861.9611 243.1537 1.4894 1.4911 3.6124 5.7838 1.6728 19.1161 1.9360 0.0011
Car 0.0000 0 1.5942 506.4560 176.2461 529.0008 202.0363 1.6871 1.4559 2.9897 -6.2940 1.9260 49.1721 1.4672 0.0011
Car 0.0000 0 1.5644 505.4419 178.1037 528.2322 203.2569 1.6395 1.4978 3.0613 -6.4084 2.0105 49.3214 1.4354 0.0011
Pedestrian 0.0000 0 -3.2315 1120.5408 168.4718 1167.1780 249.4954 1.5581 0.5223 0.6914 10.4988 1.4742 14.2735 -2.6076 0.0010
Car 0.0000 0 -2.6038 159.8591 192.2050 258.5332 221.4485 1.5415 1.7758 4.5506 -22.3514 2.6478 40.2712 -3.1080 0.0010
Car 0.0000 0 1.5510 790.3582 173.6486 812.6737 193.2699 1.4697 1.5962 3.5348 14.8365 1.5339 56.1014 1.8079 0.0010
Car 0.0000 0 1.5722 791.7148 174.9877 810.9428 192.9781 1.3464 1.4062 3.2789 14.8683 1.5182 56.1821 1.8293 0.0009
Car 0.0000 0 2.0752 414.1034 181.7576 485.1878 216.3324 1.5315 1.6117 4.0912 -7.7933 1.9942 35.2760 1.8589 0.0009
Car 0.0000 0 0.5260 0.0000 0.0000 1242.0000 375.0000 1.5058 1.8767 4.6857 31.5236 0.8657 1.3686 2.0442 0.0009
Car 0.0000 0 -2.6884 0.0000 0.0000 1242.0000 375.0000 1.4889 1.5368 3.9756 31.1888 0.9054 1.7417 -1.1826 0.0009
Car 0.0000 0 1.5730 505.0331 177.2088 528.1479 202.7296 1.6641 1.5162 3.2185 -6.4105 1.9723 49.3141 1.4440 0.0009
Car 0.0000 0 1.5704 507.1504 176.1756 528.6669 201.7516 1.6882 1.4227 2.7323 -6.3413 1.9228 49.4450 1.4431 0.0009
Car 0.0000 0 1.5512 791.1542 174.7249 810.9268 193.0990 1.3749 1.4123 3.2616 14.8034 1.5252 56.0954 1.8075 0.0009
Car 0.0000 0 -2.3918 763.6808 174.7207 812.9992 195.2794 1.5263 1.5410 3.6231 13.7432 1.6762 55.8554 -2.1521 0.0008
Car 0.0000 0 -4.2463 0.0000 0.0000 1242.0000 375.0000 1.5860 1.7037 4.3044 31.3620 0.5908 0.6399 -2.7050 0.0008
Car 0.0000 0 1.1367 777.2786 177.1860 813.2487 195.6870 1.3703 1.4313 3.3260 14.3247 1.7177 56.0325 1.3853 0.0008
Car 0.0000 0 1.3648 782.7787 175.7155 812.0854 194.5853 1.3984 1.4218 3.9110 14.4963 1.6289 56.0559 1.6162 0.0008
Car 0.0000 0 2.0849 416.2503 183.2423 485.2410 216.8676 1.4946 1.5903 3.9124 -7.7900 2.0360 35.4726 1.8698 0.0008
Car 0.0000 0 -2.1793 0.0000 0.0000 1242.0000 375.0000 1.5568 1.8170 4.0924 31.5529 0.7859 1.5071 -0.6654 0.0008
Car 0.0000 0 -1.5697 0.0000 0.0000 1242.0000 375.0000 1.6204 1.7431 4.7055 31.7122 0.6135 0.4306 -0.0216 0.0007
Car 0.0000 0 1.3415 784.3079 176.7051 811.8214 194.3266 1.3132 1.3651 3.2188 14.5667 1.6216 56.1015 1.5939 0.0006
Cyclist 0.0000 0 -1.2711 420.9850 175.2283 445.9453 229.1824 1.8402 0.4224 1.5300 -6.2589 1.9268 25.4509 -1.5103 0.0006
Car 0.0000 0 2.0245 415.4302 182.1850 482.6909 217.0614 1.5382 1.6033 3.9854 -7.7827 2.0198 35.0826 1.8073 0.0006
Car 0.0000 0 -1.4704 0.0000 0.0000 1242.0000 375.0000 1.6538 1.7444 4.7374 31.7615 0.6114 0.4482 0.0773 0.0006
Pedestrian 0.0000 0 3.5424 220.1421 180.5146 241.8704 210.2068 1.8478 0.6646 1.0349 -23.9087 2.3348 45.4648 3.0605 0.0006
Car 0.0000 0 -1.3519 0.0000 0.0000 1242.0000 375.0000 1.6729 1.7830 4.5695 31.8265 0.5791 0.6198 0.1905 0.0006
Cyclist 0.0000 0 -1.5597 419.5424 176.2830 431.1922 230.1329 1.8469 0.3845 1.4102 -6.5816 1.9723 25.5681 -1.8097 0.0005
Car 0.0000 0 1.2183 781.5800 176.3653 814.9824 194.4686 1.3443 1.4745 3.2204 14.5266 1.6248 55.9005 1.4709 0.0005
Car 0.0000 0 -1.9740 0.0000 0.0000 1242.0000 375.0000 1.5440 1.9771 4.6920 31.5866 0.8040 1.1622 -0.4491 0.0005
Car 0.0000 0 -1.0424 0.0000 0.0000 1242.0000 375.0000 1.6186 1.7374 4.4457 31.6357 0.6697 0.8022 0.4939 0.0005
Pedestrian 0.0000 0 0.2655 221.9673 180.4529 242.2968 210.3953 1.8616 0.6907 0.9897 -23.8692 2.3461 45.5261 -0.2153 0.0005
Car 0.0000 0 1.6127 505.8266 175.5733 529.1184 201.9908 1.7434 1.4609 3.0433 -6.3544 1.9363 49.5172 1.4853 0.0004
Car 0.0000 0 -2.2839 0.0000 0.0000 1242.0000 375.0000 1.5524 1.8122 4.4268 31.7001 0.8175 1.5362 -0.7706 0.0004
Pedestrian 0.0000 0 -2.1456 295.9918 178.2768 319.2968 218.9142 2.0301 0.8666 0.6758 -15.4303 2.3107 36.7371 -2.5411 0.0002
Pedestrian 0.0000 0 -2.0796 296.5417 178.3659 318.7837 218.5828 2.0117 0.8241 0.6693 -15.4421 2.2970 36.7653 -2.4750 0.0002