Car 0.0000 0 2.3096 628.6891 158.0417 782.6630 229.9994 1.8846 1.7581 4.6885 3.0001 1.2980 20.6809 2.4532 0.9516
Car 0.0000 0 2.3121 629.2416 157.3525 781.8777 230.1974 1.9086 1.7489 4.6276 2.9911 1.3037 20.6630 2.4554 0.9513
Car 0.0000 0 2.3097 629.0306 157.8948 782.7493 230.0786 1.8917 1.7442 4.6945 3.0080 1.3009 20.6887 2.4536 0.9448
Car 0.0000 0 2.3045 628.7975 158.0462 783.9346 230.2384 1.8879 1.7561 4.7562 3.0241 1.3023 20.6787 2.4492 0.9429
Car 0.0000 0 2.3288 630.3141 159.1713 779.8403 229.7778 1.8578 1.7950 4.3998 2.9630 1.2982 20.6699 2.4707 0.8565
Car 0.0000 0 2.3240 631.8376 158.5008 780.3841 230.2070 1.8881 1.7667 4.4029 2.9958 1.3104 20.6766 2.4674 0.8425
Car 0.0000 0 2.3614 631.4139 159.6263 780.7856 229.7847 1.8536 1.6926 4.4062 2.9887 1.3037 20.6666 2.5046 0.8313
Car 0.0000 0 2.3303 630.5858 158.8334 782.1916 229.2203 1.8505 1.6810 4.5987 3.0123 1.2825 20.6666 2.4746 0.8118
Pedestrian 0.0000 0 3.3012 285.4316 154.9844 345.5967 244.0607 1.9370 0.5123 1.1726 -6.4738 1.3837 15.7485 2.9200 0.8075
Car 0.0000 0 2.3494 631.5965 158.6689 778.3251 230.0397 1.8867 1.7136 4.3128 2.9547 1.3112 20.6737 2.4909 0.8019
Pedestrian 0.0000 0 -2.5781 288.1401 155.3554 350.1781 243.8188 1.9268 0.5324 1.1831 -6.4090 1.3807 15.7658 -2.9553 0.8019
Car 0.0000 0 2.3397 630.7029 160.8113 779.5646 229.6707 1.8122 1.8084 4.3201 2.9547 1.2956 20.6418 2.4814 0.7846
Car 0.0000 0 2.3138 629.6414 158.1903 783.1226 229.9469 1.8855 1.7798 4.6448 3.0238 1.3008 20.7297 2.4582 0.7769
Pedestrian 0.0000 0 -2.4595 290.7199 155.6179 348.5415 243.5849 1.9090 0.5576 1.0907 -6.4023 1.3707 15.7691 -2.8363 0.7695
Car 0.0000 0 2.3492 630.9050 160.1168 781.1640 229.9875 1.8405 1.7980 4.3668 2.9830 1.3052 20.6564 2.4922 0.7590
Car 0.0000 0 2.3327 629.9887 159.8043 780.9379 229.8037 1.8407 1.8060 4.4357 2.9744 1.2981 20.6680 2.4752 0.7407
Pedestrian 0.0000 0 -2.6113 268.2446 156.9859 326.9530 246.2060 1.8502 0.6149 0.9664 -6.5649 1.3642 15.0239 -3.0137 0.7341
Car 0.0000 0 -0.8126 630.9905 160.2020 778.2396 230.3812 1.8480 1.7338 4.3621 2.9468 1.3151 20.6487 -0.6712 0.7264
Car 0.0000 0 2.3135 629.2271 158.4940 783.1600 229.5627 1.8670 1.7750 4.6714 3.0203 1.2905 20.7331 2.4577 0.7051
Car 0.0000 0 2.3420 630.1082 161.0017 782.1454 230.2259 1.8228 1.8090 4.4580 2.9955 1.3110 20.6895 2.4853 0.7013
Car 0.0000 0 2.2928 632.9445 159.7717 781.3954 230.3859 1.8515 1.6811 4.5833 3.0403 1.3096 20.6571 2.4385 0.6960
Car 0.0000 0 2.3098 631.0990 159.5447 779.9261 230.3239 1.8576 1.7101 4.5093 2.9832 1.3092 20.6444 2.4528 0.6889
Pedestrian 0.0000 0 -2.5807 266.1941 157.0812 329.5475 246.7283 1.8575 0.5731 1.0992 -6.5565 1.3739 15.0148 -2.9829 0.6593
Pedestrian 0.0000 0 2.0990 290.6963 154.5509 341.2444 243.9687 1.9181 0.5760 1.0724 -6.4566 1.3631 15.7344 1.7186 0.6570
Car 0.0000 0 2.3254 635.7452 160.5844 776.5080 229.9330 1.8384 1.7051 4.1424 2.9895 1.3120 20.6965 2.4684 0.6566
Car 0.0000 0 2.3171 629.0731 160.3092 777.5604 230.4739 1.8421 1.7746 4.4033 2.9108 1.3136 20.6374 2.4568 0.6291
Car 0.0000 0 2.2929 629.6603 162.8465 773.7606 229.9310 1.7621 1.7803 4.2836 2.8638 1.3000 20.6391 2.4304 0.5988
Car 0.0000 0 2.2955 631.9875 162.3796 778.7158 229.6358 1.7699 1.6814 4.5156 2.9904 1.2946 20.7028 2.4385 0.5885
Pedestrian 0.0000 0 -2.5440 259.1819 159.5417 320.9867 248.2462 1.8346 0.5648 1.0662 -6.7138 1.4028 14.9945 -2.9553 0.5510
Car 0.0000 0 2.2962 632.7841 162.7693 776.7515 229.7746 1.7688 1.6924 4.3881 2.9702 1.3023 20.7237 2.4381 0.5430
Car 0.0000 0 2.2083 631.7104 165.7020 763.9496 230.2872 1.6939 1.6580 4.1813 2.7601 1.3073 20.6163 2.3411 0.4744
Car 0.0000 0 -0.1744 0.0000 0.0000 1224.0000 370.0000 1.5343 1.6602 4.1434 -1.7555 1.6676 1.3925 -0.9696 0.4236
Car 0.0000 0 1.8402 1102.3184 172.5052 1150.6127 196.9126 1.6247 1.6271 4.2536 36.1803 1.0938 49.0158 2.4745 0.4176
Car 0.0000 0 2.3377 634.9417 163.0096 776.3073 229.2977 1.7736 1.8145 4.0757 2.9928 1.3072 20.8812 2.4796 0.4128
Pedestrian 0.0000 0 3.5165 272.3550 156.8711 329.2957 245.2099 1.8384 0.6033 0.9563 -6.4929 1.3483 15.0217 3.1181 0.3987
Car 0.0000 0 -0.8719 638.4582 162.0452 776.6954 231.2750 1.8171 1.6849 4.1814 3.0256 1.3343 20.5715 -0.7263 0.3943
Pedestrian 0.0000 0 -2.6181 269.6274 157.6543 331.9473 246.4713 1.8401 0.5849 1.0660 -6.4873 1.3684 15.0004 -3.0167 0.3867
Car 0.0000 0 1.8889 1102.1851 172.7879 1153.8636 196.6377 1.5888 1.6150 4.3204 36.2793 1.0764 49.0056 2.5247 0.3793
Pedestrian 0.0000 0 1.8111 922.3889 173.3848 952.7383 239.8794 1.6470 0.6014 0.4737 8.3754 1.4724 17.8808 2.2439 0.3788
Car 0.0000 0 2.1874 634.6075 170.8502 755.6182 230.3231 1.5631 1.6179 3.7353 2.6499 1.3110 20.4989 2.3157 0.3773
Pedestrian 0.0000 0 1.7114 925.9490 172.6472 954.0002 239.3964 1.6541 0.5816 0.4865 8.4363 1.4611 17.8786 2.1470 0.3512
Pedestrian 0.0000 0 1.8464 921.2446 172.2983 952.8340 239.7206 1.6675 0.6124 0.4987 8.3569 1.4662 17.8701 2.2786 0.3463
Car 0.0000 0 -2.6750 0.0000 0.0000 1224.0000 370.0000 1.5190 1.6238 3.9067 -0.0051 1.7245 1.4573 -2.6767 0.3136
Car 0.0000 0 -0.1841 317.2153 0.0000 1224.0000 370.0000 1.5230 1.6199 4.1212 -1.7947 1.6423 1.2306 -1.0395 0.3117
Pedestrian 0.0000 0 1.7173 926.4732 171.4811 955.1392 239.2338 1.6774 0.5890 0.5156 8.4569 1.4557 17.8775 2.1539 0.3054
Car 0.0000 0 -0.3337 296.2712 0.0000 1224.0000 370.0000 1.5331 1.6110 3.9076 -1.6038 1.6761 1.2199 -1.1367 0.2632
Car 0.0000 0 1.8606 1101.6664 173.2121 1151.3022 196.8173 1.5682 1.6708 4.0769 36.0652 1.0854 48.8629 2.4949 0.2611
Car 0.0000 0 1.8344 1102.4091 173.0455 1149.8085 196.3342 1.5462 1.6506 4.0201 36.0203 1.0526 48.8363 2.4684 0.2506
Car 0.0000 0 -0.0119 240.9786 0.0000 1224.0000 370.0000 1.5630 1.7577 4.2488 -2.0779 1.6427 0.9673 -1.0251 0.2468
Pedestrian 0.0000 0 -0.0693 0.0000 0.0000 1224.0000 370.0000 1.8219 0.6378 0.7005 -39.9335 1.5198 0.3362 -1.6220 0.2332
Car 0.0000 0 1.8362 1102.6000 172.6451 1150.4989 196.6709 1.5995 1.6216 4.2447 36.1890 1.0779 49.0196 2.4706 0.2217
Car 0.0000 0 1.8179 1103.1339 172.3000 1151.2362 197.1445 1.6512 1.6577 4.4241 36.2450 1.1075 49.0318 2.4529 0.2188
Car 0.0000 0 -1.3245 649.2695 165.7942 742.1834 230.6976 1.7241 1.7892 4.0885 2.7662 1.3350 21.0067 -1.1938 0.2162
Car 0.0000 0 1.8514 1102.9055 172.4742 1151.1462 196.9267 1.6241 1.6384 4.0136 36.0765 1.0923 48.8276 2.4861 0.2138
Pedestrian 0.0000 0 1.8313 924.7979 170.4403 954.8405 238.7818 1.6990 0.5766 0.5249 8.4697 1.4505 17.9584 2.2668 0.2093
Pedestrian 0.0000 0 -1.1071 55.4299 169.3292 92.5649 238.4933 1.6710 0.5280 0.5747 -13.1047 1.4027 17.4054 -1.7419 0.2074
Car 0.0000 0 1.8322 1101.3783 172.4490 1150.0319 196.4221 1.5978 1.6665 4.3254 36.2069 1.0625 49.1219 2.4658 0.2058
Car 0.0000 0 1.8407 1104.5427 172.4810 1152.6692 196.9406 1.6214 1.6516 4.0559 36.1412 1.0912 48.7666 2.4769 0.2000
Car 0.0000 0 1.8501 1102.1409 172.8693 1150.9779 196.4826 1.5723 1.6540 4.1314 36.1664 1.0655 48.9911 2.4845 0.1994
Car 0.0000 0 -4.1344 0.0000 0.0000 1224.0000 370.0000 1.4771 1.6277 3.8038 3.6849 1.6054 0.5840 -2.8035 0.1993
Car 0.0000 0 0.0478 201.8996 0.0000 1224.0000 370.0000 1.5407 1.6808 4.1857 -2.1215 1.6155 0.7909 -1.0375 0.1983
Car 0.0000 0 0.1728 0.0000 0.0000 1224.0000 370.0000 1.5254 1.6334 4.2986 -2.0676 1.6727 1.2688 -0.7401 0.1975
Pedestrian 0.0000 0 1.7511 924.0410 171.4574 953.5858 238.7488 1.6763 0.6022 0.5029 8.4582 1.4526 17.9875 2.1854 0.1937
Pedestrian 0.0000 0 1.4284 269.5032 160.9171 305.0848 248.6931 1.7943 0.5713 0.8989 -6.7804 1.3956 14.9806 1.0132 0.1868
Car 0.0000 0 1.8424 1101.2167 172.4451 1150.3542 196.4627 1.6007 1.6503 4.3385 36.2017 1.0652 49.1075 2.4761 0.1837
Pedestrian 0.0000 0 1.9621 919.0624 171.7075 949.8974 238.9455 1.6734 0.5705 0.4837 8.3359 1.4562 17.9653 2.3914 0.1824
Car 0.0000 0 1.9003 1097.1644 172.2118 1152.8636 196.7102 1.6340 1.7275 4.6119 36.2016 1.0825 49.1801 2.5333 0.1798
Pedestrian 0.0000 0 1.0784 56.7326 170.6596 91.1936 238.6618 1.6410 0.4746 0.5549 -13.1005 1.4051 17.3904 0.4434 0.1786
Car 0.0000 0 1.8582 1099.8550 172.3409 1150.8893 196.4968 1.6110 1.6598 4.4890 36.2192 1.0682 49.1686 2.4916 0.1623
Pedestrian 0.0000 0 -2.2667 283.8892 153.7043 340.7285 245.2489 1.9297 0.6121 1.0587 -6.4242 1.3665 15.4182 -2.6524 0.1561
Car 0.0000 0 1.8617 1104.5974 173.0197 1155.4752 196.8455 1.5825 1.6553 4.3455 36.3576 1.0870 48.9215 2.4993 0.1416
Car 0.0000 0 1.8248 1104.7607 172.3080 1152.9517 196.6350 1.6110 1.6478 4.3160 36.1992 1.0698 48.8161 2.4613 0.1408
Car 0.0000 0 -2.4980 0.0000 0.0000 1224.0000 370.0000 1.4923 1.5922 3.4779 2.3094 1.6004 -0.0487 -1.0441 0.1392
Car 0.0000 0 -1.1754 905.6456 164.7532 955.7327 189.1255 1.6967 1.7224 4.4598 23.6978 0.6018 51.3604 -0.7438 0.1380
Car 0.0000 0 -2.6907 0.0000 0.0000 1224.0000 370.0000 1.5212 1.6257 3.5716 2.6027 1.6390 -0.0991 -1.2043 0.1378
Pedestrian 0.0000 0 -2.7114 272.5705 153.3874 329.8480 245.3241 1.9314 0.5787 0.9756 -6.5428 1.3635 15.1539 -3.1095 0.1369
Car 0.0000 0 -0.1459 252.0694 0.0000 1224.0000 370.0000 1.5314 1.6362 4.1501 -1.8159 1.6209 0.9261 -1.1121 0.1366
Pedestrian 0.0000 0 1.7821 919.3748 173.1881 948.8895 239.1208 1.6448 0.5969 0.4783 8.3463 1.4640 18.0038 2.2110 0.1343
Car 0.0000 0 -0.9463 1096.3744 161.8911 1224.0000 318.8924 1.6648 1.5802 3.4717 8.0979 1.4691 8.6254 -0.2091 0.1321
Car 0.0000 0 -2.4717 0.0000 0.0000 1224.0000 370.0000 1.4503 1.5819 3.4978 2.2622 1.6113 -0.0451 -1.0219 0.1285
Pedestrian 0.0000 0 -2.6421 269.6134 152.9881 333.7970 245.1933 1.9327 0.6006 1.1153 -6.5395 1.3576 15.1707 -3.0396 0.1268
Car 0.0000 0 -1.1766 905.8038 164.7741 955.4103 189.1714 1.6983 1.7211 4.3871 23.6779 0.6049 51.3324 -0.7452 0.1249
Car 0.0000 0 -0.3688 0.0000 0.0000 1224.0000 370.0000 1.4949 1.6305 3.9027 3.7190 1.6317 0.0315 1.1083 0.1240
Car 0.0000 0 -2.1774 247.3732 0.0000 1224.0000 370.0000 1.5079 1.5562 3.8955 1.8429 1.6271 -0.0754 -0.7389 0.1211
Pedestrian 0.0000 0 0.8233 40.9879 169.8842 84.8893 240.8149 1.6792 0.5076 0.6911 -13.1036 1.4295 17.0446 0.1787 0.1182
Pedestrian 0.0000 0 2.1172 0.0000 0.0000 1224.0000 370.0000 1.8390 0.6991 0.7583 -39.8967 1.6688 0.1093 0.5588 0.1153
Car 0.0000 0 1.9113 1099.9448 172.6504 1154.7662 196.9518 1.6196 1.6704 4.4642 36.2735 1.0978 49.0602 2.5464 0.1130
Car 0.0000 0 -0.4506 0.0000 0.0000 1224.0000 370.0000 1.4526 1.6126 3.9622 3.6876 1.6322 0.0368 1.0244 0.1121
Car 0.0000 0 -2.3287 59.5176 0.0000 1224.0000 370.0000 1.4554 1.6006 3.6717 2.0147 1.6188 -0.0646 -0.8841 0.1087
Car 0.0000 0 -2.6611 0.0000 0.0000 1224.0000 370.0000 1.4673 1.6251 3.5729 2.5937 1.6526 -0.0654 -1.1879 0.1071
Pedestrian 0.0000 0 -2.0411 289.1244 152.8055 336.6197 245.3149 1.9458 0.5767 0.9857 -6.4121 1.3649 15.4079 -2.4263 0.1070
Car 0.0000 0 1.8677 1100.4525 173.0343 1150.4241 195.5754 1.4961 1.6326 4.1826 35.9681 1.0019 48.8274 2.5011 0.1069
Car 0.0000 0 1.9033 1099.0242 172.7503 1153.0393 196.9925 1.6197 1.6955 4.3723 36.2649 1.1032 49.1743 2.5372 0.1063
Pedestrian 0.0000 0 -1.4212 44.0022 168.5504 74.9933 238.2871 1.6734 0.5146 0.5987 -13.4167 1.3882 17.3468 -2.0688 0.1045
Car 0.0000 0 -2.2452 74.4063 0.0000 1224.0000 370.0000 1.5215 1.5770 3.6858 2.0907 1.6164 -0.0508 -0.8026 0.0982
Pedestrian 0.0000 0 -1.5865 68.5317 168.5676 96.0739 237.2337 1.6750 0.5457 0.6254 -13.0934 1.3855 17.6559 -2.2142 0.0978
Car 0.0000 0 -2.1239 152.7975 0.0000 1224.0000 370.0000 1.4850 1.6238 3.8780 2.0297 1.6200 0.0382 -0.7279 0.0976
Pedestrian 0.0000 0 -1.4316 42.8847 167.7693 75.3236 237.9068 1.6807 0.5435 0.6308 -13.4246 1.3772 17.3457 -2.0796 0.0930
Car 0.0000 0 0.0665 0.0000 0.0000 1224.0000 370.0000 1.5500 1.6309 4.0730 0.5850 1.7293 1.3480 0.4045 0.0927
Pedestrian 0.0000 0 -1.3752 64.8797 168.0654 99.0231 237.1385 1.6847 0.5640 0.6607 -13.0937 1.3830 17.6578 -2.0029 0.0926
Car 0.0000 0 1.5789 600.4479 174.7234 640.2284 211.0567 1.4842 1.6260 3.8897 0.6639 1.2497 30.8466 1.6019 0.0878
Car 0.0000 0 1.8251 1102.3313 172.5881 1148.9813 196.5124 1.5922 1.6369 4.0676 36.0887 1.0670 48.9700 2.4586 0.0874
Car 0.0000 0 -2.9535 0.0000 0.0000 1224.0000 370.0000 1.5991 1.6268 4.2823 0.4264 1.7108 1.0365 -2.6483 0.0862
Car 0.0000 0 -1.0861 1129.9397 160.3910 1224.0000 320.3918 1.6729 1.5473 3.5356 8.4490 1.4643 8.6945 -0.3316 0.0861
Pedestrian 0.0000 0 1.6083 0.0000 0.0000 1224.0000 370.0000 1.8341 0.6859 0.7596 -39.9188 1.6797 0.0984 0.0497 0.0837
Cyclist 0.0000 0 -0.8289 172.5794 172.7404 230.1088 231.7924 1.6178 0.4233 1.6439 -11.5467 1.4068 20.2141 -1.3394 0.0837
Car 0.0000 0 -1.0939 0.0000 0.0000 1224.0000 370.0000 1.4904 1.6801 3.9375 3.6742 1.6412 0.4794 0.2633 0.0832
Car 0.0000 0 1.8608 1100.2103 173.6714 1148.6722 194.9438 1.4099 1.6543 3.8797 35.7932 0.9586 48.6881 2.4932 0.0828
Car 0.0000 0 2.3832 1084.8505 166.7255 1224.0000 318.2305 1.6393 1.6079 3.4104 7.9573 1.4920 8.4872 3.1193 0.0823
Car 0.0000 0 -4.3064 0.0000 0.0000 1224.0000 370.0000 1.4933 1.5930 3.5955 3.8152 1.6226 0.9406 -3.0540 0.0804
Car 0.0000 0 -1.1095 1117.9192 160.8628 1224.0000 330.6982 1.6719 1.5699 3.6743 8.0623 1.4803 8.3347 -0.3581 0.0794
Car 0.0000 0 -0.3780 248.5045 0.0000 1224.0000 370.0000 1.5815 1.5879 4.0260 -1.5421 1.6432 0.9859 -1.2430 0.0780
Car 0.0000 0 1.7927 1100.6862 173.1362 1147.0203 196.1862 1.5284 1.6646 4.4013 35.9559 1.0415 48.9518 2.4247 0.0779
Car 0.0000 0 1.8786 1101.1752 172.2451 1151.9270 196.6938 1.6318 1.6253 4.2676 36.2462 1.0822 49.0993 2.5130 0.0774
Car 0.0000 0 1.8303 0.0000 0.0000 1224.0000 370.0000 1.4774 1.6324 3.6047 3.0397 1.6988 0.8272 3.0409 0.0769
Car 0.0000 0 1.8264 1100.4189 172.1930 1149.2148 196.4566 1.6158 1.6769 4.4105 36.1471 1.0640 49.1225 2.4592 0.0743
Car 0.0000 0 -2.3813 0.0000 0.0000 714.0637 370.0000 1.5333 1.5953 3.8055 0.5592 1.6738 1.1797 -2.0235 0.0721
Car 0.0000 0 1.9132 1100.9723 173.3380 1152.6237 195.5027 1.4667 1.6270 3.9522 35.8599 0.9941 48.5611 2.5477 0.0709
Car 0.0000 0 0.0181 0.0000 0.0000 1224.0000 370.0000 1.5348 1.6192 3.9459 0.7204 1.7192 1.3418 0.4277 0.0695
Car 0.0000 0 -2.5765 0.0000 0.0000 1224.0000 370.0000 1.4163 1.5976 3.4056 2.5983 1.6512 0.0224 -1.1364 0.0694
Car 0.0000 0 -2.3404 28.8315 0.0000 1224.0000 370.0000 1.5004 1.6007 3.6059 2.0085 1.6028 -0.0435 -0.9066 0.0688
Car 0.0000 0 -1.7096 150.3589 0.0000 913.9514 370.0000 1.5995 1.5896 3.9053 0.1193 1.5374 0.4776 -1.5581 0.0683
Car 0.0000 0 -2.4279 0.0000 0.0000 1224.0000 370.0000 1.4187 1.6016 3.5327 2.2917 1.6747 0.0023 -0.9967 0.0663
Car 0.0000 0 -1.6992 1026.2534 157.9086 1054.0442 177.1717 1.6685 1.6313 4.0912 39.4938 -0.3114 64.1993 -1.1482 0.0662
Car 0.0000 0 1.8566 1098.5320 174.0120 1145.4377 195.9432 1.4549 1.5774 3.9047 35.6458 1.0258 48.7162 2.4868 0.0653
Car 0.0000 0 -3.1778 0.0000 0.0000 1224.0000 370.0000 1.4902 1.6349 3.7835 3.2800 1.6432 0.0176 -1.7090 0.0634
Pedestrian 0.0000 0 1.5490 471.9448 193.2655 502.9815 309.3377 1.3253 0.3546 0.7068 -1.4753 1.4879 8.5315 1.3857 0.0623
Car 0.0000 0 -0.5534 301.3013 0.0000 1224.0000 370.0000 1.6019 1.5533 3.9031 -1.0252 1.6457 0.7529 -1.3127 0.0614
Pedestrian 0.0000 0 2.5120 254.8370 161.6328 300.2407 244.8799 1.8087 0.6528 0.6661 -7.3593 1.4004 15.8079 2.0858 0.0610
Car 0.0000 0 -0.9837 316.2904 0.0000 1224.0000 370.0000 1.5513 1.5586 3.7312 -0.5294 1.6736 0.6685 -1.4723 0.0603
Car 0.0000 0 1.9009 1103.6069 174.0365 1151.0746 195.2593 1.4088 1.5671 3.5334 35.9069 0.9811 48.5792 2.5359 0.0595
Car 0.0000 0 -2.0959 0.0000 0.0000 1224.0000 370.0000 1.5167 1.5887 3.6897 2.5959 1.6766 -0.2058 -0.5687 0.0587
Car 0.0000 0 -0.8142 0.0000 0.0000 1224.0000 370.0000 1.5033 1.6542 3.9859 3.3625 1.6467 0.1001 0.6329 0.0585
Car 0.0000 0 -2.1135 466.2162 0.0000 1224.0000 370.0000 1.5295 1.5679 4.2615 1.4939 1.5892 -0.1065 -0.6855 0.0585
Car 0.0000 0 1.7475 1100.7402 172.6016 1143.9945 196.7093 1.6006 1.6940 4.3237 35.9216 1.0775 49.0452 2.3781 0.0585
Car 0.0000 0 -2.1756 146.7099 0.0000 1224.0000 370.0000 1.4243 1.5876 3.5954 1.8265 1.6745 0.0107 -0.7841 0.0581
Car 0.0000 0 -0.5739 259.5496 0.0000 1224.0000 370.0000 1.5519 1.5536 3.6850 -1.0498 1.6668 0.7564 -1.3435 0.0580
Car 0.0000 0 -1.0358 288.4608 0.0000 1224.0000 370.0000 1.5969 1.5481 3.9802 -0.5756 1.6490 0.7204 -1.5378 0.0574
Car 0.0000 0 1.8556 1100.6467 172.3441 1151.4003 197.0529 1.6448 1.6565 4.4558 36.1931 1.1032 49.0722 2.4895 0.0573
Car 0.0000 0 1.8526 1099.2061 173.2643 1151.0048 196.1895 1.5298 1.7331 4.4823 36.2456 1.0483 49.2299 2.4857 0.0558
Car 0.0000 0 1.8146 1103.1191 173.4974 1149.2189 196.9689 1.5583 1.6129 4.1708 36.0665 1.0947 48.8894 2.4486 0.0552
Cyclist 0.0000 0 -0.8306 176.2087 172.5289 234.5691 230.8728 1.6142 0.4796 1.6420 -11.5423 1.3953 20.4115 -1.3368 0.0551
Car 0.0000 0 -3.2094 0.0000 0.0000 1224.0000 370.0000 1.4790 1.6241 3.7967 3.3170 1.6275 -0.1377 -1.6930 0.0549
Car 0.0000 0 -2.0405 1178.7476 157.0303 1224.0000 341.8708 1.6775 1.5280 3.6049 8.5069 1.4662 8.3609 -1.2638 0.0548
Car 0.0000 0 1.7999 1099.5670 172.0679 1147.6353 196.4972 1.6260 1.7235 4.5086 36.1061 1.0661 49.1788 2.4316 0.0547
Car 0.0000 0 1.8050 1100.7001 172.5979 1147.8989 196.7334 1.6066 1.6686 4.4232 36.1159 1.0819 49.1276 2.4374 0.0544
Car 0.0000 0 1.9033 1103.0906 173.1237 1153.3291 195.1760 1.4598 1.6081 3.8555 35.9526 0.9729 48.5560 2.5391 0.0542
Car 0.0000 0 1.9221 1098.6901 173.2970 1153.7263 196.9722 1.5850 1.7055 4.3274 36.3207 1.1041 49.2357 2.5561 0.0538
Car 0.0000 0 -0.8426 370.1113 0.0000 1224.0000 370.0000 1.5806 1.5640 3.8724 -0.5599 1.6575 0.6253 -1.3739 0.0534
Car 0.0000 0 1.7879 1098.8899 173.6237 1144.7429 195.6186 1.4579 1.7061 4.1753 35.7621 1.0035 48.8835 2.4179 0.0532
Car 0.0000 0 1.8221 1100.0604 172.4921 1148.2982 196.7235 1.6142 1.6737 4.3695 36.1071 1.0821 49.1289 2.4544 0.0531
Car 0.0000 0 -3.2124 0.0000 0.0000 1224.0000 370.0000 1.5124 1.6124 3.7519 3.3128 1.6158 -0.1428 -1.6946 0.0529
Car 0.0000 0 -1.3149 295.1659 0.0000 1086.2754 370.0000 1.5669 1.5691 3.8602 -0.2184 1.5983 0.5217 -1.5649 0.0527
Car 0.0000 0 1.7824 1102.2367 172.6796 1148.2444 196.7426 1.5999 1.6706 4.5143 36.1828 1.0812 49.1272 2.4156 0.0524
Car 0.0000 0 -0.9440 290.5530 0.0000 1224.0000 370.0000 1.5760 1.6096 4.1077 -0.5082 1.6299 0.4636 -1.5151 0.0524
Car 0.0000 0 1.8335 1098.9479 173.0388 1149.9095 196.4142 1.5595 1.7317 4.6074 36.2398 1.0630 49.2825 2.4660 0.0524
Car 0.0000 0 -1.9635 338.1015 0.0000 1224.0000 370.0000 1.4815 1.5921 3.9095 1.6436 1.6302 0.1201 -0.6547 0.0511
Car 0.0000 0 -0.4106 258.9344 0.0000 1224.0000 370.0000 1.6171 1.6065 4.1363 -1.4491 1.6088 0.9282 -1.2669 0.0511
Car 0.0000 0 -1.8576 198.8054 0.0000 1224.0000 370.0000 1.4811 1.6545 3.9184 1.9430 1.7084 0.3018 -0.5965 0.0509
Car 0.0000 0 -1.9166 0.0000 0.0000 811.5104 370.0000 1.5352 1.5707 3.7020 0.2435 1.6711 0.8556 -1.7113 0.0501
Car 0.0000 0 -2.8423 0.0000 0.0000 1224.0000 370.0000 1.4872 1.6712 3.6599 2.8504 1.6664 -0.0398 -1.3690 0.0500
Car 0.0000 0 1.8137 1099.1427 172.2878 1145.4558 196.0101 1.5804 1.6667 4.0771 35.9125 1.0346 49.0460 2.4442 0.0496
Pedestrian 0.0000 0 2.3272 254.2849 161.6224 298.6296 244.5583 1.8062 0.6400 0.6316 -7.3756 1.3967 15.7952 1.8998 0.0495
Car 0.0000 0 -4.2629 0.0000 0.0000 1224.0000 370.0000 1.4443 1.6704 3.4358 3.0274 1.6821 0.4370 -2.9366 0.0495
Car 0.0000 0 1.8699 1100.3542 172.5169 1151.7725 197.0511 1.6352 1.6616 4.3841 36.2082 1.1044 49.0913 2.5039 0.0484
Cyclist 0.0000 0 -1.1941 171.0296 173.1835 210.2406 231.3739 1.6019 0.3983 1.6077 -11.9013 1.4021 20.2836 -1.7161 0.0483
Car 0.0000 0 1.8794 1102.7432 173.3380 1150.7885 195.1272 1.4427 1.5811 3.8003 35.8604 0.9698 48.5642 2.5138 0.0475
Car 0.0000 0 -0.6249 334.2570 0.0000 1224.0000 370.0000 1.6253 1.5775 4.0913 -0.8929 1.6024 0.7233 -1.3288 0.0474
Pedestrian 0.0000 0 1.1368 463.5892 191.7136 517.2109 310.9703 1.3652 0.3729 0.7220 -1.4463 1.5093 8.5685 0.9773 0.0474
Car 0.0000 0 -4.2148 0.0000 0.0000 1224.0000 370.0000 1.4852 1.7011 3.7459 3.1738 1.6394 -0.0305 -2.7345 0.0464
Car 0.0000 0 1.6693 597.1409 174.5767 642.2954 210.9872 1.4897 1.5834 4.0751 0.6877 1.2489 31.0427 1.6929 0.0464
Car 0.0000 0 -1.7578 582.4313 0.0000 1224.0000 370.0000 1.4813 1.5874 4.1300 1.3324 1.6112 0.1857 -0.5504 0.0458
Car 0.0000 0 -1.9602 0.0000 0.0000 759.8011 370.0000 1.4783 1.6046 3.6727 0.2330 1.6821 1.0722 -1.7933 0.0454
Car 0.0000 0 -2.6896 0.0000 0.0000 1224.0000 370.0000 1.4926 1.6378 4.1704 2.9668 1.6871 0.3390 -1.3368 0.0444
Car 0.0000 0 -2.2130 78.8663 0.0000 1224.0000 370.0000 1.5354 1.6052 3.7953 2.3011 1.6487 -0.1292 -0.7249 0.0443
Pedestrian 0.0000 0 -1.2354 78.9029 170.4345 115.1130 238.5882 1.6688 0.5578 0.6263 -12.7379 1.4239 17.6856 -1.8493 0.0438
Car 0.0000 0 -1.4204 1177.8362 166.4098 1224.0000 323.7151 1.6280 1.5987 3.5385 8.7840 1.4839 9.0333 -0.6650 0.0436
Car 0.0000 0 1.8788 1098.9196 172.9282 1152.0242 197.0193 1.6069 1.7009 4.4819 36.2192 1.1031 49.1612 2.5122 0.0435
Car 0.0000 0 1.8504 1100.7152 172.5680 1150.7423 196.1111 1.5768 1.7050 4.2665 36.3598 1.0469 49.3295 2.4840 0.0432
Car 0.0000 0 -2.4446 0.0000 0.0000 871.8839 370.0000 1.5552 1.6132 3.9044 0.8178 1.6766 0.8750 -1.8442 0.0431
Pedestrian 0.0000 0 -1.3920 81.3878 170.5341 113.3975 238.3593 1.6599 0.5503 0.5924 -12.7274 1.4176 17.6829 -2.0056 0.0425
Car 0.0000 0 0.2453 389.6829 0.0000 1224.0000 370.0000 1.5427 1.5689 4.3093 -1.9498 1.6728 0.8761 -0.7724 0.0424
Car 0.0000 0 -3.0236 0.0000 0.0000 1224.0000 370.0000 1.5424 1.6382 3.6255 2.9715 1.6297 -0.1229 -1.5187 0.0424
Car 0.0000 0 1.2538 1184.7144 157.1106 1224.0000 342.8911 1.6741 1.5100 3.5601 8.2528 1.4650 8.2977 2.0190 0.0417
Car 0.0000 0 1.8344 1098.4323 172.5587 1149.8757 196.3004 1.5840 1.7732 4.5458 36.2186 1.0555 49.2812 2.4666 0.0410
Pedestrian 0.0000 0 0.0041 769.9054 168.9672 785.2614 204.0834 1.6644 0.5356 0.7087 8.2475 1.1193 33.8530 0.2426 0.0407
Cyclist 0.0000 0 -0.5410 38.3072 172.2155 118.2074 239.6271 1.5929 0.4298 1.5907 -13.0561 1.3988 17.5190 -1.1710 0.0396
Pedestrian 0.0000 0 0.0033 770.2379 168.5287 784.9141 203.8899 1.6756 0.5645 0.6770 8.2473 1.1098 33.8538 0.2418 0.0393
Car 0.0000 0 1.8735 1100.0417 172.4662 1150.0426 194.8662 1.4690 1.6194 4.0479 35.4893 0.9435 48.2169 2.5064 0.0373
Cyclist 0.0000 0 -0.3777 60.4755 171.6223 141.5899 237.2191 1.5739 0.4021 1.6237 -12.6590 1.3625 17.7483 -0.9870 0.0373
Car 0.0000 0 -2.0810 0.0000 0.0000 881.5023 370.0000 1.5880 1.6268 3.9541 0.4208 1.6358 0.6761 -1.6806 0.0369
Car 0.0000 0 -3.8430 0.0000 0.0000 1224.0000 370.0000 1.5248 1.6266 3.8568 3.2966 1.6387 -0.2549 -2.2914 0.0368
Car 0.0000 0 1.1878 1142.6521 169.6195 1198.9230 194.0571 1.5801 1.6117 3.9192 38.1882 0.8779 47.8205 1.8600 0.0366
Pedestrian 0.0000 0 -1.8915 539.0060 165.0408 559.8194 211.7255 1.8349 0.6677 0.6160 -2.2434 1.2288 28.1979 -1.9683 0.0365
Car 0.0000 0 1.7158 1100.6970 170.7364 1142.2957 195.3358 1.6420 1.7286 4.4436 36.1097 0.9916 49.3821 2.3457 0.0365
Car 0.0000 0 -2.0060 0.0000 0.0000 1224.0000 370.0000 1.4747 1.6288 3.7837 2.5056 1.6954 -0.0249 -0.5521 0.0361
Car 0.0000 0 -2.1503 89.2073 0.0000 1224.0000 370.0000 1.4894 1.6288 3.8025 2.1922 1.6680 -0.0082 -0.7207 0.0360
Car 0.0000 0 -0.5057 301.1661 0.0000 1224.0000 370.0000 1.6023 1.6211 4.1487 -0.8774 1.6212 0.4602 -1.3453 0.0358
Car 0.0000 0 -1.6511 105.6003 0.0000 1224.0000 370.0000 1.4674 1.6598 3.7426 2.0855 1.7309 0.4160 -0.4195 0.0358
Car 0.0000 0 1.8575 1098.4056 173.1365 1150.4077 196.4446 1.5563 1.6987 4.5864 36.2283 1.0659 49.2707 2.4900 0.0355
Pedestrian 0.0000 0 -1.7042 0.0000 0.0000 1224.0000 370.0000 1.7426 0.5716 0.6823 22.2934 1.5057 0.1216 -0.1518 0.0352
Car 0.0000 0 0.0634 20.3780 178.6965 199.4928 237.7030 1.4085 1.4645 3.7111 -12.7658 1.3670 18.4446 -0.5321 0.0348
Car 0.0000 0 1.7217 1099.1096 173.5641 1140.8097 196.8726 1.5456 1.7084 4.3571 35.7440 1.0870 49.0293 2.3501 0.0343
Car 0.0000 0 -2.9921 0.0000 0.0000 1224.0000 370.0000 1.4862 1.6515 3.6078 2.9472 1.6461 -0.1298 -1.4853 0.0342
Car 0.0000 0 -3.0279 0.0000 0.0000 1224.0000 370.0000 1.5082 1.6478 3.9242 3.3222 1.6763 0.3501 -1.6556 0.0341
Car 0.0000 0 1.4277 1096.0320 172.6716 1135.7662 196.3270 1.5731 1.6612 4.0982 35.5062 1.0538 49.2139 2.0512 0.0341
Pedestrian 0.0000 0 -1.2155 548.6586 165.7816 569.6132 212.9611 1.8555 0.6507 0.6444 -1.8505 1.2781 28.2044 -1.2785 0.0340
Car 0.0000 0 1.2850 1087.4739 171.0587 1133.4331 194.8943 1.5990 1.5763 3.8827 35.3392 0.9669 49.5186 1.9034 0.0337
Car 0.0000 0 1.6734 1099.8816 173.6801 1136.1971 195.6477 1.4511 1.6172 4.1635 35.4358 1.0019 48.7913 2.3000 0.0335
Car 0.0000 0 -0.9957 324.0077 0.0000 1224.0000 370.0000 1.5298 1.6368 3.6504 -0.5799 1.6887 0.8710 -1.4462 0.0332
Car 0.0000 0 -1.1884 385.0216 0.0000 1224.0000 370.0000 1.5595 1.5747 3.8128 -0.2757 1.6425 0.6225 -1.4699 0.0331
Car 0.0000 0 1.6933 1101.3284 172.1967 1140.7716 196.3904 1.6071 1.6990 4.3766 35.9022 1.0569 49.1417 2.3227 0.0330
Car 0.0000 0 1.3488 922.3433 167.8017 958.2021 190.1463 1.6332 1.6012 4.0677 25.4837 0.7063 53.8325 1.7903 0.0320
Cyclist 0.0000 0 -0.7470 23.9133 169.8025 96.4658 239.4597 1.6386 0.4394 1.5145 -13.4219 1.3886 17.4118 -1.3931 0.0318
Car 0.0000 0 2.1985 0.0000 0.0000 1224.0000 370.0000 1.5852 1.6106 4.2162 0.7226 1.7246 0.6061 2.8606 0.0312
Pedestrian 0.0000 0 -0.2694 774.8190 168.2056 791.7627 203.8659 1.6932 0.6007 0.6497 8.5232 1.1109 33.8748 -0.0234 0.0310
Pedestrian 0.0000 0 -0.2293 774.4206 168.4730 791.1051 204.0180 1.6882 0.5708 0.6616 8.4960 1.1184 33.8668 0.0160 0.0308
Car 0.0000 0 -1.3897 98.1022 0.0000 1224.0000 370.0000 1.4858 1.6022 3.4860 -0.1816 1.6454 0.9047 -1.5346 0.0304
Car 0.0000 0 -1.6891 26.7144 0.0000 951.7089 370.0000 1.5783 1.6067 3.7825 0.0958 1.6081 0.6544 -1.5889 0.0300
Car 0.0000 0 -1.7924 294.7738 0.0000 1224.0000 370.0000 1.6048 1.5970 4.0366 0.5266 1.5954 0.5514 -1.2483 0.0299
Car 0.0000 0 -1.2841 0.0000 0.0000 1224.0000 370.0000 1.5565 1.7305 3.7544 3.1550 1.6216 -0.2067 0.2513 0.0288
Car 0.0000 0 1.3135 1088.8893 171.3175 1133.2557 195.4448 1.6170 1.5606 3.9485 35.3734 1.0029 49.5039 1.9324 0.0281
Car 0.0000 0 1.9008 1104.2461 173.2397 1155.5374 195.9691 1.5033 1.6057 4.0593 36.0816 1.0244 48.5708 2.5382 0.0275
Car 0.0000 0 1.1314 1078.7322 169.5368 1133.8120 193.6720 1.6269 1.5954 4.0148 35.2122 0.8892 49.7725 1.7457 0.0272
Car 0.0000 0 1.2951 1090.7584 172.9127 1136.1146 195.1285 1.4809 1.6062 3.6823 35.2729 0.9765 49.1315 1.9163 0.0271
Car 0.0000 0 1.6119 1101.7111 172.2739 1134.1473 196.0218 1.5788 1.6650 4.0554 35.6580 1.0332 49.1092 2.2384 0.0271
Car 0.0000 0 0.0996 8.5905 176.5090 196.3446 237.2608 1.4397 1.5306 3.8230 -12.8647 1.3467 18.3410 -0.5021 0.0271
Car 0.0000 0 1.6072 599.9203 173.2032 638.6479 210.5761 1.5436 1.5606 4.0723 0.6666 1.2437 31.2769 1.6300 0.0268
Car 0.0000 0 1.1359 1040.7390 162.3556 1084.5142 182.0880 1.6453 1.6685 3.9160 39.4412 0.1336 61.0023 1.7091 0.0266
Pedestrian 0.0000 0 -1.8190 0.0000 0.0000 1224.0000 370.0000 1.7552 0.5988 0.6903 22.3317 1.5104 0.1532 -0.2680 0.0263
Car 0.0000 0 -0.0335 45.5226 179.9147 216.6777 238.2895 1.4024 1.4887 3.6283 -12.4221 1.3900 18.6329 -0.6118 0.0261
Car 0.0000 0 1.4287 925.2766 167.9176 956.5151 189.9802 1.6108 1.5941 3.9333 25.4915 0.6934 53.7325 1.8710 0.0261
Car 0.0000 0 -0.7039 0.0000 0.0000 1224.0000 370.0000 1.6030 1.6401 4.3596 0.8418 1.7275 0.8669 -0.0870 0.0260
Cyclist 0.0000 0 -1.5668 266.0451 160.3529 291.2747 243.8376 1.7799 0.4919 1.7580 -7.4017 1.3520 15.9720 -1.9914 0.0260
Car 0.0000 0 1.5689 1097.0397 172.3650 1126.6278 196.0190 1.5856 1.6271 3.9489 35.4497 1.0416 49.4719 2.1892 0.0257
Car 0.0000 0 -1.8768 245.9148 0.0000 1224.0000 370.0000 1.5471 1.6298 4.0385 1.0874 1.6589 0.6120 -1.0147 0.0257
Car 0.0000 0 1.2870 1087.5243 172.3153 1132.7273 194.9100 1.5145 1.5776 3.7304 35.2405 0.9672 49.4081 1.9050 0.0253
Pedestrian 0.0000 0 0.0787 777.1595 166.2711 794.6585 203.7642 1.7557 0.6155 0.7587 8.5626 1.0909 33.5181 0.3283 0.0250
Car 0.0000 0 -1.3596 190.1612 0.0000 1170.2423 370.0000 1.5307 1.5636 3.5877 -0.2394 1.6462 0.6637 -1.5956 0.0248
Car 0.0000 0 1.7501 1099.5176 172.3420 1143.6803 196.5005 1.6081 1.7128 4.5088 36.0090 1.0664 49.2343 2.3801 0.0244
Car 0.0000 0 -1.1119 279.3815 0.0000 1224.0000 370.0000 1.5128 1.6583 4.1685 1.5464 1.7392 0.7914 -0.1642 0.0240
Car 0.0000 0 -1.9431 127.4007 0.0000 1224.0000 370.0000 1.5659 1.6872 4.1558 1.0063 1.6767 0.7090 -1.1689 0.0235
Car 0.0000 0 1.5992 1103.1392 172.5842 1136.2694 195.8460 1.5522 1.7557 4.4552 36.0525 1.0253 49.4756 2.2274 0.0235
Car 0.0000 0 -2.0666 0.0000 0.0000 1224.0000 370.0000 1.5005 1.6207 3.7242 1.3119 1.7180 0.7202 -1.1663 0.0234
Car 0.0000 0 -1.9333 422.7990 0.0000 1224.0000 370.0000 1.6167 1.6272 3.9935 0.6317 1.5532 0.2403 -1.0888 0.0229
Car 0.0000 0 1.7676 1099.1167 172.2080 1144.5437 196.0849 1.5931 1.7069 4.5623 36.1052 1.0412 49.3434 2.3977 0.0229
Car 0.0000 0 1.2137 664.4541 0.0000 1224.0000 370.0000 1.5966 1.6338 4.4555 1.1712 1.6523 -0.0451 2.5527 0.0229
Pedestrian 0.0000 0 0.1568 776.1628 166.3416 795.1984 203.7671 1.7502 0.5913 0.7918 8.5435 1.0895 33.4880 0.4060 0.0227
Car 0.0000 0 -2.6068 0.0000 0.0000 1224.0000 370.0000 1.4385 1.6724 3.7169 2.6186 1.7077 0.1311 -1.2062 0.0227
Car 0.0000 0 -1.4664 1200.2548 168.4892 1224.0000 322.5060 1.5785 1.5972 3.9357 9.1027 1.4571 9.1175 -0.6977 0.0226
Car 0.0000 0 -2.7685 0.0000 0.0000 1224.0000 370.0000 1.4871 1.6577 3.8201 2.8847 1.6676 0.1446 -1.3569 0.0225
Car 0.0000 0 -0.0217 28.8864 176.3175 207.4695 236.2536 1.4321 1.5669 3.7405 -12.7233 1.3338 18.6050 -0.6118 0.0225
Car 0.0000 0 -0.7638 1093.2417 167.0656 1224.0000 311.5213 1.6335 1.6327 3.2805 8.2633 1.4833 8.8541 -0.0292 0.0224
Car 0.0000 0 1.7564 1096.8035 172.5230 1143.2905 196.0497 1.5213 1.7224 4.6711 34.9623 1.0068 47.9441 2.3849 0.0222
Car 0.0000 0 1.4594 926.7872 168.9672 956.2033 190.8488 1.5945 1.5794 3.9231 25.4904 0.7554 53.6287 1.9025 0.0222
Car 0.0000 0 -1.8135 1192.1459 157.7124 1224.0000 328.2541 1.7142 1.5762 3.7088 8.9457 1.4868 9.1032 -1.0526 0.0216
Car 0.0000 0 -1.4990 1198.5615 166.6990 1224.0000 323.3732 1.6142 1.5695 3.8550 8.9943 1.4737 9.1576 -0.7383 0.0216
Car 0.0000 0 1.8443 1097.1934 173.5508 1147.1031 196.0891 1.4938 1.6940 4.2863 35.7574 1.0345 48.8469 2.4747 0.0214
Car 0.0000 0 1.4382 1097.0320 173.6295 1135.5374 195.3383 1.4415 1.6548 3.8723 35.4125 0.9866 49.0410 2.0621 0.0213
Car 0.0000 0 -1.4671 0.0000 0.0000 1224.0000 370.0000 1.5660 1.6236 4.0866 1.3839 1.7426 0.4278 -0.3921 0.0212
Car 0.0000 0 -1.9476 1162.8715 156.8426 1224.0000 324.7461 1.7190 1.5551 3.4516 8.7462 1.4785 9.1243 -1.1991 0.0210
Car 0.0000 0 -2.0072 486.2069 0.0000 1224.0000 370.0000 1.6005 1.6553 4.0138 0.5204 1.5680 0.0627 -1.0724 0.0208
Car 0.0000 0 -2.2741 212.6100 0.0000 1224.0000 370.0000 1.4636 1.6063 3.5197 1.4387 1.6136 -0.0212 -0.9088 0.0207
Car 0.0000 0 1.6985 1100.8090 172.0831 1140.2501 196.4657 1.6218 1.6872 4.3168 35.8878 1.0633 49.1725 2.3274 0.0207
Cyclist 0.0000 0 -2.6053 248.5961 158.0318 334.8079 248.1898 1.8702 0.4701 1.6710 -6.6823 1.4058 15.0008 -3.0147 0.0204
Car 0.0000 0 1.5379 1099.9907 172.2224 1131.1044 196.0890 1.5948 1.6134 4.1988 35.6554 1.0430 49.4353 2.1612 0.0202
Car 0.0000 0 -0.4732 1131.6591 168.6924 1213.7529 192.4865 1.5708 1.6206 4.0379 38.3704 0.7926 47.8678 0.2008 0.0202
Car 0.0000 0 3.8184 292.7453 0.0000 1224.0000 370.0000 1.4679 1.6060 4.0733 -2.2800 1.6708 0.3965 2.5551 0.0199
Car 0.0000 0 0.7895 0.0000 0.0000 1224.0000 370.0000 1.4774 1.6269 3.7755 2.2239 1.7539 0.1444 2.1547 0.0197
Car 0.0000 0 -0.8769 598.2085 174.5392 675.9227 209.4438 1.4524 1.5513 3.4957 1.4387 1.2059 31.2292 -0.8296 0.0195
Pedestrian 0.0000 0 -1.5339 32.5848 168.1167 60.8281 239.2928 1.6723 0.5043 0.6659 -13.4769 1.3830 17.0248 -2.1926 0.0191
Car 0.0000 0 -1.3992 0.0000 0.0000 1224.0000 370.0000 1.5418 1.6358 4.2045 0.9964 1.7100 0.4472 -0.4852 0.0191
Car 0.0000 0 1.7013 1115.4540 171.6441 1151.2760 194.8851 1.5651 1.5617 3.5588 36.9634 0.9700 49.4289 2.3419 0.0185
Car 0.0000 0 -1.3637 0.0000 0.0000 1224.0000 370.0000 1.4329 1.5639 3.4466 2.4553 1.7062 0.9078 -0.2561 0.0184
Car 0.0000 0 1.2807 1085.0219 172.3097 1130.2745 195.0283 1.5257 1.5432 3.8242 35.1580 0.9770 49.5372 1.8964 0.0183
Car 0.0000 0 2.3168 846.7587 172.6635 923.3156 202.7476 1.5362 1.6832 3.7714 14.9161 1.1375 37.6767 2.6925 0.0180
Car 0.0000 0 -2.1155 269.2248 0.0000 1224.0000 370.0000 1.4368 1.6270 3.5305 1.3677 1.6323 0.0797 -0.8298 0.0178
Car 0.0000 0 1.6777 1102.4865 170.7861 1145.9836 197.3484 1.6784 1.8386 4.8119 34.6050 1.0659 47.0677 2.3100 0.0177
Car 0.0000 0 1.6763 1099.9783 171.1326 1136.3560 195.4366 1.6241 1.6261 4.2214 35.8551 0.9994 49.3552 2.3031 0.0173
Car 0.0000 0 1.6785 0.0000 0.0000 1224.0000 370.0000 1.5695 1.6271 4.2330 1.0160 1.6701 0.2726 2.7204 0.0172
Car 0.0000 0 2.0742 1140.0306 170.1981 1200.0692 193.4491 1.5456 1.6029 3.7616 38.7318 0.8621 48.4580 2.7468 0.0172
Car 0.0000 0 0.1897 0.0000 178.5978 190.0344 239.7178 1.4484 1.5562 3.9154 -13.1105 1.4050 18.2638 -0.4228 0.0172
Car 0.0000 0 2.0249 1102.5504 172.7178 1158.9731 194.4545 1.4448 1.5795 3.8672 36.1410 0.9289 48.5840 2.6629 0.0171
Car 0.0000 0 1.8125 596.1506 168.9295 652.5068 205.5768 1.5513 1.5977 4.1971 0.9327 1.0630 32.1613 1.8430 0.0171
Car 0.0000 0 1.7150 1103.8831 169.5308 1148.5546 194.8582 1.6118 1.7286 4.9030 34.9409 0.9151 47.3432 2.3492 0.0169
Car 0.0000 0 -1.6903 0.0000 0.0000 1224.0000 370.0000 1.4795 1.6521 3.7183 2.4425 1.6973 0.3064 -0.3703 0.0168
Car 0.0000 0 -1.2524 0.0000 171.1253 4.7484 227.2024 1.5705 1.6847 3.9290 -20.4310 1.3095 21.9335 -1.9933 0.0167
Car 0.0000 0 1.4631 1122.4343 167.9442 1158.2792 192.8626 1.6843 1.5726 4.1227 37.7806 0.8369 49.9590 2.1091 0.0166
Car 0.0000 0 1.3679 1091.4258 172.9714 1133.5449 196.3001 1.5593 1.6057 4.0001 35.4070 1.0574 49.4097 1.9882 0.0165
Car 0.0000 0 1.2776 1083.6740 171.7699 1129.5684 195.0097 1.5621 1.5660 3.8580 35.1276 0.9766 49.5979 1.8924 0.0165
Cyclist 0.0000 0 1.2284 587.7219 169.6535 614.2726 210.0230 1.7165 0.6458 1.6473 -0.2079 1.2568 30.9431 1.2235 0.0164
Car 0.0000 0 1.5061 936.7612 168.7361 964.1410 191.6903 1.6723 1.5987 4.0744 26.2041 0.8166 53.6958 1.9594 0.0163
Car 0.0000 0 1.8560 353.1739 0.0000 1224.0000 370.0000 1.5282 1.6190 4.1499 1.9684 1.7503 0.7447 2.9312 0.0163
Car 0.0000 0 1.6519 597.9609 169.3371 639.4611 207.1341 1.5976 1.5549 3.9249 0.6549 1.1272 31.9120 1.6740 0.0162
Car 0.0000 0 1.3745 1113.8014 169.8381 1152.9462 193.5564 1.5984 1.4885 3.7488 37.0592 0.8812 49.6553 2.0142 0.0161
Car 0.0000 0 -1.7694 1195.3073 162.5457 1224.0000 325.5354 1.6839 1.5650 3.6066 9.0074 1.5001 9.2440 -1.0125 0.0161
Car 0.0000 0 1.4775 930.6110 168.5888 959.3807 191.5955 1.6796 1.5914 4.0642 25.8350 0.8113 53.7938 1.9245 0.0160
Car 0.0000 0 1.6322 1123.2253 168.3454 1154.9434 192.0105 1.6320 1.5816 4.0033 38.3970 0.7951 50.7898 2.2781 0.0158
Car 0.0000 0 -1.9822 265.0698 0.0000 1224.0000 370.0000 1.5344 1.6994 4.0350 1.0435 1.6060 0.4452 -1.0445 0.0158
Car 0.0000 0 1.6150 600.0932 171.7061 639.0667 209.7018 1.5921 1.5654 3.9911 0.6872 1.2251 31.6660 1.6382 0.0157
Car 0.0000 0 1.3515 1114.4393 168.0430 1157.0609 192.9705 1.6842 1.5660 3.9773 37.4016 0.8439 49.9001 1.9932 0.0157
Car 0.0000 0 1.1176 1041.0032 160.8754 1084.7050 180.1635 1.6075 1.6246 3.8775 39.4717 -0.0288 61.0174 1.6911 0.0155
Car 0.0000 0 1.6897 1099.2714 171.5992 1138.2740 196.2409 1.6382 1.6841 4.4780 35.8001 1.0478 49.2173 2.3170 0.0155
Car 0.0000 0 -0.8901 1136.7515 169.5941 1211.3821 192.7764 1.5606 1.6926 4.3017 39.3260 0.8278 48.8770 -0.2141 0.0154
Pedestrian 0.0000 0 -0.0915 768.5963 167.3697 788.1991 204.1233 1.7270 0.5826 0.8529 8.2119 1.1115 33.5686 0.1479 0.0152
Car 0.0000 0 -2.2272 0.0000 0.0000 1224.0000 370.0000 1.5278 1.6747 3.5396 1.5412 1.7308 0.7701 -1.2720 0.0152
Car 0.0000 0 1.0596 1039.8774 161.1118 1085.3076 180.5042 1.6215 1.6166 3.8386 39.4908 0.0015 61.0826 1.6328 0.0151
Car 0.0000 0 1.5057 1099.6473 172.9823 1133.9287 196.9448 1.5966 1.6590 4.1153 35.6319 1.0970 49.2896 2.1302 0.0146
Car 0.0000 0 1.9469 594.7891 174.4291 659.4636 210.6780 1.4877 1.5713 3.7361 1.0154 1.2400 31.0397 1.9810 0.0145
Car 0.0000 0 1.5456 943.5220 168.9379 969.4105 191.5619 1.6428 1.6421 4.1546 26.5981 0.8045 53.5666 2.0057 0.0144
Car 0.0000 0 1.5463 933.8801 169.1905 957.9778 191.4117 1.6224 1.5448 3.9282 25.8812 0.7979 53.7249 1.9946 0.0142
Cyclist 0.0000 0 -1.1865 699.9746 157.7672 747.1920 229.8859 1.9904 0.6291 2.0664 3.4383 1.3646 20.5546 -1.0215 0.0142
Car 0.0000 0 -2.0176 1148.1194 154.3888 1224.0000 326.2798 1.7236 1.5486 3.3342 8.4504 1.4635 8.9054 -1.2746 0.0140
Car 0.0000 0 3.7645 0.0000 0.0000 1224.0000 370.0000 1.5305 1.7290 4.1297 -26.9816 1.6464 1.8489 2.2756 0.0140
Cyclist 0.0000 0 -1.1629 706.9979 158.7776 759.9838 231.3206 1.9999 0.6149 2.4310 3.7551 1.4026 20.6697 -0.9842 0.0139
Cyclist 0.0000 0 -2.6693 513.7409 159.9692 560.7443 209.3188 1.9244 0.7455 1.7177 -2.7286 1.1253 28.2303 -2.7628 0.0138
Car 0.0000 0 1.6407 597.9778 169.5288 638.6429 207.0425 1.5877 1.5597 3.9721 0.6378 1.1248 31.9686 1.6622 0.0137
Car 0.0000 0 2.3432 1139.2509 169.5590 1217.2267 192.5986 1.5424 1.6017 4.2996 39.2010 0.8113 48.3805 3.0225 0.0135
Car 0.0000 0 2.2002 598.3047 173.9769 676.5672 209.5500 1.4676 1.5411 3.7219 1.4603 1.1999 31.0971 2.2483 0.0135
Car 0.0000 0 -3.7782 1138.7074 169.7523 1223.0864 192.9252 1.5437 1.6286 4.3218 39.0521 0.8290 48.0050 -3.0969 0.0135
Car 0.0000 0 -0.7307 1131.4952 169.7355 1211.2240 193.3397 1.5756 1.6776 4.1898 38.5341 0.8584 48.1493 -0.0574 0.0133
Car 0.0000 0 2.2019 1100.0530 173.1989 1171.2952 197.1736 1.6007 1.6492 4.3927 36.5016 1.1146 48.6344 2.8442 0.0132
Car 0.0000 0 -2.1527 28.0750 0.0000 1224.0000 370.0000 1.4848 1.6443 3.6759 1.2437 1.6965 0.4462 -1.1345 0.0132
Car 0.0000 0 1.2947 586.8462 174.1130 647.3220 211.4151 1.5255 1.5468 4.2840 0.4330 1.2658 31.1800 1.3101 0.0131
Car 0.0000 0 1.6035 1144.3743 168.8313 1176.8361 192.7458 1.5741 1.6308 4.0277 38.2215 0.8074 48.6015 2.2683 0.0130
Car 0.0000 0 2.0458 597.8888 173.3839 668.3892 209.4039 1.5006 1.5137 3.9162 1.3015 1.2056 31.5260 2.0884 0.0129
Car 0.0000 0 3.7089 0.0000 0.0000 1224.0000 370.0000 1.5717 1.7015 4.0611 -26.7943 1.6758 1.8750 2.2215 0.0129
Pedestrian 0.0000 0 -0.0513 769.5160 166.9045 787.4424 204.0183 1.7447 0.6011 0.7962 8.2246 1.1071 33.6035 0.1882 0.0129
Car 0.0000 0 0.9014 1138.8544 170.8597 1209.5579 194.3816 1.5237 1.6084 3.9490 38.3668 0.9005 47.7740 1.5764 0.0129
Car 0.0000 0 1.5761 933.9752 171.1612 957.7870 192.8481 1.5912 1.5835 3.9079 26.0375 0.9073 53.9769 2.0248 0.0128
Car 0.0000 0 1.4442 1126.6664 167.2763 1164.1321 192.7969 1.7085 1.5464 4.2725 37.8326 0.8246 49.5670 2.0946 0.0127
Car 0.0000 0 3.7431 0.0000 0.0000 1224.0000 370.0000 1.5278 1.7088 3.9422 -26.8856 1.6456 1.7898 2.2524 0.0127
Car 0.0000 0 2.2944 1101.7396 173.3753 1172.4238 197.0569 1.5805 1.5857 4.0453 36.3867 1.1063 48.3682 2.9378 0.0125
Car 0.0000 0 1.4144 591.3859 169.7733 640.2839 207.3841 1.5865 1.5779 4.1316 0.4043 1.1355 31.9761 1.4286 0.0124
Car 0.0000 0 1.6243 597.7311 168.0267 638.1459 205.1467 1.5742 1.6110 4.1013 0.6252 1.0467 32.0845 1.6454 0.0123
Car 0.0000 0 1.8562 596.7764 170.5185 655.4725 207.2666 1.5493 1.5623 4.0826 1.0073 1.1300 31.9878 1.8891 0.0122
Car 0.0000 0 3.7355 0.0000 0.0000 1224.0000 370.0000 1.5176 1.7005 3.9312 -26.7860 1.6249 1.8402 2.2469 0.0122
Car 0.0000 0 1.5818 1106.0116 171.6913 1138.6376 197.2599 1.6119 1.6777 4.7190 34.3791 1.0579 46.9623 2.2121 0.0121
Car 0.0000 0 -1.8200 0.0000 169.8385 8.2097 234.0856 1.5783 1.6818 3.7290 -17.9064 1.3180 19.0874 -2.5633 0.0121
Car 0.0000 0 3.7465 0.0000 0.0000 1224.0000 370.0000 1.5112 1.6871 3.9798 -26.9474 1.6076 1.5618 2.2472 0.0120
Car 0.0000 0 1.4008 938.7737 170.6584 971.6513 192.3051 1.5746 1.5732 3.9694 26.4877 0.8600 53.5529 1.8594 0.0120
Car 0.0000 0 1.5602 944.8224 169.4865 969.1460 191.4400 1.5937 1.5907 4.0120 26.5983 0.7955 53.4757 2.0210 0.0119
Car 0.0000 0 0.7411 550.0502 0.0000 1224.0000 370.0000 1.5797 1.7509 4.4181 -1.6808 1.6875 0.1920 -0.5307 0.0119
Car 0.0000 0 -2.2343 246.9795 0.0000 1224.0000 370.0000 1.5295 1.6589 3.9731 1.0786 1.6148 0.1880 -1.1046 0.0118
Car 0.0000 0 0.4883 1130.5565 169.2652 1210.1007 193.2320 1.5356 1.5873 3.8674 37.8109 0.8171 47.3856 1.1601 0.0117
Car 0.0000 0 3.7179 0.0000 0.0000 1224.0000 370.0000 1.5702 1.6881 4.0578 -26.8008 1.6468 1.7032 2.2242 0.0116
Car 0.0000 0 0.5378 1130.4023 168.4706 1210.8728 192.6091 1.5459 1.5803 3.9578 37.8418 0.7769 47.4078 1.2098 0.0116
Car 0.0000 0 2.0769 597.5630 173.6005 669.5001 209.5372 1.4902 1.4947 3.8715 1.3099 1.2056 31.3560 2.1200 0.0115
Car 0.0000 0 3.7765 0.0000 0.0000 1224.0000 370.0000 1.5448 1.6942 4.3091 -27.0693 1.6537 1.5118 2.2750 0.0115
Car 0.0000 0 1.1600 1133.0640 170.3078 1193.5797 194.4153 1.5156 1.5677 4.2189 36.7729 0.8762 46.6847 1.8254 0.0115
Car 0.0000 0 1.8921 596.6493 170.5011 657.5265 207.4195 1.5548 1.5552 4.0097 1.0477 1.1352 31.9224 1.9263 0.0114
Car 0.0000 0 1.5857 1123.6691 169.4554 1152.2108 192.4242 1.5829 1.5842 4.1349 38.3532 0.8231 50.8398 2.2306 0.0112
Car 0.0000 0 2.1628 598.6014 173.6503 673.4655 209.8443 1.4986 1.5206 3.6473 1.4027 1.2165 31.1877 2.2090 0.0112
Car 0.0000 0 1.3027 1083.1061 170.5240 1128.5387 194.5600 1.6178 1.6173 3.9060 35.1410 0.9477 49.6962 1.9168 0.0112
Car 0.0000 0 1.3940 1112.6865 167.2001 1153.6633 192.3291 1.7030 1.6316 4.0178 37.3510 0.8030 50.0732 2.0334 0.0112
Car 0.0000 0 3.8403 0.0000 0.0000 1224.0000 370.0000 1.5489 1.7511 4.3585 -27.0924 1.6374 1.8950 2.3528 0.0112
Car 0.0000 0 1.4187 590.1821 170.0539 639.0313 207.6180 1.5865 1.5883 4.1873 0.3488 1.1468 32.0408 1.4312 0.0112
Car 0.0000 0 1.6502 948.8739 170.1530 977.4899 192.2026 1.5919 1.6105 4.0130 26.9739 0.8462 53.1727 2.1189 0.0111
Car 0.0000 0 1.4462 590.0814 167.5155 637.0750 205.1113 1.5950 1.6241 4.1561 0.3059 1.0456 32.1489 1.4574 0.0111
Car 0.0000 0 1.5988 1119.0396 167.5632 1149.9764 192.3349 1.6862 1.6502 4.2362 37.7009 0.8069 50.2967 2.2406 0.0111
Car 0.0000 0 1.2748 1088.5950 172.9610 1135.7394 196.0818 1.5442 1.5794 3.9448 35.3272 1.0420 49.3387 1.8947 0.0110
Cyclist 0.0000 0 1.6175 541.3391 170.1270 557.9100 215.1830 1.7530 0.5851 1.6384 -2.2332 1.3509 28.3316 1.5414 0.0110
Car 0.0000 0 1.5505 939.0228 169.1504 963.4929 191.6159 1.6360 1.5768 3.9738 26.2322 0.8107 53.6172 2.0047 0.0109
Car 0.0000 0 2.0450 597.0723 170.8460 668.7406 206.7876 1.5135 1.5615 4.0248 1.3096 1.1085 31.9046 2.0874 0.0108
Cyclist 0.0000 0 -2.6758 250.7718 157.1261 342.4041 245.9070 1.8480 0.4887 1.7545 -6.5787 1.3631 15.0112 -3.0793 0.0107
Car 0.0000 0 1.1872 1114.7443 168.8404 1168.2859 193.5258 1.6508 1.5842 4.0089 37.4263 0.8724 49.4194 1.8339 0.0106
Pedestrian 0.0000 0 -2.4360 0.0000 0.0000 1224.0000 370.0000 1.8233 0.5978 0.7847 22.2960 1.4818 0.3821 -0.8953 0.0106
Car 0.0000 0 1.9065 596.9609 174.0908 658.5224 210.8935 1.5219 1.5310 3.8708 1.0541 1.2584 31.3151 1.9415 0.0105
Car 0.0000 0 1.3966 581.0234 169.9045 629.8233 206.1202 1.5427 1.5522 3.9614 -0.0620 1.0929 32.1995 1.3964 0.0105
Car 0.0000 0 1.4895 946.2350 170.8458 974.7972 192.2538 1.5483 1.5968 3.9551 26.7502 0.8514 53.2640 1.9541 0.0105
Car 0.0000 0 1.5264 1144.5056 168.1393 1174.4755 192.3115 1.6093 1.4443 4.1665 38.5332 0.7877 49.1827 2.1894 0.0104
Car 0.0000 0 -1.9193 1165.7163 160.6375 1224.0000 323.5771 1.6820 1.5648 3.3989 8.7683 1.4786 9.1637 -1.1716 0.0104
Car 0.0000 0 1.0956 1040.5927 160.4441 1083.7391 179.6573 1.6067 1.6021 3.7292 39.5522 -0.0741 61.2280 1.6684 0.0103
Car 0.0000 0 1.0313 1101.2897 171.5670 1168.4546 198.0970 1.6494 1.6070 4.1103 34.4341 1.0954 46.0786 1.6713 0.0100
Car 0.0000 0 3.6676 0.0000 0.0000 1224.0000 370.0000 1.5669 1.7439 4.2875 -26.6324 1.6981 2.2043 2.1930 0.0097
Car 0.0000 0 1.2759 1121.2317 168.4626 1173.3290 192.9166 1.6150 1.6493 4.3863 37.5280 0.8214 49.0340 1.9276 0.0096
Car 0.0000 0 3.7525 0.0000 0.0000 1224.0000 370.0000 1.5163 1.6927 3.8387 -26.6719 1.6344 1.8457 2.2644 0.0096
Car 0.0000 0 -0.6740 1134.4194 169.6084 1218.2621 193.0783 1.5702 1.6642 4.3555 38.8553 0.8428 48.1386 0.0035 0.0095
Cyclist 0.0000 0 -1.2738 726.0889 157.1709 768.7294 230.0465 2.0273 0.5936 2.2839 4.1851 1.3799 20.8102 -1.0766 0.0095
Car 0.0000 0 1.1808 1143.8628 171.2012 1201.1312 194.2844 1.4882 1.6068 3.9865 38.2194 0.8901 47.7189 1.8544 0.0095
Car 0.0000 0 0.9799 1130.3982 169.6424 1202.7623 193.1599 1.4837 1.6194 4.2971 37.0676 0.8000 46.8061 1.6480 0.0094
Car 0.0000 0 3.8717 0.0000 0.0000 1224.0000 370.0000 1.5403 1.6991 4.5218 -27.2056 1.6264 1.5383 2.3708 0.0094
Car 0.0000 0 1.6401 708.0115 175.5821 752.2472 210.8431 1.3995 1.5865 4.0319 5.3805 1.2058 30.2062 1.8162 0.0093
Car 0.0000 0 1.6285 1099.4023 172.4910 1136.4761 198.6191 1.6543 1.7343 4.8524 34.2744 1.1486 47.1904 2.2550 0.0093
Pedestrian 0.0000 0 -0.0450 1018.0710 168.5335 1028.6060 192.9787 1.7276 0.7763 0.6108 29.8537 0.8832 50.4493 0.4882 0.0093
Car 0.0000 0 1.3580 589.5496 171.7498 644.7661 210.4505 1.6032 1.5676 4.3707 0.4460 1.2422 31.5810 1.3737 0.0093
Car 0.0000 0 2.2714 599.8043 172.6342 678.3567 208.0290 1.4887 1.5273 3.6233 1.5476 1.1594 31.5791 2.3216 0.0092
Car 0.0000 0 0.8701 1140.1772 170.1339 1211.7506 193.3796 1.5038 1.5987 3.9184 38.4363 0.8345 47.7119 1.5465 0.0091
Car 0.0000 0 1.5187 1132.2129 167.6788 1165.0281 192.6992 1.6653 1.5812 4.2200 37.8169 0.8133 49.2423 2.1721 0.0091
Car 0.0000 0 1.5643 946.0418 170.2741 970.2762 191.8827 1.5678 1.5829 3.9576 26.6687 0.8271 53.4192 2.0266 0.0091
Car 0.0000 0 1.8833 598.6435 172.4963 658.1663 208.8278 1.5241 1.5466 3.8855 1.0976 1.1899 31.7464 1.9193 0.0090
Car 0.0000 0 1.2991 1089.3955 172.9384 1133.7673 195.6907 1.5228 1.5381 3.8226 35.3205 1.0181 49.3778 1.9186 0.0090
Car 0.0000 0 0.7102 1130.3651 169.6139 1214.0610 192.8608 1.4653 1.6236 4.2944 37.4499 0.7804 46.8214 1.3831 0.0089
Car 0.0000 0 1.4350 581.7111 170.4110 627.3630 206.0029 1.5198 1.5518 3.9806 -0.0999 1.0905 32.2648 1.4337 0.0088
Car 0.0000 0 2.0758 1082.4417 174.4352 1148.9099 198.5738 1.5785 1.6721 4.5402 34.6531 1.1832 47.9570 2.6999 0.0087
Car 0.0000 0 1.3045 1088.7092 172.6807 1132.7030 195.5624 1.5334 1.5353 3.8366 35.3053 1.0107 49.4415 1.9232 0.0087
Pedestrian 0.0000 0 -2.5383 730.3206 159.1863 767.6912 228.0784 1.9995 0.5679 0.9322 4.2513 1.3825 21.0487 -2.3402 0.0086
Car 0.0000 0 3.6903 0.0000 0.0000 1224.0000 370.0000 1.4557 1.6211 3.6800 -26.8055 1.5646 1.5807 2.1920 0.0086
Car 0.0000 0 0.7162 1127.7810 169.1053 1211.3702 192.8034 1.5015 1.6374 4.3285 37.4746 0.7809 47.0721 1.3868 0.0085
Car 0.0000 0 1.5638 719.9199 175.4736 761.0019 211.1806 1.4155 1.6074 4.1193 5.7395 1.2178 30.1947 1.7514 0.0085
Car 0.0000 0 1.5458 1144.8137 169.1855 1177.5510 193.2738 1.5687 1.6376 4.1425 37.8654 0.8332 48.1921 2.2101 0.0083
Car 0.0000 0 1.1931 1117.1042 168.8528 1171.1975 192.9584 1.6004 1.5756 4.0988 37.3805 0.8284 49.1215 1.8421 0.0083
Car 0.0000 0 1.6605 1126.0314 167.6705 1161.4591 192.1414 1.6648 1.6282 4.3254 38.3173 0.7933 50.2419 2.3106 0.0083
Car 0.0000 0 -0.5284 452.7270 170.5408 561.1769 212.8490 1.5362 1.5974 3.9048 -3.7948 1.1761 27.4975 -0.6622 0.0083
Car 0.0000 0 1.5396 1138.4138 167.7835 1170.4279 192.6683 1.6395 1.5937 4.4861 37.9244 0.8030 48.8626 2.1980 0.0082
Car 0.0000 0 1.3444 1103.9342 170.0586 1156.4673 197.1451 1.6940 1.7401 4.7912 34.6421 1.0424 46.7586 1.9803 0.0082
Car 0.0000 0 1.4625 1103.6924 170.3404 1145.7932 197.8056 1.7177 1.7314 4.6292 34.2249 1.0837 46.6525 2.0937 0.0082
Car 0.0000 0 1.8355 1086.7767 170.9637 1137.5673 195.4812 1.5678 1.6338 4.5460 33.9466 0.9593 47.2783 2.4566 0.0081
Car 0.0000 0 -2.0100 1152.3953 164.0541 1224.0000 323.7859 1.6548 1.6162 3.3953 8.7654 1.4861 9.1824 -1.2635 0.0080
Car 0.0000 0 -2.2736 1092.8848 161.1155 1224.0000 316.4019 1.6666 1.6066 3.3204 8.2776 1.4602 9.2527 -1.5591 0.0080
Car 0.0000 0 1.0903 1108.3973 169.2040 1173.8256 197.1554 1.7407 1.6714 4.1362 34.9365 1.0386 46.2043 1.7360 0.0078
Pedestrian 0.0000 0 -3.1900 1018.4507 169.2118 1029.2701 193.2281 1.6960 0.7568 0.6259 29.8657 0.9001 50.4069 -2.6563 0.0078
Car 0.0000 0 -0.7523 1136.0649 169.3348 1217.2050 192.9487 1.5843 1.7023 4.3313 39.1316 0.8365 48.4423 -0.0744 0.0077
Car 0.0000 0 1.2472 1101.5061 171.9731 1157.0142 198.6864 1.6551 1.6154 4.2757 34.0833 1.1281 46.0834 1.8822 0.0077
Cyclist 0.0000 0 -0.6827 48.1681 170.4776 122.2941 236.5248 1.5789 0.4265 1.5755 -13.0255 1.3409 17.7132 -1.3064 0.0077
Car 0.0000 0 1.6498 931.2780 170.0213 958.0562 191.8131 1.6028 1.5527 3.8069 25.9949 0.8334 54.0360 2.0975 0.0076
Car 0.0000 0 2.2638 151.2251 181.3706 294.6416 232.3614 1.3290 1.5623 3.8185 -10.9537 1.3584 20.5229 1.7818 0.0076
Cyclist 0.0000 0 -2.6213 253.2187 157.5952 339.9829 247.4327 1.8694 0.4354 1.7031 -6.5886 1.3944 15.0230 -3.0251 0.0075
Car 0.0000 0 1.5879 1102.3558 170.2115 1132.6309 196.1809 1.6457 1.5645 3.8916 33.9688 0.9950 46.8266 2.2138 0.0075
Car 0.0000 0 1.6298 702.3351 177.1775 745.5290 211.9122 1.3681 1.5790 3.8153 5.0565 1.2387 29.8790 1.7974 0.0074
Car 0.0000 0 1.4209 1126.1896 171.6598 1162.8411 193.3850 1.4957 1.5125 3.9157 38.6827 0.8884 50.7533 2.0707 0.0073
Car 0.0000 0 0.8794 1128.9958 169.1413 1202.5712 193.1325 1.5246 1.5877 4.0733 37.1622 0.8041 46.9817 1.5469 0.0073
Car 0.0000 0 1.4381 1101.0879 173.0499 1141.1566 199.0074 1.6182 1.5347 4.4325 33.7996 1.1551 46.3880 2.0660 0.0072
Car 0.0000 0 1.7100 700.4054 177.0523 751.7684 212.7304 1.3834 1.5897 3.8801 5.0892 1.2512 29.5005 1.8807 0.0072
Car 0.0000 0 1.6220 710.2041 175.6818 753.6959 211.3005 1.3932 1.6017 4.0007 5.3804 1.2062 29.7802 1.8005 0.0072
Car 0.0000 0 1.2539 1087.4868 173.4570 1144.0038 196.5427 1.4842 1.7211 4.6675 34.5336 1.0327 47.9364 1.8766 0.0072
Car 0.0000 0 1.3166 1099.7328 171.6609 1153.3969 198.8189 1.6852 1.6950 4.6653 34.0997 1.1381 46.3495 1.9491 0.0071
Car 0.0000 0 1.8079 701.3497 175.4423 759.6561 210.0479 1.3845 1.5742 4.0048 5.4444 1.1837 30.4328 1.9848 0.0071
Car 0.0000 0 1.5420 1131.6539 170.0374 1160.8306 192.3170 1.5348 1.5415 3.7905 38.7729 0.8154 50.6923 2.1935 0.0071
Car 0.0000 0 1.2420 1217.5468 175.0553 1224.0000 202.0204 1.5562 1.6236 4.0774 39.0881 1.2433 42.9929 1.9777 0.0070
Pedestrian 0.0000 0 0.4268 915.1305 167.9711 929.4961 196.8345 1.8267 0.7341 0.5873 20.2885 1.0351 45.2058 0.8476 0.0070
Pedestrian 0.0000 0 0.3092 915.0291 168.5667 929.4911 197.3647 1.8211 0.7499 0.6467 20.2831 1.0678 45.2005 0.7300 0.0070
Car 0.0000 0 -2.5150 1078.3136 167.0039 1224.0000 319.7949 1.6171 1.5991 3.1918 8.1883 1.4760 9.2158 -1.8040 0.0069
Car 0.0000 0 1.6712 713.8954 175.1209 761.4743 210.5128 1.4128 1.6055 4.1561 5.7519 1.1996 30.4405 1.8577 0.0069
Car 0.0000 0 1.2467 1223.9843 174.2703 1224.0000 202.1420 1.5974 1.6276 3.8530 39.0997 1.2417 42.6085 1.9870 0.0068
Car 0.0000 0 -0.5351 460.3297 171.6285 567.7725 212.5660 1.5016 1.6506 3.8876 -3.5566 1.1777 27.7729 -0.6592 0.0067
Car 0.0000 0 2.3091 134.9966 177.9904 273.1292 231.0953 1.4453 1.4848 3.6985 -11.9042 1.3786 21.2099 1.8059 0.0066
Car 0.0000 0 3.6632 0.0000 0.0000 1224.0000 370.0000 1.5150 1.6320 3.8142 -26.4717 1.6154 2.0241 2.1824 0.0066
Car 0.0000 0 1.2726 1220.4200 174.8975 1224.0000 202.2053 1.5761 1.6307 3.8965 39.1026 1.2541 42.9140 2.0094 0.0065
Car 0.0000 0 2.0331 680.4426 174.5866 759.7958 212.8960 1.4252 1.5457 3.9383 4.6570 1.2067 28.3485 2.1958 0.0065
Car 0.0000 0 0.8065 1125.2493 169.2676 1203.0361 193.9277 1.5828 1.6595 4.1833 37.4896 0.8632 47.5390 1.4726 0.0065
Car 0.0000 0 0.8543 1125.9874 171.3484 1201.7827 194.9351 1.5053 1.5938 4.2062 37.2510 0.9226 47.2600 1.5202 0.0064
Car 0.0000 0 0.9451 1141.3021 170.8092 1210.1561 193.8881 1.4857 1.5774 3.9481 38.2666 0.8632 47.5214 1.6214 0.0063
Car 0.0000 0 -0.3653 1134.8738 168.4025 1213.5758 191.9843 1.5480 1.5711 3.8281 38.3655 0.7552 47.7400 0.3099 0.0063
Car 0.0000 0 1.1266 1099.7917 170.6562 1166.4789 198.1944 1.7139 1.7120 4.5227 34.5380 1.1026 46.3841 1.7649 0.0063
Car 0.0000 0 2.0085 680.9634 174.7983 759.4417 213.2695 1.4170 1.5402 3.9729 4.6239 1.2085 28.1110 2.1714 0.0063
Pedestrian 0.0000 0 -3.0770 810.4583 162.2618 843.2450 241.6986 1.7789 0.5712 0.6857 5.0540 1.3721 16.2172 -2.7787 0.0063
Car 0.0000 0 0.5233 1132.7979 169.7960 1219.8433 192.7749 1.4503 1.5980 4.2563 37.7923 0.7761 46.8941 1.1999 0.0062
Car 0.0000 0 1.8903 1138.4299 169.4195 1187.3218 192.9780 1.5582 1.5889 3.5805 38.2153 0.8266 48.4115 2.5569 0.0061
Car 0.0000 0 1.6069 1100.7430 170.2573 1134.5182 198.0338 1.7489 1.6592 4.3746 33.9273 1.1053 46.7490 2.2330 0.0061
Car 0.0000 0 0.7478 1128.2939 170.6060 1205.5735 193.8531 1.4844 1.6072 4.0126 37.4541 0.8540 47.2481 1.4164 0.0061
Car 0.0000 0 -0.8123 1131.1248 169.8667 1200.4207 193.1889 1.5549 1.6270 3.6675 38.2099 0.8473 48.2027 -0.1437 0.0061
Car 0.0000 0 1.1022 1102.4723 169.2616 1168.2177 194.9847 1.6237 1.6894 4.3595 35.0907 0.9157 46.9189 1.7427 0.0060
Pedestrian 0.0000 0 1.3847 810.0194 164.5189 840.0300 242.8719 1.7584 0.5405 0.6598 5.0021 1.4014 16.2201 1.6800 0.0060
Car 0.0000 0 3.7659 0.0000 0.0000 1224.0000 370.0000 1.4780 1.5296 3.3154 -26.6472 1.5516 1.6007 2.2688 0.0059
Cyclist 0.0000 0 -0.0123 0.0000 0.0000 1224.0000 370.0000 1.7321 0.5561 1.3654 23.8971 1.4713 0.5504 1.5235 0.0059
Car 0.0000 0 -0.5961 456.7578 171.5517 567.3582 213.4245 1.5126 1.6483 4.0316 -3.5826 1.1908 27.4866 -0.7225 0.0058
Car 0.0000 0 1.2806 1087.9182 173.7700 1132.4388 194.9508 1.4121 1.5886 3.4199 34.9632 0.9647 49.0077 1.8987 0.0058
Car 0.0000 0 1.5124 938.9110 169.2777 965.2509 191.6212 1.6350 1.5669 3.8875 26.3974 0.8151 53.8301 1.9676 0.0058
Car 0.0000 0 -0.3776 477.2173 173.0343 579.9379 212.5181 1.4901 1.6102 3.7546 -3.0676 1.2099 28.2632 -0.4827 0.0058
Car 0.0000 0 1.0786 1129.4799 170.0863 1193.2592 194.4521 1.5397 1.5480 4.1119 36.7596 0.8830 46.8332 1.7423 0.0057
Car 0.0000 0 1.7467 1087.9022 170.7089 1132.1484 196.8852 1.6586 1.6726 4.2729 33.5240 1.0396 46.8895 2.3658 0.0057
Cyclist 0.0000 0 -1.2509 534.7029 172.9412 559.5768 216.8727 1.6831 0.4750 1.6801 -2.2989 1.3950 27.9561 -1.3304 0.0057
Car 0.0000 0 0.9537 1107.7056 168.8815 1183.1063 195.4547 1.6704 1.6912 4.4291 35.5636 0.9414 46.6813 1.6030 0.0056
Car 0.0000 0 -0.5087 461.8132 169.8715 567.6595 212.1154 1.5528 1.6551 3.8000 -3.5368 1.1636 27.7748 -0.6321 0.0056
Car 0.0000 0 -0.8427 598.3314 174.3098 682.1910 208.8414 1.4370 1.5696 3.8140 1.5904 1.1809 31.3255 -0.7907 0.0054
Car 0.0000 0 1.2649 1113.9774 169.5682 1159.6588 193.4131 1.5991 1.4838 3.7383 37.1160 0.8673 49.4218 1.9075 0.0053
Car 0.0000 0 0.4745 1132.2784 169.2794 1216.0710 192.8239 1.4976 1.6183 4.0580 37.8718 0.7852 47.1517 1.1494 0.0053
Car 0.0000 0 1.0030 1101.3429 169.7561 1174.1498 195.7836 1.6311 1.6824 4.4619 34.9914 0.9591 46.5911 1.6454 0.0053
Car 0.0000 0 0.9329 1140.9789 170.3404 1214.3846 193.7621 1.4974 1.6199 4.2080 38.2314 0.8492 47.3321 1.6106 0.0052
Car 0.0000 0 1.0359 0.0000 0.0000 1224.0000 370.0000 1.7216 1.9004 5.3995 34.9467 1.2246 1.8708 2.5455 0.0052
Car 0.0000 0 1.2803 1095.9148 167.0526 1145.8610 192.3660 1.7405 1.6449 4.6215 37.1800 0.8172 51.0626 1.9083 0.0051
Car 0.0000 0 2.6899 443.6199 168.9423 563.1506 212.4546 1.5750 1.6407 4.3137 -3.9295 1.1582 27.4698 2.5512 0.0051
Car 0.0000 0 1.5938 1141.8464 171.9842 1174.2526 194.9533 1.4938 1.6490 4.1531 37.6591 0.9413 48.1061 2.2564 0.0051
Car 0.0000 0 -0.8424 599.5602 172.6669 684.7890 208.4691 1.5055 1.6364 3.8935 1.6952 1.1776 31.6846 -0.7878 0.0050
Car 0.0000 0 1.5615 1137.7665 168.4189 1168.7437 192.3581 1.5766 1.6283 4.0101 37.6890 0.7823 48.6502 2.2190 0.0048
Car 0.0000 0 3.7220 0.0000 0.0000 1224.0000 370.0000 1.4986 1.5346 3.5826 -26.5958 1.5771 1.8401 2.2340 0.0048
Car 0.0000 0 1.3562 1133.7990 170.3305 1182.4664 195.4662 1.5738 1.5862 4.5233 36.4138 0.9384 46.6460 2.0173 0.0047
Car 0.0000 0 1.5793 996.7707 169.9730 1029.3324 197.2862 1.6764 1.7476 4.1678 26.3409 1.0316 45.6308 2.1014 0.0047
Car 0.0000 0 1.6047 1123.1495 172.1884 1152.6777 196.2419 1.6119 1.5309 3.4537 37.1080 1.0562 49.2000 2.2493 0.0047
Pedestrian 0.0000 0 2.6974 345.6866 159.8685 373.7030 235.0642 1.9715 0.6308 0.4867 -6.6056 1.4321 18.9279 2.3686 0.0046
Pedestrian 0.0000 0 -2.2608 704.9387 156.8296 741.5930 227.7523 1.9846 0.6414 0.8528 3.3586 1.3238 20.3100 -2.0977 0.0046
Car 0.0000 0 2.6536 444.7670 169.8227 565.2253 213.6815 1.5798 1.6419 4.3619 -3.8496 1.1967 27.4036 2.5174 0.0045
Car 0.0000 0 1.7269 1085.6794 167.9707 1128.6783 194.8834 1.7091 1.6593 4.5206 33.4842 0.9148 47.0940 2.3434 0.0044
Car 0.0000 0 1.2928 1098.8644 165.5700 1146.8057 191.4505 1.7772 1.6119 4.4516 37.2177 0.7533 50.9137 1.9227 0.0044
Car 0.0000 0 1.0427 0.0000 0.0000 1224.0000 370.0000 1.8610 1.9528 5.3439 34.8656 1.2785 2.2049 2.5426 0.0040
Car 0.0000 0 -0.8350 592.7885 170.7978 687.9376 207.5139 1.5443 1.8157 4.3843 1.6386 1.1377 31.9241 -0.7825 0.0040
Car 0.0000 0 1.5865 1097.6915 168.8143 1131.6870 197.6558 1.7971 1.7376 4.7573 33.5362 1.0703 46.4790 2.2099 0.0040
Car 0.0000 0 1.7416 989.2811 169.5209 1032.5718 197.0834 1.7081 1.7825 4.0504 26.4079 1.0291 45.9411 2.2619 0.0038
Car 0.0000 0 -1.0665 597.4523 171.1301 673.8417 207.3842 1.5209 1.6171 4.1775 1.4354 1.1293 31.8603 -1.0202 0.0037
Car 0.0000 0 0.4658 0.0000 0.0000 1224.0000 370.0000 1.5916 1.8038 4.8535 39.7203 0.9682 0.1450 2.0263 0.0037
Car 0.0000 0 1.0041 1126.2710 171.7854 1192.1307 196.5795 1.5887 1.4386 4.1974 37.1036 1.0317 47.4584 1.6660 0.0037
Car 0.0000 0 -0.6594 471.5340 173.5816 571.4988 214.3938 1.4976 1.6206 3.6818 -3.2581 1.2452 27.8053 -0.7730 0.0036
Car 0.0000 0 1.6633 517.7628 173.9325 561.9502 211.4383 1.4726 1.5075 3.5664 -2.6888 1.2163 29.5430 1.5752 0.0036
Car 0.0000 0 0.9585 0.0000 0.0000 1224.0000 370.0000 1.7780 1.9885 5.4080 34.7468 1.2764 1.8123 2.4694 0.0036
Cyclist 0.0000 0 -0.9819 699.8163 157.7812 766.1379 232.4830 2.0511 0.6310 2.4722 3.7123 1.4289 20.5174 -0.8040 0.0035
Car 0.0000 0 -1.7656 505.4237 175.4609 560.8160 213.9329 1.4879 1.6037 3.6627 -3.0636 1.2945 29.3258 -1.8669 0.0035
Car 0.0000 0 0.7924 0.0000 0.0000 1224.0000 370.0000 1.6673 1.8249 4.3669 35.5015 1.1740 2.1812 2.2943 0.0035
Car 0.0000 0 -0.8102 593.3040 169.8595 689.5344 206.6773 1.5493 1.8052 4.3924 1.6829 1.1031 31.9122 -0.7562 0.0034
Car 0.0000 0 -2.5431 0.0000 0.0000 1224.0000 370.0000 1.5709 1.7682 3.8211 27.3928 1.2138 1.5568 -1.0393 0.0034
Pedestrian 0.0000 0 -1.4822 711.7944 155.8729 736.0200 227.5083 2.0090 0.6129 0.8979 3.3928 1.3199 20.3353 -1.3177 0.0034
Car 0.0000 0 1.0040 0.0000 0.0000 1224.0000 370.0000 1.7536 1.9162 5.1401 35.4302 1.1860 1.9293 2.5129 0.0033
Car 0.0000 0 1.6574 997.1556 169.8733 1035.1868 197.5833 1.7153 1.7915 4.1573 26.7718 1.0588 45.9781 2.1832 0.0033
Car 0.0000 0 1.3040 1099.4994 171.7432 1150.4026 198.4913 1.6628 1.5748 4.3583 33.9430 1.1198 46.2659 1.9352 0.0032
Car 0.0000 0 1.6889 1113.3060 169.2095 1157.8384 195.0183 1.6304 1.7710 5.3258 35.4655 0.9185 47.2004 2.3316 0.0032
Car 0.0000 0 0.3424 0.0000 0.0000 1224.0000 370.0000 1.7552 1.6626 4.3867 39.7879 0.9620 0.5469 1.8929 0.0032
Car 0.0000 0 1.2573 1133.9117 170.6809 1186.9957 194.7919 1.5092 1.5162 4.1742 36.4293 0.8959 46.4729 1.9204 0.0031
Car 0.0000 0 1.6978 1125.2484 170.2611 1165.7513 197.4121 1.7470 1.5804 4.8491 36.5559 1.0895 47.7693 2.3493 0.0030
Car 0.0000 0 1.5038 1114.5720 171.2525 1150.0087 197.0421 1.5893 1.5649 3.8530 33.9659 1.0208 45.6106 2.1422 0.0030
Car 0.0000 0 1.0544 1105.9302 172.1456 1172.4225 198.3215 1.6156 1.5959 4.1202 34.4885 1.1013 45.7796 1.6982 0.0029
Car 0.0000 0 -1.3793 656.3795 173.5128 725.9890 220.8563 1.4482 1.6923 3.3137 2.8949 1.2360 23.4598 -1.2565 0.0029
Car 0.0000 0 1.7012 994.1549 169.7013 1035.2087 197.8930 1.7567 1.8225 3.9951 26.7970 1.0851 46.1918 2.2255 0.0028
Car 0.0000 0 1.7094 989.6433 168.5446 1030.6333 197.0545 1.7723 1.8111 3.8078 26.3930 1.0305 46.0093 2.2288 0.0028
Car 0.0000 0 1.5871 990.8074 165.8960 1024.8385 196.9593 1.9418 1.8674 3.8420 26.4139 1.0302 46.3228 2.1039 0.0028
Car 0.0000 0 -0.8970 596.4949 170.0407 687.6757 206.8672 1.5480 1.7780 4.3597 1.7229 1.1099 31.9346 -0.8419 0.0027
Cyclist 0.0000 0 -0.2279 0.0000 0.0000 1224.0000 370.0000 1.7785 0.5187 1.3815 23.4919 1.4520 0.4181 1.3129 0.0027
Car 0.0000 0 0.7122 0.0000 0.0000 1224.0000 370.0000 1.7550 1.7467 4.3064 35.8353 1.2281 2.1939 2.2144 0.0027
Car 0.0000 0 0.8071 0.0000 0.0000 1224.0000 370.0000 1.7827 1.8550 4.7805 35.5372 1.1814 2.1995 2.3085 0.0027
Car 0.0000 0 -2.5623 0.0000 0.0000 1224.0000 370.0000 1.5649 1.7720 3.9478 27.5100 1.1964 1.7673 -1.0658 0.0027
Pedestrian 0.0000 0 -0.5819 779.0833 165.1915 797.5109 201.7858 1.7753 0.5973 0.6539 8.9753 1.0341 34.6845 -0.3292 0.0027
Car 0.0000 0 1.0596 1124.5638 172.7352 1191.5828 196.1491 1.5105 1.6580 4.3231 37.3441 1.0109 47.8705 1.7205 0.0026
Car 0.0000 0 1.2339 1022.5029 168.5142 1073.3416 194.9451 1.6826 1.6164 4.0379 29.4651 0.9209 47.1529 1.7909 0.0025
Pedestrian 0.0000 0 0.8371 731.0569 156.7175 765.6475 228.9355 2.0962 0.6025 0.8363 4.2269 1.4075 21.0312 1.0341 0.0025
Car 0.0000 0 1.6290 1102.7040 170.2386 1137.1406 195.8503 1.5914 1.5894 3.9632 33.5027 0.9552 45.9647 2.2571 0.0025
Cyclist 0.0000 0 2.7635 700.9379 160.2327 780.4324 226.3658 1.9157 0.6424 2.2414 3.9930 1.3302 21.0050 2.9503 0.0025
Car 0.0000 0 0.4410 0.0000 0.0000 1224.0000 370.0000 1.4497 1.5520 3.9842 30.7650 1.3573 1.7148 1.9472 0.0025
Car 0.0000 0 0.4658 0.0000 0.0000 1224.0000 370.0000 1.6925 1.6998 4.5704 39.7795 0.9810 0.3332 2.0216 0.0025
Cyclist 0.0000 0 -2.7369 274.1819 155.6528 361.5292 243.0994 1.9168 0.4839 1.7581 -6.4281 1.3738 15.7580 -3.1154 0.0024
Car 0.0000 0 1.2435 1006.4260 168.5324 1060.7921 195.0727 1.6334 1.7359 4.1989 27.6476 0.8982 45.7470 1.7856 0.0024
Car 0.0000 0 1.1062 0.0000 0.0000 1224.0000 370.0000 1.8507 1.9499 4.7709 35.6514 1.2307 1.9767 2.6142 0.0023
Cyclist 0.0000 0 -1.2269 341.1178 175.9586 372.3166 226.9410 1.5724 0.3722 1.7425 -7.9763 1.4339 22.6758 -1.5590 0.0023
Car 0.0000 0 -2.8196 0.0000 0.0000 1224.0000 370.0000 1.6279 1.8298 3.7388 27.6186 1.1999 1.8174 -1.3247 0.0023
Car 0.0000 0 0.3897 0.0000 0.0000 1224.0000 370.0000 1.6147 1.7877 5.1052 39.8132 0.9792 0.3174 1.9459 0.0023
Car 0.0000 0 1.7681 1128.6548 174.0597 1168.8219 197.7429 1.5631 1.4617 3.8574 37.3108 1.1394 48.4821 2.4224 0.0022
Car 0.0000 0 1.5743 1102.1445 170.5330 1135.3704 197.7287 1.6933 1.6915 4.8054 33.7511 1.0740 46.4570 2.2009 0.0021
Car 0.0000 0 -2.4367 0.0000 0.0000 1224.0000 370.0000 1.4942 1.7105 3.9085 27.2612 1.2563 1.7408 -0.9399 0.0021
Car 0.0000 0 0.8823 0.0000 0.0000 1224.0000 370.0000 1.7566 1.8673 4.9361 35.1284 1.2097 2.3490 2.3787 0.0021
Car 0.0000 0 1.1389 0.0000 0.0000 1224.0000 370.0000 1.8255 1.8901 5.7063 35.2006 1.3141 1.7739 2.6518 0.0020
Car 0.0000 0 1.5381 1011.3719 169.2124 1043.7994 195.2528 1.6190 1.6679 4.2325 27.5701 0.9186 46.2112 2.0746 0.0020
Car 0.0000 0 0.4481 0.0000 0.0000 1224.0000 370.0000 1.5691 1.8264 4.5245 34.0324 1.4541 1.9003 1.9552 0.0020
Car 0.0000 0 1.2535 0.0000 0.0000 1224.0000 370.0000 1.5302 1.8690 4.6410 30.6943 1.4188 1.2238 2.7755 0.0018
Car 0.0000 0 0.5630 0.0000 0.0000 1224.0000 370.0000 1.5150 1.7382 4.7410 30.9769 1.4685 2.0794 2.0579 0.0018
Car 0.0000 0 -2.8432 0.0000 0.0000 1224.0000 370.0000 1.5912 1.6867 4.2960 33.2850 1.4722 0.6481 -1.3001 0.0018
Pedestrian 0.0000 0 -2.7402 0.0000 0.0000 1224.0000 370.0000 1.8270 0.7233 0.6226 29.9461 1.5285 -0.2598 -1.1699 0.0017
Car 0.0000 0 0.6258 0.0000 0.0000 1224.0000 370.0000 1.5705 1.8632 4.9202 30.8007 1.4637 2.2883 2.1135 0.0017
Pedestrian 0.0000 0 -2.7561 0.0000 0.0000 1224.0000 370.0000 1.7726 0.6766 0.5937 29.9208 1.5370 -0.2616 -1.1858 0.0017
Car 0.0000 0 1.0779 1018.9345 168.8514 1077.8738 195.0442 1.6531 1.6522 3.8549 29.1422 0.9193 46.5963 1.6353 0.0017
Car 0.0000 0 1.1110 1023.4572 166.8282 1087.3473 194.1233 1.6876 1.7016 4.4315 29.2030 0.8436 46.0021 1.6751 0.0017
Car 0.0000 0 1.9610 1114.9171 172.2440 1171.1733 198.3165 1.7214 1.4988 4.4362 36.8928 1.1777 48.4479 2.6102 0.0017
Car 0.0000 0 1.7053 1133.1165 171.5207 1173.0918 196.8021 1.6534 1.5765 4.5305 37.5462 1.0675 48.3887 2.3635 0.0016
Car 0.0000 0 0.5177 0.0000 0.0000 1224.0000 370.0000 1.5002 1.6181 4.3271 38.9800 1.1547 -0.0880 2.0840 0.0016
Car 0.0000 0 0.8330 0.0000 0.0000 1224.0000 370.0000 1.7647 1.8624 4.8004 35.5079 1.2136 2.3539 2.3301 0.0016
Car 0.0000 0 0.7406 0.0000 0.0000 1224.0000 370.0000 1.8002 1.7536 4.5767 35.5502 1.2567 2.1568 2.2433 0.0015
Car 0.0000 0 0.5592 0.0000 0.0000 1224.0000 370.0000 1.5774 1.6925 5.0925 39.2043 1.0756 -0.0699 2.1250 0.0015
Car 0.0000 0 -4.1890 0.0000 0.0000 1224.0000 370.0000 1.5263 1.5665 3.0182 25.0268 1.2967 0.5651 -2.6522 0.0015
Car 0.0000 0 1.6978 992.0716 166.4582 1032.4938 196.4359 1.8808 1.8092 4.0753 26.8333 1.0011 46.5247 2.2195 0.0015
Car 0.0000 0 -0.1826 0.0000 0.0000 1224.0000 370.0000 1.4224 1.3380 3.5509 23.9783 1.4443 1.5945 1.3099 0.0015
Car 0.0000 0 -4.2318 0.0000 0.0000 1224.0000 370.0000 1.6346 1.7579 4.3169 36.9345 1.1613 1.2732 -2.7027 0.0015
Car 0.0000 0 0.7983 0.0000 0.0000 1224.0000 370.0000 1.4800 1.6047 3.9964 30.9614 1.3602 1.5876 2.3090 0.0015
Car 0.0000 0 -1.0200 602.5877 172.7892 684.5432 207.6931 1.4532 1.6949 4.2327 1.7801 1.1336 31.6534 -0.9626 0.0014
Car 0.0000 0 0.5454 0.0000 0.0000 1224.0000 370.0000 1.4734 1.6159 4.5774 30.9198 1.3305 2.2171 2.0358 0.0014
Car 0.0000 0 -2.7370 0.0000 0.0000 1224.0000 370.0000 1.5364 1.8847 3.9959 27.4296 1.2421 1.5865 -1.2342 0.0014
Car 0.0000 0 -4.1506 0.0000 0.0000 1224.0000 370.0000 1.5029 1.5809 3.0908 24.9037 1.3183 0.6660 -2.6180 0.0014
Car 0.0000 0 -3.9697 0.0000 0.0000 1224.0000 370.0000 1.3654 1.3858 3.5960 24.5618 1.3230 1.0361 -2.4527 0.0014
Car 0.0000 0 -4.1732 0.0000 0.0000 1224.0000 370.0000 1.5194 1.6764 3.3256 25.1493 1.3081 0.6577 -2.6399 0.0013
Car 0.0000 0 1.2188 1017.2131 168.8170 1070.9291 195.0076 1.6574 1.6926 4.1392 29.0664 0.9194 46.9351 1.7718 0.0013
Car 0.0000 0 1.3076 0.0000 0.0000 1224.0000 370.0000 1.9045 1.9240 4.8940 34.7412 1.4345 1.5817 2.8252 0.0013
Car 0.0000 0 0.6637 0.0000 0.0000 1224.0000 370.0000 1.5098 1.6268 4.4467 25.2075 1.5107 1.8664 2.1494 0.0013
Car 0.0000 0 1.2193 0.0000 0.0000 1224.0000 370.0000 1.5799 1.6723 4.3387 30.6799 1.4985 0.9661 2.7496 0.0012
Car 0.0000 0 1.6205 1088.7017 171.0214 1127.6106 197.2831 1.6532 1.8511 5.6468 33.7054 1.0578 47.2937 2.2381 0.0012
Car 0.0000 0 -4.1365 0.0000 0.0000 1224.0000 370.0000 1.5517 1.6169 3.3208 25.2883 1.2628 0.6431 -2.6024 0.0012
Car 0.0000 0 -0.9254 600.7943 172.0036 688.2902 207.3844 1.4797 1.7798 4.1484 1.8174 1.1259 31.7235 -0.8670 0.0012
Pedestrian 0.0000 0 -2.6198 0.0000 0.0000 1224.0000 370.0000 1.9173 0.6103 0.5234 29.5583 1.3730 -0.2748 -1.0491 0.0012
Car 0.0000 0 0.5682 0.0000 0.0000 1224.0000 370.0000 1.7385 1.7695 5.0829 39.2760 1.1120 0.0400 2.1313 0.0012
Car 0.0000 0 1.2122 0.0000 0.0000 1224.0000 370.0000 1.5859 1.8291 4.8337 30.1431 1.4908 1.1938 2.7343 0.0011
Pedestrian 0.0000 0 -2.7584 0.0000 0.0000 1224.0000 370.0000 1.9687 0.6441 0.5346 29.5453 1.3452 -0.2773 -1.1876 0.0011
Car 0.0000 0 -0.9460 601.4681 172.7620 687.7779 207.2914 1.4427 1.7788 4.1345 1.8212 1.1209 31.7021 -0.8874 0.0011
Car 0.0000 0 -3.3309 0.0000 0.0000 1224.0000 370.0000 1.6218 1.7065 3.3393 24.2319 1.4300 0.8058 -1.8051 0.0011
Car 0.0000 0 0.3602 0.0000 0.0000 1224.0000 370.0000 1.5560 1.5967 4.4913 24.8423 1.4781 1.5556 1.8570 0.0011
Car 0.0000 0 -0.1022 0.0000 0.0000 1224.0000 370.0000 1.5929 1.6462 3.7123 24.4319 1.4732 0.1750 1.4498 0.0011
Car 0.0000 0 0.5580 0.0000 0.0000 1224.0000 370.0000 1.6021 1.7027 5.0439 39.1784 1.1043 -0.0027 2.1221 0.0011
Car 0.0000 0 -0.8002 0.0000 0.0000 1224.0000 370.0000 1.5477 1.6497 3.6153 33.4438 1.4201 0.8934 0.7358 0.0010
Car 0.0000 0 -2.6185 0.0000 0.0000 1224.0000 370.0000 1.5821 1.7699 4.2201 27.5992 1.1881 1.7734 -1.1221 0.0010
Car 0.0000 0 0.0365 0.0000 0.0000 1224.0000 370.0000 1.5709 1.7904 4.4056 37.1180 1.1570 1.3938 1.5626 0.0010
Car 0.0000 0 -4.0105 0.0000 0.0000 1224.0000 370.0000 1.4911 1.5594 3.6354 24.8194 1.3179 0.8517 -2.4855 0.0010
Car 0.0000 0 0.8270 0.0000 0.0000 1224.0000 370.0000 1.8130 1.8846 5.0924 34.8336 1.2671 2.0725 2.3307 0.0010
Cyclist 0.0000 0 -0.4039 0.0000 0.0000 1224.0000 370.0000 1.6892 0.4227 1.8518 -33.5440 1.7533 -0.0085 -1.9638 0.0010
Car 0.0000 0 0.6099 0.0000 0.0000 1224.0000 370.0000 1.4781 1.6530 4.5633 30.6468 1.3401 2.2841 2.0973 0.0009
Car 0.0000 0 -4.1854 0.0000 0.0000 1224.0000 370.0000 1.5714 1.7489 3.5039 25.5698 1.2481 0.8257 -2.6580 0.0009
Car 0.0000 0 -4.1445 0.0000 0.0000 1224.0000 370.0000 1.7630 1.7743 4.5583 37.2416 1.2737 1.3870 -2.6180 0.0009
Car 0.0000 0 0.5232 0.0000 0.0000 1224.0000 370.0000 1.5619 1.6674 4.7048 34.0067 1.4943 2.1492 2.0230 0.0009
Pedestrian 0.0000 0 -2.5189 0.0000 0.0000 1224.0000 370.0000 1.5904 0.5409 0.6337 33.9119 1.3858 0.1853 -0.9616 0.0009
Car 0.0000 0 1.1256 0.0000 0.0000 1224.0000 370.0000 1.5424 1.6540 4.1301 30.8463 1.4615 1.0601 2.6531 0.0009
Car 0.0000 0 -4.1624 0.0000 0.0000 1224.0000 370.0000 1.5816 1.5325 3.5534 25.2323 1.3037 0.0315 -2.6041 0.0009
Car 0.0000 0 1.3863 0.0000 0.0000 1224.0000 370.0000 1.5905 1.7519 4.3183 30.3808 1.4298 1.3066 2.9051 0.0009
Car 0.0000 0 -4.1683 0.0000 0.0000 1224.0000 370.0000 1.5167 1.6586 3.5900 25.4560 1.2552 0.6490 -2.6341 0.0009
Pedestrian 0.0000 0 -0.2254 23.0504 164.6099 59.1147 227.8664 1.6942 0.6206 0.6551 -15.4958 1.2702 19.3815 -0.8900 0.0009
Car 0.0000 0 0.5485 0.0000 0.0000 1224.0000 370.0000 1.6306 1.6594 4.7441 34.0735 1.5271 2.2057 2.0468 0.0008
Car 0.0000 0 1.1025 0.0000 0.0000 1224.0000 370.0000 1.9050 2.1309 4.5089 36.0524 1.2953 1.9603 2.6116 0.0008
Car 0.0000 0 -4.3348 0.0000 0.0000 1224.0000 370.0000 1.4297 1.5090 3.2693 25.3505 1.3579 0.9516 -2.8127 0.0008
Pedestrian 0.0000 0 -0.5894 19.4548 165.1450 61.6614 227.7997 1.6798 0.5853 0.6979 -15.4983 1.2697 19.3738 -1.2543 0.0008
Car 0.0000 0 0.7550 0.0000 0.0000 1224.0000 370.0000 1.6374 1.7721 3.7097 27.4466 1.2702 1.4690 2.2621 0.0008
Car 0.0000 0 -1.2791 0.0000 0.0000 1224.0000 370.0000 1.9184 1.8928 5.0804 36.7299 1.2790 1.4275 0.2456 0.0007
Car 0.0000 0 -3.3844 0.0000 0.0000 1224.0000 370.0000 1.6214 1.7530 2.9070 24.3774 1.3648 0.9462 -1.8641 0.0007
Car 0.0000 0 -4.3446 0.0000 0.0000 1224.0000 370.0000 1.5753 1.4970 3.2589 25.0586 1.2881 0.1447 -2.7910 0.0007
Cyclist 0.0000 0 3.3869 271.8522 154.1707 356.5279 243.0413 1.9388 0.4342 1.6910 -6.5007 1.3660 15.7511 3.0044 0.0007
Pedestrian 0.0000 0 -0.7088 30.1475 161.4872 71.4441 231.3443 1.9175 0.6856 0.6117 -15.5300 1.3972 19.7723 -1.3650 0.0006
Car 0.0000 0 -4.0727 0.0000 0.0000 1224.0000 370.0000 1.6837 1.7849 4.1767 37.0241 1.3106 1.2764 -2.5436 0.0006
Car 0.0000 0 1.5401 1082.9874 170.5416 1117.3204 195.3340 1.6082 1.7506 5.3773 33.9666 0.9635 48.5880 2.1487 0.0006
Car 0.0000 0 -0.0673 0.0000 0.0000 1224.0000 370.0000 1.6332 1.8902 4.4311 30.1521 1.3591 2.0563 1.4263 0.0006
Car 0.0000 0 0.6450 0.0000 0.0000 1224.0000 370.0000 1.4913 1.5937 4.3166 25.3523 1.5026 1.9888 2.1264 0.0006
Car 0.0000 0 0.2587 0.0000 0.0000 1224.0000 370.0000 1.6170 1.8665 4.1887 33.5961 1.4251 1.0010 1.7916 0.0006
Car 0.0000 0 -3.4240 0.0000 0.0000 1224.0000 370.0000 1.6159 1.6965 3.0640 24.3138 1.3817 0.8171 -1.8985 0.0006
Car 0.0000 0 0.3448 0.0000 0.0000 1224.0000 370.0000 1.5063 1.5632 3.9997 33.6699 1.3990 1.6511 1.8586 0.0006
Car 0.0000 0 0.0683 0.0000 0.0000 1224.0000 370.0000 1.4514 1.5552 3.6760 33.1173 1.3893 0.7555 1.6081 0.0006
Car 0.0000 0 -4.2094 0.0000 0.0000 1224.0000 370.0000 1.8070 1.9262 4.4382 36.9790 1.1688 1.7427 -2.6929 0.0006
Car 0.0000 0 1.1209 0.0000 0.0000 1224.0000 370.0000 1.5392 1.6413 4.1994 30.8844 1.4901 1.1062 2.6470 0.0006
Car 0.0000 0 -4.1206 0.0000 0.0000 1224.0000 370.0000 1.5525 1.7590 3.6832 25.6712 1.2487 0.8281 -2.5931 0.0005
Car 0.0000 0 0.2146 0.0000 0.0000 1224.0000 370.0000 1.4904 1.5869 4.0935 25.0194 1.4783 1.8462 1.7004 0.0005
Pedestrian 0.0000 0 -2.8481 0.0000 0.0000 1224.0000 370.0000 1.6080 0.5806 0.6041 33.9247 1.4007 0.1878 -1.2908 0.0005
Car 0.0000 0 0.0104 0.0000 0.0000 1224.0000 370.0000 1.5773 1.6922 4.4113 24.5345 1.5775 2.0796 1.4851 0.0005
Pedestrian 0.0000 0 -0.8641 30.1017 158.6219 72.0457 230.5887 1.9799 0.6724 0.6359 -15.5275 1.3796 19.7819 -1.5200 0.0005
Car 0.0000 0 -0.0034 0.0000 0.0000 1224.0000 370.0000 1.6491 1.9188 4.3539 30.1481 1.3880 2.0350 1.4908 0.0005
Car 0.0000 0 1.4189 0.0000 0.0000 1224.0000 370.0000 1.6046 1.6755 4.1992 31.1527 1.3791 1.0335 2.9477 0.0005
Car 0.0000 0 1.4953 0.0000 0.0000 1224.0000 370.0000 1.6161 1.7240 4.3078 31.1788 1.3737 1.1026 3.0219 0.0004
Car 0.0000 0 0.4521 0.0000 0.0000 1224.0000 370.0000 1.4894 1.5079 4.2303 33.6803 1.4017 1.8772 1.9592 0.0004
Car 0.0000 0 0.2440 0.0000 0.0000 1224.0000 370.0000 1.5076 1.6865 3.6975 33.3795 1.4005 0.9126 1.7793 0.0004
Pedestrian 0.0000 0 3.5273 0.0000 0.0000 1224.0000 370.0000 1.8365 0.6665 0.7328 -33.2430 1.7558 -0.3588 1.9570 0.0004
Car 0.0000 0 -4.2933 0.0000 0.0000 1224.0000 370.0000 1.7523 1.8243 4.5411 36.5711 1.3576 1.3591 -2.7669 0.0004
Car 0.0000 0 -1.2354 0.0000 0.0000 1224.0000 370.0000 1.6704 1.6788 3.6468 33.7624 1.4504 1.0509 0.2962 0.0004
Car 0.0000 0 1.4904 0.0000 0.0000 1224.0000 370.0000 1.6217 1.7158 4.4555 31.1936 1.4459 1.1153 3.0167 0.0004
Car 0.0000 0 -0.0140 0.0000 0.0000 1224.0000 370.0000 1.6312 1.8253 4.5469 29.9718 1.3466 2.0659 1.4788 0.0003
Car 0.0000 0 0.4077 0.0000 0.0000 1224.0000 370.0000 1.5335 1.7207 3.7706 33.2152 1.3622 1.2640 1.9323 0.0003
Car 0.0000 0 0.4940 0.0000 0.0000 1224.0000 370.0000 1.5375 1.5329 4.3329 33.7044 1.5079 1.9030 2.0004 0.0003
Car 0.0000 0 -4.5445 0.0000 0.0000 1224.0000 370.0000 1.5660 1.7238 3.8360 33.7167 1.5220 0.8582 -3.0071 0.0003
Car 0.0000 0 1.3736 0.0000 0.0000 1224.0000 370.0000 1.6790 1.7340 4.1608 34.1997 1.5167 1.0358 2.9062 0.0003
Car 0.0000 0 1.4280 0.0000 0.0000 1224.0000 370.0000 1.7940 1.8171 4.3876 37.4746 1.2780 1.1117 2.9621 0.0003
Car 0.0000 0 0.5216 0.0000 0.0000 1224.0000 370.0000 1.5375 1.5400 4.4136 33.8217 1.5259 2.0890 2.0228 0.0003
Car 0.0000 0 0.4251 0.0000 0.0000 1224.0000 370.0000 1.5266 1.5171 3.7155 33.3717 1.3383 1.6548 1.9382 0.0003
Car 0.0000 0 -1.2710 0.0000 0.0000 1224.0000 370.0000 1.7195 1.8624 4.3833 33.8761 1.5108 1.2053 0.2563 0.0003
Car 0.0000 0 0.4520 0.0000 0.0000 1224.0000 370.0000 1.5043 1.4304 3.6645 33.4297 1.4348 1.7176 1.9633 0.0003
Car 0.0000 0 -4.2186 0.0000 0.0000 1224.0000 370.0000 1.7782 1.8637 4.2047 37.1848 1.2046 1.3251 -2.6905 0.0003
Car 0.0000 0 -1.0495 0.0000 0.0000 1224.0000 370.0000 1.5415 1.5354 3.3728 32.9073 1.4311 1.0883 0.4799 0.0003
Car 0.0000 0 0.0990 0.0000 0.0000 1224.0000 370.0000 1.5801 1.7212 4.6043 29.8520 1.2862 2.1119 1.5899 0.0003
Car 0.0000 0 -1.3878 0.0000 0.0000 1224.0000 370.0000 1.6340 1.7278 3.3985 25.1681 1.3813 0.6326 0.1466 0.0002
Pedestrian 0.0000 0 -0.4437 16.3596 172.8512 48.6040 231.9189 1.6914 0.5794 0.5365 -16.7232 1.4739 20.6095 -1.1160 0.0002
Car 0.0000 0 1.2339 0.0000 0.0000 1224.0000 370.0000 1.6336 1.6059 3.4513 27.1508 1.3337 0.9161 2.7606 0.0002
Car 0.0000 0 0.5113 0.0000 0.0000 1224.0000 370.0000 1.5170 1.4728 4.2145 33.4934 1.4591 1.8816 2.0180 0.0002
Pedestrian 0.0000 0 -2.2086 0.0000 0.0000 1224.0000 370.0000 1.9902 0.5061 0.5932 23.4469 1.3546 0.0818 -0.6535 0.0002
Car 0.0000 0 0.2653 0.0000 0.0000 1224.0000 370.0000 1.5052 1.6047 3.7033 32.9882 1.4246 0.9962 1.7977 0.0002
Car 0.0000 0 0.4160 0.0000 0.0000 1224.0000 370.0000 1.5242 1.5400 3.5129 32.9664 1.4301 1.4280 1.9353 0.0001
Car 0.0000 0 0.2710 0.0000 0.0000 1224.0000 370.0000 1.4266 1.4891 3.7522 33.0657 1.6110 1.9025 1.7761 0.0001