Pedestrian 0.0000 0 -3.3703 796.8223 139.0397 926.0748 324.8680 1.9289 0.5494 1.2200 2.7019 1.5002 7.6677 -3.0425 0.9285
Pedestrian 0.0000 0 -3.3698 796.8371 136.2490 927.4583 324.7839 1.9563 0.5520 1.2335 2.7091 1.4988 7.6681 -3.0412 0.8647
Pedestrian 0.0000 0 -3.3850 799.8077 137.9156 920.2868 323.6940 1.9280 0.5847 1.1157 2.6894 1.4877 7.6702 -3.0587 0.8428
Pedestrian 0.0000 0 -3.3624 798.8117 136.7654 924.4338 324.2217 1.9437 0.5833 1.1773 2.7071 1.4919 7.6792 -3.0344 0.8051
Pedestrian 0.0000 0 -3.4184 797.3951 141.1829 925.2784 324.6106 1.9037 0.5570 1.1885 2.6938 1.4973 7.6416 -3.0906 0.7399
Pedestrian 0.0000 0 3.3391 0.0000 0.0000 1224.0000 370.0000 1.9757 0.7096 1.0768 -4.0382 1.7807 0.5997 1.9944 0.7046
Pedestrian 0.0000 0 3.3603 0.0000 0.0000 1224.0000 370.0000 1.9772 0.6482 1.0325 -3.9633 1.7825 0.5880 2.0169 0.5960
Car 0.0000 0 -0.2889 0.0000 0.0000 1224.0000 370.0000 1.4698 1.5219 3.5923 2.1415 1.5920 -0.0099 1.1380 0.4035
Car 0.0000 0 -0.1825 0.0000 0.0000 1224.0000 370.0000 1.4554 1.5318 3.5792 1.9054 1.6136 0.0106 1.2162 0.3727
Pedestrian 0.0000 0 -2.3794 63.4163 168.6073 113.8626 264.9828 1.7328 0.5445 0.5174 -9.5429 1.5206 13.0138 -2.9987 0.3281
Pedestrian 0.0000 0 -2.4244 56.6479 167.8805 108.3663 262.9062 1.7119 0.5171 0.5659 -9.6571 1.4862 13.0158 -3.0493 0.3201
Pedestrian 0.0000 0 3.2918 0.0000 0.0000 1224.0000 370.0000 1.9546 0.6086 0.9639 -3.9567 1.7831 0.4163 1.9073 0.3162
Pedestrian 0.0000 0 -2.4438 64.7592 166.8004 114.5916 264.5495 1.7598 0.5590 0.4987 -9.5294 1.5148 13.0226 -3.0621 0.3060
Car 0.0000 0 -1.4400 0.0000 0.0000 1224.0000 370.0000 1.4348 1.5423 3.2373 2.2044 1.6268 0.9708 -0.3985 0.2966
Car 0.0000 0 -1.4562 0.0000 0.0000 1224.0000 370.0000 1.4509 1.5055 3.4600 2.1115 1.6594 1.0518 -0.4611 0.2907
Pedestrian 0.0000 0 3.6685 55.7953 167.2430 106.1883 263.2050 1.7285 0.5244 0.5561 -9.6857 1.4914 13.0192 3.0424 0.2576
Car 0.0000 0 0.1677 440.7820 0.0000 1224.0000 370.0000 1.5045 1.5385 3.6141 -0.9617 1.6258 0.1418 -0.9505 0.2434
Car 0.0000 0 -0.1760 0.0000 0.0000 1224.0000 370.0000 1.4791 1.5595 3.6972 2.1002 1.5751 -0.0461 1.2649 0.2431
Car 0.0000 0 -0.1315 0.0000 0.0000 1224.0000 370.0000 1.4727 1.5451 3.6206 1.7854 1.6094 -0.1220 1.3284 0.2313
Car 0.0000 0 -0.9413 0.0000 0.0000 1035.1541 370.0000 1.5144 1.5479 3.8178 1.9622 1.5876 -0.2673 0.6024 0.2164
Car 0.0000 0 0.3507 319.8963 0.0000 1224.0000 370.0000 1.5429 1.5738 3.5930 -1.1275 1.6516 -0.0693 -0.9967 0.2155
Car 0.0000 0 3.6699 304.2296 0.0000 1224.0000 370.0000 1.4993 1.5207 3.6597 -1.3161 1.6614 -0.1597 2.2244 0.2155
Car 0.0000 0 -1.4099 0.0000 0.0000 1224.0000 370.0000 1.4149 1.5228 3.3336 2.1750 1.6062 0.9936 -0.3820 0.2131
Car 0.0000 0 0.0250 440.2208 0.0000 1224.0000 370.0000 1.4595 1.5417 3.6989 -0.9502 1.6657 0.2649 -0.9897 0.2122
Car 0.0000 0 -0.0479 0.0000 0.0000 1224.0000 370.0000 1.4727 1.5589 3.6844 1.5493 1.6103 -0.3006 1.5096 0.2105
Car 0.0000 0 0.2295 0.0000 0.0000 1224.0000 370.0000 1.4495 1.5542 3.6689 2.1327 1.6172 0.2118 1.5560 0.2104
Car 0.0000 0 -0.3040 510.7277 0.0000 1224.0000 370.0000 1.5109 1.6131 3.6852 -0.6058 1.6249 0.3413 -1.0407 0.2088
Car 0.0000 0 -0.5340 537.2250 0.0000 1224.0000 370.0000 1.4807 1.5584 3.6669 -0.5579 1.6658 0.6682 -1.0447 0.2028
Car 0.0000 0 0.0226 0.0000 0.0000 1224.0000 370.0000 1.4453 1.5126 3.5590 1.6296 1.6098 -0.1128 1.4664 0.1858
Car 0.0000 0 -0.5247 563.1163 0.0000 1224.0000 370.0000 1.4943 1.5728 3.7394 -0.5804 1.6553 0.8109 -0.9958 0.1767
Car 0.0000 0 -0.3144 497.6515 0.0000 1224.0000 370.0000 1.4616 1.5742 3.7063 -0.6751 1.6650 0.4270 -1.0452 0.1751
Pedestrian 0.0000 0 0.3462 83.9328 168.2530 131.4339 264.9694 1.7316 0.4713 0.5849 -9.1495 1.5139 12.9555 -0.2554 0.1710
Car 0.0000 0 0.0398 0.0000 0.0000 1224.0000 370.0000 1.4665 1.4786 3.5612 1.6052 1.6575 -0.0943 1.4704 0.1705
Pedestrian 0.0000 0 2.1536 861.3242 160.9275 907.1932 265.3626 1.6914 0.5071 0.5286 4.6182 1.3761 11.8062 2.5191 0.1619
Car 0.0000 0 -0.9571 476.3816 0.0000 1224.0000 370.0000 1.4949 1.5980 3.6529 -0.2823 1.6551 0.5283 -1.2751 0.1500
Car 0.0000 0 -0.8647 577.3145 0.0000 1224.0000 370.0000 1.5018 1.5869 3.6778 -0.2790 1.6552 0.7954 -1.1072 0.1454
Pedestrian 0.0000 0 0.9983 995.6794 222.0390 1103.3821 370.0000 1.1470 0.4089 0.6297 3.3139 1.4846 5.3879 1.5259 0.1431
Pedestrian 0.0000 0 1.9045 862.5660 160.6842 904.7447 267.0255 1.7188 0.5131 0.5295 4.6048 1.4001 11.7906 2.2695 0.1431
Car 0.0000 0 1.9105 0.0000 0.0000 1224.0000 370.0000 1.4805 1.5299 3.9118 1.9956 1.6589 0.7979 2.9709 0.1155
Car 0.0000 0 0.1100 0.0000 0.0000 1224.0000 370.0000 1.4541 1.5722 3.9853 1.1495 1.6521 1.3188 0.7223 0.1142
Pedestrian 0.0000 0 0.9704 997.3848 217.0266 1107.3759 370.0000 1.1955 0.4072 0.6395 3.3289 1.4925 5.3780 1.5006 0.1114
Car 0.0000 0 0.3463 0.0000 0.0000 1224.0000 370.0000 1.4986 1.5727 3.7314 1.3048 1.6601 0.1685 1.5582 0.1093
Car 0.0000 0 -0.8515 0.0000 0.0000 1002.3110 370.0000 1.4929 1.5734 3.8745 1.8597 1.5990 -0.2359 0.6737 0.1067
Car 0.0000 0 -1.0420 0.0000 0.0000 1224.0000 370.0000 1.4633 1.4765 3.4402 2.1983 1.5729 0.2262 0.2853 0.1064
Car 0.0000 0 0.3097 0.0000 0.0000 1224.0000 370.0000 1.4374 1.5275 3.6535 1.6454 1.6259 0.1447 1.6048 0.1050
Car 0.0000 0 -0.7454 0.0000 0.0000 783.7326 370.0000 1.5044 1.5722 4.1212 1.5379 1.6232 -0.0732 0.6657 0.1033
Car 0.0000 0 -1.7279 105.8580 0.0000 953.1099 370.0000 1.5349 1.6050 3.8674 0.1848 1.6482 0.5949 -1.5274 0.1015
Pedestrian 0.0000 0 0.7545 960.0010 172.0956 1013.6003 262.2859 1.4435 0.4234 0.6700 6.2646 1.3107 11.6976 1.2367 0.1007
Pedestrian 0.0000 0 0.7287 968.5997 173.4832 1021.5734 267.0134 1.4592 0.4145 0.6296 6.2341 1.3514 11.3926 1.2195 0.0997
Car 0.0000 0 2.8589 140.5629 0.0000 1224.0000 370.0000 1.4824 1.5538 3.8026 -1.6839 1.6906 0.7483 1.8564 0.0978
Car 0.0000 0 -2.2537 0.0000 0.0000 1224.0000 370.0000 1.4590 1.5813 3.5940 2.0337 1.6401 0.6947 -1.1454 0.0929
Car 0.0000 0 -3.4346 0.0000 0.0000 1224.0000 370.0000 1.4843 1.5048 4.1188 1.0136 1.6435 0.6844 -2.6446 0.0908
Car 0.0000 0 -0.0860 347.0775 0.0000 1224.0000 370.0000 1.5631 1.6822 3.6621 -0.7034 1.6285 0.0289 -1.1903 0.0902
Cyclist 0.0000 0 0.5734 25.0276 167.0411 136.6710 264.4238 1.7559 0.4251 1.6981 -9.6643 1.5148 13.0002 -0.0525 0.0895
Car 0.0000 0 2.9402 3.8000 0.0000 1224.0000 370.0000 1.4654 1.5470 3.5425 -1.4589 1.6754 0.2686 1.7566 0.0885
Car 0.0000 0 -0.8129 96.6110 182.2974 284.0427 255.5452 1.4258 1.5785 3.5438 -9.0845 1.4723 15.7617 -1.3253 0.0832
Car 0.0000 0 -0.9305 492.1592 0.0000 1224.0000 370.0000 1.5078 1.5984 3.6163 -0.2492 1.5927 0.4200 -1.2509 0.0812
Car 0.0000 0 1.4290 0.0000 0.0000 825.5269 370.0000 1.5233 1.5863 4.1147 -2.0487 1.7137 0.5915 0.2797 0.0797
Car 0.0000 0 -0.9239 0.0000 0.0000 948.5150 370.0000 1.4725 1.5071 3.5226 1.9159 1.5882 0.0419 0.4600 0.0797
Pedestrian 0.0000 0 0.3806 52.5815 167.6063 108.8365 267.4872 1.7526 0.5173 0.6677 -9.4766 1.5280 12.7335 -0.2455 0.0796
Car 0.0000 0 0.6598 0.0000 0.0000 1224.0000 370.0000 1.4484 1.4913 3.7247 1.4130 1.6588 0.2288 1.8597 0.0796
Pedestrian 0.0000 0 3.4178 71.9002 168.6640 117.7364 263.8309 1.7248 0.5449 0.5613 -9.5311 1.5119 13.1595 2.8041 0.0793
Cyclist 0.0000 0 -1.1636 57.9728 168.4867 127.6093 268.1335 1.7258 0.3902 1.6953 -9.5015 1.5194 13.1100 -1.7775 0.0790
Car 0.0000 0 4.1880 0.0000 0.0000 1224.0000 370.0000 1.5171 1.6035 4.0148 -2.1499 1.6941 -0.0027 2.7668 0.0787
Car 0.0000 0 0.9138 0.0000 0.0000 1224.0000 370.0000 1.4294 1.5545 3.8006 1.6141 1.6199 0.4780 2.0253 0.0772
Pedestrian 0.0000 0 0.6804 49.9219 170.2672 110.9120 267.8959 1.7194 0.5217 0.7139 -9.4800 1.5409 12.7273 0.0538 0.0768
Car 0.0000 0 0.2567 72.9079 0.0000 1224.0000 370.0000 1.4875 1.5683 3.7157 1.2186 1.6224 -0.2554 1.7732 0.0763
Car 0.0000 0 -4.0509 0.0000 0.0000 1224.0000 370.0000 1.4816 1.5541 4.0022 1.2957 1.6728 0.4967 -3.0428 0.0719
Car 0.0000 0 -3.1085 0.0000 0.0000 1224.0000 370.0000 1.5261 1.5704 4.1275 0.6331 1.6598 0.7017 -2.5536 0.0717
Pedestrian 0.0000 0 3.6674 68.7226 169.8848 121.1263 264.0055 1.7141 0.5530 0.5933 -9.5392 1.5225 13.1733 3.0538 0.0710
Cyclist 0.0000 0 0.6966 28.7454 165.3518 135.8761 265.3069 1.7979 0.4148 1.7284 -9.6328 1.5270 12.9813 0.0716 0.0708
Cyclist 0.0000 0 -0.5651 12.5007 166.0037 131.9873 270.0025 1.7617 0.4460 1.7683 -9.6874 1.5178 12.8767 -1.1965 0.0701
Car 0.0000 0 4.2802 8.6533 0.0000 1224.0000 370.0000 1.5517 1.5924 4.0735 -2.0811 1.7000 -0.2090 2.7659 0.0695
Cyclist 0.0000 0 -0.4122 0.0000 167.2636 122.6534 272.6953 1.7425 0.4810 1.8413 -9.7711 1.5254 12.6011 -1.0578 0.0694
Car 0.0000 0 4.2917 262.5299 0.0000 1224.0000 370.0000 1.5755 1.5903 4.1554 -2.2702 1.6934 -0.2873 2.7383 0.0679
Car 0.0000 0 1.5119 0.0000 0.0000 1052.0621 370.0000 1.5660 1.6370 4.1787 -2.2893 1.7199 0.6263 0.3358 0.0650
Car 0.0000 0 -1.0112 0.0000 0.0000 1224.0000 370.0000 1.5130 1.5073 3.7678 2.1239 1.5535 -0.2606 0.5314 0.0648
Pedestrian 0.0000 0 1.3100 986.9369 217.5303 1070.9360 370.0000 1.1861 0.3731 0.6611 3.1582 1.4894 5.3878 1.8169 0.0625
Car 0.0000 0 -2.5981 0.0000 0.0000 776.5938 370.0000 1.4615 1.6114 3.8206 0.8019 1.6121 0.9413 -2.0310 0.0618
Car 0.0000 0 4.3417 0.0000 0.0000 1224.0000 370.0000 1.5464 1.6049 4.1445 -2.5013 1.7224 -0.0646 2.8755 0.0611
Car 0.0000 0 4.1874 0.0000 0.0000 1224.0000 370.0000 1.5146 1.5857 4.0068 -1.6913 1.6789 -0.1191 2.7384 0.0602
Car 0.0000 0 -0.5206 251.2032 0.0000 1224.0000 370.0000 1.4451 1.5446 3.6636 -1.1041 1.6472 0.7334 -1.3260 0.0578
Car 0.0000 0 -3.9264 0.0000 0.0000 748.8669 370.0000 1.4520 1.5977 3.7237 1.5460 1.6128 0.1347 -2.6421 0.0573
Car 0.0000 0 0.6405 0.0000 0.0000 1224.0000 370.0000 1.4388 1.5200 3.6032 1.4321 1.6326 0.4588 1.7130 0.0561
Car 0.0000 0 -1.1546 0.0000 0.0000 1224.0000 370.0000 1.4392 1.4938 3.4332 1.8549 1.6359 0.5888 -0.0393 0.0559
Car 0.0000 0 0.4740 0.0000 0.0000 1179.0798 370.0000 1.5108 1.5665 3.6589 1.2505 1.6696 0.4708 1.4805 0.0559
Pedestrian 0.0000 0 1.4042 986.8011 172.2486 1022.3829 263.5957 1.4648 0.3938 0.7037 6.5768 1.3341 11.7299 1.9054 0.0550
Cyclist 0.0000 0 0.6570 50.1468 167.9221 149.8092 265.5791 1.7512 0.4155 1.5614 -9.2630 1.5273 12.9192 0.0483 0.0546
Car 0.0000 0 3.3273 140.4836 0.0000 1224.0000 370.0000 1.4933 1.5631 4.3996 -1.9409 1.6699 0.1821 2.0130 0.0538
Car 0.0000 0 -1.2538 0.0000 0.0000 1224.0000 370.0000 1.4183 1.4530 3.2793 2.1521 1.6086 0.6850 -0.1196 0.0537
Car 0.0000 0 -2.4849 0.0000 0.0000 836.1546 370.0000 1.5063 1.6067 3.8753 0.7519 1.6753 0.8073 -1.8965 0.0530
Car 0.0000 0 1.2188 0.0000 0.0000 1224.0000 370.0000 1.3806 1.5500 3.6960 14.1424 1.4085 -0.1064 2.7757 0.0528
Car 0.0000 0 -1.2135 0.0000 0.0000 1224.0000 370.0000 1.4460 1.5114 3.2739 2.0374 1.6345 0.6472 -0.0857 0.0518
Car 0.0000 0 4.3514 167.4825 0.0000 1224.0000 370.0000 1.5822 1.5747 4.0685 -2.4574 1.7236 -0.2347 2.8182 0.0515
Car 0.0000 0 4.3705 0.0000 0.0000 1224.0000 370.0000 1.4732 1.5667 3.9636 -1.7295 1.6522 0.0516 3.0149 0.0515
Cyclist 0.0000 0 -1.0715 46.4637 166.5299 127.9819 269.0516 1.7530 0.4238 1.7086 -9.4861 1.5157 12.9579 -1.6900 0.0511
Car 0.0000 0 -1.5378 190.8992 0.0000 1224.0000 370.0000 1.5065 1.6229 3.8944 0.1374 1.6664 0.8379 -1.4183 0.0510
Car 0.0000 0 -3.9548 0.0000 0.0000 1224.0000 370.0000 1.4788 1.6104 3.9427 1.2629 1.6253 0.2196 -2.7885 0.0503
Car 0.0000 0 -2.9135 0.0000 0.0000 1224.0000 370.0000 1.4834 1.5532 3.8006 0.6836 1.6672 1.1425 -2.4756 0.0498
Car 0.0000 0 2.0706 0.0000 0.0000 1224.0000 370.0000 1.4897 1.6069 4.1325 0.7990 1.6035 0.1575 3.1014 0.0497
Car 0.0000 0 3.4693 0.0000 0.0000 1224.0000 370.0000 1.5247 1.6095 4.3224 -2.0067 1.6406 -0.2159 1.9537 0.0494
Car 0.0000 0 -2.1596 0.0000 0.0000 1224.0000 370.0000 1.4472 1.5402 3.8175 -1.1258 1.6652 0.4748 -3.1120 0.0493
Car 0.0000 0 0.5336 0.0000 0.0000 1224.0000 370.0000 1.4174 1.5770 3.7857 13.8581 1.3573 0.1321 2.0730 0.0492
Car 0.0000 0 3.0464 200.7875 0.0000 1224.0000 370.0000 1.5378 1.6127 4.1269 -1.8770 1.6894 0.7542 1.9983 0.0483
Car 0.0000 0 -2.5389 0.0000 0.0000 1224.0000 370.0000 1.3936 1.5855 3.8530 14.0331 1.4062 0.2074 -1.0044 0.0472
Car 0.0000 0 1.1291 0.0000 0.0000 1224.0000 370.0000 1.4091 1.5763 3.9498 13.8900 1.3701 -0.1346 2.6878 0.0468
Car 0.0000 0 -2.8171 0.0000 0.0000 864.2548 370.0000 1.4419 1.5295 3.6536 1.0979 1.6246 0.7908 -2.0373 0.0467
Car 0.0000 0 1.1657 0.0000 0.0000 1224.0000 370.0000 1.5621 1.5880 4.0156 -2.1326 1.7118 0.0525 -0.2291 0.0467
Pedestrian 0.0000 0 1.5545 989.6683 171.5878 1018.1534 263.6941 1.4773 0.3904 0.7158 6.5748 1.3360 11.7432 2.0551 0.0446
Car 0.0000 0 0.5882 0.0000 0.0000 1224.0000 370.0000 1.4029 1.5444 3.8271 13.8375 1.3688 0.1157 2.1288 0.0435
Car 0.0000 0 -2.7051 0.0000 0.0000 1224.0000 370.0000 1.4424 1.6144 3.7537 14.0464 1.3668 0.1039 -1.1632 0.0431
Car 0.0000 0 -0.1242 0.0000 0.0000 1224.0000 370.0000 1.5872 1.6854 3.9409 20.0308 0.6910 -0.2519 1.4443 0.0429
Car 0.0000 0 -2.8793 0.0000 0.0000 1224.0000 370.0000 1.5058 1.5935 4.1973 0.3092 1.6673 1.0320 -2.6533 0.0428
Pedestrian 0.0000 0 3.5908 62.5668 170.7715 112.0039 261.9875 1.6685 0.5326 0.5705 -9.7298 1.4921 13.2389 2.9702 0.0417
Cyclist 0.0000 0 0.1773 0.0000 0.0000 1224.0000 370.0000 1.6912 0.5058 1.9486 -1.1291 1.5920 -0.0942 -1.1911 0.0407
Cyclist 0.0000 0 -1.7499 857.0703 160.2134 900.7327 266.4920 1.6925 0.3725 1.7479 4.6357 1.3711 12.1482 -1.3922 0.0405
Car 0.0000 0 1.3209 0.0000 0.0000 1224.0000 370.0000 1.3754 1.5727 3.7642 14.4213 1.3861 -0.1419 2.8806 0.0402
Cyclist 0.0000 0 -1.0162 36.3120 168.5718 121.5140 267.1527 1.7006 0.3976 1.7294 -9.7182 1.4964 13.0686 -1.6423 0.0394
Car 0.0000 0 2.2155 0.0000 0.0000 1224.0000 370.0000 1.5317 1.5858 4.0023 0.4427 1.6406 0.1444 2.9752 0.0393
Car 0.0000 0 1.0333 0.0000 0.0000 1224.0000 370.0000 1.4322 1.5598 3.9441 -1.6159 1.6751 0.4575 -0.0857 0.0393
Car 0.0000 0 3.8636 0.0000 0.0000 1224.0000 370.0000 1.4756 1.5512 3.9969 -0.8013 1.6204 0.2094 2.8818 0.0391
Cyclist 0.0000 0 -0.1705 0.0000 0.0000 1224.0000 370.0000 1.6318 0.4732 1.8078 -1.3802 1.6773 0.4192 -1.2461 0.0388
Car 0.0000 0 -2.5080 196.6419 0.0000 1224.0000 370.0000 1.5336 1.5490 3.7401 0.6862 1.5594 -0.0011 -1.3746 0.0383
Car 0.0000 0 0.5581 0.0000 0.0000 1224.0000 370.0000 1.3812 1.4883 3.6326 13.6844 1.4086 -0.0296 2.1090 0.0368
Car 0.0000 0 0.8712 846.8925 0.0000 1224.0000 370.0000 1.5555 1.6538 4.1571 -1.0440 1.6673 -0.0471 -0.4392 0.0364
Pedestrian 0.0000 0 3.4992 61.1571 168.8060 108.7583 261.9698 1.6978 0.5382 0.5612 -9.7543 1.4863 13.2133 2.8765 0.0357
Car 0.0000 0 -2.3919 36.3738 182.2305 259.0174 257.2285 1.4566 1.5914 3.9415 -9.6360 1.4976 14.9305 -2.9536 0.0354
Car 0.0000 0 2.0747 0.0000 171.3578 10.7289 207.5165 1.4061 1.6093 3.7608 -26.8729 1.0521 29.5034 1.3431 0.0348
Car 0.0000 0 2.2551 0.0000 170.1133 12.9022 207.2687 1.4509 1.6511 3.9013 -27.1983 1.0468 29.5956 1.5191 0.0346
Car 0.0000 0 0.8125 0.0000 0.0000 1224.0000 370.0000 1.4547 1.6031 4.0413 -1.0925 1.6414 0.7231 0.0076 0.0339
Car 0.0000 0 -4.2741 0.0000 0.0000 1224.0000 370.0000 1.5348 1.6036 4.2229 0.8250 1.5962 -0.0225 -3.0514 0.0339
Car 0.0000 0 -1.7740 254.5346 0.0000 1000.1298 370.0000 1.5587 1.6422 3.8949 0.1497 1.5764 0.2093 -1.4964 0.0339
Car 0.0000 0 2.5160 0.0000 0.0000 1224.0000 370.0000 1.5039 1.5574 4.1450 0.4576 1.6789 0.4603 3.0462 0.0331
Car 0.0000 0 2.1175 0.0000 170.9474 14.7824 207.5221 1.4165 1.6259 4.0443 -26.8735 1.0480 29.5153 1.3861 0.0328
Car 0.0000 0 4.3554 0.0000 0.0000 1224.0000 370.0000 1.5918 1.5720 3.8586 -2.6542 1.7248 -0.1990 2.8329 0.0327
Car 0.0000 0 0.6075 0.0000 0.0000 1224.0000 370.0000 1.5895 1.6713 4.2004 -0.1746 1.6147 -0.1123 -0.0789 0.0327
Cyclist 0.0000 0 -1.7171 848.5214 158.7755 887.1045 263.7526 1.7211 0.3702 1.7234 4.5682 1.3666 12.4687 -1.3724 0.0326
Car 0.0000 0 0.7574 0.0000 0.0000 966.5788 370.0000 1.4760 1.6347 3.9964 0.6546 1.6475 0.4561 1.4577 0.0322
Car 0.0000 0 0.5102 0.0000 0.0000 1224.0000 370.0000 1.4151 1.5147 3.6499 13.6553 1.3825 -0.1670 2.0711 0.0321
Car 0.0000 0 -3.1909 0.0000 0.0000 1224.0000 370.0000 1.3816 1.5793 3.7674 9.6106 1.3386 -0.1553 -1.6361 0.0316
Car 0.0000 0 2.2368 0.0000 168.5966 14.9372 206.9397 1.4918 1.6927 4.0870 -27.1802 1.0302 29.6020 1.5013 0.0314
Car 0.0000 0 -0.9522 316.7877 0.0000 1028.5698 370.0000 1.5966 1.6833 3.8741 -0.1875 1.5716 -0.0128 -1.4897 0.0308
Car 0.0000 0 2.2356 0.0000 0.0000 1224.0000 370.0000 1.4605 1.5221 4.0803 0.6921 1.6590 0.4845 2.9457 0.0306
Car 0.0000 0 0.0521 0.0000 0.0000 1224.0000 370.0000 1.6261 1.6076 3.7332 19.7176 0.6987 -0.0672 1.6112 0.0290
Car 0.0000 0 2.4298 0.0000 0.0000 1224.0000 370.0000 1.4786 1.5499 4.0093 0.5241 1.6361 0.4171 3.0477 0.0289
Car 0.0000 0 1.1552 0.0000 0.0000 1224.0000 370.0000 1.4032 1.5111 3.6903 13.8491 1.3682 -0.1521 2.7151 0.0288
Car 0.0000 0 -2.8451 0.0000 0.0000 1224.0000 370.0000 1.5125 1.6196 3.7422 19.9939 0.6474 1.0656 -1.3423 0.0287
Car 0.0000 0 -1.7448 0.0000 0.0000 1224.0000 370.0000 1.4105 1.5652 3.6822 14.1114 1.3525 -0.2690 -0.1764 0.0285
Car 0.0000 0 -3.0373 0.0000 0.0000 1224.0000 370.0000 1.3724 1.5424 3.7850 9.6403 1.3414 -0.0001 -1.4986 0.0285
Car 0.0000 0 -2.7718 0.0000 0.0000 1224.0000 370.0000 1.5509 1.6153 4.0217 -0.0329 1.6850 0.8487 -2.7984 0.0283
Car 0.0000 0 0.5173 0.0000 0.0000 1224.0000 370.0000 1.3780 1.6507 3.9282 13.9837 1.3215 0.3160 2.0439 0.0282
Car 0.0000 0 3.5011 0.0000 175.5569 21.7669 210.7565 1.4597 1.6887 4.4781 -28.6356 1.2562 30.9321 2.7612 0.0281
Car 0.0000 0 1.2430 0.0000 0.0000 1224.0000 370.0000 1.5722 1.6883 3.8343 18.6642 0.7797 -0.1614 2.8065 0.0279
Car 0.0000 0 -1.1294 0.0000 0.0000 1224.0000 370.0000 1.5919 1.6943 3.8558 20.1569 0.6876 -0.2664 0.4399 0.0279
Car 0.0000 0 -2.7869 0.0000 0.0000 1224.0000 370.0000 1.4620 1.6733 3.8786 14.3980 1.3597 -0.0993 -1.2302 0.0279
Car 0.0000 0 0.4092 0.0000 0.0000 1224.0000 370.0000 1.4029 1.5328 3.7462 13.8692 1.3219 0.3695 1.9315 0.0276
Car 0.0000 0 -0.1196 0.0000 0.0000 1224.0000 370.0000 1.6207 1.6666 3.8936 19.9851 0.6962 0.0240 1.4351 0.0273
Car 0.0000 0 -1.1993 0.0000 0.0000 1224.0000 370.0000 1.5790 1.6787 3.8550 20.3462 0.6381 -0.1984 0.3667 0.0271
Car 0.0000 0 -0.3177 0.0000 0.0000 1224.0000 370.0000 1.5937 1.7161 3.8984 20.2756 0.6352 -0.1495 1.2459 0.0270
Car 0.0000 0 2.5001 0.0000 0.0000 1224.0000 370.0000 1.5308 1.5885 3.9606 0.2570 1.6416 0.1660 2.9858 0.0268
Car 0.0000 0 1.0130 0.0000 0.0000 1224.0000 370.0000 1.4211 1.5386 3.9146 13.6931 1.3733 -0.2741 2.5817 0.0265
Car 0.0000 0 -2.8842 0.0000 0.0000 1224.0000 370.0000 1.4921 1.4157 3.4694 5.4771 1.3982 0.1265 -1.3940 0.0263
Car 0.0000 0 -1.3198 0.0000 0.0000 1224.0000 370.0000 1.6026 1.7053 3.9416 20.5952 0.6377 0.0984 0.2318 0.0262
Car 0.0000 0 2.2351 0.0000 172.1161 15.7508 208.0537 1.4203 1.6512 3.7221 -27.1934 1.0905 29.8515 1.5034 0.0261
Car 0.0000 0 -4.4206 0.0000 0.0000 1224.0000 370.0000 1.5780 1.7130 3.7828 19.4522 0.7549 -0.0649 -2.8618 0.0261
Car 0.0000 0 3.3441 0.0000 0.0000 1224.0000 370.0000 1.4816 1.5731 4.0625 -0.3156 1.6956 0.5248 2.9892 0.0260
Car 0.0000 0 0.3385 0.0000 0.0000 1224.0000 370.0000 1.4011 1.5195 3.7387 13.7264 1.3541 0.2976 1.8655 0.0258
Car 0.0000 0 -1.1786 0.0000 0.0000 1224.0000 370.0000 1.6002 1.7110 3.9423 20.4369 0.6191 0.0432 0.3756 0.0252
Car 0.0000 0 3.3186 0.0000 173.3732 21.5738 209.0064 1.4686 1.6921 3.9041 -28.1605 1.1763 30.8830 2.5862 0.0245
Car 0.0000 0 2.6161 0.0000 0.0000 1224.0000 370.0000 1.5004 1.5801 4.1633 0.2521 1.7115 0.4428 2.9351 0.0244
Cyclist 0.0000 0 -3.5916 940.4971 162.2783 1041.2435 249.6088 1.6730 0.5781 1.6485 7.5016 1.3255 13.8602 -3.1034 0.0240
Pedestrian 0.0000 0 -0.2227 957.4691 159.5698 1001.9493 246.6783 1.6919 0.6000 0.6626 7.4222 1.2870 14.1018 0.2542 0.0231
Car 0.0000 0 2.1455 0.0000 0.0000 1224.0000 370.0000 1.6049 1.5685 4.0518 0.3522 1.6200 0.0173 2.9497 0.0231
Car 0.0000 0 3.3900 0.0000 173.0440 18.1216 209.4306 1.4946 1.6868 4.3510 -28.5838 1.1898 30.8091 2.6490 0.0229
Car 0.0000 0 -1.0077 0.0000 172.1620 11.0938 209.2243 1.4242 1.5866 4.1254 -26.9127 1.1053 29.3334 -1.7429 0.0226
Car 0.0000 0 -0.1143 0.0000 0.0000 1224.0000 370.0000 1.3607 1.5396 3.4845 9.5584 1.4960 -0.0100 1.4253 0.0224
Car 0.0000 0 0.3272 0.0000 0.0000 1224.0000 370.0000 1.5939 1.6320 3.8680 -2.3467 1.5726 -0.1461 -1.1663 0.0223
Pedestrian 0.0000 0 2.4675 848.3915 158.6743 896.9186 263.0135 1.7343 0.5243 0.5734 4.5271 1.3731 12.0866 2.8190 0.0223
Car 0.0000 0 2.5526 0.0000 0.0000 1224.0000 370.0000 1.5178 1.5763 4.0226 0.1682 1.6442 0.1409 2.9026 0.0223
Car 0.0000 0 3.6318 0.0000 0.0000 1224.0000 370.0000 1.5287 1.6108 4.1090 -0.5775 1.7271 0.7071 3.1220 0.0223
Car 0.0000 0 3.2845 0.0000 172.8170 13.1725 209.8436 1.5048 1.6656 4.2126 -28.4809 1.1941 30.6069 2.5420 0.0219
Car 0.0000 0 -2.9979 0.0000 0.0000 1224.0000 370.0000 1.5467 1.6281 4.1225 0.4043 1.7001 0.8086 -2.6535 0.0219
Car 0.0000 0 2.0185 0.0000 171.3903 15.2798 207.7250 1.4313 1.6527 3.6187 -26.8281 1.0739 29.8135 1.2929 0.0216
Car 0.0000 0 -1.4006 0.0000 0.0000 1224.0000 370.0000 1.6511 1.7113 3.7851 19.3349 0.6798 -0.1139 0.1607 0.0213
Car 0.0000 0 3.2635 0.0000 174.7261 17.4122 211.5862 1.4919 1.6731 4.5352 -28.4810 1.2597 30.6110 2.5211 0.0210
Cyclist 0.0000 0 1.9164 246.9729 171.9254 322.1840 280.8593 1.5743 0.4995 1.7409 -5.0310 1.4521 11.0987 1.5033 0.0208
Car 0.0000 0 -1.4099 0.0000 0.0000 1224.0000 370.0000 1.5712 1.6641 4.2461 20.9129 0.6697 0.1207 0.1410 0.0208
Car 0.0000 0 1.3075 0.0000 0.0000 1224.0000 370.0000 1.4112 1.4947 3.7592 13.5473 1.4166 -0.2380 2.8735 0.0205
Cyclist 0.0000 0 -0.6995 15.3322 166.9661 131.5675 273.4750 1.7630 0.4856 1.7446 -9.4580 1.5406 12.6033 -1.3295 0.0205
Pedestrian 0.0000 0 0.6583 38.8417 171.5596 83.9730 252.6398 1.6369 0.4749 0.5615 -11.1942 1.4581 14.5108 0.0136 0.0204
Pedestrian 0.0000 0 -2.1488 957.4264 159.0506 1007.2455 245.8648 1.6841 0.5967 0.6820 7.4636 1.2696 14.0797 -1.6689 0.0203
Car 0.0000 0 1.3501 872.6006 179.6178 1003.5274 261.3512 1.3741 1.4975 3.5684 6.2751 1.3609 13.7794 1.7704 0.0198
Car 0.0000 0 3.3726 0.0000 173.2016 20.4313 209.5737 1.4921 1.6953 4.4967 -28.5849 1.1942 30.8368 2.6320 0.0198
Car 0.0000 0 -1.0566 0.0000 0.0000 1224.0000 370.0000 1.6309 1.7103 4.0381 20.2276 0.7065 -0.1777 0.5084 0.0198
Car 0.0000 0 -0.8907 0.0000 170.5548 10.2610 207.8593 1.4445 1.6329 4.0858 -27.2549 1.0609 29.4607 -1.6300 0.0196
Car 0.0000 0 4.3552 0.0000 0.0000 1224.0000 370.0000 1.6304 1.7219 4.1600 -3.0922 1.7490 0.4265 3.0238 0.0195
Car 0.0000 0 -1.1813 0.0000 0.0000 1224.0000 370.0000 1.5495 1.6774 3.8165 20.5128 0.6294 -0.1171 0.3807 0.0194
Car 0.0000 0 -2.5951 0.0000 0.0000 1224.0000 370.0000 1.5740 1.5753 3.8365 5.5585 1.4627 -0.3065 -1.0260 0.0192
Car 0.0000 0 -1.1746 0.0000 0.0000 1224.0000 370.0000 1.6043 1.7146 4.0806 19.9574 0.6642 -0.1616 0.3894 0.0192
Car 0.0000 0 1.5682 899.5835 179.7641 999.2391 262.1374 1.3760 1.5373 3.5982 6.6070 1.3654 13.7613 2.0085 0.0189
Cyclist 0.0000 0 2.6355 932.9628 162.8103 1029.9503 247.1145 1.6483 0.5059 1.6755 7.4493 1.3040 14.0947 3.1142 0.0189
Car 0.0000 0 -1.1399 0.0000 0.0000 1224.0000 370.0000 1.5976 1.6866 3.9287 19.9341 0.6733 -0.2150 0.4268 0.0188
Car 0.0000 0 -2.8482 341.0133 0.0000 1224.0000 370.0000 1.6228 1.6128 3.7826 0.2386 1.5026 -0.2856 -1.4351 0.0188
Car 0.0000 0 2.4188 0.0000 167.8855 13.5778 208.8254 1.5860 1.6962 4.2300 -27.5159 1.0988 29.5783 1.6767 0.0187
Car 0.0000 0 -3.3000 0.0000 0.0000 1224.0000 370.0000 1.4043 1.6347 3.8261 9.6209 1.3580 -0.0411 -1.7571 0.0186
Car 0.0000 0 3.2584 0.0000 173.4475 15.2888 210.4049 1.4985 1.6548 4.3052 -28.4105 1.2140 30.5932 2.5170 0.0186
Car 0.0000 0 -1.3789 0.0000 0.0000 1224.0000 370.0000 1.6211 1.6885 4.0199 20.8056 0.6342 0.1269 0.1716 0.0184
Pedestrian 0.0000 0 -2.3788 0.0000 0.0000 1224.0000 370.0000 1.8473 0.6700 0.7090 19.3972 0.6800 0.4715 -0.8476 0.0183
Car 0.0000 0 -3.4598 0.0000 0.0000 1224.0000 370.0000 1.6343 1.7111 3.7108 20.2385 0.6438 0.1745 -1.9122 0.0180
Car 0.0000 0 1.6154 898.2719 181.4169 995.3720 262.9079 1.3407 1.4871 3.6545 6.6019 1.3626 13.6342 2.0590 0.0179
Cyclist 0.0000 0 3.2381 0.0000 0.0000 1224.0000 370.0000 1.6558 0.5006 1.7890 -1.8339 1.7876 0.2577 1.9752 0.0178
Car 0.0000 0 -3.1213 0.0000 0.0000 1224.0000 370.0000 1.4259 1.6027 3.5997 9.6734 1.4651 -0.3065 -1.5508 0.0176
Car 0.0000 0 -0.1708 0.0000 0.0000 1224.0000 370.0000 1.4165 1.5573 3.7321 9.3485 1.5616 -0.0117 1.3682 0.0176
Pedestrian 0.0000 0 0.4806 39.8597 169.4316 84.8163 252.1802 1.6656 0.4979 0.5651 -11.1788 1.4444 14.5181 -0.1632 0.0176
Car 0.0000 0 1.4580 896.0403 183.4200 1012.0510 265.3726 1.3293 1.5327 3.5395 6.4772 1.3947 13.5220 1.8972 0.0175
Car 0.0000 0 -1.0919 0.0000 0.0000 1224.0000 370.0000 1.5788 1.7124 3.9925 20.5197 0.5486 0.3298 0.4484 0.0172
Car 0.0000 0 1.5053 887.9865 182.1840 989.3603 264.1015 1.3537 1.4816 3.4730 6.2625 1.3923 13.6423 1.9285 0.0172
Car 0.0000 0 -1.5282 0.0000 170.2106 8.6742 205.8270 1.5069 1.6865 3.8723 -28.1406 1.0731 31.9500 -2.2435 0.0169
Pedestrian 0.0000 0 1.7145 272.9053 167.3409 312.5105 272.7686 1.6254 0.4804 0.6880 -5.0237 1.4242 11.2903 1.3080 0.0168
Car 0.0000 0 2.0745 860.8710 180.8129 1034.0099 259.9428 1.3414 1.4926 3.5561 6.6171 1.3498 13.6368 2.5188 0.0167
Pedestrian 0.0000 0 1.7388 275.2169 170.5400 313.9376 272.9446 1.5885 0.4665 0.6207 -5.0077 1.4357 11.3192 1.3344 0.0163
Car 0.0000 0 -3.1822 0.0000 0.0000 1224.0000 370.0000 1.4560 1.4942 3.4463 19.7206 0.5438 0.6139 -1.6576 0.0162
Cyclist 0.0000 0 -2.1703 970.4214 158.6798 1055.8027 256.8586 1.6970 0.4311 1.7679 7.4781 1.3215 13.1160 -1.6608 0.0160
Car 0.0000 0 -1.4726 790.8087 143.6810 824.3240 179.0639 2.2510 1.7296 4.5826 13.6903 -0.1004 47.6256 -1.1926 0.0159
Cyclist 0.0000 0 3.1449 0.0000 0.0000 1224.0000 370.0000 1.9516 0.6466 1.7431 -4.0622 1.7723 0.6012 1.7993 0.0159
Car 0.0000 0 -0.1797 0.0000 0.0000 1224.0000 370.0000 1.3327 1.5462 3.4072 9.6020 1.4806 -0.0763 1.3669 0.0158
Pedestrian 0.0000 0 2.1572 448.3260 168.1702 483.0727 246.0873 1.6451 0.4877 0.5982 -3.0501 1.3864 15.2933 1.9662 0.0157
Car 0.0000 0 -1.2380 0.0000 0.0000 1224.0000 370.0000 1.5657 1.6673 4.0881 20.9223 0.6319 -0.1118 0.3240 0.0157
Car 0.0000 0 -3.2322 0.0000 0.0000 1224.0000 370.0000 1.5555 1.6640 3.5475 20.0146 0.5742 0.3160 -1.6920 0.0155
Car 0.0000 0 0.1992 0.0000 0.0000 1224.0000 370.0000 1.3891 1.5518 3.5503 9.6832 1.3652 0.5900 1.6774 0.0153
Car 0.0000 0 -3.2706 0.0000 0.0000 1224.0000 370.0000 1.5777 1.6644 3.7129 20.0382 0.5630 0.0957 -1.7194 0.0151
Pedestrian 0.0000 0 1.2075 812.4084 168.7305 852.3936 267.6945 1.6527 0.4649 0.6009 3.8459 1.4578 12.1169 1.5090 0.0151
Car 0.0000 0 -3.5491 0.0000 0.0000 1224.0000 370.0000 1.6931 1.7794 3.8603 20.5028 0.6564 0.2481 -2.0048 0.0149
Cyclist 0.0000 0 -2.2763 996.8097 155.2401 1088.4133 256.2386 1.6915 0.4519 1.5984 7.7472 1.2701 12.6619 -1.7366 0.0149
Car 0.0000 0 3.7321 0.0000 172.4290 30.2353 207.2113 1.4876 1.7279 4.3846 -28.5395 1.1439 31.3968 3.0012 0.0147
Car 0.0000 0 3.5184 125.1715 0.0000 1224.0000 370.0000 1.5333 1.6337 4.5046 -2.2003 1.7027 0.0750 2.1283 0.0146
Pedestrian 0.0000 0 2.3792 448.4695 168.6940 483.4197 246.0630 1.6353 0.4802 0.5687 -3.0504 1.3874 15.3106 2.1883 0.0145
Car 0.0000 0 -2.3946 0.0000 0.0000 1224.0000 370.0000 1.5410 1.6827 3.8757 20.3343 0.5801 1.1883 -0.8966 0.0145
Cyclist 0.0000 0 1.7783 264.1366 171.2183 319.4875 276.1968 1.5514 0.4729 1.6042 -5.0106 1.4159 11.2770 1.3724 0.0144
Cyclist 0.0000 0 -1.8747 956.1954 165.0100 1006.2119 248.6529 1.5870 0.4164 1.5842 7.5015 1.2948 14.2267 -1.3969 0.0141
Pedestrian 0.0000 0 -1.9306 34.2870 168.7122 74.3265 250.2329 1.6325 0.5079 0.5000 -11.3382 1.3981 14.5020 -2.5817 0.0139
Car 0.0000 0 0.4994 0.0000 0.0000 1224.0000 370.0000 1.4713 1.5300 3.8399 -7.0763 1.6018 -0.3345 -1.0713 0.0139
Car 0.0000 0 -1.6187 0.0000 0.0000 1224.0000 370.0000 1.4434 1.6119 3.9761 14.3949 1.3300 -0.2722 -0.0499 0.0135
Pedestrian 0.0000 0 -1.4969 968.8339 164.3714 1003.3799 248.0244 1.5932 0.5634 0.5153 7.4158 1.2877 13.8288 -1.0125 0.0134
Car 0.0000 0 -1.3900 787.8655 146.5987 826.7426 179.0910 2.0621 1.7340 4.4664 13.6267 -0.0981 47.4607 -1.1102 0.0134
Car 0.0000 0 -1.4264 0.0000 0.0000 1224.0000 370.0000 1.5656 1.7434 3.8936 20.7200 0.5155 0.4154 0.1101 0.0134
Car 0.0000 0 -1.7472 0.0000 0.0000 1224.0000 370.0000 1.5981 1.6375 4.0448 20.7662 0.5404 0.8636 -0.2322 0.0134
Car 0.0000 0 2.5661 0.0000 0.0000 1224.0000 370.0000 1.5852 1.5489 3.9199 0.1597 1.5700 0.0668 2.9587 0.0132
Car 0.0000 0 -3.1137 0.0000 0.0000 1224.0000 370.0000 1.4697 1.7055 3.4948 9.8699 1.4722 -0.2512 -1.5488 0.0131
Cyclist 0.0000 0 -0.1949 177.9553 0.0000 1224.0000 370.0000 1.6724 0.4530 1.8391 -1.0817 1.6881 0.4601 -1.1374 0.0131
Car 0.0000 0 0.8642 0.0000 0.0000 1224.0000 370.0000 1.4574 1.5674 4.0284 -7.2131 1.5837 -0.1792 -0.6850 0.0129
Car 0.0000 0 -3.1908 0.0000 0.0000 1224.0000 370.0000 1.5663 1.6098 3.5016 19.7370 0.5437 0.0591 -1.6381 0.0129
Cyclist 0.0000 0 -2.2612 947.5659 165.7464 1028.5333 253.1224 1.6202 0.4860 1.5955 7.4686 1.3483 13.9363 -1.7771 0.0128
Cyclist 0.0000 0 -3.5418 914.9054 155.9127 1012.9889 244.9283 1.7351 0.6192 1.6370 7.1110 1.2575 14.1338 -3.0829 0.0124
Car 0.0000 0 -1.7031 0.0000 0.0000 1224.0000 370.0000 1.5561 1.7434 4.3044 20.8499 0.4987 0.6198 -0.1761 0.0124
Car 0.0000 0 2.0278 512.1957 171.7182 587.8953 210.1347 1.5170 1.6205 3.9556 -2.2757 1.1718 30.0534 1.9548 0.0124
Car 0.0000 0 -2.0427 0.0000 0.0000 1224.0000 370.0000 1.6087 1.6371 4.0931 20.7315 0.6548 1.2776 -0.5476 0.0123
Pedestrian 0.0000 0 -1.8062 968.7285 163.7175 1008.0645 247.0184 1.5903 0.5656 0.5199 7.4428 1.2716 13.8157 -1.3199 0.0122
Car 0.0000 0 -1.8503 0.0000 0.0000 1224.0000 370.0000 1.6214 1.5571 3.7959 5.6232 1.4870 -0.1689 -0.3055 0.0122
Car 0.0000 0 -2.4394 1122.0825 153.7411 1224.0000 216.4554 1.6266 1.6405 3.9016 17.3305 0.9341 20.3948 -1.7411 0.0119
Car 0.0000 0 -1.6302 0.0000 0.0000 1224.0000 370.0000 1.6195 1.7334 4.0150 20.8599 0.5420 0.5560 -0.1002 0.0118
Car 0.0000 0 -3.3155 0.0000 0.0000 1224.0000 370.0000 1.5498 1.7756 3.6421 20.2299 0.5219 0.1950 -1.7690 0.0118
Cyclist 0.0000 0 -2.3610 987.3391 155.0430 1083.3389 255.2096 1.7151 0.4352 1.6664 7.7982 1.2809 12.9629 -1.8285 0.0117
Cyclist 0.0000 0 -2.0881 923.8587 162.7778 991.9074 247.8306 1.6242 0.5378 1.5130 7.0468 1.2874 14.2693 -1.6365 0.0117
Car 0.0000 0 -1.8592 1171.4269 186.1456 1224.0000 370.0000 1.4513 1.5283 3.8187 6.6673 1.5220 6.5887 -1.0902 0.0116
Car 0.0000 0 2.6260 0.0000 0.0000 1224.0000 370.0000 1.5851 1.5645 3.8330 0.0849 1.6023 0.0440 2.8570 0.0114
Car 0.0000 0 1.8425 526.7983 174.0343 590.7301 211.8312 1.4667 1.6350 4.0373 -1.8749 1.2173 29.5763 1.7816 0.0113
Cyclist 0.0000 0 0.2145 0.0000 0.0000 1224.0000 370.0000 1.6622 0.5421 1.8482 -1.3971 1.6055 -0.0500 -1.1611 0.0113
Car 0.0000 0 1.8172 507.6270 175.3394 570.0544 212.9233 1.4308 1.6355 3.8929 -2.6542 1.2359 28.9632 1.7285 0.0112
Car 0.0000 0 1.7835 507.8112 176.0094 568.3120 213.9932 1.4271 1.6389 3.8984 -2.6524 1.2599 28.5942 1.6938 0.0112
Car 0.0000 0 1.8191 508.5004 174.1812 570.0539 211.6329 1.4469 1.6303 3.8819 -2.6738 1.2043 29.3567 1.7310 0.0112
Car 0.0000 0 2.1516 840.0435 180.5925 1017.0412 261.3697 1.3550 1.5027 3.2914 6.1128 1.3586 13.3784 2.5729 0.0112
Car 0.0000 0 1.9458 515.3619 172.9238 585.1491 211.2629 1.4994 1.6134 3.8658 -2.2451 1.2046 29.7327 1.8730 0.0110
Car 0.0000 0 0.0707 0.0000 171.4422 10.6179 208.9328 1.5169 1.6082 4.0436 -28.3230 1.1519 30.4890 -0.6709 0.0110
Car 0.0000 0 -1.2516 785.5867 149.9404 832.5641 178.3128 1.7908 1.7354 4.3641 13.6884 -0.1520 47.2667 -0.9696 0.0108
Car 0.0000 0 -1.1219 0.0000 172.0096 38.9384 206.4081 1.4740 1.6069 3.9041 -27.9045 1.1116 32.3839 -1.8265 0.0107
Car 0.0000 0 -3.1403 0.0000 0.0000 1224.0000 370.0000 1.5315 1.5694 3.6110 19.8163 0.6232 1.3745 -1.6536 0.0107
Car 0.0000 0 -0.4701 777.9509 155.1906 845.5257 179.6239 1.5727 1.7136 3.9439 13.6626 -0.0582 46.7983 -0.1860 0.0107
Car 0.0000 0 -0.2716 0.0000 168.8103 15.0710 207.7552 1.5625 1.6383 3.6860 -27.9658 1.0950 30.3586 -1.0090 0.0106
Car 0.0000 0 -2.9924 0.0000 0.0000 1224.0000 370.0000 1.4053 1.6623 3.5137 9.7378 1.4921 -0.1275 -1.4402 0.0105
Pedestrian 0.0000 0 -1.6638 34.3541 166.9607 70.1287 249.6319 1.6506 0.5343 0.5513 -11.3784 1.3819 14.4955 -2.3169 0.0105
Pedestrian 0.0000 0 -0.1513 977.4730 90.5963 1224.0000 370.0000 1.7060 0.6011 1.0029 1.3931 1.5588 1.6593 0.4631 0.0105
Car 0.0000 0 -0.6767 0.0000 168.7608 12.8253 208.1166 1.5468 1.6387 3.7797 -27.5226 1.0869 29.7775 -1.4156 0.0104
Car 0.0000 0 -2.0540 0.0000 0.0000 1224.0000 370.0000 1.5690 1.7043 4.1857 20.9036 0.6271 1.2384 -0.5564 0.0104
Car 0.0000 0 -1.4339 0.0000 169.6358 20.4084 206.4461 1.5697 1.6478 4.0874 -28.1084 1.1079 32.3094 -2.1432 0.0103
Cyclist 0.0000 0 -2.1801 1024.9377 168.7856 1104.0979 262.7148 1.5779 0.3898 1.4855 8.1224 1.3827 12.6236 -1.6181 0.0103
Car 0.0000 0 3.1959 0.0000 171.4948 16.9298 208.0798 1.4875 1.6319 4.0583 -28.1712 1.1229 30.6559 2.4597 0.0103
Car 0.0000 0 -0.7747 0.0000 175.1867 34.6730 210.3066 1.4634 1.6099 3.4322 -27.4837 1.2435 31.2328 -1.4895 0.0103
Car 0.0000 0 1.8557 517.6435 174.4175 581.5486 212.2651 1.4643 1.6162 3.8788 -2.2496 1.2305 29.4163 1.7819 0.0102
Car 0.0000 0 -2.7056 0.0000 0.0000 1224.0000 370.0000 1.6081 1.5847 3.6494 5.7403 1.5784 -0.1229 -1.1682 0.0101
Car 0.0000 0 4.2507 0.0000 0.0000 1224.0000 370.0000 1.5553 1.6292 4.2284 -6.5538 1.5709 -0.2651 2.6905 0.0101
Car 0.0000 0 2.0553 519.9580 172.5224 598.0221 210.5475 1.4965 1.6322 3.9711 -1.8905 1.1840 29.9664 1.9947 0.0100
Car 0.0000 0 -2.2201 0.0000 0.0000 1224.0000 370.0000 1.5715 1.6592 4.2067 20.7939 0.5984 1.6263 -0.7414 0.0099
Car 0.0000 0 -0.6468 0.0000 171.4738 25.6167 210.9196 1.5765 1.7619 3.9401 -27.5863 1.2173 30.3559 -1.3774 0.0098
Car 0.0000 0 -0.5998 0.0000 171.5869 16.5725 210.0339 1.5204 1.6598 3.7856 -27.6004 1.1695 29.9899 -1.3366 0.0097
Pedestrian 0.0000 0 -3.1833 665.6261 169.7154 692.5748 239.4213 1.7590 0.5432 0.6633 1.8580 1.4885 18.1284 -3.0813 0.0096
Car 0.0000 0 3.0554 0.0000 0.0000 1224.0000 370.0000 1.5230 1.5978 3.9448 -0.0713 1.6420 0.2087 2.9246 0.0096
Car 0.0000 0 -0.1619 0.0000 169.1920 21.7452 207.7007 1.5686 1.6477 3.5874 -27.8480 1.1095 30.7092 -0.8914 0.0096
Pedestrian 0.0000 0 2.1716 831.2778 161.3049 876.2894 265.0610 1.7288 0.4871 0.5834 4.2300 1.4106 12.1456 2.5004 0.0096
Car 0.0000 0 0.0758 0.0000 171.0665 11.0616 209.2672 1.5529 1.6241 3.9741 -28.3589 1.1709 30.6023 -0.6646 0.0095
Car 0.0000 0 2.7538 553.5867 166.6574 610.7016 189.5643 1.6057 1.7198 3.7553 -1.6472 0.6367 51.1052 2.7236 0.0095
Car 0.0000 0 -2.0904 0.0000 0.0000 1224.0000 370.0000 1.5872 1.7279 4.4602 20.9365 0.5616 1.3775 -0.5993 0.0094
Car 0.0000 0 -1.3468 780.0436 143.9218 823.8691 180.4649 2.3323 1.8373 4.7423 13.3273 -0.0012 47.6500 -1.0740 0.0094
Car 0.0000 0 -2.2521 0.0000 0.0000 1224.0000 370.0000 1.5933 1.7269 4.0249 20.6948 0.6370 1.4063 -0.7633 0.0093
Car 0.0000 0 2.6431 549.9749 165.0485 607.6620 187.6615 1.5685 1.6958 3.7864 -1.8638 0.4980 50.7301 2.6084 0.0093
Car 0.0000 0 -2.0951 0.0000 0.0000 1224.0000 370.0000 1.5921 1.7173 4.3090 20.8422 0.6431 1.2396 -0.5978 0.0093
Car 0.0000 0 2.1641 517.8587 170.5321 601.7731 208.8658 1.5258 1.6235 3.9936 -1.8783 1.1305 30.2697 2.1045 0.0093
Cyclist 0.0000 0 0.6153 74.3455 169.1336 184.4242 264.7944 1.7106 0.4432 1.7362 -8.7028 1.5090 12.8898 0.0346 0.0092
Car 0.0000 0 -2.6013 0.0000 0.0000 1224.0000 370.0000 1.3587 1.5777 3.6816 9.7576 1.2622 0.8560 -1.1493 0.0092
Car 0.0000 0 -1.4716 0.0000 169.6118 15.2582 206.3291 1.5611 1.6569 4.1362 -28.1942 1.0996 32.2240 -2.1837 0.0092
Car 0.0000 0 1.2056 888.6271 181.9335 1027.3975 258.2108 1.3073 1.3609 3.0731 6.6733 1.3401 13.7579 1.6499 0.0092
Car 0.0000 0 0.9265 0.0000 0.0000 1224.0000 370.0000 1.5327 1.5924 3.9060 -6.6539 1.5354 -0.2187 -0.6268 0.0092
Car 0.0000 0 -0.6725 0.0000 168.6462 11.1925 210.2176 1.6059 1.6667 4.1810 -27.5728 1.1495 29.5026 -1.4169 0.0091
Car 0.0000 0 2.0947 0.0000 175.9791 85.2433 217.2404 1.4536 1.5380 4.0370 -21.8963 1.2959 27.0151 1.4211 0.0091
Car 0.0000 0 1.5206 891.9442 179.5729 989.2447 261.8055 1.4135 1.5113 3.5552 6.5100 1.3992 14.0794 1.9468 0.0091
Car 0.0000 0 -2.7374 0.0000 0.0000 1224.0000 370.0000 1.5165 1.5071 3.4755 5.7031 1.4405 -0.1062 -1.2033 0.0091
Car 0.0000 0 2.5871 553.5711 166.3856 609.1532 189.5854 1.6089 1.6996 3.6367 -1.6794 0.6314 50.7412 2.5560 0.0090
Car 0.0000 0 -0.5683 0.0000 171.1661 18.6147 209.1570 1.5116 1.6143 3.7183 -27.5955 1.1417 30.1345 -1.3027 0.0090
Pedestrian 0.0000 0 0.3560 34.4051 169.5430 78.4303 251.9700 1.6315 0.4913 0.5662 -11.1365 1.4163 14.3072 -0.2929 0.0090
Pedestrian 0.0000 0 3.0079 538.0503 169.5762 565.2832 256.7506 1.5779 0.4158 0.4493 -1.0307 1.3818 13.0427 2.9327 0.0090
Car 0.0000 0 -0.4381 0.0000 167.7381 13.8335 208.2717 1.6014 1.6445 3.7828 -27.7812 1.0987 29.9915 -1.1782 0.0090
Car 0.0000 0 0.1382 0.0000 172.2678 11.9292 210.2328 1.5424 1.6233 4.2352 -28.5341 1.2095 30.5934 -0.6054 0.0089
Car 0.0000 0 -1.9466 0.0000 0.0000 1224.0000 370.0000 1.6168 1.7372 4.3735 20.8576 0.4803 1.0452 -0.4400 0.0089
Car 0.0000 0 -2.2025 0.0000 0.0000 1224.0000 370.0000 1.5807 1.6913 4.1961 20.8854 0.6150 1.5845 -0.7215 0.0089
Car 0.0000 0 -2.7977 0.0000 0.0000 1224.0000 370.0000 1.5999 1.6295 3.7090 5.7733 1.5770 0.0306 -1.2866 0.0089
Car 0.0000 0 0.1280 0.0000 171.4703 13.6378 209.2608 1.5433 1.6714 3.9745 -28.3695 1.1761 30.6952 -0.6111 0.0088
Cyclist 0.0000 0 -0.2618 0.0000 0.0000 1224.0000 370.0000 1.6757 0.5927 1.9420 19.5244 0.6411 0.2872 1.2791 0.0088
Car 0.0000 0 -3.2846 807.5958 172.2437 1010.6953 250.9450 1.4721 1.6703 3.5930 6.0040 1.3193 14.4650 -2.8972 0.0088
Car 0.0000 0 0.0917 0.0000 171.9594 13.5032 208.9858 1.5106 1.6681 4.0203 -28.3925 1.1637 30.7196 -0.6474 0.0088
Cyclist 0.0000 0 -1.5946 985.2343 164.4098 1010.4058 249.0499 1.6126 0.3894 1.5135 7.8522 1.3077 14.2283 -1.0981 0.0087
Cyclist 0.0000 0 -1.8097 948.6317 162.6317 993.1920 246.1742 1.6193 0.4072 1.6971 7.4751 1.2746 14.5725 -1.3429 0.0086
Car 0.0000 0 -1.2153 861.5717 177.7383 1020.9584 261.8937 1.4342 1.6558 3.7465 6.6747 1.3888 13.9476 -0.7762 0.0086
Car 0.0000 0 -2.1739 1138.8097 154.3583 1224.0000 216.8352 1.6490 1.6660 3.9466 17.7796 0.9606 20.7031 -1.4703 0.0086
Car 0.0000 0 -1.9092 0.0000 0.0000 1224.0000 370.0000 1.6731 1.7620 4.2893 20.8830 0.5640 0.9253 -0.3968 0.0086
Pedestrian 0.0000 0 -3.0547 802.6605 167.7146 848.3617 264.0958 1.6138 0.4741 0.7176 3.7606 1.4014 12.1872 -2.7609 0.0086
Car 0.0000 0 0.0580 0.0000 168.8408 7.9078 207.4428 1.5608 1.6388 3.8938 -28.3023 1.0909 30.4483 -0.6839 0.0084
Car 0.0000 0 2.8863 550.4606 165.3162 607.8726 187.4346 1.5567 1.7036 3.8439 -1.8730 0.4894 51.1244 2.8517 0.0084
Car 0.0000 0 1.8786 0.0000 180.6704 59.3826 223.2319 1.4834 1.5446 3.9493 -22.3111 1.4919 26.7753 1.1914 0.0082
Car 0.0000 0 -2.5949 0.0000 0.0000 1224.0000 370.0000 1.6129 1.6849 4.0708 20.3328 0.6725 1.9914 -1.1361 0.0082
Car 0.0000 0 -2.3312 0.0000 0.0000 1224.0000 370.0000 1.6102 1.6865 4.0422 20.6519 0.7115 1.6775 -0.8556 0.0081
Car 0.0000 0 -1.1602 0.0000 0.0000 1224.0000 370.0000 1.3498 1.6624 3.9967 9.9642 1.5363 -0.0820 0.3879 0.0081
Car 0.0000 0 -2.3080 0.0000 0.0000 1224.0000 370.0000 1.5943 1.7056 4.0154 20.6547 0.6173 1.6036 -0.8288 0.0081
Car 0.0000 0 -1.9158 0.0000 0.0000 1224.0000 370.0000 1.6294 1.7784 4.2441 20.9516 0.5567 0.9342 -0.4036 0.0081
Car 0.0000 0 2.1063 0.0000 180.5093 79.7699 222.7846 1.4849 1.5350 3.9054 -21.9872 1.4868 26.8719 1.4281 0.0080
Pedestrian 0.0000 0 1.7767 292.1045 169.4632 332.9494 269.3145 1.5485 0.4721 0.6808 -4.7264 1.3790 11.3369 1.3934 0.0080
Car 0.0000 0 0.1961 0.0000 170.9393 21.8190 207.7902 1.5211 1.6835 4.1030 -28.3464 1.1279 30.9538 -0.5384 0.0080
Car 0.0000 0 2.0367 528.8914 172.6173 606.5626 210.9709 1.5173 1.6658 4.0318 -1.5281 1.2069 30.1465 1.9883 0.0079
Pedestrian 0.0000 0 0.8519 815.4129 167.9039 862.3058 270.1634 1.6534 0.4573 0.6027 3.8515 1.4514 11.7947 1.1614 0.0079
Car 0.0000 0 -2.3789 0.0000 0.0000 1224.0000 370.0000 1.5674 1.7644 3.9792 20.5325 0.4426 0.8615 -0.8645 0.0079
Pedestrian 0.0000 0 1.1035 101.9248 169.7700 148.5361 265.0026 1.6542 0.4316 0.6855 -8.6196 1.4695 12.6339 0.5183 0.0079
Car 0.0000 0 -2.0246 0.0000 0.0000 1224.0000 370.0000 1.6025 1.7474 4.3213 21.0039 0.5660 1.2585 -0.5276 0.0078
Car 0.0000 0 -2.2059 0.0000 0.0000 1224.0000 370.0000 1.6527 1.7546 4.6504 21.0106 0.5439 1.6660 -0.7281 0.0078
Car 0.0000 0 -2.2070 0.0000 0.0000 1224.0000 370.0000 1.6336 1.7610 4.4105 21.0375 0.5435 1.6445 -0.7281 0.0077
Car 0.0000 0 -0.5419 555.7892 167.9988 613.2027 190.2558 1.5544 1.7497 3.7912 -1.4655 0.6826 51.1332 -0.5686 0.0077
Car 0.0000 0 2.9415 545.8506 165.4170 607.2791 187.2363 1.5371 1.7224 4.1812 -2.0656 0.4758 51.1347 2.9032 0.0077
Car 0.0000 0 -2.4259 1119.5671 154.6812 1224.0000 217.3911 1.6375 1.6747 3.9438 17.3777 0.9649 20.5369 -1.7297 0.0077
Car 0.0000 0 -2.2280 0.0000 0.0000 1224.0000 370.0000 1.6438 1.7287 4.1879 20.9012 0.5271 1.2427 -0.7306 0.0076
Car 0.0000 0 -1.6669 0.0000 0.0000 1224.0000 370.0000 1.4807 1.6119 3.8811 14.5411 1.2953 -0.2319 -0.1009 0.0076
Car 0.0000 0 1.7744 591.6177 174.1492 646.3776 212.3064 1.5079 1.6173 3.5804 0.6302 1.2585 29.8628 1.7970 0.0076
Car 0.0000 0 -4.1634 0.0000 0.0000 1224.0000 370.0000 1.4155 1.6822 4.1382 9.8110 1.3170 0.2360 -2.6481 0.0075
Car 0.0000 0 -0.1494 0.0000 168.4796 18.1499 207.2721 1.5752 1.6645 3.5927 -27.9348 1.0886 30.6204 -0.8819 0.0075
Car 0.0000 0 -0.2359 587.2576 172.2065 695.8922 211.3414 1.5391 1.7109 4.1683 1.4438 1.2144 29.0259 -0.1850 0.0074
Car 0.0000 0 -2.5861 0.0000 0.0000 1224.0000 370.0000 1.5955 1.6504 3.9491 20.3523 0.6700 1.9545 -1.1254 0.0073
Car 0.0000 0 -4.0849 0.0000 0.0000 1224.0000 370.0000 1.5532 1.6703 3.9082 20.0496 0.4522 0.2031 -2.5390 0.0073
Car 0.0000 0 -2.3877 0.0000 0.0000 1224.0000 370.0000 1.6263 1.7087 4.2451 20.6371 0.6914 1.8544 -0.9206 0.0073
Car 0.0000 0 -2.7704 0.0000 0.0000 1224.0000 370.0000 1.5572 1.7196 4.1765 21.5613 0.4415 1.3860 -1.2773 0.0072
Car 0.0000 0 1.6918 0.0000 179.9664 37.4859 222.4677 1.4741 1.5353 3.9629 -22.6097 1.4571 26.5972 0.9949 0.0072
Car 0.0000 0 -1.1983 0.0000 170.1499 43.6227 206.2647 1.5496 1.6583 4.0455 -27.7033 1.1069 32.5138 -1.8973 0.0071
Car 0.0000 0 -1.6725 0.0000 0.0000 1224.0000 370.0000 1.6493 1.7421 4.1107 20.9551 0.4909 0.5765 -0.1433 0.0071
Car 0.0000 0 -3.0765 0.0000 0.0000 1224.0000 370.0000 1.5545 1.7981 3.7802 20.2985 0.4832 0.5775 -1.5488 0.0071
Car 0.0000 0 -0.0724 556.0130 168.3268 611.6775 190.1702 1.5605 1.6845 3.9454 -1.5610 0.6921 51.5426 -0.1008 0.0071
Pedestrian 0.0000 0 0.8617 15.8745 168.9979 62.8399 251.4288 1.6232 0.4717 0.5852 -11.4056 1.3983 14.2067 0.1980 0.0070
Car 0.0000 0 1.7000 0.0000 181.3557 37.5957 223.9458 1.4741 1.5063 3.8993 -22.6032 1.5103 26.5981 1.0032 0.0070
Car 0.0000 0 -4.0187 0.0000 0.0000 1224.0000 370.0000 1.4083 1.5938 4.0638 9.5054 1.3296 0.3577 -2.5180 0.0069
Car 0.0000 0 -2.9759 0.0000 0.0000 1224.0000 370.0000 1.6144 1.8029 4.1467 21.1629 0.3230 0.7519 -1.4546 0.0068
Pedestrian 0.0000 0 1.6821 268.5784 170.1985 303.6075 271.4555 1.5343 0.4335 0.5776 -5.0233 1.3799 11.0488 1.2680 0.0067
Car 0.0000 0 3.6999 0.0000 175.8098 38.7730 221.9239 1.5605 1.7135 4.4990 -23.2406 1.4033 25.1657 2.9623 0.0067
Car 0.0000 0 -2.8818 0.0000 0.0000 1224.0000 370.0000 1.5625 1.6235 3.4863 5.9214 1.5510 -0.1500 -1.3388 0.0067
Car 0.0000 0 1.1457 908.4346 176.0447 1083.3766 259.2065 1.3839 1.5100 3.6630 7.2654 1.3114 13.6324 1.6274 0.0066
Car 0.0000 0 -1.4226 624.6285 168.4172 681.6732 210.0459 1.6170 1.7893 4.1613 2.0741 1.1492 29.6848 -1.3519 0.0066
Car 0.0000 0 1.7481 626.7510 173.5650 684.2861 211.0720 1.3994 1.6661 3.7494 2.0713 1.1422 28.3987 1.8219 0.0066
Car 0.0000 0 -0.3132 600.9536 172.7244 708.5501 211.3040 1.5097 1.7769 4.0535 1.9908 1.2069 29.0137 -0.2437 0.0065
Car 0.0000 0 -3.2152 792.2499 171.2117 1001.2612 252.2596 1.5172 1.6425 3.7840 5.8098 1.3450 14.5744 -2.8416 0.0065
Car 0.0000 0 -2.5107 0.0000 0.0000 1224.0000 370.0000 1.5276 1.6668 3.9003 20.3960 0.5862 1.7346 -1.0391 0.0065
Car 0.0000 0 -2.1930 0.0000 0.0000 1224.0000 370.0000 1.6867 1.7856 4.2702 20.8798 0.5043 1.4391 -0.7050 0.0065
Car 0.0000 0 1.6564 0.0000 180.5466 30.0769 223.6777 1.4924 1.4990 3.8390 -22.6768 1.4958 26.4639 0.9556 0.0065
Car 0.0000 0 -2.8194 0.0000 0.0000 1224.0000 370.0000 1.5406 1.8378 3.8575 20.6770 0.4417 0.7370 -1.2985 0.0064
Car 0.0000 0 2.1176 527.9799 170.2423 610.0232 208.8763 1.5441 1.6483 4.0616 -1.4901 1.1356 30.4311 2.0709 0.0064
Car 0.0000 0 1.6686 630.4920 173.6084 681.3889 210.6658 1.3858 1.6889 3.6080 2.0786 1.1296 28.3581 1.7427 0.0064
Car 0.0000 0 -4.2249 0.0000 0.0000 1224.0000 370.0000 1.4059 1.5238 3.8438 9.5169 1.4903 0.2659 -2.7145 0.0064
Car 0.0000 0 -4.3116 0.0000 0.0000 1224.0000 370.0000 1.4022 1.6565 3.8882 9.9400 1.3093 0.4303 -2.8151 0.0064
Car 0.0000 0 2.1568 864.2191 179.1540 1038.8707 255.9300 1.3536 1.4768 3.4089 6.8349 1.3315 13.9667 2.6046 0.0064
Pedestrian 0.0000 0 0.7921 30.0848 172.8363 77.7214 255.5993 1.6389 0.4753 0.6007 -11.1650 1.4888 14.2741 0.1409 0.0064
Pedestrian 0.0000 0 1.1076 15.9351 167.9649 61.4608 250.7063 1.6220 0.5019 0.6023 -11.4250 1.3779 14.2111 0.4432 0.0063
Car 0.0000 0 -0.5237 601.2049 171.6382 704.0594 209.6555 1.4567 1.6652 3.8464 1.9166 1.1187 28.6815 -0.4560 0.0063
Car 0.0000 0 1.4747 909.5306 183.1551 1014.6965 261.4104 1.2981 1.4369 3.4020 6.7385 1.3580 13.6926 1.9246 0.0063
Car 0.0000 0 1.6171 577.6265 167.7460 602.8887 189.7750 1.5615 1.6802 3.7909 -1.0444 0.6588 52.0326 1.5989 0.0062
Car 0.0000 0 -4.4833 0.0000 0.0000 1224.0000 370.0000 1.3715 1.5847 3.9374 9.1968 1.5174 -0.1559 -2.9292 0.0062
Car 0.0000 0 -1.5103 623.5327 170.8367 672.3612 211.5977 1.5386 1.7269 4.4458 1.8113 1.1753 28.9961 -1.4469 0.0062
Car 0.0000 0 3.7523 0.0000 175.3518 31.0730 220.5231 1.5426 1.6092 4.0593 -23.2495 1.3683 25.1952 3.0151 0.0062
Car 0.0000 0 -1.2270 615.9639 172.4221 689.2361 211.8409 1.4898 1.7326 4.0124 2.0003 1.1860 28.9017 -1.1569 0.0062
Car 0.0000 0 -1.8564 610.1094 171.8695 678.3889 211.3034 1.5120 1.7454 4.0280 1.5175 1.1826 29.2663 -1.8034 0.0061
Car 0.0000 0 1.7896 0.0000 0.0000 1224.0000 370.0000 1.4914 1.7430 4.0686 -6.9889 1.5441 0.3933 0.3228 0.0061
Car 0.0000 0 2.2128 859.9207 181.3999 1017.1642 253.6977 1.3074 1.4548 2.8220 6.6276 1.3287 14.1258 2.6446 0.0061
Pedestrian 0.0000 0 2.4930 830.5595 161.7397 877.1913 262.1469 1.6813 0.4587 0.6006 4.2286 1.3688 12.1468 2.8217 0.0060
Car 0.0000 0 -1.2679 0.0000 0.0000 1224.0000 370.0000 1.4059 1.6882 4.1801 9.8163 1.5911 0.1155 0.2598 0.0060
Car 0.0000 0 -2.3631 0.0000 0.0000 1224.0000 370.0000 1.5955 1.7605 4.0382 20.9381 0.3431 0.8804 -0.8484 0.0060
Car 0.0000 0 -1.2793 615.6492 171.8260 684.2789 211.8440 1.4918 1.6315 4.1802 1.8766 1.1699 28.5953 -1.2127 0.0060
Pedestrian 0.0000 0 1.4944 1123.4705 177.2113 1208.9384 370.0000 1.5680 0.4294 0.7109 4.1702 1.5467 5.3480 2.1301 0.0059
Car 0.0000 0 -2.9449 547.1470 165.1923 606.5681 187.2924 1.5764 1.7304 4.0733 -2.0254 0.4858 51.6057 -2.9820 0.0059
Pedestrian 0.0000 0 -0.9851 848.5184 165.8408 881.8444 235.7238 1.7224 0.6155 0.4986 6.5185 1.3627 17.8168 -0.6385 0.0059
Car 0.0000 0 0.8579 899.3156 178.5016 1088.3093 257.0874 1.3245 1.3768 3.2434 7.2753 1.2925 13.6480 1.3397 0.0059
Car 0.0000 0 -2.8417 0.0000 0.0000 1224.0000 370.0000 1.5269 1.6281 3.9522 20.0969 0.6281 1.8523 -1.3774 0.0059
Car 0.0000 0 -1.3904 0.0000 0.0000 1224.0000 370.0000 1.5097 1.5972 3.7306 -19.3643 1.6120 0.9919 -2.8918 0.0059
Car 0.0000 0 1.8731 612.6566 171.8397 682.1157 212.7242 1.5024 1.6941 3.7922 1.7301 1.1857 28.0514 1.9358 0.0059
Car 0.0000 0 -1.2560 778.0131 146.6851 827.7673 179.8394 2.1092 1.8298 4.7914 13.3709 -0.0455 47.5770 -0.9819 0.0058
Cyclist 0.0000 0 1.1171 0.0000 0.0000 1224.0000 370.0000 1.7016 0.6307 1.8253 -1.4295 1.6609 0.1134 -0.1555 0.0058
Pedestrian 0.0000 0 2.6952 662.8081 154.5571 697.3542 235.5786 2.0318 0.5798 0.6976 1.8835 1.3828 18.1160 2.7987 0.0058
Car 0.0000 0 -1.4539 780.0048 145.2373 816.7692 179.7693 2.1999 1.8538 4.7142 13.0917 -0.0506 47.6800 -1.1857 0.0057
Car 0.0000 0 2.1345 862.3568 180.7888 1028.7585 255.5420 1.3186 1.4772 3.2385 6.7177 1.3265 13.9699 2.5756 0.0057
Car 0.0000 0 -1.5585 0.0000 0.0000 1224.0000 370.0000 1.3950 1.6901 4.3834 10.5598 1.4683 -0.1174 -0.0057 0.0057
Pedestrian 0.0000 0 -3.1132 662.1508 170.2803 693.0045 241.2038 1.7619 0.5480 0.7627 1.8035 1.5096 17.8800 -3.0128 0.0056
Car 0.0000 0 0.6977 136.5259 190.5146 264.6382 231.8135 1.4538 1.7327 4.0418 -15.2576 1.8509 26.7010 0.1852 0.0056
Car 0.0000 0 2.0658 0.0000 180.6337 73.2139 222.7026 1.4745 1.5237 3.7553 -22.0597 1.4815 26.7756 1.3843 0.0055
Car 0.0000 0 -1.7432 938.4218 171.7431 1057.8428 251.0421 1.5010 1.6139 3.5779 8.3213 1.3369 15.3302 -1.2530 0.0055
Car 0.0000 0 -1.9138 914.0137 173.1569 1056.0825 246.3809 1.3945 1.5984 3.3994 7.9797 1.2563 15.2508 -1.4385 0.0055
Cyclist 0.0000 0 0.5661 0.0000 0.0000 1224.0000 370.0000 1.6747 0.5109 1.7777 1.1319 1.6942 0.3453 1.6049 0.0054
Car 0.0000 0 4.3628 0.0000 0.0000 1224.0000 370.0000 1.4157 1.6271 3.4946 -19.3999 1.6055 0.6764 2.8451 0.0054
Car 0.0000 0 1.8339 0.0000 180.4509 52.6847 222.9113 1.4807 1.5039 3.7652 -22.3529 1.4805 26.6768 1.1440 0.0053
Car 0.0000 0 -1.2917 777.7852 153.4446 822.9832 180.1941 1.7132 1.8183 4.3118 13.2132 -0.0203 47.6474 -1.0211 0.0053
Car 0.0000 0 -0.1797 616.2635 172.7207 722.2809 210.4450 1.5168 1.7115 4.1584 2.6069 1.2055 29.4647 -0.0907 0.0053
Pedestrian 0.0000 0 2.0208 846.2993 167.4758 879.7878 236.0664 1.6869 0.6209 0.5381 6.4579 1.3682 17.7944 2.3649 0.0052
Car 0.0000 0 -2.9422 0.0000 0.0000 1224.0000 370.0000 1.5767 1.6507 3.6674 5.8675 1.5506 -0.1600 -1.3978 0.0052
Pedestrian 0.0000 0 2.8699 658.8173 169.5827 694.5753 241.5316 1.7820 0.5732 0.7717 1.7684 1.5132 17.8554 2.9685 0.0051
Car 0.0000 0 1.6435 629.4343 173.3522 677.7023 210.9933 1.3929 1.6493 3.6443 1.9628 1.1299 28.0805 1.7142 0.0051
Car 0.0000 0 2.0141 0.0000 181.9593 63.5431 224.0803 1.4545 1.4898 3.6674 -22.1049 1.5148 26.5052 1.3266 0.0051
Car 0.0000 0 -0.1828 609.9473 174.3183 720.2433 212.2927 1.5022 1.7867 4.2613 2.3953 1.2591 29.0654 -0.0998 0.0051
Car 0.0000 0 -2.0006 828.7856 169.8003 992.8033 250.9352 1.5780 1.8057 3.9766 6.5566 1.3715 15.7702 -1.6120 0.0050
Pedestrian 0.0000 0 -1.3801 776.0747 170.6258 804.6662 238.5857 1.6729 0.6120 0.5064 4.6221 1.4315 17.7601 -1.1282 0.0050
Cyclist 0.0000 0 -1.0445 0.0000 164.6071 3.8413 204.1381 1.6485 0.4509 1.8147 -26.7287 0.9872 30.4138 -1.7585 0.0050
Car 0.0000 0 -3.0172 632.9945 170.5034 737.4883 209.4911 1.5370 1.6440 4.1096 3.3097 1.1444 29.1524 -2.9036 0.0050
Car 0.0000 0 -2.1722 804.7557 170.0447 987.2432 253.0876 1.5810 1.7512 3.9346 6.1493 1.3836 15.5717 -1.8014 0.0050
Car 0.0000 0 -1.3786 0.0000 0.0000 1224.0000 370.0000 1.4740 1.5940 3.7903 -19.3940 1.6200 1.0589 -2.8766 0.0049
Cyclist 0.0000 0 1.8149 587.6412 168.9694 604.1259 193.8921 1.7571 0.7602 1.8456 -0.6404 0.9454 50.8283 1.8041 0.0049
Car 0.0000 0 2.6008 858.8555 176.5505 1077.0055 253.4207 1.4567 1.5375 3.6682 7.2101 1.3835 14.3087 3.0604 0.0049
Car 0.0000 0 2.2673 0.0000 181.5391 87.6883 223.8596 1.4812 1.5064 3.6812 -21.6814 1.5247 26.6888 1.5926 0.0048
Car 0.0000 0 -1.9124 605.0424 167.9616 678.3831 209.5995 1.6172 1.7648 4.1881 1.4305 1.1317 29.7154 -1.8630 0.0048
Car 0.0000 0 1.3166 0.0000 0.0000 1224.0000 370.0000 1.3547 1.5037 3.4504 13.1944 1.3906 -0.3013 2.8872 0.0048
Car 0.0000 0 2.2658 832.9844 177.3524 1040.9897 261.9012 1.4261 1.5329 3.7733 6.2812 1.3747 13.4259 2.6960 0.0048
Car 0.0000 0 -1.1793 778.4650 151.2212 830.2693 179.1311 1.7761 1.7929 4.4369 13.4437 -0.0952 47.5139 -0.9034 0.0048
Car 0.0000 0 -1.9179 0.0000 0.0000 1224.0000 370.0000 1.6663 1.8060 4.3880 20.9859 0.5057 0.9772 -0.4076 0.0048
Car 0.0000 0 1.8269 0.0000 182.6764 43.8775 225.1674 1.4532 1.4995 3.6452 -22.3983 1.5419 26.3457 1.1300 0.0048
Car 0.0000 0 1.2028 603.5998 165.9197 680.9677 209.8168 1.7281 1.7846 4.5207 1.4723 1.1556 30.2552 1.2526 0.0048
Car 0.0000 0 1.3280 618.6310 164.5620 682.2128 204.8653 1.5986 1.6853 4.4800 1.8397 0.9679 30.3944 1.3897 0.0047
Car 0.0000 0 1.8396 0.0000 181.9030 51.0342 224.6812 1.4803 1.5018 3.7750 -22.3865 1.5386 26.6231 1.1481 0.0047
Car 0.0000 0 1.8455 0.0000 182.0554 49.3230 224.8353 1.4760 1.5075 3.7139 -22.3924 1.5403 26.5386 1.1523 0.0047
Pedestrian 0.0000 0 1.2105 111.0177 172.3545 156.7291 268.4553 1.6981 0.4797 0.7098 -8.6378 1.5558 12.8920 0.6333 0.0047
Car 0.0000 0 -2.0244 562.4340 164.9288 606.6335 188.3414 1.6588 1.6713 4.0249 -1.5491 0.5569 52.2600 -2.0520 0.0046
Car 0.0000 0 1.7948 666.3030 165.9431 727.9912 206.2894 1.5497 1.6938 3.9692 3.8662 0.9921 29.3081 1.9264 0.0046
Car 0.0000 0 -1.8535 603.4396 167.5794 674.2269 210.7109 1.6810 1.7983 4.4908 1.3129 1.1789 29.9450 -1.8084 0.0046
Car 0.0000 0 -1.3703 0.0000 0.0000 1224.0000 370.0000 1.2959 1.6432 3.8619 10.1830 1.4820 0.0418 0.1662 0.0046
Car 0.0000 0 -1.7029 575.0380 166.1806 604.7930 188.6439 1.5991 1.6857 4.0774 -1.1516 0.5810 52.4715 -1.7229 0.0046
Car 0.0000 0 -1.7230 878.0209 176.5319 993.0908 257.9750 1.4366 1.5661 3.2908 6.4817 1.3683 14.2611 -1.3031 0.0046
Car 0.0000 0 1.8413 579.5905 171.8100 638.4192 210.0526 1.5485 1.6159 3.6865 0.2172 1.1981 30.6185 1.8501 0.0046
Car 0.0000 0 -1.4624 747.4638 149.2924 777.1775 179.2040 2.3378 1.8847 4.6484 12.9563 -0.1097 57.9791 -1.2419 0.0045
Car 0.0000 0 -1.1637 0.0000 0.0000 1224.0000 370.0000 1.4382 1.5556 3.7357 -19.3870 1.6334 1.1882 -2.6551 0.0045
Car 0.0000 0 -1.6048 830.5856 147.3370 865.1362 178.8966 1.6912 1.7127 4.0893 13.7870 -0.0951 40.3141 -1.2757 0.0045
Car 0.0000 0 -2.1858 798.9476 170.3289 989.7549 250.0261 1.5199 1.7614 4.2306 6.1580 1.3275 15.7454 -1.8181 0.0045
Car 0.0000 0 -3.2521 799.7873 172.6696 995.4472 250.6740 1.4668 1.5902 3.5359 5.7993 1.3212 14.5191 -2.8779 0.0045
Car 0.0000 0 -1.4247 0.0000 0.0000 1224.0000 370.0000 1.5015 1.6628 3.9214 -19.4568 1.6307 1.0390 -2.9239 0.0045
Pedestrian 0.0000 0 2.9612 636.4402 169.2512 678.6897 270.5385 1.7690 0.5390 0.6658 0.8898 1.5742 12.6482 3.0313 0.0045
Car 0.0000 0 -1.6952 934.2902 165.0768 1051.8536 245.7432 1.5365 1.7530 3.6813 8.2977 1.2444 15.4942 -1.2103 0.0045
Pedestrian 0.0000 0 -1.3680 775.3909 168.3546 805.4661 238.4739 1.7232 0.6348 0.5521 4.6235 1.4263 17.7585 -1.1160 0.0044
Pedestrian 0.0000 0 -0.9935 838.5300 167.4742 869.4336 235.4931 1.6794 0.5459 0.5098 6.2398 1.3594 17.8243 -0.6606 0.0044
Car 0.0000 0 -1.3315 775.7642 149.4955 819.6762 179.9648 1.9451 1.8065 4.6502 13.0515 -0.0367 47.6908 -1.0642 0.0044
Car 0.0000 0 0.3312 601.8363 170.2609 715.7262 208.6719 1.5269 1.8766 4.4234 2.2472 1.1214 29.8387 0.4073 0.0044
Car 0.0000 0 -2.0976 855.1036 168.5873 1039.4468 241.9723 1.4203 1.7130 4.3598 7.4033 1.1914 15.9321 -1.6685 0.0044
Car 0.0000 0 -1.1839 0.0000 0.0000 1224.0000 370.0000 1.4919 1.5849 3.7482 -19.4030 1.6835 1.1911 -2.6752 0.0044
Car 0.0000 0 -1.6781 620.0704 167.2327 673.3062 209.6347 1.6505 1.7600 4.4147 1.6522 1.1356 29.7661 -1.6215 0.0044
Car 0.0000 0 -1.4289 878.2159 176.9525 989.3845 255.3928 1.4278 1.6808 3.0929 6.8261 1.3649 14.6201 -0.9987 0.0044
Car 0.0000 0 2.2435 0.0000 180.0879 88.8577 222.0432 1.4784 1.5212 3.7573 -21.7131 1.4654 26.7884 1.5699 0.0044
Pedestrian 0.0000 0 -0.3790 0.0000 162.0141 28.0586 251.1307 1.7425 0.4594 0.4645 -11.9683 1.3827 14.1341 -1.0687 0.0044
Car 0.0000 0 -1.6784 1203.6267 151.4221 1224.0000 215.2965 1.6773 1.6666 3.9286 18.7426 0.9153 20.6433 -0.9472 0.0044
Car 0.0000 0 0.5754 0.0000 0.0000 1224.0000 370.0000 1.4657 1.4834 4.1493 -19.2152 1.6642 0.4212 -0.9551 0.0043
Pedestrian 0.0000 0 -0.8273 839.7753 164.8929 869.7901 234.5145 1.7221 0.5362 0.4710 6.2612 1.3376 17.8315 -0.4935 0.0043
Car 0.0000 0 2.0027 0.0000 182.1453 66.6168 224.5553 1.4703 1.5035 3.7147 -22.0939 1.5385 26.6478 1.3180 0.0043
Car 0.0000 0 1.5159 583.2959 168.2944 606.4154 189.3802 1.5069 1.5126 3.7405 -0.7745 0.6359 52.4419 1.5031 0.0043
Car 0.0000 0 -1.4596 579.6564 166.3920 608.2501 188.5974 1.5879 1.6835 4.0621 -0.7757 0.5803 52.6595 -1.4724 0.0043
Car 0.0000 0 0.5501 0.0000 0.0000 1224.0000 370.0000 1.5274 1.6062 4.2809 -19.1463 1.5773 0.8089 -0.9600 0.0043
Car 0.0000 0 -1.3164 927.4067 172.4691 1064.9282 245.6165 1.3706 1.7177 3.7496 8.4457 1.2218 15.1977 -0.8164 0.0043
Cyclist 0.0000 0 -1.2661 0.0000 165.7192 53.2098 251.3016 1.6584 0.3817 1.6988 -11.9477 1.3736 14.5573 -1.9408 0.0042
Car 0.0000 0 -0.0910 818.3975 171.8294 1041.6211 252.0318 1.5298 1.7676 4.0761 6.6286 1.3660 14.9614 0.3199 0.0042
Pedestrian 0.0000 0 -0.6985 0.0000 160.4717 31.5044 249.9472 1.7535 0.4760 0.4838 -11.9452 1.3627 14.1331 -1.3873 0.0042
Car 0.0000 0 -0.1744 824.1585 168.0775 1050.0260 249.2158 1.5266 1.6715 3.9685 6.6071 1.2945 14.5894 0.2444 0.0042
Car 0.0000 0 -1.9415 606.7997 165.9084 687.5794 208.1775 1.6634 1.8017 4.8932 1.6778 1.0907 30.4248 -1.8853 0.0042
Car 0.0000 0 -1.7382 573.3646 166.4758 604.7814 188.9840 1.6030 1.6853 4.0220 -1.2150 0.6055 52.4829 -1.7594 0.0041
Car 0.0000 0 -1.5630 630.7875 166.1421 675.9407 207.9521 1.6493 1.7812 4.4616 2.0577 1.0844 30.1783 -1.4938 0.0041
Pedestrian 0.0000 0 -2.4746 958.3987 142.3597 1224.0000 370.0000 1.5858 0.6006 0.9314 1.3991 1.5240 1.7049 -1.8687 0.0041
Car 0.0000 0 -1.6949 940.6614 165.8268 1054.3661 246.8137 1.5377 1.6784 3.5292 8.3370 1.2607 15.3678 -1.2048 0.0041
Car 0.0000 0 -1.9334 889.0356 167.0088 1045.3727 241.8719 1.4493 1.7175 4.0365 7.8106 1.1897 15.7706 -1.4798 0.0041
Car 0.0000 0 -1.5823 631.8983 167.5672 677.9766 208.9662 1.6275 1.8104 4.5395 2.0729 1.1206 30.1095 -1.5126 0.0040
Car 0.0000 0 -1.2903 613.6397 170.2458 680.0365 211.8542 1.5328 1.6085 3.9366 1.7175 1.1566 28.1662 -1.2283 0.0040
Car 0.0000 0 -1.5054 828.9886 147.6793 865.6000 179.0591 1.6797 1.7167 3.9687 13.8097 -0.0850 40.2044 -1.1750 0.0040
Cyclist 0.0000 0 -0.7278 0.0000 163.5948 94.4388 251.7440 1.6881 0.4847 1.7476 -11.4574 1.3660 14.4388 -1.3860 0.0040
Car 0.0000 0 1.4584 679.4284 170.8005 731.2896 208.8842 1.4334 1.6507 3.6771 3.9496 1.0698 28.4663 1.5965 0.0040
Car 0.0000 0 -0.7085 0.0000 116.1629 328.6169 370.0000 1.9501 2.0022 5.0917 -5.4098 1.5260 7.3900 -1.3184 0.0039
Car 0.0000 0 -3.3487 859.0552 175.0775 1056.5375 249.4441 1.3969 1.6088 3.3348 7.0072 1.2967 14.4505 -2.9041 0.0039
Car 0.0000 0 -2.9225 0.0000 0.0000 1224.0000 370.0000 1.6199 1.6758 3.5590 5.8577 1.5784 -0.0493 -1.3970 0.0039
Car 0.0000 0 -1.8841 765.1454 160.2176 872.0227 227.0167 1.6836 1.6926 3.9515 5.8055 1.1740 19.8159 -1.6017 0.0039
Car 0.0000 0 -1.0822 0.0000 0.0000 1224.0000 370.0000 1.5918 1.6615 3.9134 -19.6268 1.6078 1.2676 -2.5705 0.0039
Car 0.0000 0 -1.3922 0.0000 0.0000 1224.0000 370.0000 1.3946 1.6925 4.0259 10.0077 1.4622 0.6318 0.0849 0.0039
Car 0.0000 0 -0.4992 859.4448 173.9004 1080.0706 249.4732 1.4641 1.7473 3.6748 7.3874 1.3379 14.6376 -0.0389 0.0038
Car 0.0000 0 -1.0881 917.4436 172.2689 1099.8652 247.3280 1.4094 1.7909 3.9110 8.6164 1.2565 15.0879 -0.5766 0.0038
Car 0.0000 0 -1.6226 631.8086 165.8510 678.0267 207.0338 1.6333 1.7330 4.4023 2.0426 1.0539 30.2525 -1.5541 0.0038
Car 0.0000 0 -1.7334 615.9076 165.8536 674.9303 208.1078 1.6527 1.7777 4.5061 1.6035 1.0814 29.9864 -1.6787 0.0038
Car 0.0000 0 2.4727 0.0000 185.9140 114.5994 243.6266 1.4447 1.7507 4.4433 -16.9602 1.6213 20.4954 1.7907 0.0038
Car 0.0000 0 -1.0045 0.0000 177.0739 19.5376 230.8939 1.5890 1.6827 4.4224 -21.6044 1.4894 23.1938 -1.7459 0.0038
Car 0.0000 0 0.6260 0.0000 0.0000 1224.0000 370.0000 1.5439 1.6695 3.6881 -18.8270 1.5450 0.9721 -0.8744 0.0038
Car 0.0000 0 -0.4833 0.0000 186.9913 17.8124 243.2636 1.4859 1.4210 3.1382 -19.5165 1.6940 20.7772 -1.2281 0.0038
Car 0.0000 0 -0.8528 921.9291 169.3156 1121.8802 246.3818 1.4584 1.6865 3.5597 8.6288 1.2484 14.7516 -0.3312 0.0038
Car 0.0000 0 -2.0186 822.0588 171.0113 995.1973 251.4177 1.5622 1.8567 4.2504 6.5426 1.3794 15.9112 -1.6338 0.0038
Car 0.0000 0 -1.3355 675.9739 165.2850 735.6854 205.2431 1.5594 1.6453 3.7624 4.2666 0.9671 29.6403 -1.1923 0.0037
Car 0.0000 0 -2.0216 880.2020 166.8302 1051.9718 243.6054 1.4802 1.6528 4.2491 7.7485 1.2183 15.7512 -1.5706 0.0037
Car 0.0000 0 -0.0231 615.2648 172.1720 730.8176 211.3685 1.5834 1.7186 4.6746 2.7894 1.2485 29.5815 0.0716 0.0037
Car 0.0000 0 -0.6873 909.6569 174.4424 1103.8259 246.0680 1.3719 1.5888 3.2243 8.1979 1.2575 14.6135 -0.1836 0.0037
Car 0.0000 0 -1.3034 925.5663 167.7849 1077.4452 247.8664 1.4950 1.8253 4.3077 8.6797 1.2592 15.3722 -0.7965 0.0037
Car 0.0000 0 -2.9229 645.9065 167.6297 750.2219 206.8791 1.5287 1.6943 3.9716 3.8049 1.0290 29.0102 -2.7921 0.0037
Car 0.0000 0 0.2283 0.0000 0.0000 1224.0000 370.0000 1.3717 1.4666 3.1883 -18.3730 1.6319 1.3560 -1.2497 0.0037
Car 0.0000 0 -2.1752 795.0862 172.5347 981.8671 252.5310 1.5374 1.7402 4.2224 6.0709 1.3860 15.8423 -1.8143 0.0037
Car 0.0000 0 -1.9704 593.5326 166.4973 676.6071 209.6438 1.6919 1.8559 4.6917 1.1555 1.1443 30.2427 -1.9309 0.0037
Car 0.0000 0 -0.0280 664.0968 161.9585 770.1473 202.8624 1.6217 1.7556 4.1932 4.5549 0.8881 29.1629 0.1271 0.0037
Car 0.0000 0 0.1948 0.0000 0.0000 1224.0000 370.0000 1.3750 1.5755 3.6383 -18.3930 1.7112 1.7939 -1.2598 0.0036
Car 0.0000 0 0.4888 125.4449 190.5555 266.3294 233.2773 1.5100 1.8328 4.1925 -15.2170 1.9011 26.4161 -0.0271 0.0036
Car 0.0000 0 -1.1621 0.0000 0.0000 1224.0000 370.0000 1.4255 1.5369 3.7502 -19.3790 1.6271 1.2660 -2.6494 0.0036
Car 0.0000 0 0.2414 665.0633 163.2259 778.3063 204.7180 1.5876 1.7299 4.2427 4.7074 0.9282 28.6787 0.4041 0.0036
Car 0.0000 0 -0.4640 846.8466 172.0893 1066.0847 249.5948 1.4972 1.6358 3.6883 7.0495 1.3363 14.5047 -0.0185 0.0036
Car 0.0000 0 -0.2576 634.6252 169.3259 747.3414 209.0238 1.5981 1.7460 4.3866 3.5366 1.1498 29.6256 -0.1384 0.0036
Car 0.0000 0 -0.4152 604.7581 176.1748 713.3471 213.9852 1.4423 1.7295 3.9986 2.1400 1.2788 28.4465 -0.3393 0.0035
Car 0.0000 0 -0.2215 0.0000 185.9436 26.9328 246.9050 1.5713 1.6376 3.9213 -19.6655 1.7481 20.6720 -0.9726 0.0035
Car 0.0000 0 1.2329 678.1876 166.8358 752.6206 207.2997 1.4813 1.6799 3.9456 4.2508 0.9826 27.9733 1.3838 0.0035
Car 0.0000 0 -1.8868 849.6699 172.0405 1002.5043 250.6654 1.5249 1.8242 4.2614 6.9502 1.3624 15.9119 -1.4806 0.0035
Car 0.0000 0 -1.0497 914.5048 169.0996 1107.8044 246.4952 1.4575 1.8349 4.0534 8.6891 1.2444 15.1337 -0.5359 0.0035
Car 0.0000 0 -3.1874 786.0436 173.0359 993.1482 252.0400 1.5026 1.6779 3.8238 5.7893 1.3623 14.8414 -2.8210 0.0035
Car 0.0000 0 1.1114 675.5157 160.3528 764.7853 203.4853 1.5058 1.6914 4.0977 4.2465 0.8040 26.8868 1.2681 0.0035
Car 0.0000 0 -0.2643 796.8205 168.0468 974.9044 230.5033 1.5573 1.8515 4.0355 7.2725 1.2484 18.7508 0.1017 0.0035
Car 0.0000 0 -0.6480 0.0000 118.1593 312.9518 370.0000 1.9632 2.0025 5.2336 -5.7877 1.5463 7.5365 -1.2810 0.0035
Car 0.0000 0 -1.9056 900.4525 169.2990 1050.6808 245.3567 1.4718 1.7172 3.8697 7.9787 1.2567 15.7063 -1.4420 0.0034
Cyclist 0.0000 0 1.2742 832.1154 166.3262 879.5387 236.5632 1.6643 0.5885 1.8526 6.2070 1.3301 17.6858 1.6078 0.0034
Cyclist 0.0000 0 -1.4663 836.8161 173.3710 866.9467 241.4575 1.5945 0.5113 2.0154 6.1178 1.4291 17.5746 -1.1352 0.0034
Car 0.0000 0 0.2886 662.8440 166.5480 762.9200 205.8289 1.5121 1.6858 3.6987 4.3646 0.9766 28.7626 0.4393 0.0034
Car 0.0000 0 -0.5146 870.5032 173.0330 1097.5446 249.2440 1.4634 1.7707 3.7282 7.6193 1.3217 14.5293 -0.0389 0.0034
Car 0.0000 0 -1.6773 821.9025 150.3675 860.1093 180.1637 1.6131 1.6542 3.9009 13.4238 -0.0188 40.4036 -1.3569 0.0034
Car 0.0000 0 -0.1859 611.8905 175.6143 726.6067 213.1028 1.4917 1.7519 4.4718 2.5798 1.2988 29.2181 -0.0971 0.0034
Car 0.0000 0 -0.5141 0.0000 102.5040 291.5268 370.0000 2.0205 2.0361 5.2704 -6.2375 1.5027 7.5291 -1.1835 0.0034
Car 0.0000 0 -1.3936 0.0000 0.0000 1224.0000 370.0000 1.5622 1.6512 3.7216 -19.9704 1.5935 1.0196 -2.8956 0.0033
Car 0.0000 0 -1.9967 859.9922 169.0598 1029.2028 243.5436 1.4552 1.7631 4.2723 7.3656 1.2333 15.9454 -1.5698 0.0033
Car 0.0000 0 2.9861 0.0000 0.0000 1224.0000 370.0000 1.5743 1.4857 3.7249 -28.9680 1.7756 0.8515 1.4574 0.0033
Car 0.0000 0 -1.6517 0.0000 0.0000 1224.0000 370.0000 1.3959 1.5983 4.0764 10.3011 1.3161 0.9547 -0.2029 0.0033
Car 0.0000 0 -0.4270 616.2681 175.5583 713.0587 210.8961 1.3762 1.5662 3.6152 2.4052 1.1852 28.8751 -0.3431 0.0033
Cyclist 0.0000 0 -1.2128 0.0000 169.1422 47.4853 254.9422 1.6379 0.3940 1.6795 -11.9576 1.4228 14.3516 -1.8947 0.0033
Car 0.0000 0 0.9520 1203.9816 154.7294 1224.0000 220.1590 1.4856 1.4702 4.3791 17.8267 0.9021 18.3218 1.7167 0.0033
Car 0.0000 0 2.4148 0.0000 183.4276 113.1647 239.4425 1.4540 1.6325 3.9564 -16.8018 1.5498 20.6542 1.7412 0.0033
Pedestrian 0.0000 0 -1.1901 843.0869 158.3055 876.9409 230.5889 1.8051 0.6288 0.6283 6.4920 1.2524 18.0953 -0.8495 0.0032
Car 0.0000 0 -1.8983 606.8256 166.5558 684.1539 209.1122 1.6656 1.8037 4.9103 1.5969 1.1213 30.2748 -1.8444 0.0032
Car 0.0000 0 0.0808 659.3533 165.3524 756.2546 204.4323 1.5418 1.6769 3.8297 4.2410 0.9457 29.1353 0.2256 0.0032
Cyclist 0.0000 0 -2.1884 835.0306 170.5311 905.8893 240.5915 1.6324 0.5281 2.0754 6.5029 1.4017 17.5400 -1.8376 0.0032
Car 0.0000 0 0.5746 0.0000 0.0000 1224.0000 370.0000 1.4929 1.5811 3.6898 -18.8522 1.5579 0.8608 -0.9318 0.0032
Car 0.0000 0 -2.9335 791.2382 171.0549 1003.2972 251.3343 1.5291 1.6469 3.9831 6.2034 1.3509 15.2534 -2.5528 0.0032
Car 0.0000 0 -1.4582 0.0000 0.0000 1224.0000 370.0000 1.3372 1.5815 3.6998 10.3843 1.3333 0.7775 0.0084 0.0032
Car 0.0000 0 -0.2464 655.9643 163.9196 765.8333 204.4704 1.6323 1.7800 4.2328 4.3526 0.9664 29.5530 -0.0999 0.0032
Car 0.0000 0 -1.2386 624.9968 168.3306 695.4856 209.3314 1.6020 1.7649 3.9489 2.3781 1.1280 29.7838 -1.1580 0.0032
Car 0.0000 0 0.1172 0.0000 0.0000 1224.0000 370.0000 1.5586 1.6327 4.0489 -26.5635 1.5162 0.5334 -1.4197 0.0032
Car 0.0000 0 1.1395 675.9330 162.4848 764.6573 206.9897 1.5611 1.7302 4.2100 4.2750 0.9307 27.0564 1.2962 0.0032
Car 0.0000 0 -1.9648 831.1919 168.8643 995.6140 246.2601 1.4893 1.7890 4.2462 6.5754 1.2671 15.7269 -1.5742 0.0032
Car 0.0000 0 2.9289 0.0000 176.4554 9.8509 232.2894 1.4695 1.5123 3.3922 -19.6330 1.3646 20.4295 2.1730 0.0031
Car 0.0000 0 -1.4076 653.7341 164.0098 710.6470 205.5480 1.6652 1.7697 4.3260 3.4014 1.0056 30.6612 -1.2965 0.0031
Car 0.0000 0 -1.8994 849.6545 172.0374 1003.0498 248.1769 1.4755 1.8001 4.2076 6.9375 1.3131 15.8640 -1.4928 0.0031
Car 0.0000 0 2.9089 0.0000 0.0000 1224.0000 370.0000 1.5520 1.5536 3.7641 -29.0988 1.7802 1.5385 1.4036 0.0031
Pedestrian 0.0000 0 -0.0028 0.0000 164.9806 16.9899 254.3343 1.7048 0.4524 0.5288 -11.8926 1.4104 13.8284 -0.6999 0.0031
Car 0.0000 0 -1.2050 915.5218 167.3176 1084.1870 248.0857 1.5219 1.8290 4.2357 8.6322 1.2751 15.3825 -0.7008 0.0031
Car 0.0000 0 -3.0585 813.0566 170.6900 1008.6907 248.4873 1.4633 1.6518 3.5954 6.3370 1.2804 14.8568 -2.6613 0.0031
Car 0.0000 0 -1.8922 909.1617 170.7674 1050.6797 246.0933 1.4566 1.6487 3.5849 8.0247 1.2700 15.5619 -1.4227 0.0031
Car 0.0000 0 -1.9156 803.3177 146.6853 860.1178 178.1306 1.7098 1.7979 4.2138 13.0260 -0.1429 40.9007 -1.6076 0.0030
Car 0.0000 0 -1.4714 645.9138 163.9818 698.0201 206.9439 1.7172 1.8016 4.5494 2.9598 1.0585 30.6632 -1.3744 0.0030
Car 0.0000 0 -0.0746 0.0000 0.0000 1224.0000 370.0000 1.5384 1.5741 3.7787 -26.8253 1.6461 0.1814 -1.6250 0.0030
Cyclist 0.0000 0 1.3579 849.1732 162.9739 895.6898 235.5425 1.6931 0.6316 2.1173 6.5792 1.2858 17.5838 1.7117 0.0030
Pedestrian 0.0000 0 -0.8336 841.3585 160.4544 877.5642 231.0879 1.7670 0.6300 0.6037 6.4766 1.2671 18.1031 -0.4938 0.0030
Car 0.0000 0 -3.1611 608.7704 170.4584 704.8220 207.4126 1.4917 1.6251 3.8814 2.1113 1.0879 29.4505 -3.0885 0.0030
Cyclist 0.0000 0 1.7890 592.5837 170.1839 607.3265 193.6030 1.6664 0.7047 1.7522 -0.3513 0.9336 51.2348 1.7839 0.0030
Car 0.0000 0 2.7496 0.0000 0.0000 1224.0000 370.0000 1.5216 1.6760 4.0674 -29.5789 1.9624 1.8517 1.2537 0.0030
Car 0.0000 0 0.1037 0.0000 0.0000 1224.0000 370.0000 1.5750 1.6461 4.0962 -26.5119 1.6171 0.6670 -1.4282 0.0030
Pedestrian 0.0000 0 -3.0219 535.9260 165.0757 565.4874 250.1173 1.5884 0.4451 0.5110 -1.0706 1.3019 13.4348 -3.0977 0.0030
Car 0.0000 0 -1.8825 855.4156 171.2280 1007.3879 250.7335 1.5458 1.8759 4.0413 7.0516 1.3671 15.8466 -1.4696 0.0030
Cyclist 0.0000 0 3.1749 0.0000 0.0000 1224.0000 370.0000 1.9226 0.5968 1.7527 -3.9937 1.7708 0.5844 1.8290 0.0030
Car 0.0000 0 -0.5551 609.9167 173.8956 707.1249 210.5868 1.4172 1.5397 3.6986 2.1722 1.1636 28.8413 -0.4790 0.0030
Cyclist 0.0000 0 2.0421 0.0000 167.0081 11.8683 206.8977 1.6800 0.5812 1.9343 -26.7472 1.1133 30.7823 1.3337 0.0030
Car 0.0000 0 -0.0421 0.0000 0.0000 1224.0000 370.0000 1.5724 1.6723 3.8089 -27.2173 1.4960 0.4785 -1.5818 0.0030
Cyclist 0.0000 0 -0.4493 810.3771 165.3545 896.0057 237.4127 1.7756 0.6759 1.9425 6.2230 1.4040 17.8673 -0.1180 0.0029
Cyclist 0.0000 0 1.6284 588.9391 169.6495 602.0955 194.3006 1.7515 0.8451 1.8635 -0.6720 0.9819 51.1833 1.6171 0.0029
Cyclist 0.0000 0 1.8370 591.8582 170.2035 607.6862 193.8289 1.6795 0.7021 1.7788 -0.3640 0.9488 51.2091 1.8317 0.0029
Car 0.0000 0 1.0119 672.4926 164.3103 766.4326 207.6610 1.5456 1.7199 3.9954 4.3085 0.9699 27.3786 1.1680 0.0029
Car 0.0000 0 -1.5563 0.0000 0.0000 1224.0000 370.0000 1.3571 1.7043 4.2997 10.6336 1.3752 0.7900 -0.0884 0.0029
Car 0.0000 0 -1.4493 671.9080 164.8370 721.4962 205.6998 1.6062 1.6252 3.7961 3.9048 0.9920 29.8274 -1.3187 0.0029
Car 0.0000 0 -3.0224 619.9368 169.5446 743.7964 210.5979 1.5499 1.7352 4.7159 3.0551 1.1378 28.0667 -2.9134 0.0029
Car 0.0000 0 -0.2465 648.1507 166.3227 754.5274 206.7638 1.6288 1.6902 4.1141 3.9583 1.0593 29.5433 -0.1129 0.0029
Car 0.0000 0 -1.6547 824.3376 151.4337 860.7120 180.6837 1.5828 1.6388 3.8345 13.4829 0.0113 40.3115 -1.3324 0.0029
Pedestrian 0.0000 0 -2.7386 646.4722 150.8969 717.6338 277.7089 1.8304 0.4500 0.9651 1.1106 1.4048 10.6313 -2.6357 0.0029
Car 0.0000 0 1.0810 673.7858 163.0201 766.3128 207.3796 1.5660 1.7729 4.1026 4.2911 0.9504 27.1838 1.2376 0.0029
Car 0.0000 0 0.1969 0.0000 0.0000 1224.0000 370.0000 1.5764 1.6887 4.0076 -26.8362 1.5592 0.3535 -1.3471 0.0029
Car 0.0000 0 -1.2792 780.4850 167.7609 878.1005 233.3753 1.5778 1.6038 3.2939 5.9955 1.2731 18.8103 -0.9738 0.0028
Car 0.0000 0 -1.8170 859.1545 171.9392 994.9266 248.4536 1.4814 1.7516 4.1110 6.9752 1.3173 15.8541 -1.4082 0.0028
Cyclist 0.0000 0 2.5479 815.0491 161.5257 898.6005 234.8354 1.7821 0.6883 1.9249 6.2850 1.3225 17.7608 2.8841 0.0028
Pedestrian 0.0000 0 -0.6597 383.7055 159.4084 424.0223 231.8793 1.7701 0.5770 0.7853 -5.0847 1.2565 17.7520 -0.9321 0.0028
Car 0.0000 0 -2.2261 834.0069 174.9903 1005.3130 256.6921 1.4852 1.6015 3.1653 6.2887 1.3867 14.5812 -1.8252 0.0028
Car 0.0000 0 -1.1507 865.1839 166.4671 1055.0836 253.0936 1.5709 1.9880 4.4090 7.5742 1.3181 14.9864 -0.6895 0.0028
Car 0.0000 0 -1.3112 627.7312 166.9348 694.3763 209.0756 1.6632 1.7937 4.2876 2.4562 1.1293 30.2218 -1.2292 0.0028
Car 0.0000 0 2.4394 0.0000 0.0000 1224.0000 370.0000 1.5588 1.5527 3.6839 -29.8513 1.9601 1.4432 0.9292 0.0028
Car 0.0000 0 -2.0141 829.7464 169.2502 999.5502 247.4003 1.5150 1.8379 4.0822 6.6370 1.2986 15.7872 -1.6216 0.0028
Car 0.0000 0 0.2276 0.0000 0.0000 1224.0000 370.0000 1.3874 1.4977 3.0959 -18.4596 1.6244 1.4468 -1.2460 0.0028
Car 0.0000 0 -0.6501 638.6361 165.9829 747.8839 208.2136 1.6828 1.7659 4.4458 3.7571 1.1058 30.0479 -0.5253 0.0027
Car 0.0000 0 -1.4243 665.4464 164.3966 718.6709 205.5225 1.6373 1.6987 3.9714 3.7719 0.9977 30.2845 -1.2999 0.0027
Car 0.0000 0 2.4632 0.0000 0.0000 1224.0000 370.0000 1.5604 1.5785 3.6682 -29.8842 1.9585 1.4519 0.9533 0.0027
Car 0.0000 0 3.3405 0.0000 0.0000 1224.0000 370.0000 1.6488 1.6517 3.8059 -28.2620 1.4448 0.9559 1.8166 0.0027
Pedestrian 0.0000 0 -0.5661 383.4548 159.6873 423.0383 231.7274 1.7611 0.5602 0.7776 -5.1027 1.2539 17.7565 -0.8393 0.0027
Car 0.0000 0 2.4892 0.0000 0.0000 1224.0000 370.0000 1.6062 1.5358 3.6499 -29.9703 1.9084 1.4234 0.9781 0.0027
Pedestrian 0.0000 0 -1.3154 780.7711 164.8082 810.5005 230.7370 1.5966 0.5742 0.6288 4.6937 1.2182 17.5330 -1.0566 0.0026
Car 0.0000 0 0.4493 0.0000 0.0000 1224.0000 370.0000 1.4740 1.5922 2.9353 -18.5502 1.5851 1.2227 -1.0367 0.0026
Car 0.0000 0 0.1440 0.0000 0.0000 1224.0000 370.0000 1.5701 1.6120 3.7944 -26.8349 1.6746 0.3029 -1.4019 0.0026
Pedestrian 0.0000 0 2.7799 0.0000 155.1532 18.4442 249.9930 1.8058 0.5444 0.5095 -11.9417 1.3248 13.8129 2.0803 0.0026
Car 0.0000 0 2.0317 616.4810 170.9245 698.3353 212.0159 1.5633 1.6542 4.2201 2.2173 1.2005 29.1294 2.1085 0.0026
Car 0.0000 0 -3.0930 822.4664 173.1433 1017.2126 251.0575 1.4479 1.6338 3.4999 6.4037 1.3128 14.6370 -2.6869 0.0026
Car 0.0000 0 -3.1676 814.0745 171.6913 1022.1932 252.0779 1.4836 1.7424 3.6956 6.2549 1.3227 14.5309 -2.7673 0.0026
Car 0.0000 0 -1.7743 884.2373 171.2822 1012.3647 248.8060 1.5019 1.7540 3.9213 7.4442 1.3250 15.8026 -1.3401 0.0026
Car 0.0000 0 -0.2144 0.0000 0.0000 1224.0000 370.0000 1.6321 1.7937 4.0462 -28.9484 1.9189 0.6975 -1.7484 0.0025
Car 0.0000 0 1.2465 0.0000 191.2263 19.4062 240.3214 1.3828 1.5432 3.7007 -20.2000 1.7450 22.1866 0.5167 0.0025
Car 0.0000 0 -1.4700 635.7772 166.5831 686.7697 208.1955 1.6521 1.7433 4.4289 2.4719 1.1011 30.4021 -1.3879 0.0025
Car 0.0000 0 0.5558 0.0000 0.0000 1224.0000 370.0000 1.4395 1.6195 3.2281 -18.4959 1.7320 1.4338 -0.9187 0.0025
Car 0.0000 0 0.1728 802.8063 169.6150 964.4478 234.1055 1.5291 1.7887 3.6854 7.2254 1.2726 18.4759 0.5414 0.0025
Pedestrian 0.0000 0 -3.1426 676.1310 174.7858 704.2399 241.8234 1.6662 0.4672 0.6951 2.1109 1.5258 17.8412 -3.0253 0.0025
Car 0.0000 0 3.0752 0.0000 0.0000 1224.0000 370.0000 1.5471 1.6066 3.8530 -29.1366 1.7766 1.8467 1.5803 0.0025
Car 0.0000 0 1.0478 0.0000 191.4087 19.2518 239.1626 1.3662 1.4745 3.3413 -20.2285 1.7260 21.9948 0.3130 0.0025
Pedestrian 0.0000 0 -1.0084 780.1507 166.6542 813.2278 232.0947 1.5799 0.5752 0.5686 4.6992 1.2472 17.4690 -0.7484 0.0025
Car 0.0000 0 0.2875 0.0000 178.6198 131.1766 222.6263 1.5277 1.6534 4.3063 -20.2549 1.4640 26.0814 -0.3652 0.0025
Car 0.0000 0 0.4170 667.1901 163.5829 780.8162 205.2032 1.5596 1.7718 4.1313 4.7197 0.9272 28.3654 0.5818 0.0025
Car 0.0000 0 -1.7447 894.3991 173.9527 1015.8986 249.0903 1.4566 1.7613 3.5783 7.5496 1.3313 15.6606 -1.3017 0.0025
Car 0.0000 0 -1.0607 0.0000 0.0000 1224.0000 370.0000 1.4548 1.6136 3.2555 -19.2247 1.6660 1.2521 -2.5481 0.0025
Car 0.0000 0 3.2774 0.0000 0.0000 1224.0000 370.0000 1.5888 1.5225 3.9075 -28.8911 1.6412 0.8407 1.7485 0.0025
Car 0.0000 0 -1.9607 805.2220 151.8556 860.4668 180.2927 1.5553 1.6378 3.9559 13.0459 -0.0112 40.7338 -1.6511 0.0024
Car 0.0000 0 0.5235 0.0000 0.0000 1224.0000 370.0000 1.4066 1.5762 2.9646 -18.5494 1.6220 1.2256 -0.9624 0.0024
Car 0.0000 0 4.3595 0.0000 0.0000 1224.0000 370.0000 1.4109 1.5850 3.4159 -19.4482 1.6185 0.6418 2.8399 0.0024
Car 0.0000 0 1.2702 661.7502 167.9161 729.9711 207.2375 1.4939 1.6269 4.0734 3.6153 1.0173 29.0050 1.3947 0.0024
Car 0.0000 0 -1.4918 672.7347 164.2636 717.8973 204.3009 1.5889 1.6154 3.6902 3.8670 0.9460 30.0261 -1.3632 0.0024
Car 0.0000 0 -1.3521 629.2729 166.6506 691.3109 208.1732 1.6447 1.7625 4.2602 2.4263 1.0976 30.2958 -1.2713 0.0024
Car 0.0000 0 1.2197 672.3468 165.6409 752.3797 209.0964 1.5233 1.7014 4.0679 3.9638 1.0039 26.9441 1.3659 0.0023
Car 0.0000 0 -0.1813 781.5914 167.4101 964.3248 231.7318 1.5939 1.8410 4.2614 6.9196 1.2711 18.7795 0.1680 0.0023
Car 0.0000 0 3.6442 0.0000 0.0000 1224.0000 370.0000 1.4477 1.7044 4.6034 -8.8597 1.5168 -0.1265 2.0973 0.0023
Car 0.0000 0 -0.5142 645.4825 165.1832 755.3104 205.8131 1.6298 1.7679 4.3023 4.0219 1.0169 29.9763 -0.3805 0.0023
Car 0.0000 0 0.4622 0.0000 0.0000 1224.0000 370.0000 1.4360 1.4596 3.8977 -18.9705 1.6379 0.5569 -1.0606 0.0023
Pedestrian 0.0000 0 -2.7291 532.5939 167.7165 566.7755 250.8831 1.5482 0.4057 0.5298 -1.0920 1.3119 13.4361 -2.8064 0.0023
Car 0.0000 0 -1.9616 807.9910 153.0170 863.3148 181.4726 1.5492 1.6136 3.9688 13.1400 0.0543 40.5285 -1.6484 0.0023
Car 0.0000 0 1.2481 673.9457 169.3637 745.5128 208.5815 1.4280 1.7325 3.4962 3.9872 1.0240 27.6143 1.3917 0.0023
Car 0.0000 0 -0.4654 0.0000 185.1145 15.9693 241.7808 1.5039 1.3858 3.1382 -19.5448 1.6521 20.7513 -1.2116 0.0022
Car 0.0000 0 -1.5019 899.2596 177.5017 994.9642 249.1338 1.3694 1.6691 3.1213 7.4197 1.3137 15.2808 -1.0563 0.0022
Car 0.0000 0 1.3913 669.6732 166.4355 733.5796 209.4882 1.5089 1.7145 3.8692 3.5450 1.0175 26.7484 1.5233 0.0022
Car 0.0000 0 -2.8821 628.9783 173.3157 743.7267 211.6059 1.4860 1.6287 4.4056 3.3104 1.2087 28.9969 -2.7679 0.0022
Car 0.0000 0 1.4991 660.3281 168.9096 714.9363 211.4515 1.4787 1.7457 3.8779 3.0007 1.0774 26.5447 1.6121 0.0022
Car 0.0000 0 -0.5083 0.0000 179.4049 21.6296 236.8968 1.5424 1.5080 3.2512 -19.4555 1.5146 20.7441 -1.2522 0.0022
Cyclist 0.0000 0 2.5642 814.3011 161.8433 891.2401 233.7505 1.7849 0.6101 1.8201 6.2906 1.3234 18.0632 2.8956 0.0022
Car 0.0000 0 -1.1544 1164.6226 157.8492 1224.0000 241.7498 1.4519 1.7388 4.1959 13.1778 1.0615 13.8538 -0.4038 0.0022
Car 0.0000 0 -0.7141 0.0000 187.6360 119.4506 247.4677 1.5224 1.7895 4.4617 -17.0668 1.7588 20.9031 -1.3898 0.0022
Cyclist 0.0000 0 -1.1310 0.0000 160.3873 37.6658 252.0168 1.7048 0.3904 1.5711 -11.8886 1.3323 13.9595 -1.8233 0.0022
Car 0.0000 0 2.6938 0.0000 0.0000 1224.0000 370.0000 1.5324 1.5433 3.7257 -29.5942 1.9187 1.7500 1.1945 0.0022
Cyclist 0.0000 0 -2.4730 1007.1065 158.5972 1101.8182 257.5378 1.7054 0.3614 1.5714 8.1669 1.3295 12.9822 -1.9208 0.0022
Car 0.0000 0 0.3914 0.0000 185.5914 131.7480 229.5142 1.5072 1.6565 3.9542 -19.9142 1.7044 25.8638 -0.2572 0.0022
Car 0.0000 0 1.8423 625.8176 176.5876 688.6224 213.4084 1.3800 1.5687 3.7784 2.1518 1.2349 28.5385 1.9185 0.0022
Car 0.0000 0 -0.1884 778.4934 167.3404 957.6295 231.6406 1.6020 1.8212 4.1914 6.8184 1.2757 18.8346 0.1553 0.0021
Cyclist 0.0000 0 -1.2695 0.0000 161.0897 38.6816 247.2532 1.6881 0.3980 1.4215 -12.2290 1.3094 14.5809 -1.9548 0.0021
Car 0.0000 0 0.5828 0.0000 0.0000 1224.0000 370.0000 1.4736 1.6547 3.1836 -18.6011 1.6525 1.1944 -0.9049 0.0021
Car 0.0000 0 0.7703 0.0000 0.0000 1224.0000 370.0000 1.4300 1.4756 3.2014 11.5917 1.1893 1.3722 2.1973 0.0021
Car 0.0000 0 0.4026 0.0000 181.8324 135.1716 226.6899 1.5632 1.6949 4.2698 -20.0984 1.6163 26.0567 -0.2469 0.0021
Car 0.0000 0 -1.3219 0.0000 183.1228 2.6151 240.5381 1.4640 1.4916 3.5989 -18.6595 1.5475 20.1391 -2.0596 0.0021
Car 0.0000 0 2.5340 0.0000 0.0000 1224.0000 370.0000 1.5538 1.5268 3.6009 -29.5937 1.8851 1.6681 1.0320 0.0021
Car 0.0000 0 -0.7507 0.0000 0.0000 1224.0000 370.0000 1.4298 1.6083 3.3048 -19.8978 1.6290 1.5488 -2.2261 0.0021
Car 0.0000 0 1.9204 0.0000 0.0000 1224.0000 370.0000 1.5293 1.5461 3.6425 -30.0561 2.0155 1.3949 0.4082 0.0021
Car 0.0000 0 -1.7888 797.8986 151.1337 847.1572 181.5941 1.6745 1.8152 4.4060 12.5693 0.0615 41.1297 -1.4925 0.0021
Car 0.0000 0 -1.6775 0.0000 182.7967 20.1984 238.0816 1.4028 1.5321 4.0324 -17.9422 1.4757 20.0235 -2.3984 0.0021
Car 0.0000 0 -1.5323 660.2856 164.2595 705.2720 205.9918 1.6744 1.7706 4.2015 3.4049 1.0243 30.5736 -1.4208 0.0021
Car 0.0000 0 1.8168 0.0000 0.0000 1224.0000 370.0000 1.5936 1.5284 3.4689 -30.2645 1.9786 1.2195 0.2985 0.0021
Car 0.0000 0 -0.2707 818.5987 163.3757 998.5227 228.0784 1.6101 1.8297 4.0305 7.8663 1.1855 18.7432 0.1224 0.0020
Car 0.0000 0 -1.0973 0.0000 0.0000 1224.0000 370.0000 1.4673 1.6355 3.4971 -19.2280 1.7174 1.2134 -2.5868 0.0020
Car 0.0000 0 -3.1969 796.7459 169.8219 1000.2456 250.1820 1.5281 1.6743 3.7394 5.9637 1.3267 14.8254 -2.8201 0.0020
Cyclist 0.0000 0 1.6555 846.3410 166.5707 873.8101 236.8708 1.6987 0.5111 1.9122 6.4935 1.3637 18.0559 1.9968 0.0020
Car 0.0000 0 1.9967 0.0000 0.0000 1224.0000 370.0000 1.5454 1.4477 3.4501 -29.9638 1.8873 1.2677 0.4805 0.0020
Car 0.0000 0 0.4883 0.0000 0.0000 1224.0000 370.0000 1.3735 1.6177 3.1097 -18.6663 1.6366 1.5242 -0.9822 0.0019
Car 0.0000 0 2.4462 0.0000 0.0000 1224.0000 370.0000 1.5538 1.4744 3.4237 -29.6125 1.8514 1.5739 0.9409 0.0019
Car 0.0000 0 -1.0841 0.0000 0.0000 1224.0000 370.0000 1.4315 1.6316 3.2541 -19.2174 1.6752 1.2519 -2.5715 0.0019
Car 0.0000 0 -0.8403 0.0000 0.0000 1224.0000 370.0000 1.5507 1.5923 3.4604 -19.5128 1.6472 1.7801 -2.3021 0.0019
Car 0.0000 0 1.9048 0.0000 0.0000 1224.0000 370.0000 1.5571 1.4509 3.3620 -30.0515 1.9774 1.2730 0.3886 0.0019
Car 0.0000 0 2.1218 0.0000 0.0000 1224.0000 370.0000 1.5222 1.4611 3.3737 -29.9877 2.0364 1.4998 0.6132 0.0019
Pedestrian 0.0000 0 2.4965 655.6876 168.9946 689.6841 243.8573 1.5472 0.3739 0.6133 1.3885 1.3110 14.9276 2.5892 0.0019
Car 0.0000 0 -0.8884 0.0000 0.0000 1224.0000 370.0000 1.4710 1.7017 3.5112 -19.6209 1.6353 1.7081 -2.3544 0.0019
Cyclist 0.0000 0 -1.0198 0.0000 158.1339 43.2952 250.7270 1.7644 0.3847 1.7889 -12.2582 1.3399 14.3811 -1.7129 0.0019
Car 0.0000 0 4.5037 0.0000 0.0000 1224.0000 370.0000 1.4714 1.5650 3.4454 -19.4267 1.5951 0.6739 2.9858 0.0018
Car 0.0000 0 -0.4759 0.0000 0.0000 1224.0000 370.0000 1.6035 1.8306 3.7087 -19.2317 1.6674 1.8117 -1.9345 0.0018
Car 0.0000 0 1.4021 678.7932 169.9056 737.5775 208.6883 1.4324 1.6886 3.7046 3.9845 1.0426 27.9836 1.5437 0.0018
Pedestrian 0.0000 0 -1.1645 590.9939 167.7937 610.1843 211.4603 1.9222 0.7020 0.5321 -0.2146 1.3644 31.5018 -1.1696 0.0018
Car 0.0000 0 0.0352 765.9330 164.6250 931.6228 232.3659 1.6518 1.8444 3.9742 6.3907 1.2663 18.7982 0.3595 0.0018
Car 0.0000 0 -1.4115 642.0998 164.6536 699.8972 207.0565 1.6947 1.8015 4.4764 2.9197 1.0629 30.6465 -1.3158 0.0018
Car 0.0000 0 -1.4681 646.9497 166.3071 699.7849 207.0000 1.6114 1.8096 4.3961 2.9857 1.0509 30.3290 -1.3692 0.0018
Car 0.0000 0 -0.6466 0.0000 177.9780 20.2578 236.0273 1.5571 1.4716 3.2335 -19.3619 1.4910 20.6834 -1.3895 0.0018
Cyclist 0.0000 0 -1.7472 866.9702 159.3883 899.6813 233.5416 1.6737 0.4192 1.6971 6.5669 1.1988 16.8266 -1.3797 0.0018
Car 0.0000 0 -0.3797 0.0000 188.4899 16.2640 246.0491 1.4978 1.5199 3.2770 -19.6234 1.7537 20.7008 -1.1291 0.0018
Car 0.0000 0 0.5527 0.0000 183.7999 112.1655 227.1354 1.5067 1.6207 3.6765 -20.4100 1.6331 25.7386 -0.1101 0.0017
Car 0.0000 0 2.0559 0.0000 0.0000 1224.0000 370.0000 1.4965 1.5206 3.3598 -29.8576 1.9466 1.4599 0.5463 0.0017
Car 0.0000 0 0.5612 0.0000 193.3112 35.9162 239.4194 1.3185 1.5751 3.6278 -20.1970 1.7369 21.9104 -0.1747 0.0017
Car 0.0000 0 -0.9414 0.0000 0.0000 1224.0000 370.0000 1.4699 1.5862 3.3841 -19.8106 1.6273 1.7071 -2.4085 0.0017
Cyclist 0.0000 0 1.3078 828.2581 166.2200 869.6733 237.2890 1.7266 0.5571 1.7294 6.1682 1.3813 18.0533 1.6333 0.0017
Car 0.0000 0 0.8715 0.0000 0.0000 1224.0000 370.0000 1.3927 1.3867 3.4787 11.5271 1.1176 1.1591 2.3158 0.0017
Car 0.0000 0 0.2985 652.1971 171.9084 751.0725 209.1966 1.4402 1.6676 3.6672 3.9170 1.1098 28.8302 0.4338 0.0017
Car 0.0000 0 0.3529 0.0000 0.0000 1224.0000 370.0000 1.3746 1.6105 3.5038 -18.4007 1.7056 1.8901 -1.0966 0.0017
Pedestrian 0.0000 0 2.5708 853.6870 168.3564 893.3235 237.4251 1.6623 0.6487 0.6654 6.5648 1.3717 17.3999 2.9272 0.0017
Car 0.0000 0 -2.9198 583.9388 169.5917 694.3146 208.7520 1.5584 1.7565 4.3292 1.4257 1.1258 29.5589 -2.8704 0.0016
Car 0.0000 0 -1.6584 666.4991 166.7137 712.4838 206.0682 1.5596 1.5867 3.9248 3.4995 1.0148 29.9997 -1.5417 0.0016
Car 0.0000 0 -0.9025 1160.8276 157.5478 1224.0000 213.0058 1.4227 1.6417 3.9063 17.5603 0.8355 19.2734 -0.1701 0.0016
Car 0.0000 0 -2.7766 565.2924 170.6017 688.4993 211.3990 1.5997 1.8867 4.7825 0.8873 1.2131 29.5122 -2.7451 0.0016
Car 0.0000 0 -0.2613 631.1381 174.7267 734.7233 211.9835 1.3973 1.6691 3.7152 2.9807 1.1823 27.6204 -0.1533 0.0016
Pedestrian 0.0000 0 -1.3129 785.6699 160.6397 820.1283 235.8132 1.8409 0.7010 0.6187 4.9352 1.3561 17.7529 -1.0447 0.0016
Car 0.0000 0 1.2042 673.6772 168.6241 750.6633 209.2800 1.4610 1.7401 3.6497 4.0384 1.0357 27.3737 1.3508 0.0016
Car 0.0000 0 -1.5745 664.2211 164.7283 708.3230 204.9489 1.6138 1.7637 4.1930 3.4762 0.9825 30.5455 -1.4606 0.0016
Cyclist 0.0000 0 -0.4651 795.4897 151.4563 869.2956 232.3460 2.0203 0.7081 1.6618 5.7860 1.2965 18.1359 -0.1597 0.0016
Car 0.0000 0 1.8594 49.8093 184.3156 134.0696 227.3390 1.4986 1.5610 3.8181 -19.5324 1.6572 27.0468 1.2412 0.0016
Car 0.0000 0 -0.3067 0.0000 185.1904 17.6203 246.6098 1.5885 1.5547 3.6126 -19.6510 1.7393 20.5358 -1.0607 0.0015
Car 0.0000 0 0.7925 0.0000 192.4575 26.2742 237.9741 1.3228 1.5477 3.4741 -20.2636 1.7088 21.8645 0.0539 0.0015
Car 0.0000 0 0.4691 0.0000 178.4567 117.6153 224.4471 1.6057 1.6324 3.8755 -20.4021 1.5359 25.8511 -0.1913 0.0015
Car 0.0000 0 3.5828 0.0000 0.0000 1224.0000 370.0000 1.6452 1.6010 3.7048 -28.4699 1.5551 1.3343 2.0717 0.0015
Car 0.0000 0 1.8666 48.6105 184.7749 133.8689 227.5446 1.4856 1.5825 3.7533 -19.5181 1.6625 26.9898 1.2478 0.0015
Car 0.0000 0 -0.8710 0.0000 0.0000 1224.0000 370.0000 1.5389 1.7466 3.5988 -19.1592 1.6205 1.7693 -2.3314 0.0015
Car 0.0000 0 0.3783 0.0000 182.2141 118.1929 227.8816 1.5739 1.6529 3.8865 -20.3454 1.6412 25.7970 -0.2818 0.0015
Car 0.0000 0 0.0332 827.3895 163.4987 990.6638 230.0191 1.5808 1.8236 3.7287 7.8122 1.1784 18.4039 0.4301 0.0015
Car 0.0000 0 -0.2821 0.0000 179.1537 21.1917 241.6440 1.6379 1.5954 3.7693 -19.6587 1.6042 20.5552 -1.0358 0.0015
Car 0.0000 0 1.7976 53.5909 184.7862 128.0689 227.2876 1.4839 1.5305 3.4830 -19.5387 1.6604 26.9659 1.1778 0.0015
Car 0.0000 0 4.0838 0.0000 0.0000 1224.0000 370.0000 1.5706 1.7412 3.4791 -28.8216 1.7496 1.4801 2.5771 0.0015
Car 0.0000 0 0.7804 0.0000 179.9263 107.5253 223.9933 1.5318 1.6675 3.9051 -20.5185 1.5134 25.6206 0.1129 0.0015
Car 0.0000 0 -0.4120 0.0000 186.4878 16.1032 245.3787 1.5464 1.5038 3.2477 -19.6164 1.7386 20.7141 -1.1609 0.0015
Car 0.0000 0 1.8609 53.0849 184.9830 134.2393 227.7164 1.4926 1.5380 3.5555 -19.4632 1.6777 27.0258 1.2440 0.0014
Car 0.0000 0 0.6990 0.0000 191.1213 38.6270 237.2626 1.3597 1.5393 3.7003 -20.1824 1.7050 22.0445 -0.0335 0.0014
Pedestrian 0.0000 0 -1.1219 828.4036 160.0785 864.7748 232.2371 1.7987 0.7006 0.5756 6.1383 1.2913 18.0707 -0.7981 0.0014
Car 0.0000 0 2.1160 62.9504 180.5944 161.2625 225.1007 1.5936 1.4057 3.6224 -18.8376 1.5990 27.1654 1.5169 0.0014
Car 0.0000 0 0.4925 0.0000 178.9487 115.1047 222.2862 1.5227 1.5735 3.7461 -20.4627 1.4698 25.9273 -0.1679 0.0014
Pedestrian 0.0000 0 2.7294 853.4614 166.5897 892.7428 236.9963 1.6945 0.6711 0.6882 6.5403 1.3613 17.3665 3.0852 0.0014
Car 0.0000 0 1.1363 0.0000 181.5437 28.3623 235.0499 1.5516 1.6887 4.1457 -20.3087 1.5882 22.1502 0.4031 0.0014
Car 0.0000 0 0.6204 0.0000 0.0000 1224.0000 370.0000 1.4178 1.5597 3.3723 -18.7462 1.5833 1.1802 -0.8688 0.0014
Car 0.0000 0 -1.2949 637.6700 165.2582 705.7841 206.9613 1.6628 1.8029 4.3683 2.9448 1.0565 30.5484 -1.1981 0.0014
Car 0.0000 0 0.5063 0.0000 186.9114 102.5513 231.8442 1.4803 1.6769 3.7346 -20.1308 1.7166 24.7532 -0.1686 0.0014
Car 0.0000 0 -0.4262 0.0000 179.1076 17.8887 239.1857 1.5906 1.5007 3.4826 -19.6073 1.5553 20.6101 -1.1772 0.0014
Car 0.0000 0 0.3233 0.0000 181.3602 95.0410 229.8082 1.5644 1.7117 3.8674 -20.1775 1.5973 24.3604 -0.3603 0.0014
Car 0.0000 0 0.8408 0.0000 191.8417 32.7344 238.4182 1.3598 1.5494 3.5079 -20.1902 1.7307 22.0641 0.1085 0.0014
Car 0.0000 0 0.5988 0.0000 181.6989 96.3858 229.8629 1.5990 1.6795 3.9551 -20.2925 1.6439 24.5223 -0.0845 0.0013
Car 0.0000 0 0.9319 0.0000 191.5310 20.8741 241.2315 1.4211 1.5828 3.5184 -20.3028 1.7805 21.8170 0.1913 0.0013
Car 0.0000 0 0.8435 0.0000 178.8470 103.8375 224.4714 1.5729 1.7039 4.0155 -20.6181 1.5174 25.5542 0.1724 0.0013
Car 0.0000 0 1.3780 671.3736 175.0676 727.1993 211.2134 1.3484 1.5070 3.7630 3.6782 1.1473 28.2970 1.5076 0.0013
Car 0.0000 0 0.9519 0.0000 191.0588 36.6516 240.2833 1.4223 1.5638 3.6561 -20.0380 1.7714 22.0947 0.2241 0.0013
Car 0.0000 0 0.9184 0.0000 0.0000 1224.0000 370.0000 1.4364 1.5315 3.1435 11.8507 1.1561 1.2266 2.3606 0.0013
Car 0.0000 0 1.9118 50.9375 183.5979 134.7018 227.8591 1.5431 1.4660 3.4892 -19.3215 1.6702 26.7859 1.2942 0.0013
Car 0.0000 0 0.7971 0.0000 183.5249 122.8024 226.5702 1.5123 1.7219 3.9070 -20.2936 1.6304 26.1266 0.1442 0.0013
Car 0.0000 0 0.5396 0.0000 184.1923 99.2147 228.0797 1.4615 1.6586 3.7558 -20.2912 1.5982 24.8026 -0.1382 0.0013
Car 0.0000 0 0.7008 0.0000 175.2591 110.1485 223.0538 1.6119 1.7081 4.0278 -19.9500 1.4367 24.7552 0.0305 0.0013
Car 0.0000 0 2.1727 60.3699 181.6428 165.4994 225.8695 1.5799 1.4397 3.7408 -18.8352 1.6285 27.2229 1.5745 0.0013
Car 0.0000 0 0.9857 0.0000 188.4081 36.1535 239.2057 1.4702 1.6192 3.7257 -20.0766 1.7331 22.1059 0.2571 0.0013
Car 0.0000 0 2.1136 48.6480 183.3867 155.5051 226.6074 1.5249 1.5291 3.9118 -19.2309 1.6456 27.2086 1.5055 0.0013
Car 0.0000 0 1.4963 659.1490 172.2519 709.1961 211.8395 1.4780 1.6538 4.7989 3.1186 1.1715 28.8180 1.6046 0.0013
Car 0.0000 0 2.0718 47.9797 183.6634 146.9277 227.0083 1.5221 1.4636 3.6793 -19.2858 1.6531 27.0124 1.4590 0.0013
Car 0.0000 0 1.1353 841.1229 179.8962 977.9103 240.7955 1.3401 1.6028 3.8152 7.3182 1.3284 17.4947 1.5267 0.0013
Car 0.0000 0 2.0654 47.6698 183.9902 146.3706 227.3246 1.5196 1.4713 3.6809 -19.3021 1.6639 27.0121 1.4522 0.0013
Car 0.0000 0 0.4204 0.0000 0.0000 1224.0000 370.0000 1.7099 1.7207 3.7541 -28.8079 1.6066 0.8510 -1.1080 0.0013
Cyclist 0.0000 0 -0.2387 805.8179 161.8786 884.5357 234.7105 1.8300 0.6660 1.8071 6.1134 1.3637 18.1672 0.0823 0.0012
Car 0.0000 0 3.5555 0.0000 0.0000 1224.0000 370.0000 1.6229 1.6271 3.5643 -28.4413 1.6268 1.5724 2.0529 0.0012
Car 0.0000 0 3.5250 0.0000 0.0000 1224.0000 370.0000 1.6426 1.7298 3.6649 -28.7348 1.6355 1.3721 2.0147 0.0012
Car 0.0000 0 0.6908 0.0000 183.8357 106.4753 227.5185 1.5113 1.6736 3.8423 -20.4859 1.6371 25.4673 0.0212 0.0012
Car 0.0000 0 0.8226 0.0000 177.5861 106.1345 224.6795 1.5610 1.6742 4.0854 -19.8769 1.4660 24.5654 0.1503 0.0012
Car 0.0000 0 3.9631 0.0000 0.0000 1224.0000 370.0000 1.5233 1.6226 3.6412 -19.7370 1.6741 0.1964 2.4202 0.0012
Car 0.0000 0 0.0199 787.1843 171.0757 958.8090 234.3910 1.5251 1.8052 4.0307 6.9360 1.2997 18.6008 0.3730 0.0012
Car 0.0000 0 2.0171 62.2517 179.9267 154.7735 225.6583 1.6249 1.4265 3.6803 -18.8943 1.6061 27.0462 1.4145 0.0012
Car 0.0000 0 1.3136 851.5421 174.3556 970.8668 238.1833 1.3710 1.6922 3.8274 7.2405 1.2407 17.1936 1.7073 0.0012
Pedestrian 0.0000 0 2.0605 656.8923 170.1632 686.4811 244.6441 1.5058 0.3780 0.5907 1.3429 1.2985 14.6404 2.1519 0.0012
Pedestrian 0.0000 0 2.7545 657.2077 168.3406 689.5905 242.8121 1.5458 0.3424 0.5947 1.4010 1.2950 14.9207 2.8480 0.0012
Car 0.0000 0 0.6981 0.0000 182.8907 107.0661 227.8108 1.5564 1.6853 3.8746 -20.4934 1.6472 25.4866 0.0286 0.0012
Car 0.0000 0 -0.4426 0.0000 181.8423 15.5910 241.4040 1.5871 1.4857 3.2246 -19.5879 1.6313 20.6876 -1.1913 0.0012
Car 0.0000 0 2.0929 47.5267 183.4692 149.8799 226.2087 1.5044 1.4897 3.7645 -19.2882 1.6278 27.0922 1.4814 0.0012
Car 0.0000 0 1.2214 845.9233 174.9382 976.4125 239.3197 1.3990 1.6881 3.7738 7.2699 1.2797 17.2812 1.6148 0.0012
Car 0.0000 0 3.6034 0.0000 0.0000 1224.0000 370.0000 1.6196 1.5644 3.9137 -28.4815 1.8822 1.8716 2.1110 0.0012
Car 0.0000 0 3.6259 0.0000 0.0000 1224.0000 370.0000 1.5695 1.5938 3.6630 -28.5965 1.7095 1.8632 2.1330 0.0012
Car 0.0000 0 -0.2986 0.0000 179.4447 19.3073 240.9870 1.6260 1.5744 3.5235 -19.5974 1.5997 20.5952 -1.0498 0.0011
Car 0.0000 0 2.9953 0.0000 0.0000 1224.0000 370.0000 1.5971 1.5393 3.3841 -27.2877 1.6011 0.2835 1.4484 0.0011
Car 0.0000 0 0.9055 0.0000 0.0000 1224.0000 370.0000 1.3836 1.5038 2.9337 12.0088 1.3049 1.4228 2.3334 0.0011
Car 0.0000 0 0.8950 0.0000 189.2853 41.0709 239.3714 1.4606 1.5786 3.7635 -20.0107 1.7503 22.0897 0.1677 0.0011
Car 0.0000 0 1.5129 676.8284 173.4124 724.2292 210.5535 1.3635 1.6216 3.7944 3.6810 1.1048 27.9028 1.6443 0.0011
Car 0.0000 0 4.0871 0.0000 0.0000 1224.0000 370.0000 1.5764 1.6836 3.7053 -28.8769 1.7710 1.5395 2.5823 0.0011
Car 0.0000 0 0.6884 0.0000 191.1003 42.2450 239.1988 1.4146 1.5989 3.7540 -20.1296 1.7601 22.0555 -0.0426 0.0011
Car 0.0000 0 2.9832 620.2762 175.7805 726.4449 211.1878 1.4057 1.5864 4.1317 2.7310 1.2199 28.9894 3.0778 0.0011
Car 0.0000 0 -0.0522 793.9354 170.9936 974.3919 234.8456 1.5431 1.8049 4.2169 7.1581 1.3150 18.5871 0.3114 0.0011
Car 0.0000 0 1.5916 634.8221 177.7541 678.8378 213.2754 1.3204 1.6368 3.6436 2.0771 1.2198 28.1690 1.6661 0.0011
Car 0.0000 0 0.7569 0.0000 186.2848 46.5922 235.4380 1.4534 1.6766 3.9054 -20.0067 1.6423 22.0034 0.0278 0.0011
Car 0.0000 0 1.2124 826.5580 177.9322 970.8300 245.5876 1.4151 1.7509 4.2336 6.7724 1.3630 16.9154 1.5884 0.0011
Car 0.0000 0 3.5953 0.0000 0.0000 1224.0000 370.0000 1.6010 1.5599 3.5491 -28.5832 1.6936 1.7212 2.0975 0.0010
Pedestrian 0.0000 0 -0.8314 827.8738 161.6379 866.0989 233.6252 1.7987 0.6980 0.6094 6.1601 1.3290 18.1143 -0.5072 0.0010
Car 0.0000 0 1.5486 675.9688 171.7230 720.4695 210.2701 1.4126 1.6224 3.5172 3.5853 1.0925 27.7407 1.6775 0.0010
Car 0.0000 0 1.7044 651.7240 173.0621 709.7336 213.1341 1.4376 1.7339 3.8949 2.9859 1.1723 27.4600 1.8132 0.0010
Car 0.0000 0 3.6665 0.0000 0.0000 1224.0000 370.0000 1.5711 1.6139 3.9577 -28.5390 1.8407 2.0628 2.1807 0.0010
Pedestrian 0.0000 0 -0.6671 488.1175 156.5474 531.9950 248.3267 1.6894 0.4892 0.6658 -1.8436 1.2502 13.4193 -0.7985 0.0010
Car 0.0000 0 3.5040 0.0000 0.0000 1224.0000 370.0000 1.6969 1.5442 3.5423 -28.6134 1.5685 1.4846 1.9980 0.0010
Car 0.0000 0 3.6489 0.0000 0.0000 1224.0000 370.0000 1.5920 1.5953 3.5888 -28.6248 1.7326 1.8154 2.1543 0.0010
Car 0.0000 0 -0.3580 0.0000 172.1982 15.8472 233.2610 1.5726 1.5568 3.9389 -19.7184 1.3604 20.3163 -1.1188 0.0010
Car 0.0000 0 1.5856 675.4658 173.3184 720.0929 210.7574 1.3687 1.6249 3.7063 3.6456 1.1077 27.7946 1.7163 0.0010
Car 0.0000 0 0.3873 804.2463 171.9518 987.8097 236.5898 1.4743 1.6871 4.0103 7.3221 1.2810 18.1209 0.7669 0.0010
Car 0.0000 0 0.1965 659.3215 167.0555 769.5619 208.3733 1.5584 1.7761 4.0776 4.3518 1.0528 28.1951 0.3497 0.0009
Car 0.0000 0 0.5964 0.0000 183.4873 102.2558 229.2931 1.5481 1.6443 3.6033 -20.2012 1.6592 24.9726 -0.0759 0.0009
Car 0.0000 0 0.5940 0.0000 176.8115 109.9699 223.8801 1.6083 1.6582 3.7159 -20.0807 1.4838 25.1157 -0.0726 0.0008
Car 0.0000 0 4.2519 0.0000 0.0000 1224.0000 370.0000 1.5775 1.7234 3.5298 -28.6631 1.7113 1.3809 2.7421 0.0008
Car 0.0000 0 3.5252 0.0000 0.0000 1224.0000 370.0000 1.5929 1.5232 3.4189 -28.5747 1.6828 1.5849 2.0227 0.0008
Cyclist 0.0000 0 -0.7880 804.2034 156.4980 870.1901 236.5451 1.9475 0.6753 1.5718 5.8314 1.3651 17.8569 -0.4759 0.0008
Car 0.0000 0 0.2257 719.9332 158.5404 884.2528 227.2535 1.6771 1.6786 3.9673 5.2192 1.1427 18.9296 0.4923 0.0008
Car 0.0000 0 0.6401 0.0000 179.0114 113.4566 225.4129 1.5881 1.6795 3.8572 -19.9910 1.5387 25.0814 -0.0250 0.0008
Car 0.0000 0 1.4875 636.0711 176.1392 686.4192 213.0994 1.3620 1.6692 3.6402 2.1289 1.2028 27.8746 1.5646 0.0008
Car 0.0000 0 -3.0007 800.5989 173.3228 985.4041 236.8264 1.4624 1.6448 4.1838 7.2664 1.2987 18.0294 -2.6220 0.0007
Car 0.0000 0 1.1904 817.9780 181.4992 962.5998 244.1165 1.3381 1.7228 4.4032 6.7564 1.3674 17.3886 1.5565 0.0007
Car 0.0000 0 -3.1562 793.4974 169.9052 952.9595 230.8107 1.4835 1.5934 3.7627 6.9268 1.2270 18.5926 -2.8034 0.0007
Car 0.0000 0 3.0165 613.9290 173.0946 730.5404 211.7502 1.4999 1.6348 4.4773 2.6084 1.2141 28.3197 3.1091 0.0007
Car 0.0000 0 0.0413 735.9854 161.5677 888.5858 229.3519 1.6827 1.6422 3.7586 5.4770 1.2143 18.9180 0.3204 0.0007
Pedestrian 0.0000 0 -1.6466 666.0837 162.1796 678.4425 193.6218 1.7588 0.6450 0.6685 3.7833 0.7354 39.8860 -1.5510 0.0007
Pedestrian 0.0000 0 -1.6206 666.2795 162.2867 678.2923 193.5093 1.7470 0.6431 0.6447 3.7854 0.7293 39.8932 -1.5250 0.0007
Cyclist 0.0000 0 1.4955 589.6667 169.7456 609.1861 205.8230 1.5563 0.7431 1.6457 -0.2778 1.0939 31.3464 1.4885 0.0007
Cyclist 0.0000 0 -2.1606 852.7993 162.6646 926.7684 236.3482 1.7315 0.6377 2.1121 7.0474 1.3140 17.7102 -1.7864 0.0007
Pedestrian 0.0000 0 -0.5939 790.0776 166.2536 827.2625 233.7468 1.6281 0.6305 0.6370 4.9850 1.2861 17.4501 -0.3187 0.0007
Car 0.0000 0 4.3496 0.0000 0.0000 1224.0000 370.0000 1.7468 1.6970 4.7735 -3.6218 1.6630 0.7866 3.0778 0.0006
Car 0.0000 0 1.6835 650.8314 177.0905 706.6260 215.6983 1.3925 1.6697 4.7225 2.9781 1.2710 27.9826 1.7900 0.0006
Car 0.0000 0 0.5061 0.0000 189.2714 107.3260 230.9571 1.4081 1.6356 3.3056 -20.1588 1.7380 25.3940 -0.1571 0.0006
Cyclist 0.0000 0 0.1573 662.0582 155.5486 700.0405 190.3082 1.9308 0.7092 2.0443 4.2832 0.5462 39.8791 0.2653 0.0006
Cyclist 0.0000 0 0.0399 666.1125 154.7287 705.2106 190.1974 1.9514 0.8218 2.1374 4.5002 0.5349 39.4644 0.1544 0.0005
Car 0.0000 0 1.5893 657.4770 178.1000 704.7561 215.1879 1.3422 1.7084 4.2657 3.0049 1.2568 27.8059 1.6974 0.0004
Car 0.0000 0 1.8134 532.4614 170.2151 616.0016 226.5667 1.4570 1.5799 3.4614 -0.8199 1.1927 20.1314 1.7752 0.0004
Pedestrian 0.0000 0 -1.3659 670.8974 158.4787 687.4119 190.1232 1.7533 0.7942 0.7032 4.1500 0.5346 39.6264 -1.2605 0.0004
Pedestrian 0.0000 0 -1.3666 670.8146 158.5018 687.6022 190.0466 1.7469 0.8072 0.7164 4.1520 0.5301 39.6154 -1.2611 0.0004
Car 0.0000 0 1.5597 657.7524 173.2682 709.2139 215.2190 1.4858 1.8179 4.6472 2.9854 1.2312 27.4391 1.6686 0.0003
Pedestrian 0.0000 0 -1.4081 665.8866 163.9737 680.3163 193.7101 1.6481 0.6932 0.7491 3.8116 0.7335 39.6326 -1.3112 0.0003
Pedestrian 0.0000 0 -1.3984 665.8708 163.9674 680.4794 193.4496 1.6335 0.7001 0.7300 3.8139 0.7189 39.6148 -1.3014 0.0003
Pedestrian 0.0000 0 -1.7486 670.7581 159.2639 685.7768 190.8497 1.7655 0.7387 0.6504 4.1200 0.5799 39.8679 -1.6446 0.0003
Pedestrian 0.0000 0 -1.7578 670.8812 159.0681 686.0024 190.6291 1.7629 0.7368 0.6644 4.1280 0.5672 39.8509 -1.6535 0.0003