Car 0.0000 0 -1.4628 546.7565 175.6726 572.7250 194.2818 1.4046 1.6208 4.0848 -3.2091 0.9653 56.2926 -1.5244 0.8917
Car 0.0000 0 -1.4579 546.4460 175.4006 572.7034 194.2360 1.4208 1.6260 4.0558 -3.2196 0.9612 56.2484 -1.5198 0.8708
Car 0.0000 0 -1.4639 546.4429 175.2147 572.2941 194.2722 1.4377 1.6154 4.0803 -3.2369 0.9641 56.2644 -1.5261 0.8320
Car 0.0000 0 1.6861 545.6733 175.1925 572.8592 194.3651 1.4445 1.6706 4.2369 -3.2426 0.9699 56.2791 1.6238 0.7858
Car 0.0000 0 1.6740 545.6797 175.1803 571.7579 193.9646 1.4158 1.6368 4.1899 -3.2865 0.9401 56.2657 1.6109 0.7851
Car 0.0000 0 1.6730 545.8186 174.9451 571.8665 193.9183 1.4303 1.6406 4.1656 -3.2770 0.9368 56.2645 1.6102 0.7769
Car 0.0000 0 1.7010 545.2888 174.4554 574.2564 194.0137 1.4731 1.7148 4.5726 -3.2064 0.9431 56.4399 1.6395 0.7548
Car 0.0000 0 -1.4595 546.0536 175.2770 571.9834 194.1751 1.4252 1.6078 4.0328 -3.2622 0.9564 56.2222 -1.5221 0.7533
Car 0.0000 0 1.6733 545.2381 175.3422 571.6522 194.1415 1.4184 1.6580 4.3124 -3.3132 0.9544 56.3840 1.6100 0.7420
Car 0.0000 0 -1.4415 546.5693 175.0811 572.9118 193.9466 1.4227 1.5923 3.8394 -3.2026 0.9392 56.1398 -1.5032 0.6957
Car 0.0000 0 1.6697 544.9265 174.6815 571.8462 193.9240 1.4513 1.6913 4.5814 -3.3210 0.9376 56.4948 1.6063 0.6834
Car 0.0000 0 -1.4665 545.8157 175.0736 571.1549 194.0382 1.4305 1.6058 3.8232 -3.3008 0.9463 56.1250 -1.5299 0.6694
Car 0.0000 0 1.6949 547.3528 174.9929 573.9452 194.2535 1.4513 1.6025 4.1018 -3.1332 0.9615 56.2203 1.6345 0.6563
Car 0.0000 0 1.6925 547.0836 175.1111 573.7485 194.3458 1.4495 1.6155 4.1241 -3.1520 0.9686 56.2362 1.6318 0.6303
Car 0.0000 0 1.7359 547.0287 174.6375 575.4276 193.8597 1.4466 1.5959 4.0210 -3.0825 0.9307 56.1391 1.6764 0.5693
Car 0.0000 0 1.7414 545.7653 174.8746 575.9384 194.3235 1.4642 1.6734 4.3164 -3.1164 0.9660 56.3158 1.6814 0.5680
Car 0.0000 0 1.6110 545.0259 175.0832 567.7704 193.9451 1.4237 1.6342 4.1981 -3.4765 0.9399 56.3378 1.5447 0.5485
Car 0.0000 0 -3.7339 0.0000 0.0000 1238.0000 374.0000 1.5774 1.6593 4.2084 2.4619 1.6409 1.2124 -2.7098 0.5335
Car 0.0000 0 1.6881 546.7121 174.9606 572.7243 194.2042 1.4469 1.6023 3.8577 -3.1952 0.9558 55.9779 1.6264 0.5147
Car 0.0000 0 -1.3517 546.2404 174.6220 578.6702 194.4044 1.4919 1.6509 4.3885 -2.9960 0.9737 56.4686 -1.4094 0.4922
Car 0.0000 0 1.6504 544.4026 174.8413 568.9252 193.9281 1.4414 1.6209 4.0508 -3.4513 0.9391 56.2797 1.5845 0.4895
Car 0.0000 0 1.6535 545.1951 174.6175 569.5408 194.0114 1.4583 1.6059 3.7480 -3.3763 0.9414 55.9005 1.5885 0.4702
Car 0.0000 0 -3.7992 0.0000 0.0000 1238.0000 374.0000 1.5503 1.6262 4.0301 2.6408 1.5985 1.2196 -2.7464 0.3860
Car 0.0000 0 1.6253 544.4347 174.8227 568.2244 193.8706 1.4394 1.6551 4.3010 -3.4859 0.9354 56.4393 1.5590 0.3845
Car 0.0000 0 -1.3822 547.6848 174.9838 576.5944 193.9038 1.4233 1.5808 3.8241 -3.0075 0.9337 56.0332 -1.4405 0.3806
Car 0.0000 0 1.5837 545.1616 174.9497 566.7749 194.0708 1.4390 1.6248 4.0051 -3.5134 0.9466 56.1004 1.5165 0.3728
Car 0.0000 0 1.6733 546.0262 175.5118 571.7295 194.8850 1.4448 1.6128 3.9017 -3.2357 0.9988 55.5497 1.6104 0.3285
Car 0.0000 0 1.5865 544.4333 174.5332 566.5941 193.7555 1.4518 1.6719 4.4672 -3.5671 0.9262 56.5234 1.5188 0.3251
Car 0.0000 0 1.8155 546.8217 175.1917 579.0472 194.2996 1.4275 1.6054 3.9541 -2.9268 0.9568 55.7554 1.7583 0.2900
Pedestrian 0.0000 0 1.2094 0.0000 174.3640 56.5993 283.8407 1.7503 0.6581 0.6365 -9.6237 1.6375 11.9273 0.5357 0.2437
Pedestrian 0.0000 0 1.1117 0.0000 175.4406 57.9636 284.2645 1.7440 0.6511 0.6169 -9.6151 1.6482 11.9349 0.4387 0.2434
Car 0.0000 0 1.6194 545.0858 174.8434 568.4770 194.4758 1.4608 1.6387 3.7037 -3.3873 0.9661 55.3117 1.5536 0.2387
Car 0.0000 0 1.5245 543.1185 174.5869 566.2462 194.1112 1.4658 1.5951 3.9091 -3.6504 0.9474 55.9605 1.4547 0.2316
Pedestrian 0.0000 0 -1.4156 875.8097 165.7047 895.9797 212.0087 1.7148 0.6198 0.6371 10.6866 1.1309 27.0310 -1.0475 0.1526
Pedestrian 0.0000 0 -1.4400 875.9492 165.5395 896.0557 212.0199 1.7204 0.6264 0.6757 10.6915 1.1307 27.0324 -1.0717 0.1518
Pedestrian 0.0000 0 -1.9886 5.2072 173.5722 70.9356 282.1647 1.7582 0.6975 0.5741 -9.5031 1.6312 12.0709 -2.6505 0.1130
Pedestrian 0.0000 0 -1.6772 1018.5464 155.3321 1038.5729 201.1301 1.7768 0.6122 0.5896 16.7809 0.7626 28.2599 -1.1503 0.1094
Pedestrian 0.0000 0 1.3226 1.3955 173.4911 62.3476 284.3626 1.7735 0.6820 0.5422 -9.4940 1.6467 11.9233 0.6553 0.1064
Car 0.0000 0 -2.6769 0.0000 0.0000 1238.0000 374.0000 1.5132 1.5786 3.8358 3.4144 1.5655 1.0154 -1.4702 0.1044
Pedestrian 0.0000 0 -1.1296 1016.3180 155.5467 1040.6669 201.2256 1.7679 0.5921 0.6807 16.7689 0.7645 28.2365 -0.6027 0.1024
Cyclist 0.0000 0 -1.6188 915.7496 166.4240 937.0103 221.3151 1.6337 0.4983 1.7050 10.0309 1.1861 22.2616 -1.2050 0.1010
Pedestrian 0.0000 0 1.2528 1.6250 172.7297 63.5213 283.8670 1.7795 0.6762 0.5268 -9.4834 1.6404 11.9265 0.5861 0.0851
Car 0.0000 0 -2.5752 0.0000 0.0000 1238.0000 374.0000 1.5611 1.6480 3.9605 3.0345 1.5858 1.3094 -1.4887 0.0847
Car 0.0000 0 -3.1249 0.0000 0.0000 1238.0000 374.0000 1.5437 1.6552 3.7625 2.3375 1.6068 1.1881 -2.1165 0.0723
Pedestrian 0.0000 0 -1.3375 0.0000 174.7353 51.9371 284.6537 1.7231 0.6613 0.6905 -9.5008 1.6183 11.7116 -2.0136 0.0651
Pedestrian 0.0000 0 1.0413 3.7109 173.8445 71.3657 282.1494 1.7537 0.6881 0.5953 -9.5002 1.6310 12.0583 0.3790 0.0647
Car 0.0000 0 1.6301 542.4401 175.1582 568.7207 196.2312 1.5286 1.7520 4.2630 -3.4043 1.0692 54.2414 1.5628 0.0610
Cyclist 0.0000 0 -0.9518 426.7935 173.0152 453.0181 204.8147 1.7031 0.5313 1.6792 -8.8384 1.2495 39.3464 -1.1764 0.0609
Pedestrian 0.0000 0 -1.5139 870.7220 164.8487 887.9049 211.3745 1.7254 0.5749 0.6097 10.4392 1.1089 27.0311 -1.1537 0.0600
Car 0.0000 0 -1.7586 433.8342 168.7063 460.3022 186.2766 1.5819 1.6461 4.1433 -14.3685 0.4304 66.8996 -1.9742 0.0575
Pedestrian 0.0000 0 -1.5201 870.6443 164.3949 888.0527 211.2223 1.7347 0.5844 0.6575 10.4387 1.1021 27.0258 -1.1598 0.0568
Pedestrian 0.0000 0 -0.4750 426.4474 174.0202 443.5209 204.7591 1.6598 0.5269 0.7501 -9.0926 1.2567 39.2284 -0.7063 0.0554
Pedestrian 0.0000 0 -0.6929 429.1929 173.3593 447.9164 204.7273 1.6922 0.5806 0.8157 -8.9008 1.2538 39.2488 -0.9195 0.0543
Pedestrian 0.0000 0 -0.4118 429.4750 173.6311 447.1621 204.8158 1.6842 0.5475 0.7886 -8.9151 1.2600 39.2470 -0.6388 0.0535
Car 0.0000 0 -1.7004 435.5701 169.2659 459.3875 186.8069 1.5806 1.6382 4.0653 -14.3316 0.4786 66.9155 -1.9155 0.0510
Cyclist 0.0000 0 -0.4457 0.0000 0.0000 1238.0000 374.0000 1.6385 0.4981 1.6767 -11.4151 1.7251 0.6614 -1.9407 0.0500
Car 0.0000 0 -1.7352 438.2974 168.6000 463.8804 186.1965 1.5849 1.6389 4.2646 -14.0117 0.4234 66.9805 -1.9454 0.0485
Car 0.0000 0 0.6801 535.6700 190.5141 1238.0000 374.0000 1.5584 1.6600 4.1444 1.2548 1.6182 2.4259 1.1085 0.0465
Car 0.0000 0 -2.4865 0.0000 0.0000 1238.0000 374.0000 1.5096 1.5671 3.7624 2.8900 1.6212 0.0902 -1.0425 0.0453
Pedestrian 0.0000 0 -2.3700 1005.9446 152.2099 1032.9644 199.5219 1.8371 0.6455 0.6548 16.4439 0.7008 28.2941 -1.8525 0.0452
Car 0.0000 0 0.4705 0.0000 0.0000 1238.0000 374.0000 1.5526 1.6646 4.0912 1.6765 1.6065 2.1506 1.0698 0.0446
Car 0.0000 0 0.0562 533.0474 175.3958 581.0070 194.2530 1.4367 1.5876 3.6251 -3.3853 0.9722 55.5361 -0.0093 0.0435
Car 0.0000 0 -2.6595 0.0000 0.0000 1238.0000 374.0000 1.4813 1.5288 3.4795 3.1597 1.5591 0.2576 -1.2572 0.0392
Cyclist 0.0000 0 1.5471 878.9063 166.4190 896.3464 210.8985 1.6236 0.5568 1.5511 10.7445 1.0742 27.0423 1.9169 0.0368
Cyclist 0.0000 0 1.4577 871.7361 167.0263 891.4174 210.8055 1.6041 0.5171 1.4419 10.5313 1.0748 27.0806 1.8202 0.0361
Car 0.0000 0 -1.7138 439.3017 169.3667 463.8939 186.7491 1.5672 1.6498 4.1569 -13.9664 0.4736 66.9982 -1.9234 0.0360
Cyclist 0.0000 0 2.3708 859.2818 165.6194 902.4929 211.8340 1.7043 0.5751 1.5653 10.5105 1.1197 27.0634 2.7329 0.0360
Cyclist 0.0000 0 2.3457 864.0295 165.1507 908.4598 211.1317 1.6908 0.6110 1.6065 10.6964 1.0906 27.0226 2.7142 0.0352
Car 0.0000 0 -0.2962 703.8573 172.1897 762.1923 193.9645 1.5188 1.6224 3.7712 9.3589 0.8700 51.1344 -0.1210 0.0346
Car 0.0000 0 -1.6778 442.4787 168.5172 465.9242 186.2833 1.5986 1.6719 4.2733 -13.7092 0.4308 66.9254 -1.8839 0.0339
Cyclist 0.0000 0 -1.6724 913.6564 166.1762 933.0568 220.7718 1.6492 0.3763 1.5943 10.0524 1.1874 22.5132 -1.2619 0.0335
Car 0.0000 0 -1.4902 722.3149 165.2957 742.7577 182.6608 1.5974 1.6147 4.0194 12.5167 0.1071 68.2272 -1.3143 0.0335
Pedestrian 0.0000 0 1.1798 0.0000 178.6384 35.0144 287.1938 1.6840 0.6461 0.6518 -9.7190 1.6409 11.5790 0.4871 0.0327
Cyclist 0.0000 0 1.1179 1005.6866 157.2153 1044.0405 201.1759 1.7007 0.6658 1.6090 16.8279 0.7622 28.6135 1.6405 0.0320
Car 0.0000 0 -1.5894 668.0023 171.1689 688.6043 190.6733 1.5165 1.5554 3.5057 6.1685 0.7138 57.6589 -1.4882 0.0319
Pedestrian 0.0000 0 1.1254 347.3229 170.3642 360.0457 196.3949 1.8841 0.6568 0.6607 -18.0760 1.0787 52.4555 0.7901 0.0315
Car 0.0000 0 -1.7088 441.5459 169.3589 466.4422 186.7017 1.5614 1.6886 4.2151 -13.7322 0.4687 66.9412 -1.9152 0.0314
Car 0.0000 0 -0.2316 537.8067 175.5017 588.3098 194.3241 1.4159 1.5531 3.6186 -2.9415 0.9653 55.2940 -0.2895 0.0304
Cyclist 0.0000 0 1.1173 867.1725 165.7434 900.5272 210.7493 1.6350 0.5231 1.5492 10.5339 1.0636 26.8875 1.4823 0.0301
Car 0.0000 0 -1.2335 722.7847 164.9432 752.4868 182.5425 1.6104 1.6242 3.7384 12.9111 0.0958 67.7538 -1.0507 0.0297
Cyclist 0.0000 0 -1.6952 870.7710 167.0313 890.3037 210.7549 1.6087 0.4908 1.5108 10.5458 1.0774 27.2189 -1.3339 0.0295
Car 0.0000 0 -2.8790 0.0000 0.0000 1238.0000 374.0000 1.5753 1.6559 3.7912 2.2191 1.6186 0.3568 -1.5865 0.0288
Car 0.0000 0 -1.4104 722.9607 165.6877 745.8886 183.0892 1.5958 1.5908 3.6239 12.6232 0.1461 67.8455 -1.2320 0.0287
Cyclist 0.0000 0 0.6072 0.0000 179.6457 95.9320 283.9392 1.6863 0.4994 1.6929 -9.4666 1.6576 11.9110 -0.0592 0.0278
Car 0.0000 0 -0.7257 718.6173 165.1115 762.4444 182.2904 1.5786 1.6440 3.9760 13.1648 0.0730 67.7342 -0.5393 0.0268
Car 0.0000 0 -1.5889 667.7649 171.1349 688.3914 190.6232 1.5143 1.5582 3.5072 6.1468 0.7094 57.6255 -1.4880 0.0265
Car 0.0000 0 -1.6088 666.9991 171.2172 688.7798 190.6903 1.5110 1.5755 3.6093 6.1252 0.7136 57.5850 -1.5083 0.0260
Cyclist 0.0000 0 -0.3472 424.6628 171.3277 458.2718 203.4200 1.7256 0.5682 1.7051 -8.7545 1.1795 39.3213 -0.5699 0.0253
Car 0.0000 0 1.9531 536.0795 174.7813 576.7933 194.1933 1.4790 1.6511 4.6106 -3.5035 0.9676 57.1745 1.8873 0.0249
Pedestrian 0.0000 0 -1.3382 867.3498 164.0775 887.8788 210.0554 1.7168 0.5947 0.6655 10.4639 1.0673 27.2619 -0.9800 0.0242
Car 0.0000 0 -0.6901 719.1278 164.0679 764.4813 181.6108 1.6114 1.6562 4.0809 13.2739 0.0105 67.6860 -0.5020 0.0242
Car 0.0000 0 -2.8092 0.0000 0.0000 1238.0000 374.0000 1.4784 1.4936 3.7604 3.1331 1.5796 -0.2095 -1.2602 0.0241
Car 0.0000 0 -0.5126 720.6563 163.8561 767.1659 181.6469 1.6324 1.6837 3.9619 13.3883 0.0138 67.3333 -0.3219 0.0239
Car 0.0000 0 -1.2311 721.1249 165.2154 752.2001 182.9506 1.6252 1.6514 4.0597 12.8694 0.1333 67.9967 -1.0496 0.0238
Car 0.0000 0 -1.7109 717.9839 166.4352 741.1782 183.6196 1.5843 1.6029 3.9821 12.1810 0.1958 68.2394 -1.5398 0.0238
Car 0.0000 0 -1.4512 722.7068 165.8177 744.3373 183.0102 1.5796 1.6069 3.6743 12.5643 0.1391 67.9883 -1.2739 0.0233
Car 0.0000 0 -1.2530 722.1637 165.1954 751.6786 182.6469 1.5988 1.6256 3.8913 12.8742 0.1054 67.9043 -1.0711 0.0232
Car 0.0000 0 -1.2726 722.0278 165.0920 751.1821 182.6226 1.6061 1.6430 3.9425 12.8510 0.1032 67.9360 -1.0912 0.0229
Pedestrian 0.0000 0 -0.4962 45.0306 168.6372 76.3390 216.0522 1.8372 0.6440 0.7731 -21.3319 1.3398 28.3165 -1.1424 0.0228
Car 0.0000 0 -0.8092 718.5740 165.2084 760.6716 182.4798 1.5857 1.6136 3.9736 13.0901 0.0903 67.7639 -0.6240 0.0227
Car 0.0000 0 -1.6514 720.2842 166.6571 740.6161 183.7197 1.5695 1.5872 3.5597 12.2117 0.2045 67.9174 -1.4790 0.0220
Car 0.0000 0 -2.8190 0.0000 0.0000 1112.1138 374.0000 1.4871 1.6261 3.7003 1.8302 1.6311 0.9997 -1.8596 0.0216
Cyclist 0.0000 0 1.1725 915.8575 161.4028 954.2535 218.4828 1.7125 0.4912 1.5838 10.3310 1.1106 22.3460 1.5960 0.0215
Cyclist 0.0000 0 -0.7561 0.0000 171.4353 24.6938 292.5326 1.7693 0.5470 1.7482 -10.2168 1.6235 11.3875 -1.4814 0.0211
Car 0.0000 0 1.4109 439.2002 169.6500 464.3526 186.5467 1.5195 1.6382 4.1021 -13.9099 0.4542 66.8064 1.2015 0.0210
Cyclist 0.0000 0 -1.4459 876.0006 166.6562 893.6158 209.4583 1.5805 0.4480 1.5501 10.7624 1.0334 27.3122 -1.0789 0.0210
Car 0.0000 0 2.8294 0.0000 0.0000 1238.0000 374.0000 1.5094 1.5805 4.1081 -27.9878 1.6955 0.3642 1.2761 0.0208
Car 0.0000 0 -1.5236 723.4885 165.4913 742.4733 182.8891 1.5985 1.6155 3.7170 12.5120 0.1280 67.9900 -1.3471 0.0206
Car 0.0000 0 -1.4835 722.3616 165.5539 743.2581 183.1324 1.6152 1.6381 3.8827 12.5164 0.1504 68.0874 -1.3072 0.0205
Pedestrian 0.0000 0 -1.5326 0.0000 178.8767 24.7246 286.0549 1.6703 0.6091 0.6154 -9.7735 1.6307 11.6217 -2.2262 0.0205
Car 0.0000 0 0.1349 0.0000 0.0000 1238.0000 374.0000 1.5906 1.6728 4.1371 36.2901 0.6906 2.0401 1.6374 0.0198
Car 0.0000 0 -1.6780 718.3756 166.6339 740.1696 183.9740 1.5979 1.6107 3.8252 12.1384 0.2283 68.1501 -1.5072 0.0198
Car 0.0000 0 -0.5128 720.0094 164.9496 764.1695 182.1514 1.5805 1.6493 3.7382 13.2258 0.0602 67.3762 -0.3245 0.0196
Pedestrian 0.0000 0 -2.8059 691.3416 176.8235 719.5590 236.4069 1.5541 0.4279 0.6379 2.7304 1.4333 19.0686 -2.6709 0.0195
Car 0.0000 0 -1.6465 720.1304 166.6480 739.8831 183.6955 1.5692 1.5480 3.6115 12.1832 0.2025 67.9897 -1.4747 0.0189
Pedestrian 0.0000 0 -2.7763 691.5856 175.3560 720.0726 236.3751 1.5906 0.4720 0.6235 2.7422 1.4316 19.0789 -2.6408 0.0186
Pedestrian 0.0000 0 -0.5478 903.5214 161.4656 934.0807 217.6098 1.7620 0.6555 0.6410 10.0914 1.1344 22.9117 -0.1422 0.0184
Car 0.0000 0 -2.4616 0.0000 0.0000 1238.0000 374.0000 1.4997 1.5335 3.7563 2.7611 1.6161 -0.1012 -0.9542 0.0183
Pedestrian 0.0000 0 -1.6147 234.5949 168.7689 248.9349 204.7509 1.8942 0.6485 0.7674 -19.1868 1.2248 38.3060 -2.0813 0.0182
Car 0.0000 0 -1.6644 718.9257 166.3388 740.0929 183.7232 1.6016 1.6133 3.6841 12.1493 0.2052 68.0759 -1.4933 0.0181
Car 0.0000 0 -1.3018 327.0647 170.9816 361.4432 190.9572 1.6006 1.6628 4.1405 -21.2909 0.7583 59.6832 -1.6479 0.0176
Pedestrian 0.0000 0 1.4600 0.0000 178.5891 53.3504 286.9076 1.6828 0.7003 0.6996 -9.4305 1.6389 11.6521 0.7850 0.0174
Car 0.0000 0 2.9328 700.7386 171.9207 764.1888 194.1828 1.5562 1.6465 4.1841 9.3041 0.8872 51.1065 3.1070 0.0167
Car 0.0000 0 -0.3173 705.0486 172.5026 763.9917 193.8937 1.4899 1.6201 3.8036 9.4596 0.8638 51.0960 -0.1401 0.0165
Car 0.0000 0 1.5326 667.8194 170.7705 689.4241 190.5024 1.5271 1.5589 3.5310 6.1650 0.6973 57.4039 1.6342 0.0163
Car 0.0000 0 0.0994 532.4726 175.5733 579.2070 194.1782 1.4074 1.5884 3.4496 -3.4584 0.9596 55.1851 0.0322 0.0159
Cyclist 0.0000 0 -0.5951 0.0000 175.2752 59.5080 290.1940 1.6832 0.5027 1.7884 -9.7628 1.5933 11.4475 -1.2954 0.0155
Pedestrian 0.0000 0 0.0292 913.2723 163.8151 933.0587 220.1317 1.7404 0.6436 0.5567 10.1016 1.1950 22.6060 0.4400 0.0152
Car 0.0000 0 1.5320 666.4085 170.1268 687.7675 190.6884 1.6008 1.5449 3.6116 6.0815 0.7159 57.7719 1.6315 0.0148
Pedestrian 0.0000 0 -0.7946 909.1395 159.0483 940.8046 216.8803 1.8073 0.6661 0.6330 10.2723 1.1068 22.8726 -0.3818 0.0143
Car 0.0000 0 -3.2583 703.6797 172.8168 762.5106 194.8504 1.5409 1.6156 3.9501 9.3533 0.9343 51.1546 -3.0833 0.0142
Cyclist 0.0000 0 1.1873 1009.9758 156.9110 1047.8761 202.0990 1.7276 0.6867 1.6924 16.8290 0.7885 28.3463 1.7141 0.0142
Cyclist 0.0000 0 -1.6852 919.7322 165.2644 939.6234 219.8340 1.6496 0.3677 1.6057 10.2595 1.1599 22.5334 -1.2674 0.0142
Pedestrian 0.0000 0 1.4885 1062.7023 155.3743 1094.7260 237.8589 1.8851 0.5653 0.6371 11.1386 1.2893 16.8286 2.0609 0.0141
Car 0.0000 0 -1.4030 326.2485 171.4778 356.0821 191.6044 1.6083 1.6798 4.1007 -21.5119 0.8080 59.5681 -1.7530 0.0140
Car 0.0000 0 -1.5493 666.8386 170.5302 687.2484 190.4682 1.5447 1.5696 3.6475 6.1067 0.6954 57.5558 -1.4489 0.0138
Car 0.0000 0 -1.7708 713.0024 166.1646 739.3522 183.7339 1.6185 1.6464 4.1670 11.8594 0.2061 68.2788 -1.6043 0.0135
Car 0.0000 0 -3.3255 0.0000 0.0000 1238.0000 374.0000 1.5937 1.5646 3.7229 5.1830 1.5326 -0.2458 -1.7628 0.0133
Cyclist 0.0000 0 -1.8339 905.7163 164.4819 932.3710 218.6020 1.6625 0.3522 1.6101 10.0785 1.1409 22.8862 -1.4284 0.0131
Car 0.0000 0 1.5854 580.2318 174.0703 603.1183 194.6234 1.4576 1.6231 4.1600 -0.6843 0.9313 53.0226 1.5676 0.0130
Pedestrian 0.0000 0 -0.1089 916.2372 161.4815 938.9323 219.3633 1.7916 0.6265 0.5791 10.2377 1.1731 22.6182 0.3066 0.0126
Car 0.0000 0 -2.9922 699.9788 168.9839 741.7386 185.6729 1.5328 1.5522 3.6732 11.2278 0.3836 67.2718 -2.8323 0.0126
Pedestrian 0.0000 0 -0.2217 915.6550 161.4619 940.0387 219.5077 1.7988 0.6295 0.5686 10.2476 1.1790 22.6219 0.1942 0.0124
Car 0.0000 0 -2.9081 696.2911 168.5858 741.6602 185.3844 1.5452 1.6029 3.9511 11.0945 0.3577 67.5663 -2.7508 0.0124
Car 0.0000 0 -2.9113 695.1520 168.8088 740.5208 185.4186 1.5270 1.6257 3.9471 10.9829 0.3606 67.5347 -2.7555 0.0122
Pedestrian 0.0000 0 -0.9408 880.1932 163.3398 905.0773 210.3397 1.7167 0.6792 0.5211 10.7854 1.0544 26.6608 -0.5648 0.0122
Car 0.0000 0 1.8502 662.5527 173.3868 691.0510 188.8956 1.4449 1.6375 4.2692 7.3359 0.6894 69.2089 1.9505 0.0119
Cyclist 0.0000 0 3.3549 26.3835 165.7041 82.8500 215.7049 1.9261 0.6752 1.6686 -21.5588 1.3186 28.3281 2.7038 0.0119
Car 0.0000 0 1.5579 669.6715 171.4144 690.0786 191.1413 1.5323 1.5571 3.6437 6.2963 0.7495 57.6809 1.6612 0.0117
Car 0.0000 0 -1.1419 312.7285 157.6190 355.4546 184.2819 2.3168 1.8284 4.7260 -24.0280 0.2421 64.8354 -1.5003 0.0117
Car 0.0000 0 -1.8421 712.8242 166.7570 739.4163 183.9090 1.5790 1.5604 3.5648 11.8085 0.2221 67.9826 -1.6756 0.0117
Pedestrian 0.0000 0 -1.0006 880.3027 163.6728 905.4971 210.4362 1.7072 0.6975 0.5177 10.7934 1.0574 26.6558 -0.6243 0.0112
Car 0.0000 0 -3.0150 699.5853 169.4292 740.9322 186.0121 1.5228 1.6004 3.6521 11.1691 0.4147 67.2445 -2.8559 0.0111
Car 0.0000 0 2.7600 0.0000 0.0000 1238.0000 374.0000 1.4584 1.6081 3.6588 -34.4454 1.8753 1.2655 1.2286 0.0110
Car 0.0000 0 1.4212 441.2634 169.6332 467.3857 186.5163 1.5049 1.6706 4.6603 -13.6172 0.4475 66.5026 1.2152 0.0110
Car 0.0000 0 -1.7613 714.7183 166.8187 738.8486 183.9402 1.5788 1.5621 3.6783 11.8912 0.2254 68.0917 -1.5939 0.0107
Car 0.0000 0 -1.7211 715.2515 166.3590 738.6966 183.8874 1.6163 1.6160 3.8008 11.9189 0.2205 68.1503 -1.5534 0.0106
Car 0.0000 0 1.5141 668.2275 170.8657 691.0259 190.6788 1.5392 1.5951 3.5497 6.2669 0.7136 57.6130 1.6170 0.0106
Car 0.0000 0 1.8408 653.6705 171.1553 684.2938 189.3223 1.4774 1.5743 4.0245 5.7590 0.6366 60.5756 1.9303 0.0105
Pedestrian 0.0000 0 -3.2192 912.3278 165.3714 933.6203 219.7957 1.6842 0.6210 0.5582 10.0896 1.1862 22.6108 -2.8089 0.0103
Pedestrian 0.0000 0 0.2461 898.1302 164.1925 927.0058 224.4404 1.7217 0.6337 0.6438 9.0565 1.2282 20.9714 0.6440 0.0103
Car 0.0000 0 -0.5640 718.8170 165.4638 762.9680 182.5714 1.5707 1.6095 3.7977 13.1217 0.0987 67.3965 -0.3773 0.0101
Car 0.0000 0 3.0165 0.0000 0.0000 1238.0000 374.0000 1.5263 1.6020 4.2129 -28.2077 1.6680 0.6542 1.4733 0.0099
Car 0.0000 0 1.7407 664.1184 170.4968 690.6237 188.6064 1.4697 1.5670 4.1220 6.4557 0.5772 60.4893 1.8416 0.0099
Car 0.0000 0 -1.4536 0.0000 0.0000 1238.0000 374.0000 1.4391 1.6211 3.5637 6.0760 1.4771 -0.1798 0.0986 0.0099
Car 0.0000 0 1.6862 665.2839 170.6097 689.7759 188.9442 1.4872 1.6004 4.2072 6.4688 0.6043 60.4924 1.7873 0.0099
Car 0.0000 0 0.2870 0.0000 0.0000 1238.0000 374.0000 1.4859 1.6020 3.9778 -35.5129 1.7359 1.5544 -1.2375 0.0097
Car 0.0000 0 -3.0227 700.3389 169.6093 740.7025 186.0416 1.5099 1.5892 3.5715 11.1959 0.4177 67.2554 -2.8633 0.0097
Car 0.0000 0 -1.7519 714.1177 166.5538 739.1566 184.0612 1.6135 1.6288 3.9673 11.8915 0.2364 68.1944 -1.5847 0.0096
Car 0.0000 0 1.6891 661.6252 170.9116 685.8410 188.9814 1.4687 1.5796 4.1085 6.1546 0.6086 60.5572 1.7851 0.0096
Car 0.0000 0 0.3071 0.0000 0.0000 1238.0000 374.0000 1.4540 1.6036 4.1831 -35.5657 1.6235 1.1643 -1.2284 0.0094
Cyclist 0.0000 0 -1.6613 916.9911 162.4745 934.7435 216.7865 1.6659 0.3495 1.6333 10.2893 1.0834 22.8605 -1.2478 0.0093
Car 0.0000 0 0.2084 0.0000 0.0000 1238.0000 374.0000 1.5077 1.6932 4.1443 36.0701 0.6752 1.9401 1.7133 0.0093
Car 0.0000 0 1.7420 660.5696 170.7691 686.5670 188.6207 1.4526 1.5373 4.0422 6.1457 0.5799 60.6010 1.8378 0.0092
Car 0.0000 0 1.5528 669.3984 171.3463 689.9320 191.1379 1.5382 1.5486 3.7071 6.2853 0.7496 57.7386 1.6558 0.0092
Pedestrian 0.0000 0 -1.5041 871.6579 163.0644 890.8962 210.2755 1.7372 0.6371 0.5878 10.4339 1.0599 26.8290 -1.1415 0.0091
Pedestrian 0.0000 0 1.1632 210.1170 170.9738 242.3940 234.4884 1.7274 0.5939 0.6299 -10.4580 1.4423 19.9633 0.6808 0.0090
Pedestrian 0.0000 0 -0.1988 0.0000 0.0000 1238.0000 374.0000 1.8817 0.5659 0.8053 -24.4151 1.7913 0.1455 -1.7578 0.0090
Car 0.0000 0 1.3122 700.5816 169.3353 731.1006 186.5059 1.4684 1.6186 4.2150 10.1211 0.4285 63.6075 1.4645 0.0089
Car 0.0000 0 1.3266 700.3348 169.5683 730.7606 186.6702 1.4634 1.6491 4.2856 10.1049 0.4429 63.6745 1.4784 0.0089
Pedestrian 0.0000 0 -1.3974 930.4600 156.4818 954.9300 217.3285 1.9634 0.6400 0.5839 11.1882 1.1572 23.5995 -0.9641 0.0088
Car 0.0000 0 1.7548 660.1218 170.6209 687.0334 188.8460 1.4784 1.5589 4.0521 6.1301 0.5964 60.4320 1.8505 0.0088
Cyclist 0.0000 0 -1.3626 899.9216 163.2461 932.8538 222.7936 1.6630 0.5666 1.6447 9.1447 1.1544 20.8945 -0.9598 0.0087
Pedestrian 0.0000 0 -0.0763 276.0273 165.5006 295.5382 200.1888 1.9301 0.6137 0.9607 -17.7834 1.0407 40.4640 -0.4930 0.0087
Car 0.0000 0 2.6218 0.0000 187.4872 135.5823 300.1460 1.4652 1.4868 3.4809 -9.6488 1.5775 11.4305 1.9265 0.0087
Car 0.0000 0 2.7346 0.0000 0.0000 1238.0000 374.0000 1.4569 1.5730 3.6350 -34.3695 1.7263 1.1801 1.2009 0.0086
Car 0.0000 0 -0.5787 0.0000 181.4920 111.0382 303.9933 1.5474 1.4858 3.4772 -9.7065 1.5487 10.9459 -1.2977 0.0085
Car 0.0000 0 -1.1069 225.2923 173.2082 279.6024 201.8519 1.6849 1.6631 3.3724 -21.2840 1.1979 43.9462 -1.5606 0.0085
Car 0.0000 0 0.3648 0.0000 0.0000 1238.0000 374.0000 1.4645 1.6494 3.9350 35.9055 0.6727 2.0184 1.8672 0.0084
Car 0.0000 0 2.0881 539.4509 174.7928 586.0011 194.4622 1.5173 1.7007 4.6125 -3.0384 1.0004 57.8521 2.0309 0.0083
Pedestrian 0.0000 0 -1.5285 928.9149 157.0897 951.2245 216.7022 1.9356 0.6475 0.6403 11.1765 1.1441 23.7545 -1.0981 0.0083
Cyclist 0.0000 0 -1.1953 892.9048 164.7914 932.1577 223.6133 1.6621 0.5026 1.6460 9.1036 1.1911 21.0592 -0.7970 0.0082
Pedestrian 0.0000 0 -1.7034 219.5940 173.6566 243.6949 236.3274 1.7396 0.5374 0.5495 -10.4909 1.5230 20.3154 -2.1801 0.0082
Pedestrian 0.0000 0 0.2677 219.8001 170.4919 250.3844 233.7659 1.7240 0.6023 0.6200 -10.1871 1.4252 19.9272 -0.2048 0.0082
Car 0.0000 0 0.2016 0.0000 0.0000 1238.0000 374.0000 1.4868 1.6754 4.0874 36.0973 0.6581 1.9307 1.7068 0.0082
Car 0.0000 0 0.2479 0.0000 0.0000 1238.0000 374.0000 1.4885 1.7351 4.2480 36.0112 0.6841 1.8938 1.7539 0.0081
Car 0.0000 0 1.6292 666.0420 171.9600 688.3096 191.4695 1.5187 1.5791 4.0444 6.1733 0.7766 58.0359 1.7297 0.0081
Pedestrian 0.0000 0 0.2612 273.7337 164.9160 296.3969 199.8814 1.9513 0.5874 1.0540 -17.8141 1.0266 40.4567 -0.1561 0.0080
Car 0.0000 0 0.2219 0.0000 0.0000 1238.0000 374.0000 1.5004 1.7032 4.1552 36.0826 0.6735 1.9002 1.7279 0.0079
Car 0.0000 0 2.7198 0.0000 0.0000 1238.0000 374.0000 1.4773 1.6028 3.8680 -34.1006 1.6571 1.0212 1.1817 0.0079
Pedestrian 0.0000 0 -1.2197 930.0046 157.0966 957.1141 217.8738 1.9567 0.6379 0.6034 11.1979 1.1721 23.5628 -0.7855 0.0079
Car 0.0000 0 0.2171 0.0000 0.0000 1238.0000 374.0000 1.4269 1.5807 3.8034 -35.2928 1.8413 1.6814 -1.3036 0.0079
Pedestrian 0.0000 0 -1.4587 985.0090 155.4505 1011.2718 222.6022 1.9257 0.6122 0.6405 11.5904 1.1798 21.0345 -0.9655 0.0078
Pedestrian 0.0000 0 -0.0880 0.0000 0.0000 1238.0000 374.0000 1.8907 0.5707 0.6493 -24.6797 1.8272 0.1601 -1.6465 0.0077
Pedestrian 0.0000 0 -1.8402 210.7814 171.9977 240.6225 235.2613 1.7217 0.5822 0.6534 -10.4860 1.4643 19.9846 -2.3233 0.0077
Car 0.0000 0 0.3658 488.1147 175.7469 558.7237 201.9480 1.4977 1.7048 3.7820 -4.5815 1.1696 42.3584 0.2537 0.0077
Car 0.0000 0 1.6698 662.8223 173.8963 683.6007 188.8905 1.4014 1.6191 4.1088 6.9936 0.6911 69.3075 1.7651 0.0077
Car 0.0000 0 1.6346 664.0610 172.9711 683.1846 188.3647 1.4321 1.5981 3.9599 6.9897 0.6390 68.9059 1.7304 0.0076
Car 0.0000 0 1.3220 656.5284 173.5850 683.1451 188.7108 1.4077 1.5767 4.0296 6.5734 0.6714 68.9648 1.4118 0.0076
Car 0.0000 0 1.7726 586.4300 174.2629 618.0436 195.0669 1.4666 1.6142 3.7592 0.1127 0.9570 52.6385 1.7697 0.0076
Cyclist 0.0000 0 -2.4553 217.6055 174.0454 275.7631 233.9105 1.6543 0.5540 1.4491 -10.0424 1.4494 20.2799 -2.9152 0.0075
Pedestrian 0.0000 0 -1.3949 927.0572 156.7723 952.2455 216.5565 1.9399 0.6558 0.6502 11.1646 1.1386 23.7601 -0.9650 0.0075
Pedestrian 0.0000 0 -1.1501 234.0141 166.7989 254.8550 204.2103 1.9736 0.7287 0.8140 -19.0413 1.1989 38.3155 -1.6136 0.0075
Pedestrian 0.0000 0 0.7044 216.5125 171.9406 245.2377 234.2835 1.7362 0.5109 0.5138 -10.5044 1.4711 20.3092 0.2271 0.0074
Pedestrian 0.0000 0 1.4965 209.1138 170.7438 233.0157 234.3368 1.7719 0.5651 0.4672 -10.8139 1.4734 20.3612 1.0083 0.0073
Pedestrian 0.0000 0 -2.2110 895.1353 165.7577 929.2068 225.6379 1.7160 0.6455 0.6589 9.0419 1.2660 20.9805 -1.8138 0.0073
Cyclist 0.0000 0 -1.7845 874.9672 161.3982 893.9380 207.8279 1.7366 0.3924 1.3230 10.8262 0.9858 27.5486 -1.4184 0.0073
Car 0.0000 0 3.7074 0.0000 177.9750 133.8126 284.6315 1.5391 1.7315 4.0664 -10.1829 1.4895 11.5268 2.9896 0.0072
Cyclist 0.0000 0 -1.8491 906.7076 159.1384 938.6139 214.6689 1.7312 0.4506 1.7918 10.3784 1.0352 23.3092 -1.4394 0.0072
Cyclist 0.0000 0 -0.8382 878.3964 162.6931 938.5172 223.7561 1.7301 0.5926 1.7731 8.9517 1.1984 20.9987 -0.4449 0.0072
Car 0.0000 0 0.1945 0.0000 0.0000 1238.0000 374.0000 1.4736 1.6518 4.1985 -12.1937 1.8160 0.0776 -1.3533 0.0072
Pedestrian 0.0000 0 -1.8083 1094.8286 154.0602 1126.9597 222.8431 1.7445 0.5637 0.5261 13.1266 1.0498 18.5630 -1.2045 0.0071
Car 0.0000 0 2.1614 537.5227 174.7167 587.3450 194.4471 1.5294 1.7177 4.6945 -3.0767 1.0041 58.1364 2.1038 0.0071
Cyclist 0.0000 0 -0.1933 27.7798 165.2130 88.7640 215.7639 1.9232 0.6858 1.8148 -21.3486 1.3046 28.2314 -0.8413 0.0070
Car 0.0000 0 1.7668 586.6398 174.0577 618.2299 195.0053 1.4851 1.6385 3.7987 0.1285 0.9581 52.9448 1.7642 0.0069
Car 0.0000 0 4.4998 0.0000 0.0000 1238.0000 374.0000 1.6159 1.7355 4.1520 -27.6617 1.5533 0.7139 2.9595 0.0068
Car 0.0000 0 -0.6670 0.0000 185.6828 93.6979 297.9989 1.4404 1.4883 3.4585 -10.0910 1.5175 11.1787 -1.3951 0.0067
Car 0.0000 0 -2.3199 677.0735 168.6766 728.2482 189.1143 1.7426 1.7403 4.6995 8.9548 0.6497 63.6686 -2.1856 0.0067
Car 0.0000 0 1.9861 586.7224 172.7648 627.3179 194.3168 1.5263 1.6175 3.7823 0.4683 0.9083 52.9246 1.9900 0.0067
Pedestrian 0.0000 0 -0.9423 216.9097 170.1367 252.8315 234.1515 1.7432 0.6235 0.6537 -10.1951 1.4349 19.9293 -1.4151 0.0067
Cyclist 0.0000 0 2.5404 864.4149 159.6280 930.5638 221.5866 1.7619 0.6376 1.7290 8.5903 1.1411 20.9253 2.9204 0.0067
Car 0.0000 0 0.3609 0.0000 0.0000 1238.0000 374.0000 1.4671 1.7089 4.0295 35.9276 0.6669 1.9916 1.8641 0.0066
Car 0.0000 0 -1.5209 26.2654 164.9517 83.3714 211.6245 1.8095 1.6996 4.0805 -22.7683 1.1689 30.0102 -2.1707 0.0066
Car 0.0000 0 2.7616 0.0000 0.0000 1238.0000 374.0000 1.4479 1.5678 3.7203 -34.3531 1.7065 1.0943 1.2254 0.0066
Pedestrian 0.0000 0 -1.4159 984.5643 155.3990 1012.3562 222.9675 1.9377 0.6277 0.6401 11.6039 1.1904 21.0426 -0.9223 0.0065
Car 0.0000 0 0.8687 678.4562 167.7057 728.4756 188.2312 1.7443 1.7697 4.6565 8.9979 0.5725 63.4810 1.0040 0.0064
Cyclist 0.0000 0 -0.2467 27.3148 165.9489 90.3261 216.2429 1.9112 0.6818 1.8676 -21.3265 1.3212 28.2354 -0.8942 0.0063
Pedestrian 0.0000 0 -1.0679 893.3439 163.9280 920.1428 213.5993 1.7846 0.7010 0.6003 11.1422 1.1543 26.2673 -0.6754 0.0063
Car 0.0000 0 2.0734 660.2311 171.8972 698.7278 188.2082 1.5102 1.6680 4.6206 7.5623 0.6214 68.8783 2.1774 0.0063
Car 0.0000 0 2.2375 660.0134 171.8994 703.2614 188.0866 1.5020 1.6709 4.5627 7.7613 0.6115 68.8660 2.3444 0.0063
Car 0.0000 0 1.9983 661.1693 172.6671 696.5330 188.6096 1.4787 1.6596 4.5502 7.5159 0.6598 69.0065 2.1015 0.0062
Car 0.0000 0 3.4572 0.0000 0.0000 1238.0000 374.0000 1.4447 1.6479 4.2767 -35.4342 1.7287 1.3484 1.9270 0.0062
Car 0.0000 0 1.4779 659.2617 174.1577 680.1564 189.1754 1.4030 1.6016 4.1215 6.5855 0.7174 69.1701 1.5676 0.0062
Car 0.0000 0 0.2297 697.1475 168.4289 743.6927 185.3208 1.5512 1.6076 4.0573 11.2149 0.3512 67.4763 0.3889 0.0061
Car 0.0000 0 2.2064 0.0000 188.7460 44.5790 316.7518 1.4506 1.4513 3.4556 -9.8130 1.5725 10.1469 1.4451 0.0061
Pedestrian 0.0000 0 -2.0896 885.5094 163.1364 919.1927 222.9099 1.7139 0.6515 0.6813 8.7518 1.1885 20.9755 -1.7039 0.0061
Pedestrian 0.0000 0 -0.0717 272.8847 165.9457 291.8850 199.9697 1.8964 0.5828 0.9387 -17.9967 1.0303 40.5138 -0.4923 0.0061
Cyclist 0.0000 0 -1.2097 894.9063 164.4179 932.4183 222.3565 1.6578 0.4794 1.6647 9.2502 1.1701 21.3189 -0.8100 0.0061
Car 0.0000 0 1.1332 693.9758 170.0865 731.0729 187.3394 1.4733 1.6260 4.1261 9.8161 0.4991 63.5503 1.2810 0.0061
Pedestrian 0.0000 0 1.3614 0.0000 0.0000 1238.0000 374.0000 2.0809 0.5650 0.9186 -24.3334 1.7754 0.1776 -0.1962 0.0060
Pedestrian 0.0000 0 -2.1702 885.6035 163.3907 918.9232 223.0362 1.7094 0.6339 0.6583 8.7491 1.1915 20.9728 -1.7845 0.0060
Car 0.0000 0 0.6800 220.7037 178.9198 297.7008 204.3340 1.5943 1.6662 4.4214 -22.0748 1.4332 46.3818 0.2329 0.0060
Car 0.0000 0 0.2675 0.0000 0.0000 1238.0000 374.0000 1.5514 1.6450 4.3378 36.1543 0.7211 2.0292 1.7701 0.0059
Pedestrian 0.0000 0 -1.1831 893.6381 164.5484 919.3250 213.7550 1.7676 0.6930 0.5961 11.1293 1.1597 26.2570 -0.7909 0.0059
Pedestrian 0.0000 0 0.7674 249.0600 175.7930 269.9812 210.5306 1.7415 0.5741 0.7766 -17.3336 1.4563 36.4043 0.3208 0.0059
Car 0.0000 0 1.9919 661.9894 172.7317 694.7856 188.1983 1.4375 1.6087 4.1073 7.4578 0.6229 68.9421 2.0943 0.0058
Car 0.0000 0 -1.5554 395.2414 167.6613 414.3535 186.1665 1.7143 1.7140 4.1251 -18.7547 0.4327 68.7541 -1.8256 0.0058
Pedestrian 0.0000 0 0.3264 235.7047 165.2656 253.3770 202.1160 1.9494 0.6262 0.6821 -19.0564 1.0914 38.3539 -0.1370 0.0058
Car 0.0000 0 -1.3155 24.7995 167.8515 104.2761 211.4785 1.6971 1.6779 4.1645 -22.4547 1.1672 30.1854 -1.9559 0.0057
Car 0.0000 0 -1.1293 223.6061 173.3976 277.5598 201.8645 1.6649 1.6339 3.4733 -21.3039 1.1918 43.7575 -1.5850 0.0057
Car 0.0000 0 2.3057 662.2430 171.8042 706.0705 187.8512 1.4934 1.6736 4.3976 8.0047 0.5914 68.9345 2.4159 0.0057
Car 0.0000 0 2.0868 0.0000 188.3534 55.2458 307.3905 1.4320 1.5177 3.4910 -9.9692 1.5535 10.7252 1.3446 0.0056
Car 0.0000 0 1.6182 667.5889 171.8295 689.3149 191.8719 1.5562 1.5774 3.9381 6.2534 0.8059 57.8364 1.7205 0.0056
Car 0.0000 0 1.5056 664.8394 169.4553 687.8400 190.6547 1.6479 1.5685 3.8173 6.0178 0.7122 57.7712 1.6040 0.0056
Cyclist 0.0000 0 -0.8360 876.2551 162.4785 935.5211 223.2167 1.7223 0.5380 1.8001 8.8773 1.1841 20.9976 -0.4457 0.0055
Pedestrian 0.0000 0 0.8848 249.0490 175.5105 270.0585 210.1343 1.7346 0.5939 0.7927 -17.3411 1.4354 36.4221 0.4382 0.0055
Car 0.0000 0 0.2613 0.0000 185.3345 195.2549 295.3648 1.4770 1.5912 3.9546 -8.7620 1.5462 11.2391 -0.3952 0.0055
Cyclist 0.0000 0 -0.1892 26.6339 163.3960 90.2469 215.6106 1.9818 0.7253 1.8910 -21.3217 1.2957 28.2063 -0.8371 0.0055
Car 0.0000 0 0.0791 699.0378 169.2391 740.4196 186.1138 1.5476 1.5712 3.7074 11.0936 0.4235 67.0757 0.2376 0.0054
Car 0.0000 0 1.1435 693.6513 170.2204 731.4360 187.3699 1.4643 1.6521 4.2953 9.8261 0.5016 63.6244 1.2912 0.0054
Car 0.0000 0 3.3636 0.0000 0.0000 1238.0000 374.0000 1.4923 1.6214 3.9829 -35.1864 1.9491 1.4864 1.8375 0.0054
Car 0.0000 0 2.2288 534.5204 174.4008 586.3239 193.9326 1.5158 1.7055 4.6615 -3.2432 0.9654 58.1520 2.1684 0.0054
Car 0.0000 0 0.3260 487.8500 175.1497 559.6984 201.5920 1.5140 1.7178 3.8710 -4.5587 1.1512 42.3790 0.2145 0.0053
Car 0.0000 0 0.5189 487.6383 175.4962 562.8580 202.6440 1.5279 1.7436 4.0421 -4.4567 1.1908 42.0296 0.4089 0.0053
Cyclist 0.0000 0 -0.9629 178.1877 165.3030 233.7442 235.6684 1.8667 0.5196 1.6153 -10.9495 1.4382 19.8846 -1.4659 0.0053
Car 0.0000 0 1.5835 667.8343 171.0392 687.6213 191.0804 1.5582 1.5320 3.7066 6.1718 0.7454 57.7767 1.6845 0.0052
Car 0.0000 0 3.4881 0.0000 0.0000 1238.0000 374.0000 1.4520 1.6897 4.2837 -35.4627 1.6279 1.4357 1.9603 0.0052
Cyclist 0.0000 0 -1.7398 1044.5277 158.1708 1082.1658 237.4588 1.8089 0.4217 1.9065 11.0970 1.2778 17.3475 -1.1827 0.0052
Cyclist 0.0000 0 -0.8795 0.0000 173.3975 34.5611 275.3632 1.6764 0.3933 1.7784 -10.9509 1.5445 12.6997 -1.5863 0.0052
Car 0.0000 0 1.9967 565.5608 174.2575 607.9696 195.2137 1.4801 1.5516 4.1868 -1.0164 0.9692 52.9635 1.9726 0.0052
Pedestrian 0.0000 0 0.0642 271.4362 165.3221 291.5022 199.6436 1.9147 0.5424 1.0031 -18.0365 1.0130 40.5016 -0.3573 0.0051
Car 0.0000 0 0.4414 0.0000 0.0000 1238.0000 374.0000 1.4811 1.7225 4.2516 35.9731 0.6168 2.0414 1.9433 0.0051
Pedestrian 0.0000 0 0.9450 160.1813 176.0829 180.3078 214.1539 1.8292 0.6107 0.5870 -20.9618 1.5698 34.9074 0.4025 0.0050
Pedestrian 0.0000 0 -1.5402 941.6653 155.6032 963.7565 216.4716 1.9544 0.6362 0.6910 11.4771 1.1240 23.5144 -1.0956 0.0050
Cyclist 0.0000 0 -1.6995 227.4329 171.2550 253.4480 233.1482 1.6568 0.4516 1.5216 -10.0835 1.3838 19.9833 -2.1668 0.0050
Pedestrian 0.0000 0 2.3217 220.4105 168.9622 248.6900 231.9763 1.7760 0.5283 0.4907 -10.5245 1.4238 20.5515 1.8484 0.0049
Cyclist 0.0000 0 -1.9664 1107.7863 154.1437 1155.7133 220.2260 1.6605 0.3830 1.6616 13.8948 0.9743 18.9007 -1.3442 0.0049
Cyclist 0.0000 0 -0.2646 35.3226 166.6508 96.1446 217.0305 1.9228 0.7159 1.8004 -21.1367 1.3571 28.3430 -0.9060 0.0049
Pedestrian 0.0000 0 -1.3485 924.0100 152.5157 951.1077 206.4111 1.8751 0.6921 0.9365 11.9474 0.8678 25.5718 -0.9204 0.0049
Car 0.0000 0 0.7668 0.0000 185.8640 109.8999 290.9237 1.4630 1.4809 3.8542 -9.8981 1.5353 10.8747 0.0349 0.0049
Car 0.0000 0 0.3188 488.7679 175.0707 562.1243 201.8742 1.5342 1.7331 3.9626 -4.4585 1.1670 42.3727 0.2096 0.0049
Car 0.0000 0 1.8828 653.1021 171.0491 685.0977 189.3144 1.4809 1.5649 3.9271 5.7469 0.6341 60.3530 1.9724 0.0049
Pedestrian 0.0000 0 -1.1864 0.0000 0.0000 1238.0000 374.0000 1.6264 0.6083 0.5397 19.8762 1.3593 0.1995 0.3562 0.0049
Car 0.0000 0 2.5099 0.0000 188.3235 58.7760 307.6404 1.4591 1.6057 3.5851 -10.6100 1.5820 10.9033 1.7447 0.0048
Car 0.0000 0 -2.1943 1102.7476 150.3746 1228.2832 196.1121 1.6342 1.7892 3.9678 21.5362 0.5231 27.6712 -1.5425 0.0048
Cyclist 0.0000 0 -1.1507 884.3143 163.0082 924.7550 221.1426 1.6311 0.4409 1.7091 8.8030 1.1134 20.9009 -0.7616 0.0048
Cyclist 0.0000 0 -0.1365 31.7424 164.3833 94.1607 216.0413 1.9735 0.7174 1.8927 -21.2626 1.3206 28.3609 -0.7804 0.0048
Pedestrian 0.0000 0 -1.3281 923.1948 152.7756 950.8243 206.4285 1.8680 0.6967 0.9272 11.9346 0.8690 25.5869 -0.9006 0.0048
Car 0.0000 0 2.1681 589.2663 172.4073 635.4568 194.3365 1.5580 1.5651 3.7839 0.8597 0.9126 53.0322 2.1792 0.0048
Car 0.0000 0 -0.8681 0.0000 189.3755 92.0932 301.2433 1.4097 1.5148 3.6103 -9.9424 1.5529 11.1255 -1.5912 0.0048
Car 0.0000 0 2.2902 0.0000 189.2508 54.5667 312.4847 1.4254 1.5016 3.6044 -10.0073 1.5583 10.3676 1.5297 0.0048
Cyclist 0.0000 0 -0.8105 902.1343 162.7990 951.2472 216.6924 1.6616 0.4282 1.6107 10.2351 1.0861 22.6525 -0.3955 0.0048
Cyclist 0.0000 0 1.5734 255.3539 178.7411 265.3234 211.2260 1.6120 0.4484 1.5964 -17.3215 1.4760 36.4611 1.1276 0.0047
Cyclist 0.0000 0 -0.1029 29.9291 163.6359 93.4411 215.6150 1.9843 0.7179 1.9407 -21.2995 1.3034 28.3429 -0.7480 0.0046
Cyclist 0.0000 0 0.7643 196.3976 166.7325 257.8265 233.4275 1.8169 0.4875 1.6358 -10.4684 1.4157 20.0282 0.2828 0.0046
Car 0.0000 0 -1.7005 710.1909 166.0085 734.4786 183.9643 1.6567 1.7342 4.1205 11.5103 0.2277 68.3603 -1.5392 0.0045
Cyclist 0.0000 0 -0.7388 899.1668 165.0576 949.2780 217.6183 1.6207 0.4506 1.5458 10.1347 1.1148 22.6083 -0.3268 0.0045
Car 0.0000 0 1.8593 452.2135 175.9814 504.2992 203.9476 1.4919 1.7380 4.3930 -6.8879 1.1984 40.6012 1.6873 0.0045
Cyclist 0.0000 0 -1.0921 881.9128 162.9417 926.2293 221.8275 1.6609 0.4748 1.7073 8.8270 1.1386 20.9912 -0.7036 0.0045
Cyclist 0.0000 0 -0.9363 890.5022 160.5629 947.3508 221.4267 1.7043 0.5917 1.7578 9.1778 1.1192 20.8121 -0.5307 0.0044
Cyclist 0.0000 0 -0.1070 22.0262 163.2693 86.7051 216.2729 2.0098 0.7310 1.9519 -21.4574 1.3195 28.1716 -0.7585 0.0044
Car 0.0000 0 1.2701 705.3707 168.9408 745.8448 190.5946 1.5948 1.8312 4.3424 9.5020 0.6704 55.1775 1.4350 0.0044
Car 0.0000 0 -0.3387 0.0000 185.9851 134.2141 298.1906 1.4719 1.4686 3.1269 -9.4380 1.5543 11.2758 -1.0297 0.0044
Car 0.0000 0 -0.3418 0.0000 182.5854 144.5782 294.4064 1.4954 1.4849 3.3334 -9.4851 1.5167 11.4490 -1.0279 0.0043
Car 0.0000 0 2.9587 0.0000 0.0000 1238.0000 374.0000 1.4697 1.5406 3.9609 -34.7069 1.8305 1.2364 1.4261 0.0043
Pedestrian 0.0000 0 -1.6905 936.4435 154.9145 961.5815 215.1039 1.9559 0.6582 0.7382 11.4814 1.0931 23.7941 -1.2503 0.0043
Pedestrian 0.0000 0 -1.4741 161.8952 174.2505 179.9302 213.7371 1.8950 0.6914 0.6882 -20.9398 1.5480 34.9307 -2.0159 0.0043
Car 0.0000 0 0.3203 0.0000 185.4355 125.4949 291.3429 1.4501 1.5345 3.1360 -9.5072 1.5199 11.2189 -0.3766 0.0042
Car 0.0000 0 0.3388 0.0000 0.0000 1238.0000 374.0000 1.4666 1.7480 4.1039 36.0073 0.6711 1.9541 1.8432 0.0042
Car 0.0000 0 -2.0100 0.0000 187.9246 85.0882 303.6465 1.4436 1.6011 4.2200 -9.9294 1.5541 10.6700 -2.7527 0.0042
Car 0.0000 0 0.7965 0.0000 189.3611 108.8151 293.4044 1.4309 1.4657 3.8579 -9.8821 1.5605 10.8621 0.0648 0.0042
Cyclist 0.0000 0 2.0675 0.0000 0.0000 1238.0000 374.0000 2.0568 0.5976 2.0756 -6.1395 1.6720 -0.0773 0.5219 0.0042
Car 0.0000 0 2.2295 660.1439 171.8373 701.9778 187.8897 1.4890 1.6347 4.4156 7.6956 0.5931 68.7878 2.3356 0.0041
Car 0.0000 0 2.3143 661.9042 171.8316 707.3864 188.0088 1.5012 1.6795 4.5843 8.0372 0.6043 68.7939 2.4253 0.0041
Car 0.0000 0 -0.6479 566.4974 174.0908 622.0983 196.5569 1.5633 1.7234 3.7313 -0.4810 1.0484 51.8091 -0.6621 0.0041
Car 0.0000 0 1.4081 648.2613 169.9227 675.7606 190.5016 1.6050 1.5825 3.8707 4.8818 0.7026 58.0176 1.4868 0.0041
Pedestrian 0.0000 0 -1.2100 1015.4083 165.5908 1044.4235 220.1477 1.7523 0.6792 0.5159 13.9886 1.2424 23.4950 -0.6830 0.0041
Car 0.0000 0 0.8246 0.0000 187.1199 118.9283 290.7984 1.4358 1.5588 3.8763 -9.8445 1.5309 11.0230 0.1020 0.0040
Car 0.0000 0 -3.1039 661.4252 171.3967 714.2422 191.6818 1.5690 1.6820 4.0799 6.8578 0.7881 56.6987 -2.9890 0.0040
Car 0.0000 0 -1.3430 26.6302 166.4701 99.4282 210.9263 1.7378 1.6485 3.7057 -22.4795 1.1513 30.1051 -1.9851 0.0040
Cyclist 0.0000 0 0.8847 211.8616 170.2428 265.6884 233.7644 1.7488 0.5567 1.4645 -10.2942 1.4401 20.3246 0.4158 0.0040
Cyclist 0.0000 0 -1.0026 883.1130 160.1375 934.6721 220.6023 1.6930 0.4969 1.8018 8.8982 1.0960 20.8297 -0.6085 0.0040
Car 0.0000 0 3.3104 433.4895 175.4869 505.4223 201.9336 1.5424 1.7723 3.9809 -7.8170 1.1925 42.8079 3.1258 0.0040
Pedestrian 0.0000 0 -0.0207 690.7253 175.2523 722.3469 237.7788 1.6076 0.5498 0.8013 2.7095 1.4482 18.7857 0.1153 0.0040
Cyclist 0.0000 0 0.0531 228.6564 168.2269 260.1453 202.1281 1.7876 0.5579 1.4835 -19.0921 1.0886 38.4264 -0.4103 0.0039
Car 0.0000 0 1.7753 190.0214 175.8837 236.5553 207.8675 1.7514 1.6826 3.5083 -22.2301 1.4447 41.2540 1.2787 0.0039
Car 0.0000 0 -2.1604 1098.8331 151.1264 1222.6040 196.2383 1.6183 1.8207 4.0165 21.4684 0.5298 27.8235 -1.5127 0.0039
Car 0.0000 0 2.9689 0.0000 0.0000 1238.0000 374.0000 1.4132 1.5842 3.7315 -34.7553 1.9050 1.3067 1.4383 0.0039
Cyclist 0.0000 0 -1.1216 164.5173 175.5408 189.9889 211.2972 1.7294 0.5238 1.4159 -20.9406 1.4420 35.4675 -1.6568 0.0039
Car 0.0000 0 1.3021 705.5908 167.8012 746.1657 190.6795 1.6792 1.8855 4.5859 9.5046 0.6743 55.0994 1.4672 0.0039
Car 0.0000 0 -1.5986 26.8857 164.6662 81.9131 210.1786 1.7675 1.7082 3.8444 -22.8439 1.1147 29.9253 -2.2514 0.0038
Pedestrian 0.0000 0 0.1543 275.5478 164.7578 289.5739 199.0942 1.9289 0.6158 0.6423 -18.0797 0.9892 40.7333 -0.2660 0.0038
Cyclist 0.0000 0 1.4810 655.5275 170.3554 664.4801 192.9693 1.6796 0.5297 1.5058 4.4260 0.8524 54.1061 1.5573 0.0038
Cyclist 0.0000 0 -1.3176 882.8193 164.0831 913.5863 222.1444 1.6499 0.4775 1.5646 8.7332 1.1561 21.1811 -0.9360 0.0038
Pedestrian 0.0000 0 -1.0931 915.9142 155.7877 946.5528 208.0106 1.8382 0.6395 0.9546 11.8391 0.9342 25.8301 -0.6722 0.0038
Car 0.0000 0 3.3166 0.0000 0.0000 1238.0000 374.0000 1.4774 1.6712 4.2143 -35.1968 1.8104 1.3807 1.7875 0.0038
Car 0.0000 0 -1.9497 0.0000 166.5888 84.8868 211.6587 1.7374 1.6814 4.6321 -23.4046 1.1636 29.5713 -2.6198 0.0037
Pedestrian 0.0000 0 2.3974 220.6332 168.7819 248.7183 231.0854 1.7578 0.5258 0.4907 -10.5386 1.4001 20.5853 1.9242 0.0037
Car 0.0000 0 2.5952 0.0000 185.7393 3.0220 227.4137 1.4567 1.4932 3.8229 -25.5827 1.6324 27.5630 1.8467 0.0037
Pedestrian 0.0000 0 0.1721 275.2152 165.0938 289.7581 199.1521 1.9142 0.6205 0.6599 -18.0923 0.9929 40.7525 -0.2482 0.0037
Pedestrian 0.0000 0 -1.2052 916.8923 155.8144 945.9741 208.0216 1.8362 0.6633 0.9435 11.8472 0.9339 25.8302 -0.7840 0.0037
Car 0.0000 0 0.2578 0.0000 178.8364 160.5971 292.1836 1.5410 1.6056 3.5402 -9.1088 1.5061 11.2159 -0.4184 0.0037
Car 0.0000 0 -2.0799 0.0000 185.6031 87.3977 293.9532 1.4464 1.6376 3.9394 -10.2199 1.5190 11.0950 -2.8179 0.0037
Pedestrian 0.0000 0 -1.0896 885.4165 165.6909 911.1063 213.0406 1.7074 0.6945 0.5543 10.8643 1.1384 26.3449 -0.7070 0.0036
Car 0.0000 0 2.2051 605.4666 172.8957 658.5560 195.2639 1.5765 1.6357 4.3853 2.3113 0.9707 52.8483 2.2436 0.0036
Car 0.0000 0 -1.0306 215.7092 176.2196 277.9021 205.0292 1.6662 1.6943 3.7527 -21.3856 1.3616 43.4811 -1.4903 0.0036
Pedestrian 0.0000 0 -1.1257 912.5249 156.5194 941.5541 209.0795 1.8533 0.6732 0.8084 11.6940 0.9735 25.8446 -0.7097 0.0036
Pedestrian 0.0000 0 -1.2722 0.0000 0.0000 1238.0000 374.0000 1.6216 0.5695 0.5664 19.8860 1.4245 0.1576 0.2726 0.0036
Car 0.0000 0 1.4176 709.1160 168.8026 741.7733 190.8476 1.6244 1.8267 4.1246 9.4689 0.6894 55.0021 1.5823 0.0035
Cyclist 0.0000 0 -1.0525 0.0000 172.5229 35.6934 274.3367 1.7011 0.4251 1.7751 -10.9764 1.5524 12.9109 -1.7524 0.0035
Car 0.0000 0 -3.2272 661.3146 170.4733 715.5452 191.3279 1.6199 1.7288 4.1081 6.8574 0.7639 56.7201 -3.1124 0.0035
Pedestrian 0.0000 0 -1.7608 974.9186 157.0540 1006.0867 224.1813 1.9578 0.6974 0.6533 11.5338 1.2459 21.3617 -1.2759 0.0035
Car 0.0000 0 2.6710 0.0000 183.2671 35.5951 310.4973 1.5213 1.6271 3.4633 -10.7513 1.5531 10.5364 1.8825 0.0035
Car 0.0000 0 -1.7326 1005.9807 156.9133 1069.3198 197.8361 1.5760 1.6163 3.7156 17.9224 0.6301 29.6853 -1.1983 0.0035
Car 0.0000 0 1.1437 979.3868 157.0063 1069.4421 203.4095 1.6791 1.5321 3.8285 16.3267 0.7939 27.9674 1.6631 0.0034
Car 0.0000 0 0.6855 0.0000 186.3600 109.5703 287.6379 1.4312 1.5300 3.5405 -9.9295 1.5130 11.0632 -0.0396 0.0034
Car 0.0000 0 1.4161 1006.9218 156.7603 1069.8226 202.8826 1.6610 1.4963 3.6299 16.8245 0.7711 27.8303 1.9507 0.0033
Car 0.0000 0 2.6213 0.0000 185.2945 57.3182 315.7667 1.5774 1.6817 3.7164 -10.7323 1.6465 10.8159 1.8464 0.0033
Pedestrian 0.0000 0 -0.2492 0.0000 0.0000 1238.0000 374.0000 1.8084 0.5661 0.7027 -24.3619 1.6293 -0.1438 -1.8200 0.0033
Pedestrian 0.0000 0 -1.7427 653.8875 170.3137 665.0601 192.9086 1.6897 0.7453 0.5880 4.3838 0.8538 54.0456 -1.6671 0.0033
Pedestrian 0.0000 0 -1.1615 912.1315 155.8896 941.4384 208.4977 1.8534 0.6929 0.8279 11.6832 0.9522 25.8402 -0.7457 0.0033
Car 0.0000 0 -1.4862 22.5401 168.0396 80.1567 211.2597 1.6745 1.6062 3.5060 -22.7140 1.1540 29.7371 -2.1393 0.0033
Car 0.0000 0 -1.9753 0.0000 181.1798 58.4484 299.3902 1.5276 1.6697 4.1774 -10.4690 1.5248 10.8730 -2.7352 0.0033
Car 0.0000 0 1.3059 0.0000 0.0000 1238.0000 374.0000 1.5423 1.5851 4.2815 -28.1342 1.6336 1.2206 -0.2171 0.0033
Cyclist 0.0000 0 -1.8370 1100.4860 152.3687 1139.8257 217.4552 1.6461 0.4160 1.5992 13.6586 0.9105 18.9877 -1.2250 0.0033
Car 0.0000 0 1.5289 711.9055 169.1055 738.1921 191.0073 1.6149 1.7945 3.8627 9.4463 0.7016 54.9884 1.6933 0.0032
Car 0.0000 0 2.9628 0.0000 0.0000 1238.0000 374.0000 1.5023 1.6171 4.0178 -34.3867 1.7549 1.1782 1.4290 0.0032
Car 0.0000 0 1.9146 447.3036 176.4797 502.6478 204.0495 1.4686 1.7294 4.3356 -7.0617 1.2020 40.5426 1.7382 0.0032
Car 0.0000 0 -1.1509 27.6411 169.2893 113.2910 210.9041 1.6390 1.6285 3.4470 -22.1911 1.1591 30.1475 -1.7862 0.0032
Car 0.0000 0 3.0481 0.0000 0.0000 1238.0000 374.0000 1.4311 1.6225 4.0663 -34.6918 1.7519 1.2941 1.5172 0.0032
Car 0.0000 0 1.3368 0.0000 0.0000 1238.0000 374.0000 1.4893 1.6185 4.0996 -27.9770 1.6255 1.1639 -0.1879 0.0032
Pedestrian 0.0000 0 -1.1359 886.1268 166.2744 911.4747 213.6065 1.7060 0.6860 0.5660 10.8796 1.1583 26.3330 -0.7527 0.0032
Car 0.0000 0 1.5119 711.4568 169.4609 738.8027 191.0565 1.5936 1.8084 3.9334 9.4623 0.7058 55.0561 1.6764 0.0032
Cyclist 0.0000 0 2.2609 227.0750 169.3512 259.0345 204.0744 1.8018 0.5252 1.7586 -19.0399 1.1723 38.1882 1.7961 0.0032
Pedestrian 0.0000 0 -1.5383 976.4119 155.0669 1004.1238 223.7611 2.0020 0.7123 0.6592 11.5557 1.2327 21.3944 -1.0534 0.0031
Car 0.0000 0 1.4712 1010.8834 157.1665 1070.3461 204.2642 1.6780 1.5167 4.0046 16.8447 0.8121 27.7253 2.0080 0.0031
Pedestrian 0.0000 0 -1.0789 887.0758 157.7521 921.8616 220.0481 1.7605 0.6852 0.6912 8.7377 1.0905 20.7824 -0.6905 0.0031
Car 0.0000 0 -1.3606 27.2985 168.3927 96.6452 210.8483 1.6615 1.6355 3.4500 -22.4692 1.1495 30.0181 -2.0039 0.0031
Car 0.0000 0 1.1384 982.1055 155.8066 1070.1377 202.9436 1.7075 1.4951 3.6982 16.3762 0.7778 27.9270 1.6597 0.0031
Car 0.0000 0 -0.7484 0.0000 189.5156 1.0169 228.7017 1.3937 1.4683 3.7265 -26.0063 1.7312 28.2425 -1.4931 0.0031
Car 0.0000 0 -1.8094 10.3207 170.5609 88.2309 213.2705 1.6508 1.6374 4.0265 -22.8500 1.2290 29.6589 -2.4666 0.0031
Cyclist 0.0000 0 -1.1225 248.9736 173.1786 267.7851 203.7580 1.7960 0.3523 1.6240 -20.5225 1.3080 42.9983 -1.5704 0.0030
Car 0.0000 0 1.6106 602.1799 174.7523 621.3397 192.5444 1.4495 1.4836 3.7706 0.9216 0.9003 60.4384 1.6209 0.0030
Car 0.0000 0 -0.8647 0.0000 187.2627 3.5333 225.8783 1.4003 1.4969 4.0022 -26.2492 1.6476 28.6764 -1.6065 0.0030
Car 0.0000 0 2.0279 198.2360 166.4701 263.4186 198.9118 1.8960 1.8032 4.4297 -22.7049 1.0184 44.2107 1.5510 0.0030
Cyclist 0.0000 0 -1.2856 385.8254 178.2891 395.6076 198.2825 1.5117 0.3491 1.3851 -16.1102 1.2695 55.0020 -1.5742 0.0030
Car 0.0000 0 1.2523 646.8463 170.9153 680.3680 191.9699 1.6387 1.4975 3.9982 5.0058 0.8154 58.0247 1.3331 0.0030
Car 0.0000 0 1.8023 452.2602 176.0669 499.4191 203.5383 1.4684 1.7305 4.1401 -7.0176 1.1788 40.5088 1.6268 0.0030
Car 0.0000 0 2.1738 30.8899 170.2768 125.3091 210.8646 1.5977 1.5197 3.4163 -21.7616 1.1569 30.0012 1.5454 0.0030
Car 0.0000 0 2.1212 0.0000 182.9302 1.0124 221.8996 1.4476 1.5994 4.2463 -26.5755 1.5109 29.0805 1.3802 0.0030
Car 0.0000 0 3.0371 0.0000 0.0000 1238.0000 374.0000 1.4342 1.6280 3.7333 -39.7450 1.7775 1.6174 1.5087 0.0030
Pedestrian 0.0000 0 -1.2657 651.7905 168.3734 663.2421 192.1472 1.7735 0.6806 0.7080 4.2397 0.7949 54.0392 -1.1927 0.0030
Car 0.0000 0 -1.4242 27.4964 167.9142 90.8676 211.0450 1.6857 1.6340 3.3882 -22.5442 1.1557 29.9506 -2.0702 0.0030
Car 0.0000 0 1.9725 200.3171 165.6405 261.4548 197.4813 1.8633 1.7742 4.4164 -22.7535 0.9360 44.3030 1.4955 0.0030
Car 0.0000 0 0.5675 107.7891 177.0326 220.3421 211.3432 1.5674 1.7082 4.2635 -20.4734 1.3643 33.7098 0.0201 0.0030
Car 0.0000 0 2.1770 447.1657 176.7883 510.8408 203.6958 1.4284 1.6230 3.8438 -6.7937 1.1791 40.2146 2.0057 0.0030
Car 0.0000 0 1.0445 1237.5928 153.5452 1238.0000 213.8834 1.7484 1.6816 4.2767 22.7508 0.9395 23.0900 1.8118 0.0030
Pedestrian 0.0000 0 -1.1075 887.8746 157.5414 921.7840 219.9622 1.7637 0.6792 0.6687 8.7429 1.0879 20.7694 -0.7187 0.0030
Car 0.0000 0 -1.3125 25.3144 168.6757 99.8575 211.0379 1.6569 1.6409 3.5632 -22.4604 1.1563 30.0533 -1.9551 0.0029
Cyclist 0.0000 0 1.4550 221.0139 171.6183 246.5888 233.4825 1.6900 0.4857 1.3739 -10.4421 1.4212 20.3266 0.9805 0.0029
Car 0.0000 0 1.0498 1235.3015 153.2400 1238.0000 212.2553 1.7153 1.7120 4.3461 22.7916 0.8951 23.1924 1.8159 0.0029
Car 0.0000 0 -0.6093 0.0000 185.5311 52.5375 307.4034 1.5204 1.6592 3.5825 -10.8274 1.5942 11.0012 -1.3803 0.0029
Cyclist 0.0000 0 2.2490 157.5192 175.5296 189.9175 214.3633 1.8558 0.5395 1.5041 -20.8989 1.5714 35.1086 1.7103 0.0029
Car 0.0000 0 -1.8460 0.0000 181.1467 3.0403 288.6682 1.4897 1.6280 4.0365 -11.6711 1.4861 11.6524 -2.6263 0.0029
Pedestrian 0.0000 0 -1.5405 917.9017 153.5358 939.7578 208.2970 1.9103 0.6910 0.9172 11.6591 0.9359 25.6190 -1.1223 0.0029
Pedestrian 0.0000 0 -0.0976 776.1984 163.9714 789.6100 184.7207 1.8277 0.8253 1.0736 16.1357 0.2841 63.7568 0.1444 0.0029
Cyclist 0.0000 0 -1.7969 1062.4939 156.4628 1109.6796 238.3182 1.8410 0.4539 2.0679 11.5383 1.2791 17.2016 -1.2183 0.0028
Car 0.0000 0 1.5856 711.9684 170.1079 735.7244 191.6167 1.5873 1.7329 3.8126 9.4133 0.7472 55.0380 1.7493 0.0028
Car 0.0000 0 1.8938 200.8860 165.1719 258.0257 197.3239 1.8754 1.8282 4.4069 -22.8015 0.9238 44.2168 1.4151 0.0028
Pedestrian 0.0000 0 -1.5141 917.7823 154.1161 940.5538 208.9357 1.9110 0.6961 0.9354 11.6688 0.9575 25.6138 -1.0955 0.0028
Car 0.0000 0 2.1967 448.8109 177.1350 519.1990 204.3910 1.4398 1.6850 4.3319 -6.5061 1.2101 40.2577 2.0325 0.0028
Car 0.0000 0 -0.3252 0.0000 178.8273 10.0769 309.4058 1.5297 1.4922 3.7816 -11.2660 1.4997 10.4421 -1.1414 0.0028
Car 0.0000 0 -2.1015 0.0000 178.8293 34.7196 287.7481 1.5033 1.7111 3.8249 -11.2376 1.4678 11.2318 -2.8808 0.0028
Car 0.0000 0 -1.6900 1009.9562 157.4484 1068.9951 198.0077 1.5616 1.6127 3.6675 17.9875 0.6366 29.6569 -1.1537 0.0028
Car 0.0000 0 2.2484 447.1584 178.1072 521.3790 205.3802 1.4384 1.7196 4.4223 -6.4858 1.2603 40.2303 2.0846 0.0028
Pedestrian 0.0000 0 -0.9967 650.8782 167.9273 663.7166 192.0398 1.7972 0.6850 0.7163 4.2217 0.7862 54.0314 -0.9240 0.0028
Car 0.0000 0 2.0542 447.9810 177.1523 505.0914 203.8044 1.4208 1.6111 3.7496 -6.9509 1.1898 40.3209 1.8796 0.0028
Car 0.0000 0 1.6816 600.1354 174.5527 622.1289 192.4925 1.4600 1.4639 3.7468 0.8708 0.8951 60.4049 1.6910 0.0027
Car 0.0000 0 1.1907 648.0807 170.4946 682.8917 191.9531 1.6664 1.5176 3.6615 5.1371 0.8123 57.7527 1.2741 0.0027
Car 0.0000 0 1.9956 198.7174 165.2853 261.3338 197.6530 1.8920 1.8140 4.3115 -22.7471 0.9450 44.1864 1.5177 0.0027
Car 0.0000 0 -2.0933 0.0000 170.9649 91.6572 213.8513 1.6638 1.6089 4.0197 -23.0187 1.2561 29.3631 -2.7589 0.0027
Car 0.0000 0 -2.1948 0.0000 177.4061 26.3005 287.7074 1.5324 1.6640 3.7084 -11.3109 1.4769 11.0906 -2.9836 0.0027
Car 0.0000 0 -1.1225 25.6468 169.7986 115.7689 211.3626 1.6360 1.6105 3.6931 -22.2331 1.1764 30.2351 -1.7574 0.0027
Car 0.0000 0 -1.9039 0.0000 179.1575 9.0158 288.7729 1.5255 1.6465 3.9610 -11.6469 1.4942 11.6060 -2.6851 0.0026
Car 0.0000 0 1.7635 313.4991 178.3205 353.7247 203.9712 1.5328 1.6194 4.1207 -16.7450 1.3435 45.0880 1.4048 0.0026
Pedestrian 0.0000 0 1.4873 0.0000 0.0000 1238.0000 374.0000 1.9028 0.6039 0.8686 -24.3454 1.6362 -0.1184 -0.0824 0.0026
Car 0.0000 0 -0.0708 184.7957 181.0028 279.5309 214.2674 1.5053 1.6294 3.9065 -17.5789 1.4837 34.2150 -0.5474 0.0026
Cyclist 0.0000 0 1.4640 221.9748 173.3350 245.7898 234.1479 1.6697 0.4595 1.3355 -10.4791 1.4467 20.4048 0.9895 0.0026
Car 0.0000 0 1.6147 710.6805 169.2847 735.5129 191.4526 1.6279 1.7309 3.5266 9.3031 0.7315 54.6512 1.7776 0.0026
Car 0.0000 0 -0.0537 175.1579 180.7291 277.3719 215.1859 1.5486 1.7422 4.2130 -17.8016 1.5149 34.1074 -0.5367 0.0026
Car 0.0000 0 1.9303 199.9246 165.6920 260.4292 197.5562 1.8592 1.8706 4.4553 -22.7599 0.9376 44.2329 1.4526 0.0026
Car 0.0000 0 1.1495 648.0741 170.4712 684.0989 191.6776 1.6460 1.4914 3.6759 5.1835 0.7905 57.7349 1.2337 0.0026
Cyclist 0.0000 0 -0.1726 23.2877 162.8439 89.6370 217.0034 2.0432 0.8052 1.9586 -21.3096 1.3404 28.0880 -0.8222 0.0026
Car 0.0000 0 1.7299 458.2714 177.1734 498.8842 204.2224 1.4442 1.6503 4.0140 -6.8484 1.2140 40.3671 1.5578 0.0026
Pedestrian 0.0000 0 -0.9190 0.0000 0.0000 1238.0000 374.0000 1.7969 0.5870 0.7388 -24.6893 1.6528 -0.1039 -2.4882 0.0026
Car 0.0000 0 1.2092 986.7517 156.5518 1066.6508 202.0839 1.6501 1.4858 3.5074 16.3850 0.7470 27.8801 1.7315 0.0026
Car 0.0000 0 -2.0665 0.0000 187.4440 28.4068 292.5786 1.4356 1.5930 3.1494 -10.9321 1.5397 11.1812 -2.8343 0.0025
Car 0.0000 0 1.0567 0.0000 0.0000 1238.0000 374.0000 1.4775 1.5365 3.8351 -28.1220 1.5723 1.0731 -0.4715 0.0025
Car 0.0000 0 -1.1984 28.6033 168.9406 109.2557 210.6940 1.6413 1.6113 3.3306 -22.1938 1.1486 30.0523 -1.8353 0.0025
Car 0.0000 0 3.8346 0.0000 186.4896 109.7377 298.9263 1.4524 1.6421 4.7053 -10.0965 1.5325 10.3540 3.0689 0.0025
Car 0.0000 0 -2.2639 0.0000 169.2766 92.8253 212.6439 1.6907 1.6877 4.3445 -23.3131 1.2152 29.2689 -2.9371 0.0025
Cyclist 0.0000 0 -1.4434 158.0302 174.7388 174.1725 210.6762 1.7320 0.5170 1.3408 -21.4163 1.4071 35.3355 -1.9900 0.0025
Pedestrian 0.0000 0 -0.1352 251.0554 171.1425 264.0024 204.0301 1.9415 0.6915 0.6073 -20.5193 1.3308 42.8603 -0.5843 0.0025
Cyclist 0.0000 0 1.5526 229.4498 169.7484 252.5973 232.4991 1.6932 0.5505 1.4538 -10.1507 1.3773 20.1515 1.0860 0.0025
Cyclist 0.0000 0 -1.3446 213.9671 170.1998 246.3489 235.2993 1.7570 0.4854 1.5056 -10.4410 1.4531 20.1740 -1.8221 0.0025
Car 0.0000 0 1.8521 201.1621 165.7234 257.7093 198.0457 1.8815 1.8873 4.6523 -22.8297 0.9639 44.2783 1.3735 0.0025
Car 0.0000 0 0.0369 563.2841 174.0287 620.6804 196.0804 1.5739 1.8355 4.1015 -0.6438 1.0413 52.2248 0.0197 0.0025
Car 0.0000 0 1.8082 187.6512 174.3369 236.4705 207.5444 1.8082 1.6559 3.6310 -22.2022 1.4190 41.0804 1.3103 0.0025
Car 0.0000 0 2.2077 30.0967 170.0237 123.2274 210.8918 1.6088 1.4648 3.2914 -21.7742 1.1581 29.9264 1.5779 0.0025
Car 0.0000 0 0.9819 1235.2433 154.2633 1238.0000 213.8512 1.7373 1.6657 4.1480 22.7709 0.9444 23.1296 1.7488 0.0025
Car 0.0000 0 -1.2159 29.2323 168.6478 107.8837 210.6879 1.6539 1.5985 3.3012 -22.2225 1.1493 30.0658 -1.8532 0.0025
Car 0.0000 0 0.8057 1225.7528 156.3222 1238.0000 213.7411 1.6744 1.6134 4.1698 22.6133 0.9413 23.0304 1.5713 0.0025
Car 0.0000 0 2.5531 0.0000 0.0000 1238.0000 374.0000 1.4388 1.6290 3.5291 -39.3970 1.8277 1.7967 1.0297 0.0024
Car 0.0000 0 0.5746 0.0000 187.6288 119.8036 291.0193 1.4204 1.4178 3.5548 -9.6743 1.5232 10.9347 -0.1433 0.0024
Car 0.0000 0 3.1495 561.7357 174.0668 617.9838 196.1601 1.5744 1.7947 4.0099 -0.8209 1.0453 52.1091 3.1289 0.0024
Car 0.0000 0 -0.6653 863.3917 154.5612 959.4852 188.9944 1.7317 1.7666 4.4921 16.1904 0.3778 37.5659 -0.2658 0.0024
Car 0.0000 0 2.1302 30.4872 169.3910 119.9453 210.7041 1.6224 1.4752 3.3101 -21.8234 1.1479 29.9109 1.4991 0.0024
Car 0.0000 0 -1.5755 993.0724 157.2424 1042.0171 199.6206 1.6490 1.6712 3.9919 17.3698 0.7061 30.0987 -1.0608 0.0024
Car 0.0000 0 -2.0131 1094.0103 153.7757 1203.5637 200.2012 1.6927 1.8311 4.0711 21.4295 0.6829 28.3630 -1.3754 0.0024
Pedestrian 0.0000 0 0.5466 301.2792 173.7031 332.1018 233.7557 1.6345 0.4423 0.6571 -7.8856 1.4234 19.8215 0.1672 0.0024
Car 0.0000 0 0.8303 1235.2166 158.4632 1238.0000 215.5308 1.6727 1.5458 3.8212 22.6806 0.9986 22.9833 1.5984 0.0024
Car 0.0000 0 -2.4509 94.7883 173.3051 207.5966 209.0709 1.6204 1.8003 4.3335 -21.0968 1.2501 33.7157 -3.0115 0.0023
Car 0.0000 0 2.5778 0.0000 189.4836 28.6928 310.8426 1.4071 1.5571 3.5490 -10.7845 1.5459 10.4748 1.7849 0.0023
Car 0.0000 0 0.8148 1202.6073 163.2483 1238.0000 200.3361 1.5435 1.7249 4.7427 29.8844 0.7849 32.2801 1.5527 0.0023
Car 0.0000 0 2.9682 661.7300 170.7847 716.8807 191.4180 1.6004 1.7602 4.0713 6.9307 0.7698 56.7084 3.0844 0.0023
Car 0.0000 0 0.0641 156.8629 179.3197 267.2406 214.7668 1.5900 1.8010 4.4870 -18.2938 1.4932 33.9759 -0.4317 0.0023
Car 0.0000 0 1.4633 1016.4971 155.2748 1074.9438 201.5276 1.6570 1.5069 3.4518 16.9852 0.7186 27.6151 2.0056 0.0023
Car 0.0000 0 -1.6840 999.3253 156.6932 1059.4337 198.5922 1.6280 1.7026 3.6915 17.7372 0.6651 29.9405 -1.1579 0.0022
Pedestrian 0.0000 0 -1.2343 914.9824 161.8166 942.1644 217.9968 1.8297 0.6639 0.5993 10.8323 1.1898 23.8385 -0.8170 0.0022
Car 0.0000 0 -1.7335 999.6179 157.4976 1063.5348 198.7403 1.5996 1.6632 3.6811 17.7846 0.6697 29.8747 -1.2054 0.0022
Car 0.0000 0 0.8742 1237.0776 158.2229 1238.0000 215.4547 1.6796 1.5179 3.7792 22.6853 0.9976 23.0174 1.6417 0.0022
Car 0.0000 0 -1.8484 0.0000 175.6637 8.2289 287.9241 1.5522 1.5498 3.8993 -11.4335 1.4729 11.5708 -2.6218 0.0022
Pedestrian 0.0000 0 -1.2697 915.5958 161.5276 941.8109 217.6935 1.8296 0.6498 0.5894 10.8345 1.1801 23.8331 -0.8523 0.0022
Car 0.0000 0 1.8405 29.2337 167.2748 98.8277 209.4936 1.6397 1.4703 3.3430 -22.1646 1.0882 29.7204 1.1990 0.0022
Pedestrian 0.0000 0 -1.3929 1030.8016 141.9688 1062.1787 214.0776 2.1363 0.6959 0.7413 13.4729 0.9663 21.7867 -0.8495 0.0021
Car 0.0000 0 3.5621 0.0000 169.7835 89.0831 213.5283 1.6714 1.6816 4.1344 -23.2914 1.2248 28.7886 2.8813 0.0021
Car 0.0000 0 -0.8254 0.0000 184.3990 59.3140 294.3637 1.4935 1.4390 3.1910 -10.6008 1.5474 11.4357 -1.5669 0.0021
Car 0.0000 0 1.3028 647.4110 170.9775 677.5169 191.7521 1.6204 1.4952 3.6119 4.9131 0.8002 57.9396 1.3821 0.0021
Car 0.0000 0 -2.2720 0.0000 190.4353 22.7231 292.5598 1.4005 1.5688 3.3868 -11.1202 1.5492 10.9297 -3.0595 0.0021
Car 0.0000 0 0.6173 219.7125 176.7015 303.1233 203.8830 1.6986 1.8043 4.6611 -21.8230 1.3995 46.1773 0.1730 0.0020
Cyclist 0.0000 0 -1.4548 162.4208 176.4974 176.8883 212.8956 1.7647 0.4428 1.5544 -21.4142 1.5231 35.6236 -1.9979 0.0020
Car 0.0000 0 -0.9244 29.0508 170.5931 127.7068 211.1979 1.6121 1.5638 3.5139 -21.9527 1.1801 30.2887 -1.5525 0.0020
Cyclist 0.0000 0 1.5015 656.3791 171.0714 664.1650 193.3120 1.6558 0.4775 1.4425 4.4548 0.8800 54.1998 1.5781 0.0020
Car 0.0000 0 -1.8492 0.0000 176.8724 7.5175 286.4297 1.5745 1.6187 3.7617 -11.7735 1.5093 11.9581 -2.6213 0.0020
Car 0.0000 0 2.3331 0.0000 191.2788 36.5976 316.0187 1.3782 1.5264 3.5498 -10.0471 1.5400 10.0021 1.5530 0.0020
Car 0.0000 0 2.9552 0.0000 187.0781 0.1914 316.5903 1.4432 1.5070 3.4208 -10.8462 1.5366 10.0085 2.1372 0.0020
Pedestrian 0.0000 0 -2.7874 964.3454 156.1433 995.1247 222.8110 1.9488 0.6694 0.6246 11.2700 1.2087 21.4518 -2.3138 0.0020
Car 0.0000 0 2.4831 33.5417 170.0080 142.9171 210.6532 1.5951 1.4886 3.5682 -21.4163 1.1451 30.1106 1.8640 0.0020
Car 0.0000 0 1.1619 648.3419 170.4989 683.7449 191.7564 1.6481 1.4889 3.6325 5.1730 0.7957 57.6505 1.2460 0.0020
Pedestrian 0.0000 0 0.2382 775.3568 163.7300 790.0701 185.3817 1.9090 0.8287 1.1092 16.1747 0.3427 63.9546 0.4801 0.0020
Car 0.0000 0 -2.2162 0.0000 168.6123 94.1403 215.9858 1.8239 1.7531 5.1269 -23.4491 1.3288 29.1312 -2.8946 0.0020
Pedestrian 0.0000 0 -2.8425 964.3642 155.8130 994.2411 222.5107 1.9507 0.6726 0.6250 11.2648 1.2006 21.4654 -2.3694 0.0020
Car 0.0000 0 2.1663 29.5446 168.6106 118.5998 210.5565 1.6503 1.4312 3.2176 -21.8626 1.1442 29.8929 1.5340 0.0020
Pedestrian 0.0000 0 -1.2772 1029.6371 140.5095 1063.7377 213.5153 2.1648 0.7060 0.7240 13.4870 0.9505 21.8022 -0.7336 0.0020
Car 0.0000 0 1.9187 448.4671 175.3069 501.7983 202.9955 1.4775 1.7179 3.9726 -7.0432 1.1479 40.4322 1.7423 0.0020
Car 0.0000 0 -2.3577 0.0000 196.1654 107.1294 302.7647 1.3880 1.4458 4.0175 -9.6633 1.6177 10.3772 -3.1004 0.0020
Cyclist 0.0000 0 -1.5089 882.9991 157.9226 903.3886 220.6689 1.7309 0.4583 1.7101 8.3824 1.0817 20.6850 -1.1334 0.0020
Cyclist 0.0000 0 2.3406 161.8828 178.4985 191.0871 213.5860 1.6924 0.4437 1.3228 -20.9044 1.5485 35.3404 1.8046 0.0019
Pedestrian 0.0000 0 1.3496 0.0000 0.0000 1238.0000 374.0000 1.9339 0.5414 0.7053 -24.6543 1.8657 0.1748 -0.2084 0.0019
Car 0.0000 0 1.4929 408.9542 175.1299 434.1681 195.2439 1.5499 1.6327 3.9910 -14.4041 1.0596 57.5025 1.2436 0.0019
Car 0.0000 0 -1.2616 29.8368 168.3813 103.2986 210.9734 1.6758 1.5713 3.1816 -22.2812 1.1607 30.0207 -1.9009 0.0019
Car 0.0000 0 -1.9837 0.0000 175.9670 55.2121 287.1935 1.5888 1.5754 3.8102 -11.0047 1.5111 11.7410 -2.7310 0.0019
Car 0.0000 0 1.2260 1100.0144 166.4951 1208.2856 215.9980 1.4418 1.5554 3.6117 17.4278 1.0059 22.8732 1.8666 0.0019
Car 0.0000 0 2.5668 34.2120 170.7729 138.3223 211.1789 1.5791 1.4025 3.2844 -21.3375 1.1609 29.8555 1.9455 0.0019
Car 0.0000 0 -0.1279 42.7627 172.6422 152.3379 211.7122 1.5314 1.5830 3.5677 -20.9727 1.1852 29.9401 -0.7398 0.0019
Car 0.0000 0 -2.3906 105.5018 173.3207 205.4849 208.9734 1.6098 1.7653 3.7983 -20.8765 1.2414 33.6645 -2.9472 0.0019
Car 0.0000 0 1.1912 0.0000 0.0000 1238.0000 374.0000 1.4869 1.5584 4.0614 29.1499 1.2647 0.2804 2.7384 0.0018
Car 0.0000 0 0.2483 0.0000 188.2939 137.3002 297.5520 1.4132 1.4860 3.7188 -9.4266 1.5322 10.9588 -0.4557 0.0018
Car 0.0000 0 -2.3999 1073.5746 167.2517 1221.9750 214.2066 1.3985 1.5885 3.7244 17.5800 0.9753 23.3729 -1.7654 0.0018
Pedestrian 0.0000 0 0.3999 287.0408 172.2252 323.8983 233.0333 1.6345 0.5377 0.7824 -8.0920 1.3864 19.5781 0.0074 0.0018
Pedestrian 0.0000 0 -1.7732 873.8820 164.2010 896.2698 208.8715 1.7551 0.7007 0.6839 11.2761 1.0765 28.6162 -1.4060 0.0018
Car 0.0000 0 3.4120 0.0000 0.0000 1238.0000 374.0000 1.4170 1.6347 4.2699 -35.1027 1.7519 1.2992 1.8808 0.0018
Pedestrian 0.0000 0 -1.8379 876.6408 166.1877 900.1890 209.3521 1.7135 0.7109 0.7157 11.5251 1.1067 28.9060 -1.4667 0.0018
Car 0.0000 0 3.1461 0.0000 186.0968 13.7523 329.0597 1.4903 1.6321 4.1708 -10.8025 1.5670 9.7059 2.3152 0.0018
Pedestrian 0.0000 0 0.6747 297.6281 172.2556 326.6328 233.2197 1.6623 0.4232 0.6151 -8.0340 1.4114 19.8748 0.2899 0.0018
Car 0.0000 0 -0.0316 169.8423 180.4659 271.6547 215.4976 1.5734 1.7492 4.1753 -18.0203 1.5279 34.0569 -0.5202 0.0017
Cyclist 0.0000 0 -1.3199 386.9084 178.4504 395.9535 197.4094 1.4406 0.3470 1.3610 -16.1331 1.2095 55.2674 -1.6077 0.0017
Pedestrian 0.0000 0 -0.6870 516.1639 173.2869 529.4640 194.4564 1.5976 0.6803 0.7443 -5.9681 0.9783 54.7107 -0.8001 0.0017
Car 0.0000 0 1.4141 16.6299 172.1281 78.8634 213.0057 1.5839 1.4797 3.6053 -22.8688 1.2218 29.6057 0.7557 0.0017
Car 0.0000 0 2.8975 38.4070 169.3575 161.5380 210.7165 1.6120 1.5579 3.9604 -20.8765 1.1398 29.9997 2.2886 0.0017
Car 0.0000 0 -0.0260 164.2621 178.7492 268.8587 213.3174 1.5504 1.7071 4.2754 -18.1871 1.4280 34.0162 -0.5188 0.0017
Pedestrian 0.0000 0 -1.7533 877.2405 165.8446 899.6157 209.3844 1.7251 0.7042 0.7533 11.5204 1.1058 28.8939 -1.3821 0.0017
Pedestrian 0.0000 0 -1.2710 957.7679 151.6111 989.4612 220.4790 2.0392 0.7060 0.6134 11.2328 1.1553 21.7328 -0.8040 0.0017
Car 0.0000 0 -0.5798 0.0000 0.0000 1238.0000 374.0000 1.6159 1.5201 3.6691 -24.6444 1.5170 1.5993 -2.0800 0.0017
Car 0.0000 0 -1.5085 0.0000 0.0000 1238.0000 374.0000 1.5863 1.5713 3.6292 35.9691 0.6772 0.5993 0.0335 0.0017
Car 0.0000 0 -2.3641 0.0000 169.3158 96.8517 214.4301 1.7629 1.7452 4.9790 -23.5171 1.2878 29.1809 -3.0430 0.0016
Car 0.0000 0 3.7891 0.0000 192.2717 28.7466 308.9435 1.4520 1.6104 4.1675 -11.0787 1.6248 10.2895 2.9740 0.0016
Car 0.0000 0 -2.2614 0.0000 167.8622 96.3604 214.9648 1.8243 1.7873 5.4891 -23.6772 1.2971 29.2368 -2.9427 0.0016
Pedestrian 0.0000 0 0.6065 515.0752 172.4720 529.1433 194.4610 1.6576 0.6450 0.8474 -6.0127 0.9776 54.6323 0.4925 0.0016
Car 0.0000 0 0.6529 1224.0643 162.1264 1238.0000 216.8411 1.5972 1.4369 3.8085 22.4177 1.0328 22.9595 1.4156 0.0016
Car 0.0000 0 3.5945 0.0000 170.5199 93.0251 214.3655 1.6859 1.6510 3.9345 -23.0548 1.2647 28.8563 2.9198 0.0016
Pedestrian 0.0000 0 -1.7786 874.0287 164.9102 896.4976 209.4612 1.7514 0.7057 0.6624 11.2853 1.1002 28.6201 -1.4112 0.0016
Car 0.0000 0 2.6194 31.6201 170.8538 138.7782 212.6201 1.6212 1.3753 3.3622 -21.2660 1.2090 29.6951 1.9971 0.0016
Cyclist 0.0000 0 -0.5332 898.2818 160.1600 956.7495 209.3777 1.7478 0.5557 1.9057 11.7263 0.9910 25.8932 -0.1168 0.0016
Pedestrian 0.0000 0 0.6375 296.9707 170.8129 326.9700 232.6176 1.6845 0.4729 0.6088 -8.0401 1.3944 19.8812 0.2525 0.0016
Car 0.0000 0 3.6663 0.0000 173.1588 94.2389 215.4166 1.6388 1.5815 3.5261 -22.7791 1.3163 28.8903 2.9980 0.0016
Pedestrian 0.0000 0 -1.4429 958.5521 152.1592 988.1154 221.8140 2.0641 0.7270 0.6265 11.2335 1.1958 21.7474 -0.9762 0.0016
Pedestrian 0.0000 0 0.1159 515.4891 171.1511 525.7463 194.0206 1.7348 0.7167 0.7037 -6.1483 0.9503 54.8472 -0.0002 0.0016
Car 0.0000 0 0.5790 97.7326 175.9426 212.2680 211.9891 1.6487 1.7365 4.3308 -20.9344 1.3955 33.7698 0.0225 0.0015
Car 0.0000 0 3.5542 0.0000 168.2792 88.8512 213.6434 1.7160 1.7177 4.4792 -23.3724 1.2169 28.6003 2.8686 0.0015
Car 0.0000 0 0.5961 219.0204 176.0314 304.5761 203.6495 1.7250 1.8698 4.7351 -21.7786 1.3841 46.1462 0.1523 0.0015
Car 0.0000 0 2.6416 0.0000 191.6692 27.9060 321.2148 1.3765 1.6088 3.3698 -10.1867 1.5420 9.7574 1.8426 0.0015
Car 0.0000 0 0.6799 1229.8350 162.8528 1238.0000 216.9717 1.5853 1.4283 3.6244 22.4657 1.0402 22.9269 1.4444 0.0015
Car 0.0000 0 3.3925 0.0000 172.3929 83.6238 215.2428 1.6194 1.5983 3.6325 -23.0411 1.2763 28.6255 2.7143 0.0014
Car 0.0000 0 1.2031 1137.5713 157.0536 1238.0000 212.8737 1.6843 1.7620 4.4408 19.8702 0.9478 24.0558 1.8831 0.0014
Car 0.0000 0 3.1704 0.0000 170.1496 71.4772 214.9358 1.6377 1.7024 4.0317 -23.3409 1.2237 28.1766 2.4782 0.0014
Car 0.0000 0 1.4932 408.7113 175.3741 433.7523 195.6390 1.5618 1.6238 3.9377 -14.4249 1.0902 57.4828 1.2435 0.0014
Car 0.0000 0 0.6116 1208.7030 164.9890 1238.0000 218.9601 1.5807 1.4358 3.7889 21.9896 1.0983 23.0381 1.3630 0.0014
Pedestrian 0.0000 0 -2.7281 287.3530 172.5126 322.1191 232.4886 1.6115 0.5557 0.7141 -8.1142 1.3711 19.5829 -3.1215 0.0014
Cyclist 0.0000 0 -0.5957 902.4689 161.3866 956.9646 208.8823 1.6834 0.5276 1.8061 11.8007 0.9716 25.8760 -0.1767 0.0014
Car 0.0000 0 1.4143 405.5957 174.8877 434.4998 195.0851 1.5571 1.6211 4.0065 -14.5361 1.0479 57.5378 1.1630 0.0014
Car 0.0000 0 1.4486 407.3327 175.7821 434.8242 196.0836 1.5624 1.6467 3.9157 -14.4183 1.1229 57.4021 1.1986 0.0014
Car 0.0000 0 -1.1717 0.0000 176.9048 7.7890 297.1456 1.5420 1.6613 4.3174 -11.4524 1.4844 11.5222 -1.9481 0.0014
Car 0.0000 0 1.2201 1138.6464 154.7169 1238.0000 212.7971 1.7470 1.7724 4.5713 19.8992 0.9425 24.0542 1.9009 0.0014
Car 0.0000 0 3.4576 0.0000 170.1112 82.1299 214.1769 1.6585 1.6796 4.0148 -23.3095 1.2309 28.5404 2.7723 0.0014
Car 0.0000 0 0.5137 216.3691 176.6451 300.9696 203.5269 1.6886 1.7542 4.6435 -21.9729 1.3844 46.1507 0.0665 0.0014
Car 0.0000 0 0.5772 1211.7205 161.0513 1238.0000 216.7074 1.6102 1.5261 4.1670 22.3019 1.0197 22.9836 1.3369 0.0014
Car 0.0000 0 -2.1735 1096.0702 154.3773 1214.7068 198.5388 1.6071 1.7751 3.8440 21.4871 0.6211 28.0946 -1.5301 0.0014
Car 0.0000 0 1.4256 407.4455 175.6645 435.6564 195.9139 1.5560 1.6079 3.9689 -14.3645 1.1081 57.3348 1.1762 0.0014
Car 0.0000 0 2.7332 772.8598 164.1379 931.3190 225.2197 1.6882 1.5884 4.0378 7.1667 1.2095 20.8157 3.0558 0.0014
Car 0.0000 0 2.7271 780.7018 163.0412 938.7143 222.9259 1.6556 1.6326 3.9942 7.3913 1.1464 20.8351 3.0589 0.0013
Car 0.0000 0 1.3193 1142.1492 153.9916 1238.0000 208.4694 1.6495 1.7690 4.9545 20.0755 0.8177 24.3682 1.9981 0.0013
Car 0.0000 0 1.3557 403.8813 174.7366 435.6431 195.0753 1.5700 1.6586 3.8855 -14.5630 1.0485 57.5555 1.1040 0.0013
Car 0.0000 0 0.8234 0.0000 193.7842 102.2785 299.0347 1.3759 1.3901 3.6915 -9.5700 1.5705 10.4431 0.0885 0.0013
Pedestrian 0.0000 0 1.4949 0.0000 0.0000 1238.0000 374.0000 1.8481 0.5937 0.8065 -24.6062 1.7682 -0.1249 -0.0752 0.0013
Car 0.0000 0 -0.7015 0.0000 187.6373 15.5633 224.4687 1.3393 1.5920 3.9373 -26.1098 1.6044 28.8586 -1.4375 0.0013
Car 0.0000 0 -0.0654 168.0398 180.1841 267.4608 213.9528 1.5117 1.7263 4.0401 -18.1252 1.4537 33.9557 -0.5575 0.0013
Car 0.0000 0 -2.4126 1055.4895 166.3243 1219.1597 212.5394 1.3749 1.6124 4.3073 17.3966 0.9246 23.6452 -1.7885 0.0013
Car 0.0000 0 0.7750 0.0000 190.8277 98.8759 297.3510 1.4162 1.3854 3.6395 -9.6307 1.5630 10.4398 0.0369 0.0013
Car 0.0000 0 2.0932 31.2040 168.4637 116.1401 209.5646 1.6174 1.4353 3.2311 -21.9229 1.1054 29.9501 1.4605 0.0013
Car 0.0000 0 -0.2121 166.7278 180.1860 271.6019 214.7327 1.5366 1.7573 4.0976 -18.0270 1.4791 33.9426 -0.7022 0.0012
Car 0.0000 0 2.4967 37.1586 170.5119 141.7811 211.5305 1.6136 1.3824 3.4306 -21.3658 1.1823 30.0988 1.8785 0.0012
Car 0.0000 0 -0.5546 0.0000 177.3340 32.8583 304.5320 1.5533 1.5229 3.9248 -11.1902 1.5038 10.8517 -1.3487 0.0012
Car 0.0000 0 3.6195 0.0000 168.9389 92.8617 213.9175 1.7234 1.7169 4.6136 -23.4413 1.2431 28.8314 2.9363 0.0012
Car 0.0000 0 3.4520 0.0000 171.3855 82.5265 214.9877 1.6476 1.6232 3.7567 -23.1569 1.2664 28.5784 2.7705 0.0012
Car 0.0000 0 1.4327 406.3533 174.9630 433.9569 195.1060 1.5537 1.6053 3.8798 -14.5171 1.0500 57.5039 1.1815 0.0012
Car 0.0000 0 -2.5303 1021.6359 160.6616 1181.6876 209.1822 1.5086 1.6496 4.3210 16.9481 0.8618 24.6448 -1.9378 0.0012
Car 0.0000 0 1.4925 408.3758 175.1102 432.8535 195.3308 1.5562 1.5710 3.9872 -14.4593 1.0650 57.4233 1.2420 0.0011
Car 0.0000 0 3.5225 0.0000 168.1276 87.0104 213.4111 1.7091 1.7019 4.5238 -23.4714 1.2055 28.6039 2.8349 0.0011
Pedestrian 0.0000 0 -1.0247 905.8544 161.5907 935.9736 212.4359 1.8154 0.7375 0.7199 11.6095 1.1056 26.1541 -0.6158 0.0011
Car 0.0000 0 3.2366 0.0000 171.1689 73.2444 215.9718 1.6460 1.6765 3.9956 -23.2737 1.2675 28.2030 2.5462 0.0011
Pedestrian 0.0000 0 -0.1487 1140.2982 152.9661 1172.4241 216.3183 1.7447 0.6084 0.6244 15.5641 0.9600 20.1960 0.4966 0.0011
Car 0.0000 0 0.0837 0.0000 0.0000 1238.0000 374.0000 1.4558 1.5571 3.5945 37.4795 0.9290 0.7454 1.6227 0.0011
Car 0.0000 0 2.6758 0.0000 189.9607 29.0591 320.6396 1.4018 1.6184 3.4085 -10.2506 1.5408 9.8136 1.8765 0.0011
Car 0.0000 0 1.5857 1039.9032 163.6788 1103.4105 212.6492 1.4936 1.6533 4.2974 15.7768 0.9512 24.1557 2.1543 0.0011
Car 0.0000 0 1.5558 0.0000 0.0000 1238.0000 374.0000 1.4160 1.5031 3.4750 28.4423 1.1112 0.4449 3.0968 0.0011
Car 0.0000 0 1.1625 0.0000 0.0000 1238.0000 374.0000 1.5094 1.6654 4.1301 -28.1545 1.7331 1.2905 -0.3581 0.0010
Pedestrian 0.0000 0 -0.1784 893.2472 164.3436 913.4383 214.8032 1.8368 0.6881 0.5683 11.1296 1.2133 26.5418 0.2101 0.0010
Car 0.0000 0 1.5786 0.0000 0.0000 1238.0000 374.0000 1.4099 1.5580 3.5257 28.2434 1.0448 0.4087 3.1207 0.0010
Pedestrian 0.0000 0 -0.3324 1138.5808 151.9055 1176.3511 216.4378 1.7753 0.6147 0.6687 15.5618 0.9623 20.1543 0.3138 0.0010
Pedestrian 0.0000 0 0.7403 389.3468 171.0765 410.8547 212.1418 1.7758 0.6125 0.6705 -8.8374 1.3260 31.4849 0.4637 0.0010
Pedestrian 0.0000 0 0.8107 512.2358 169.7662 527.0945 193.4303 1.7892 0.7590 0.8380 -6.2259 0.9026 54.8701 0.6933 0.0010
Cyclist 0.0000 0 1.5153 922.7853 155.4840 945.0525 207.7278 1.7976 0.5916 2.0097 11.8848 0.9035 25.7576 1.9388 0.0010
Pedestrian 0.0000 0 -1.5936 880.3932 164.5766 901.1342 210.0677 1.7788 0.7403 0.7543 11.4820 1.1181 28.5670 -1.2197 0.0010
Car 0.0000 0 -0.0461 61.8809 174.5548 158.4108 211.0281 1.4445 1.5399 3.2652 -20.5414 1.1704 30.0447 -0.6467 0.0010
Car 0.0000 0 3.6457 0.0000 167.8080 97.1484 214.0553 1.7718 1.8047 5.0178 -23.5197 1.2482 28.8547 2.9613 0.0010
Pedestrian 0.0000 0 -1.1000 905.6707 161.0577 935.5123 212.1874 1.8253 0.7627 0.6963 11.5995 1.0966 26.1570 -0.6914 0.0010
Car 0.0000 0 3.1472 0.0000 191.7773 8.4991 332.2713 1.4396 1.6351 4.1243 -10.8728 1.6097 9.7316 2.3144 0.0010
Pedestrian 0.0000 0 -1.6898 879.2973 164.4785 902.1594 209.8949 1.7758 0.7481 0.7829 11.4766 1.1113 28.5584 -1.3159 0.0009
Car 0.0000 0 2.8697 39.9607 170.6515 153.1010 211.8481 1.6070 1.4371 3.5971 -20.9355 1.1848 29.8642 2.2574 0.0009
Cyclist 0.0000 0 -0.5425 919.5886 156.4019 964.6688 207.8793 1.8310 0.5252 1.4001 12.2506 0.9394 25.8859 -0.1094 0.0009
Pedestrian 0.0000 0 -1.0696 913.8217 159.4161 946.1131 209.3852 1.7778 0.7309 0.8968 11.9235 0.9932 26.1167 -0.6501 0.0009
Pedestrian 0.0000 0 3.3267 296.7240 169.5296 323.8595 232.5952 1.7399 0.5797 0.6114 -8.1962 1.4108 20.1608 2.9399 0.0009
Car 0.0000 0 2.7339 770.6812 166.6407 933.2717 226.6302 1.6554 1.6109 4.1478 7.1549 1.2465 20.7991 3.0562 0.0009
Pedestrian 0.0000 0 -0.2678 891.6567 165.3248 913.5621 215.3577 1.8236 0.7089 0.5740 11.1123 1.2351 26.5657 0.1198 0.0009
Pedestrian 0.0000 0 -1.3764 390.4782 170.3872 406.2976 211.6803 1.7889 0.5452 0.7008 -8.9115 1.3084 31.4894 -1.6551 0.0009
Car 0.0000 0 0.0187 60.6183 174.2001 167.2713 210.9487 1.4549 1.6229 3.6181 -20.3555 1.1669 30.1030 -0.5768 0.0009
Pedestrian 0.0000 0 -0.3810 515.2147 170.7921 527.3253 193.8111 1.7423 0.7322 0.6946 -6.1034 0.9324 54.8564 -0.4962 0.0009
Pedestrian 0.0000 0 -0.1198 1122.2141 156.8306 1148.0002 214.7733 1.6262 0.5146 0.5271 15.2040 0.9350 20.5111 0.5069 0.0009
Cyclist 0.0000 0 1.5866 655.0466 169.5827 660.8649 192.7196 1.7218 0.4242 1.4039 4.2844 0.8355 54.1710 1.6602 0.0009
Car 0.0000 0 -4.6737 0.0000 0.0000 1238.0000 374.0000 1.4277 1.5959 3.7023 28.0618 1.0807 0.3968 -3.1313 0.0008
Cyclist 0.0000 0 -1.5835 878.1481 156.1155 901.3575 220.4123 1.8016 0.5885 1.6317 8.3836 1.0915 20.9925 -1.2129 0.0008
Car 0.0000 0 1.6210 1037.7568 164.4363 1101.7952 212.8863 1.4793 1.6331 4.1724 15.7463 0.9594 24.1029 2.1896 0.0008
Pedestrian 0.0000 0 -0.0727 1121.6996 157.5035 1146.8030 215.1065 1.6173 0.5190 0.5333 15.1915 0.9447 20.5272 0.5532 0.0008
Car 0.0000 0 1.2692 0.0000 0.0000 1238.0000 374.0000 1.4829 1.5846 3.8998 28.7502 1.1892 0.3118 2.8151 0.0008
Car 0.0000 0 -2.5402 1017.5335 162.2163 1183.2050 210.5655 1.4979 1.6490 4.5040 16.8925 0.9016 24.6494 -1.9493 0.0008
Car 0.0000 0 -4.6357 0.0000 0.0000 1238.0000 374.0000 1.4600 1.7391 3.9606 28.4117 1.1549 0.4691 -3.0956 0.0008
Car 0.0000 0 3.2064 0.0000 167.3176 84.4243 215.9009 1.7648 1.8435 4.6932 -23.2156 1.2507 28.2108 2.5174 0.0008
Pedestrian 0.0000 0 -1.0521 913.4872 159.3734 945.8152 209.4689 1.7837 0.7378 0.8728 11.9180 0.9969 26.1305 -0.6331 0.0008
Car 0.0000 0 -4.6716 0.0000 0.0000 1238.0000 374.0000 1.4793 1.6267 3.9108 27.9604 1.0584 0.4166 -3.1300 0.0008
Car 0.0000 0 3.6936 0.0000 170.5360 99.8287 216.7669 1.7793 1.7093 4.8695 -23.2444 1.3583 28.8018 3.0140 0.0008
Car 0.0000 0 1.0466 1144.9617 163.9362 1238.0000 215.4798 1.5092 1.7144 4.4289 19.8840 0.9961 23.3582 1.7412 0.0008
Car 0.0000 0 3.2824 0.0000 167.7664 83.0300 215.6185 1.7608 1.8028 4.4549 -23.3084 1.2565 28.3591 2.5939 0.0007
Car 0.0000 0 0.9605 0.0000 0.0000 1238.0000 374.0000 1.4593 1.6255 3.4807 28.7863 1.1515 0.0684 2.5149 0.0007
Cyclist 0.0000 0 -1.4408 246.7758 172.7349 257.4550 203.4582 1.8115 0.3874 1.5296 -20.9698 1.2954 43.1377 -1.8959 0.0007
Cyclist 0.0000 0 1.4605 916.7543 153.9053 941.0789 208.5327 1.8798 0.5596 1.9538 11.6927 0.9313 25.7321 1.8781 0.0007
Car 0.0000 0 -2.5060 1029.2213 162.2449 1198.0043 210.7277 1.4797 1.7165 4.4853 17.1022 0.8931 24.3208 -1.9032 0.0007
Car 0.0000 0 0.9168 0.0000 0.0000 1238.0000 374.0000 1.5183 1.6444 3.8732 28.7390 1.2644 -0.0115 2.4740 0.0007
Car 0.0000 0 1.2837 0.0000 0.0000 1238.0000 374.0000 1.4705 1.5540 3.4358 28.8577 1.1101 0.3113 2.8297 0.0007
Car 0.0000 0 1.1379 1142.0062 165.3564 1238.0000 214.9095 1.5024 1.6262 4.0452 19.9066 1.0140 23.9373 1.8212 0.0007
Car 0.0000 0 1.2932 0.0000 0.0000 1238.0000 374.0000 1.4732 1.5801 3.3691 28.7660 1.0840 0.2878 2.8399 0.0006
Pedestrian 0.0000 0 0.6842 282.9278 170.5764 314.2420 234.4818 1.7446 0.5397 0.5948 -8.4391 1.4476 19.9505 0.2834 0.0006
Cyclist 0.0000 0 1.1032 1120.2540 155.9507 1170.7183 214.4283 1.5865 0.4788 1.5349 15.3056 0.8945 20.2830 1.7384 0.0006
Pedestrian 0.0000 0 -0.9473 1095.2719 162.0200 1133.5385 219.7338 1.7764 0.6623 0.7571 16.0696 1.1779 22.5451 -0.3386 0.0005
Pedestrian 0.0000 0 -0.1862 1129.4009 155.7159 1166.7938 214.6534 1.6200 0.5542 0.7391 15.2975 0.9124 20.1529 0.4518 0.0005
Pedestrian 0.0000 0 -0.1162 1130.7550 148.9769 1170.9625 214.0735 1.7803 0.6003 0.8228 15.3389 0.8920 20.1089 0.5242 0.0005
Pedestrian 0.0000 0 -1.2219 930.1803 154.6863 955.2916 206.5999 1.8328 0.6248 0.6797 12.2470 0.8872 25.8195 -0.7880 0.0005
Car 0.0000 0 2.6045 0.0000 0.0000 1238.0000 374.0000 1.7533 1.8515 4.4765 -30.8670 1.6287 1.5139 1.0863 0.0005
Car 0.0000 0 0.9179 0.0000 0.0000 1238.0000 374.0000 1.5142 1.6995 3.8404 28.6725 1.1581 0.0507 2.4728 0.0005
Car 0.0000 0 2.6868 0.0000 0.0000 1238.0000 374.0000 1.7439 1.8259 4.2773 -30.7692 1.7149 1.4619 1.1671 0.0004
Car 0.0000 0 2.8512 0.0000 0.0000 1238.0000 374.0000 1.6283 1.8654 4.4392 -31.0044 1.5437 1.3432 1.3273 0.0004
Car 0.0000 0 2.6196 0.0000 0.0000 1238.0000 374.0000 1.7873 1.9237 4.4620 -30.6820 1.6962 1.5411 1.1026 0.0004
Pedestrian 0.0000 0 -1.2545 945.3228 149.8799 972.1326 206.1443 1.9838 0.6349 0.8577 12.8400 0.8700 25.8533 -0.8026 0.0004
Car 0.0000 0 2.5545 0.0000 0.0000 1238.0000 374.0000 1.6785 1.8146 4.1727 -30.7214 1.6935 1.4791 1.0355 0.0004
Car 0.0000 0 2.1645 0.0000 0.0000 1238.0000 374.0000 1.7014 1.9135 4.4022 -30.7581 1.5915 1.4306 0.6439 0.0003
Cyclist 0.0000 0 1.8015 1092.8539 160.7041 1125.8358 217.0342 1.7048 0.4556 1.8394 15.9108 1.0765 22.5236 2.4060 0.0003
Car 0.0000 0 2.7280 0.0000 0.0000 1238.0000 374.0000 1.7195 1.7735 4.3737 -30.8415 1.6746 1.2416 1.2010 0.0003
Car 0.0000 0 2.4631 0.0000 0.0000 1238.0000 374.0000 1.6708 1.7509 4.1559 -30.8229 1.6535 1.4867 0.9442 0.0003
Car 0.0000 0 2.5471 0.0000 0.0000 1238.0000 374.0000 1.6724 1.8272 4.0507 -30.7810 1.7196 1.4505 1.0270 0.0003