Car 0.0000 0 -0.8692 578.4349 169.3359 898.9399 356.5992 1.5762 1.5973 3.3793 1.4345 1.5470 7.7659 -0.6949 0.9997
Car 0.0000 0 -0.8495 571.6652 167.8537 901.6803 357.9300 1.5965 1.6008 3.4904 1.4179 1.5549 7.7753 -0.6773 0.9996
Car 0.0000 0 -0.8607 571.3843 167.6361 907.5678 359.8138 1.6030 1.6090 3.6031 1.4607 1.5598 7.7771 -0.6835 0.9996
Car 0.0000 0 -0.8659 573.1577 167.9177 897.9507 357.4840 1.5891 1.5902 3.4473 1.4065 1.5480 7.7599 -0.6947 0.9994
Car 0.0000 0 -1.2813 1049.2861 177.4463 1213.9811 264.2554 1.5147 1.6701 4.0241 10.6351 1.6206 14.6862 -0.6647 0.9994
Car 0.0000 0 2.0307 842.2599 175.3372 1067.5321 302.2334 1.5108 1.5094 3.5886 4.9852 1.5528 10.3649 2.4671 0.9992
Car 0.0000 0 -0.8598 572.8685 168.4420 899.4662 356.1456 1.5751 1.5769 3.4804 1.4154 1.5384 7.7659 -0.6877 0.9992
Car 0.0000 0 2.0299 841.3151 174.7839 1065.8824 302.8889 1.5233 1.5037 3.5673 4.9504 1.5559 10.3318 2.4648 0.9991
Car 0.0000 0 2.0359 842.6624 174.0203 1067.7993 302.8889 1.5438 1.5226 3.5269 4.9836 1.5636 10.3627 2.4723 0.9991
Car 0.0000 0 2.0390 840.2305 175.8723 1069.7482 303.3933 1.5171 1.5413 3.6134 4.9945 1.5681 10.3851 2.4754 0.9990
Car 0.0000 0 -0.8575 572.4545 168.3835 902.7238 360.4545 1.6119 1.5986 3.5198 1.4343 1.5747 7.7837 -0.6836 0.9990
Car 0.0000 0 2.0373 840.0173 174.9486 1067.0957 303.4113 1.5294 1.4976 3.6248 4.9629 1.5648 10.3552 2.4723 0.9990
Car 0.0000 0 -1.2910 1052.0721 177.0290 1211.0574 263.2910 1.5076 1.6165 3.9721 10.6154 1.6036 14.6603 -0.6744 0.9990
Car 0.0000 0 2.0208 838.7047 173.9395 1065.1685 304.6341 1.5489 1.5394 3.5963 4.9210 1.5674 10.3134 2.4541 0.9988
Car 0.0000 0 -1.2978 1051.8257 177.8097 1209.8806 264.5068 1.5139 1.6442 3.9209 10.6170 1.6280 14.6848 -0.6819 0.9987
Car 0.0000 0 2.0304 837.7947 175.0567 1071.5280 306.8551 1.5528 1.5746 3.6772 4.9641 1.5900 10.3204 2.4667 0.9983
Car 0.0000 0 -1.2915 1050.9419 177.5857 1210.4875 264.2486 1.5159 1.6479 3.9281 10.6200 1.6249 14.6938 -0.6757 0.9978
Car 0.0000 0 2.0009 841.3366 175.8826 1067.9641 303.6986 1.5071 1.5627 3.7138 5.0046 1.5586 10.3874 2.4379 0.9975
Car 0.0000 0 -1.2893 1051.2585 177.4560 1211.6838 263.9834 1.5135 1.6398 3.9830 10.6424 1.6197 14.7008 -0.6728 0.9974
Car 0.0000 0 -0.8627 571.5789 166.9448 904.5605 361.0140 1.6257 1.5923 3.5899 1.4498 1.5766 7.7956 -0.6872 0.9974
Car 0.0000 0 -0.8792 579.8434 168.4586 898.5774 356.9935 1.5827 1.5912 3.3704 1.4404 1.5461 7.7513 -0.7038 0.9967
Car 0.0000 0 -0.9125 578.9577 166.4901 897.6167 360.1201 1.6165 1.5749 3.4905 1.4576 1.5637 7.7758 -0.7356 0.9962
Car 0.0000 0 2.0236 841.3816 175.2347 1067.9622 304.4859 1.5232 1.5240 3.5890 4.9463 1.5632 10.2867 2.4598 0.9962
Car 0.0000 0 -1.2929 1052.1985 177.2178 1212.9988 263.8292 1.5123 1.6453 4.0117 10.6538 1.6129 14.6828 -0.6753 0.9942
Car 0.0000 0 2.0328 839.1647 175.1755 1071.2023 305.7708 1.5526 1.5870 3.6324 5.0000 1.5920 10.3893 2.4695 0.9938
Car 0.0000 0 -0.9032 579.8652 166.5184 897.8795 360.1575 1.6185 1.5798 3.4376 1.4529 1.5659 7.7601 -0.7265 0.9901
Car 0.0000 0 -1.2918 1053.0494 177.1417 1211.7419 263.1780 1.5074 1.6340 3.9123 10.6465 1.6061 14.6839 -0.6745 0.9896
Car 0.0000 0 -0.8801 577.0800 167.4133 897.0593 360.2047 1.6156 1.5970 3.3882 1.4199 1.5704 7.7514 -0.7072 0.9894
Car 0.0000 0 -1.2800 1053.6774 177.7323 1214.4767 265.0157 1.5257 1.6143 3.9408 10.6654 1.6377 14.6633 -0.6612 0.9872
Car 0.0000 0 -0.9054 579.1506 166.7326 897.7465 360.9861 1.6197 1.5647 3.4654 1.4511 1.5690 7.7509 -0.7287 0.9871
Car 0.0000 0 2.0184 839.5582 174.5755 1067.1222 301.8029 1.5048 1.5781 3.5623 4.9407 1.5340 10.3197 2.4531 0.9862
Car 0.0000 0 -0.8524 568.5153 167.0800 904.7474 359.1222 1.6042 1.5927 3.6042 1.4294 1.5564 7.7761 -0.6789 0.9855
Car 0.0000 0 2.0243 838.9494 176.1021 1066.1431 305.6796 1.5315 1.5389 3.6220 4.9487 1.5863 10.3526 2.4583 0.9766
Car 0.0000 0 -0.8856 580.4309 167.9008 896.1736 358.2130 1.6014 1.5737 3.3664 1.4358 1.5601 7.7635 -0.7110 0.9750
Car 0.0000 0 -0.9073 574.2559 166.5284 897.3588 363.1407 1.6373 1.5953 3.5317 1.4340 1.5850 7.7807 -0.7334 0.9745
Car 0.0000 0 -1.2937 1053.6246 177.8031 1211.7021 263.6731 1.5013 1.6264 3.9267 10.6569 1.6152 14.6895 -0.6761 0.9735
Car 0.0000 0 -2.9090 1065.1494 170.1661 1205.5106 214.2771 1.4623 1.4866 3.8302 18.6842 1.3735 25.8478 -2.2888 0.9674
Car 0.0000 0 -1.2927 1055.9742 176.6860 1214.0551 264.4632 1.5425 1.6545 3.7826 10.6782 1.6304 14.6623 -0.6733 0.9667
Car 0.0000 0 -1.3115 1054.7141 177.1234 1209.0577 264.4123 1.5286 1.6377 3.8793 10.6391 1.6269 14.6862 -0.6946 0.9642
Car 0.0000 0 -1.2858 1054.9694 177.7532 1213.3892 263.2160 1.4986 1.6095 3.9100 10.6952 1.6113 14.7021 -0.6670 0.9621
Car 0.0000 0 2.0102 840.7674 176.0746 1062.7617 305.0143 1.5229 1.5252 3.5718 4.9312 1.5771 10.3380 2.4434 0.9620
Car 0.0000 0 -0.8741 576.5616 166.8898 902.1451 362.8976 1.6440 1.5847 3.4949 1.4561 1.5943 7.7788 -0.6974 0.9605
Car 0.0000 0 2.0374 838.7095 175.2278 1067.8274 306.1895 1.5488 1.5165 3.6188 4.9369 1.5888 10.3105 2.4719 0.9598
Car 0.0000 0 -1.3071 1056.0900 177.3300 1210.7104 264.5793 1.5265 1.6393 3.8023 10.6413 1.6292 14.6519 -0.6891 0.9591
Car 0.0000 0 -1.3023 1054.7009 176.2646 1209.8744 261.1419 1.4931 1.6190 3.8877 10.6535 1.5717 14.6957 -0.6851 0.9580
Car 0.0000 0 -2.9031 1065.4061 170.3439 1203.8568 214.0330 1.4514 1.4757 3.7794 18.6849 1.3684 25.8806 -2.2834 0.9560
Car 0.0000 0 -1.3108 1056.3231 176.9049 1211.9603 264.7910 1.5356 1.6453 3.8872 10.6592 1.6288 14.6509 -0.6919 0.9530
Car 0.0000 0 -1.3198 1054.8351 176.6136 1208.8920 264.9308 1.5481 1.6614 3.8875 10.6471 1.6349 14.6966 -0.7029 0.9524
Car 0.0000 0 -2.9096 1067.3490 169.9415 1205.3347 213.3968 1.4419 1.4661 3.7602 18.7156 1.3456 25.8365 -2.2884 0.9502
Car 0.0000 0 -2.9167 1070.2682 169.4906 1202.8396 212.9498 1.4448 1.4574 3.6024 18.7185 1.3333 25.8167 -2.2950 0.9413
Car 0.0000 0 -2.8999 1066.9253 169.8577 1204.1621 213.0183 1.4336 1.4501 3.7410 18.7000 1.3344 25.8554 -2.2794 0.9387
Car 0.0000 0 -2.8967 1063.9174 170.4454 1205.5238 213.5156 1.4288 1.4768 3.8700 18.6839 1.3492 25.8838 -2.2772 0.9316
Car 0.0000 0 -2.9202 1062.2924 170.3636 1206.0647 213.9886 1.4462 1.4891 3.9469 18.6641 1.3640 25.8827 -2.3012 0.9243
Car 0.0000 0 -2.8970 1066.7584 169.8943 1204.4854 212.7295 1.4225 1.4614 3.7519 18.7060 1.3246 25.8610 -2.2765 0.9241
Car 0.0000 0 -2.9313 1060.6273 170.0748 1206.5614 213.9718 1.4539 1.5551 4.0090 18.6548 1.3622 25.8979 -2.3127 0.9160
Car 0.0000 0 -2.9128 1069.1780 168.9984 1204.4449 213.0684 1.4634 1.5467 3.6632 18.7454 1.3357 25.8432 -2.2910 0.9153
Car 0.0000 0 -2.8966 1065.2991 169.5409 1205.2526 212.8506 1.4373 1.4724 3.8184 18.6990 1.3277 25.8733 -2.2765 0.9136
Car 0.0000 0 -2.9017 1065.5239 170.1843 1205.6862 213.1496 1.4246 1.4831 3.8209 18.6975 1.3365 25.8538 -2.2813 0.9087
Car 0.0000 0 -2.9035 1061.4111 170.5946 1207.4274 214.0341 1.4381 1.5170 3.9980 18.6733 1.3636 25.8914 -2.2844 0.9062
Car 0.0000 0 -2.9191 1061.9283 170.3292 1205.5342 213.5036 1.4319 1.4941 3.9434 18.6569 1.3485 25.8945 -2.3004 0.9052
Car 0.0000 0 -2.9124 1066.4116 170.0835 1205.7485 213.6239 1.4431 1.5087 3.7928 18.7049 1.3517 25.8350 -2.2914 0.9048
Car 0.0000 0 -2.9008 1068.8358 170.0561 1204.2202 213.3705 1.4383 1.4535 3.6785 18.7179 1.3458 25.8268 -2.2794 0.9048
Car 0.0000 0 -2.9096 1067.1060 169.9957 1204.8114 213.0951 1.4311 1.4534 3.7577 18.7112 1.3366 25.8493 -2.2887 0.8994
Car 0.0000 0 -1.3075 1055.3159 177.3543 1211.4833 264.4307 1.5206 1.6248 3.9836 10.6738 1.6244 14.6864 -0.6891 0.8921
Car 0.0000 0 -1.2978 1052.9203 177.1524 1210.1300 264.2920 1.5278 1.6439 3.8678 10.6306 1.6268 14.6879 -0.6814 0.8888
Car 0.0000 0 -2.9051 1067.6090 169.9803 1205.2401 213.2202 1.4354 1.4626 3.7490 18.7252 1.3404 25.8459 -2.2838 0.8864
Car 0.0000 0 -0.9088 575.4964 167.6424 896.3416 359.8574 1.6134 1.5445 3.5946 1.4521 1.5700 7.8307 -0.7338 0.8828
Car 0.0000 0 -1.2752 1051.8894 177.7841 1214.4131 263.5005 1.4972 1.6315 3.9292 10.6419 1.6103 14.6587 -0.6573 0.8706
Car 0.0000 0 -2.9081 1058.8029 169.9074 1208.0481 213.1810 1.4310 1.5751 4.0905 18.6516 1.3339 25.9145 -2.2899 0.8682
Car 0.0000 0 -2.9260 1065.3051 170.6128 1205.7167 213.8103 1.4322 1.5126 3.8370 18.6954 1.3582 25.8494 -2.3056 0.8649
Car 0.0000 0 -2.9267 1067.3102 171.0325 1203.8595 213.6447 1.4145 1.5048 3.7222 18.6933 1.3544 25.8342 -2.3060 0.8511
Car 0.0000 0 -2.9285 1066.7910 170.9209 1205.0172 213.3965 1.4089 1.5031 3.7724 18.7014 1.3452 25.8332 -2.3076 0.8368
Car 0.0000 0 -2.9125 1063.8323 170.6477 1206.3370 214.3994 1.4495 1.5031 3.8950 18.6816 1.3767 25.8598 -2.2926 0.8214
Car 0.0000 0 2.0018 840.6223 173.9051 1064.4550 308.2127 1.5877 1.5451 3.6205 4.9362 1.6057 10.3164 2.4360 0.8131
Car 0.0000 0 -2.8958 1064.8630 170.2076 1204.9481 214.7858 1.4805 1.5079 3.8191 18.7082 1.3929 25.9030 -2.2760 0.8050
Car 0.0000 0 -1.3140 1054.8069 177.7421 1209.5801 264.5110 1.5168 1.6666 3.8293 10.6449 1.6293 14.6887 -0.6969 0.7966
Car 0.0000 0 -2.9020 1061.4028 170.3335 1202.6008 213.5051 1.4346 1.5098 3.8682 18.6230 1.3512 25.9306 -2.2849 0.7902
Car 0.0000 0 -1.2972 1055.5564 177.3009 1208.6943 263.4603 1.5096 1.5710 3.8413 10.6129 1.6115 14.6462 -0.6803 0.7899
Car 0.0000 0 2.0256 836.8151 174.5015 1063.7126 305.5419 1.5518 1.5236 3.6245 4.9027 1.5797 10.3218 2.4571 0.7898
Car 0.0000 0 -2.9530 1066.0039 169.0581 1201.7059 212.7020 1.4514 1.5682 3.7173 18.6698 1.3255 25.8769 -2.3337 0.7649
Car 0.0000 0 -2.9600 1061.8932 169.0908 1203.4553 213.2659 1.4693 1.5321 3.9151 18.6585 1.3445 25.9334 -2.3420 0.7622
Car 0.0000 0 -2.9326 1062.9913 167.7218 1207.7124 213.4036 1.5146 1.5397 3.9734 18.7252 1.3448 25.9057 -2.3124 0.7595
Car 0.0000 0 -0.8770 579.9028 170.8055 908.0631 363.2990 1.6150 1.5940 3.5397 1.5112 1.5982 7.7956 -0.6941 0.7440
Car 0.0000 0 -2.8957 1067.0819 169.9065 1202.2661 212.8614 1.4277 1.5085 3.6670 18.6802 1.3301 25.8640 -2.2759 0.7395
Car 0.0000 0 -2.9227 1065.6647 169.6490 1202.9816 212.9888 1.4395 1.5063 3.7492 18.6651 1.3334 25.8600 -2.3032 0.7076
Car 0.0000 0 -2.9129 1060.9675 169.8515 1203.8160 213.1047 1.4346 1.5695 3.9068 18.6249 1.3354 25.9120 -2.2954 0.6867
Car 0.0000 0 -2.9163 1061.3301 169.8049 1206.8940 214.1002 1.4703 1.6156 3.9853 18.7284 1.3694 25.9732 -2.2973 0.6085
Car 0.0000 0 -2.8685 1063.9602 169.1546 1202.1609 211.7680 1.4127 1.5497 3.7343 18.6099 1.2904 25.8571 -2.2503 0.5506
Car 0.0000 0 -0.9697 564.1380 171.7000 880.7661 362.7881 1.5785 1.5860 3.6710 1.3372 1.5694 7.8328 -0.8084 0.4261
Car 0.0000 0 -2.8308 1073.1945 168.1208 1207.2334 211.3189 1.4234 1.5278 3.5457 18.7176 1.2678 25.6522 -2.2062 0.3917
Car 0.0000 0 -2.9722 1072.8787 169.5377 1203.5677 212.4945 1.4228 1.4881 3.5613 18.6949 1.3133 25.6866 -2.3488 0.3610
Pedestrian 0.0000 0 -1.9578 0.0000 0.0000 1242.0000 375.0000 1.8263 0.6436 0.7537 5.3812 1.8118 -0.1989 -0.4045 0.3216
Pedestrian 0.0000 0 -2.0360 0.0000 0.0000 1242.0000 375.0000 1.8357 0.6316 0.7156 5.4016 1.8124 -0.1832 -0.4857 0.3080
Car 0.0000 0 -1.3862 1210.1113 164.5179 1242.0000 197.9457 1.6657 1.6501 3.5187 32.8277 1.2506 37.6930 -0.6738 0.3038
Car 0.0000 0 -1.4616 1208.2960 164.5035 1242.0000 198.0852 1.6766 1.6682 3.6123 32.7316 1.2601 37.8648 -0.7528 0.2618
Car 0.0000 0 -1.4978 1208.8236 164.5336 1242.0000 198.5566 1.6971 1.6544 3.5947 32.6522 1.2825 37.8480 -0.7901 0.2600
Car 0.0000 0 -1.5282 1209.8280 164.9156 1242.0000 199.1428 1.7087 1.6384 3.5889 32.6581 1.3127 37.8889 -0.8209 0.2537
Car 0.0000 0 -1.2517 1209.0973 164.8396 1242.0000 199.0359 1.7017 1.6404 3.4709 32.8567 1.3032 37.4937 -0.5362 0.2526
Car 0.0000 0 -1.3693 1209.6525 164.6961 1242.0000 198.5975 1.6870 1.6537 3.6836 32.8547 1.2814 37.6807 -0.6563 0.2473
Car 0.0000 0 -1.6341 190.2998 0.0000 1156.7266 375.0000 1.5014 1.5943 3.5985 0.2177 1.6416 0.5806 -1.4058 0.2455
Car 0.0000 0 -0.7810 686.8936 0.0000 1242.0000 375.0000 1.4942 1.5808 3.7349 -0.1560 1.6440 0.5237 -0.9887 0.2451
Car 0.0000 0 -1.3471 1209.0712 164.3347 1242.0000 198.9255 1.7205 1.6718 3.9477 32.9651 1.2971 37.7275 -0.6331 0.2369
Car 0.0000 0 -1.3959 1208.9565 164.8208 1242.0000 199.1426 1.7096 1.6463 3.8071 32.8515 1.3098 37.7783 -0.6842 0.2326
Car 0.0000 0 -1.3836 1209.8250 164.5181 1242.0000 197.9768 1.6656 1.6758 3.5280 32.8163 1.2510 37.6691 -0.6710 0.2317
Pedestrian 0.0000 0 1.6329 0.0000 0.0000 1242.0000 375.0000 1.7397 0.4955 0.6439 5.1348 1.8141 0.1228 3.1226 0.2303
Car 0.0000 0 -1.5056 329.3863 0.0000 1242.0000 375.0000 1.4900 1.5745 3.5523 0.1799 1.6704 0.5296 -1.3081 0.2231
Car 0.0000 0 -1.5175 1211.6464 164.5011 1242.0000 198.6576 1.7010 1.6629 3.6336 32.7396 1.2854 37.8184 -0.8081 0.2169
Car 0.0000 0 -2.1991 0.0000 0.0000 967.2815 375.0000 1.4800 1.5742 3.6396 0.4677 1.6708 0.4562 -1.6548 0.2155
Pedestrian 0.0000 0 -1.6486 0.0000 0.0000 1242.0000 375.0000 1.7827 0.5274 0.5871 5.4117 1.7932 0.1702 -0.1634 0.2089
Car 0.0000 0 -1.4216 1209.3328 164.4524 1242.0000 198.2572 1.6867 1.6494 3.5586 32.7919 1.2679 37.7852 -0.7109 0.2069
Car 0.0000 0 -1.2621 1211.3655 164.6836 1242.0000 200.0268 1.7565 1.6726 3.4573 32.9536 1.3508 37.4674 -0.5448 0.2018
Car 0.0000 0 -1.5123 1211.9410 164.0046 1242.0000 197.8011 1.6799 1.6668 3.5056 32.6670 1.2404 37.7021 -0.8025 0.1978
Car 0.0000 0 -1.2970 1212.0132 164.0971 1242.0000 199.1545 1.7414 1.6718 3.4267 32.9248 1.3068 37.4772 -0.5803 0.1977
Car 0.0000 0 -1.4075 1209.7848 163.9343 1242.0000 198.1021 1.7048 1.6325 3.5684 32.8230 1.2601 37.7690 -0.6962 0.1968
Cyclist 0.0000 0 -2.8531 0.0000 0.0000 1242.0000 375.0000 1.7947 0.4145 1.7002 5.4509 1.7859 0.4445 -1.4172 0.1874
Pedestrian 0.0000 0 -1.9030 1043.3691 169.9574 1080.5850 236.5196 1.6804 0.6490 0.5971 11.5793 1.6077 18.5748 -1.3532 0.1844
Pedestrian 0.0000 0 1.5057 0.0000 0.0000 1242.0000 375.0000 1.8025 0.5485 0.5517 5.4244 1.7943 0.1805 2.9892 0.1744
Car 0.0000 0 -1.5129 1212.5062 164.9684 1242.0000 200.3815 1.7606 1.6949 3.5930 32.7593 1.3689 37.7506 -0.8023 0.1693
Car 0.0000 0 -1.5113 1215.0117 163.4400 1242.0000 198.5437 1.7413 1.6823 3.8157 32.8917 1.2747 37.7421 -0.7986 0.1645
Car 0.0000 0 -0.8547 0.0000 0.0000 1242.0000 375.0000 1.5240 1.6629 3.6835 0.9548 1.7679 0.3020 0.1519 0.1623
Pedestrian 0.0000 0 -1.9593 1045.9512 170.7312 1084.3561 237.2321 1.6843 0.6693 0.5686 11.6817 1.6309 18.6068 -1.4064 0.1543
Pedestrian 0.0000 0 -1.8870 1043.2543 169.5640 1080.7303 236.4181 1.6851 0.6510 0.6245 11.5717 1.6025 18.5629 -1.3373 0.1532
Car 0.0000 0 -1.3440 491.4953 0.0000 1242.0000 375.0000 1.4820 1.6005 3.6259 0.0812 1.6844 0.2588 -1.2256 0.1518
Car 0.0000 0 -1.4224 1208.0941 164.3292 1242.0000 199.2438 1.7431 1.6594 3.5862 32.7619 1.3178 37.8191 -0.7126 0.1504
Car 0.0000 0 -0.2752 661.8578 0.0000 1242.0000 375.0000 1.5688 1.6193 3.9109 -0.4015 1.6209 0.2467 -0.9355 0.1468
Pedestrian 0.0000 0 -1.9626 1045.7776 169.9878 1085.9352 237.1894 1.6986 0.6865 0.6214 11.6924 1.6265 18.5969 -1.4090 0.1465
Car 0.0000 0 -1.5339 1209.2145 165.2981 1242.0000 199.4599 1.7074 1.6232 3.6099 32.6423 1.3301 37.9372 -0.8275 0.1445
Car 0.0000 0 -1.4180 1208.4749 165.1194 1242.0000 201.0720 1.7930 1.6741 3.8434 32.8699 1.4076 37.8663 -0.7073 0.1428
Car 0.0000 0 -1.0803 639.6335 0.0000 1242.0000 375.0000 1.5144 1.6194 3.7206 -0.0182 1.6238 0.7295 -1.1131 0.1419
Car 0.0000 0 -1.3621 474.4721 0.0000 1224.6842 375.0000 1.5423 1.6469 3.7827 0.0412 1.6722 0.0669 -1.2909 0.1397
Car 0.0000 0 -0.5572 660.6688 0.0000 1242.0000 375.0000 1.5027 1.5953 3.8689 -0.2536 1.6456 0.2666 -1.0074 0.1385
Car 0.0000 0 -1.5529 1215.4673 164.1688 1242.0000 200.8944 1.8242 1.6404 3.8317 32.8420 1.3932 37.8125 -0.8419 0.1383
Car 0.0000 0 -0.6907 0.0000 0.0000 693.1574 375.0000 1.5644 1.6411 3.8080 1.2294 1.7962 0.0357 0.6161 0.1324
Car 0.0000 0 -1.4344 1206.4510 164.9451 1242.0000 199.1534 1.7100 1.6797 3.6048 32.7217 1.3150 37.8900 -0.7262 0.1315
Car 0.0000 0 -0.4883 628.0249 0.0000 1242.0000 375.0000 1.5392 1.6200 3.8527 -0.2525 1.6328 0.1327 -1.0532 0.1266
Car 0.0000 0 -1.8373 1197.3376 164.8219 1242.0000 198.5977 1.6789 1.6602 3.5062 32.3282 1.2800 37.8035 -1.1338 0.1263
Car 0.0000 0 -1.5079 1211.4005 164.5844 1242.0000 199.5177 1.7421 1.6435 3.5233 32.7280 1.3301 37.8155 -0.7986 0.1260
Car 0.0000 0 -1.5421 1212.7495 163.7985 1242.0000 198.6983 1.7392 1.6403 3.5561 32.7258 1.2883 37.8226 -0.8329 0.1247
Car 0.0000 0 -1.5124 1211.1842 164.5236 1242.0000 199.1680 1.7281 1.6479 3.7043 32.7835 1.3130 37.8941 -0.8033 0.1245
Car 0.0000 0 -1.5423 1214.5356 162.9582 1242.0000 199.0265 1.7922 1.6689 3.8422 32.8556 1.3009 37.8321 -0.8313 0.1236
Cyclist 0.0000 0 -1.4456 380.1651 0.0000 1242.0000 375.0000 1.7601 0.5206 1.7348 0.1977 1.6506 0.3751 -1.1784 0.1213
Car 0.0000 0 -1.5170 975.6629 179.9939 1054.9779 244.6810 1.3679 1.5226 3.7490 9.9537 1.5630 17.6878 -1.0121 0.1195
Car 0.0000 0 -3.7135 0.0000 0.0000 1242.0000 375.0000 1.5268 1.6314 3.8666 0.9421 1.7116 0.4172 -2.7957 0.1179
Car 0.0000 0 -1.5507 1211.6533 165.1965 1242.0000 200.3908 1.7505 1.6471 3.3744 32.5398 1.3700 37.6931 -0.8427 0.1145
Car 0.0000 0 -1.3237 1212.6254 164.2478 1242.0000 198.5300 1.7025 1.6416 3.7286 33.0165 1.2755 37.5680 -0.6068 0.1138
Car 0.0000 0 -1.4657 1210.1361 164.5096 1242.0000 200.7287 1.8025 1.7040 4.1002 32.9391 1.3876 37.9308 -0.7547 0.1135
Cyclist 0.0000 0 -2.9667 0.0000 0.0000 1242.0000 375.0000 1.6883 0.4399 1.6179 5.3948 1.7982 0.1883 -1.4852 0.1117
Car 0.0000 0 -0.1866 703.0867 0.0000 1242.0000 375.0000 1.5734 1.6244 3.9771 -0.4787 1.6147 0.3587 -0.8374 0.1089
Car 0.0000 0 -2.5586 0.0000 0.0000 1096.1014 375.0000 1.5139 1.6317 3.4922 0.5119 1.6550 0.0860 -1.6366 0.1076
Car 0.0000 0 0.7685 0.0000 0.0000 1242.0000 375.0000 1.5214 1.5200 4.0719 13.2712 1.2582 1.8780 2.1773 0.1053
Car 0.0000 0 -2.0312 0.0000 0.0000 1242.0000 375.0000 1.7298 1.6583 3.8123 7.1304 1.8480 1.1926 -0.6664 0.1043
Car 0.0000 0 -2.7258 95.8148 0.0000 1207.7916 375.0000 1.5521 1.6613 3.6090 0.4941 1.6665 -0.0884 -1.5546 0.1035
Car 0.0000 0 1.8652 946.4460 179.5660 1064.5991 245.3857 1.3920 1.5405 3.6373 9.5823 1.5718 17.4578 2.3595 0.1023
Car 0.0000 0 -2.2808 0.0000 0.0000 982.5123 375.0000 1.4743 1.5815 3.5224 0.4694 1.6627 0.3621 -1.6731 0.1010
Pedestrian 0.0000 0 -1.6871 1216.8622 163.9670 1241.1476 211.5034 1.8490 0.6446 0.7275 24.4389 1.5036 28.5431 -0.9844 0.0968
Car 0.0000 0 3.1612 0.0000 0.0000 1242.0000 375.0000 1.5687 1.6243 3.7320 -39.1650 1.7971 1.7439 1.6421 0.0937
Car 0.0000 0 1.8319 948.5125 178.2000 1064.8192 245.2689 1.4104 1.5757 3.6886 9.5560 1.5532 17.3520 2.3275 0.0936
Car 0.0000 0 -1.4839 969.1285 179.8603 1055.0980 246.5954 1.3924 1.5248 3.6850 9.7259 1.5810 17.4188 -0.9824 0.0924
Car 0.0000 0 -0.4311 692.6628 0.0000 1242.0000 375.0000 1.5357 1.5942 3.8965 -0.3939 1.6131 0.5634 -0.8782 0.0917
Car 0.0000 0 0.7209 0.0000 0.0000 1242.0000 375.0000 1.5439 1.5723 4.0515 13.4059 1.2428 1.9721 2.1245 0.0900
Car 0.0000 0 -1.5753 1208.1506 165.4469 1242.0000 198.8561 1.6663 1.6196 3.6493 32.4543 1.2972 37.9012 -0.8712 0.0900
Car 0.0000 0 0.7355 0.0000 0.0000 1242.0000 375.0000 1.5659 1.6338 4.2107 13.5324 1.2627 2.0698 2.1336 0.0898
Pedestrian 0.0000 0 -1.1578 1213.9927 164.7709 1242.0000 211.5907 1.8260 0.6571 0.6803 24.4582 1.5111 28.5829 -0.4555 0.0886
Car 0.0000 0 1.6162 980.1240 179.9626 1058.5620 243.6006 1.3706 1.5487 3.5133 10.1406 1.5657 17.8631 2.1249 0.0883
Car 0.0000 0 -3.9332 0.0000 0.0000 1242.0000 375.0000 1.5367 1.6623 3.6571 1.1070 1.7464 0.2820 -2.8466 0.0880
Car 0.0000 0 2.7102 310.4127 180.3146 633.6268 315.9406 1.3702 1.4946 3.7488 -1.7026 1.4828 9.1601 2.5304 0.0854
Car 0.0000 0 0.4687 0.0000 0.0000 1242.0000 375.0000 1.5811 1.5225 3.8281 13.5073 1.2261 1.8126 1.8850 0.0829
Car 0.0000 0 -2.0208 0.0000 0.0000 1242.0000 375.0000 1.6963 1.6305 4.2366 7.3017 1.8654 1.2799 -0.6628 0.0801
Car 0.0000 0 -3.7649 0.0000 0.0000 1242.0000 375.0000 1.5459 1.6699 3.8246 1.1463 1.6668 0.3755 -2.7265 0.0791
Car 0.0000 0 0.3280 0.0000 0.0000 1242.0000 375.0000 1.5751 1.5479 3.7166 13.4873 1.1725 1.7147 1.7512 0.0779
Car 0.0000 0 2.8902 0.0000 0.0000 1242.0000 375.0000 1.5085 1.6196 3.9796 -0.3690 1.6834 0.8262 2.5582 0.0739
Car 0.0000 0 -2.6967 0.2009 0.0000 1242.0000 375.0000 1.5353 1.6632 3.6121 1.0682 1.7649 -0.0042 -1.3928 0.0728
Car 0.0000 0 0.6041 0.0000 0.0000 1242.0000 375.0000 1.5531 1.4897 3.7401 13.2880 1.2363 1.8822 2.0128 0.0723
Car 0.0000 0 0.2274 0.0000 0.0000 1242.0000 375.0000 1.5740 1.5770 3.7770 13.7123 1.1498 1.8175 1.6458 0.0717
Car 0.0000 0 2.7045 901.4538 0.0000 1242.0000 375.0000 1.4995 1.6429 4.1439 -0.1607 1.6833 0.3438 2.4331 0.0708
Car 0.0000 0 -0.5187 364.6686 184.2942 659.3734 311.9204 1.3436 1.5364 3.5924 -1.2611 1.5230 9.5934 -0.6471 0.0703
Car 0.0000 0 -1.1977 0.0000 0.0000 1242.0000 375.0000 1.5181 1.6981 3.9278 0.7551 1.6878 0.1995 -0.2124 0.0698
Car 0.0000 0 0.0826 0.0000 0.0000 1242.0000 375.0000 1.5666 1.5680 3.7415 13.7293 1.0349 1.5646 1.5192 0.0688
Car 0.0000 0 2.7106 299.3929 181.4545 625.6769 317.9112 1.3521 1.5104 3.7238 -1.7997 1.4807 9.0601 2.5189 0.0679
Car 0.0000 0 -2.0489 0.0000 0.0000 1242.0000 375.0000 1.6279 1.6618 3.9490 7.2073 1.8586 1.2516 -0.6898 0.0670
Car 0.0000 0 -0.8684 0.0000 0.0000 828.2506 375.0000 1.5496 1.5963 3.8363 1.6093 1.7693 -0.0877 0.5750 0.0657
Car 0.0000 0 2.6954 329.4084 183.5077 648.4080 315.7787 1.3397 1.5061 3.7571 -1.5104 1.5018 9.2645 2.5371 0.0652
Cyclist 0.0000 0 -2.8770 0.0000 0.0000 1242.0000 375.0000 1.7770 0.4468 1.7721 5.5658 1.7918 0.8094 -1.5023 0.0650
Car 0.0000 0 -1.4270 962.3472 180.6076 1057.8154 245.0435 1.3591 1.5480 3.7308 9.8035 1.5701 17.6434 -0.9275 0.0637
Car 0.0000 0 2.8365 788.4581 0.0000 1242.0000 375.0000 1.4923 1.5922 4.0613 -0.3427 1.6986 0.4025 2.3589 0.0628
Cyclist 0.0000 0 1.4929 439.5677 0.0000 1242.0000 375.0000 1.7773 0.5435 1.7372 0.1731 1.6478 0.0639 1.9119 0.0626
Car 0.0000 0 1.7023 975.0937 0.0000 1242.0000 375.0000 1.5553 1.6489 4.1029 0.2665 1.7124 -0.0785 2.5695 0.0624
Car 0.0000 0 0.4947 0.0000 0.0000 1242.0000 375.0000 1.5580 1.5239 3.6920 13.2491 1.2050 1.6759 1.9181 0.0617
Cyclist 0.0000 0 -2.7696 0.0000 0.0000 1242.0000 375.0000 1.7404 0.4020 1.6492 5.7549 1.7852 0.8035 -1.3876 0.0612
Car 0.0000 0 0.0371 671.1693 0.0000 1242.0000 375.0000 1.6012 1.6729 4.0420 -0.7326 1.6314 0.4353 -0.7638 0.0604
Car 0.0000 0 -2.6190 0.0000 0.0000 1242.0000 375.0000 1.5154 1.6142 3.3967 0.9805 1.7325 0.3015 -1.5994 0.0601
Car 0.0000 0 -2.7164 0.0000 0.0000 1242.0000 375.0000 1.5378 1.6470 3.6353 1.3521 1.7503 0.1946 -1.4947 0.0599
Car 0.0000 0 0.6583 1044.4854 176.0448 1196.8142 227.1957 1.4316 1.5343 3.6815 15.6674 1.5400 22.4269 1.2615 0.0593
Car 0.0000 0 0.1538 613.0358 0.0000 1242.0000 375.0000 1.6132 1.6557 3.9800 -0.7025 1.6217 0.1487 -0.8686 0.0592
Car 0.0000 0 -1.5911 1207.8022 165.3219 1242.0000 199.4979 1.7105 1.6155 3.6499 32.5481 1.3339 38.0348 -0.8874 0.0574
Car 0.0000 0 -1.3988 0.0000 0.0000 1242.0000 375.0000 1.5572 1.6841 4.0814 0.9536 1.6856 0.1046 -0.2270 0.0574
Car 0.0000 0 2.6881 307.7400 183.0853 626.1645 316.9080 1.3282 1.5131 3.6515 -1.7553 1.4819 9.1148 2.5020 0.0572
Car 0.0000 0 -2.5224 0.0000 0.0000 1242.0000 375.0000 1.4977 1.6083 3.4519 1.0592 1.6732 0.4046 -1.5394 0.0556
Car 0.0000 0 2.7045 330.3708 182.5720 644.7061 313.2523 1.3359 1.5249 3.6930 -1.5424 1.4839 9.2917 2.5434 0.0548
Car 0.0000 0 0.8214 1065.5304 177.8711 1212.6025 228.7054 1.3932 1.5213 3.6552 15.9567 1.5603 22.0604 1.4409 0.0537
Car 0.0000 0 0.5951 0.0000 0.0000 1242.0000 375.0000 1.5677 1.6052 3.8818 13.6908 1.1657 2.0309 1.9980 0.0536
Car 0.0000 0 3.7406 0.0000 0.0000 1242.0000 375.0000 1.5787 1.6874 4.5267 -0.9456 1.6460 0.3089 2.7271 0.0535
Car 0.0000 0 2.6297 352.1992 180.7799 653.0286 313.2211 1.3762 1.5064 3.5911 -1.3490 1.4982 9.3850 2.4896 0.0528
Car 0.0000 0 2.1247 0.0000 0.0000 1242.0000 375.0000 1.4838 1.6549 4.0357 0.6176 1.7009 0.3617 2.8694 0.0528
Car 0.0000 0 2.3546 1078.9310 0.0000 1242.0000 375.0000 1.4843 1.6015 4.0302 0.0949 1.7146 0.0766 2.5656 0.0516
Car 0.0000 0 0.8101 1069.2488 179.6216 1214.9655 231.0566 1.3908 1.5006 3.5455 15.9066 1.6136 21.8560 1.4324 0.0514
Car 0.0000 0 -1.0394 0.0000 0.0000 1242.0000 375.0000 1.5823 1.7122 3.8432 1.1700 1.7998 0.1020 0.2021 0.0514
Car 0.0000 0 -1.5663 973.5387 179.7318 1053.5419 243.8325 1.3762 1.5767 3.6534 9.9243 1.5660 17.8937 -1.0674 0.0512
Car 0.0000 0 3.3946 0.0000 0.0000 1242.0000 375.0000 1.5475 1.6287 3.9098 -39.4875 1.7530 1.2373 1.8622 0.0497
Pedestrian 0.0000 0 -1.9736 1241.3395 164.5135 1242.0000 209.8484 1.9046 0.6765 0.9019 27.5965 1.5545 30.8445 -1.2488 0.0494
Car 0.0000 0 1.6779 968.4764 182.2441 1056.8644 247.5292 1.3475 1.4991 3.7165 9.7327 1.5999 17.4051 2.1800 0.0480
Car 0.0000 0 2.8158 0.0000 0.0000 1242.0000 375.0000 1.4941 1.6093 3.8604 -38.7194 1.8214 1.9556 1.3028 0.0474
Car 0.0000 0 -1.3122 1212.1704 163.4105 1242.0000 199.7970 1.8029 1.7169 4.3964 33.2903 1.3353 37.6881 -0.5928 0.0472
Cyclist 0.0000 0 -1.8258 0.0000 0.0000 1242.0000 375.0000 1.6696 0.4958 1.8863 0.5377 1.6284 0.4089 -1.1840 0.0461
Car 0.0000 0 0.9635 1074.3107 179.1189 1214.6589 230.7541 1.3934 1.5397 3.6966 15.9086 1.5990 21.7805 1.5874 0.0458
Car 0.0000 0 -2.0292 0.0000 0.0000 1242.0000 375.0000 1.8038 1.6202 4.0698 7.1358 1.8061 1.1964 -0.6648 0.0457
Car 0.0000 0 -1.6616 1218.1074 161.8959 1242.0000 198.7871 1.8204 1.7095 4.1838 33.1438 1.2800 37.7985 -0.9458 0.0436
Car 0.0000 0 2.5724 372.8027 180.1665 655.6118 310.0840 1.3958 1.5057 3.4755 -1.2284 1.5109 9.6297 2.4477 0.0430
Cyclist 0.0000 0 -1.8529 1039.6547 171.1705 1083.7467 237.7668 1.6448 0.5423 1.5440 11.5938 1.6036 18.6342 -1.3039 0.0422
Car 0.0000 0 2.7285 0.0000 0.0000 1242.0000 375.0000 1.5871 1.5549 4.1507 -38.3420 1.9031 2.0616 1.2188 0.0418
Car 0.0000 0 3.1566 804.5975 0.0000 1242.0000 375.0000 1.5255 1.6384 4.2920 -0.5772 1.6827 0.4324 2.4696 0.0414
Cyclist 0.0000 0 -2.6175 0.0000 0.0000 1242.0000 375.0000 1.7146 0.4267 1.5954 5.7351 1.7575 0.3976 -1.1668 0.0411
Car 0.0000 0 -1.5843 1205.8256 164.2489 1242.0000 198.9453 1.7408 1.6871 3.8623 32.6299 1.3094 38.2259 -0.8817 0.0405
Car 0.0000 0 -2.5905 0.0000 0.0000 1242.0000 375.0000 1.5162 1.6195 3.4293 1.3666 1.7421 0.5103 -1.5556 0.0404
Car 0.0000 0 2.8207 0.0000 0.0000 1242.0000 375.0000 1.4732 1.6048 3.9640 -0.1560 1.6933 0.7527 2.6573 0.0388
Car 0.0000 0 0.8595 0.0000 0.0000 1242.0000 375.0000 1.5579 1.5679 4.0497 12.8986 1.4149 1.8495 2.2657 0.0373
Car 0.0000 0 -4.0411 0.0000 0.0000 1242.0000 375.0000 1.5655 1.6131 3.7734 1.5592 1.7458 0.1479 -2.7478 0.0364
Pedestrian 0.0000 0 -1.5957 1219.7417 164.8733 1240.4136 202.5813 1.8919 0.7769 0.6961 31.5086 1.4919 36.7136 -0.8907 0.0363
Car 0.0000 0 -2.5299 1185.8091 163.8942 1242.0000 200.0783 1.7853 1.6941 3.2989 32.1561 1.3436 37.4069 -1.8240 0.0360
Car 0.0000 0 2.6805 326.8739 182.3035 633.5330 314.8012 1.3536 1.5033 3.5827 -1.6265 1.4972 9.2698 2.5104 0.0357
Car 0.0000 0 -3.1109 0.0000 0.0000 1242.0000 375.0000 1.5489 1.6121 3.6884 1.8217 1.7650 0.1391 -1.7744 0.0350
Car 0.0000 0 -1.1269 1212.9240 164.0284 1242.0000 199.1491 1.7437 1.6391 3.5819 33.1258 1.3059 37.2795 -0.4046 0.0350
Car 0.0000 0 2.5614 338.5270 183.7178 642.0953 317.9004 1.3563 1.4786 3.6635 -1.4639 1.5242 9.3524 2.4092 0.0342
Pedestrian 0.0000 0 3.4439 0.0000 106.8168 1.7530 345.4446 1.8674 0.7188 0.7974 -5.8581 1.3510 6.1382 2.7035 0.0334
Car 0.0000 0 2.0963 1049.4822 179.7916 1183.1044 231.4868 1.4176 1.5275 3.9773 15.2222 1.6418 21.7364 2.7004 0.0333
Pedestrian 0.0000 0 2.9907 0.0000 108.3170 3.3530 349.4774 1.8745 0.7022 0.8192 -5.8369 1.3732 6.1449 2.2526 0.0331
Cyclist 0.0000 0 0.7653 189.9077 0.0000 1242.0000 375.0000 1.7228 0.5222 1.8799 0.5273 1.6528 -0.0207 1.8513 0.0313
Car 0.0000 0 3.5071 864.2833 0.0000 1242.0000 375.0000 1.5397 1.6297 4.1963 -0.6312 1.6823 0.1632 2.5477 0.0309
Car 0.0000 0 2.2416 659.0323 178.1019 864.6941 277.2958 1.4254 1.4835 3.6584 2.6212 1.5278 12.2915 2.4458 0.0297
Car 0.0000 0 1.1458 1087.8467 179.6733 1208.5016 232.4149 1.3966 1.5513 3.4573 15.7854 1.6170 21.4310 1.7737 0.0296
Pedestrian 0.0000 0 2.5393 0.0000 111.3927 29.0443 344.7790 1.8982 0.7079 0.7697 -5.8190 1.3987 6.3252 1.8164 0.0294
Car 0.0000 0 0.5900 1156.5293 0.0000 1242.0000 375.0000 1.5863 1.5852 4.2244 -0.3406 1.6495 -0.0997 -0.4899 0.0292
Pedestrian 0.0000 0 -1.4024 1217.8190 164.9944 1241.5824 203.1050 1.9110 0.8146 0.6972 31.4953 1.5172 36.7135 -0.6976 0.0290
Car 0.0000 0 2.6922 313.0991 181.9351 630.2234 315.8887 1.3472 1.4986 3.6709 -1.7083 1.4842 9.1690 2.5120 0.0285
Car 0.0000 0 3.4134 955.4865 0.0000 1242.0000 375.0000 1.5072 1.6188 4.2311 -0.3962 1.6909 0.0456 2.5269 0.0280
Car 0.0000 0 3.6022 1124.6552 0.0000 1242.0000 375.0000 1.5513 1.6080 4.1976 -0.2204 1.6826 -0.1469 2.5775 0.0277
Car 0.0000 0 2.6989 315.2040 182.5361 636.5616 314.4756 1.3359 1.5396 3.7632 -1.6753 1.4837 9.2721 2.5239 0.0276
Car 0.0000 0 -2.7583 0.0000 0.0000 1182.5287 375.0000 1.5162 1.6288 3.4145 1.4143 1.6775 0.6172 -1.7634 0.0276
Pedestrian 0.0000 0 -1.6429 1222.1503 162.2924 1242.0000 210.7583 1.8896 0.6371 0.7667 24.6987 1.4782 28.6268 -0.9364 0.0273
Car 0.0000 0 2.6182 335.5555 184.1790 638.1581 318.0309 1.3661 1.4677 3.6171 -1.5324 1.5402 9.3607 2.4591 0.0272
Car 0.0000 0 0.9226 1073.9863 177.3056 1211.7389 227.2893 1.3871 1.5128 3.5958 16.1520 1.5354 22.1608 1.5457 0.0272
Car 0.0000 0 1.6883 968.3361 180.4375 1061.0514 247.8186 1.3925 1.5382 3.7563 9.7405 1.5958 17.3281 2.1926 0.0267
Cyclist 0.0000 0 -2.9062 1210.0178 164.8820 1242.0000 200.7658 1.7879 0.4497 1.5520 31.5410 1.3911 36.7080 -2.2006 0.0251
Car 0.0000 0 -1.0050 690.9275 177.2107 878.8710 270.6421 1.4076 1.5087 3.7191 3.1675 1.4968 12.8747 -0.7700 0.0242
Car 0.0000 0 -4.0773 0.0000 0.0000 1242.0000 375.0000 1.5631 1.6263 3.8405 2.0178 1.7222 0.1590 -2.7278 0.0242
Car 0.0000 0 3.7221 823.4930 0.0000 1242.0000 375.0000 1.5702 1.6041 4.3513 -0.7504 1.6287 -0.0108 2.5007 0.0241
Car 0.0000 0 -0.6235 1240.3823 168.8041 1242.0000 206.5657 1.6735 1.6752 4.0168 31.6992 1.4943 33.0751 0.1359 0.0241
Car 0.0000 0 0.3381 0.0000 0.0000 1242.0000 375.0000 1.6017 1.6492 3.9319 14.0568 1.1413 1.8789 1.7558 0.0238
Car 0.0000 0 -3.0238 0.0000 0.0000 1200.9619 375.0000 1.5767 1.6244 3.5823 1.7208 1.7655 0.4888 -1.8825 0.0237
Pedestrian 0.0000 0 0.0986 262.5412 161.6281 304.5584 264.9746 1.6284 0.5726 0.5666 -5.3493 1.4519 11.7274 -0.3213 0.0235
Car 0.0000 0 3.5764 802.2403 0.0000 1242.0000 375.0000 1.5367 1.6381 4.3741 -0.8206 1.6373 0.1979 2.5337 0.0221
Pedestrian 0.0000 0 -1.1813 1220.1642 160.6721 1242.0000 209.0321 1.8901 0.6150 0.7449 24.7399 1.4143 28.6416 -0.4742 0.0220
Pedestrian 0.0000 0 0.1889 260.3583 162.7107 307.0326 265.2086 1.6172 0.5710 0.5928 -5.3462 1.4575 11.7271 -0.2308 0.0217
Pedestrian 0.0000 0 -1.5245 1215.5275 162.6677 1235.0646 202.1451 1.9956 0.7332 0.7079 31.5006 1.4811 36.9805 -0.8231 0.0213
Car 0.0000 0 1.5481 980.2231 180.4548 1058.8796 242.3929 1.3552 1.5802 3.8540 10.2774 1.5709 18.3675 2.0509 0.0213
Car 0.0000 0 3.5055 0.0000 0.0000 1242.0000 375.0000 1.5340 1.6633 4.4735 -0.9560 1.6739 0.5010 2.6181 0.0212
Car 0.0000 0 -0.1922 611.9086 0.0000 1242.0000 375.0000 1.5634 1.7110 4.0644 -0.7457 1.6298 0.6918 -0.8517 0.0210
Car 0.0000 0 2.0753 1046.2249 178.3327 1174.8253 227.7128 1.3705 1.5279 3.9224 15.1900 1.5493 21.9356 2.6742 0.0207
Car 0.0000 0 -1.2400 1212.8823 162.7525 1242.0000 199.4942 1.8136 1.7539 4.4762 33.3748 1.3153 37.4806 -0.5166 0.0206
Car 0.0000 0 -1.3029 1080.1240 177.5925 1181.5541 227.0601 1.3895 1.6050 3.9222 16.2283 1.5497 22.4827 -0.6843 0.0205
Pedestrian 0.0000 0 -1.4866 1214.6259 162.2921 1235.4109 202.3188 2.0230 0.7553 0.7323 31.4950 1.4896 36.9909 -0.7855 0.0200
Car 0.0000 0 2.0022 1062.4353 180.3106 1182.5485 231.4067 1.3973 1.5066 3.8646 15.4870 1.6401 21.8288 2.6124 0.0199
Car 0.0000 0 -2.6209 1179.9252 164.8314 1242.0000 201.4677 1.8076 1.7219 3.3347 31.9371 1.4121 37.4577 -1.9190 0.0199
Cyclist 0.0000 0 2.2138 1209.0917 163.1976 1242.0000 208.7634 1.7780 0.5028 1.7406 24.6463 1.4016 28.5890 2.9199 0.0198
Car 0.0000 0 -1.0668 697.9603 176.7466 878.2090 270.8463 1.4260 1.5101 3.8046 3.2684 1.5068 13.0004 -0.8267 0.0195
Car 0.0000 0 0.8545 1076.4663 179.0620 1221.7332 230.3385 1.3823 1.5729 3.4880 15.9953 1.5849 21.6926 1.4829 0.0193
Pedestrian 0.0000 0 -0.2367 1239.7421 165.5647 1242.0000 210.3076 1.8851 0.6798 0.8815 27.6063 1.5783 30.9037 0.4874 0.0186
Car 0.0000 0 3.2298 0.0000 0.0000 1242.0000 375.0000 1.4936 1.6202 3.9966 -39.4226 1.7026 1.0961 1.6940 0.0182
Car 0.0000 0 1.8104 679.0670 180.8527 826.7249 286.6943 1.4012 1.5605 3.5992 2.4193 1.5542 11.8063 2.0066 0.0181
Pedestrian 0.0000 0 3.5549 0.0000 102.4756 26.2126 340.8152 1.9325 0.7774 0.7622 -5.8207 1.3622 6.3338 2.8325 0.0181
Car 0.0000 0 -1.1189 1055.4110 178.6115 1178.8644 228.4592 1.3780 1.5332 3.9285 15.4111 1.5666 21.9535 -0.5136 0.0180
Car 0.0000 0 2.1414 664.5555 178.5600 855.6416 276.1344 1.3833 1.4977 3.5479 2.5908 1.4945 12.2282 2.3443 0.0177
Pedestrian 0.0000 0 -1.1396 1189.0310 160.7670 1217.5570 209.3717 1.7409 0.6267 0.5593 21.5366 1.3084 26.2461 -0.4582 0.0176
Car 0.0000 0 1.0037 1063.7014 174.8118 1192.8212 224.5846 1.4410 1.5544 3.7041 16.2494 1.5086 22.9186 1.6139 0.0173
Car 0.0000 0 -1.9082 1237.4633 174.3381 1242.0000 208.4910 1.5044 1.6025 3.1984 30.9550 1.5778 33.7208 -1.1702 0.0172
Car 0.0000 0 -2.7643 1022.3512 176.5397 1171.8153 225.2382 1.3946 1.5646 3.6060 15.2930 1.5216 22.8772 -2.1814 0.0169
Car 0.0000 0 -0.0251 0.0000 0.0000 1242.0000 375.0000 1.4958 1.5819 4.2273 -39.5542 1.7251 0.6756 -1.5717 0.0169
Car 0.0000 0 -1.0675 687.2341 177.7905 868.9008 272.7446 1.4277 1.5840 3.7265 3.0762 1.5299 12.9621 -0.8406 0.0168
Car 0.0000 0 2.9684 0.0000 0.0000 1242.0000 375.0000 1.4809 1.5495 3.6479 -31.0989 1.6592 1.8258 1.4653 0.0166
Car 0.0000 0 -1.7932 1241.1073 167.9149 1242.0000 205.1026 1.6455 1.6000 3.7932 31.2230 1.4273 33.9681 -1.0545 0.0165
Car 0.0000 0 -3.3156 0.0000 0.0000 1242.0000 375.0000 1.6127 1.6236 3.7097 2.0825 1.7178 0.2072 -1.9815 0.0164
Car 0.0000 0 -1.9328 1226.6740 167.8963 1242.0000 205.4158 1.6680 1.6150 3.7289 30.9272 1.4480 34.1054 -1.2008 0.0164
Pedestrian 0.0000 0 -1.2799 1189.4927 160.2897 1216.9324 209.2182 1.7516 0.6367 0.5708 21.5395 1.3022 26.2519 -0.5986 0.0162
Car 0.0000 0 -1.7916 1239.2704 169.2576 1242.0000 205.4629 1.6061 1.5848 3.7929 31.1894 1.4469 34.0459 -1.0546 0.0161
Car 0.0000 0 1.8500 1206.6647 174.1075 1242.0000 211.5173 1.5817 1.6904 3.3004 28.2930 1.6408 32.2197 2.5657 0.0158
Car 0.0000 0 -1.0593 707.5308 176.3425 884.4495 271.8063 1.4835 1.5066 3.7482 3.4603 1.5569 13.2236 -0.8098 0.0157
Car 0.0000 0 1.3352 1104.6313 180.4095 1206.0342 234.0866 1.3858 1.5645 3.4213 15.7209 1.6261 21.0348 1.9699 0.0153
Car 0.0000 0 -2.7461 1021.1512 175.0447 1171.6162 222.5027 1.3738 1.5668 3.6593 15.3607 1.4500 23.0194 -2.1639 0.0152
Car 0.0000 0 -2.2918 1044.8589 177.3776 1184.6375 226.1153 1.3916 1.5751 3.6737 15.7908 1.5474 22.8747 -1.6941 0.0151
Car 0.0000 0 -1.1401 1187.5081 174.3814 1242.0000 211.9108 1.5521 1.7230 3.6109 27.1956 1.6224 31.5022 -0.4329 0.0151
Car 0.0000 0 -1.0999 720.4989 177.1072 882.7990 268.4539 1.4339 1.4227 3.6059 3.5832 1.5234 13.3124 -0.8434 0.0150
Car 0.0000 0 -2.7282 1025.1073 175.9875 1179.2123 225.1549 1.3941 1.5639 3.6825 15.3045 1.5015 22.6787 -2.1410 0.0149
Car 0.0000 0 -2.7568 1021.8867 175.1974 1170.4442 222.4876 1.3690 1.5356 3.6153 15.3443 1.4503 22.9990 -2.1747 0.0149
Car 0.0000 0 2.5312 0.0000 0.0000 1242.0000 375.0000 1.5615 1.6378 3.9686 -38.8665 1.7567 1.3343 1.0020 0.0149
Car 0.0000 0 -2.7206 1015.7870 173.7617 1170.6572 221.2499 1.3863 1.5601 3.8268 15.3462 1.4184 23.1706 -2.1418 0.0148
Car 0.0000 0 2.5928 0.0000 0.0000 1242.0000 375.0000 1.5590 1.6090 3.9807 -39.1147 1.7576 1.1860 1.0595 0.0148
Car 0.0000 0 2.7555 0.0000 0.0000 1242.0000 375.0000 1.5473 1.6509 4.0666 -38.5250 1.8339 1.5744 1.2329 0.0148
Car 0.0000 0 3.1774 0.0000 0.0000 1242.0000 375.0000 1.4713 1.5967 3.9431 -31.4433 1.5921 1.7667 1.6717 0.0145
Car 0.0000 0 -1.0551 705.5527 176.3566 872.8382 268.2756 1.4198 1.4087 3.4765 3.2738 1.4918 13.0234 -0.8151 0.0143
Car 0.0000 0 -4.1624 0.0000 0.0000 1130.6980 375.0000 1.5609 1.5723 3.9758 2.1190 1.7055 -0.1878 -2.6407 0.0141
Pedestrian 0.0000 0 -1.7152 1210.7172 167.0308 1230.1293 205.0320 1.9282 0.6777 0.6077 31.2998 1.6331 37.0454 -1.0179 0.0137
Car 0.0000 0 -1.8488 1236.1219 170.0408 1242.0000 205.8991 1.5927 1.5633 3.7351 31.1542 1.4681 34.0661 -1.1126 0.0137
Car 0.0000 0 1.1027 1097.3853 178.7061 1218.6771 230.9377 1.3979 1.5525 3.2177 16.0717 1.5858 21.4087 1.7396 0.0136
Car 0.0000 0 -1.1275 1068.7540 179.6415 1193.3363 228.4642 1.3494 1.5466 3.9893 15.9008 1.5726 22.0452 -0.5094 0.0136
Car 0.0000 0 -1.0744 714.7505 175.1692 889.5674 271.2246 1.5063 1.5145 3.7563 3.5916 1.5553 13.2905 -0.8170 0.0135
Pedestrian 0.0000 0 -1.5118 1210.8818 167.5999 1229.1427 205.5574 1.9251 0.6835 0.6215 31.2902 1.6590 37.0522 -0.8148 0.0135
Car 0.0000 0 -2.3046 1033.2953 171.5238 1174.2788 219.9702 1.4404 1.5949 3.8471 15.8428 1.4012 23.4688 -1.7170 0.0133
Car 0.0000 0 -0.3664 1240.7034 171.4865 1242.0000 204.2519 1.6608 1.6797 4.3409 36.4234 1.5918 38.1740 0.3914 0.0133
Car 0.0000 0 -1.0609 702.3306 178.9161 876.4505 270.6026 1.4046 1.4957 3.6466 3.3146 1.5309 13.1381 -0.8200 0.0131
Pedestrian 0.0000 0 1.6044 74.1133 159.2834 145.8244 355.5549 1.6639 0.5031 0.6177 -4.5490 1.5492 6.5092 1.0131 0.0130
Car 0.0000 0 -2.3529 1035.3206 174.9795 1173.7017 222.6020 1.3970 1.5730 3.6111 15.7410 1.4715 23.2582 -1.7642 0.0130
Car 0.0000 0 -2.0986 1051.7438 173.8306 1172.1898 221.2089 1.4113 1.5649 3.6329 16.1024 1.4459 23.4325 -1.5027 0.0127
Car 0.0000 0 -1.1691 1191.0208 173.0140 1242.0000 210.5634 1.5718 1.6803 3.3247 27.3650 1.5795 31.7063 -0.4619 0.0127
Car 0.0000 0 -2.1388 1047.2219 171.7234 1175.6620 220.3382 1.4547 1.5902 3.8448 16.1369 1.4213 23.5313 -1.5439 0.0126
Cyclist 0.0000 0 1.2449 0.0000 105.9336 21.6168 344.8616 1.8316 0.5749 1.8121 -5.9083 1.3189 6.2193 0.5065 0.0126
Car 0.0000 0 2.3051 650.6282 183.0713 862.5024 281.1277 1.3441 1.4888 3.4567 2.4208 1.5355 11.8578 2.5005 0.0124
Car 0.0000 0 -2.5429 1022.2958 173.7045 1173.8070 221.3153 1.3939 1.5952 3.7950 15.5323 1.4241 23.2533 -1.9602 0.0124
Pedestrian 0.0000 0 -1.9069 1221.6918 162.9084 1242.0000 210.4125 1.8478 0.6872 0.5779 24.6350 1.4613 28.4582 -1.1988 0.0124
Car 0.0000 0 -1.0261 700.4210 180.0251 884.3246 274.4253 1.4442 1.4923 3.8507 3.3925 1.5946 13.2078 -0.7810 0.0123
Car 0.0000 0 0.9341 1079.6531 179.0954 1217.1589 229.7165 1.3764 1.4901 3.5493 16.0811 1.5811 21.8362 1.5620 0.0122
Car 0.0000 0 -3.3360 0.0000 0.0000 1242.0000 375.0000 1.5782 1.6257 3.8475 2.0821 1.7077 0.0582 -1.9327 0.0120
Car 0.0000 0 -0.0369 325.9003 0.0000 1242.0000 375.0000 1.5481 1.6982 4.1345 -1.3418 1.6201 0.4913 -1.0855 0.0120
Car 0.0000 0 -2.8462 1162.0942 144.2715 1242.0000 177.3797 1.9903 1.6023 4.0389 37.5161 0.2724 45.4975 -2.1598 0.0119
Car 0.0000 0 -2.3486 1034.6632 173.8851 1175.1809 222.8058 1.4447 1.5843 3.7092 15.8160 1.4813 23.3590 -1.7597 0.0119
Car 0.0000 0 0.7096 1240.7360 174.1254 1242.0000 210.7927 1.5202 1.7094 3.7736 30.5569 1.5804 32.0136 1.4668 0.0118
Car 0.0000 0 0.8788 1073.9122 178.6626 1219.6562 229.0168 1.3637 1.5573 3.6254 16.0166 1.5548 21.8277 1.5050 0.0117
Car 0.0000 0 -2.6133 1026.4926 177.0404 1178.9403 226.3918 1.4112 1.5965 3.7045 15.5134 1.5566 22.9854 -2.0260 0.0115
Car 0.0000 0 -0.5112 1237.9545 171.7788 1242.0000 203.6754 1.6307 1.6612 4.2812 36.2474 1.5761 38.2083 0.2438 0.0115
Car 0.0000 0 -1.9321 1225.5273 167.7407 1242.0000 205.0992 1.6640 1.5908 3.7747 30.9317 1.4366 34.1830 -1.2012 0.0114
Pedestrian 0.0000 0 0.7920 0.0000 0.0000 1242.0000 375.0000 1.8341 0.6305 0.6780 -19.2487 1.4999 0.2024 -0.7536 0.0114
Car 0.0000 0 -4.3188 0.0000 0.0000 1242.0000 375.0000 1.5240 1.6121 3.7588 2.3313 1.6657 0.1807 -2.9489 0.0113
Car 0.0000 0 2.1936 657.9091 176.6420 863.6235 275.3765 1.4276 1.4770 3.9014 2.6577 1.5031 12.4368 2.3983 0.0112
Cyclist 0.0000 0 1.9841 1229.6185 166.8749 1242.0000 210.5072 1.8032 0.5586 1.7695 26.9195 1.5564 30.4447 2.7030 0.0112
Car 0.0000 0 -2.8607 1160.2178 146.0726 1242.0000 179.8266 2.0306 1.7214 4.1998 37.6058 0.4198 45.6206 -2.1745 0.0109
Car 0.0000 0 2.2721 670.9067 179.3266 877.1162 276.0573 1.4308 1.4746 3.7149 2.8916 1.5596 12.6100 2.4915 0.0109
Car 0.0000 0 2.1128 657.7499 179.3324 855.3468 279.2488 1.4009 1.5082 3.9054 2.5766 1.5293 12.3148 2.3132 0.0108
Car 0.0000 0 2.1964 651.7612 177.8442 862.7340 275.9437 1.4020 1.6170 3.8360 2.5816 1.5012 12.3969 2.3959 0.0108
Car 0.0000 0 -1.2856 1143.4097 170.1923 1237.2450 214.4909 1.5994 1.7710 4.1001 22.4718 1.5037 27.9533 -0.6139 0.0108
Car 0.0000 0 -2.5795 1028.3829 174.9491 1176.6478 223.2251 1.3984 1.5942 3.6090 15.5487 1.4714 23.0420 -1.9922 0.0108
Car 0.0000 0 2.1730 667.6268 177.6691 864.3186 274.9638 1.4200 1.5409 3.6631 2.7517 1.5161 12.5268 2.3833 0.0107
Cyclist 0.0000 0 -1.8225 0.0000 115.2852 8.2410 354.1414 1.8556 0.6408 2.0403 -6.2120 1.4087 6.4237 -2.5704 0.0107
Car 0.0000 0 2.1818 687.3955 178.9107 880.3493 275.7596 1.4649 1.4520 3.8076 3.1645 1.5892 12.9444 2.4153 0.0107
Car 0.0000 0 2.5168 0.0000 0.0000 1242.0000 375.0000 1.5560 1.6314 3.8863 -39.0819 1.7518 1.4060 0.9892 0.0107
Car 0.0000 0 2.1736 644.7981 178.1521 845.1064 276.8694 1.3803 1.4631 3.7094 2.3229 1.4830 12.1101 2.3576 0.0105
Car 0.0000 0 2.0484 664.9767 177.4400 839.7535 274.1478 1.3704 1.4750 3.4747 2.4672 1.4600 12.2138 2.2420 0.0104
Car 0.0000 0 -1.0506 1073.8954 178.5356 1203.8599 226.9871 1.3657 1.5929 3.7439 16.2222 1.5526 22.1861 -0.4260 0.0104
Car 0.0000 0 2.2709 641.1044 178.1684 862.9295 275.4906 1.3997 1.5683 3.9678 2.4928 1.5053 12.4323 2.4632 0.0104
Car 0.0000 0 -1.2461 1145.6952 173.4639 1236.5278 215.7628 1.5227 1.6433 3.6928 22.2980 1.5479 27.7125 -0.5741 0.0103
Car 0.0000 0 1.5342 1226.5980 169.6507 1242.0000 209.5109 1.6368 1.5036 3.2258 27.7924 1.5056 31.3510 2.2545 0.0102
Car 0.0000 0 -0.9763 703.0679 180.1542 882.0264 270.0977 1.3951 1.4509 3.5350 3.3657 1.5464 13.1902 -0.7327 0.0102
Car 0.0000 0 1.7486 701.7488 184.1927 831.0006 284.3432 1.3367 1.5283 3.2332 2.6170 1.5508 11.8173 1.9602 0.0102
Pedestrian 0.0000 0 1.8615 0.0000 0.0000 1242.0000 375.0000 1.7949 0.5690 0.5479 -19.4103 1.4454 0.2110 0.3161 0.0102
Pedestrian 0.0000 0 -1.6297 1223.6906 162.4930 1242.0000 210.3325 1.8562 0.6977 0.5907 24.6278 1.4546 28.4398 -0.9214 0.0101
Car 0.0000 0 0.9218 1234.2817 169.6876 1242.0000 203.1581 1.6859 1.7247 4.1027 35.7490 1.5268 38.4662 1.6665 0.0101
Car 0.0000 0 -2.8802 1164.5416 145.5091 1242.0000 177.6553 1.9268 1.6956 3.9828 37.5439 0.2881 45.3571 -2.1920 0.0100
Pedestrian 0.0000 0 -1.4947 110.2070 118.5254 181.7860 328.5745 1.7979 0.4925 0.6579 -4.2681 1.3332 6.5787 -2.0524 0.0100
Car 0.0000 0 2.1552 653.9349 178.7350 854.8414 275.6943 1.3743 1.5447 3.7783 2.5285 1.4906 12.3387 2.3517 0.0100
Car 0.0000 0 -2.9633 1194.1062 162.6045 1242.0000 201.6245 1.8722 1.7835 3.8125 32.2863 1.3808 36.6630 -2.2455 0.0100
Car 0.0000 0 1.6844 0.0000 0.0000 1242.0000 375.0000 1.3767 1.5737 3.6715 -38.8538 1.8939 0.0903 0.1232 0.0099
Car 0.0000 0 -1.1055 0.0000 0.0000 1242.0000 375.0000 1.6116 1.6892 4.2413 -36.0324 1.7308 1.7462 -2.6201 0.0099
Car 0.0000 0 2.1161 654.9366 178.3131 855.3972 277.9609 1.3955 1.5289 3.9306 2.5479 1.5036 12.2805 2.3149 0.0098
Car 0.0000 0 2.0639 661.2307 180.0275 846.4634 279.2380 1.3784 1.4887 3.7280 2.5061 1.5191 12.2097 2.2606 0.0098
Car 0.0000 0 1.3125 0.0000 0.0000 1242.0000 375.0000 1.5481 1.6936 4.0645 -39.6870 1.7079 1.0882 -0.2238 0.0098
Car 0.0000 0 -2.8942 0.0000 0.0000 1148.2804 375.0000 1.5426 1.7137 3.5480 1.6124 1.7441 0.6820 -1.8712 0.0097
Car 0.0000 0 1.9604 669.1764 178.1556 836.7799 277.7104 1.3757 1.5370 3.4919 2.4553 1.4784 12.0483 2.1557 0.0097
Pedestrian 0.0000 0 -0.0621 262.0940 168.9855 301.7253 271.2007 1.5858 0.5644 0.5466 -5.3177 1.5261 11.5684 -0.4848 0.0096
Car 0.0000 0 -1.2770 1147.1422 171.7352 1233.3232 214.3320 1.5371 1.6072 3.6684 22.2888 1.4971 27.7389 -0.6057 0.0096
Pedestrian 0.0000 0 1.3671 114.3577 136.7701 187.9812 335.6896 1.6985 0.4411 0.6899 -4.2343 1.3907 6.5602 0.8118 0.0095
Pedestrian 0.0000 0 0.0317 272.8110 164.2581 320.3185 267.1888 1.6192 0.5554 0.6893 -5.1376 1.4843 11.7320 -0.3733 0.0094
Car 0.0000 0 2.2659 0.0000 0.0000 1242.0000 375.0000 1.5420 1.7443 4.1854 -39.2523 1.7233 1.2789 0.7348 0.0094
Car 0.0000 0 2.1974 670.5905 179.9419 869.9674 277.5605 1.4229 1.5650 3.6342 2.8270 1.5644 12.5689 2.4126 0.0093
Car 0.0000 0 0.1547 1193.5052 162.0166 1242.0000 198.3881 1.7559 1.6901 3.6734 32.2335 1.2330 36.7791 0.8702 0.0093
Car 0.0000 0 2.2725 643.8230 176.8081 860.3217 275.8517 1.4154 1.5082 3.8029 2.4467 1.4925 12.2294 2.4644 0.0093
Car 0.0000 0 2.9845 0.0000 0.0000 1242.0000 375.0000 1.5083 1.5766 3.8711 -31.0442 1.6534 1.7128 1.4778 0.0093
Car 0.0000 0 -0.8704 1057.3517 179.8194 1202.7455 228.7446 1.3712 1.5304 3.7342 15.6230 1.5935 21.7755 -0.2549 0.0091
Cyclist 0.0000 0 -1.9070 0.0000 98.2173 18.9224 344.6402 1.8969 0.5645 1.7997 -5.9394 1.3227 6.2267 -2.6475 0.0090
Car 0.0000 0 -1.1937 1234.6266 162.7217 1242.0000 200.3896 1.8476 1.8354 4.6488 34.5231 1.3510 37.2259 -0.4501 0.0090
Car 0.0000 0 -1.7640 1236.3766 169.4217 1242.0000 206.0937 1.6297 1.6102 3.9192 31.1149 1.4775 34.1561 -1.0297 0.0090
Cyclist 0.0000 0 -1.0950 562.5511 174.3240 642.8671 292.6847 1.4961 0.3808 1.6974 -0.1171 1.5185 9.9828 -1.1079 0.0089
Car 0.0000 0 2.1740 662.7845 177.1714 860.1385 274.4547 1.4158 1.5177 3.6999 2.6693 1.5018 12.4867 2.3788 0.0089
Cyclist 0.0000 0 -2.1539 0.0000 87.2762 53.2039 343.6690 2.0127 0.5431 1.6982 -5.7224 1.3413 6.1414 -2.8825 0.0088
Car 0.0000 0 -2.1489 1045.7201 170.1472 1174.6749 217.9718 1.4367 1.5918 3.8513 16.1514 1.3558 23.6111 -1.5551 0.0088
Car 0.0000 0 2.0926 648.9865 180.0690 842.5882 279.3124 1.3518 1.4721 3.8034 2.3411 1.4917 12.0282 2.2792 0.0086
Cyclist 0.0000 0 -0.9102 1026.6161 173.2786 1095.4069 237.8817 1.6114 0.5843 1.7114 11.5668 1.6230 18.5775 -0.3609 0.0084
Car 0.0000 0 1.6892 725.5751 182.9195 847.2400 293.4021 1.4135 1.4849 3.4844 2.8666 1.6002 11.4647 1.9271 0.0084
Car 0.0000 0 2.0713 660.0939 177.8709 843.2989 275.4641 1.3643 1.5059 3.5475 2.4402 1.4618 12.1193 2.2643 0.0083
Car 0.0000 0 0.0138 0.0000 0.0000 1242.0000 375.0000 1.3572 1.5639 4.0694 -39.6174 1.7659 0.2561 -1.5434 0.0082
Pedestrian 0.0000 0 1.5207 0.0000 0.0000 1242.0000 375.0000 1.7771 0.6357 0.7663 -19.2486 1.5481 0.1978 -0.0251 0.0082
Car 0.0000 0 -3.6573 1238.2257 171.4590 1242.0000 204.1784 1.6957 1.6441 4.0614 36.5252 1.6237 38.6670 -2.9045 0.0082
Cyclist 0.0000 0 -1.2804 1219.6699 163.6192 1242.0000 210.2886 1.7950 0.5593 1.8053 24.7151 1.4402 28.4726 -0.5710 0.0081
Cyclist 0.0000 0 -1.1764 248.0685 167.1706 318.0061 268.2081 1.5400 0.4359 1.6480 -5.3717 1.4538 11.8240 -1.5949 0.0081
Car 0.0000 0 -1.8100 1229.9261 162.3616 1242.0000 205.6211 1.9268 1.6569 3.8895 31.0033 1.4598 34.2401 -1.0788 0.0081
Car 0.0000 0 -2.2483 1033.9270 169.7499 1171.2449 218.8120 1.4679 1.5890 3.8996 15.8896 1.3754 23.5993 -1.6618 0.0081
Car 0.0000 0 -1.1969 1145.4198 172.3727 1239.3907 215.1758 1.5588 1.6166 3.6668 22.4867 1.5416 27.8914 -0.5238 0.0080
Car 0.0000 0 2.2350 673.8098 180.8266 869.4475 275.2218 1.3950 1.4637 3.5750 2.8601 1.5540 12.6505 2.4513 0.0080
Cyclist 0.0000 0 -2.4801 0.0000 0.0000 1206.5519 375.0000 1.6760 0.5165 1.9356 0.9046 1.6328 0.4556 -1.6072 0.0079
Car 0.0000 0 2.0880 673.4590 179.4380 863.8477 278.3754 1.4111 1.5394 3.8033 2.8096 1.5429 12.4732 2.3035 0.0078
Car 0.0000 0 2.1340 683.1324 183.2242 870.8420 277.2441 1.3376 1.3903 3.7296 2.9408 1.5431 12.4683 2.3594 0.0078
Pedestrian 0.0000 0 1.2304 0.0000 0.0000 1242.0000 375.0000 1.8185 0.5740 0.6559 -19.4209 1.4600 0.2038 -0.3154 0.0077
Car 0.0000 0 -1.0469 1077.2917 175.0203 1203.2196 223.2046 1.3978 1.6508 3.5132 16.5120 1.4703 22.5326 -0.4211 0.0076
Car 0.0000 0 -1.3815 706.1315 179.4050 828.5234 272.8895 1.3391 1.4612 3.3446 2.7612 1.4687 12.4131 -1.1686 0.0076
Car 0.0000 0 -1.2394 1146.7537 174.3207 1234.6644 216.1545 1.5158 1.5964 3.5493 22.4175 1.5762 27.8831 -0.5678 0.0076
Car 0.0000 0 1.3849 956.4139 178.5884 1063.2228 240.6218 1.3700 1.5992 4.1706 10.0797 1.5357 18.5730 1.8750 0.0076
Car 0.0000 0 2.1421 664.8115 179.7302 856.8635 275.8972 1.3695 1.4871 3.6515 2.6359 1.5051 12.3578 2.3464 0.0075
Car 0.0000 0 -2.6229 1029.0105 175.8632 1177.8035 223.6803 1.3782 1.5841 3.5988 15.5581 1.4827 23.0050 -2.0346 0.0075
Car 0.0000 0 -0.4439 1240.8318 172.5928 1242.0000 204.2219 1.5935 1.7304 4.2986 36.1223 1.5807 37.8353 0.3142 0.0075
Car 0.0000 0 -3.2949 1234.2521 169.0522 1242.0000 201.7234 1.6582 1.6812 4.2252 36.1802 1.4656 38.5004 -2.5447 0.0074
Car 0.0000 0 -3.3323 1234.9918 170.3457 1242.0000 203.0749 1.6670 1.6837 4.1525 36.2548 1.5396 38.5621 -2.5819 0.0074
Car 0.0000 0 1.9762 661.3231 179.5334 832.2988 280.0783 1.3569 1.5103 3.4799 2.3153 1.4842 11.8474 2.1635 0.0073
Pedestrian 0.0000 0 2.1400 1196.7438 161.5087 1228.8406 212.0444 1.8062 0.6342 0.6705 21.8347 1.4011 26.1910 2.8292 0.0072
Car 0.0000 0 1.9043 661.2052 179.6261 822.5928 281.4358 1.3683 1.5612 3.4484 2.2354 1.4974 11.8305 2.0855 0.0072
Car 0.0000 0 2.1122 669.9640 179.5436 864.8649 278.4892 1.4061 1.5653 3.7651 2.7699 1.5393 12.4164 2.3257 0.0071
Car 0.0000 0 1.7953 1158.9211 172.5361 1232.7217 214.2037 1.5058 1.4815 3.4884 22.5038 1.4946 27.7356 2.4715 0.0070
Cyclist 0.0000 0 -1.8116 0.0000 103.9498 23.8449 352.5143 1.9333 0.6699 1.9641 -6.0669 1.3977 6.4369 -2.5469 0.0070
Car 0.0000 0 -1.4766 0.0000 0.0000 1242.0000 375.0000 1.4787 1.5608 3.6207 3.1772 1.7317 0.1463 -0.0435 0.0069
Car 0.0000 0 2.1426 672.9269 179.1722 860.4028 275.7449 1.4140 1.4793 3.6290 2.7849 1.5406 12.6064 2.3541 0.0069
Car 0.0000 0 -1.8938 1226.5067 167.6060 1242.0000 205.0613 1.6670 1.6065 3.8472 30.9371 1.4338 34.1947 -1.1629 0.0069
Pedestrian 0.0000 0 0.0589 258.9044 169.9932 300.6641 271.1043 1.5681 0.5506 0.5742 -5.3283 1.5241 11.5473 -0.3652 0.0068
Cyclist 0.0000 0 0.5542 227.2849 163.1101 354.9275 267.1259 1.6314 0.5230 1.9083 -5.2180 1.4790 11.7089 0.1429 0.0067
Car 0.0000 0 -0.6607 1241.5355 173.3493 1242.0000 211.2637 1.6700 1.8065 4.7499 32.0838 1.6938 32.9592 0.1064 0.0067
Car 0.0000 0 -1.7362 1215.1202 166.7301 1242.0000 209.3204 1.7285 1.5457 3.3614 27.3775 1.4803 31.1172 -1.0196 0.0067
Car 0.0000 0 -3.3566 1028.9359 179.0238 1182.2654 227.4992 1.4108 1.4966 3.7393 15.4206 1.6173 22.7284 -2.7669 0.0067
Pedestrian 0.0000 0 -1.7120 781.3185 175.3163 809.2109 244.1824 1.5331 0.5290 0.6132 4.1595 1.5906 16.4160 -1.4689 0.0065
Car 0.0000 0 -1.8983 1223.7703 166.5225 1242.0000 204.0906 1.6836 1.6008 3.6145 30.8627 1.4002 34.3088 -1.1702 0.0065
Car 0.0000 0 1.1839 0.0000 0.0000 1242.0000 375.0000 1.4011 1.6008 3.8302 -39.1242 1.8530 -0.1571 -0.3837 0.0065
Car 0.0000 0 2.4560 0.0000 0.0000 1242.0000 375.0000 1.4653 1.6087 3.5720 -30.2880 1.6626 1.8035 0.9539 0.0063
Car 0.0000 0 2.5377 0.0000 0.0000 1242.0000 375.0000 1.5097 1.5590 3.5553 -30.2816 1.6323 1.6965 1.0321 0.0062
Car 0.0000 0 -2.2545 1237.2490 162.2976 1242.0000 198.3726 1.8525 1.8372 4.4509 36.9120 1.3108 39.3307 -1.5048 0.0062
Car 0.0000 0 2.1385 678.2467 179.1888 866.0737 275.7602 1.4226 1.4822 3.6833 2.9017 1.5504 12.6909 2.3573 0.0061
Car 0.0000 0 2.2107 0.0000 0.0000 1242.0000 375.0000 1.5494 1.7551 5.0776 -36.4257 1.8100 2.2249 0.7086 0.0061
Car 0.0000 0 2.9760 0.0000 0.0000 1242.0000 375.0000 1.5449 1.5902 4.0915 -31.0221 1.6255 1.6496 1.4674 0.0060
Car 0.0000 0 1.6602 727.2532 183.9860 847.5383 292.0010 1.3816 1.5684 3.5016 2.8996 1.5893 11.5300 1.8994 0.0060
Car 0.0000 0 -0.7103 1241.8055 171.6571 1242.0000 209.7157 1.6876 1.8091 4.4944 31.9672 1.6349 33.0176 0.0542 0.0060
Car 0.0000 0 2.3150 1232.6227 169.2559 1242.0000 199.4687 1.5460 1.6454 3.9972 35.2968 1.3622 37.8995 3.0608 0.0059
Car 0.0000 0 -1.1312 726.3036 176.4624 891.8599 266.7429 1.4614 1.5466 3.9173 3.8779 1.5408 13.8276 -0.8642 0.0059
Car 0.0000 0 0.8691 0.0000 0.0000 1242.0000 375.0000 1.7916 1.7103 4.3456 12.8672 1.4657 2.1679 2.2509 0.0056
Pedestrian 0.0000 0 -0.3815 717.7867 162.8541 743.5217 224.8156 1.6028 0.5691 0.4893 3.1242 1.3445 18.9933 -0.2216 0.0056
Car 0.0000 0 0.1938 0.0000 0.0000 1242.0000 375.0000 1.5262 1.6176 3.7122 -31.5855 1.5482 1.9109 -1.3077 0.0055
Car 0.0000 0 1.5873 0.0000 0.0000 1242.0000 375.0000 1.3822 1.5894 3.6789 -39.1681 1.8496 0.1723 0.0281 0.0054
Car 0.0000 0 -3.6417 1241.7723 171.0634 1242.0000 202.0453 1.5840 1.6278 3.7997 36.1137 1.4928 38.1512 -2.8878 0.0054
Pedestrian 0.0000 0 3.6978 0.0000 102.7956 60.2085 346.1133 1.9532 0.6818 1.0111 -5.5476 1.3912 6.2030 2.9893 0.0052
Pedestrian 0.0000 0 -0.7978 725.8397 146.6185 755.0935 219.6509 2.0838 0.6636 0.5192 3.7492 1.3356 21.0050 -0.6242 0.0052
Cyclist 0.0000 0 1.7153 1234.8613 169.1600 1242.0000 210.0371 1.6590 0.4945 1.4567 26.3560 1.5094 29.9422 2.4319 0.0052
Car 0.0000 0 1.2556 0.0000 0.0000 1242.0000 375.0000 1.3379 1.5765 3.8712 -39.3335 1.7967 0.2010 -0.3029 0.0052
Car 0.0000 0 0.9892 0.0000 0.0000 1242.0000 375.0000 1.3628 1.5345 3.9206 -39.2319 1.7719 -0.1085 -0.5772 0.0051
Pedestrian 0.0000 0 -0.4847 717.3708 161.6346 743.4998 224.1507 1.6170 0.5656 0.4673 3.1206 1.3272 19.0033 -0.3251 0.0051
Cyclist 0.0000 0 -1.2607 247.6460 170.5606 314.3982 272.3921 1.5214 0.4984 1.6192 -5.3087 1.4875 11.6095 -1.6815 0.0051
Car 0.0000 0 -0.8678 1233.1482 170.4541 1242.0000 201.2994 1.5774 1.6505 4.2914 35.4748 1.4550 37.9728 -0.1206 0.0050
Pedestrian 0.0000 0 2.9214 726.8863 163.2214 749.5728 225.1714 1.6044 0.5658 0.4724 3.3207 1.3553 18.9780 3.0914 0.0050
Pedestrian 0.0000 0 -0.2536 722.8759 144.7543 741.7531 215.9985 2.0477 0.5692 0.4104 3.5162 1.2404 21.0374 -0.0908 0.0048
Pedestrian 0.0000 0 -0.5670 727.0101 165.0212 754.0290 227.5192 1.6168 0.5785 0.4607 3.3893 1.4146 19.0191 -0.3940 0.0048
Car 0.0000 0 2.4711 620.7553 186.3181 882.5765 293.5901 1.3832 1.5879 3.8950 2.2058 1.6247 11.3138 2.6576 0.0046
Car 0.0000 0 -2.1286 1044.8750 168.3140 1174.1014 216.9500 1.4596 1.5817 3.9872 16.1626 1.3238 23.6720 -1.5357 0.0046
Car 0.0000 0 2.4879 0.0000 0.0000 1242.0000 375.0000 1.5033 1.5917 3.6712 -30.3036 1.6015 1.7589 0.9844 0.0046
Car 0.0000 0 -1.8768 1213.0132 167.1563 1242.0000 206.5576 1.7705 1.7093 3.9733 30.6550 1.5148 34.5816 -1.1561 0.0046
Car 0.0000 0 -1.1648 1082.6650 177.5574 1198.1143 225.3663 1.3609 1.5994 3.6722 16.5044 1.5185 22.4847 -0.5383 0.0046
Car 0.0000 0 -1.2452 1152.4027 173.4208 1236.5996 213.8634 1.4772 1.5172 3.4908 22.6408 1.5008 27.9771 -0.5703 0.0046
Car 0.0000 0 1.8883 543.1212 168.5267 640.9172 231.8325 1.6165 1.6033 4.0336 -0.4454 1.5064 20.5847 1.8661 0.0045
Car 0.0000 0 0.0099 0.0000 0.0000 1242.0000 375.0000 1.5766 1.7174 4.0628 -31.3714 1.5288 1.7182 -1.4973 0.0044
Car 0.0000 0 1.7668 0.0000 0.0000 1242.0000 375.0000 1.4520 1.7443 4.0764 -39.1625 1.7163 0.7704 0.2229 0.0041
Car 0.0000 0 1.0459 1095.4062 178.6754 1230.2561 230.5822 1.3943 1.5819 3.6257 16.4015 1.5850 21.6955 1.6862 0.0040
Car 0.0000 0 3.0285 0.0000 0.0000 1242.0000 375.0000 1.5197 1.5692 3.9860 -31.0143 1.6375 1.8489 1.5263 0.0039
Car 0.0000 0 2.6424 0.0000 0.0000 1242.0000 375.0000 1.4941 1.5663 3.3811 -30.3388 1.5556 1.8030 1.1401 0.0039
Car 0.0000 0 1.9700 538.4773 171.0416 643.6788 233.3564 1.5768 1.5802 3.8691 -0.4710 1.5313 20.3447 1.9464 0.0039
Car 0.0000 0 -2.0787 1205.8134 167.9316 1242.0000 206.6781 1.7377 1.7285 4.0567 30.6733 1.5173 34.5216 -1.3568 0.0038
Car 0.0000 0 -1.3949 1145.7544 172.1448 1229.8171 216.7431 1.5961 1.8845 3.9909 22.2959 1.5711 27.8488 -0.7253 0.0038
Cyclist 0.0000 0 -1.6801 1222.3020 163.0196 1242.0000 208.7671 1.7587 0.5079 1.9440 24.7668 1.3810 28.6823 -0.9732 0.0038
Pedestrian 0.0000 0 -0.2947 721.6191 146.3547 744.1852 216.8375 2.0229 0.5787 0.4993 3.5307 1.2627 21.0248 -0.1312 0.0037
Cyclist 0.0000 0 -1.6009 1227.1785 163.4506 1242.0000 210.8189 1.8112 0.5024 1.9199 24.6985 1.4520 28.4920 -0.8921 0.0037
Car 0.0000 0 -1.0508 1081.0225 177.1911 1206.7587 225.7448 1.3832 1.5807 3.5529 16.4272 1.5261 22.2599 -0.4218 0.0037
Pedestrian 0.0000 0 -0.6450 725.0668 147.8287 755.2031 220.3043 2.0668 0.6586 0.5834 3.7374 1.3535 20.9989 -0.4718 0.0035
Car 0.0000 0 -1.3527 1145.1185 170.4167 1225.8113 213.5764 1.5581 1.6879 3.7419 22.2273 1.4705 27.8830 -0.6852 0.0034
Car 0.0000 0 -1.9126 1212.7195 166.4417 1242.0000 206.4821 1.7994 1.7735 3.9958 30.7786 1.5116 34.6068 -1.1902 0.0034
Car 0.0000 0 1.0107 1219.7882 167.1777 1242.0000 210.3832 1.6702 1.6856 4.2063 27.7394 1.4512 30.1101 1.7499 0.0034
Car 0.0000 0 -3.5418 0.0000 0.0000 1242.0000 375.0000 1.5398 1.6267 4.0982 2.2767 1.7195 0.0192 -2.1075 0.0034
Car 0.0000 0 0.2552 0.0000 0.0000 1242.0000 375.0000 1.5833 1.6865 4.0230 -31.6152 1.6288 2.0437 -1.2422 0.0033
Car 0.0000 0 2.0492 660.4998 178.8158 850.4680 277.1983 1.3736 1.6988 3.5933 2.5302 1.4911 12.2382 2.2473 0.0033
Pedestrian 0.0000 0 -1.1546 782.4642 175.4011 817.4381 245.1756 1.5300 0.5342 0.6887 4.2410 1.5894 16.2868 -0.9051 0.0033
Pedestrian 0.0000 0 1.5420 48.4723 130.6105 122.0611 343.5041 1.7248 0.4946 0.6596 -4.6056 1.3829 6.2551 0.9271 0.0032
Pedestrian 0.0000 0 -1.1589 783.0423 175.2367 816.6821 244.3684 1.5167 0.5281 0.6312 4.2331 1.5721 16.2666 -0.9096 0.0032
Pedestrian 0.0000 0 1.5446 93.1941 124.6132 153.8225 340.8003 1.7713 0.4204 0.7283 -4.3257 1.3764 6.3282 0.9640 0.0032
Car 0.0000 0 -2.2343 1115.4187 174.8958 1221.5953 215.1935 1.5226 1.6249 3.4024 22.3961 1.6103 29.1459 -1.5843 0.0032
Car 0.0000 0 -1.9394 1219.0430 169.2984 1242.0000 209.9676 1.6328 1.4692 3.2526 27.5382 1.4904 30.7463 -1.2140 0.0031
Pedestrian 0.0000 0 0.0958 271.2911 167.5689 317.6332 268.9191 1.5645 0.5220 0.6268 -5.0631 1.4832 11.4795 -0.3116 0.0030
Car 0.0000 0 -1.3189 1089.9161 178.2271 1185.8864 226.0365 1.3445 1.5731 3.6510 16.4256 1.5254 22.4598 -0.6941 0.0030
Pedestrian 0.0000 0 -1.5259 768.4130 164.8519 796.5862 238.7168 1.6498 0.6049 0.5654 3.8914 1.4715 16.4670 -1.2986 0.0030
Car 0.0000 0 1.7609 1159.8112 169.0045 1230.8551 210.6237 1.5015 1.5125 3.4584 22.4770 1.3630 27.7244 2.4366 0.0030
Pedestrian 0.0000 0 1.7434 781.0040 174.3948 807.8488 242.5833 1.5146 0.4970 0.6224 4.1529 1.5509 16.4264 1.9860 0.0030
Cyclist 0.0000 0 -1.2759 0.0000 100.4596 23.6102 345.4101 1.8457 0.5783 1.9005 -5.9389 1.3006 6.4182 -2.0020 0.0030
Car 0.0000 0 -2.8949 609.0104 181.8516 830.0474 271.9220 1.3648 1.6820 3.5409 1.8878 1.5413 12.6714 -2.7515 0.0029
Cyclist 0.0000 0 -1.6610 1205.2433 169.3693 1225.7523 219.1181 1.8349 0.4300 1.7437 22.9837 1.7068 27.4512 -0.9697 0.0029
Car 0.0000 0 1.8419 1159.1864 172.1696 1237.5438 212.7851 1.4583 1.5036 3.2892 22.3799 1.4341 27.4724 2.5199 0.0029
Car 0.0000 0 -2.5680 1100.7347 172.4480 1218.2966 214.2072 1.5852 1.6292 3.4619 22.1603 1.5701 29.2932 -1.9256 0.0029
Cyclist 0.0000 0 -1.2782 10.9384 164.9307 101.4861 279.7057 1.4722 0.4710 1.8952 -7.8412 1.3709 10.2232 -1.9201 0.0028
Car 0.0000 0 1.7502 1160.2739 170.8073 1230.1447 212.9384 1.5183 1.5030 3.5007 22.4664 1.4449 27.7156 2.4259 0.0028
Cyclist 0.0000 0 1.9568 0.0000 89.6649 20.8423 351.0129 1.8779 0.5746 1.9201 -5.8617 1.2805 6.1822 1.2194 0.0028
Car 0.0000 0 -1.7907 1115.0939 168.4473 1199.5245 214.6105 1.5519 1.6301 3.8007 19.8034 1.4042 26.3219 -1.1514 0.0028
Car 0.0000 0 0.5223 0.0000 0.0000 1242.0000 375.0000 1.6072 1.7452 4.0454 -31.8426 1.5175 2.0511 -0.9754 0.0027
Pedestrian 0.0000 0 -1.6342 795.5677 171.8326 824.2575 245.6895 1.6237 0.5834 0.5232 4.4258 1.6016 16.1741 -1.3725 0.0027
Car 0.0000 0 -2.0661 1122.4635 173.6802 1223.4038 215.3867 1.5590 1.6706 3.5762 22.4066 1.5947 28.9410 -1.4126 0.0027
Car 0.0000 0 1.6013 599.9788 167.5684 667.6524 231.2921 1.6198 1.7250 4.3550 0.6930 1.4858 20.5651 1.6338 0.0027
Pedestrian 0.0000 0 -0.9612 766.8832 162.3023 802.8034 237.6344 1.6803 0.6102 0.5212 3.9461 1.4453 16.4927 -0.7311 0.0027
Car 0.0000 0 -1.7174 1147.9493 170.6595 1221.3038 215.1507 1.6390 1.6794 4.0458 22.7461 1.5585 28.7506 -1.0535 0.0027
Car 0.0000 0 -1.5496 1127.8124 168.0708 1190.9904 215.8267 1.6007 1.7216 4.1164 20.0231 1.4408 26.3331 -0.9052 0.0025
Car 0.0000 0 2.6525 627.1439 183.9237 864.7223 274.6693 1.3864 1.7579 3.7544 2.3152 1.6047 12.7843 2.8265 0.0024
Cyclist 0.0000 0 0.4996 217.5327 171.2853 348.0632 273.5464 1.5795 0.6094 1.8324 -5.2564 1.5556 11.5182 0.0796 0.0024
Car 0.0000 0 1.9229 530.8905 180.7792 633.8864 239.5026 1.3584 1.5085 3.8633 -0.6732 1.5938 19.3179 1.8877 0.0024
Cyclist 0.0000 0 -1.3812 836.7746 170.0371 866.9662 245.7201 1.6633 0.3673 1.6663 5.5535 1.6017 16.6725 -1.0657 0.0024
Car 0.0000 0 2.2073 1129.3328 171.0363 1242.0000 212.2113 1.5094 1.7250 3.9035 22.3023 1.4431 27.7877 2.8781 0.0023
Car 0.0000 0 1.8983 537.0743 174.1414 640.4084 238.7106 1.5642 1.6041 4.0316 -0.5083 1.6037 19.7264 1.8720 0.0023
Pedestrian 0.0000 0 1.2053 36.2257 132.8062 136.8996 345.0515 1.7193 0.4816 0.7364 -4.5904 1.3952 6.2472 0.5914 0.0023
Cyclist 0.0000 0 2.6798 774.2960 169.4804 840.1813 241.3209 1.6005 0.5283 1.3587 4.4471 1.5257 16.4679 2.9383 0.0022
Car 0.0000 0 -1.1670 754.0851 177.6205 856.6698 229.1278 1.3047 1.5096 3.6655 5.5833 1.4533 20.5350 -0.9057 0.0022
Pedestrian 0.0000 0 -2.4367 769.2968 174.5240 804.9854 245.0284 1.5467 0.5462 0.5597 3.9340 1.5855 16.2313 -2.2039 0.0022
Car 0.0000 0 -1.5019 681.9191 183.5940 783.7388 274.4330 1.3089 1.5384 3.7111 2.2501 1.5301 12.8479 -1.3334 0.0022
Pedestrian 0.0000 0 3.1546 0.0000 92.7393 36.3492 343.9825 1.9606 0.6856 0.9593 -5.6123 1.3358 6.1992 2.4401 0.0021
Car 0.0000 0 1.9066 1152.7083 170.6881 1242.0000 214.2393 1.5744 1.6400 3.7114 22.6328 1.4965 27.7583 2.5851 0.0021
Cyclist 0.0000 0 -2.0591 0.0000 107.6801 73.6523 352.6826 1.9849 0.5684 1.8958 -5.7811 1.4573 6.4523 -2.7694 0.0021
Pedestrian 0.0000 0 -0.8308 423.3971 167.4374 459.9278 238.5671 1.5165 0.5437 0.5571 -3.7241 1.4014 15.7566 -1.0597 0.0021
Car 0.0000 0 -1.2166 1087.3101 178.9284 1193.6746 225.6887 1.3132 1.5512 3.5004 16.3744 1.5149 22.2984 -0.5899 0.0021
Pedestrian 0.0000 0 -0.9318 424.1975 168.4218 458.7023 238.3541 1.4950 0.5182 0.5343 -3.7313 1.4006 15.7700 -1.1610 0.0021
Pedestrian 0.0000 0 -1.6217 915.8763 145.6501 951.7397 227.8535 1.8713 0.7118 0.9967 7.5726 1.2524 17.0143 -1.2098 0.0021
Cyclist 0.0000 0 0.5903 0.0000 87.1735 114.8421 348.9330 2.1397 0.4253 1.7915 -5.3904 1.4397 6.2000 -0.1043 0.0021
Car 0.0000 0 -1.3398 1146.5009 172.4152 1238.7611 217.3614 1.6372 1.8342 4.6597 22.9711 1.6216 28.4408 -0.6658 0.0020
Pedestrian 0.0000 0 -2.2621 766.9728 172.5680 805.4049 243.5680 1.5577 0.5766 0.6194 3.9107 1.5518 16.2332 -2.0306 0.0020
Car 0.0000 0 1.6885 595.8884 180.2778 670.3629 239.5652 1.3589 1.5389 3.5959 0.6434 1.5733 18.9028 1.7211 0.0020
Pedestrian 0.0000 0 -1.4639 914.1580 146.9186 952.4769 228.7874 1.8618 0.7329 0.9756 7.5809 1.2724 17.0113 -1.0515 0.0019
Car 0.0000 0 2.0718 547.3413 168.5083 661.8132 230.3098 1.6022 1.5842 3.9788 -0.0948 1.4899 20.8302 2.0665 0.0019
Cyclist 0.0000 0 -1.8678 722.5429 169.6311 760.7676 230.0011 1.5218 0.4857 1.7742 3.4142 1.4410 19.0965 -1.6942 0.0018
Car 0.0000 0 2.0422 516.4106 179.8419 626.5167 239.9070 1.3863 1.5144 3.3737 -0.9655 1.5880 18.9299 1.9911 0.0018
Cyclist 0.0000 0 -0.6941 753.7321 176.3913 820.5673 245.2728 1.4805 0.5592 1.4280 3.9146 1.5628 16.1324 -0.4611 0.0018
Car 0.0000 0 1.1219 737.8774 176.9286 858.2443 233.4154 1.3599 1.4819 4.2239 4.9820 1.4852 19.9071 1.3630 0.0018
Cyclist 0.0000 0 -1.2027 29.2485 171.5835 123.8465 281.7882 1.4121 0.4554 1.7433 -7.4959 1.3962 10.1434 -1.8268 0.0018
Car 0.0000 0 0.2157 534.5236 183.1770 688.5653 239.3811 1.4327 1.5182 4.0395 0.0281 1.7359 19.9957 0.2162 0.0017
Car 0.0000 0 2.0784 545.7742 169.4075 661.7870 232.5743 1.6039 1.5360 3.9892 -0.1126 1.5168 20.4366 2.0722 0.0017
Car 0.0000 0 -2.2618 1113.7311 171.2648 1219.5732 213.9128 1.6363 1.6890 3.2865 22.4914 1.5756 29.3578 -1.6133 0.0017
Car 0.0000 0 1.0003 726.7490 173.2746 864.6529 233.4310 1.5010 1.6357 4.3537 5.0218 1.5146 20.3584 1.2381 0.0017
Car 0.0000 0 0.7234 701.2014 175.2309 867.4708 232.8694 1.3595 1.5291 4.4264 4.4952 1.4313 19.4437 0.9467 0.0017
Car 0.0000 0 1.6196 600.3408 178.0363 670.9986 240.7510 1.4293 1.6460 3.3477 0.6859 1.5747 18.4655 1.6552 0.0016
Car 0.0000 0 2.0642 544.7839 165.7126 658.5312 229.4059 1.6659 1.5893 4.0322 -0.1786 1.4795 21.0230 2.0550 0.0016
Car 0.0000 0 -1.1424 0.0000 176.6227 30.3117 256.7582 1.3903 1.6041 3.6492 -13.6471 1.4778 14.6848 -1.8821 0.0016
Car 0.0000 0 -2.2328 1104.4752 168.1341 1224.4380 213.4331 1.6988 1.8116 3.8632 22.0872 1.5221 29.0024 -1.5872 0.0016
Car 0.0000 0 -1.2195 1140.7837 170.9945 1233.2803 213.5575 1.5509 1.6975 3.5476 22.3172 1.4835 27.9403 -0.5510 0.0016
Car 0.0000 0 1.8390 531.9536 184.7466 626.1287 244.3321 1.3055 1.5525 3.3616 -0.7403 1.6381 18.3425 1.7983 0.0015
Car 0.0000 0 1.2413 744.8939 178.5125 848.1979 231.6783 1.2754 1.4554 4.1125 4.9480 1.4482 19.8692 1.4812 0.0015
Car 0.0000 0 1.8479 642.5794 181.7216 806.8647 279.5642 1.2986 1.6628 4.1300 2.0601 1.4762 12.1989 2.0102 0.0015
Pedestrian 0.0000 0 1.5581 912.0388 157.0860 944.1328 231.0717 1.7149 0.6828 0.7904 7.5311 1.3498 17.2176 1.9637 0.0015
Car 0.0000 0 1.4244 763.2833 181.9384 831.8564 231.0807 1.1839 1.3091 3.3400 5.0034 1.4546 19.7436 1.6684 0.0014
Car 0.0000 0 1.9855 517.4266 180.8101 625.2300 241.8038 1.3502 1.4769 3.4139 -0.9307 1.5730 18.3120 1.9346 0.0014
Pedestrian 0.0000 0 1.0650 478.9024 171.5046 528.0815 276.4776 1.5967 0.5097 0.6633 -1.7383 1.5765 11.3905 0.9159 0.0014
Car 0.0000 0 -1.1672 0.0000 173.6775 22.2965 259.4501 1.4516 1.7046 3.8545 -13.6020 1.4707 14.3509 -1.9165 0.0014
Car 0.0000 0 1.2722 749.6479 179.0310 839.7687 228.7520 1.2203 1.3499 3.7464 4.9817 1.4090 20.0900 1.5112 0.0014
Car 0.0000 0 1.6279 765.2387 176.1075 822.9641 228.4910 1.3005 1.3612 3.9589 5.1906 1.4016 20.2624 1.8746 0.0014
Pedestrian 0.0000 0 1.0121 479.4688 172.7511 527.9538 276.0151 1.5740 0.4961 0.6348 -1.7349 1.5728 11.3976 0.8634 0.0014
Car 0.0000 0 1.8173 535.7342 185.2376 623.1906 242.3994 1.2964 1.5348 3.2540 -0.7600 1.6506 18.8686 1.7767 0.0014
Cyclist 0.0000 0 -0.9558 0.0000 173.3013 119.8234 291.6267 1.4516 0.4420 1.7936 -7.4943 1.4586 9.7582 -1.5977 0.0014
Cyclist 0.0000 0 -1.4675 771.4375 175.8766 799.1709 246.9212 1.4558 0.4295 1.6728 3.7827 1.5256 15.7163 -1.2364 0.0013
Cyclist 0.0000 0 2.0136 414.4824 167.4909 469.7046 240.6429 1.5143 0.5175 1.6545 -3.6982 1.4037 15.7973 1.7867 0.0013
Pedestrian 0.0000 0 -0.4519 0.0000 0.0000 1242.0000 375.0000 1.8522 0.6999 0.6999 -29.9226 1.7448 0.1089 -2.0096 0.0013
Pedestrian 0.0000 0 1.6750 920.6781 158.7429 954.0100 232.5856 1.7049 0.6416 0.8987 7.7631 1.3795 17.2058 2.0920 0.0013
Cyclist 0.0000 0 2.7439 762.6268 174.2953 835.6365 244.2812 1.5578 0.5408 1.5206 4.2561 1.5918 16.4540 2.9918 0.0013
Pedestrian 0.0000 0 -2.3706 0.0000 109.5375 86.0386 352.0566 2.0364 0.6861 0.8219 -5.3926 1.5051 6.4358 -3.0480 0.0013
Cyclist 0.0000 0 -2.2440 789.8646 171.5560 857.6038 249.3801 1.6253 0.4598 1.7066 4.6402 1.5985 15.9420 -1.9665 0.0013
Cyclist 0.0000 0 1.1321 772.0197 175.5831 822.9017 244.3801 1.5065 0.5174 1.5489 4.2574 1.5730 16.6715 1.3770 0.0013
Car 0.0000 0 -1.5663 1151.9592 167.9366 1214.2764 213.8971 1.6769 1.8180 3.6694 22.4284 1.4979 28.3266 -0.9020 0.0013
Car 0.0000 0 1.9222 760.6694 177.5034 855.6359 228.1307 1.2874 1.4088 3.8091 5.7048 1.4336 20.6673 2.1873 0.0013
Cyclist 0.0000 0 1.8115 783.4225 175.0765 820.5906 248.5586 1.5444 0.4571 1.5224 4.2196 1.5964 15.9877 2.0642 0.0012
Car 0.0000 0 3.4033 0.0000 181.0903 22.5652 260.8341 1.3109 1.4860 4.1314 -14.1353 1.4888 13.8800 2.6184 0.0012
Car 0.0000 0 -0.0167 523.1552 183.1775 666.3466 237.4839 1.4105 1.5616 3.7994 -0.4772 1.7082 19.9221 -0.0412 0.0012
Car 0.0000 0 1.8358 532.5903 183.4516 622.3845 240.8447 1.3136 1.5121 3.4522 -0.8121 1.6208 19.0446 1.7929 0.0012
Car 0.0000 0 -1.3158 567.6957 162.8973 664.1738 229.4999 1.7707 1.8098 4.4579 0.2586 1.5064 21.5690 -1.3048 0.0012
Cyclist 0.0000 0 1.7163 585.4890 172.7758 618.0248 235.4035 1.5698 0.6228 1.6759 -0.2470 1.5682 18.9542 1.7026 0.0012
Car 0.0000 0 1.6016 768.1735 174.6205 824.5693 225.9303 1.3236 1.4350 4.0525 5.4002 1.3804 20.9036 1.8504 0.0011
Cyclist 0.0000 0 -1.4022 446.6122 145.5049 487.1676 259.8850 1.8939 0.3928 1.9296 -2.5866 1.4414 12.9140 -1.5968 0.0011
Pedestrian 0.0000 0 0.8441 496.3362 174.4301 545.4617 275.5602 1.5344 0.4805 0.6123 -1.4542 1.5604 11.3391 0.7183 0.0011
Cyclist 0.0000 0 -0.3725 750.8265 175.4557 826.3312 244.2744 1.5270 0.5843 1.5644 4.0089 1.5881 16.4346 -0.1382 0.0011
Pedestrian 0.0000 0 -2.3849 496.4188 176.8064 546.3715 278.9956 1.5554 0.4615 0.6399 -1.4512 1.6201 11.3835 -2.5100 0.0011
Car 0.0000 0 1.7255 760.1278 178.5447 832.8229 230.9100 1.2742 1.3857 3.8975 5.2157 1.4491 20.0668 1.9756 0.0011
Pedestrian 0.0000 0 -1.5244 924.5953 152.6002 958.6132 233.7582 1.8416 0.6895 1.0627 7.7719 1.3823 16.9994 -1.1026 0.0011
Pedestrian 0.0000 0 -1.9361 10.3462 120.0436 123.7489 356.5438 1.9904 0.5904 0.7720 -4.9666 1.5463 6.5272 -2.5673 0.0011
Car 0.0000 0 0.7708 696.5199 175.1383 856.8624 231.9457 1.3438 1.5030 4.3833 4.2980 1.4130 19.4869 0.9841 0.0010
Car 0.0000 0 1.7137 597.8922 180.4866 676.6888 241.3226 1.3892 1.5743 3.4511 0.7468 1.6077 18.7748 1.7519 0.0010
Pedestrian 0.0000 0 -0.8750 726.5115 146.4742 760.3575 221.7314 2.1177 0.6828 0.6786 3.7953 1.3757 20.7803 -0.6974 0.0010
Car 0.0000 0 -0.0842 603.9028 174.2082 781.9949 255.6451 1.4839 1.5013 3.2524 1.4759 1.5119 13.9502 0.0180 0.0010
Pedestrian 0.0000 0 -2.4119 746.7694 169.6415 782.3448 231.1590 1.5092 0.6127 0.6253 3.8341 1.4307 18.1321 -2.2075 0.0010
Car 0.0000 0 1.4297 769.9257 179.9912 840.6512 230.4886 1.2228 1.3435 3.6467 5.2438 1.4386 19.8896 1.6832 0.0010
Cyclist 0.0000 0 -1.7576 506.1968 183.4473 548.1514 279.6981 1.4218 0.3967 1.4662 -1.4011 1.6034 11.5814 -1.8765 0.0010
Car 0.0000 0 1.0062 728.6642 178.4274 850.3594 230.8152 1.2759 1.4007 3.8645 4.8098 1.4471 20.0624 1.2376 0.0010
Cyclist 0.0000 0 -0.9804 0.0000 0.0000 1242.0000 375.0000 1.9795 0.6904 1.6916 -29.8224 1.5672 0.1070 -2.5382 0.0010
Cyclist 0.0000 0 -1.2077 410.9641 170.3147 464.5229 242.2653 1.4623 0.5099 1.8233 -3.7426 1.4111 15.5987 -1.4399 0.0009
Car 0.0000 0 1.7257 582.8784 186.6156 660.8874 244.0546 1.2695 1.4800 3.7119 0.3539 1.6664 18.8364 1.7432 0.0009
Pedestrian 0.0000 0 -0.8441 783.4615 175.0508 821.7510 248.4164 1.5798 0.5851 0.5742 4.2092 1.6300 15.9617 -0.5917 0.0009
Car 0.0000 0 -1.2385 562.4368 164.8345 668.8809 229.1372 1.6964 1.7934 4.4713 0.2544 1.4852 21.4397 -1.2275 0.0009
Car 0.0000 0 2.3084 0.0000 0.0000 1242.0000 375.0000 1.5852 1.6897 4.2142 -30.7104 1.6400 1.9331 0.8096 0.0009
Car 0.0000 0 -1.5372 604.6439 167.2832 668.3072 230.0673 1.6468 1.6747 4.3091 0.7963 1.5010 21.1305 -1.5008 0.0008
Pedestrian 0.0000 0 2.4996 897.5374 256.2699 1242.0000 375.0000 1.7468 0.5864 0.8533 1.0447 1.9453 1.3800 3.0496 0.0008
Car 0.0000 0 2.1948 0.0000 105.7667 126.2062 375.0000 1.6492 1.5328 4.1222 -6.0475 1.2840 6.0764 1.4336 0.0008
Cyclist 0.0000 0 -1.9327 1189.4343 164.8925 1220.8317 211.9508 1.7282 0.4208 1.4472 22.4172 1.4362 27.2481 -1.2498 0.0008
Cyclist 0.0000 0 1.4657 780.9357 177.8286 810.7051 247.2797 1.4905 0.4784 1.5795 4.1612 1.6096 16.4139 1.7089 0.0008
Car 0.0000 0 -0.7345 672.8116 187.0671 876.9001 270.8238 1.3102 1.5420 3.5889 3.0345 1.6047 13.3704 -0.5171 0.0008
Pedestrian 0.0000 0 1.2097 992.5650 208.0979 1242.0000 375.0000 1.7445 0.5827 0.9076 1.0690 1.8321 1.2757 1.8004 0.0008
Car 0.0000 0 -2.4407 685.7444 161.9556 830.4905 224.6406 1.6891 1.8137 3.9991 4.2817 1.3958 21.5662 -2.2479 0.0008
Car 0.0000 0 -3.1221 623.8941 183.7560 827.7751 262.7278 1.3563 1.6045 3.6262 2.1262 1.5816 13.7863 -2.9734 0.0007
Car 0.0000 0 1.4208 720.3674 179.9225 798.7523 238.2578 1.2675 1.3598 3.4509 3.5569 1.4600 17.8525 1.6136 0.0007
Car 0.0000 0 -1.4976 1130.1223 167.3218 1199.0371 215.6783 1.6208 1.7197 4.0813 20.2040 1.4357 26.2810 -0.8479 0.0007
Pedestrian 0.0000 0 1.8239 6.1361 130.2254 103.3488 356.0408 1.8985 0.5588 0.5565 -4.9791 1.5405 6.4266 1.1844 0.0007
Pedestrian 0.0000 0 -0.7798 439.3123 170.7799 482.6259 252.2467 1.5580 0.5479 0.6337 -2.9838 1.5187 14.2121 -0.9838 0.0007
Cyclist 0.0000 0 -1.0585 0.0000 0.0000 1242.0000 375.0000 1.8707 0.7005 2.1585 -30.2079 1.6553 0.1248 -2.6158 0.0007
Cyclist 0.0000 0 -0.9527 0.0000 0.0000 1242.0000 375.0000 1.9794 0.7333 1.8499 -30.0209 1.6553 0.0767 -2.5115 0.0007
Car 0.0000 0 0.1783 606.4464 179.7775 794.8389 262.3902 1.3961 1.4808 3.3150 1.6843 1.5383 13.5856 0.2980 0.0007
Car 0.0000 0 1.7923 433.3460 166.9034 500.9817 211.7678 1.4060 1.5325 3.3379 -4.7789 1.2199 24.3001 1.5997 0.0007
Pedestrian 0.0000 0 -0.7983 783.9076 176.9041 822.0115 249.5181 1.5606 0.5787 0.5718 4.2119 1.6527 15.9441 -0.5455 0.0007
Cyclist 0.0000 0 1.6326 783.2366 176.4177 809.5042 249.4075 1.5522 0.4878 1.5960 4.1625 1.6370 16.2572 1.8780 0.0007
Pedestrian 0.0000 0 -0.8629 439.8928 173.3324 480.6530 253.6732 1.5393 0.5158 0.6072 -2.9978 1.5493 14.2165 -1.0678 0.0007
Cyclist 0.0000 0 -1.5505 488.2464 182.1410 519.0478 286.0250 1.4911 0.4448 1.5693 -1.7041 1.6473 11.3044 -1.6978 0.0007
Pedestrian 0.0000 0 -0.6809 725.8234 147.3848 761.4204 222.2693 2.1051 0.7048 0.7246 3.7953 1.3895 20.7637 -0.5032 0.0007
Car 0.0000 0 -3.0838 590.4916 182.6687 812.9753 267.1440 1.3985 1.5885 3.8403 1.6293 1.5953 13.3201 -2.9658 0.0006
Car 0.0000 0 1.7470 579.4929 185.2438 667.3026 246.2764 1.3375 1.6301 3.7532 0.3997 1.6920 18.6214 1.7672 0.0006
Cyclist 0.0000 0 2.4724 757.4805 174.8206 828.7084 248.4944 1.5989 0.5546 1.5509 4.0807 1.6452 16.2616 2.7131 0.0006
Car 0.0000 0 -1.3444 0.0000 177.8504 11.0826 256.4018 1.3816 1.6262 3.6931 -13.9273 1.4994 14.9512 -2.0855 0.0006
Pedestrian 0.0000 0 -0.4631 417.2102 168.4971 455.1986 241.3057 1.5247 0.5435 0.6163 -3.7880 1.4338 15.5135 -0.6993 0.0006
Car 0.0000 0 -3.1827 617.0381 184.5797 820.6542 266.8022 1.4084 1.6418 3.5803 1.9352 1.6463 13.6272 -3.0457 0.0006
Car 0.0000 0 0.6356 694.6909 171.7403 865.4500 228.6045 1.3837 1.6088 4.4480 4.4746 1.3570 19.7606 0.8545 0.0006
Pedestrian 0.0000 0 -0.4443 418.0327 169.8534 455.1522 241.6476 1.5037 0.5263 0.6086 -3.7779 1.4412 15.5056 -0.6800 0.0006
Pedestrian 0.0000 0 -2.1536 988.0210 214.1598 1242.0000 375.0000 1.7227 0.6489 0.8788 0.9308 1.7998 0.8735 -1.4888 0.0006
Pedestrian 0.0000 0 -0.7745 718.4926 145.5197 751.7075 217.0989 2.0145 0.6798 0.6527 3.5522 1.2456 20.7694 -0.6080 0.0006
Pedestrian 0.0000 0 1.5984 923.9717 156.7383 958.6700 238.5995 1.8494 0.7191 0.9777 7.7152 1.4856 16.8943 2.0197 0.0006
Cyclist 0.0000 0 1.3753 797.2814 177.5473 833.6610 251.5061 1.5700 0.5100 1.3816 4.5210 1.6798 16.1115 1.6432 0.0006
Car 0.0000 0 -2.3555 682.0593 167.0008 829.2542 228.0618 1.6267 1.8996 4.1481 4.1670 1.4711 21.4684 -2.1670 0.0006
Car 0.0000 0 0.7337 0.0000 0.0000 1242.0000 375.0000 1.5567 1.6123 3.4740 -30.7923 1.7162 0.2060 -0.8212 0.0005
Cyclist 0.0000 0 1.6925 792.2737 178.3521 823.7252 249.1362 1.5102 0.5197 1.4891 4.4371 1.6408 16.3014 1.9529 0.0005
Cyclist 0.0000 0 -1.2922 0.0000 0.0000 1242.0000 375.0000 1.8786 0.7522 1.5641 -29.7531 1.4373 0.5638 -2.8346 0.0005
Car 0.0000 0 1.5068 722.8308 179.5131 791.6845 239.2936 1.2725 1.3871 3.3184 3.4352 1.4502 17.4756 1.6970 0.0005
Car 0.0000 0 -2.8679 681.9713 176.1611 835.7922 229.6737 1.3421 1.5711 3.8706 4.0330 1.4407 19.8653 -2.6711 0.0005
Car 0.0000 0 1.1545 0.0000 0.0000 1242.0000 375.0000 1.4880 1.6901 3.5512 -30.7866 1.4446 0.8155 -0.3808 0.0005
Car 0.0000 0 -2.3348 698.1110 172.8970 827.2115 226.6799 1.4268 1.7064 3.5356 4.3235 1.4285 21.0918 -2.1360 0.0004
Car 0.0000 0 1.1002 708.5660 174.8336 840.0358 232.1596 1.3491 1.6002 4.3728 4.2096 1.4092 19.4569 1.3095 0.0004
Pedestrian 0.0000 0 -0.7610 718.1424 147.0379 753.1508 218.0532 1.9948 0.6962 0.7066 3.5647 1.2700 20.7515 -0.5938 0.0004
Pedestrian 0.0000 0 2.3684 955.8085 283.4039 1242.0000 375.0000 1.6453 0.5842 0.8290 0.9474 1.8400 0.9254 3.0205 0.0004
Car 0.0000 0 1.1985 0.0000 0.0000 1242.0000 375.0000 1.5439 1.7029 3.5374 -30.6064 1.4503 0.8940 -0.3339 0.0004
Car 0.0000 0 -0.9863 0.0000 178.2560 44.1567 258.1928 1.4304 1.8222 4.5076 -14.6804 1.5654 15.6005 -1.7328 0.0004
Car 0.0000 0 1.5572 502.3802 155.9809 552.3922 205.7528 1.5328 1.5373 4.0245 -2.8587 1.0135 24.3124 1.4410 0.0004
Car 0.0000 0 2.3475 0.0000 106.0168 130.8537 375.0000 1.6463 1.5007 4.0679 -5.8793 1.3146 5.6212 1.5633 0.0004
Pedestrian 0.0000 0 -1.4810 774.4955 173.5951 804.2214 243.1931 1.5840 0.6211 0.6639 4.1420 1.6021 16.8416 -1.2447 0.0004
Pedestrian 0.0000 0 -0.3275 433.5242 163.5939 473.7039 249.8639 1.6142 0.5408 0.6145 -3.0642 1.4413 13.8883 -0.5414 0.0004
Cyclist 0.0000 0 1.4235 764.7501 170.9489 798.6449 239.7479 1.5222 0.5417 1.4692 3.9109 1.4804 16.7153 1.6486 0.0003
Car 0.0000 0 1.5238 499.9254 166.8367 546.0461 210.9653 1.3953 1.3936 3.3125 -3.0557 1.2054 24.5624 1.4009 0.0003
Pedestrian 0.0000 0 2.1080 0.0000 0.0000 1242.0000 375.0000 2.0408 0.7060 0.5374 -33.1617 2.0680 0.1484 0.5504 0.0003
Car 0.0000 0 1.1802 731.9767 168.0572 843.0302 227.0162 1.4962 1.5700 4.1077 4.8406 1.3748 20.4608 1.4087 0.0003
Car 0.0000 0 1.2373 0.0000 0.0000 1242.0000 375.0000 1.5060 1.5601 3.7333 -30.3471 1.4670 1.0688 -0.2890 0.0003
Car 0.0000 0 -2.2429 699.9641 177.2383 832.7408 230.5748 1.3453 1.6284 3.8761 4.3005 1.4838 20.6381 -2.0410 0.0003
Cyclist 0.0000 0 1.4278 765.8746 169.4495 802.9163 245.3136 1.6353 0.5778 1.6222 3.8892 1.5622 16.3830 1.6560 0.0002
Cyclist 0.0000 0 -1.8638 746.8019 171.7254 786.0112 228.7536 1.4707 0.4722 1.9940 4.1790 1.4420 19.6188 -1.6576 0.0002
Car 0.0000 0 1.4801 496.8457 164.5075 546.8521 209.1304 1.4046 1.3834 3.2331 -3.0803 1.1423 24.4365 1.3556 0.0002
Pedestrian 0.0000 0 -1.5453 0.0000 130.9060 60.7137 349.8888 1.7678 0.4682 0.6902 -5.1060 1.4295 6.2385 -2.2106 0.0002
Pedestrian 0.0000 0 0.9339 826.5750 199.4756 892.8221 332.7643 1.4070 0.4314 0.5919 2.7402 1.7193 8.1023 1.2476 0.0002
Cyclist 0.0000 0 1.9380 0.0000 74.6447 57.0999 369.1537 2.0663 0.6456 2.3107 -5.6762 1.3776 6.2557 1.2222 0.0002
Car 0.0000 0 -2.5185 694.9760 174.8392 837.4230 228.7763 1.4127 1.7407 3.7304 4.4227 1.4762 21.0016 -2.3144 0.0002
Pedestrian 0.0000 0 1.5504 0.0000 120.7065 63.7750 346.8075 1.8209 0.5054 0.5920 -5.0807 1.4013 6.1973 0.8844 0.0002
Cyclist 0.0000 0 1.5428 772.9136 165.9586 797.7104 241.6809 1.6094 0.4827 1.5050 3.8535 1.4632 16.1184 1.7726 0.0002
Car 0.0000 0 0.4256 704.7574 172.5738 858.8096 227.7732 1.4230 1.5857 3.9364 4.7552 1.4161 20.4209 0.6506 0.0002