Car 0.0000 0 -1.0635 906.6336 154.0881 1100.5667 249.9435 1.6205 1.6485 3.8536 7.5982 1.3036 13.9331 -0.5736 0.9990
Car 0.0000 0 -1.0777 908.5960 155.2887 1101.7946 250.3632 1.6045 1.6609 3.8785 7.6353 1.3084 13.9383 -0.5859 0.9989
Car 0.0000 0 -1.0700 906.3886 155.0049 1097.9741 249.7089 1.6032 1.6246 3.8635 7.5841 1.3014 13.9517 -0.5813 0.9985
Car 0.0000 0 -1.0664 910.7754 155.2452 1102.1051 249.3987 1.5930 1.6389 3.7766 7.6418 1.2954 13.9179 -0.5737 0.9984
Car 0.0000 0 2.9743 0.0000 181.4189 26.7614 286.2940 1.4848 1.6309 4.1959 -13.2478 1.6626 12.7567 2.1805 0.9984
Car 0.0000 0 -1.0766 909.6953 155.0921 1099.1202 249.4240 1.5984 1.6502 3.7662 7.6232 1.2978 13.9523 -0.5858 0.9983
Car 0.0000 0 2.9083 276.0355 166.5230 469.3752 228.4614 1.4937 1.6264 4.6684 -6.3288 1.3414 19.3060 2.5952 0.9982
Car 0.0000 0 2.9022 276.7231 166.1506 469.6272 228.4854 1.5025 1.6226 4.6542 -6.3130 1.3413 19.3002 2.5897 0.9981
Car 0.0000 0 2.9076 276.6256 166.6994 469.4665 228.1300 1.4799 1.6330 4.6489 -6.3142 1.3320 19.2859 2.5949 0.9980
Car 0.0000 0 2.9806 0.0000 180.9308 24.7441 286.6662 1.5038 1.6296 4.1527 -13.2578 1.6713 12.7560 2.1864 0.9980
Car 0.0000 0 2.9091 276.6603 166.6243 468.5594 227.9871 1.4817 1.6153 4.6355 -6.3350 1.3316 19.3136 2.5958 0.9976
Car 0.0000 0 2.9042 277.9628 166.2662 470.3148 228.1998 1.4940 1.6298 4.6433 -6.2921 1.3355 19.3091 2.5928 0.9976
Car 0.0000 0 -1.0741 907.6696 154.5100 1099.8256 249.4550 1.6060 1.6512 3.8516 7.6138 1.2961 13.9525 -0.5839 0.9975
Car 0.0000 0 2.9766 0.0000 180.8004 25.5595 286.2214 1.5001 1.6453 4.1572 -13.2564 1.6650 12.7658 2.1829 0.9974
Car 0.0000 0 2.9622 0.0000 181.3712 25.4703 286.2916 1.4888 1.6487 4.1488 -13.2594 1.6656 12.7682 2.1684 0.9969
Car 0.0000 0 2.9679 0.0000 181.4663 25.1051 286.0557 1.4848 1.6296 4.1521 -13.2650 1.6635 12.7700 2.1740 0.9968
Car 0.0000 0 2.9683 0.0000 181.5122 25.6588 286.3305 1.4880 1.6264 4.1630 -13.2641 1.6678 12.7746 2.1745 0.9964
Car 0.0000 0 2.9669 0.0000 181.5611 26.7383 286.3223 1.4860 1.6362 4.1721 -13.2523 1.6669 12.7766 2.1737 0.9962
Car 0.0000 0 2.9684 0.0000 180.9566 24.7065 287.1341 1.5094 1.6197 4.1527 -13.2593 1.6774 12.7550 2.1741 0.9958
Car 0.0000 0 2.9668 0.0000 182.5112 24.9701 285.1492 1.4548 1.5973 4.1252 -13.2544 1.6551 12.7811 2.1737 0.9951
Car 0.0000 0 2.8983 278.1643 165.4841 470.6518 228.5724 1.5225 1.6494 4.6462 -6.2923 1.3450 19.3344 2.5873 0.9949
Car 0.0000 0 -1.0889 909.9236 153.9479 1097.9468 249.3779 1.6144 1.6340 3.8165 7.6204 1.2949 13.9534 -0.5983 0.9946
Car 0.0000 0 -1.0790 910.3994 154.7035 1098.3955 248.7239 1.5913 1.6281 3.7576 7.6113 1.2844 13.9287 -0.5882 0.9912
Car 0.0000 0 -1.0634 907.1862 153.5686 1101.0492 250.1715 1.6312 1.6220 3.8880 7.6012 1.3059 13.9157 -0.5728 0.9882
Car 0.0000 0 2.8982 279.4911 166.6930 467.8247 227.7638 1.4759 1.6381 4.5365 -6.3143 1.3274 19.3272 2.5861 0.9858
Car 0.0000 0 2.8888 276.2672 166.4470 469.5323 228.8113 1.5005 1.5740 4.6615 -6.3033 1.3467 19.2711 2.5763 0.9808
Car 0.0000 0 2.9494 0.0000 181.6942 18.0737 284.7795 1.4616 1.5685 4.0121 -13.2475 1.6433 12.6955 2.1533 0.9723
Car 0.0000 0 2.2660 1196.7560 149.6932 1242.0000 194.0202 1.5047 1.6415 4.1733 23.3762 0.7188 25.5958 3.0003 0.9721
Car 0.0000 0 2.2604 1197.5029 149.4402 1242.0000 193.5676 1.4970 1.6118 4.2017 23.3808 0.7030 25.5784 2.9952 0.9716
Car 0.0000 0 2.2629 1196.1714 150.3351 1242.0000 193.9829 1.4830 1.6225 4.1957 23.3690 0.7182 25.6177 2.9967 0.9685
Car 0.0000 0 2.2660 1197.4244 149.7940 1242.0000 193.5317 1.4856 1.6087 4.1599 23.3773 0.7027 25.5935 3.0005 0.9678
Car 0.0000 0 2.2297 1197.8008 149.5670 1242.0000 194.6447 1.5260 1.6826 4.1561 23.3974 0.7380 25.6177 2.9641 0.9670
Car 0.0000 0 2.8900 278.1924 166.1682 471.1875 228.3526 1.4999 1.6591 4.6559 -6.2851 1.3390 19.3431 2.5795 0.9658
Car 0.0000 0 -1.0766 912.2675 154.6678 1100.1736 249.2884 1.6025 1.6133 3.7613 7.6452 1.2948 13.9268 -0.5839 0.9650
Car 0.0000 0 2.2732 1196.6980 150.6945 1242.0000 193.7888 1.4644 1.6091 4.1778 23.3672 0.7118 25.5928 3.0075 0.9627
Car 0.0000 0 2.2562 1196.8802 151.1888 1242.0000 194.2980 1.4621 1.6452 4.2697 23.4182 0.7277 25.6023 2.9914 0.9569
Car 0.0000 0 2.2626 1196.2837 149.3735 1242.0000 193.8193 1.5077 1.6459 4.2104 23.3688 0.7115 25.5906 2.9969 0.9432
Car 0.0000 0 2.9693 0.0000 181.3484 31.6460 287.4315 1.4952 1.6811 4.2951 -13.2351 1.6724 12.7707 2.1765 0.9411
Car 0.0000 0 2.2397 1197.4027 150.3806 1242.0000 193.8672 1.4726 1.6585 4.2665 23.4207 0.7120 25.6032 2.9749 0.9395
Car 0.0000 0 -1.0693 910.9362 155.5574 1101.4843 249.8737 1.5930 1.6468 3.7392 7.6231 1.3012 13.8939 -0.5769 0.9369
Car 0.0000 0 2.9567 0.0000 179.9335 27.4969 286.8928 1.5202 1.6275 4.2244 -13.2502 1.6673 12.7515 2.1626 0.9344
Car 0.0000 0 2.2396 1196.3270 150.2721 1242.0000 194.1760 1.4857 1.6741 4.2996 23.3982 0.7219 25.5974 2.9745 0.9335
Car 0.0000 0 -1.0817 910.4814 154.3939 1099.3536 248.6606 1.5924 1.6196 3.8137 7.6195 1.2809 13.9195 -0.5902 0.9201
Car 0.0000 0 2.9576 0.0000 181.7521 23.1838 284.3377 1.4566 1.6384 4.0259 -13.2024 1.6403 12.7379 2.1648 0.9152
Car 0.0000 0 -1.0938 912.1791 155.0340 1099.8596 250.0019 1.6048 1.5859 3.9156 7.6659 1.3040 13.9507 -0.6007 0.9111
Car 0.0000 0 2.9129 277.5930 166.2826 468.4420 227.9980 1.4923 1.6141 4.6141 -6.3301 1.3337 19.3246 2.6000 0.8975
Car 0.0000 0 2.8933 276.5447 166.6212 471.4834 229.2993 1.5130 1.5625 4.7283 -6.2915 1.3629 19.3315 2.5823 0.8942
Car 0.0000 0 2.9117 278.3787 165.6141 476.5565 228.0523 1.5070 1.6433 4.8144 -6.2128 1.3327 19.3501 2.6046 0.8807
Car 0.0000 0 2.9058 278.8345 165.6650 471.1341 228.1234 1.5092 1.6183 4.6532 -6.2767 1.3359 19.3318 2.5955 0.8627
Car 0.0000 0 2.9012 277.3375 166.8451 468.4976 228.3275 1.4826 1.6221 4.6066 -6.3205 1.3380 19.2965 2.5883 0.8608
Car 0.0000 0 2.4567 882.0568 149.5260 1021.3571 202.1004 1.6480 1.6408 4.0597 11.2522 0.9171 23.9122 2.8916 0.8410
Car 0.0000 0 2.9702 0.0000 181.4595 32.5195 288.3873 1.5004 1.6837 4.3451 -13.2337 1.6798 12.7513 2.1767 0.8399
Car 0.0000 0 2.4264 881.7167 150.3194 1022.1204 202.0455 1.6207 1.6422 4.1711 11.2938 0.9150 23.9692 2.8618 0.8313
Car 0.0000 0 2.9813 0.0000 182.3081 31.3526 287.2016 1.4696 1.5689 4.3333 -13.2073 1.6659 12.7279 2.1879 0.8263
Car 0.0000 0 2.8995 277.9792 168.4776 468.4448 228.0890 1.4376 1.6058 4.5902 -6.3095 1.3324 19.2887 2.5870 0.8126
Car 0.0000 0 -1.0639 907.2595 154.4926 1102.9771 248.2877 1.5834 1.6151 3.9718 7.6331 1.2738 13.9320 -0.5720 0.7788
Car 0.0000 0 2.2516 1199.3890 148.7846 1242.0000 193.5073 1.5163 1.6590 4.0613 23.4128 0.7006 25.5941 2.9868 0.7660
Car 0.0000 0 2.4454 882.3449 150.4423 1019.0493 202.0506 1.6160 1.6448 3.9746 11.2151 0.9146 23.9007 2.8792 0.7630
Car 0.0000 0 2.4681 882.8059 147.3947 1023.8577 201.3579 1.6861 1.6488 4.0765 11.2595 0.8910 23.8216 2.9047 0.7620
Car 0.0000 0 2.9118 278.1277 167.5000 470.3349 228.0960 1.4616 1.6570 4.6366 -6.2928 1.3328 19.3059 2.6003 0.7528
Car 0.0000 0 2.4404 881.9714 152.4029 1020.7051 202.3636 1.5631 1.6771 4.0364 11.2414 0.9236 23.9119 2.8749 0.7330
Car 0.0000 0 2.4096 882.1801 153.2675 1019.4025 202.6282 1.5430 1.6562 4.0607 11.2442 0.9311 23.9391 2.8439 0.7242
Car 0.0000 0 2.4545 882.3358 151.9043 1020.8527 202.1831 1.5749 1.6507 4.0223 11.2423 0.9191 23.8999 2.8893 0.7203
Car 0.0000 0 2.4572 882.2701 152.4647 1023.2683 202.1498 1.5558 1.6395 4.1181 11.2777 0.9177 23.8918 2.8933 0.7044
Car 0.0000 0 2.4704 882.0310 151.3490 1024.2386 202.4120 1.6001 1.6248 4.1503 11.2823 0.9266 23.8804 2.9068 0.7041
Car 0.0000 0 2.2580 1198.2190 150.6617 1242.0000 194.6845 1.4954 1.6667 4.0197 23.3927 0.7419 25.6309 2.9921 0.6989
Car 0.0000 0 2.4292 880.2831 153.9591 1017.8829 202.3610 1.5174 1.6406 4.0630 11.1982 0.9254 23.9682 2.8613 0.6810
Car 0.0000 0 -0.6192 884.5814 150.2820 1019.4874 201.3867 1.6056 1.5980 3.8078 11.1974 0.8968 23.8004 -0.1844 0.6461
Car 0.0000 0 2.2533 1196.1504 150.4007 1242.0000 194.2072 1.4871 1.6988 4.1654 23.4063 0.7252 25.6506 2.9873 0.6403
Car 0.0000 0 2.4068 882.2269 154.4835 1020.1125 202.8821 1.5107 1.6547 4.0879 11.2457 0.9377 23.9140 2.8414 0.6399
Car 0.0000 0 2.2564 1194.9459 150.5634 1242.0000 194.6185 1.4958 1.7291 4.1984 23.4084 0.7393 25.6674 2.9901 0.6192
Car 0.0000 0 2.2253 1201.3162 150.4310 1242.0000 194.0190 1.4759 1.6092 3.8500 23.3135 0.7170 25.5690 2.9588 0.6149
Car 0.0000 0 2.2709 1198.7505 149.4862 1242.0000 194.3581 1.5234 1.5527 4.1838 23.3768 0.7304 25.5448 3.0062 0.6107
Car 0.0000 0 2.2630 1197.5955 149.2895 1242.0000 194.0513 1.5197 1.5691 4.1677 23.3447 0.7200 25.5699 2.9972 0.6098
Car 0.0000 0 -0.8860 1190.2233 149.1730 1242.0000 193.7343 1.5076 1.7337 4.5744 23.3565 0.7068 25.6123 -0.1524 0.5967
Car 0.0000 0 2.4556 881.9272 153.3611 1022.1451 202.7402 1.5431 1.6536 4.0718 11.2337 0.9343 23.8513 2.8909 0.5849
Car 0.0000 0 -0.6787 883.8411 153.0362 1024.6792 203.3805 1.5779 1.5986 4.1285 11.3220 0.9571 23.8800 -0.2409 0.5691
Car 0.0000 0 -0.6630 884.3514 148.6196 1020.4144 200.4566 1.6301 1.6346 3.9058 11.2747 0.8684 23.9235 -0.2275 0.5124
Car 0.0000 0 2.2754 1197.9818 149.2670 1242.0000 194.6337 1.5391 1.5794 4.1166 23.3234 0.7392 25.5286 3.0099 0.4817
Car 0.0000 0 2.3672 882.1526 155.1686 1009.2004 202.6452 1.4875 1.5712 3.8365 11.1104 0.9338 23.9932 2.7960 0.4751
Car 0.0000 0 2.2884 1202.2775 150.0193 1242.0000 195.2688 1.5388 1.4937 4.2110 23.4922 0.7626 25.5169 3.0268 0.4668
Car 0.0000 0 2.3720 879.3769 156.2260 1012.9199 202.5361 1.4513 1.6219 4.0630 11.1532 0.9305 24.0515 2.8013 0.4634
Car 0.0000 0 -0.6495 883.2644 156.5825 1019.5698 203.7539 1.4751 1.5989 3.8902 11.1626 0.9666 23.7567 -0.2152 0.4632
Car 0.0000 0 2.2564 881.1221 151.7128 1007.6212 202.1619 1.5761 1.6585 4.0681 11.1755 0.9160 24.1810 2.6845 0.4014
Car 0.0000 0 -0.5283 887.3965 150.3029 1025.3752 201.9981 1.6322 1.5811 3.8206 11.2922 0.9206 23.7367 -0.0892 0.3910
Car 0.0000 0 2.6737 282.6729 167.2712 467.1416 229.8015 1.4821 1.6914 4.3835 -6.1982 1.3502 19.2384 2.3656 0.3843
Car 0.0000 0 2.2721 880.0903 154.3692 1007.9789 202.5646 1.5066 1.6468 4.0959 11.1585 0.9291 24.1726 2.6998 0.3760
Car 0.0000 0 -0.9139 1196.0913 148.8332 1242.0000 193.6540 1.5111 1.6926 4.6063 23.4853 0.7016 25.5611 -0.1765 0.3607
Car 0.0000 0 -1.5143 411.7968 171.7103 464.5828 214.1778 1.3886 1.6057 3.6432 -6.0518 1.3516 25.5238 -1.7452 0.3483
Car 0.0000 0 -1.5127 412.4251 171.9819 464.4652 214.3449 1.3877 1.5792 3.5810 -6.0472 1.3595 25.5328 -1.7434 0.3226
Car 0.0000 0 2.2517 878.5070 154.9411 1004.6533 202.8713 1.5003 1.6306 4.1246 11.1111 0.9400 24.2364 2.6767 0.3084
Car 0.0000 0 -1.5403 415.2609 172.1102 463.6312 214.6055 1.3918 1.5507 3.5518 -6.0144 1.3678 25.5228 -1.7698 0.2978
Car 0.0000 0 -1.4824 411.5004 170.8532 467.3930 213.5117 1.3921 1.5952 3.6581 -5.9900 1.3272 25.4662 -1.7115 0.2446
Car 0.0000 0 -0.5336 895.9323 149.9738 1042.0513 200.2663 1.5935 1.6414 4.0572 11.7510 0.8689 23.8399 -0.0807 0.2445
Car 0.0000 0 2.3494 1009.7057 151.3380 1159.0801 203.5722 1.5671 1.5273 4.0985 14.9380 0.9219 22.8346 2.9227 0.2437
Car 0.0000 0 2.3342 1000.4360 153.3913 1156.5804 203.9760 1.5111 1.6670 4.2859 14.7738 0.9301 22.8707 2.9018 0.2432
Car 0.0000 0 -0.9105 881.7980 150.8839 1006.4629 202.2481 1.6045 1.6561 4.0789 11.1885 0.9186 24.2160 -0.4824 0.2361
Car 0.0000 0 -0.3859 795.3143 167.0655 904.3773 203.2165 1.4388 1.5352 3.9623 9.7579 1.2088 29.6200 -0.0709 0.2143
Car 0.0000 0 -1.5179 410.6430 171.8710 463.0585 214.4223 1.3894 1.6019 3.6754 -6.0952 1.3576 25.5077 -1.7505 0.2002
Car 0.0000 0 -1.5122 410.8189 171.9560 463.4612 214.4198 1.3872 1.5903 3.6648 -6.0856 1.3582 25.5104 -1.7445 0.1987
Car 0.0000 0 -1.4594 404.4395 170.8356 464.7012 214.1609 1.3994 1.6262 3.8530 -6.1158 1.3345 25.3143 -1.6945 0.1978
Car 0.0000 0 -0.8153 1008.1197 156.2957 1155.3879 206.0228 1.4941 1.6243 4.0161 14.9308 0.9970 22.9509 -0.2445 0.1913
Car 0.0000 0 2.2500 1218.0679 150.6692 1242.0000 193.6698 1.4566 1.6465 4.2260 24.1354 0.7055 25.5498 3.0012 0.1802
Car 0.0000 0 2.2886 994.9767 152.2901 1151.2015 204.7647 1.5676 1.7488 4.4013 14.7075 0.9536 23.0194 2.8512 0.1787
Car 0.0000 0 1.7948 896.1715 154.8521 977.9265 204.9006 1.5371 1.6927 3.8955 10.9946 0.9846 24.2221 2.2161 0.1726
Car 0.0000 0 -1.4539 907.7292 151.5976 977.6611 204.0400 1.6094 1.7077 3.9105 11.1997 0.9574 24.2552 -1.0261 0.1721
Car 0.0000 0 2.3197 1003.6424 153.2724 1154.8594 204.1122 1.5210 1.6545 4.1547 14.8236 0.9355 22.9062 2.8881 0.1671
Car 0.0000 0 2.6136 888.1039 153.1575 1032.7826 203.3959 1.5653 1.5133 4.0110 11.2634 0.9520 23.4023 3.0570 0.1664
Car 0.0000 0 2.3591 1015.5324 152.5432 1163.1891 203.1326 1.5310 1.6517 3.9150 15.2203 0.9167 23.0392 2.9369 0.1655
Car 0.0000 0 2.2787 875.8185 157.8976 995.1309 202.8862 1.4162 1.5566 3.8173 10.8981 0.9458 24.2350 2.6965 0.1624
Car 0.0000 0 -0.8270 1006.9806 155.9566 1153.7804 205.1724 1.4718 1.6104 4.0284 14.8353 0.9668 22.8656 -0.2574 0.1579
Car 0.0000 0 2.7256 793.9899 167.1203 907.1437 204.3346 1.4777 1.6832 4.0859 9.8087 1.2504 29.6908 3.0413 0.1575
Car 0.0000 0 -0.8959 1003.6135 155.7366 1148.0630 205.4657 1.4820 1.6497 4.1447 14.7633 0.9722 22.9520 -0.3303 0.1571
Car 0.0000 0 2.2289 875.3630 155.5479 994.9156 203.0510 1.4998 1.6136 3.9677 10.9845 0.9538 24.4306 2.6467 0.1556
Car 0.0000 0 -1.5105 408.6488 170.5075 463.2672 213.9366 1.4128 1.6403 3.7907 -6.1143 1.3368 25.4774 -1.7440 0.1493
Car 0.0000 0 -1.5542 418.9562 173.4523 465.5759 214.6174 1.3513 1.5044 3.6112 -5.9724 1.3745 25.6611 -1.7810 0.1485
Car 0.0000 0 -0.8357 1005.1549 155.1158 1154.2894 204.7694 1.4891 1.6915 4.0910 14.8946 0.9575 22.9910 -0.2668 0.1448
Pedestrian 0.0000 0 -3.0692 673.8210 168.1566 693.7378 224.4212 1.5853 0.4340 0.5373 2.0604 1.4534 20.5871 -2.9716 0.1445
Car 0.0000 0 -0.8158 1010.1301 156.3207 1154.6970 205.8351 1.4845 1.5764 3.9413 14.9021 0.9892 22.8720 -0.2443 0.1409
Pedestrian 0.0000 0 -0.0750 757.0266 167.5306 780.1765 224.3175 1.6123 0.5585 0.6083 4.5206 1.4615 20.8008 0.1354 0.1407
Pedestrian 0.0000 0 -0.1217 756.7339 168.3371 780.5853 224.5982 1.5979 0.5285 0.6083 4.5180 1.4700 20.7801 0.0888 0.1359
Car 0.0000 0 -0.3544 798.4588 167.9355 908.2633 203.3041 1.4106 1.5565 3.9777 9.8962 1.2148 29.6217 -0.0353 0.1358
Car 0.0000 0 -0.8643 1003.7831 157.4407 1151.9781 205.4877 1.4316 1.6087 4.2159 14.7779 0.9727 22.8817 -0.2968 0.1346
Car 0.0000 0 -0.8316 1004.7839 155.0592 1153.4675 205.1898 1.5030 1.6469 4.1048 14.8569 0.9699 22.9597 -0.2632 0.1337
Car 0.0000 0 -0.8398 1001.3823 155.1219 1153.3472 205.2042 1.5005 1.7178 4.2015 14.8326 0.9696 23.0094 -0.2732 0.1333
Car 0.0000 0 2.3632 1021.1479 154.0723 1163.6124 204.7894 1.5276 1.5781 3.7343 15.2054 0.9622 22.8700 2.9439 0.1329
Car 0.0000 0 -0.8340 1006.2573 156.0501 1153.3336 205.3371 1.4772 1.6295 4.0600 14.8673 0.9740 22.9415 -0.2650 0.1328
Car 0.0000 0 -0.4410 798.5251 165.0327 916.4810 203.6097 1.5315 1.6446 4.3060 10.1039 1.2214 29.7093 -0.1165 0.1324
Car 0.0000 0 -1.4918 409.9312 172.0913 465.0252 214.9766 1.4042 1.6027 3.7306 -6.0881 1.3796 25.5883 -1.7235 0.1307
Car 0.0000 0 2.3452 1002.5382 151.9476 1155.1403 203.7923 1.5487 1.5604 4.2073 14.7328 0.9246 22.7877 2.9131 0.1305
Pedestrian 0.0000 0 0.0304 756.5351 165.6021 777.5371 223.9366 1.6686 0.6157 0.5826 4.5284 1.4616 21.0047 0.2392 0.1272
Pedestrian 0.0000 0 -3.0333 673.8646 166.7113 694.3788 224.1057 1.6151 0.4785 0.5359 2.0708 1.4426 20.5911 -2.9352 0.1257
Car 0.0000 0 2.6916 794.9461 166.3925 908.7900 203.7259 1.4818 1.6105 4.1600 9.8768 1.2257 29.7092 3.0093 0.1232
Car 0.0000 0 2.7151 799.8882 168.2635 910.3499 205.2827 1.4736 1.5487 4.0265 10.0060 1.2912 29.6999 3.0367 0.1231
Car 0.0000 0 1.7939 895.7192 155.9336 975.6230 205.3410 1.5207 1.6419 3.9022 10.9647 1.0002 24.2585 2.2137 0.1227
Pedestrian 0.0000 0 -3.1137 756.2668 166.2339 777.8497 224.1104 1.6545 0.6034 0.6004 4.5253 1.4656 20.9878 -2.9049 0.1222
Car 0.0000 0 2.7102 797.5160 166.3406 908.9611 204.7590 1.5230 1.6172 4.0309 9.9031 1.2651 29.6298 3.0294 0.1221
Car 0.0000 0 2.7217 795.4851 169.2644 907.4561 205.3611 1.4360 1.5656 4.0872 9.8509 1.2935 29.6893 3.0387 0.1209
Cyclist 0.0000 0 -0.1331 730.9524 164.0452 791.5493 223.1400 1.6930 0.5996 1.6607 4.3457 1.4410 21.0236 0.0673 0.1205
Pedestrian 0.0000 0 -0.2022 750.6077 165.8518 773.6101 224.4195 1.6805 0.5780 0.5469 4.3738 1.4799 20.9894 -0.0002 0.1189
Car 0.0000 0 -0.8448 1006.4239 156.0287 1154.8550 206.4391 1.5134 1.6746 4.1137 14.9483 1.0087 23.0238 -0.2749 0.1183
Car 0.0000 0 -0.3473 798.6534 166.3548 912.2010 203.4605 1.4809 1.6168 4.1122 9.9866 1.2218 29.6544 -0.0258 0.1177
Car 0.0000 0 1.7311 406.5632 171.3993 471.0412 215.0448 1.3969 1.5696 3.8935 -5.9081 1.3507 25.0862 1.5017 0.1168
Car 0.0000 0 -0.8471 1004.5161 154.6367 1153.5928 205.4328 1.5214 1.6715 4.1455 14.8717 0.9761 22.9816 -0.2788 0.1151
Car 0.0000 0 2.7255 794.3017 163.7803 905.6840 201.0381 1.4794 1.6343 4.0288 9.7785 1.1195 29.6634 3.0406 0.1143
Car 0.0000 0 1.6904 416.8295 170.4240 474.5175 212.8941 1.3823 1.5451 3.6573 -5.7490 1.3036 25.3787 1.4695 0.1129
Cyclist 0.0000 0 1.5931 676.3837 167.3363 695.8873 225.3670 1.5866 0.5237 1.6768 2.1364 1.4361 20.5892 1.6944 0.1108
Car 0.0000 0 2.3348 1015.6191 154.2805 1158.4470 205.1562 1.5235 1.5746 3.8212 15.0029 0.9677 22.8087 2.9105 0.1094
Cyclist 0.0000 0 -1.8571 672.7531 166.1425 705.0152 226.2382 1.6285 0.4598 1.6172 2.1649 1.4470 20.3871 -1.7535 0.1090
Car 0.0000 0 2.7258 795.5152 168.3615 907.7759 205.0036 1.4582 1.6132 4.0809 9.8643 1.2798 29.7157 3.0429 0.1089
Pedestrian 0.0000 0 -0.1698 750.4761 164.8155 773.4824 224.1080 1.7007 0.5959 0.5594 4.3720 1.4705 21.0003 0.0320 0.1025
Car 0.0000 0 -0.8088 1012.6293 155.1479 1158.0902 205.3229 1.5095 1.6490 3.8912 15.0463 0.9772 22.9588 -0.2346 0.1016
Car 0.0000 0 2.7207 795.8098 168.3365 907.5597 205.2372 1.4680 1.6093 4.0612 9.8656 1.2886 29.7114 3.0379 0.0989
Car 0.0000 0 2.6809 891.6876 151.2293 1042.8929 203.8019 1.6456 1.5161 4.1504 11.4467 0.9691 23.3615 3.1313 0.0987
Car 0.0000 0 2.7197 793.7333 167.9457 906.8524 204.1582 1.4389 1.6510 4.1033 9.8053 1.2443 29.7071 3.0352 0.0980
Car 0.0000 0 -0.3120 796.7578 167.6593 909.6567 202.6932 1.3984 1.5991 4.0953 9.8767 1.1914 29.6116 0.0066 0.0978
Car 0.0000 0 -0.8794 1241.5157 152.1629 1242.0000 193.4500 1.4233 1.6037 4.0556 25.2261 0.7104 25.8955 -0.1128 0.0978
Car 0.0000 0 2.7063 795.0614 168.4737 907.8309 205.4486 1.4684 1.5570 4.1275 9.8460 1.2948 29.6694 3.0234 0.0964
Pedestrian 0.0000 0 0.0255 673.2257 164.4241 694.8021 222.7865 1.6648 0.4903 0.6105 2.0961 1.4247 20.8603 0.1236 0.0917
Car 0.0000 0 -1.5156 410.4228 172.1636 462.4858 214.5754 1.3936 1.5880 3.8275 -6.1605 1.3713 25.7302 -1.7487 0.0903
Car 0.0000 0 2.2831 986.5948 155.5186 1135.4089 205.2653 1.4707 1.6433 4.2105 14.1606 0.9586 22.7496 2.8340 0.0875
Cyclist 0.0000 0 -1.5325 672.0196 166.3577 690.5997 226.8306 1.6357 0.4667 1.6319 1.9745 1.4604 20.3540 -1.4379 0.0861
Car 0.0000 0 1.7924 897.6951 153.7178 980.2801 204.8799 1.5687 1.6917 4.0549 11.0760 0.9823 24.2486 2.2161 0.0856
Pedestrian 0.0000 0 0.1036 673.4502 163.9033 695.5495 222.7823 1.6771 0.5109 0.5880 2.1097 1.4225 20.8583 0.2023 0.0845
Car 0.0000 0 2.1116 386.2874 171.3441 486.3258 215.8305 1.3787 1.5815 3.7332 -5.8074 1.3323 24.3780 1.8798 0.0821
Car 0.0000 0 2.7123 794.8967 167.7017 909.0097 204.3490 1.4570 1.5478 4.1890 9.8714 1.2525 29.6858 3.0300 0.0806
Car 0.0000 0 1.8073 398.8427 171.3142 472.7122 215.5952 1.3887 1.5551 3.9468 -5.8851 1.3408 24.6025 1.5745 0.0796
Car 0.0000 0 0.9055 403.7414 171.1716 509.2774 213.4616 1.3921 1.6140 3.8717 -5.5373 1.3370 25.6070 0.6942 0.0789
Pedestrian 0.0000 0 0.0416 672.6873 167.4991 690.0877 224.2707 1.6001 0.4202 0.4787 1.9906 1.4495 20.5738 0.1360 0.0788
Car 0.0000 0 1.6304 421.2706 171.4171 472.5470 213.4160 1.3749 1.5517 3.5579 -5.7414 1.3282 25.4977 1.4107 0.0786
Car 0.0000 0 2.7360 788.9124 164.0247 897.9288 200.8125 1.4646 1.6735 3.9353 9.5349 1.1134 29.7492 3.0430 0.0785
Car 0.0000 0 0.7796 392.1622 172.1082 502.8617 213.6909 1.3839 1.6280 3.7994 -5.8580 1.3595 25.7070 0.5574 0.0784
Cyclist 0.0000 0 -0.4362 734.9557 163.6608 796.6243 222.3637 1.6721 0.6086 1.6562 4.4906 1.4106 21.0345 -0.2293 0.0772
Pedestrian 0.0000 0 -3.1654 666.9700 163.4814 687.4346 221.8443 1.6651 0.4927 0.5749 1.8910 1.3980 20.8470 -3.0768 0.0764
Car 0.0000 0 -0.9243 1011.7261 156.0455 1155.6233 206.3513 1.5068 1.6736 4.2107 15.1271 1.0037 23.1191 -0.3508 0.0745
Car 0.0000 0 2.2352 1239.8796 148.9616 1242.0000 191.6834 1.4645 1.6114 3.9357 25.0035 0.6458 25.8088 2.9991 0.0742
Car 0.0000 0 -1.5316 648.6844 170.2917 679.5876 196.6006 1.4369 1.6238 3.8732 3.1127 1.2973 41.4218 -1.4575 0.0725
Car 0.0000 0 -1.6882 402.8148 171.9170 462.0288 214.2016 1.3661 1.5818 3.7613 -6.3437 1.3361 25.3461 -1.9314 0.0716
Pedestrian 0.0000 0 -3.1276 610.8839 145.2952 629.7888 216.2124 1.9491 0.6132 0.5197 0.2441 1.1920 20.1409 -3.1163 0.0700
Car 0.0000 0 -1.4151 649.7119 169.2085 688.0967 195.9896 1.4601 1.6124 3.9244 3.3937 1.2617 41.4306 -1.3343 0.0698
Car 0.0000 0 1.7471 407.3799 169.2406 474.8912 214.3588 1.4346 1.5956 3.9393 -5.7896 1.3200 24.9462 1.5210 0.0673
Car 0.0000 0 1.4657 425.8207 171.2205 479.8160 212.6125 1.3639 1.5151 3.4376 -5.6829 1.3104 25.6428 1.2493 0.0671
Car 0.0000 0 1.3721 424.3831 172.0347 485.6909 212.9510 1.3504 1.4873 3.3752 -5.6076 1.3237 25.6547 1.1586 0.0656
Car 0.0000 0 -1.6279 407.0520 170.4753 460.4581 214.0654 1.4100 1.5997 3.9108 -6.3198 1.3334 25.4413 -1.8694 0.0631
Pedestrian 0.0000 0 -0.4558 748.2408 166.7019 778.7985 224.9065 1.6469 0.5695 0.6776 4.3692 1.4732 20.7731 -0.2520 0.0630
Car 0.0000 0 1.6674 907.5074 153.0083 976.9509 205.1275 1.5790 1.7322 4.1349 11.1090 0.9781 24.0802 2.0948 0.0614
Car 0.0000 0 2.1104 995.4100 155.6475 1127.8730 207.0649 1.5211 1.6744 4.2254 14.4110 1.0125 23.0595 2.6630 0.0597
Car 0.0000 0 2.3048 982.9523 156.7941 1129.0490 205.6154 1.4500 1.6451 4.0616 14.0270 0.9734 22.7980 2.8505 0.0593
Car 0.0000 0 0.9096 398.9633 171.6844 505.4884 213.5284 1.3772 1.6025 3.9522 -5.6954 1.3391 25.6236 0.6926 0.0590
Pedestrian 0.0000 0 3.1045 609.7556 146.5273 631.6379 216.7299 1.9294 0.6085 0.5862 0.2466 1.2062 20.1388 3.1159 0.0590
Car 0.0000 0 2.3103 996.1772 153.3736 1143.1819 203.8679 1.5015 1.5921 4.0836 14.4386 0.9226 22.7679 2.8695 0.0586
Cyclist 0.0000 0 -1.3170 663.0941 167.1463 695.7886 227.3378 1.6348 0.5289 1.6627 1.9383 1.4801 20.4660 -1.2247 0.0580
Pedestrian 0.0000 0 0.0522 671.7466 165.6529 688.6489 223.7513 1.6353 0.4611 0.4582 1.9562 1.4329 20.5671 0.1450 0.0573
Pedestrian 0.0000 0 0.0610 751.2015 167.9785 776.8564 225.6813 1.6310 0.5613 0.6919 4.3871 1.4936 20.7541 0.2658 0.0564
Car 0.0000 0 -1.7140 399.0913 170.7769 462.0230 213.8393 1.3859 1.5962 3.8852 -6.4072 1.3194 25.3197 -1.9597 0.0551
Car 0.0000 0 -1.4881 648.3749 169.1361 682.1328 195.9269 1.4646 1.6319 3.7750 3.1793 1.2617 41.4358 -1.4125 0.0546
Cyclist 0.0000 0 -0.2783 736.1910 164.9535 801.2703 223.4323 1.6584 0.5771 1.7408 4.5204 1.4347 20.8067 -0.0679 0.0546
Car 0.0000 0 2.2943 989.0057 155.8152 1136.2816 205.6747 1.4707 1.6150 4.1124 14.1471 0.9684 22.6503 2.8466 0.0540
Car 0.0000 0 -0.4544 854.7979 159.2179 983.3758 203.3572 1.4490 1.6350 3.6882 10.4336 1.0017 24.6059 -0.0579 0.0537
Cyclist 0.0000 0 0.0797 647.7484 168.6104 706.6560 225.7486 1.5985 0.5154 1.6386 1.8740 1.4801 20.5745 0.1685 0.0528
Car 0.0000 0 1.7493 907.2560 150.3824 986.9068 204.1331 1.6351 1.7260 4.1201 11.2943 0.9519 24.1290 2.1823 0.0507
Cyclist 0.0000 0 -1.3746 675.7120 165.4568 700.2095 223.4847 1.6185 0.4121 1.5864 2.2277 1.4125 20.9406 -1.2708 0.0496
Car 0.0000 0 1.4401 1218.4543 148.7084 1242.0000 194.3128 1.5070 1.6952 3.8462 23.1793 0.7095 25.9091 2.1643 0.0481
Car 0.0000 0 -1.2835 649.9808 168.1544 696.7686 195.7721 1.5018 1.6418 3.8813 3.6454 1.2466 41.3387 -1.1965 0.0472
Cyclist 0.0000 0 -0.0413 647.0764 167.3542 707.9433 224.6817 1.6092 0.5231 1.7038 1.8632 1.4552 20.5528 0.0471 0.0470
Car 0.0000 0 0.7073 381.9130 172.0852 499.5892 213.3664 1.3680 1.6287 3.9417 -6.0495 1.3429 25.5359 0.4766 0.0467
Car 0.0000 0 -2.3370 388.1332 172.2492 496.5349 213.3591 1.3631 1.6002 3.7405 -6.0223 1.3434 25.6115 -2.5661 0.0458
Car 0.0000 0 1.3698 435.0831 169.8145 499.3125 212.2243 1.3884 1.5267 3.6577 -5.1732 1.2892 25.6000 1.1720 0.0454
Cyclist 0.0000 0 -1.7579 759.8003 163.7885 788.0562 222.7992 1.6101 0.4685 1.6808 4.6014 1.3631 20.5317 -1.5410 0.0453
Car 0.0000 0 1.3925 441.0524 170.3799 501.9708 211.9689 1.3685 1.5215 3.4983 -5.0242 1.2875 25.6457 1.2006 0.0443
Car 0.0000 0 2.6702 789.9747 164.2051 904.7849 201.9371 1.4963 1.7224 4.1787 9.7196 1.1537 29.7929 2.9824 0.0441
Car 0.0000 0 2.1403 379.5920 169.6358 487.5022 215.2583 1.4118 1.6357 4.0257 -5.9137 1.3125 24.4949 1.9055 0.0436
Car 0.0000 0 1.6374 1028.4731 152.0610 1095.7030 204.8822 1.5574 1.6143 3.7079 14.5715 0.9447 23.2492 2.1914 0.0430
Car 0.0000 0 2.2974 365.4917 170.5884 480.0254 216.8284 1.3972 1.5503 3.7566 -6.1244 1.3291 23.8244 2.0481 0.0416
Car 0.0000 0 -0.4299 894.0515 152.4077 1050.4644 204.1606 1.6222 1.5220 4.3000 11.6310 0.9817 23.4306 0.0257 0.0409
Car 0.0000 0 2.3927 1016.2998 152.6414 1172.6106 203.7363 1.5645 1.7135 4.1425 15.5317 0.9460 23.2787 2.9752 0.0398
Car 0.0000 0 1.2529 1211.6177 148.3557 1242.0000 193.6705 1.4798 1.6733 3.9976 23.1871 0.6801 25.7261 1.9807 0.0384
Car 0.0000 0 -1.4203 646.1875 168.0344 684.0516 194.5094 1.4471 1.6254 3.7825 3.1766 1.1841 41.4623 -1.3448 0.0382
Cyclist 0.0000 0 -1.6917 668.3614 166.4611 689.0085 225.2466 1.6347 0.3984 1.5790 1.9273 1.4572 20.8564 -1.6016 0.0382
Car 0.0000 0 2.4151 1008.8457 150.0181 1164.2354 203.4608 1.6055 1.5318 4.1255 14.9283 0.9199 22.7427 2.9899 0.0381
Car 0.0000 0 1.7246 888.3941 154.5474 957.5373 203.5162 1.5136 1.5991 3.7413 10.5563 0.9481 24.3100 2.1296 0.0378
Car 0.0000 0 -1.3684 648.8712 168.4154 689.7328 195.5635 1.4822 1.6184 3.7678 3.4153 1.2402 41.4267 -1.2871 0.0377
Cyclist 0.0000 0 -2.9695 726.0278 157.2142 785.6845 218.9872 1.7793 0.5684 1.6585 4.2668 1.3292 21.3427 -2.7754 0.0374
Car 0.0000 0 -1.2516 650.1288 167.2392 698.4855 194.7320 1.4965 1.6400 3.8491 3.7005 1.1912 41.3636 -1.1633 0.0363
Car 0.0000 0 1.4484 444.8809 170.2946 498.5488 211.7102 1.3774 1.4978 3.1605 -5.0230 1.2927 25.7290 1.2571 0.0356
Car 0.0000 0 -2.1903 1132.3916 147.5082 1242.0000 195.9027 1.5143 1.6199 3.8279 19.8374 0.7216 24.5296 -1.5161 0.0344
Cyclist 0.0000 0 2.7938 732.5891 158.1112 793.3105 217.4607 1.7225 0.5589 1.6660 4.4697 1.2950 21.3348 2.9970 0.0331
Car 0.0000 0 -2.1582 1142.7255 148.7137 1242.0000 198.1010 1.5270 1.6120 3.7320 19.9089 0.7809 24.2394 -1.4765 0.0329
Car 0.0000 0 -1.3380 647.9420 168.0043 690.6593 194.8120 1.4634 1.6256 3.7566 3.4156 1.1990 41.4235 -1.2567 0.0324
Car 0.0000 0 -1.3412 648.7845 167.8121 691.2512 194.6182 1.4629 1.6166 3.7773 3.4566 1.1881 41.4201 -1.2589 0.0323
Car 0.0000 0 2.3654 964.1572 154.4925 1115.2244 206.0725 1.5217 1.6181 4.1223 13.3690 0.9804 22.5730 2.8943 0.0323
Car 0.0000 0 1.4264 1223.9950 147.6728 1242.0000 194.1565 1.5266 1.7459 4.0348 23.4165 0.7000 25.8576 2.1566 0.0310
Car 0.0000 0 0.6434 378.3976 172.9259 495.3400 213.7335 1.3538 1.5997 3.8106 -6.1486 1.3568 25.4297 0.4081 0.0309
Pedestrian 0.0000 0 -2.4804 1128.3159 149.2923 1160.4027 205.0710 1.7188 0.5743 0.5768 16.6795 0.9931 22.5874 -1.8507 0.0305
Car 0.0000 0 2.2775 965.2979 156.7471 1110.9430 206.9360 1.4534 1.5865 4.1356 13.1938 0.9873 22.3228 2.8053 0.0300
Car 0.0000 0 1.5094 1023.9135 152.1743 1091.5813 204.4229 1.5439 1.6011 3.5930 14.3110 0.9332 23.2810 2.0548 0.0291
Car 0.0000 0 2.5902 323.4142 171.0002 463.6326 219.1703 1.3940 1.5796 4.0314 -6.8241 1.3407 22.9041 2.3034 0.0284
Car 0.0000 0 1.7099 328.1798 163.5341 392.5549 209.3594 1.5186 1.6279 4.1297 -8.9740 1.2101 26.0899 1.3814 0.0273
Pedestrian 0.0000 0 -2.5144 1128.2101 148.8546 1160.8531 204.7123 1.7198 0.5822 0.5931 16.6825 0.9812 22.5842 -1.8845 0.0273
Car 0.0000 0 2.0374 380.8901 172.6664 474.8255 216.9674 1.3278 1.5217 3.5611 -5.8836 1.3225 23.5284 1.7946 0.0273
Car 0.0000 0 1.7273 649.3521 169.1624 687.8793 195.6478 1.4286 1.5884 3.9753 3.3457 1.2299 41.0363 1.8077 0.0272
Car 0.0000 0 -2.1485 1139.8108 150.2741 1242.0000 197.8882 1.4810 1.5916 3.7316 19.8833 0.7790 24.3762 -1.4702 0.0270
Cyclist 0.0000 0 -2.0698 1116.0310 150.1402 1160.1381 203.1167 1.6264 0.4100 1.5929 16.7383 0.9294 22.9640 -1.4462 0.0269
Car 0.0000 0 -1.4399 1032.0972 153.2856 1108.6880 205.0937 1.5324 1.6352 3.7065 14.8627 0.9539 23.2868 -0.8777 0.0269
Car 0.0000 0 2.6868 775.7633 167.6937 925.8908 216.8529 1.4142 1.5888 4.0209 7.1860 1.2661 21.8234 3.0005 0.0260
Car 0.0000 0 1.3820 1022.0395 153.5092 1106.3143 204.1139 1.4708 1.5575 3.7546 14.3144 0.9089 22.9993 1.9328 0.0259
Car 0.0000 0 3.1040 599.5688 166.5161 667.7428 193.5298 1.4255 1.6515 3.5996 1.2068 1.0914 38.9106 3.1345 0.0257
Car 0.0000 0 -0.8678 1148.2826 149.1611 1242.0000 197.4457 1.5168 1.6005 3.9111 20.1046 0.7729 23.7869 -0.1722 0.0254
Car 0.0000 0 -1.6034 408.1096 169.3720 459.1083 212.8067 1.4216 1.6303 3.9399 -6.3940 1.3080 25.7294 -1.8449 0.0249
Car 0.0000 0 2.3362 971.8560 156.3218 1122.2699 205.7802 1.4614 1.6112 4.1744 13.6516 0.9733 22.6485 2.8727 0.0242
Car 0.0000 0 2.4345 338.8639 172.4296 469.1969 219.6285 1.3735 1.5409 3.9453 -6.5204 1.3615 23.0612 2.1615 0.0241
Car 0.0000 0 -0.4724 1075.3474 150.8852 1242.0000 200.0993 1.5393 1.7208 4.3632 18.0874 0.8525 23.7861 0.1717 0.0236
Car 0.0000 0 2.2986 976.5768 155.7782 1125.5277 205.6062 1.4613 1.6203 4.1774 13.7254 0.9609 22.5523 2.8394 0.0233
Car 0.0000 0 1.2478 1006.6400 157.2664 1105.7671 206.3703 1.4135 1.5114 3.7444 13.8929 0.9651 22.7585 1.7900 0.0231
Car 0.0000 0 -2.7937 333.4439 169.9727 473.5194 214.5214 1.4598 1.6498 4.2906 -7.0273 1.3658 24.6194 -3.0693 0.0227
Car 0.0000 0 -0.6834 1089.4155 153.4530 1242.0000 201.7029 1.5094 1.6379 4.1695 18.1489 0.9028 23.4516 -0.0310 0.0222
Car 0.0000 0 -2.2772 1118.9211 146.6723 1242.0000 196.1614 1.5481 1.6275 3.8869 19.5078 0.7295 24.5432 -1.6115 0.0222
Car 0.0000 0 0.6242 378.8760 172.3351 513.4537 213.8378 1.3599 1.6341 4.4865 -5.7935 1.3432 25.2662 0.4006 0.0221
Car 0.0000 0 -0.5382 1079.3867 153.9931 1242.0000 201.3967 1.4920 1.7100 4.0711 18.0479 0.8987 23.7714 0.1051 0.0221
Car 0.0000 0 2.3155 360.7262 171.0073 474.9759 216.7956 1.3664 1.5013 3.6687 -6.2046 1.3117 23.5018 2.0597 0.0220
Cyclist 0.0000 0 -1.7270 756.7708 166.9341 783.8506 223.9495 1.5801 0.4991 1.6685 4.5680 1.4164 20.8410 -1.5148 0.0217
Car 0.0000 0 2.4709 342.4001 170.9378 470.1577 218.8431 1.4138 1.5336 3.8462 -6.5266 1.3576 23.2973 2.2003 0.0215
Car 0.0000 0 -0.7751 1160.5004 151.6175 1242.0000 199.6917 1.5061 1.7007 3.9319 20.5138 0.8412 23.5794 -0.0653 0.0215
Car 0.0000 0 1.5021 457.6356 169.4851 507.1775 211.8175 1.4017 1.5052 3.2798 -4.6309 1.2905 25.6618 1.3249 0.0214
Car 0.0000 0 1.6978 339.9372 164.3089 400.7037 209.9228 1.5254 1.5947 3.9506 -8.6652 1.2400 26.2161 1.3813 0.0213
Car 0.0000 0 -0.6884 1093.3594 155.8281 1242.0000 203.1446 1.4808 1.6530 3.9477 18.1901 0.9483 23.4733 -0.0353 0.0211
Car 0.0000 0 1.6549 338.9032 165.3064 395.2238 209.2003 1.4582 1.5903 3.9414 -8.7401 1.2078 26.0692 1.3342 0.0210
Car 0.0000 0 1.4172 439.3943 168.6963 498.7509 211.9156 1.4149 1.5111 3.6906 -5.1076 1.2791 25.6105 1.2219 0.0209
Pedestrian 0.0000 0 0.0768 668.1721 167.9009 693.7831 226.9886 1.6474 0.4958 0.6874 1.9646 1.5096 20.4166 0.1706 0.0208
Car 0.0000 0 -2.1938 1122.8961 148.6764 1242.0000 197.9104 1.5378 1.6333 3.8459 19.4907 0.7830 24.4910 -1.5275 0.0207
Car 0.0000 0 2.5339 938.9962 157.9967 1093.5883 206.1599 1.4424 1.5579 4.0657 12.6162 0.9978 22.5915 3.0375 0.0207
Pedestrian 0.0000 0 -3.0298 609.7283 142.1545 631.8905 213.9257 1.9585 0.6216 0.5513 0.2567 1.1211 20.0295 -3.0178 0.0205
Car 0.0000 0 1.6445 1030.5680 151.7852 1099.0111 204.0094 1.5365 1.6131 3.7523 14.6389 0.9170 23.2164 2.2012 0.0204
Car 0.0000 0 2.6981 780.2009 167.3077 926.9341 215.3237 1.3845 1.5831 3.9080 7.2703 1.2250 21.8345 3.0151 0.0201
Car 0.0000 0 1.3482 1007.6920 155.9203 1094.6716 205.0424 1.4301 1.5379 3.7590 13.9143 0.9374 23.0282 1.8859 0.0200
Car 0.0000 0 1.4424 451.5136 168.7176 510.1226 212.2147 1.4172 1.5544 3.8396 -4.6877 1.2828 25.5718 1.2625 0.0200
Car 0.0000 0 1.5048 455.3795 169.5049 506.8383 212.2941 1.3965 1.5390 3.7549 -4.6678 1.2876 25.5540 1.3256 0.0198
Car 0.0000 0 -2.7072 333.0265 166.1269 474.7587 213.3061 1.5336 1.6777 4.3508 -7.0319 1.3153 24.6240 -2.9829 0.0196
Car 0.0000 0 1.3551 1223.2328 148.0179 1242.0000 194.5176 1.5092 1.7313 4.1180 23.3637 0.7035 25.6340 2.0885 0.0196
Car 0.0000 0 2.1561 359.5167 171.6976 468.8096 219.0789 1.3816 1.5298 3.7785 -6.1913 1.3482 23.0710 1.8964 0.0196
Pedestrian 0.0000 0 0.1353 674.9694 167.6563 697.0872 226.6619 1.6456 0.5019 0.5624 2.1083 1.5010 20.4299 0.2359 0.0195
Car 0.0000 0 -2.7043 344.3466 173.0698 475.0749 214.4359 1.3515 1.5972 4.0166 -6.8634 1.3596 24.7080 -2.9729 0.0195
Car 0.0000 0 2.5837 962.7090 158.1100 1110.7516 205.4271 1.4388 1.5587 3.7769 13.3544 0.9908 22.7793 3.1081 0.0194
Car 0.0000 0 -0.6516 1227.3190 153.8793 1242.0000 199.2641 1.4496 1.4733 3.6649 23.0045 0.8439 23.9719 0.1070 0.0194
Car 0.0000 0 -0.7122 1091.6025 154.0061 1242.0000 201.9248 1.4908 1.5778 4.1425 18.1034 0.9048 23.3546 -0.0589 0.0193
Cyclist 0.0000 0 -1.2296 663.7838 162.0890 696.2896 224.0676 1.6645 0.4259 1.5181 1.9224 1.3757 20.1528 -1.1366 0.0188
Car 0.0000 0 2.3257 968.8047 156.6612 1115.6523 206.4652 1.4549 1.5843 4.0466 13.3563 0.9822 22.4034 2.8574 0.0187
Car 0.0000 0 2.5166 342.0929 169.4381 471.5633 217.6179 1.4305 1.5382 3.8733 -6.5466 1.3295 23.4131 2.2465 0.0187
Cyclist 0.0000 0 -1.5944 1139.2515 149.7420 1156.7781 202.7013 1.6312 0.3970 1.6052 17.0919 0.9197 22.9934 -0.9614 0.0183
Car 0.0000 0 -2.0931 1150.9507 148.0454 1242.0000 197.5625 1.5230 1.6725 3.7979 20.1209 0.7603 24.1998 -1.4054 0.0183
Car 0.0000 0 1.5845 337.6928 161.8415 388.0992 210.3062 1.6315 1.6224 4.0128 -9.0592 1.2612 26.4461 1.2573 0.0182
Car 0.0000 0 1.4902 455.1156 169.2547 509.0677 212.8609 1.4065 1.5436 3.9378 -4.6063 1.2908 25.3718 1.3120 0.0181
Pedestrian 0.0000 0 0.1449 674.2238 168.8155 698.0386 227.3985 1.6330 0.4813 0.6090 2.1098 1.5207 20.4171 0.2456 0.0179
Pedestrian 0.0000 0 0.0723 668.2824 166.9741 692.1238 226.3005 1.6547 0.5014 0.6393 1.9431 1.4911 20.4222 0.1651 0.0179
Car 0.0000 0 1.4809 348.4124 162.1459 405.1932 209.6890 1.5987 1.6193 4.0173 -8.6454 1.2390 26.4255 1.1673 0.0179
Car 0.0000 0 2.2337 358.5529 170.5380 471.1785 218.0911 1.3956 1.5108 3.7284 -6.2059 1.3280 23.1844 1.9746 0.0175
Car 0.0000 0 0.0371 370.5939 173.0844 494.7900 215.0804 1.3703 1.5785 4.0082 -6.0555 1.3790 24.7277 -0.2010 0.0174
Car 0.0000 0 -2.3068 1120.3872 147.6088 1242.0000 198.3078 1.5728 1.6242 3.9835 19.5451 0.7900 24.4231 -1.6378 0.0172
Car 0.0000 0 -3.6363 1074.7255 155.1813 1240.6908 202.0850 1.4727 1.7160 4.0314 17.8853 0.9182 23.7911 -2.9977 0.0171
Car 0.0000 0 2.9967 311.5007 161.7727 429.8420 208.8338 1.6513 1.7194 3.9956 -8.9824 1.2629 26.9776 2.6780 0.0170
Car 0.0000 0 -3.1967 936.9516 154.7752 1093.8047 203.6010 1.4552 1.5592 4.2578 12.7857 0.9167 23.1210 -2.6971 0.0169
Car 0.0000 0 1.5972 890.2985 156.6832 948.2173 204.7551 1.4814 1.6659 3.9345 10.4312 0.9834 24.3674 1.9971 0.0168
Car 0.0000 0 1.5342 648.4625 168.4467 680.1187 195.3905 1.4548 1.6358 3.9332 3.0029 1.2172 40.9512 1.6065 0.0165
Car 0.0000 0 2.7012 772.9329 163.7941 923.6100 213.3515 1.4377 1.6745 4.0403 7.1673 1.1752 22.0215 3.0116 0.0165
Car 0.0000 0 1.5910 646.5925 168.2506 676.8757 194.6385 1.4164 1.6246 4.1251 2.9317 1.1696 40.8534 1.6617 0.0164
Car 0.0000 0 3.3764 339.7613 171.2686 474.1320 214.2619 1.4149 1.6348 4.1488 -6.8951 1.3631 24.6343 3.1058 0.0163
Car 0.0000 0 -3.0667 664.8827 168.9069 791.7129 219.9954 1.4640 1.5946 3.6690 3.5598 1.3513 21.8739 -2.9081 0.0162
Car 0.0000 0 0.0139 598.7939 166.5473 670.1337 193.9494 1.4422 1.6288 3.7613 1.2874 1.1106 38.8728 0.0464 0.0162
Car 0.0000 0 2.2883 963.0626 159.6963 1099.5607 206.6469 1.3668 1.5674 3.7818 13.0005 0.9842 22.3610 2.8091 0.0161
Car 0.0000 0 -1.1758 313.4274 162.3030 401.3232 210.2634 1.6385 1.7022 3.8379 -9.2500 1.2784 26.6162 -1.5075 0.0161
Car 0.0000 0 0.1835 631.1247 167.8837 710.4259 194.6234 1.4342 1.5830 4.1646 3.3467 1.1680 40.0091 0.2660 0.0161
Car 0.0000 0 0.4576 621.7354 167.3675 699.0341 193.5580 1.4067 1.6590 4.0037 2.7760 1.1124 40.4733 0.5252 0.0161
Car 0.0000 0 1.6984 333.9441 162.3001 394.9471 210.1690 1.6275 1.6312 3.9245 -9.0133 1.2690 26.6128 1.3745 0.0159
Pedestrian 0.0000 0 -2.5807 1130.7113 152.2483 1165.5526 206.3028 1.6458 0.5865 0.6559 16.6419 1.0188 22.3793 -1.9477 0.0158
Car 0.0000 0 1.8866 380.3172 168.7834 466.6105 218.0454 1.4341 1.5575 3.7375 -5.8637 1.3160 22.9201 1.6385 0.0158
Car 0.0000 0 -0.2326 1082.6243 149.3205 1242.0000 200.6045 1.5792 1.7119 4.4566 18.4085 0.8549 23.9026 0.4176 0.0156
Car 0.0000 0 2.6652 762.4341 163.2176 919.1549 214.8840 1.4988 1.6336 4.3086 6.9792 1.2196 22.1073 2.9667 0.0156
Car 0.0000 0 1.7697 322.1395 159.0137 392.6930 209.3612 1.7141 1.7019 3.9204 -9.2620 1.2432 26.6179 1.4376 0.0156
Car 0.0000 0 1.5491 353.9250 163.6180 403.0123 209.8346 1.5747 1.6103 3.8553 -8.6378 1.2604 26.6668 1.2385 0.0155
Pedestrian 0.0000 0 -0.8557 752.5590 160.6435 781.1483 219.7009 1.7122 0.5816 0.5902 4.5888 1.3586 21.3262 -0.6472 0.0155
Car 0.0000 0 1.7733 345.4274 165.2692 412.2206 209.2151 1.4837 1.5830 3.7648 -8.3843 1.2280 26.3115 1.4675 0.0154
Car 0.0000 0 -0.7405 1092.6475 154.3596 1242.0000 202.2765 1.4831 1.6497 3.8655 17.9909 0.9110 23.3237 -0.0896 0.0153
Car 0.0000 0 1.6314 334.5679 163.2800 388.3250 210.0789 1.5635 1.5948 4.0545 -9.0132 1.2440 26.2690 1.3036 0.0152
Pedestrian 0.0000 0 0.0376 615.3768 145.5101 639.2361 218.2182 1.9968 0.6775 0.6443 0.4416 1.2462 20.1697 0.0585 0.0150
Car 0.0000 0 2.6689 765.1826 165.1933 918.7363 216.0154 1.4677 1.6831 4.1529 6.9812 1.2469 22.0157 2.9717 0.0150
Car 0.0000 0 -2.9813 659.2045 169.6768 792.8810 220.7466 1.4521 1.5882 3.7979 3.4845 1.3621 21.8575 -2.8259 0.0148
Car 0.0000 0 -0.7019 1147.5438 150.3751 1242.0000 198.9236 1.5265 1.6771 3.7727 19.9963 0.8201 23.5306 -0.0037 0.0147
Car 0.0000 0 -0.4001 1112.9460 147.6698 1242.0000 198.8199 1.5800 1.7036 4.5186 19.4392 0.8024 23.7287 0.2802 0.0145
Car 0.0000 0 -2.0677 1121.7913 144.9761 1242.0000 195.5297 1.5761 1.6800 4.0809 19.4559 0.7073 24.6431 -1.4052 0.0145
Car 0.0000 0 -1.1573 319.5426 164.1321 405.5762 210.3955 1.6097 1.6929 3.7007 -9.2049 1.3066 27.0200 -1.4830 0.0144
Pedestrian 0.0000 0 -0.5184 752.3942 161.1253 780.2324 219.7999 1.7052 0.5740 0.5971 4.5713 1.3647 21.3306 -0.3107 0.0144
Pedestrian 0.0000 0 -2.5951 1130.9824 152.5712 1166.0801 206.7872 1.6490 0.6000 0.6568 16.6410 1.0325 22.3613 -1.9617 0.0143
Car 0.0000 0 0.1194 319.2376 163.5057 430.5106 208.0067 1.5899 1.6863 3.7764 -8.7392 1.2563 26.9632 -0.1915 0.0142
Car 0.0000 0 1.6313 356.1507 164.2990 408.4017 209.3768 1.5320 1.5993 3.7180 -8.3408 1.2416 26.5156 1.3290 0.0142
Car 0.0000 0 -2.1742 1109.9705 147.6075 1242.0000 199.1510 1.6123 1.6778 3.9482 19.1233 0.8229 24.5821 -1.5189 0.0141
Pedestrian 0.0000 0 -0.0610 614.2468 146.0993 639.4456 218.8677 1.9980 0.6624 0.6620 0.4175 1.2638 20.1531 -0.0412 0.0140
Car 0.0000 0 -0.8148 1154.4080 148.9831 1242.0000 197.5626 1.5321 1.7107 4.2376 20.6063 0.7796 23.8315 -0.1079 0.0139
Car 0.0000 0 -0.7403 1081.7655 151.3077 1236.0375 200.1748 1.5243 1.6564 3.9260 17.7840 0.8526 23.5229 -0.0990 0.0139
Car 0.0000 0 -2.1238 977.6943 160.2861 1092.4189 205.8573 1.3774 1.5330 3.6315 13.7432 0.9979 23.6451 -1.6028 0.0137
Car 0.0000 0 1.5693 360.1532 164.0838 409.3576 209.4100 1.5443 1.6162 3.7490 -8.3450 1.2458 26.6104 1.2679 0.0136
Car 0.0000 0 0.3362 630.9174 168.6015 711.8730 195.4729 1.4401 1.5897 4.2115 3.3825 1.2126 40.2501 0.4191 0.0135
Car 0.0000 0 -2.2190 1106.8448 148.6687 1242.0000 198.3325 1.5595 1.6669 3.9526 19.1081 0.8004 24.6349 -1.5651 0.0135
Car 0.0000 0 -0.8433 998.8998 150.8232 1071.4681 176.9637 1.6002 1.7294 4.0100 26.8353 0.2519 45.6083 -0.3142 0.0134
Car 0.0000 0 2.1321 975.7175 161.8155 1101.9385 210.3535 1.3931 1.5634 3.8429 13.2180 1.0766 22.2867 2.6614 0.0133
Pedestrian 0.0000 0 -2.5873 1135.3383 148.8631 1167.1752 204.8960 1.7304 0.6142 0.5623 16.9472 0.9899 22.6549 -1.9514 0.0132
Car 0.0000 0 3.4195 318.1653 163.2771 434.5933 207.9914 1.6318 1.6945 3.8641 -8.7896 1.2826 27.2367 3.1099 0.0132
Car 0.0000 0 -0.6016 1094.0443 154.8054 1242.0000 202.4654 1.4841 1.7058 4.4827 18.5389 0.9224 23.4538 0.0611 0.0131
Car 0.0000 0 -0.7190 1002.1868 150.4637 1086.7322 177.6864 1.6864 1.7844 4.5806 27.6305 0.2997 45.9833 -0.1808 0.0130
Car 0.0000 0 -2.1767 1101.0526 150.6950 1231.1610 198.7824 1.5054 1.5994 3.7924 18.6748 0.8120 24.5110 -1.5314 0.0130
Car 0.0000 0 -0.6588 1132.5502 150.2965 1242.0000 199.0643 1.5283 1.6796 4.0992 19.6624 0.8218 23.5131 0.0314 0.0130
Car 0.0000 0 -0.1649 898.5406 155.5536 1041.5204 205.0175 1.4806 1.5388 3.8451 11.2432 0.9631 22.8762 0.2866 0.0128
Car 0.0000 0 1.8945 306.9835 164.1237 396.4622 210.3049 1.5015 1.6871 4.3198 -9.0845 1.2180 25.6288 1.5568 0.0128
Car 0.0000 0 1.7373 326.1126 164.1419 395.2957 209.4807 1.4774 1.6519 4.1113 -8.8109 1.1939 25.6707 1.4096 0.0128
Car 0.0000 0 3.5789 0.0000 177.3201 14.4540 209.3377 1.4384 1.6093 4.2086 -31.1786 1.6590 34.1878 2.8433 0.0128
Cyclist 0.0000 0 -1.7836 1125.1675 147.7003 1156.1353 201.1054 1.6641 0.4453 1.7002 17.1095 0.8807 23.3487 -1.1573 0.0124
Car 0.0000 0 2.6910 781.4794 168.7066 925.5627 215.4341 1.3492 1.5619 3.8418 7.2809 1.2298 21.8613 3.0080 0.0124
Car 0.0000 0 3.6797 0.0000 177.2876 14.4275 208.6039 1.4157 1.6255 4.3993 -31.2781 1.6337 34.1953 2.9426 0.0124
Car 0.0000 0 -0.1828 854.0389 160.0334 984.1389 204.1846 1.4518 1.7170 3.8809 10.5408 1.0306 24.9704 0.2122 0.0124
Car 0.0000 0 -0.3627 789.9127 165.2442 933.2788 210.7358 1.3443 1.5205 3.8671 7.6094 1.1198 22.1493 -0.0362 0.0124
Car 0.0000 0 0.0378 319.3599 164.7555 427.6707 209.4836 1.5868 1.7081 3.7276 -8.7941 1.2999 26.9243 -0.2753 0.0124
Car 0.0000 0 2.3170 1044.8022 158.2595 1128.8425 185.7983 1.4186 1.5958 3.7815 25.3219 0.6671 38.3977 2.8964 0.0123
Car 0.0000 0 -1.1563 328.4696 164.9733 414.7651 209.6198 1.5727 1.6873 3.8701 -8.9939 1.2954 27.4229 -1.4706 0.0123
Car 0.0000 0 1.8917 384.0208 170.8776 467.1551 217.6257 1.3790 1.5279 3.5480 -5.8538 1.3211 23.1080 1.6459 0.0122
Car 0.0000 0 2.6933 759.9201 165.2411 918.1654 216.5173 1.4753 1.5935 4.3097 6.8440 1.2566 21.8655 2.9923 0.0121
Car 0.0000 0 -2.2557 1101.0902 144.7993 1242.0000 196.6631 1.6225 1.6949 4.2092 19.0985 0.7452 24.7008 -1.6033 0.0120
Pedestrian 0.0000 0 -2.8645 1121.8965 144.8060 1151.3993 201.3418 1.7665 0.6319 0.6128 16.7277 0.8905 22.9792 -2.2414 0.0120
Car 0.0000 0 -0.8710 1002.9327 149.9702 1078.7869 177.2268 1.6752 1.7939 4.3136 27.3716 0.2691 45.9003 -0.3361 0.0119
Pedestrian 0.0000 0 -2.4727 1119.1356 144.4447 1154.3353 201.4486 1.7830 0.6124 0.6702 16.7202 0.8947 22.9718 -1.8497 0.0119
Cyclist 0.0000 0 -1.9239 744.5348 167.4993 781.1036 225.2866 1.6196 0.5144 1.5953 4.3924 1.4699 21.0475 -1.7216 0.0118
Car 0.0000 0 -2.2902 1101.8881 145.3726 1242.0000 196.5697 1.6045 1.6910 4.0217 19.0852 0.7436 24.6725 -1.6376 0.0118
Car 0.0000 0 -2.3520 1079.1936 147.5733 1226.3201 198.4229 1.5867 1.6593 3.9921 18.2793 0.7982 24.6082 -1.7189 0.0117
Car 0.0000 0 2.3160 1044.5103 158.2134 1127.0806 185.9387 1.4283 1.5944 3.6918 25.2640 0.6744 38.3928 2.8944 0.0115
Car 0.0000 0 -0.0312 829.2141 156.6850 975.1609 203.1879 1.5165 1.7389 4.5584 10.0099 0.9896 25.1139 0.3438 0.0115
Car 0.0000 0 1.6448 647.0393 165.8059 680.0491 192.6905 1.4259 1.5734 3.6367 2.9852 1.0525 40.1812 1.7181 0.0114
Car 0.0000 0 -2.7596 653.4554 167.6897 794.7808 220.6994 1.5053 1.5949 3.9850 3.4312 1.3590 22.1857 -2.6087 0.0114
Car 0.0000 0 0.0338 596.9412 162.1762 677.3115 191.7654 1.5609 1.6856 4.2554 1.4509 0.9980 39.0500 0.0703 0.0112
Car 0.0000 0 3.0603 304.2046 164.2503 414.3317 210.0077 1.5988 1.6926 3.7314 -9.3365 1.2986 26.7347 2.7271 0.0111
Car 0.0000 0 -0.7245 1086.2073 154.3194 1242.0000 202.3203 1.5004 1.6691 3.9556 17.9759 0.9214 23.5385 -0.0785 0.0110
Car 0.0000 0 -0.8384 1003.4462 150.2386 1080.4310 177.2012 1.6594 1.7698 4.3256 27.4322 0.2679 45.8928 -0.3024 0.0110
Car 0.0000 0 -1.1275 324.9223 164.5026 410.4648 209.4782 1.5692 1.6281 3.6445 -9.0371 1.2782 27.0802 -1.4469 0.0108
Car 0.0000 0 0.2893 323.5898 164.1874 437.0717 207.3009 1.5599 1.7008 3.7124 -8.5638 1.2467 26.9824 -0.0155 0.0108
Car 0.0000 0 -0.4355 781.3827 163.5896 928.3297 211.5831 1.4039 1.5545 3.9817 7.4018 1.1333 22.1073 -0.1168 0.0108
Pedestrian 0.0000 0 -3.0342 607.7439 143.0896 633.7288 214.4676 1.9455 0.6192 0.6600 0.2550 1.1346 20.0100 -3.0223 0.0107
Car 0.0000 0 2.0581 996.1693 158.3077 1126.0417 212.5666 1.5495 1.6073 4.3073 13.9874 1.1345 22.3865 2.6104 0.0107
Car 0.0000 0 2.8007 800.4459 166.4519 943.2377 213.1647 1.3713 1.5319 3.7871 7.8446 1.1838 21.9496 3.1393 0.0106
Car 0.0000 0 1.8006 315.2795 160.4104 391.4547 209.6808 1.6508 1.6968 4.1760 -9.2986 1.2343 26.3394 1.4641 0.0105
Cyclist 0.0000 0 0.7485 831.6471 152.0752 880.0211 205.9042 1.7713 0.5163 1.6428 8.3124 1.0879 24.5850 1.0706 0.0105
Car 0.0000 0 -2.8553 0.0000 0.0000 1242.0000 375.0000 1.8007 1.8054 4.3893 9.3887 1.3220 0.4150 -1.3594 0.0104
Car 0.0000 0 -2.2551 1086.1899 153.3775 1221.3936 200.9829 1.4893 1.6279 3.7663 18.2430 0.8804 24.4916 -1.6208 0.0103
Car 0.0000 0 -2.1492 1104.0798 149.5112 1230.8870 199.0862 1.5486 1.6404 3.6517 18.6550 0.8198 24.4137 -1.5025 0.0101
Car 0.0000 0 2.3049 1042.8480 158.2464 1125.6730 186.2513 1.4436 1.5499 3.7965 25.2079 0.6909 38.4267 2.8819 0.0098
Car 0.0000 0 -0.7793 1074.2754 149.7684 1227.3510 200.1754 1.5685 1.6463 4.0144 17.5544 0.8505 23.5528 -0.1449 0.0097
Car 0.0000 0 0.6050 331.6662 166.3368 444.2872 208.4590 1.4815 1.7080 3.6720 -8.2539 1.2526 26.7447 0.3081 0.0097
Car 0.0000 0 1.7031 1039.9922 152.9041 1116.8622 204.7701 1.5091 1.5786 3.8708 14.9252 0.9290 22.9783 2.2732 0.0096
Car 0.0000 0 -0.6996 1002.7469 149.8507 1087.5543 177.5372 1.7063 1.7647 4.5339 27.4997 0.2890 45.6980 -0.1607 0.0096
Car 0.0000 0 -2.3768 667.5853 163.3383 795.1655 217.7082 1.5527 1.5930 3.9251 3.6686 1.2813 22.6491 -2.2188 0.0095
Car 0.0000 0 0.4002 320.4799 163.4723 436.7872 208.5771 1.6298 1.7827 3.7684 -8.6863 1.2911 27.1307 0.0928 0.0095
Cyclist 0.0000 0 -1.7032 755.8908 161.7377 778.4387 218.6038 1.6254 0.4572 1.4385 4.5940 1.3080 21.3556 -1.4947 0.0094
Car 0.0000 0 2.1096 982.4038 161.8875 1110.4037 211.5619 1.4283 1.5380 4.0881 13.5244 1.1134 22.3914 2.6469 0.0094
Car 0.0000 0 -1.4903 337.1664 163.1816 393.8506 209.0739 1.6248 1.7152 4.3316 -9.3904 1.2827 27.8512 -1.8129 0.0094
Car 0.0000 0 0.0356 598.5046 164.1537 673.3000 193.1663 1.5274 1.6551 3.9518 1.3832 1.0697 38.9486 0.0705 0.0092
Car 0.0000 0 0.3759 325.2322 165.5293 438.8293 207.6885 1.5072 1.6628 3.6624 -8.4427 1.2457 26.7546 0.0727 0.0092
Car 0.0000 0 0.5418 0.0000 179.3022 8.1704 227.2653 1.5244 1.7324 4.0380 -23.3737 1.7556 24.5474 -0.2137 0.0091
Car 0.0000 0 0.3012 331.1224 163.5964 444.8487 207.6482 1.6062 1.7911 3.7358 -8.3477 1.2690 27.2128 0.0059 0.0090
Car 0.0000 0 -2.2473 1092.2651 147.2755 1235.6038 197.5177 1.5737 1.6814 4.0699 18.6894 0.7729 24.6592 -1.6045 0.0090
Car 0.0000 0 -0.3155 0.0000 177.4497 10.2389 227.1495 1.5143 1.7219 4.0872 -23.3737 1.6854 24.5956 -1.0701 0.0089
Car 0.0000 0 -2.7356 655.4150 167.5579 793.7652 220.6211 1.5084 1.6107 3.8876 3.4499 1.3582 22.2200 -2.5842 0.0089
Car 0.0000 0 -1.3817 330.0197 162.3532 400.2088 209.9828 1.6686 1.7387 4.3230 -9.2783 1.3010 27.5319 -1.7041 0.0088
Car 0.0000 0 -2.3102 1083.1537 144.4989 1237.6869 197.4141 1.6515 1.6997 4.3547 18.6284 0.7669 24.7677 -1.6711 0.0088
Car 0.0000 0 -0.7839 1002.3188 149.2916 1078.0065 176.1438 1.6476 1.7880 4.0314 27.1564 0.2022 45.6343 -0.2499 0.0088
Car 0.0000 0 2.7485 785.0422 168.1911 932.7310 214.2944 1.3429 1.5798 3.9414 7.4562 1.2075 21.9407 3.0716 0.0088
Car 0.0000 0 -0.5304 0.0000 178.8315 10.7263 227.1279 1.4572 1.7248 4.1850 -23.3405 1.6798 24.5758 -1.2846 0.0087
Car 0.0000 0 0.4551 331.0616 164.0536 448.6304 207.7987 1.5628 1.7488 3.8209 -8.2203 1.2488 26.9448 0.1614 0.0087
Car 0.0000 0 -1.4957 359.6058 164.2650 413.8649 208.9991 1.5519 1.6615 3.6249 -8.3189 1.2543 26.9789 -1.7924 0.0087
Car 0.0000 0 -2.4006 1067.1843 142.6010 1231.8477 198.3395 1.7333 1.7626 4.5035 18.2825 0.7929 24.8177 -1.7714 0.0086
Cyclist 0.0000 0 1.5113 756.8431 166.4758 779.9484 225.2246 1.6365 0.5496 1.6045 4.5351 1.4592 20.9310 1.7212 0.0086
Car 0.0000 0 0.7401 326.5560 165.7216 440.4838 209.6796 1.5109 1.6743 3.8532 -8.3266 1.2661 26.3713 0.4368 0.0084
Car 0.0000 0 -1.6170 368.1974 165.7465 420.5897 209.4631 1.4962 1.6866 3.6011 -8.0654 1.2533 26.6703 -1.9082 0.0084
Car 0.0000 0 -0.4285 0.0000 177.6411 14.4038 226.7278 1.5169 1.7553 3.9976 -23.4254 1.6970 24.9034 -1.1781 0.0082
Car 0.0000 0 -0.0561 348.6594 161.9137 471.0352 208.5633 1.6673 1.8715 4.3354 -7.6303 1.2766 27.3654 -0.3259 0.0082
Car 0.0000 0 -2.7563 624.6666 167.3572 709.3431 194.9047 1.4702 1.6611 4.4050 3.1293 1.1772 40.2303 -2.6796 0.0081
Car 0.0000 0 0.2003 345.2315 164.5859 472.6430 209.7876 1.6286 1.7518 4.3320 -7.4820 1.3311 27.0151 -0.0678 0.0081
Car 0.0000 0 -2.1647 1037.4294 153.1422 1159.8762 201.2181 1.4880 1.5842 3.6786 16.1752 0.8783 24.1773 -1.5808 0.0081
Car 0.0000 0 0.0578 597.5413 163.3220 672.9125 192.6428 1.5429 1.5782 3.9821 1.3568 1.0417 38.9349 0.0920 0.0080
Car 0.0000 0 -2.0120 1225.4130 153.8664 1242.0000 195.5998 1.4925 1.5596 4.1066 25.8462 0.8138 27.9928 -1.2717 0.0080
Car 0.0000 0 0.6027 879.3764 149.4812 1030.4182 203.3274 1.5224 1.5692 4.0745 10.5926 0.8619 22.5503 1.0366 0.0080
Car 0.0000 0 0.0066 355.9547 161.8543 470.1802 207.4061 1.6456 1.6927 4.0607 -7.4739 1.2486 27.3997 -0.2576 0.0078
Car 0.0000 0 -2.6646 619.9426 167.2619 697.3002 194.8395 1.4778 1.5968 4.0366 2.6674 1.1785 40.3877 -2.5995 0.0077
Car 0.0000 0 -0.7667 1003.0508 149.7603 1081.5663 176.8965 1.6680 1.7618 4.2330 27.3245 0.2488 45.6901 -0.2306 0.0077
Car 0.0000 0 -0.8046 1003.5881 149.3745 1078.2932 176.3646 1.6562 1.7679 4.0247 27.2247 0.2158 45.6613 -0.2697 0.0076
Cyclist 0.0000 0 1.0786 1119.9037 149.2989 1163.5547 202.9255 1.6272 0.4249 1.5232 16.6419 0.9128 22.6742 1.7055 0.0076
Car 0.0000 0 -2.3687 952.8614 158.8370 1084.1779 205.8313 1.4067 1.5233 3.7079 13.1714 0.9875 23.5909 -1.8650 0.0075
Car 0.0000 0 0.3194 0.0000 179.5791 8.6356 227.7014 1.5192 1.7510 4.0556 -23.6301 1.7669 24.8847 -0.4349 0.0071
Car 0.0000 0 -1.3463 336.1303 165.3862 407.3712 209.2796 1.5568 1.6981 4.1869 -9.0998 1.2923 27.7490 -1.6607 0.0070
Car 0.0000 0 0.5513 320.4931 166.7534 454.3302 209.0761 1.4614 1.7358 4.4091 -8.1332 1.2511 26.3059 0.2540 0.0070
Car 0.0000 0 -2.4134 1075.3828 135.7513 1242.0000 196.6995 1.8795 1.8019 4.7190 18.6464 0.7357 24.7403 -1.7732 0.0069
Car 0.0000 0 3.5062 248.1898 165.7385 393.5552 212.8040 1.6589 1.8055 4.5885 -10.5133 1.4084 26.3584 3.1298 0.0069
Car 0.0000 0 -2.7085 662.3384 166.3512 797.3815 219.2118 1.5028 1.6535 3.7599 3.6155 1.3183 22.2445 -2.5500 0.0068
Car 0.0000 0 1.7203 1037.1075 152.9427 1118.0940 207.9491 1.6216 1.6334 4.0640 15.1347 1.0350 23.3356 2.2897 0.0067
Car 0.0000 0 2.0619 294.7338 162.1921 401.4347 211.7654 1.6283 1.7796 4.2868 -9.3174 1.2785 25.9490 1.7201 0.0067
Car 0.0000 0 1.6058 936.4548 154.3164 969.2527 182.4259 1.5825 1.6259 4.2556 20.3789 0.5392 42.8828 2.0467 0.0067
Car 0.0000 0 -2.3176 669.2838 166.3177 793.3023 219.4595 1.5151 1.6229 3.8693 3.6589 1.3291 22.6285 -2.1599 0.0067
Pedestrian 0.0000 0 -0.1124 0.0000 0.0000 1242.0000 375.0000 2.0162 0.6916 0.9823 -2.6484 1.6963 -0.2303 -1.6608 0.0067
Car 0.0000 0 1.2827 923.5105 154.2866 974.4980 180.6705 1.5148 1.6357 4.2368 20.3934 0.4491 43.6398 1.7173 0.0066
Car 0.0000 0 0.6748 889.3377 152.6949 1040.6678 204.4896 1.4703 1.6153 4.1566 10.9660 0.8984 22.7024 1.1195 0.0066
Car 0.0000 0 3.0503 589.9872 168.2077 660.0741 194.0481 1.3550 1.5873 3.6308 0.7392 1.1117 38.7551 3.0689 0.0066
Car 0.0000 0 -0.1085 601.4423 167.7413 667.4906 194.5352 1.4106 1.5233 3.4082 1.2534 1.1418 38.8727 -0.0769 0.0066
Car 0.0000 0 1.3786 928.6268 155.7795 972.9069 181.8409 1.4871 1.6092 4.2401 20.4057 0.5132 43.4211 1.8152 0.0064
Car 0.0000 0 1.1876 914.8279 153.0697 971.6974 179.2332 1.5061 1.6059 4.3363 20.0808 0.3676 43.7333 1.6155 0.0063
Car 0.0000 0 2.1640 281.5664 162.9256 399.0991 213.2099 1.5981 1.7158 4.3132 -9.3203 1.2829 25.2275 1.8133 0.0063
Car 0.0000 0 2.6382 785.4097 168.4953 927.9227 216.4647 1.3813 1.5285 3.8298 7.3918 1.2562 21.8725 2.9596 0.0063
Car 0.0000 0 1.4961 934.6824 155.4558 970.4713 181.8044 1.4949 1.6072 4.1780 20.4104 0.5082 43.1732 1.9350 0.0063
Car 0.0000 0 3.1989 286.6642 165.6690 401.7347 210.6607 1.5651 1.6600 3.8467 -9.6878 1.3155 26.4439 2.8506 0.0063
Car 0.0000 0 3.2463 286.9088 164.8718 405.3656 210.9710 1.6216 1.7115 3.9521 -9.6946 1.3412 26.6806 2.9007 0.0062
Car 0.0000 0 -1.7772 1027.5581 152.4972 1110.7434 203.5492 1.5483 1.6093 3.4351 14.9728 0.9313 23.7688 -1.2208 0.0061
Car 0.0000 0 -0.5312 0.0000 179.1459 3.7848 226.3534 1.4616 1.6845 3.7403 -23.6180 1.6969 24.9099 -1.2847 0.0061
Car 0.0000 0 3.4897 253.1806 164.7390 395.1304 213.0294 1.7049 1.8120 4.4863 -10.4216 1.4188 26.4319 3.1172 0.0060
Car 0.0000 0 -1.4067 359.1394 167.2775 424.2093 210.1315 1.4852 1.7425 3.6369 -8.1026 1.2923 26.9168 -1.6967 0.0057
Car 0.0000 0 -2.7158 254.1633 165.5568 396.7715 212.6545 1.6688 1.7928 4.5564 -10.4510 1.4106 26.5824 -3.0873 0.0057
Car 0.0000 0 -2.3434 670.6880 166.8991 794.2953 220.0944 1.5146 1.6329 3.7609 3.6910 1.3454 22.5493 -2.1838 0.0057
Car 0.0000 0 -1.0988 333.4847 165.3549 422.2634 208.7066 1.5254 1.6777 3.7438 -8.7442 1.2619 27.3702 -1.4055 0.0057
Car 0.0000 0 2.2761 272.1466 165.3621 400.8212 215.1851 1.5600 1.7155 4.3802 -9.3429 1.3258 24.9410 1.9209 0.0056
Car 0.0000 0 -1.2195 339.6306 165.7157 421.6714 208.3006 1.5111 1.6984 4.0391 -8.7231 1.2582 27.6587 -1.5225 0.0055
Car 0.0000 0 1.5381 454.8458 168.2287 498.7745 209.5362 1.3797 1.4302 3.7560 -4.9106 1.2256 26.0850 1.3535 0.0054
Car 0.0000 0 1.5895 458.0618 168.2191 503.2074 210.7639 1.4172 1.4879 3.3151 -4.6320 1.2632 25.7861 1.4131 0.0053
Car 0.0000 0 1.9583 370.9482 169.4144 455.3262 211.1931 1.3577 1.5125 3.8651 -6.8842 1.2463 25.4572 1.6965 0.0053
Car 0.0000 0 -1.1717 346.1469 166.1622 428.2080 208.4879 1.4908 1.6709 3.6528 -8.3807 1.2554 27.3142 -1.4670 0.0052
Car 0.0000 0 0.4374 330.0324 165.7995 461.0714 208.6004 1.5130 1.7398 4.3173 -7.9279 1.2640 26.6885 0.1510 0.0052
Car 0.0000 0 -0.4542 840.6700 157.7533 931.9812 190.5086 1.5658 1.6746 3.8520 13.5176 0.8443 35.5020 -0.0933 0.0051
Car 0.0000 0 -1.2749 768.9402 158.5621 860.3527 210.9109 1.4962 1.7126 3.9180 6.4772 1.0881 22.7311 -1.0011 0.0050
Car 0.0000 0 3.2461 485.4650 170.0083 576.0719 197.9437 1.4453 1.7041 4.6146 -4.1761 1.2984 38.1879 3.1376 0.0049
Car 0.0000 0 -2.4748 1015.2482 154.2130 1148.5386 202.3025 1.4809 1.5891 3.4819 15.6051 0.9072 24.1221 -1.9062 0.0049
Car 0.0000 0 0.5560 0.0000 178.5239 11.6215 226.7287 1.5374 1.7581 4.0012 -23.2412 1.7406 24.5571 -0.1965 0.0048
Car 0.0000 0 -0.3071 843.1791 156.7670 935.6899 189.5884 1.5725 1.6911 3.9160 13.6584 0.8021 35.5219 0.0570 0.0048
Car 0.0000 0 0.8210 0.0000 178.3891 9.6645 225.8715 1.5133 1.7291 4.2635 -22.9934 1.7073 24.2337 0.0673 0.0048
Car 0.0000 0 -2.3367 1024.9015 153.9172 1153.0240 201.9845 1.4816 1.5796 3.4760 15.8123 0.8983 24.0940 -1.7617 0.0047
Car 0.0000 0 1.8580 274.6485 168.3603 365.6195 217.6030 1.5587 1.7515 4.3533 -9.9804 1.4168 25.0822 1.4826 0.0047
Car 0.0000 0 1.2594 874.2090 157.7202 960.1138 204.3400 1.4615 1.5897 3.7295 10.2886 0.9874 24.5400 1.6519 0.0047
Car 0.0000 0 -1.0857 344.5715 166.5261 437.7007 208.4410 1.4842 1.6899 4.1146 -8.3352 1.2605 27.7293 -1.3753 0.0046
Car 0.0000 0 3.5195 244.0385 166.1274 394.2979 212.9094 1.6565 1.7595 4.7957 -10.6050 1.4187 26.4269 3.1411 0.0046
Car 0.0000 0 -0.3858 0.0000 176.0191 17.1584 225.7958 1.5662 1.8085 4.1365 -23.7065 1.6872 25.2435 -1.1346 0.0045
Car 0.0000 0 -0.4064 842.3081 158.5128 932.3017 191.1493 1.5619 1.7102 3.7582 13.5453 0.8759 35.4660 -0.0445 0.0044
Car 0.0000 0 -0.5471 0.0000 175.9608 12.5656 225.1233 1.5449 1.7229 4.0514 -23.6526 1.6629 25.1302 -1.2969 0.0044
Car 0.0000 0 -1.3258 343.1600 164.8936 411.0018 208.5892 1.5343 1.6176 3.5009 -8.7177 1.2551 27.1308 -1.6342 0.0044
Car 0.0000 0 0.0446 0.0000 0.0000 1242.0000 375.0000 1.5262 1.7459 4.0086 -7.6804 1.5620 -0.0885 -1.5004 0.0044
Car 0.0000 0 1.7193 280.8003 169.5232 355.3449 218.5107 1.5348 1.7487 4.2820 -9.9967 1.4308 24.8867 1.3407 0.0044
Car 0.0000 0 3.4794 251.8353 163.0437 398.9772 211.2286 1.6912 1.7823 4.6611 -10.3157 1.3473 26.2900 3.1086 0.0044
Car 0.0000 0 -2.3165 1028.3311 153.0573 1151.7517 202.5021 1.5194 1.5810 3.2870 15.7455 0.9114 23.9230 -1.7402 0.0043
Car 0.0000 0 -2.1342 1043.3938 152.4595 1149.2115 200.9938 1.5203 1.5551 2.9946 16.0965 0.8818 24.1115 -1.5513 0.0043
Car 0.0000 0 -2.1776 668.9055 167.8553 786.9712 223.1207 1.5634 1.6435 3.9795 3.5248 1.4224 22.5578 -2.0252 0.0043
Car 0.0000 0 -0.6445 0.0000 179.3604 0.1503 228.7252 1.5430 1.7760 4.1423 -24.2664 1.7915 25.3183 -1.4035 0.0043
Car 0.0000 0 1.3260 871.6981 156.7979 949.1372 201.7182 1.4040 1.5564 3.6375 10.0376 0.9025 24.4593 1.7110 0.0042
Car 0.0000 0 -2.7628 260.1913 163.8974 398.7869 211.4415 1.6932 1.7814 4.4201 -10.3071 1.3746 26.6107 -3.1293 0.0042
Car 0.0000 0 -2.6562 250.7931 164.5615 396.0520 214.2953 1.7259 1.7938 4.5961 -10.3799 1.4385 26.1824 -3.0305 0.0042
Car 0.0000 0 -2.7140 253.6832 163.5788 397.5071 213.2377 1.7371 1.7935 4.5370 -10.3192 1.4130 26.2602 -3.0853 0.0041
Car 0.0000 0 -2.3075 1028.9297 154.3114 1151.3920 202.1343 1.4734 1.5435 3.3195 15.7924 0.9025 23.9896 -1.7310 0.0041
Car 0.0000 0 1.6254 605.8624 165.8141 637.6373 195.1508 1.5548 1.5779 3.5086 0.6541 1.1821 40.0435 1.6412 0.0041
Car 0.0000 0 -0.4896 0.0000 176.8684 7.8510 226.4644 1.5590 1.8047 4.0444 -23.9690 1.7120 25.2392 -1.2440 0.0041
Car 0.0000 0 -2.3332 664.3979 165.5963 791.3562 219.1251 1.5210 1.6388 3.9388 3.5429 1.3151 22.5828 -2.1802 0.0040
Car 0.0000 0 2.8415 755.9591 170.6747 839.4866 196.5661 1.4137 1.5938 4.2309 10.4092 1.2951 40.2955 3.0922 0.0040
Car 0.0000 0 -2.4040 660.0197 167.2644 791.5846 220.1759 1.5030 1.6278 3.9894 3.4800 1.3446 22.5546 -2.2535 0.0039
Car 0.0000 0 0.3352 0.0000 180.3602 8.9013 228.9002 1.5237 1.7798 4.0567 -23.5555 1.7991 24.7924 -0.4194 0.0039
Pedestrian 0.0000 0 -1.3067 845.9127 145.9555 870.4762 206.6453 2.0025 0.6120 0.7446 8.3115 1.1153 24.2839 -0.9810 0.0038
Pedestrian 0.0000 0 -1.2706 845.3375 145.5865 870.6780 206.9028 2.0224 0.6177 0.7420 8.3027 1.1234 24.2773 -0.9451 0.0037
Car 0.0000 0 -0.2531 843.9082 156.6339 935.5151 190.5544 1.6136 1.7110 3.8795 13.6134 0.8424 35.3871 0.1111 0.0037
Car 0.0000 0 -1.3264 649.9808 175.5019 727.4926 229.5299 1.4123 1.4055 3.6535 2.3247 1.4969 21.0066 -1.2185 0.0037
Car 0.0000 0 -0.9182 346.4909 164.9187 450.0705 206.6472 1.4784 1.6906 4.0734 -8.0768 1.1976 27.7657 -1.1990 0.0037
Cyclist 0.0000 0 -1.5989 822.6779 155.8934 846.6368 214.9352 1.6823 0.6195 1.7340 6.6252 1.1994 21.4746 -1.3040 0.0036
Car 0.0000 0 -0.7599 0.0000 176.9135 7.6737 227.8802 1.6189 1.8976 4.3732 -24.1897 1.7754 25.5099 -1.5136 0.0036
Car 0.0000 0 -0.0405 601.2688 165.0540 669.2416 193.8749 1.5241 1.5015 3.5969 1.2942 1.1120 38.9180 -0.0079 0.0036
Car 0.0000 0 2.1430 267.7254 164.3601 387.9678 215.8319 1.6407 1.7743 4.4844 -9.7997 1.3703 25.3729 1.7777 0.0036
Car 0.0000 0 -0.4561 0.0000 176.2310 13.2354 225.1199 1.5360 1.7546 4.0437 -23.7094 1.6645 25.1726 -1.2064 0.0036
Car 0.0000 0 2.8551 753.1962 171.6488 838.1189 197.5082 1.4110 1.5902 4.3121 10.2792 1.3456 40.2459 3.1031 0.0036
Pedestrian 0.0000 0 0.2526 616.2602 141.1342 642.0883 213.6572 1.9678 0.6255 0.5779 0.4867 1.1075 19.9548 0.2760 0.0036
Car 0.0000 0 1.5456 286.5103 166.8550 346.2940 218.9342 1.6069 1.7362 4.4807 -10.1279 1.4222 24.6613 1.1594 0.0035
Car 0.0000 0 -0.6132 0.0000 177.9473 5.8870 226.2269 1.5170 1.7502 3.9653 -23.9099 1.7105 25.2351 -1.3664 0.0035
Car 0.0000 0 3.3806 275.6542 163.7655 404.5688 210.0128 1.6341 1.7340 4.1558 -9.8926 1.3133 26.5904 3.0274 0.0035
Car 0.0000 0 1.5938 460.3449 167.6052 499.2341 207.7330 1.4388 1.3783 3.5968 -5.0051 1.2509 27.7505 1.4166 0.0034
Car 0.0000 0 -2.7539 264.1910 164.1774 397.5166 211.3185 1.6701 1.7470 4.2174 -10.2133 1.3631 26.4808 -3.1190 0.0034
Car 0.0000 0 1.5739 288.9057 167.5244 346.8566 218.3990 1.5833 1.6955 4.6413 -10.1099 1.4178 24.9227 1.1920 0.0034
Car 0.0000 0 1.3341 819.6814 160.8263 898.2240 213.2479 1.5281 1.5623 3.3937 7.7217 1.1778 22.7872 1.6565 0.0034
Car 0.0000 0 1.6413 286.9557 167.6048 347.5264 217.1539 1.5647 1.6263 4.4775 -10.1550 1.3993 25.1620 1.2610 0.0034
Car 0.0000 0 1.5679 285.7550 168.3892 342.4951 218.3642 1.5931 1.6974 4.4673 -10.4463 1.4512 25.3876 1.1809 0.0034
Car 0.0000 0 1.6617 281.0307 167.4715 352.3463 221.9788 1.5593 1.6810 4.5405 -9.2990 1.4057 23.0536 1.2819 0.0033
Car 0.0000 0 -0.8999 341.9951 166.5564 449.8159 208.2013 1.4620 1.7440 4.1441 -8.1073 1.2413 27.5755 -1.1836 0.0033
Car 0.0000 0 2.8634 751.9489 171.6201 835.8350 197.4741 1.4101 1.5933 4.2548 10.1727 1.3432 40.2163 3.1091 0.0033
Car 0.0000 0 -2.6728 247.4697 164.6101 393.9933 213.3025 1.6950 1.8177 4.6252 -10.4906 1.4084 26.2309 -3.0501 0.0033
Car 0.0000 0 2.2313 0.0000 180.5027 6.5549 228.3954 1.4232 1.6333 4.2482 -22.8464 1.7047 24.3256 1.4826 0.0032
Car 0.0000 0 -3.3841 750.5313 171.4008 834.0902 197.3734 1.4188 1.5904 4.2548 10.0794 1.3398 40.2114 -3.1405 0.0032
Pedestrian 0.0000 0 -1.3337 825.5496 163.1038 854.9370 219.7445 1.6232 0.6736 0.7236 6.7085 1.3442 21.1586 -1.0312 0.0031
Car 0.0000 0 -0.5319 0.0000 177.9258 6.4213 225.8854 1.5050 1.7555 3.9694 -23.9519 1.6980 25.2464 -1.2858 0.0031
Car 0.0000 0 -2.3661 662.5314 162.2746 794.3198 217.2592 1.5609 1.6440 4.0713 3.5603 1.2609 22.6032 -2.2124 0.0031
Car 0.0000 0 -2.7766 267.3267 162.9187 398.7628 210.0294 1.6693 1.7526 4.1458 -10.1163 1.3176 26.4455 -3.1389 0.0031
Car 0.0000 0 0.5519 878.5770 151.4973 1037.9056 203.4161 1.4604 1.6003 4.2589 10.6723 0.8600 22.5118 0.9894 0.0030
Pedestrian 0.0000 0 0.2044 614.8686 142.8805 641.8151 214.4324 1.9405 0.6162 0.6343 0.4635 1.1280 19.9367 0.2267 0.0030
Car 0.0000 0 1.3922 880.7987 157.3846 951.4196 204.3648 1.4763 1.5659 3.6249 10.3015 0.9906 24.6083 1.7842 0.0029
Car 0.0000 0 -3.1500 599.0505 167.9848 665.0262 195.0342 1.4266 1.6580 3.4812 1.1420 1.1701 38.9144 -3.1213 0.0029
Car 0.0000 0 2.9013 739.6025 171.3660 826.6080 197.9926 1.4521 1.5836 4.4576 9.5534 1.3713 40.1589 3.1328 0.0028
Cyclist 0.0000 0 -3.4768 1159.9177 142.7232 1225.0026 199.4857 1.7789 0.5887 1.5138 18.6104 0.8350 23.1375 -2.8057 0.0028
Pedestrian 0.0000 0 -0.8372 825.1886 159.3069 859.3190 216.5453 1.6425 0.6673 0.6836 6.7635 1.2541 21.1633 -0.5323 0.0028
Car 0.0000 0 2.2483 803.0532 156.5945 890.9316 190.0487 1.5274 1.6856 4.3475 11.4337 0.7854 34.8355 2.5627 0.0028
Car 0.0000 0 -1.0395 363.3216 165.5318 460.4084 208.2406 1.4950 1.8669 3.8093 -7.4441 1.2391 27.3384 -1.3032 0.0028
Car 0.0000 0 2.8561 568.8476 165.9907 658.7828 196.4971 1.5765 1.6382 4.5466 0.1588 1.2222 38.7045 2.8598 0.0027
Car 0.0000 0 0.0379 602.8930 160.6844 681.0941 190.9558 1.5932 1.6085 4.1325 1.7109 0.9531 38.9419 0.0812 0.0026
Car 0.0000 0 -3.2475 1044.2656 154.7978 1175.8954 195.0060 1.4469 1.6490 3.9772 18.9542 0.7975 27.6262 -2.6512 0.0026
Car 0.0000 0 1.3852 878.9341 156.5089 950.7340 203.2254 1.4667 1.5652 3.7171 10.2630 0.9539 24.6287 1.7756 0.0026
Car 0.0000 0 -3.1445 594.5602 166.3403 665.1110 193.6483 1.4379 1.5699 3.7176 1.0249 1.0953 38.8168 -3.1187 0.0025
Cyclist 0.0000 0 -1.8350 1196.1334 148.7224 1229.7461 200.2872 1.6147 0.3995 1.6844 19.5257 0.8594 23.4418 -1.1467 0.0024
Car 0.0000 0 1.6422 277.6212 168.4116 339.4179 218.2172 1.5763 1.6634 4.3373 -10.4561 1.4361 25.1533 1.2517 0.0024
Pedestrian 0.0000 0 -2.1098 820.4877 152.5066 851.5752 212.7529 1.7529 0.6435 0.6334 6.6452 1.1612 21.3753 -1.8127 0.0024
Car 0.0000 0 1.1548 862.8631 157.8526 951.3647 202.4811 1.4165 1.5009 3.4579 10.0036 0.9407 24.6531 1.5359 0.0024
Car 0.0000 0 1.2580 864.4711 157.8016 944.6061 202.0695 1.4057 1.5142 3.4783 9.9378 0.9281 24.6946 1.6362 0.0024
Pedestrian 0.0000 0 -2.7792 822.8047 153.7602 850.2800 212.4850 1.7061 0.6771 0.5780 6.6763 1.1518 21.4047 -2.4812 0.0024
Car 0.0000 0 -3.7087 1118.9310 160.0437 1242.0000 208.0588 1.4934 1.4177 3.6455 18.7857 1.0953 23.3342 -3.0372 0.0024
Car 0.0000 0 -3.1484 601.3229 166.7841 668.2480 195.1557 1.4965 1.6122 3.5323 1.2910 1.1767 38.9072 -3.1158 0.0023
Car 0.0000 0 1.5265 1136.1669 150.8353 1201.6117 199.1365 1.5304 1.5892 3.4867 19.0389 0.8331 24.7450 2.1765 0.0023
Car 0.0000 0 -0.4039 837.1195 156.7359 929.7878 190.9102 1.6332 1.7028 3.8978 13.3383 0.8633 35.4215 -0.0466 0.0023
Car 0.0000 0 0.6483 879.4701 151.9542 1036.5677 204.6075 1.4741 1.5879 4.3028 10.6266 0.8893 22.4704 1.0848 0.0022
Car 0.0000 0 2.8797 750.9211 169.2512 835.7460 196.7651 1.5051 1.6060 4.3219 10.1619 1.3084 40.3068 3.1245 0.0021
Car 0.0000 0 -0.0446 598.4438 160.7621 673.8587 192.2973 1.6665 1.5575 3.9895 1.3389 1.0279 38.9278 -0.0108 0.0021
Car 0.0000 0 -3.3475 750.6415 169.7085 835.3915 197.0185 1.4911 1.6159 4.3440 10.1306 1.3197 40.2819 -3.1032 0.0021
Car 0.0000 0 -1.8954 814.8837 154.5123 908.2988 209.3444 1.6112 1.6638 3.8010 7.8866 1.0726 23.0992 -1.5706 0.0020
Car 0.0000 0 -3.5175 1106.9510 157.6196 1227.2834 189.9689 1.4068 1.5169 4.0346 25.0666 0.7446 32.6512 -2.8672 0.0020
Car 0.0000 0 -0.6987 1241.1942 145.7290 1242.0000 194.0173 1.5316 1.6355 3.9440 23.5645 0.6716 23.8448 0.0746 0.0020
Car 0.0000 0 1.6240 277.1546 166.5152 337.8221 218.2890 1.6264 1.6894 4.3687 -10.4303 1.4276 25.0036 1.2322 0.0020
Car 0.0000 0 -3.3788 750.1617 169.7554 836.3185 197.0343 1.4927 1.6186 4.4049 10.1521 1.3235 40.3056 -3.1341 0.0019
Pedestrian 0.0000 0 -2.2950 1182.8285 145.2100 1218.0537 201.6697 1.7764 0.6789 0.5437 18.7604 0.9070 22.9867 -1.6169 0.0019
Car 0.0000 0 -3.1697 599.1287 165.0715 669.7161 193.8899 1.5212 1.6171 3.7263 1.2553 1.1108 38.8996 -3.1381 0.0019
Car 0.0000 0 2.9091 580.5405 166.5927 660.5343 194.7973 1.4691 1.5949 4.0409 0.5118 1.1433 38.7986 2.9218 0.0019
Car 0.0000 0 3.1046 601.3508 164.2643 672.9178 194.1306 1.5779 1.5397 3.7816 1.3959 1.1244 38.8904 3.1399 0.0019
Cyclist 0.0000 0 -3.7665 1233.8877 143.3004 1242.0000 199.8294 1.8113 0.5904 1.8292 21.5029 0.8647 23.5105 -3.0319 0.0019
Car 0.0000 0 -3.6761 1095.1051 157.6828 1212.4736 190.0423 1.4234 1.6801 3.9572 24.5799 0.7564 32.7769 -3.0370 0.0018
Car 0.0000 0 -0.1154 547.1860 167.2239 631.1475 197.2357 1.5533 1.6826 4.3093 -1.1779 1.2623 38.4887 -0.1462 0.0018
Car 0.0000 0 -3.1342 597.4430 165.7606 668.8281 194.2080 1.4991 1.6026 3.7670 1.2118 1.1257 38.8931 -3.1037 0.0017
Cyclist 0.0000 0 2.4294 944.2955 147.8973 1067.6940 245.6709 1.7791 0.6872 2.1352 7.4591 1.3253 13.6976 2.9186 0.0016
Car 0.0000 0 -1.5145 987.5671 156.8980 1089.2056 241.2011 1.5610 1.6759 4.3877 9.3355 1.2659 15.6486 -0.9852 0.0016
Car 0.0000 0 -1.4969 580.6348 165.3180 622.2812 203.6801 1.5704 1.5436 3.7817 -0.3601 1.2622 31.4686 -1.5087 0.0016
Car 0.0000 0 2.9899 0.0000 178.0505 109.2140 224.2708 1.4426 1.5347 3.6917 -19.6573 1.6352 24.8094 2.3249 0.0016
Car 0.0000 0 -0.4852 836.3647 159.0399 925.3219 191.9622 1.5664 1.6422 3.7527 13.2104 0.9095 35.3856 -0.1308 0.0015
Car 0.0000 0 -3.5613 1102.5614 157.6332 1216.9023 190.7747 1.4475 1.6506 3.7815 24.8065 0.7831 32.7362 -2.9172 0.0015
Car 0.0000 0 -1.4789 579.6686 165.0938 623.2729 203.7659 1.5833 1.5626 3.8061 -0.3576 1.2660 31.4983 -1.4906 0.0015
Car 0.0000 0 -3.5840 1102.6969 157.5928 1223.0647 189.7435 1.4006 1.5996 4.0235 24.8592 0.7361 32.6215 -2.9373 0.0014
Cyclist 0.0000 0 -1.2773 611.0716 145.3103 647.4743 216.1368 1.8595 0.4776 1.9106 0.5056 1.1367 19.9228 -1.2529 0.0014
Cyclist 0.0000 0 -0.6661 1195.3202 150.6610 1242.0000 203.1054 1.6512 0.5843 1.4983 19.6365 0.9528 23.0318 0.0335 0.0014
Cyclist 0.0000 0 0.3567 1180.0167 150.9027 1240.4008 202.8610 1.6135 0.4706 1.4122 19.1781 0.9322 23.1318 1.0426 0.0014
Cyclist 0.0000 0 -2.1600 1176.2740 147.7674 1224.8923 200.8617 1.6683 0.4289 1.5431 19.1290 0.8804 23.4559 -1.4821 0.0014
Cyclist 0.0000 0 -0.3360 1172.9055 146.3722 1238.8594 200.7598 1.6936 0.6202 1.5003 18.9358 0.8693 23.0117 0.3462 0.0014
Car 0.0000 0 -0.6013 824.7865 158.7065 908.8408 189.7109 1.4589 1.6126 3.5813 12.4710 0.7936 35.1942 -0.2636 0.0013
Car 0.0000 0 -0.7025 1128.0704 156.0094 1218.2792 183.5587 1.5496 1.6762 3.9480 32.3179 0.6025 41.5071 -0.0444 0.0012
Car 0.0000 0 -3.6066 1101.4786 157.2277 1223.2155 189.4021 1.4010 1.6520 4.0586 24.8146 0.7209 32.5949 -2.9603 0.0012
Cyclist 0.0000 0 -2.6418 1204.5618 143.0368 1242.0000 200.4505 1.7007 0.5153 1.8331 19.5438 0.8178 22.3195 -1.9292 0.0011
Car 0.0000 0 -0.7376 819.9795 158.9724 902.8832 189.2705 1.4168 1.5373 3.7692 12.2267 0.7680 35.1884 -0.4059 0.0011
Cyclist 0.0000 0 0.6134 1194.7651 153.1969 1242.0000 206.3890 1.6298 0.5508 1.4619 19.4703 1.0279 22.8822 1.3119 0.0011
Pedestrian 0.0000 0 2.1172 88.4113 162.8432 114.1179 216.3279 1.8961 0.5729 0.5062 -18.2659 1.5416 25.8480 1.5067 0.0010
Car 0.0000 0 -0.4822 833.0013 158.5340 919.0312 189.5211 1.4743 1.5770 3.6394 12.9634 0.7933 35.3499 -0.1335 0.0010
Car 0.0000 0 2.2506 1240.7601 144.0313 1242.0000 194.2437 1.6051 1.8416 5.0940 24.3514 0.6841 24.2565 3.0319 0.0010
Pedestrian 0.0000 0 -1.4155 1197.6941 148.2833 1228.3258 202.9824 1.7057 0.6764 0.5288 19.1150 0.9399 22.9263 -0.7269 0.0009
Car 0.0000 0 0.6974 1193.6047 149.1226 1242.0000 196.0258 1.4804 1.6109 3.4956 22.2240 0.7317 24.6173 1.4259 0.0008
Car 0.0000 0 -0.6908 821.8469 160.2236 899.3975 191.8448 1.4800 1.5084 3.3779 12.1377 0.8892 35.0693 -0.3604 0.0008
Pedestrian 0.0000 0 -1.4639 1205.4586 146.9657 1238.1187 201.6274 1.7011 0.7361 0.5946 19.3915 0.8958 22.9230 -0.7682 0.0008
Car 0.0000 0 -2.0484 857.9311 161.7794 947.0217 204.3088 1.3405 1.3197 3.5070 9.8048 0.9918 24.5518 -1.6728 0.0008
Pedestrian 0.0000 0 -1.5115 1198.7869 148.1994 1227.7822 202.8241 1.7024 0.6803 0.5185 19.1077 0.9344 22.9062 -0.8226 0.0008
Cyclist 0.0000 0 0.4446 1186.7014 156.4724 1242.0000 209.1490 1.6200 0.5740 1.4136 19.2729 1.1166 22.9491 1.1367 0.0008
Car 0.0000 0 -0.6295 1123.5068 155.5336 1218.2629 183.5059 1.5739 1.6872 4.0989 32.1623 0.5997 41.4919 0.0264 0.0008
Pedestrian 0.0000 0 -1.2448 1203.6322 146.8062 1240.2015 201.6423 1.7065 0.7365 0.5955 19.3912 0.8962 22.9210 -0.5491 0.0007
Pedestrian 0.0000 0 -1.0772 1222.9302 145.8385 1242.0000 203.3135 1.7533 0.6488 0.6277 19.5755 0.9295 22.4233 -0.3661 0.0007
Car 0.0000 0 -0.6722 1120.9999 155.5596 1213.5056 183.2722 1.5612 1.6532 4.0745 31.9775 0.5873 41.5121 -0.0193 0.0007
Car 0.0000 0 0.6869 1197.1285 149.6236 1242.0000 195.4710 1.4465 1.6094 3.6129 22.4541 0.7139 24.6686 1.4194 0.0007
Car 0.0000 0 -0.0146 0.0000 0.0000 1242.0000 375.0000 1.4861 1.7793 4.1394 -7.3246 1.5978 -0.0462 -1.5525 0.0006
Pedestrian 0.0000 0 -0.9670 1202.5203 149.8899 1235.1444 204.5830 1.6969 0.5969 0.5198 19.1401 0.9848 22.7408 -0.2738 0.0005
Pedestrian 0.0000 0 -1.1857 582.0755 155.0320 606.0231 211.3183 1.6742 0.5361 0.6096 -0.5262 1.1445 21.8391 -1.2101 0.0005
Car 0.0000 0 -0.1505 767.5552 156.5618 858.3601 188.8431 1.5819 1.6046 4.2114 10.1364 0.7839 36.4010 0.1188 0.0005
Pedestrian 0.0000 0 -1.1410 1204.5106 150.6089 1235.6797 205.1381 1.6879 0.5776 0.5423 19.1551 0.9997 22.7094 -0.4468 0.0005
Pedestrian 0.0000 0 -1.3109 583.5504 156.5942 604.2704 211.4431 1.6352 0.4951 0.5843 -0.5305 1.1508 21.8499 -1.3354 0.0005
Pedestrian 0.0000 0 -0.8002 1206.7092 143.0829 1242.0000 204.8340 1.8831 0.6806 0.8125 19.1483 0.9756 22.3790 -0.0991 0.0005
Pedestrian 0.0000 0 -0.7746 1206.3380 142.7540 1242.0000 204.1171 1.8743 0.6628 0.7858 19.1318 0.9553 22.3962 -0.0742 0.0005
Car 0.0000 0 -0.2449 765.8798 157.2075 853.1245 189.3811 1.5831 1.5185 3.9782 9.9516 0.8136 36.3002 0.0204 0.0005
Car 0.0000 0 -0.3885 767.3343 155.6331 855.9537 188.1313 1.5925 1.4793 4.0385 10.0860 0.7490 36.3309 -0.1200 0.0004
Car 0.0000 0 2.8633 764.1157 155.2727 853.0846 186.9531 1.5504 1.5473 4.0202 9.8559 0.6903 36.1093 3.1275 0.0004
Cyclist 0.0000 0 -2.2175 1193.7393 153.0315 1242.0000 203.9919 1.5777 0.5025 1.5917 19.5450 0.9643 23.1422 -1.5225 0.0004
Pedestrian 0.0000 0 -1.7048 1211.3285 150.5415 1242.0000 205.4280 1.6934 0.7410 0.5315 19.3824 1.0054 22.6822 -1.0042 0.0003
Car 0.0000 0 -1.6009 0.0000 0.0000 1242.0000 375.0000 1.5181 1.5667 2.9349 4.3106 1.3878 -0.2701 -0.0343 0.0003
Pedestrian 0.0000 0 -1.5275 1211.7440 149.2542 1242.0000 204.1493 1.6908 0.7893 0.5539 19.4125 0.9643 22.6927 -0.8263 0.0002
Cyclist 0.0000 0 -0.4556 1198.3696 154.0217 1242.0000 205.3009 1.5805 0.6745 1.4975 19.5652 1.0004 22.7474 0.2482 0.0002
Pedestrian 0.0000 0 2.9122 606.4390 143.9222 636.0320 217.6983 1.9555 0.6212 0.6743 0.2510 1.1890 19.4984 2.9242 0.0002
Cyclist 0.0000 0 -1.8878 796.4668 152.6496 835.7128 240.6947 1.7308 0.3270 1.4628 4.1919 1.3340 14.9198 -1.6197 0.0002
Cyclist 0.0000 0 -1.8539 666.4219 160.3356 700.8595 244.7060 1.7099 0.3373 1.4148 1.5003 1.4565 15.3465 -1.7593 0.0001
Pedestrian 0.0000 0 -0.0592 609.7720 144.7334 640.3688 219.2593 1.9755 0.6643 0.7850 0.3521 1.2304 19.4717 -0.0421 0.0001
Cyclist 0.0000 0 -1.8341 781.0975 152.7078 818.7867 242.2657 1.7693 0.3441 1.5867 3.8908 1.3717 15.0482 -1.5865 0.0001