Pedestrian 0.0000 0 -0.5463 875.9195 152.4952 1008.8071 332.0993 1.7994 0.6455 1.0908 3.4903 1.5206 7.4663 -0.1234 0.9696
Pedestrian 0.0000 0 -0.5132 874.1972 153.3833 1010.7696 330.5598 1.7781 0.7027 1.1015 3.4981 1.5077 7.4907 -0.0906 0.9513
Pedestrian 0.0000 0 -0.5431 879.5568 151.7237 1006.4426 331.2752 1.7998 0.6622 1.0127 3.4993 1.5131 7.4716 -0.1194 0.9500
Pedestrian 0.0000 0 -0.5562 878.5828 149.9212 1013.8238 331.9442 1.8220 0.6724 1.0994 3.5344 1.5176 7.4763 -0.1290 0.9251
Pedestrian 0.0000 0 -0.5221 879.6519 152.2946 1005.9726 329.0868 1.7788 0.6557 1.0138 3.5032 1.4967 7.4852 -0.0987 0.9243
Pedestrian 0.0000 0 -0.5474 880.8887 149.5860 1011.1502 330.7291 1.8148 0.6763 1.0404 3.5327 1.5068 7.4770 -0.1204 0.8899
Pedestrian 0.0000 0 -0.5214 876.3425 152.6589 1014.0088 330.7524 1.7863 0.7085 1.1080 3.5273 1.5088 7.4925 -0.0958 0.8536
Pedestrian 0.0000 0 -0.5078 879.6141 152.6875 1008.8229 329.1879 1.7756 0.6793 1.0323 3.5178 1.4975 7.4894 -0.0830 0.8159
Car 0.0000 0 -4.0128 0.0000 0.0000 1224.0000 370.0000 1.4812 1.5893 3.8682 1.4920 1.6427 0.2890 -2.8298 0.3129
Car 0.0000 0 0.1959 0.0000 0.0000 1224.0000 370.0000 1.4561 1.5278 3.5893 1.6126 1.6534 0.0762 1.5254 0.3026
Pedestrian 0.0000 0 0.9229 1000.4144 222.8942 1099.3687 370.0000 1.1316 0.3391 0.5959 3.3230 1.4759 5.3917 1.4514 0.2894
Car 0.0000 0 -0.0255 0.0000 0.0000 1224.0000 370.0000 1.5156 1.5283 3.5509 1.6342 1.6123 -0.2637 1.5102 0.2872
Car 0.0000 0 4.4996 0.0000 0.0000 1224.0000 370.0000 1.5274 1.6127 4.3789 -2.5211 1.6811 0.0183 3.0651 0.2679
Car 0.0000 0 -1.8547 0.0000 0.0000 1224.0000 370.0000 1.5208 1.6242 4.2651 -2.5429 1.7015 0.4187 -3.1400 0.2635
Car 0.0000 0 4.5292 0.0000 0.0000 1224.0000 370.0000 1.5236 1.6047 4.2660 -2.5122 1.6773 0.0012 3.0885 0.2455
Car 0.0000 0 -0.0344 0.0000 0.0000 1224.0000 370.0000 1.4903 1.5565 3.5183 1.7028 1.6288 -0.0561 1.3822 0.2433
Car 0.0000 0 0.0290 0.0000 0.0000 1224.0000 370.0000 1.4625 1.4943 3.4963 1.5496 1.6608 -0.1023 1.4597 0.2350
Car 0.0000 0 4.3162 0.0000 0.0000 1224.0000 370.0000 1.5509 1.6430 4.2640 -2.5394 1.7011 0.4370 3.0379 0.2282
Car 0.0000 0 0.4045 0.0000 0.0000 1224.0000 370.0000 1.4560 1.5482 3.7505 1.5984 1.6307 0.2696 1.6217 0.2240
Car 0.0000 0 -0.0575 0.0000 0.0000 1224.0000 370.0000 1.5055 1.6104 3.7500 1.9269 1.5897 -0.0293 1.3633 0.2171
Car 0.0000 0 0.0777 0.0000 0.0000 1224.0000 370.0000 1.4644 1.5278 3.4842 1.5169 1.6265 -0.1153 1.5137 0.2129
Car 0.0000 0 0.0704 0.0000 0.0000 1224.0000 370.0000 1.4934 1.5354 3.4795 1.5104 1.6183 -0.2649 1.6040 0.2061
Pedestrian 0.0000 0 3.6592 59.7702 175.0220 110.6501 266.3954 1.6371 0.4516 0.6046 -9.5356 1.5406 12.9191 3.0368 0.2001
Car 0.0000 0 -0.3172 259.2082 0.0000 1224.0000 370.0000 1.4944 1.5753 3.5686 -0.6866 1.6430 0.0942 -1.3394 0.1865
Pedestrian 0.0000 0 3.4518 61.4200 173.8549 110.4137 266.2441 1.6478 0.4740 0.6039 -9.5242 1.5309 12.9236 2.8301 0.1824
Car 0.0000 0 0.2696 0.0000 0.0000 1224.0000 370.0000 1.4941 1.5867 3.8581 1.1785 1.6210 -0.0551 1.6180 0.1588
Car 0.0000 0 3.5405 126.6324 0.0000 1224.0000 370.0000 1.5021 1.5329 3.7007 -1.3575 1.6299 -0.2555 2.0215 0.1576
Car 0.0000 0 -0.7838 0.0000 0.0000 1224.0000 370.0000 1.4828 1.5497 3.6235 1.7282 1.5875 0.2171 0.4854 0.1566
Car 0.0000 0 -0.9486 0.0000 0.0000 1224.0000 370.0000 1.4615 1.5558 3.8053 1.7819 1.6373 0.7875 0.0663 0.1491
Car 0.0000 0 -0.8954 0.0000 0.0000 1224.0000 370.0000 1.4598 1.5524 3.7555 1.8067 1.6288 0.4374 0.2784 0.1472
Car 0.0000 0 -0.0676 0.0000 0.0000 1224.0000 370.0000 1.4711 1.6113 3.6422 1.9233 1.6268 -0.0089 1.3427 0.1456
Car 0.0000 0 0.4270 0.0000 0.0000 1224.0000 370.0000 1.4912 1.5785 3.8303 1.2151 1.6531 0.1079 1.6583 0.1346
Car 0.0000 0 0.5601 0.0000 0.0000 1224.0000 370.0000 1.4667 1.4911 3.5029 1.3760 1.6773 0.2862 1.7154 0.1316
Car 0.0000 0 3.4397 22.3895 0.0000 1224.0000 370.0000 1.5296 1.5579 4.0981 -1.6686 1.6367 -0.2270 1.9283 0.1254
Car 0.0000 0 -3.9886 0.0000 0.0000 1224.0000 370.0000 1.4992 1.5783 4.1663 1.2475 1.6764 0.6819 -3.0945 0.1235
Car 0.0000 0 0.7623 0.0000 0.0000 1224.0000 370.0000 1.4578 1.5311 3.6527 1.1942 1.6606 0.2936 1.8578 0.1215
Car 0.0000 0 -0.8338 0.0000 0.0000 723.1371 370.0000 1.5151 1.6157 3.9708 1.4823 1.5910 -0.0513 0.5569 0.1207
Car 0.0000 0 4.5003 0.0000 0.0000 1224.0000 370.0000 1.5619 1.6015 4.2787 -2.3393 1.6832 -0.1761 2.9939 0.1196
Car 0.0000 0 4.3825 268.4070 0.0000 1224.0000 370.0000 1.5762 1.6307 4.4402 -2.5416 1.7153 -0.1969 2.8629 0.1170
Pedestrian 0.0000 0 1.4705 1130.0970 189.9252 1198.2107 351.4461 1.3842 0.4084 0.6631 5.0650 1.4777 6.4892 2.1115 0.1126
Car 0.0000 0 4.4444 0.0000 0.0000 1224.0000 370.0000 1.5558 1.6260 4.3302 -2.4132 1.6795 -0.1849 2.9325 0.1091
Car 0.0000 0 -0.8026 0.0000 0.0000 983.1252 370.0000 1.5262 1.5814 3.7669 1.8584 1.5831 -0.0997 0.6498 0.1090
Car 0.0000 0 -4.0231 0.0000 0.0000 1224.0000 370.0000 1.4977 1.6794 3.7796 1.3544 1.6097 0.2271 -2.8368 0.1064
Car 0.0000 0 -0.5836 0.0000 0.0000 1224.0000 370.0000 1.4836 1.5493 3.7401 -1.1838 1.6260 0.4009 -1.6033 0.0994
Car 0.0000 0 4.3792 0.0000 0.0000 1224.0000 370.0000 1.5629 1.6826 4.5294 -2.6160 1.7085 0.0245 2.9422 0.0982
Car 0.0000 0 -1.0858 0.0000 0.0000 1224.0000 370.0000 1.4393 1.5635 3.6896 1.8820 1.6291 0.8278 -0.0623 0.0962
Car 0.0000 0 2.9858 0.0000 0.0000 1224.0000 370.0000 1.5280 1.5992 4.0600 0.0207 1.6194 0.6014 3.0106 0.0958
Car 0.0000 0 3.2918 42.3953 0.0000 1224.0000 370.0000 1.5041 1.5269 3.9112 -1.6520 1.6242 -0.0113 1.9096 0.0955
Car 0.0000 0 2.2523 0.0000 0.0000 1224.0000 370.0000 1.5810 1.6533 4.1214 0.4130 1.5876 0.1192 3.0056 0.0951
Car 0.0000 0 2.8432 0.0000 0.0000 1224.0000 370.0000 1.5103 1.5881 4.0503 0.2616 1.6298 0.5919 3.1237 0.0936
Car 0.0000 0 -0.1842 0.0000 0.0000 1224.0000 370.0000 1.5413 1.6047 3.8528 1.9761 1.5910 -0.1749 1.3129 0.0932
Car 0.0000 0 3.4285 0.0000 0.0000 1224.0000 370.0000 1.5103 1.5764 4.2655 -0.2307 1.5938 0.0998 2.9334 0.0923
Car 0.0000 0 -4.0656 0.0000 0.0000 1224.0000 370.0000 1.5098 1.6044 4.0594 1.1774 1.6603 0.2838 -2.9693 0.0907
Car 0.0000 0 4.3189 0.0000 0.0000 1224.0000 370.0000 1.5468 1.6553 4.6408 -2.6711 1.6829 0.0949 2.9051 0.0881
Car 0.0000 0 2.7439 0.0000 0.0000 1224.0000 370.0000 1.5028 1.5841 4.1944 0.3542 1.6486 0.6084 3.1091 0.0876
Car 0.0000 0 2.5176 0.0000 0.0000 1224.0000 370.0000 1.5292 1.6230 4.1648 0.2430 1.5860 0.2377 2.9293 0.0863
Car 0.0000 0 -0.8089 589.2630 0.0000 1224.0000 370.0000 1.5151 1.6122 3.7892 -0.2902 1.6270 0.6927 -1.0848 0.0839
Car 0.0000 0 0.2353 215.4367 0.0000 1224.0000 370.0000 1.5395 1.5497 3.4953 -1.1044 1.6003 -0.0963 -1.1307 0.0836
Car 0.0000 0 2.3795 0.0000 0.0000 1224.0000 370.0000 1.5312 1.6296 4.0829 0.4691 1.6107 0.2530 3.0648 0.0833
Car 0.0000 0 -0.2389 393.5266 0.0000 1224.0000 370.0000 1.5579 1.6320 3.5529 -0.6565 1.6036 0.1725 -1.1601 0.0820
Car 0.0000 0 2.8783 147.0635 0.0000 1224.0000 370.0000 1.4874 1.5274 3.9431 -1.6852 1.6756 0.6924 1.8516 0.0801
Car 0.0000 0 -1.6588 182.1420 0.0000 1076.2650 370.0000 1.5500 1.6499 3.8692 0.2011 1.6183 0.6141 -1.4452 0.0789
Car 0.0000 0 -4.0235 0.0000 0.0000 1224.0000 370.0000 1.5351 1.6487 4.0663 0.9855 1.6234 0.1820 -2.9249 0.0770
Car 0.0000 0 0.1597 0.0000 0.0000 1224.0000 370.0000 1.4497 1.6976 4.0157 1.9912 1.6320 0.3243 1.4175 0.0770
Car 0.0000 0 -3.9446 0.0000 0.0000 1224.0000 370.0000 1.5105 1.6517 4.1736 0.5984 1.5922 0.2563 -3.1412 0.0769
Car 0.0000 0 2.7917 0.0000 0.0000 1224.0000 370.0000 1.4602 1.5070 3.6288 -1.4012 1.6490 0.3446 1.6676 0.0756
Pedestrian 0.0000 0 0.6529 1063.5974 170.5137 1167.0698 348.3914 1.5515 0.4098 0.6614 4.6542 1.4661 6.5405 1.2505 0.0732
Car 0.0000 0 -2.1546 0.0000 0.0000 866.6570 370.0000 1.4985 1.6341 3.7343 0.5946 1.6792 1.0605 -1.7473 0.0699
Car 0.0000 0 2.9853 0.0000 0.0000 1224.0000 370.0000 1.5405 1.6240 4.0883 -0.0489 1.6030 0.1281 2.8814 0.0693
Car 0.0000 0 3.0416 0.0000 0.0000 1224.0000 370.0000 1.5624 1.6418 3.8918 -0.0566 1.5904 -0.0322 2.8555 0.0681
Car 0.0000 0 2.5277 0.0000 0.0000 1224.0000 370.0000 1.5099 1.6113 4.1939 0.4250 1.6365 0.3686 3.0804 0.0673
Car 0.0000 0 2.6737 0.0000 0.0000 1224.0000 370.0000 1.5898 1.6363 4.0351 0.1074 1.5568 0.1005 2.9266 0.0672
Car 0.0000 0 -1.5114 0.0000 0.0000 1224.0000 370.0000 1.5257 1.5149 3.5582 5.3001 1.4707 0.2138 -0.0402 0.0661
Car 0.0000 0 0.7706 0.0000 0.0000 1224.0000 370.0000 1.6187 1.6392 4.4197 -0.4818 1.6612 0.0168 -0.1834 0.0645
Car 0.0000 0 -0.4527 0.0000 0.0000 1224.0000 370.0000 1.5181 1.6245 3.8812 1.0075 1.6427 1.0726 0.1741 0.0645
Car 0.0000 0 -2.1678 0.0000 0.0000 919.8950 370.0000 1.5567 1.6869 3.9611 0.6406 1.6722 0.8918 -1.6811 0.0627
Car 0.0000 0 4.3879 0.0000 0.0000 1224.0000 370.0000 1.5511 1.6308 4.3700 -2.6296 1.7076 -0.1710 2.8765 0.0608
Car 0.0000 0 2.4633 0.0000 0.0000 1224.0000 370.0000 1.5190 1.6237 4.1129 0.4299 1.6425 0.2954 3.0724 0.0601
Car 0.0000 0 3.0597 236.6501 0.0000 1224.0000 370.0000 1.5404 1.6264 4.1536 -1.9093 1.6654 0.8755 2.0513 0.0593
Car 0.0000 0 -2.2854 0.0000 0.0000 1224.0000 370.0000 1.4422 1.4943 3.6529 1.5748 1.6265 0.9445 -1.3908 0.0579
Car 0.0000 0 3.1954 0.0000 0.0000 1224.0000 370.0000 1.5658 1.6304 3.9957 -0.1022 1.5704 0.0556 2.9375 0.0575
Car 0.0000 0 -0.9202 490.7555 0.0000 1224.0000 370.0000 1.5009 1.6112 3.6335 -0.2607 1.6325 0.4372 -1.2480 0.0558
Car 0.0000 0 -4.0081 0.0000 0.0000 404.8046 370.0000 1.5415 1.6776 4.2723 1.0947 1.6072 0.0044 -2.7267 0.0553
Car 0.0000 0 -2.3404 0.0000 0.0000 1224.0000 370.0000 1.4709 1.5394 3.9289 -0.7727 1.6422 0.5240 -3.0777 0.0552
Car 0.0000 0 -1.1906 552.2165 0.0000 1224.0000 370.0000 1.5075 1.6492 3.9132 0.0161 1.6312 0.9571 -1.1760 0.0531
Car 0.0000 0 1.1945 0.0000 0.0000 1224.0000 370.0000 1.4916 1.5777 4.1019 -2.1783 1.7094 0.5202 -0.0054 0.0520
Car 0.0000 0 2.7744 0.0000 0.0000 1224.0000 370.0000 1.5217 1.6150 4.0893 0.0539 1.5929 0.1789 2.8850 0.0511
Car 0.0000 0 4.2955 0.0000 0.0000 1224.0000 370.0000 1.5508 1.6138 4.2708 -1.6112 1.6756 -0.1512 2.8327 0.0508
Car 0.0000 0 3.3389 196.4789 0.0000 1224.0000 370.0000 1.5045 1.5737 4.2907 -1.9731 1.6283 0.3567 2.1018 0.0488
Car 0.0000 0 -3.9220 0.0000 0.0000 1224.0000 370.0000 1.5010 1.6281 4.2618 0.6125 1.6451 0.2506 -3.1024 0.0487
Car 0.0000 0 2.3968 0.0000 0.0000 1224.0000 370.0000 1.4674 1.5580 3.9304 0.7129 1.6343 0.6283 3.0416 0.0461
Cyclist 0.0000 0 0.0331 0.0000 0.0000 1224.0000 370.0000 1.6732 0.5089 1.9333 -1.0919 1.5480 -0.0192 -1.2633 0.0457
Cyclist 0.0000 0 -2.6218 0.0000 0.0000 1224.0000 370.0000 1.6281 0.4651 1.7890 5.3268 1.4092 0.2922 -1.1647 0.0455
Car 0.0000 0 0.9344 0.0000 0.0000 1224.0000 370.0000 1.5134 1.6256 3.7179 1.2141 1.6837 0.5706 1.8720 0.0448
Cyclist 0.0000 0 1.7046 0.0000 0.0000 1224.0000 370.0000 2.0713 0.6254 1.7425 -3.8014 1.8612 -0.2829 0.1458 0.0434
Cyclist 0.0000 0 0.3225 0.0000 0.0000 1224.0000 370.0000 1.6675 0.5427 1.9356 -1.3971 1.5758 -0.0228 -1.0342 0.0432
Pedestrian 0.0000 0 0.3713 1065.4998 171.4355 1167.7290 350.1052 1.5528 0.4171 0.6635 4.6665 1.4757 6.5315 0.9707 0.0428
Car 0.0000 0 0.9749 0.0000 0.0000 1016.3671 370.0000 1.5124 1.6216 4.0237 0.5527 1.6530 0.4746 1.5824 0.0423
Cyclist 0.0000 0 -0.2173 150.7845 0.0000 1224.0000 370.0000 1.6844 0.4361 1.7705 -1.0496 1.6437 0.4156 -1.1727 0.0417
Car 0.0000 0 -1.6002 385.4840 0.0000 1157.5442 370.0000 1.6059 1.7059 3.9635 0.1827 1.6074 0.3033 -1.3138 0.0413
Car 0.0000 0 4.4429 0.0000 0.0000 1224.0000 370.0000 1.5583 1.6027 4.2013 -1.9164 1.6793 0.0369 3.0596 0.0412
Car 0.0000 0 -4.2519 0.0000 0.0000 1224.0000 370.0000 1.5605 1.6828 4.2887 0.7354 1.5717 -0.1195 -2.9501 0.0404
Car 0.0000 0 -2.2359 0.0000 0.0000 1224.0000 370.0000 1.4290 1.4583 3.5355 1.4914 1.6458 0.8900 -1.3464 0.0398
Car 0.0000 0 -0.2452 0.0000 0.0000 1224.0000 370.0000 1.5274 1.5811 3.8104 2.3846 1.5730 -0.1749 1.2648 0.0395
Car 0.0000 0 2.6831 0.0000 0.0000 1224.0000 370.0000 1.5076 1.5732 4.0908 0.2743 1.6366 0.3992 3.0481 0.0393
Car 0.0000 0 2.8029 0.0000 0.0000 1224.0000 370.0000 1.5016 1.5773 4.0134 0.1741 1.6363 0.4819 3.0180 0.0370
Cyclist 0.0000 0 2.1176 0.0000 0.0000 1224.0000 370.0000 1.9836 0.6075 1.8935 -4.5528 1.7764 -0.3259 0.5477 0.0369
Cyclist 0.0000 0 0.0742 0.0000 0.0000 1224.0000 370.0000 1.6930 0.5456 1.7410 -1.7260 1.6540 0.2379 -1.1805 0.0368
Cyclist 0.0000 0 0.1123 0.0000 0.0000 1224.0000 370.0000 1.6424 0.4852 1.9001 1.7131 1.6368 0.3346 1.3179 0.0365
Car 0.0000 0 0.0503 209.1678 0.0000 1224.0000 370.0000 1.5677 1.6598 3.6325 -0.7036 1.5866 -0.1830 -1.3209 0.0361
Car 0.0000 0 0.3883 0.0000 0.0000 1224.0000 370.0000 1.4640 1.5415 3.6695 9.7766 1.4323 0.2979 1.8971 0.0343
Car 0.0000 0 0.4349 0.0000 0.0000 1224.0000 370.0000 1.4698 1.5820 3.7228 9.7225 1.4217 0.1030 1.9634 0.0323
Car 0.0000 0 -2.1516 1148.2954 154.2324 1224.0000 214.9247 1.5838 1.6339 3.9023 17.8396 0.8999 20.4858 -1.4412 0.0317
Car 0.0000 0 0.6312 429.2545 0.0000 1224.0000 370.0000 1.5780 1.6295 4.1251 0.8143 1.6277 -0.2165 2.0729 0.0316
Car 0.0000 0 0.7169 233.3832 0.0000 1224.0000 370.0000 1.5115 1.6278 4.1355 0.7313 1.6102 0.0664 1.7997 0.0315
Car 0.0000 0 -2.4075 1127.6526 155.7317 1224.0000 216.7838 1.5854 1.6566 3.7779 17.3837 0.9438 20.3395 -1.7064 0.0314
Car 0.0000 0 -0.9107 218.9692 0.0000 987.0487 370.0000 1.6143 1.7052 3.8545 -0.2547 1.5580 -0.0005 -1.5730 0.0309
Cyclist 0.0000 0 1.8178 0.0000 0.0000 1224.0000 370.0000 2.0855 0.6195 1.8967 -4.1021 1.8428 -0.2505 0.2662 0.0304
Cyclist 0.0000 0 0.1636 0.0000 0.0000 1224.0000 370.0000 1.6933 0.4828 1.9147 -1.4160 1.6653 0.2729 -1.0070 0.0302
Cyclist 0.0000 0 0.7468 43.0755 169.5412 152.0716 271.5136 1.7598 0.5413 1.6586 -9.0621 1.5723 12.5775 0.1361 0.0302
Cyclist 0.0000 0 -1.0215 1170.6934 160.9976 1224.0000 348.1736 1.6743 0.6146 1.9408 6.4980 1.5015 6.8885 -0.2865 0.0293
Car 0.0000 0 -2.2313 313.0385 0.0000 1224.0000 370.0000 1.6433 1.7093 3.9583 0.3203 1.5392 -0.0325 -1.3945 0.0280
Car 0.0000 0 -2.3875 1126.4105 155.0730 1224.0000 216.2870 1.5879 1.6581 3.9218 17.4163 0.9299 20.3792 -1.6864 0.0267
Pedestrian 0.0000 0 3.2499 49.4245 176.5772 93.7770 269.8169 1.6572 0.4810 0.5946 -9.7826 1.5892 12.9194 2.6154 0.0257
Car 0.0000 0 -2.0986 1145.5226 153.6695 1224.0000 216.1288 1.6339 1.6978 4.0807 17.8810 0.9336 20.6508 -1.3910 0.0256
Car 0.0000 0 3.3913 115.9332 0.0000 1224.0000 370.0000 1.5226 1.6317 4.4559 -1.9578 1.6498 0.0597 2.0154 0.0255
Pedestrian 0.0000 0 1.7664 1096.0300 185.9755 1174.9753 370.0000 1.4527 0.3920 0.7251 4.2053 1.5013 5.6625 2.3805 0.0249
Pedestrian 0.0000 0 2.8738 656.3690 180.2839 691.2856 250.0742 1.4492 0.3417 0.6653 1.4073 1.4463 14.9026 2.9677 0.0248
Cyclist 0.0000 0 -0.4930 227.0163 0.0000 1224.0000 370.0000 1.6845 0.4280 1.7686 -1.0306 1.7104 0.7651 -1.2497 0.0246
Pedestrian 0.0000 0 3.0710 50.7239 175.3352 93.5412 269.4737 1.6708 0.4826 0.5976 -9.7856 1.5808 12.9217 2.4363 0.0239
Car 0.0000 0 -3.3464 0.0000 0.0000 1224.0000 370.0000 1.5403 1.6510 4.2278 0.7739 1.6680 1.1543 -2.8624 0.0238
Car 0.0000 0 -1.6903 0.0000 0.0000 1224.0000 370.0000 1.5283 1.5493 3.4481 5.4888 1.4666 0.1284 -0.2002 0.0237
Car 0.0000 0 0.3382 0.0000 0.0000 1224.0000 370.0000 1.4471 1.5949 3.7209 9.5993 1.4124 0.2388 1.8519 0.0232
Car 0.0000 0 0.6780 0.0000 0.0000 1224.0000 370.0000 1.5888 1.7649 3.9315 -2.9608 1.7118 0.0782 -0.7565 0.0232
Pedestrian 0.0000 0 2.3423 1211.2258 190.5265 1224.0000 370.0000 1.4780 0.3828 0.5959 4.3116 1.5474 4.5551 3.0677 0.0230
Car 0.0000 0 -1.8700 1177.5936 154.4136 1224.0000 215.0768 1.5867 1.6349 3.8828 18.3080 0.9060 20.5942 -1.1493 0.0229
Pedestrian 0.0000 0 2.1843 655.8338 179.5794 689.3105 251.2270 1.4475 0.3709 0.6759 1.3631 1.4305 14.6572 2.2768 0.0228
Car 0.0000 0 3.6695 231.0104 0.0000 1224.0000 370.0000 1.5801 1.7261 4.4490 -2.4970 1.6956 0.4586 2.4038 0.0220
Pedestrian 0.0000 0 0.2767 52.0015 172.3446 103.6540 270.0591 1.7078 0.4790 0.6339 -9.4943 1.5669 12.6863 -0.3521 0.0208
Car 0.0000 0 -1.7981 726.2136 153.2099 758.9435 179.2353 2.0541 1.7229 4.2629 11.2864 -0.1067 58.1704 -1.6056 0.0207
Car 0.0000 0 -2.3675 1125.1318 154.6520 1224.0000 217.0237 1.6247 1.6655 3.9427 17.4245 0.9530 20.4561 -1.6680 0.0200
Car 0.0000 0 -2.0476 743.8602 152.6654 786.9777 178.2896 2.0245 1.7532 4.1757 13.2312 -0.1887 58.4853 -1.8244 0.0198
Car 0.0000 0 -1.6927 580.0908 162.4797 609.9975 186.9340 1.7459 1.7201 4.2956 -0.7769 0.4606 52.7169 -1.7055 0.0196
Car 0.0000 0 -1.5195 586.2908 161.7086 612.3380 186.9090 1.8039 1.7209 4.2919 -0.3776 0.4600 52.7891 -1.5248 0.0193
Car 0.0000 0 -1.6159 582.5545 161.8750 607.9920 186.8409 1.7849 1.7041 4.3527 -0.7561 0.4546 52.7674 -1.6283 0.0189
Car 0.0000 0 -1.6231 587.1418 162.2523 613.2239 186.8097 1.7548 1.7257 4.2064 -0.3887 0.4522 52.6683 -1.6286 0.0188
Cyclist 0.0000 0 3.7137 0.0000 0.0000 1224.0000 370.0000 1.7046 0.5809 1.8349 -1.3026 1.6932 0.4958 2.7058 0.0187
Pedestrian 0.0000 0 2.3725 656.4956 179.3501 690.5699 249.6700 1.4497 0.3578 0.6507 1.4066 1.4276 14.9146 2.4663 0.0182
Car 0.0000 0 -1.8710 743.8212 151.8409 780.8876 179.0410 2.1479 1.7782 4.3275 12.9359 -0.1237 58.2974 -1.6519 0.0181
Car 0.0000 0 -1.7936 572.5920 162.1358 608.0543 187.1968 1.7848 1.7240 4.3415 -1.1330 0.4782 52.6644 -1.8132 0.0179
Car 0.0000 0 -1.5394 0.0000 0.0000 1224.0000 370.0000 1.5381 1.5354 3.3920 5.8810 1.5287 0.1323 -0.0444 0.0178
Cyclist 0.0000 0 -0.6569 416.8627 0.0000 1224.0000 370.0000 1.7069 0.4379 1.7982 -0.6335 1.6705 0.7472 -1.1895 0.0178
Car 0.0000 0 -1.4788 590.2415 159.3059 618.9833 184.5143 1.7989 1.7509 4.2557 0.0205 0.2877 52.6504 -1.4766 0.0176
Car 0.0000 0 -2.0993 743.0766 154.2503 787.0938 178.6178 1.9365 1.7629 4.0443 13.2601 -0.1610 58.7195 -1.8765 0.0174
Car 0.0000 0 3.4451 0.0000 169.1788 21.0105 207.3494 1.6095 1.6945 4.6130 -29.2544 1.1336 31.5535 2.7043 0.0174
Car 0.0000 0 1.7646 724.1154 157.7423 755.1514 180.1410 1.8166 1.8433 3.9389 11.3955 -0.0302 59.5807 1.9544 0.0174
Car 0.0000 0 -1.9897 1159.9491 154.6952 1224.0000 216.1966 1.6190 1.6831 3.9738 18.1755 0.9413 20.7540 -1.2764 0.0173
Car 0.0000 0 3.5033 0.0000 169.0341 18.2202 206.3104 1.5800 1.7080 4.2317 -29.1539 1.0955 31.5389 2.7641 0.0171
Car 0.0000 0 3.6159 0.0000 170.4898 26.0328 206.7962 1.5632 1.7128 4.5587 -29.2452 1.1336 31.8537 2.8799 0.0169
Car 0.0000 0 -2.8054 514.0779 160.6447 614.2374 196.6113 1.5873 1.6971 4.2931 -1.8865 0.7125 32.6099 -2.8607 0.0168
Car 0.0000 0 -1.7818 0.0000 0.0000 1224.0000 370.0000 1.5738 1.5737 3.5048 5.5274 1.5313 -0.0383 -0.2611 0.0168
Car 0.0000 0 0.5479 0.0000 0.0000 1224.0000 370.0000 1.5128 1.6248 3.8563 9.9657 1.4017 0.5340 2.0344 0.0167
Car 0.0000 0 3.6035 0.0000 171.3150 22.9984 206.6232 1.5197 1.7009 4.2752 -29.1938 1.1258 31.8228 2.8679 0.0167
Car 0.0000 0 -2.0928 1162.4594 153.6201 1224.0000 215.8232 1.5979 1.6792 3.6928 17.8637 0.9090 20.1327 -1.3732 0.0165
Car 0.0000 0 0.4444 0.0000 0.0000 1224.0000 370.0000 1.4644 1.5626 3.5998 9.5592 1.3975 -0.0228 1.9853 0.0164
Car 0.0000 0 -1.7940 745.0084 151.9722 778.2539 179.3052 2.1728 1.7908 4.2241 12.9271 -0.1013 58.5030 -1.5758 0.0163
Car 0.0000 0 3.8648 0.0000 170.9857 27.7133 205.7949 1.5433 1.6980 4.4005 -29.2177 1.1230 32.2073 3.1348 0.0163
Car 0.0000 0 0.8320 1220.2621 152.2115 1224.0000 217.3996 1.5314 1.5649 3.4134 18.1582 0.8685 18.3382 1.6055 0.0162
Car 0.0000 0 -2.1845 0.0000 172.0123 29.0622 206.1274 1.5089 1.6738 4.1856 -29.0471 1.1349 32.5693 -2.9061 0.0162
Car 0.0000 0 1.6334 0.0000 183.2754 9.2026 240.9329 1.4664 1.6006 4.0592 -18.2669 1.5558 20.2721 0.9095 0.0161
Car 0.0000 0 -2.7658 0.0000 0.0000 1224.0000 370.0000 1.5550 1.5294 3.4827 5.8763 1.5850 -0.1727 -1.2191 0.0160
Car 0.0000 0 -1.4069 723.9322 158.1603 754.1721 180.1518 1.7908 1.8584 4.1838 11.4156 -0.0295 59.9290 -1.2178 0.0159
Car 0.0000 0 -2.6671 0.0000 0.0000 1224.0000 370.0000 1.5226 1.5768 3.6439 5.8174 1.4892 -0.0768 -1.1373 0.0158
Car 0.0000 0 3.5347 0.0000 171.0026 22.0033 205.7749 1.4866 1.6615 4.2475 -29.1297 1.0820 31.7187 2.7987 0.0156
Car 0.0000 0 -3.4594 1114.5392 156.0980 1224.0000 216.7212 1.5886 1.6450 3.9714 17.0218 0.9508 20.0244 -2.7611 0.0156
Car 0.0000 0 -2.9831 521.6204 160.9196 614.3578 195.8004 1.5394 1.6891 4.0079 -1.6667 0.6767 32.2581 -3.0323 0.0151
Car 0.0000 0 -1.6940 726.9681 152.7240 755.2021 180.2981 2.1957 1.7822 4.2457 11.2342 -0.0161 58.5088 -1.5035 0.0150
Car 0.0000 0 -2.5166 1145.0612 157.2999 1224.0000 217.9039 1.5155 1.6618 3.7460 17.4901 0.9369 19.6873 -1.7966 0.0150
Car 0.0000 0 -2.8305 520.1320 161.0730 616.5486 196.4516 1.5634 1.6998 4.1164 -1.6886 0.7064 32.5927 -2.8798 0.0150
Car 0.0000 0 -1.5197 727.0535 155.4498 751.8997 181.9588 2.1278 1.8252 4.1416 11.2654 0.1183 58.9755 -1.3302 0.0148
Car 0.0000 0 1.4152 0.0000 0.0000 1224.0000 370.0000 1.5382 1.5786 4.0205 10.5661 1.0317 0.9951 2.8632 0.0144
Pedestrian 0.0000 0 1.2817 1105.9657 185.8510 1214.4554 370.0000 1.4532 0.4259 0.7698 4.1440 1.4990 5.3828 1.9116 0.0144
Car 0.0000 0 -2.0419 743.3343 155.7056 784.9187 178.2027 1.7938 1.8182 3.8693 13.2250 -0.1970 58.9019 -1.8204 0.0143
Car 0.0000 0 3.6852 18.1533 0.0000 1224.0000 370.0000 1.5650 1.6980 4.2386 -2.4885 1.6381 -0.0321 2.2326 0.0142
Car 0.0000 0 -3.0816 0.0000 0.0000 1224.0000 370.0000 1.3969 1.5121 3.6312 14.7280 1.2532 -0.2625 -1.5135 0.0141
Pedestrian 0.0000 0 1.6612 1114.9612 187.8708 1192.3844 370.0000 1.4632 0.4229 0.7827 4.1560 1.5258 5.4086 2.2902 0.0141
Car 0.0000 0 -0.3045 580.8994 163.9489 639.6447 185.7390 1.5590 1.6662 4.0022 0.3856 0.3761 51.9613 -0.2953 0.0140
Car 0.0000 0 -2.8237 0.0000 0.0000 1224.0000 370.0000 1.5582 1.5157 3.4836 5.9161 1.5709 -0.1817 -1.2754 0.0140
Car 0.0000 0 2.0558 545.8521 161.5386 619.6638 198.3587 1.5314 1.7083 3.7917 -0.9409 0.7443 31.4811 2.0282 0.0140
Cyclist 0.0000 0 0.5128 21.4961 170.3950 139.9220 271.4965 1.7578 0.5168 1.6675 -9.3900 1.5837 12.6384 -0.1125 0.0140
Car 0.0000 0 -1.7734 0.0000 0.0000 1224.0000 370.0000 1.5718 1.5707 3.5591 5.3293 1.4576 -0.1355 -0.2364 0.0140
Car 0.0000 0 -1.2263 0.0000 188.8131 34.9383 237.9803 1.3634 1.5992 3.6863 -19.6989 1.6507 22.2876 -1.9414 0.0138
Car 0.0000 0 -1.8021 572.7328 164.1792 607.9308 187.6266 1.6680 1.6949 4.2115 -1.1279 0.5083 52.5422 -1.8216 0.0137
Car 0.0000 0 -2.5678 1110.8521 155.9142 1224.0000 217.6441 1.5969 1.6388 3.9591 17.1320 0.9625 20.4201 -1.8758 0.0136
Car 0.0000 0 2.3491 1153.7501 157.8760 1224.0000 215.3858 1.5103 1.5640 3.6908 17.4814 0.9177 19.4674 3.0743 0.0135
Car 0.0000 0 1.7493 724.4807 156.5083 754.4164 180.7796 1.9666 1.8276 3.7700 11.3375 0.0239 59.3706 1.9388 0.0135
Cyclist 0.0000 0 -1.2464 0.0000 167.0589 6.3183 254.1791 1.6613 0.3738 1.4857 -12.6332 1.4066 14.2363 -1.9593 0.0135
Pedestrian 0.0000 0 0.5150 49.7089 173.8336 106.9725 271.0072 1.7044 0.4745 0.6771 -9.4748 1.5892 12.6709 -0.1134 0.0134
Car 0.0000 0 2.3526 0.0000 169.5818 15.8765 208.1799 1.5356 1.7045 4.2422 -27.9322 1.1027 30.2813 1.6146 0.0134
Car 0.0000 0 -2.7852 0.0000 0.0000 1224.0000 370.0000 1.5161 1.4877 3.4065 5.8976 1.5160 -0.1807 -1.2371 0.0133
Car 0.0000 0 1.3608 0.0000 0.0000 1224.0000 370.0000 1.5623 1.5830 3.7893 10.5752 1.0008 1.0663 2.8023 0.0133
Car 0.0000 0 -2.7055 521.6712 161.5575 617.9705 196.5450 1.5547 1.7174 4.1525 -1.6589 0.7144 32.9945 -2.7533 0.0132
Car 0.0000 0 1.3032 740.8088 155.9942 775.1437 177.9544 1.7806 1.7846 4.2442 12.9491 -0.2226 59.9967 1.5165 0.0132
Car 0.0000 0 -2.1515 0.0000 171.2349 29.0041 205.4794 1.5138 1.6621 4.0792 -28.9727 1.1057 32.5962 -2.8714 0.0132
Car 0.0000 0 -1.4590 590.8281 161.5835 620.1439 184.8800 1.6593 1.7119 4.2284 0.0854 0.3133 52.5528 -1.4555 0.0132
Car 0.0000 0 -1.1016 1188.0876 150.1790 1224.0000 214.2628 1.6468 1.7859 4.1182 18.5724 0.8692 19.7133 -0.3524 0.0130
Cyclist 0.0000 0 -1.4970 0.0000 172.5957 6.7736 254.0710 1.5975 0.3391 1.4809 -12.6536 1.4442 14.5569 -2.2000 0.0129
Cyclist 0.0000 0 -0.9096 21.7552 171.3094 124.9480 271.9420 1.6672 0.4805 1.7528 -9.4532 1.5166 12.5926 -1.5397 0.0128
Car 0.0000 0 -1.7072 748.1879 155.2659 778.0911 178.8857 1.8463 1.8069 4.3496 12.8993 -0.1359 57.8147 -1.4870 0.0127
Pedestrian 0.0000 0 -0.0833 32.4686 167.5947 85.0154 270.0660 1.7748 0.4877 0.7119 -9.8269 1.5529 12.6601 -0.7294 0.0127
Cyclist 0.0000 0 -0.4826 0.0000 167.0776 120.7354 273.8809 1.7596 0.5037 1.8257 -9.7701 1.5402 12.5770 -1.1291 0.0127
Car 0.0000 0 -1.8862 1170.6317 153.5230 1224.0000 216.2708 1.6399 1.6833 4.1107 18.2750 0.9364 20.6938 -1.1688 0.0126
Car 0.0000 0 -1.7184 744.3825 151.1639 774.2006 178.8124 2.1750 1.7646 4.3898 12.6564 -0.1430 58.1419 -1.5033 0.0125
Car 0.0000 0 -1.5279 1209.0952 151.6669 1224.0000 214.9132 1.6302 1.7097 4.3068 18.6838 0.8886 20.3521 -0.7914 0.0125
Car 0.0000 0 0.5532 574.8859 164.3549 662.9534 198.9491 1.4757 1.6762 3.6259 0.5905 0.7885 31.8443 0.5734 0.0125
Cyclist 0.0000 0 0.6486 60.0287 172.3097 159.5384 265.2783 1.6550 0.4600 1.5193 -9.0330 1.5108 12.8488 0.0492 0.0124
Car 0.0000 0 -1.7351 0.0000 0.0000 1224.0000 370.0000 1.5642 1.5656 3.6979 5.3069 1.4647 -0.1117 -0.2028 0.0124
Car 0.0000 0 -0.2749 583.4839 163.0182 643.6900 185.3416 1.5986 1.6933 4.1211 0.6262 0.3480 51.9759 -0.2611 0.0124
Car 0.0000 0 -2.8239 0.0000 0.0000 1224.0000 370.0000 1.5232 1.5144 3.3425 6.0237 1.6447 -0.0448 -1.2977 0.0124
Car 0.0000 0 -1.6508 587.1652 164.6870 614.2303 187.5990 1.6361 1.6904 4.1129 -0.3501 0.5082 52.6044 -1.6556 0.0123
Car 0.0000 0 -1.5875 747.3523 152.2775 771.0358 179.1581 2.1246 1.8354 4.2080 12.7036 -0.1138 58.3486 -1.3724 0.0123
Car 0.0000 0 -0.2957 584.4473 160.4841 649.1561 183.1647 1.6213 1.7571 4.4385 0.8641 0.1918 51.9895 -0.2773 0.0123
Car 0.0000 0 3.0216 585.7501 165.0382 640.2278 186.7496 1.5544 1.6710 3.8071 0.5661 0.4487 51.6493 3.0343 0.0122
Car 0.0000 0 -1.6664 581.0550 164.5388 609.2873 187.7820 1.6584 1.7069 4.2167 -0.7638 0.5209 52.6316 -1.6790 0.0122
Car 0.0000 0 -1.9069 746.4434 154.4955 785.6332 178.9929 1.9317 1.8125 4.3487 13.2355 -0.1279 58.2896 -1.6829 0.0122
Car 0.0000 0 -1.6546 899.3033 159.6775 1101.5314 340.3240 1.6209 1.6389 3.0415 4.2128 1.4358 8.0564 -1.1870 0.0122
Car 0.0000 0 -3.7126 1144.6122 154.2004 1224.0000 214.5501 1.5972 1.6552 3.7665 17.6669 0.9028 19.8095 -2.9906 0.0121
Car 0.0000 0 -2.5595 0.0000 0.0000 1224.0000 370.0000 1.5058 1.5632 3.6354 10.1933 1.1343 1.4295 -1.1576 0.0120
Car 0.0000 0 2.3852 0.0000 171.2754 15.3442 208.1455 1.4811 1.6607 3.9459 -27.9683 1.1120 30.4299 1.6490 0.0120
Car 0.0000 0 -2.9662 513.7128 159.8533 611.8300 195.6865 1.5788 1.7037 4.2335 -1.9034 0.6706 32.2449 -3.0226 0.0119
Car 0.0000 0 -0.3352 1115.3102 154.8901 1224.0000 215.2868 1.6021 1.6626 4.1203 17.3150 0.9243 20.2633 0.3658 0.0118
Car 0.0000 0 -1.8854 745.0394 156.9614 780.7454 178.6836 1.7513 1.8112 3.8757 13.2253 -0.1565 59.3525 -1.6655 0.0116
Car 0.0000 0 1.4303 746.1324 156.9077 774.6375 180.0592 1.8591 1.7855 3.8989 12.9126 -0.0368 58.8628 1.6469 0.0116
Cyclist 0.0000 0 0.6054 80.0191 173.7039 189.2146 266.2588 1.6501 0.4733 1.6933 -8.5879 1.5306 12.8626 0.0298 0.0116
Car 0.0000 0 1.8978 0.0000 179.9707 12.9999 238.2988 1.4791 1.6162 4.1019 -18.6550 1.4673 20.1281 1.1600 0.0115
Car 0.0000 0 3.7283 0.0000 170.8933 29.3456 204.9794 1.4937 1.6588 4.2808 -29.0762 1.0742 32.1042 2.9991 0.0114
Car 0.0000 0 1.2643 602.6934 162.7455 664.3171 197.6028 1.4645 1.6845 3.8200 1.1911 0.7200 31.7655 1.3033 0.0114
Car 0.0000 0 -0.0611 587.3845 160.7539 645.9084 183.5121 1.6324 1.7196 4.1786 0.8259 0.2173 51.6607 -0.0433 0.0113
Car 0.0000 0 3.4547 0.0000 169.6834 18.6494 205.7303 1.5259 1.6983 4.0696 -29.0159 1.0695 31.5366 2.7177 0.0111
Pedestrian 0.0000 0 -1.3290 961.5043 158.8270 1001.5257 242.5265 1.6265 0.6021 0.5228 7.4847 1.2069 14.1296 -0.8494 0.0110
Car 0.0000 0 2.1638 0.0000 170.4511 16.9890 207.8512 1.4910 1.6871 4.1013 -27.5845 1.0919 30.3291 1.4329 0.0110
Car 0.0000 0 0.6572 0.0000 0.0000 1224.0000 370.0000 1.5302 1.5559 3.5936 10.2837 1.1447 1.3278 2.0702 0.0109
Car 0.0000 0 0.8816 0.0000 0.0000 1224.0000 370.0000 1.5578 1.5777 3.6946 10.4102 1.1252 1.0644 2.3212 0.0109
Car 0.0000 0 -1.6250 775.0532 175.0402 864.1021 252.4793 1.5135 1.6534 3.7684 4.6401 1.4084 15.8355 -1.3437 0.0108
Car 0.0000 0 -1.8581 571.3050 164.3132 609.1960 187.8987 1.6777 1.7163 4.1207 -1.1334 0.5276 52.5118 -1.8777 0.0108
Car 0.0000 0 -1.6951 0.0000 0.0000 1224.0000 370.0000 1.5736 1.6502 4.1001 10.7050 0.9506 1.0124 -0.2471 0.0108
Car 0.0000 0 -1.6352 610.8768 163.6485 653.5952 196.8561 1.4300 1.7164 3.5143 1.1704 0.7058 32.2221 -1.5973 0.0108
Car 0.0000 0 2.1638 0.0000 171.6754 15.7450 207.9209 1.4560 1.6800 3.8366 -27.6170 1.1030 30.4119 1.4336 0.0107
Car 0.0000 0 -2.7467 1104.8805 156.5433 1224.0000 217.5087 1.5534 1.6483 4.1640 17.0084 0.9445 20.2368 -2.0538 0.0107
Car 0.0000 0 -1.6155 747.3205 154.1907 772.2676 178.7190 1.9090 1.7943 4.2002 12.5800 -0.1494 57.5699 -1.3996 0.0107
Car 0.0000 0 3.0161 534.1531 162.3775 624.3462 196.5338 1.4875 1.6554 3.8920 -1.2137 0.6997 31.9154 2.9804 0.0106
Car 0.0000 0 -2.3677 1125.5837 154.6813 1224.0000 216.9547 1.6297 1.6434 3.8905 17.4508 0.9556 20.5143 -1.6688 0.0105
Pedestrian 0.0000 0 1.1286 76.4763 173.0359 126.2882 270.6813 1.6927 0.4805 0.6909 -9.0437 1.5649 12.6318 0.5208 0.0104
Car 0.0000 0 -2.4870 1113.1910 153.0279 1224.0000 215.7426 1.6216 1.6484 3.9689 17.1341 0.9129 20.3953 -1.7943 0.0104
Car 0.0000 0 1.3894 0.0000 0.0000 1224.0000 370.0000 1.5488 1.5776 3.8220 10.4380 1.0832 1.1150 2.8247 0.0104
Car 0.0000 0 -1.7548 579.2590 165.7765 611.6680 188.7071 1.6345 1.6983 4.0351 -0.7424 0.5863 52.5379 -1.7671 0.0104
Car 0.0000 0 -2.8085 528.7662 163.4027 621.9153 197.6385 1.5157 1.7003 3.9649 -1.3734 0.7602 32.6854 -2.8482 0.0103
Car 0.0000 0 1.4681 746.3370 157.8409 773.7543 179.5491 1.7450 1.8506 3.8079 12.9174 -0.0809 59.0042 1.6843 0.0103
Car 0.0000 0 -2.9078 529.5674 162.2883 621.6215 196.4616 1.5047 1.6811 3.9229 -1.3343 0.7043 32.3316 -2.9467 0.0102
Car 0.0000 0 3.0428 583.8370 166.9674 641.5667 188.2980 1.5268 1.7160 4.0666 0.5414 0.5595 51.6347 3.0550 0.0101
Car 0.0000 0 -2.1193 1145.4978 154.5947 1224.0000 216.4309 1.6250 1.6516 3.9432 17.8535 0.9458 20.6531 -1.4125 0.0101
Car 0.0000 0 2.5624 527.9915 161.0555 620.1482 197.2596 1.5242 1.6252 3.8442 -1.3697 0.7071 31.5402 2.5214 0.0101
Car 0.0000 0 -2.8043 0.0000 0.0000 1224.0000 370.0000 1.5896 1.7126 4.3876 19.5728 1.0488 2.1619 -1.3583 0.0100
Car 0.0000 0 -2.9172 0.0000 0.0000 1224.0000 370.0000 1.5534 1.5108 3.3725 6.0703 1.6257 -0.1066 -1.3805 0.0100
Car 0.0000 0 -1.2793 572.5896 164.0874 631.4819 198.0800 1.5225 1.7689 3.8706 -0.0915 0.7888 33.7702 -1.2801 0.0099
Car 0.0000 0 1.7975 0.0000 174.0537 38.1987 208.8647 1.5436 1.5791 3.9288 -28.3431 1.2592 33.4555 1.1011 0.0099
Car 0.0000 0 -1.1560 590.0428 161.3721 632.9033 184.5117 1.6407 1.6841 4.0336 0.5316 0.2858 52.3135 -1.1441 0.0099
Car 0.0000 0 -1.7635 1189.7992 153.0156 1224.0000 214.4334 1.6004 1.6609 3.5043 18.2296 0.8858 20.3508 -1.0391 0.0099
Car 0.0000 0 3.1083 515.2682 159.3553 611.3477 195.6534 1.5852 1.6973 4.2173 -1.9161 0.6633 31.9096 3.0508 0.0099
Car 0.0000 0 3.0566 522.7330 161.4704 615.9465 196.8354 1.5397 1.6807 4.0702 -1.6642 0.7127 31.8834 3.0069 0.0098
Car 0.0000 0 1.4570 745.5657 156.4780 773.5514 178.9799 1.8139 1.8523 3.9677 12.9481 -0.1308 59.3388 1.6726 0.0098
Car 0.0000 0 -2.8516 0.0000 0.0000 1224.0000 370.0000 1.4895 1.4892 3.2947 6.0164 1.6035 -0.1801 -1.3031 0.0097
Car 0.0000 0 2.2284 535.2267 159.1149 617.9563 196.5043 1.5675 1.6923 3.8658 -1.2301 0.6725 31.7021 2.1919 0.0097
Car 0.0000 0 -1.8275 601.3185 166.5055 654.6274 198.3474 1.3944 1.6411 3.4700 0.9922 0.7830 32.8312 -1.7957 0.0097
Car 0.0000 0 -1.6039 743.0286 152.0171 766.8947 179.3628 2.1547 1.7780 4.1409 12.2986 -0.0958 58.0853 -1.3945 0.0097
Car 0.0000 0 0.2348 0.0000 0.0000 1224.0000 370.0000 1.3314 1.3951 3.5339 14.7842 1.2869 0.3159 1.7639 0.0097
Car 0.0000 0 -2.9789 539.8030 162.3154 624.0693 196.0642 1.4926 1.6955 3.6254 -1.0380 0.6898 32.3469 -3.0087 0.0095
Car 0.0000 0 1.9028 0.0000 179.2156 13.1883 239.0643 1.5171 1.6300 4.0766 -18.6505 1.4861 20.1125 1.1647 0.0095
Cyclist 0.0000 0 -2.1331 961.5416 167.3767 1029.9706 250.9063 1.5763 0.4204 1.5507 7.7307 1.3303 14.1258 -1.6401 0.0095
Cyclist 0.0000 0 -2.0311 961.8984 169.0080 1019.2016 247.6466 1.5235 0.3998 1.4745 7.8026 1.3025 14.4356 -1.5430 0.0095
Car 0.0000 0 -2.5336 1111.9855 153.6695 1224.0000 215.9417 1.6009 1.6454 4.0599 17.1407 0.9127 20.3475 -1.8396 0.0094
Car 0.0000 0 1.8441 0.0000 181.9272 8.8416 239.8376 1.4740 1.5689 3.9650 -18.6910 1.5207 20.2198 1.1075 0.0093
Car 0.0000 0 -1.7456 0.0000 0.0000 1224.0000 370.0000 1.4984 1.5998 3.8737 10.6613 0.9563 1.0941 -0.3056 0.0093
Car 0.0000 0 0.6235 582.9313 163.8712 671.3312 198.6761 1.4668 1.5999 3.7059 0.9375 0.7675 31.5559 0.6548 0.0093
Car 0.0000 0 -2.8210 0.0000 0.0000 1224.0000 370.0000 1.4600 1.4963 3.2988 5.9495 1.5790 -0.0842 -1.2888 0.0093
Pedestrian 0.0000 0 -3.4235 828.4865 165.8350 872.2056 261.6173 1.6277 0.4030 0.6244 4.1926 1.3801 12.2249 -3.0993 0.0092
Car 0.0000 0 0.6541 0.0000 0.0000 1224.0000 370.0000 1.5944 1.5960 3.8379 10.2016 1.2507 0.9952 2.0978 0.0091
Car 0.0000 0 1.6603 0.0000 182.1139 6.1300 240.6872 1.4793 1.6078 4.1708 -18.3054 1.5317 20.1233 0.9317 0.0090
Car 0.0000 0 -1.4985 1205.1913 156.7878 1224.0000 216.7411 1.5712 1.5922 3.5974 18.5158 0.9513 20.3454 -0.7663 0.0089
Car 0.0000 0 -1.5813 610.9566 163.9386 650.4188 196.8309 1.4297 1.7155 3.6507 1.1439 0.7113 32.5758 -1.5447 0.0089
Pedestrian 0.0000 0 0.8512 1063.8363 210.3644 1186.9724 370.0000 1.2449 0.3374 0.7314 3.8403 1.4880 5.3259 1.4499 0.0089
Car 0.0000 0 -0.1043 551.0954 166.7404 645.4699 200.3507 1.5221 1.8132 4.2590 -0.3764 0.9004 33.1575 -0.1137 0.0088
Car 0.0000 0 0.8230 0.0000 0.0000 1224.0000 370.0000 1.4952 1.5312 3.5203 10.5140 1.0520 1.2029 2.2510 0.0086
Car 0.0000 0 0.5101 0.0000 0.0000 1224.0000 370.0000 1.5373 1.5785 3.7947 9.9740 1.1609 1.4005 1.9111 0.0086
Car 0.0000 0 -1.5399 573.0134 163.3563 611.4912 198.0433 1.5656 1.7169 3.8489 -0.5748 0.7933 33.8455 -1.5548 0.0086
Car 0.0000 0 1.7915 0.0000 173.8319 35.6882 208.8096 1.5466 1.5725 3.8593 -28.3406 1.2532 33.3331 1.0934 0.0086
Pedestrian 0.0000 0 2.4163 827.4408 162.1122 872.6666 261.2765 1.6695 0.4333 0.6036 4.1883 1.3615 12.2156 2.7404 0.0086
Car 0.0000 0 0.2735 0.0000 170.7404 109.0866 205.8221 1.5594 1.7196 4.3321 -26.0043 1.1271 33.0377 -0.3868 0.0085
Car 0.0000 0 -0.0757 589.7748 163.0751 675.6683 197.2907 1.5121 1.7143 3.7838 1.1950 0.7435 32.1688 -0.0371 0.0085
Car 0.0000 0 -1.8343 605.4595 162.4183 661.9572 196.0373 1.4334 1.6626 3.6524 1.2213 0.6640 32.1071 -1.7948 0.0084
Car 0.0000 0 -1.8124 728.6729 152.7032 761.9868 179.3816 2.1143 1.7415 4.1853 11.5465 -0.0945 58.3381 -1.6162 0.0083
Car 0.0000 0 1.9447 0.0000 174.3862 52.4252 209.1044 1.5443 1.5632 3.8864 -28.0001 1.2738 33.5352 1.2554 0.0083
Car 0.0000 0 0.5383 0.0000 0.0000 1224.0000 370.0000 1.4976 1.6299 3.9297 9.9432 1.2720 0.9734 1.9808 0.0083
Car 0.0000 0 1.2253 597.3440 161.4905 661.8567 198.8567 1.5348 1.6556 3.7455 0.9915 0.7555 31.0740 1.2588 0.0083
Car 0.0000 0 -2.5477 1113.5742 153.8243 1224.0000 216.1440 1.6039 1.6257 3.9252 17.0971 0.9190 20.3040 -1.8539 0.0082
Car 0.0000 0 0.2975 0.0000 171.4290 104.0395 205.7079 1.5271 1.6901 4.2456 -26.2080 1.1245 33.0434 -0.3666 0.0081
Pedestrian 0.0000 0 0.1928 28.6764 167.0426 88.0204 270.3609 1.7928 0.4904 0.7571 -9.8120 1.5609 12.6501 -0.4531 0.0081
Car 0.0000 0 2.7694 517.6447 159.2406 618.4984 195.9204 1.5513 1.6814 4.1646 -1.6598 0.6537 31.5195 2.7193 0.0081
Car 0.0000 0 1.4027 0.0000 0.0000 1224.0000 370.0000 1.6012 1.5844 4.0554 10.5760 1.0477 0.9875 2.8516 0.0081
Car 0.0000 0 -2.9334 507.3790 159.2502 609.9366 195.2361 1.5857 1.6949 4.4214 -2.0990 0.6508 32.3104 -2.9956 0.0081
Car 0.0000 0 1.7069 0.0000 181.7445 10.4056 239.2910 1.4502 1.6388 4.1685 -18.2871 1.4909 20.0931 0.9781 0.0081
Car 0.0000 0 0.3594 584.1799 164.0107 666.3955 197.4987 1.4464 1.5621 3.3739 0.9011 0.7357 31.8953 0.3892 0.0081
Pedestrian 0.0000 0 1.7861 829.9975 168.6143 862.3605 261.0037 1.5956 0.4404 0.5532 4.2436 1.3920 12.5566 2.1061 0.0081
Car 0.0000 0 0.2304 566.9493 167.0130 647.9708 199.3039 1.4103 1.6321 3.3912 0.1155 0.8227 32.0643 0.2358 0.0081
Car 0.0000 0 0.9457 0.0000 0.0000 1224.0000 370.0000 1.5830 1.5992 3.8442 10.4391 1.1803 0.8771 2.4035 0.0080
Car 0.0000 0 -1.0574 553.7792 162.7833 624.4465 197.9402 1.5061 1.7014 3.5344 -0.6856 0.7486 32.2444 -1.0765 0.0080
Car 0.0000 0 3.1497 510.1567 159.3310 608.8483 195.6582 1.5891 1.6905 4.3249 -2.0551 0.6645 31.8841 3.0879 0.0079
Car 0.0000 0 -1.4757 1208.5150 153.5079 1224.0000 218.2260 1.6927 1.7098 4.1764 18.9533 0.9883 20.5237 -0.7361 0.0079
Cyclist 0.0000 0 -1.6553 745.6835 158.5420 752.0781 179.8058 1.7732 0.3763 1.8472 12.2150 -0.0586 59.9563 -1.4535 0.0079
Car 0.0000 0 -1.8828 1204.5494 151.0050 1224.0000 215.6460 1.6733 1.6947 4.1215 19.1683 0.9114 20.5237 -1.1376 0.0079
Car 0.0000 0 -2.8043 527.2824 162.8430 622.2664 197.2864 1.5234 1.6782 4.0579 -1.4005 0.7439 32.6630 -2.8448 0.0079
Car 0.0000 0 2.6576 509.7697 157.8353 615.2552 194.8132 1.5329 1.6557 4.3689 -1.8605 0.5948 31.1395 2.6005 0.0079
Car 0.0000 0 0.6731 0.0000 0.0000 1224.0000 370.0000 1.5364 1.6096 3.8874 10.2158 1.2242 0.8949 2.1266 0.0079
Car 0.0000 0 -1.6128 1207.6090 154.2004 1224.0000 216.7271 1.6345 1.6779 3.9018 18.6067 0.9486 20.5179 -0.8823 0.0078
Car 0.0000 0 -1.7931 0.0000 0.0000 1224.0000 370.0000 1.6382 1.5406 3.2834 5.4312 1.5203 -0.2455 -0.2352 0.0078
Car 0.0000 0 1.7677 725.1723 159.0969 755.6934 180.7995 1.7726 1.8480 3.6870 11.5021 0.0257 59.8009 1.9586 0.0078
Car 0.0000 0 1.3017 599.4705 165.0266 656.3904 200.5009 1.4730 1.6247 3.5467 0.9328 0.8320 31.2694 1.3330 0.0077
Pedestrian 0.0000 0 -1.5812 977.1957 164.5760 1013.2353 245.9169 1.5779 0.6171 0.5739 7.7368 1.2706 14.1083 -1.0873 0.0077
Car 0.0000 0 2.0821 0.0000 174.6497 66.0965 209.1324 1.5391 1.5654 3.9155 -27.6499 1.2794 33.6155 1.4001 0.0077
Car 0.0000 0 -1.8296 551.9179 162.3782 606.8165 197.3243 1.5425 1.6350 3.9067 -1.2883 0.7441 33.3109 -1.8660 0.0076
Car 0.0000 0 2.2516 546.0238 161.4295 627.0225 197.4811 1.5394 1.7217 3.7263 -0.8056 0.7266 32.1875 2.2287 0.0076
Car 0.0000 0 1.5177 588.6770 166.1910 612.7966 188.1029 1.5657 1.5848 3.9525 -0.3419 0.5445 52.5343 1.5130 0.0076
Car 0.0000 0 2.3501 529.0734 158.3377 617.6691 196.0538 1.5535 1.5746 3.9421 -1.3536 0.6421 31.1050 2.3090 0.0075
Pedestrian 0.0000 0 -1.8409 962.2784 160.7095 1003.7375 243.6117 1.6118 0.6015 0.5381 7.4719 1.2287 14.0676 -1.3603 0.0075
Cyclist 0.0000 0 0.2862 0.0000 167.5449 122.1284 266.5543 1.6971 0.5199 1.6849 -9.7532 1.4767 12.6520 -0.3566 0.0075
Car 0.0000 0 1.8916 0.0000 174.6260 47.9719 209.4174 1.5411 1.5609 3.8709 -28.0025 1.2824 33.4003 1.2004 0.0075
Car 0.0000 0 2.0962 549.3630 162.9223 622.7798 197.8724 1.4805 1.6914 3.6892 -0.8121 0.7374 31.9689 2.0730 0.0074
Car 0.0000 0 1.6967 0.0000 181.2630 11.7127 239.3187 1.4634 1.6605 4.2157 -18.2314 1.4890 20.0829 0.9692 0.0074
Car 0.0000 0 -1.8918 1172.9182 154.1196 1224.0000 216.6693 1.6376 1.6397 3.9391 18.2588 0.9485 20.6395 -1.1735 0.0074
Car 0.0000 0 -0.9193 0.0000 190.7959 24.0258 245.3949 1.4172 1.5776 3.5412 -19.3221 1.7494 20.8696 -1.6570 0.0073
Car 0.0000 0 -0.1175 577.6570 165.7034 659.8569 199.0868 1.4653 1.6688 3.5511 0.5664 0.8173 32.0340 -0.0982 0.0073
Car 0.0000 0 -1.0081 555.1867 162.9733 630.6818 198.7329 1.5382 1.7185 3.7642 -0.5106 0.7858 32.4630 -1.0218 0.0072
Car 0.0000 0 1.3066 591.2287 165.5348 649.2058 200.1711 1.4461 1.6610 3.7294 0.5931 0.8228 31.5245 1.3271 0.0072
Car 0.0000 0 1.3924 593.8734 166.9356 645.3904 201.3714 1.4436 1.6742 3.6333 0.5733 0.8765 31.5625 1.4122 0.0072
Car 0.0000 0 1.3586 592.0651 166.4637 644.9313 201.0185 1.4494 1.6417 3.5502 0.5238 0.8621 31.5517 1.3769 0.0072
Car 0.0000 0 0.1263 551.6213 166.7914 641.9171 200.4115 1.4763 1.7211 3.9160 -0.3528 0.8758 32.1263 0.1172 0.0072
Car 0.0000 0 -1.7290 0.0000 0.0000 1224.0000 370.0000 1.3733 1.5638 3.9139 15.9706 1.1474 0.3914 -0.2015 0.0072
Car 0.0000 0 2.6096 517.0710 157.5407 618.1700 195.0435 1.5581 1.6480 4.2015 -1.6370 0.6057 31.2139 2.5597 0.0072
Car 0.0000 0 1.5017 0.0000 0.0000 1224.0000 370.0000 1.5498 1.5727 3.8572 10.4963 1.1467 0.9646 2.9518 0.0070
Car 0.0000 0 2.0907 543.6128 159.9465 617.2602 196.8646 1.5307 1.6364 3.6951 -1.0433 0.6800 31.3253 2.0596 0.0070
Car 0.0000 0 -1.5317 606.7097 164.2643 645.5297 196.3508 1.4489 1.7104 3.5901 1.0399 0.7172 33.7732 -1.4993 0.0070
Car 0.0000 0 -1.6690 0.0000 0.0000 1224.0000 370.0000 1.3659 1.5540 3.6506 15.8586 1.1631 0.2736 -0.1344 0.0069
Car 0.0000 0 2.9388 507.5059 158.8614 611.6019 195.1723 1.5460 1.6768 4.3786 -2.0607 0.6262 31.4819 2.8760 0.0069
Cyclist 0.0000 0 -1.6820 746.0975 160.0104 753.1075 179.8988 1.6495 0.4000 1.6227 12.1852 -0.0501 59.5136 -1.4793 0.0069
Car 0.0000 0 2.7624 503.4859 158.5300 611.4396 195.5354 1.5384 1.6691 4.4351 -2.0958 0.6265 31.0944 2.6978 0.0069
Car 0.0000 0 -0.9038 550.7363 164.5733 630.8053 200.3780 1.5397 1.7122 3.7527 -0.6155 0.8563 32.4113 -0.9208 0.0069
Car 0.0000 0 0.1724 541.3110 164.7930 638.4822 199.5501 1.5387 1.7628 4.2238 -0.6747 0.8448 32.4895 0.1537 0.0069
Pedestrian 0.0000 0 -1.0191 0.0000 174.5863 31.0716 248.0577 1.7149 0.5599 0.6859 -14.2783 1.5785 16.8769 -1.7102 0.0069
Car 0.0000 0 -0.0810 584.8257 166.9772 675.9063 200.0435 1.4682 1.8810 4.0322 1.0904 0.8692 32.4215 -0.0458 0.0068
Car 0.0000 0 1.7606 0.0000 172.4742 31.7156 207.0436 1.5265 1.5526 3.7801 -28.3741 1.1736 33.2458 1.0607 0.0068
Car 0.0000 0 0.0495 554.6340 167.1774 644.7589 199.2052 1.4055 1.7660 3.9715 -0.2197 0.8224 31.9947 0.0446 0.0067
Car 0.0000 0 0.2022 567.2504 166.5918 645.4290 199.1680 1.4277 1.6104 3.2936 0.0670 0.8196 32.1068 0.2062 0.0067
Car 0.0000 0 1.5939 745.7811 157.7384 768.3201 180.0508 1.7864 1.7425 3.7600 12.6702 -0.0374 58.7185 1.8072 0.0067
Car 0.0000 0 0.6423 576.5806 165.1416 660.5363 199.1238 1.4430 1.6099 3.4994 0.5632 0.7923 31.7282 0.6617 0.0067
Car 0.0000 0 2.4745 540.0624 163.1109 623.9663 197.9576 1.4725 1.6137 3.5016 -1.0174 0.7392 31.6154 2.4446 0.0067
Car 0.0000 0 1.7455 590.4835 163.9509 621.3726 186.0640 1.5756 1.6202 3.9811 0.1163 0.3977 52.4760 1.7495 0.0067
Car 0.0000 0 -1.6990 563.8320 162.2609 610.5538 198.4008 1.5978 1.6991 4.0201 -0.9190 0.7929 33.3716 -1.7244 0.0067
Car 0.0000 0 2.8737 510.5510 158.4644 613.1359 195.1639 1.5601 1.6559 4.2809 -1.9509 0.6248 31.5235 2.8145 0.0067
Car 0.0000 0 -1.0871 557.2141 162.9367 629.4614 199.3373 1.5813 1.7278 3.9155 -0.4905 0.8198 32.8479 -1.1000 0.0067
Car 0.0000 0 1.4603 582.2269 168.4979 607.5346 190.1924 1.5476 1.4920 3.5224 -0.7704 0.6927 52.2712 1.4474 0.0067
Cyclist 0.0000 0 0.4947 12.9157 163.0245 134.3145 264.5040 1.7972 0.5248 1.7351 -9.7067 1.4894 12.8956 -0.1369 0.0066
Car 0.0000 0 0.5712 0.0000 0.0000 1224.0000 370.0000 1.5702 1.6018 3.8680 10.0040 1.2596 1.1571 1.9965 0.0066
Car 0.0000 0 -1.5491 1208.6666 156.3668 1224.0000 218.5189 1.6275 1.6943 4.1261 18.7958 0.9972 20.5928 -0.8154 0.0066
Car 0.0000 0 0.1787 539.1591 165.2589 629.3414 197.9946 1.4454 1.5894 3.8964 -0.9351 0.7739 32.2936 0.1520 0.0066
Car 0.0000 0 0.5031 0.0000 0.0000 1224.0000 370.0000 1.5001 1.5771 3.8086 9.9363 1.1487 1.5235 1.8916 0.0066
Cyclist 0.0000 0 -1.4691 0.0000 169.1007 21.5997 251.1326 1.5968 0.3307 1.4880 -12.2926 1.3765 14.4684 -2.1607 0.0066
Pedestrian 0.0000 0 -1.8461 968.8071 158.8248 1010.1879 242.4010 1.6028 0.5986 0.4882 7.4863 1.1887 13.8559 -1.3585 0.0065
Car 0.0000 0 -1.8171 0.0000 0.0000 1224.0000 370.0000 1.6279 1.7378 4.4981 11.6531 0.9808 1.3573 -0.3881 0.0065
Car 0.0000 0 1.3430 598.7852 166.1949 653.2210 201.5487 1.4754 1.6570 3.5206 0.8529 0.8799 31.3922 1.3717 0.0065
Car 0.0000 0 -1.4408 1211.2699 152.8996 1224.0000 216.5074 1.6571 1.7004 4.0568 18.9789 0.9396 20.3688 -0.6969 0.0065
Car 0.0000 0 1.7654 0.0000 172.4871 27.2064 207.0018 1.5126 1.5519 3.7113 -28.3747 1.1629 32.9788 1.0614 0.0065
Cyclist 0.0000 0 -0.7433 12.6278 167.9488 130.0215 273.0646 1.7705 0.5197 1.8215 -9.6751 1.5607 12.8479 -1.3752 0.0065
Car 0.0000 0 -1.6257 607.3711 167.1848 648.2392 198.7998 1.3692 1.6819 3.2694 0.9758 0.7940 32.2702 -1.5939 0.0064
Car 0.0000 0 2.1192 0.0000 171.6961 14.3267 233.1173 1.5945 1.5272 3.6372 -18.9909 1.3675 20.2818 1.3763 0.0063
Car 0.0000 0 -1.6769 547.1365 160.8916 591.8337 196.6650 1.5624 1.6679 3.9512 -1.7309 0.7075 32.9571 -1.7269 0.0063
Car 0.0000 0 -0.3557 0.0000 0.0000 1224.0000 370.0000 1.4228 1.6873 4.1212 -26.5080 1.7207 1.4647 -1.8575 0.0063
Car 0.0000 0 -4.5684 0.0000 0.0000 1224.0000 370.0000 1.3145 1.3290 3.3282 15.3470 1.2228 -0.1232 -3.0092 0.0063
Car 0.0000 0 0.9485 0.0000 173.0734 37.3408 206.3273 1.4791 1.6046 3.9090 -28.6065 1.1502 32.6804 0.2361 0.0063
Car 0.0000 0 1.9857 553.0162 163.2096 619.4462 198.8784 1.4958 1.6634 3.5769 -0.7961 0.7722 31.6163 1.9627 0.0063
Car 0.0000 0 -1.8564 540.1775 160.2210 598.5727 196.9845 1.5885 1.6600 3.8940 -1.7283 0.7137 32.6572 -1.9068 0.0062
Car 0.0000 0 -1.7193 1194.9296 154.3385 1224.0000 217.0341 1.6383 1.6560 3.9734 18.5243 0.9563 20.5878 -0.9927 0.0062
Car 0.0000 0 1.3724 742.9683 157.2243 773.3766 179.6166 1.8137 1.7358 4.0251 12.8536 -0.0756 59.4511 1.5860 0.0061
Car 0.0000 0 1.3670 600.9536 165.5003 652.4641 199.7459 1.4563 1.6484 3.4776 0.9039 0.8199 31.9170 1.3969 0.0061
Car 0.0000 0 2.1012 556.4931 164.3181 624.6979 199.2999 1.4990 1.6191 3.3629 -0.6224 0.8071 32.1546 2.0839 0.0061
Car 0.0000 0 2.0084 531.2076 156.0956 606.1625 194.5001 1.5188 1.5750 4.1498 -1.4856 0.5552 30.1758 1.9617 0.0061
Car 0.0000 0 -3.3295 1103.4497 154.8264 1224.0000 217.2751 1.6355 1.6597 4.3807 17.0559 0.9647 20.2980 -2.6367 0.0061
Car 0.0000 0 -1.4067 0.0000 0.0000 1224.0000 370.0000 1.3284 1.4480 3.4544 15.6740 1.2417 -0.2662 0.1619 0.0061
Car 0.0000 0 -3.3512 1105.9307 154.1548 1224.0000 215.8918 1.6127 1.6625 4.1584 16.9201 0.9261 20.1659 -2.6592 0.0060
Car 0.0000 0 1.5096 0.0000 0.0000 1224.0000 370.0000 1.5907 1.6845 4.0195 10.1216 1.1708 0.8527 2.9661 0.0060
Car 0.0000 0 1.8580 0.0000 173.0582 45.2500 207.3606 1.5188 1.5540 3.7835 -28.0053 1.1908 33.3460 1.1659 0.0060
Car 0.0000 0 -1.6585 0.0000 0.0000 1224.0000 370.0000 1.3567 1.5426 3.3907 15.7846 1.1900 0.1971 -0.1192 0.0060
Car 0.0000 0 2.0592 0.0000 174.8396 62.7151 209.3833 1.5337 1.5593 3.9377 -27.6673 1.2838 33.4697 1.3749 0.0060
Car 0.0000 0 1.0991 1203.5507 153.7785 1224.0000 215.3185 1.4686 1.5106 3.7365 17.8549 0.8325 18.8724 1.8500 0.0060
Car 0.0000 0 0.0088 574.4343 167.5370 650.1196 200.1830 1.4442 1.6764 3.3517 0.3178 0.8722 32.1449 0.0204 0.0059
Car 0.0000 0 -2.9486 543.7667 165.3985 632.1663 198.2348 1.4977 1.6828 3.9256 -0.7911 0.8104 33.4091 -2.9702 0.0059
Car 0.0000 0 -1.6217 0.0000 0.0000 1224.0000 370.0000 1.6238 1.7209 4.3750 10.5126 1.1225 0.8261 -0.1584 0.0059
Car 0.0000 0 -4.4816 0.0000 0.0000 1224.0000 370.0000 1.4275 1.5262 3.9849 16.1841 1.1655 -0.2205 -2.9157 0.0059
Car 0.0000 0 0.1892 563.0711 167.1408 639.5555 200.6089 1.4674 1.6283 3.2225 -0.1590 0.8831 32.0930 0.1862 0.0059
Car 0.0000 0 -1.2712 1201.2543 154.2193 1224.0000 217.4808 1.6592 1.7392 3.9925 19.0371 0.9715 20.2903 -0.5238 0.0058
Car 0.0000 0 -1.8569 549.9681 160.5251 608.0387 196.1768 1.5590 1.6550 3.9732 -1.2998 0.6870 33.0604 -1.8939 0.0058
Car 0.0000 0 1.6338 728.9410 159.3137 753.1782 181.3548 1.7962 1.7822 3.5817 11.5076 0.0709 59.5731 1.8254 0.0058
Car 0.0000 0 -2.7119 525.8525 163.3772 621.8791 197.5178 1.5226 1.7088 4.1588 -1.4750 0.7604 33.1040 -2.7541 0.0058
Car 0.0000 0 1.7690 882.0649 170.6116 1009.1558 255.4085 1.4423 1.5871 3.6724 6.7777 1.2758 13.9668 2.2136 0.0058
Car 0.0000 0 1.6045 0.0000 182.8361 12.1329 240.1411 1.4468 1.6520 4.1893 -18.0503 1.5220 20.1633 0.8839 0.0058
Car 0.0000 0 -1.7292 542.9434 160.6730 590.9872 196.5560 1.5427 1.6179 3.7941 -1.8197 0.6918 32.4180 -1.7828 0.0056
Car 0.0000 0 -1.4562 0.0000 0.0000 1224.0000 370.0000 1.6738 1.7661 4.2030 20.4729 1.0524 0.0749 0.0966 0.0056
Cyclist 0.0000 0 -2.3055 936.6213 166.8727 1007.3482 244.0527 1.5009 0.3983 1.4651 7.4566 1.2376 14.5044 -1.8378 0.0056
Car 0.0000 0 -1.5805 0.0000 0.0000 1224.0000 370.0000 1.3727 1.5931 3.9122 16.1284 1.2869 -0.0120 -0.0276 0.0056
Car 0.0000 0 1.6182 0.0000 181.8897 11.1196 237.8025 1.4148 1.6769 4.1051 -18.0897 1.4600 20.1167 0.8955 0.0056
Pedestrian 0.0000 0 -3.0515 778.5211 161.1211 790.4502 187.9196 1.8427 0.8187 0.7331 12.4761 0.5115 49.1203 -2.8026 0.0056
Car 0.0000 0 1.7106 0.0000 179.7245 12.7624 238.7857 1.4873 1.6778 4.4534 -18.2903 1.4694 20.1183 0.9824 0.0056
Car 0.0000 0 -1.6721 1200.3237 153.2069 1224.0000 216.8886 1.6628 1.6678 4.0467 18.5847 0.9517 20.5845 -0.9438 0.0055
Car 0.0000 0 1.4850 886.2225 174.1949 994.4109 257.8343 1.4253 1.5683 3.5778 6.4465 1.3195 13.9914 1.9099 0.0055
Cyclist 0.0000 0 0.6770 32.2408 172.9472 144.5535 270.2063 1.7304 0.5197 1.7140 -9.4440 1.5977 12.8835 0.0579 0.0055
Car 0.0000 0 0.1210 635.6631 157.4937 709.9501 186.9151 1.6477 1.7250 4.0968 3.9343 0.3607 40.8782 0.2181 0.0055
Car 0.0000 0 2.3165 534.1874 161.2765 616.9360 197.3552 1.5007 1.5759 3.6871 -1.2719 0.7026 31.3172 2.2783 0.0055
Car 0.0000 0 -1.5710 1218.2977 149.2338 1224.0000 215.7864 1.7315 1.7062 4.2438 18.9795 0.9196 20.5329 -0.8310 0.0055
Car 0.0000 0 2.4903 507.6863 156.7645 611.6827 193.9431 1.5100 1.6276 4.4363 -1.9321 0.5475 30.7766 2.4303 0.0055
Car 0.0000 0 -4.4585 0.0000 0.0000 1224.0000 370.0000 1.5767 1.7632 4.5552 9.4737 1.3106 0.7955 -3.0038 0.0055
Car 0.0000 0 2.5530 523.8146 158.2447 617.3615 195.3714 1.5453 1.5972 3.8940 -1.5059 0.6205 31.2213 2.5073 0.0055
Car 0.0000 0 -2.5976 0.0000 0.0000 1224.0000 370.0000 1.5219 1.6736 3.5436 12.8280 0.8901 0.2856 -1.0729 0.0054
Car 0.0000 0 3.1036 0.0000 0.0000 1224.0000 370.0000 1.4941 1.6894 4.5589 -27.1549 1.7068 1.3546 1.5961 0.0054
Car 0.0000 0 -1.6038 567.9534 160.6461 606.3512 196.6953 1.5848 1.6628 3.9570 -0.9055 0.7134 33.1019 -1.6290 0.0054
Car 0.0000 0 1.6276 0.0000 0.0000 1224.0000 370.0000 1.5812 1.6661 4.1218 9.9390 1.2010 0.8167 3.0856 0.0054
Car 0.0000 0 3.1507 0.0000 0.0000 1224.0000 370.0000 1.4881 1.7221 4.4052 -27.1843 1.7591 1.3796 1.6441 0.0054
Car 0.0000 0 1.6123 0.0000 181.5614 10.4407 237.8168 1.4243 1.6693 4.1250 -18.0796 1.4592 20.1039 0.8895 0.0054
Car 0.0000 0 -2.8037 534.2359 164.7017 633.1530 198.9622 1.5040 1.7592 4.2015 -0.9843 0.8120 32.5123 -2.8318 0.0053
Car 0.0000 0 0.6460 574.6169 165.2364 662.9492 199.2855 1.4437 1.6989 3.6901 0.5710 0.7980 31.7816 0.6657 0.0053
Car 0.0000 0 -1.3359 558.2017 161.2462 612.6216 198.3882 1.6131 1.7010 3.6654 -0.8612 0.7784 32.6721 -1.3601 0.0053
Car 0.0000 0 -1.5183 543.3698 160.1994 583.0928 196.4376 1.5460 1.5905 3.8777 -1.8608 0.6814 32.1001 -1.5737 0.0052
Car 0.0000 0 2.2075 1142.2253 156.5436 1224.0000 216.5456 1.5248 1.5394 3.9275 16.8427 0.9176 19.1408 2.9225 0.0052
Car 0.0000 0 -3.6008 1106.1145 154.1992 1224.0000 215.8899 1.6219 1.6476 4.1385 16.7822 0.9320 19.8687 -2.9056 0.0051
Car 0.0000 0 -1.9116 546.7915 159.9855 609.7060 196.2390 1.5749 1.6793 3.9969 -1.3306 0.6852 32.8770 -1.9498 0.0051
Car 0.0000 0 -3.1407 0.0000 0.0000 1224.0000 370.0000 1.3413 1.5451 3.4737 15.0040 1.2456 0.3082 -1.6105 0.0051
Car 0.0000 0 1.3581 0.0000 0.0000 1224.0000 370.0000 1.4971 1.6246 3.7030 10.6374 1.2088 -0.0300 2.9027 0.0051
Car 0.0000 0 0.7854 133.4374 190.7390 260.6968 232.2216 1.4396 1.7647 4.1223 -15.3601 1.8469 26.6204 0.2687 0.0051
Car 0.0000 0 1.4173 595.6407 165.8533 648.6210 201.1328 1.4853 1.7957 3.9314 0.6835 0.8701 31.8275 1.4404 0.0051
Car 0.0000 0 1.8035 563.8633 167.4366 620.3149 201.4248 1.4299 1.7233 3.6841 -0.5343 0.8818 31.7263 1.7886 0.0050
Car 0.0000 0 2.4554 542.3326 164.0777 627.0891 198.7394 1.4649 1.6426 3.5578 -0.8956 0.7723 31.6612 2.4293 0.0050
Pedestrian 0.0000 0 -1.7997 984.1586 165.8956 1025.5702 245.9873 1.5341 0.6058 0.4952 7.7885 1.2560 13.8585 -1.2957 0.0050
Car 0.0000 0 3.1820 0.0000 0.0000 1224.0000 370.0000 1.5157 1.7305 4.2340 -27.2747 1.7515 1.7095 1.6872 0.0050
Car 0.0000 0 -1.8724 0.0000 0.0000 1224.0000 370.0000 1.5772 1.6087 4.0774 11.2111 0.9591 1.1317 -0.4293 0.0050
Pedestrian 0.0000 0 -0.7925 967.9588 157.7641 1010.8722 240.4595 1.5838 0.5755 0.4694 7.5015 1.1500 13.8818 -0.3048 0.0050
Car 0.0000 0 3.7365 0.0000 173.8350 30.1678 220.0646 1.5876 1.7424 4.3324 -23.6979 1.3602 25.4541 2.9949 0.0050
Car 0.0000 0 -1.2195 0.0000 183.8017 8.1405 239.3371 1.4301 1.4994 3.5516 -18.8733 1.5358 20.3588 -1.9575 0.0050
Car 0.0000 0 2.9159 0.0000 0.0000 1224.0000 370.0000 1.4753 1.6495 4.3574 -26.8076 1.6745 1.3876 1.4104 0.0049
Cyclist 0.0000 0 -2.2978 960.0219 162.4302 1040.7198 248.9760 1.6060 0.4218 1.5967 7.7143 1.2723 13.9408 -1.8003 0.0049
Pedestrian 0.0000 0 -1.8111 984.3199 165.2913 1026.5847 245.8055 1.5412 0.6126 0.5105 7.7981 1.2517 13.8557 -1.3065 0.0049
Car 0.0000 0 1.4410 596.6302 166.2895 643.2281 201.3999 1.4561 1.6009 3.5551 0.5830 0.8682 31.1717 1.4614 0.0049
Car 0.0000 0 2.0269 553.1130 165.3591 620.3337 199.8819 1.4597 1.6155 3.5693 -0.7817 0.8210 31.8502 2.0044 0.0049
Car 0.0000 0 2.3126 852.3671 181.0635 1039.4055 256.7236 1.4052 1.5026 3.4999 6.9503 1.4195 14.5060 2.7525 0.0049
Car 0.0000 0 2.8972 0.0000 0.0000 1224.0000 370.0000 1.4953 1.6481 4.0321 -26.8484 1.7467 1.4556 1.3941 0.0049
Car 0.0000 0 1.9869 551.6381 163.7246 619.8879 200.4562 1.5382 1.7148 3.6544 -0.8141 0.8372 31.6195 1.9633 0.0049
Car 0.0000 0 -1.3596 0.0000 0.0000 1224.0000 370.0000 1.3621 1.5176 3.6194 15.8810 1.2763 -0.2523 0.2082 0.0048
Car 0.0000 0 0.1208 629.0717 157.5824 707.7491 187.9410 1.7016 1.7910 4.3551 3.6898 0.4185 40.9588 0.2118 0.0048
Car 0.0000 0 1.5377 0.0000 0.0000 1224.0000 370.0000 1.5888 1.7016 4.1794 10.0360 1.2425 0.9220 2.9864 0.0048
Car 0.0000 0 -1.2500 545.3438 159.5937 605.8397 196.1112 1.5601 1.6262 3.8300 -1.2919 0.6684 32.2672 -1.2877 0.0048
Car 0.0000 0 1.4721 745.4977 158.2241 771.1454 180.0101 1.7543 1.7278 3.7334 12.7701 -0.0410 58.9736 1.6860 0.0048
Car 0.0000 0 -4.5702 0.0000 0.0000 1224.0000 370.0000 1.3298 1.3347 3.3649 15.7859 1.1892 -0.1306 -3.0102 0.0048
Car 0.0000 0 2.0298 562.3843 164.0840 626.2226 197.8236 1.4592 1.6254 3.3090 -0.4574 0.7507 32.4181 2.0177 0.0048
Car 0.0000 0 2.0264 0.0000 173.7324 22.1561 237.1203 1.6027 1.6915 4.2128 -18.7142 1.4332 20.1306 1.2871 0.0047
Car 0.0000 0 -0.1974 0.0000 0.0000 1224.0000 370.0000 1.4624 1.7511 4.4831 -26.7875 1.6877 1.4956 -1.6988 0.0047
Car 0.0000 0 -1.0910 1206.0809 156.6996 1224.0000 218.0145 1.6159 1.5941 3.7279 19.1091 0.9903 19.9937 -0.3346 0.0047
Car 0.0000 0 2.9472 0.0000 0.0000 1224.0000 370.0000 1.5226 1.6926 3.9812 -26.9758 1.7770 1.6449 1.4508 0.0046
Car 0.0000 0 2.6827 0.0000 0.0000 1224.0000 370.0000 1.4389 1.5953 3.9488 -26.4079 1.7136 1.2890 1.1745 0.0046
Car 0.0000 0 0.0056 569.6772 168.9983 656.1641 200.1265 1.4220 1.6624 3.9551 0.3566 0.8981 33.1618 0.0180 0.0046
Car 0.0000 0 -0.9604 553.4886 164.4689 628.6446 199.1004 1.4868 1.7105 3.5375 -0.6025 0.8001 32.2954 -0.9770 0.0046
Car 0.0000 0 -1.6818 0.0000 0.0000 1224.0000 370.0000 1.7511 1.7417 4.0848 11.0915 0.9552 0.9333 -0.2225 0.0045
Car 0.0000 0 3.7684 0.0000 173.5685 24.6066 219.7938 1.5897 1.7254 3.9836 -23.6470 1.3528 25.3953 3.0267 0.0045
Car 0.0000 0 -1.3681 0.0000 0.0000 1224.0000 370.0000 1.3583 1.5284 3.5540 15.8297 1.2703 -0.2732 0.2010 0.0045
Car 0.0000 0 0.0097 655.2750 152.5982 729.7012 183.2541 1.7201 1.7722 4.1730 5.0382 0.1559 40.8237 0.1335 0.0045
Car 0.0000 0 -2.1142 0.0000 185.8835 18.8640 234.3567 1.3878 1.6045 3.9940 -20.4762 1.5660 21.8621 -2.8579 0.0045
Car 0.0000 0 -2.4027 0.0000 175.7952 30.8090 218.8371 1.5151 1.6903 3.9546 -23.5922 1.3510 25.7388 -3.1367 0.0045
Car 0.0000 0 -1.8786 0.0000 187.2345 10.9373 236.7050 1.3976 1.6020 3.9732 -20.4869 1.6260 22.1182 -2.6169 0.0045
Car 0.0000 0 -1.2893 1208.8870 151.1173 1224.0000 213.6051 1.6216 1.6872 3.5727 18.8386 0.8607 19.9850 -0.5397 0.0044
Car 0.0000 0 1.6790 693.9050 163.6179 742.3600 202.2552 1.4509 1.5503 3.5769 4.5856 0.8184 28.4751 1.8387 0.0044
Car 0.0000 0 -0.1551 542.6393 167.8435 634.3476 200.2364 1.4563 1.6775 4.0646 -0.8176 0.8888 32.9670 -0.1778 0.0044
Car 0.0000 0 -1.5360 605.0994 166.9469 643.7899 199.2654 1.3952 1.6466 3.1650 0.9074 0.8116 32.1508 -1.5062 0.0044
Car 0.0000 0 -2.7050 525.0266 163.1391 620.9933 197.3448 1.5224 1.6963 4.1536 -1.5136 0.7512 33.0426 -2.7485 0.0044
Car 0.0000 0 -0.0192 596.4359 165.8566 685.3801 198.7353 1.4677 1.7861 3.9739 1.6111 0.8155 32.5138 0.0316 0.0044
Cyclist 0.0000 0 0.7748 0.0000 0.0000 1224.0000 370.0000 1.6681 0.5877 1.7317 1.1981 1.7246 0.6869 1.6465 0.0044
Car 0.0000 0 1.9302 552.5417 161.9490 616.2245 197.7866 1.4846 1.6068 3.7181 -0.8655 0.7176 31.3041 1.9048 0.0043
Cyclist 0.0000 0 -1.2419 0.0000 169.2576 22.6583 253.9027 1.6222 0.3483 1.4656 -12.3279 1.4084 14.2918 -1.9409 0.0043
Car 0.0000 0 -1.9504 892.4954 176.9313 1024.5894 240.1843 1.5353 1.6942 4.3473 9.4517 1.4503 19.3840 -1.5016 0.0043
Car 0.0000 0 1.7066 730.6873 158.5754 759.8706 180.6242 1.7838 1.8326 4.3857 11.8730 0.0113 59.5689 1.9041 0.0043
Car 0.0000 0 -1.4479 1201.9402 154.8799 1224.0000 218.5195 1.6680 1.6802 4.1778 18.8154 0.9981 20.5282 -0.7122 0.0042
Car 0.0000 0 -0.3883 537.7798 164.4939 626.8299 197.8292 1.4376 1.5496 3.7121 -1.0417 0.7488 31.9484 -0.4187 0.0042
Car 0.0000 0 -2.7535 0.0000 0.0000 1224.0000 370.0000 1.4363 1.5083 3.5018 6.0348 1.5829 0.0901 -1.2496 0.0042
Car 0.0000 0 -0.1583 661.5562 153.3778 739.8416 184.0900 1.7339 1.7809 4.2528 5.4763 0.2041 40.8532 -0.0242 0.0042
Car 0.0000 0 2.0473 545.7823 160.3297 613.9402 196.6805 1.5043 1.4872 3.6660 -1.0661 0.6711 31.2292 2.0154 0.0042
Pedestrian 0.0000 0 -0.1444 779.5153 162.6701 790.9626 188.2402 1.7630 0.7763 0.6657 12.5346 0.5350 49.1662 0.1054 0.0042
Car 0.0000 0 -1.7149 603.1122 166.7027 650.3989 199.9359 1.4254 1.6829 3.2818 0.9161 0.8351 32.0475 -1.6848 0.0041
Car 0.0000 0 0.1268 649.7229 156.2688 718.7179 185.8110 1.6519 1.7266 3.7700 4.5855 0.2984 40.8174 0.2397 0.0041
Car 0.0000 0 1.2345 583.6691 166.9373 641.5088 199.7079 1.3790 1.5741 3.3091 0.2656 0.8098 31.5681 1.2447 0.0041
Car 0.0000 0 1.5375 0.0000 0.0000 1224.0000 370.0000 1.5868 1.7632 4.2536 9.9894 1.2516 0.9427 2.9836 0.0041
Car 0.0000 0 -1.5101 0.0000 0.0000 1224.0000 370.0000 1.3423 1.5282 3.5671 15.8997 1.2895 -0.1001 0.0481 0.0041
Car 0.0000 0 -1.5412 657.9830 152.2601 689.1136 184.6527 1.8295 1.7213 3.9580 4.1073 0.2359 42.0005 -1.4425 0.0041
Car 0.0000 0 -0.2147 564.1602 167.8447 667.0831 201.8429 1.4824 1.8989 4.3807 0.4289 0.9321 32.1897 -0.1997 0.0041
Car 0.0000 0 -2.9283 0.0000 0.0000 1224.0000 370.0000 1.4644 1.6137 3.3524 12.8026 0.8784 0.0781 -1.3875 0.0041
Car 0.0000 0 1.0826 682.5146 156.8018 774.2177 202.0891 1.6172 1.7592 4.1385 4.6623 0.7725 27.4851 1.2507 0.0041
Car 0.0000 0 -1.3621 0.0000 0.0000 1224.0000 370.0000 1.3456 1.5179 3.4445 15.7605 1.3087 -0.2908 0.2081 0.0041
Car 0.0000 0 -1.7162 554.8413 160.5449 601.7375 197.0896 1.5834 1.6365 3.7130 -1.3056 0.7203 32.6040 -1.7539 0.0041
Car 0.0000 0 2.7048 0.0000 0.0000 1224.0000 370.0000 1.5003 1.6217 3.7210 -26.4255 1.8377 1.3365 1.1982 0.0041
Car 0.0000 0 -0.7669 1177.2246 153.2346 1224.0000 216.3189 1.6091 1.7037 4.3816 18.1381 0.9152 18.9011 -0.0089 0.0040
Car 0.0000 0 1.9569 192.9389 203.6272 276.3547 247.2995 1.4505 1.5575 3.7347 -14.2915 2.4131 27.4491 1.4829 0.0040
Car 0.0000 0 1.9361 193.2548 203.4408 272.9019 247.2565 1.4609 1.5358 3.5738 -14.3241 2.4112 27.3780 1.4602 0.0040
Car 0.0000 0 -2.2497 0.0000 187.4157 25.3150 236.5533 1.4178 1.5907 3.9476 -20.3664 1.6430 21.7794 -2.9926 0.0040
Car 0.0000 0 -1.6401 605.2163 167.1141 647.9193 200.3924 1.4298 1.6961 3.5153 0.9105 0.8561 32.1625 -1.6102 0.0040
Car 0.0000 0 1.4037 589.3847 168.5902 637.3202 201.7500 1.3921 1.5977 3.3107 0.3006 0.8936 31.4383 1.4150 0.0040
Car 0.0000 0 2.1691 195.4164 201.8793 294.8383 246.0136 1.4717 1.5449 3.8276 -13.9039 2.3657 27.5111 1.7071 0.0039
Pedestrian 0.0000 0 0.3265 1002.4521 158.1238 1098.8593 356.5266 1.8219 0.4984 0.6797 4.2992 1.6181 6.9080 0.8645 0.0039
Car 0.0000 0 2.3530 0.0000 182.5185 115.2329 240.2844 1.4661 1.7947 4.7440 -16.9810 1.5333 20.5611 1.6720 0.0039
Car 0.0000 0 -0.3158 541.9194 165.8520 630.4974 198.8658 1.4347 1.5611 3.7171 -0.8786 0.7996 32.0786 -0.3410 0.0039
Car 0.0000 0 1.4419 736.4842 159.2240 766.3353 181.8013 1.8096 1.9299 3.9665 12.1322 0.1055 58.7170 1.6464 0.0039
Pedestrian 0.0000 0 0.1704 743.8279 158.9201 754.4374 181.3825 1.8771 0.8243 0.7473 12.1694 0.0750 59.6001 0.3726 0.0039
Pedestrian 0.0000 0 1.4773 100.7220 170.4797 137.4166 273.2713 1.7622 0.4790 0.7165 -8.6728 1.5921 12.5453 0.8860 0.0039
Car 0.0000 0 -0.3926 553.3574 168.4532 636.7949 201.5039 1.4622 1.7032 3.4773 -0.4833 0.9307 32.7446 -0.4054 0.0039
Pedestrian 0.0000 0 1.2725 97.0773 169.7516 143.2378 273.4766 1.7778 0.4795 0.7599 -8.6480 1.5953 12.5395 0.6822 0.0039
Car 0.0000 0 -4.4822 0.0000 0.0000 1224.0000 370.0000 1.3332 1.3362 3.3260 15.8603 1.2146 -0.1695 -2.9196 0.0038
Car 0.0000 0 -1.0592 555.8119 163.9730 626.3025 198.3963 1.4767 1.7184 3.5032 -0.5986 0.7692 32.2749 -1.0757 0.0038
Cyclist 0.0000 0 -1.6898 745.8310 159.9814 754.6002 180.5481 1.6948 0.5059 1.8195 12.1674 0.0052 59.1857 -1.4863 0.0038
Car 0.0000 0 -1.1537 575.8659 165.9564 634.7025 197.6973 1.4420 1.6290 3.2901 0.0460 0.7828 33.9516 -1.1505 0.0038
Car 0.0000 0 1.6581 0.0000 180.3983 12.4856 237.8730 1.4684 1.6997 4.0962 -18.2398 1.4674 20.2107 0.9335 0.0037
Car 0.0000 0 -3.4807 842.4142 182.5565 1054.1384 254.6737 1.3926 1.5815 3.6253 6.9366 1.4397 14.6639 -3.0456 0.0037
Car 0.0000 0 0.2134 0.0000 0.0000 1224.0000 370.0000 1.5313 1.8203 4.5056 -27.2084 1.7503 1.6571 -1.2832 0.0037
Car 0.0000 0 -0.1519 543.6617 164.8916 633.5427 198.0991 1.5015 1.6364 4.0075 -0.8147 0.7972 33.1174 -0.1743 0.0037
Car 0.0000 0 -0.4326 962.9163 169.5895 1175.8118 244.3123 1.4187 1.5331 3.2815 9.2679 1.2132 14.3934 0.1311 0.0037
Car 0.0000 0 -1.4706 0.0000 0.0000 1224.0000 370.0000 1.3278 1.5418 3.4180 15.8359 1.3113 -0.1663 0.0918 0.0037
Car 0.0000 0 1.9314 1188.1187 156.9434 1224.0000 217.9247 1.5314 1.4484 3.5440 17.5771 0.9415 19.2066 2.6659 0.0037
Car 0.0000 0 -1.8308 816.4103 153.9400 865.0643 183.7543 1.6212 1.6491 4.0384 13.4282 0.1784 40.5068 -1.5112 0.0036
Car 0.0000 0 0.7710 144.8295 200.0916 262.0727 243.4716 1.4866 1.6263 3.7929 -15.1396 2.2620 26.6507 0.2608 0.0036
Car 0.0000 0 -1.8712 600.2283 169.4651 658.7319 201.3848 1.3775 1.7244 3.4708 1.0440 0.9027 32.4081 -1.8375 0.0036
Car 0.0000 0 1.3912 694.2593 161.7607 755.0208 202.5982 1.5030 1.6697 3.9966 4.6342 0.8148 28.0284 1.5551 0.0036
Car 0.0000 0 1.6408 0.0000 180.2664 13.6404 237.4427 1.4470 1.6820 4.3406 -18.0869 1.4427 20.1242 0.9183 0.0036
Car 0.0000 0 -1.9051 454.8871 181.3386 561.6946 239.3275 1.3483 1.5725 3.9145 -2.6849 1.3744 18.5955 -2.0443 0.0036
Car 0.0000 0 -1.8142 0.0000 0.0000 1224.0000 370.0000 1.4803 1.3967 3.4958 12.7259 0.9704 -0.1789 -0.2534 0.0036
Car 0.0000 0 -1.8012 0.0000 0.0000 1224.0000 370.0000 1.5297 1.4468 3.3785 12.7862 0.9301 -0.0188 -0.2529 0.0035
Car 0.0000 0 1.4852 0.0000 0.0000 1224.0000 370.0000 1.6760 1.6349 4.2464 10.4623 1.2088 1.0097 2.9307 0.0035
Pedestrian 0.0000 0 -0.1388 1146.1151 152.7726 1208.3656 261.0348 1.7347 0.5142 0.7324 9.4351 1.2921 11.7308 0.5270 0.0035
Cyclist 0.0000 0 -2.1654 949.4224 154.5363 1025.7206 245.3255 1.6750 0.4074 1.7268 7.4472 1.1976 13.9201 -1.6819 0.0035
Pedestrian 0.0000 0 0.9955 946.7852 146.9545 997.6132 238.6388 1.8301 0.6250 0.7313 7.4821 1.1621 14.5049 1.4646 0.0035
Car 0.0000 0 -1.9027 0.0000 185.2265 15.0628 235.4566 1.4286 1.6048 4.0884 -20.4269 1.5892 22.1079 -2.6397 0.0035
Car 0.0000 0 -0.1767 973.6412 169.8725 1154.5068 247.3844 1.4167 1.4810 2.7950 8.9778 1.2241 14.1249 0.3810 0.0035
Car 0.0000 0 1.7047 888.0387 171.2158 999.9639 254.7558 1.4060 1.5334 3.4788 6.6448 1.2514 13.7710 2.1471 0.0035
Cyclist 0.0000 0 -2.2570 945.8477 164.1201 1019.7645 246.9128 1.5615 0.3898 1.5612 7.4753 1.2542 14.1344 -1.7781 0.0034
Cyclist 0.0000 0 0.4176 0.0000 0.0000 1224.0000 370.0000 1.6619 0.5249 1.9197 1.4929 1.6824 0.3725 1.5538 0.0034
Car 0.0000 0 1.2275 574.0737 165.4900 635.7516 200.6042 1.4966 1.6879 3.5824 -0.0838 0.8583 32.1003 1.2267 0.0034
Car 0.0000 0 0.9723 1197.8806 156.3476 1224.0000 216.3233 1.4694 1.4853 3.1531 17.7924 0.8792 18.9858 1.7185 0.0034
Car 0.0000 0 -1.4102 668.4059 149.5135 708.3527 183.1381 1.8698 1.7027 4.0276 4.9341 0.1481 41.4843 -1.2908 0.0034
Car 0.0000 0 -1.2698 473.7015 182.8147 578.9445 241.7118 1.3579 1.6022 4.0404 -1.9713 1.4274 18.6032 -1.3719 0.0034
Car 0.0000 0 -1.7381 598.9691 167.9043 645.6385 198.1544 1.3770 1.6844 3.4767 0.7637 0.8051 34.0216 -1.7141 0.0033
Car 0.0000 0 -0.5891 954.1288 170.2598 1173.9047 244.2028 1.4430 1.7027 3.4798 9.3773 1.2448 14.6947 -0.0292 0.0033
Pedestrian 0.0000 0 0.8634 642.2474 152.8089 700.9705 270.2469 1.7288 0.4655 0.8368 0.9705 1.3228 10.8790 0.9517 0.0033
Car 0.0000 0 -2.1254 0.0000 187.8485 16.5685 235.8781 1.3750 1.5392 3.8750 -20.5061 1.6172 21.8855 -2.8693 0.0033
Car 0.0000 0 -1.8380 599.6889 168.4796 655.0437 201.2119 1.4307 1.6820 3.5623 0.9608 0.9068 32.8285 -1.8072 0.0033
Car 0.0000 0 -3.4981 843.1285 180.5029 1044.6049 250.7708 1.3733 1.5870 3.4434 6.8908 1.3749 14.7323 -3.0672 0.0033
Car 0.0000 0 -2.1390 0.0000 185.1234 17.6903 234.1412 1.4108 1.5457 3.9604 -20.4841 1.5633 21.8328 -2.8835 0.0033
Car 0.0000 0 -0.8168 0.0000 181.6268 27.4350 238.9305 1.5314 1.5485 3.5956 -19.2626 1.5689 20.7705 -1.5552 0.0032
Car 0.0000 0 1.4422 729.6704 158.4371 756.1493 181.5526 1.8746 1.7352 3.5116 11.5191 0.0866 59.1420 1.6354 0.0032
Car 0.0000 0 -1.8979 454.7992 180.8722 562.9798 239.6060 1.3404 1.6126 3.8031 -2.6162 1.3527 18.2180 -2.0363 0.0032
Car 0.0000 0 -0.4910 951.6247 166.0066 1203.3003 245.6513 1.5199 1.7699 3.9350 9.4835 1.2450 14.5259 0.0791 0.0032
Car 0.0000 0 -1.5448 828.9183 149.7858 862.3469 181.2351 1.7050 1.7122 4.0775 13.8279 0.0413 40.5362 -1.2165 0.0032
Car 0.0000 0 -1.6180 484.3816 181.4373 554.0350 239.2419 1.3584 1.6361 3.8755 -2.3960 1.3875 18.7247 -1.7414 0.0032
Car 0.0000 0 -3.1450 859.3624 175.5807 1054.0200 251.3503 1.4346 1.6295 3.4827 7.2341 1.3431 14.8642 -2.6988 0.0031
Car 0.0000 0 0.7291 0.0000 175.4347 111.4700 216.6835 1.4734 1.4775 3.4781 -20.4708 1.2940 26.1125 0.0720 0.0031
Pedestrian 0.0000 0 -0.0891 744.2379 159.1295 753.6866 181.4677 1.8689 0.8168 0.7102 12.1490 0.0822 59.5942 0.1128 0.0031
Car 0.0000 0 0.0215 619.7485 156.8655 694.1472 186.8334 1.6913 1.6716 4.2094 3.0079 0.3588 40.9330 0.0962 0.0031
Car 0.0000 0 0.7675 1207.2246 154.7080 1224.0000 217.2209 1.4780 1.4726 3.3253 17.8370 0.8698 18.4030 1.5303 0.0030
Car 0.0000 0 1.4391 590.5333 168.3278 636.9996 202.2415 1.4194 1.6277 3.3613 0.3175 0.9115 31.3542 1.4510 0.0030
Car 0.0000 0 0.3196 678.9899 159.9115 791.2310 202.6212 1.5690 1.7957 3.9634 5.0624 0.8142 27.7081 0.5002 0.0030
Car 0.0000 0 -0.1498 887.4468 176.4585 1093.9543 248.4440 1.3693 1.4933 3.5751 7.8092 1.2940 14.7305 0.3305 0.0030
Car 0.0000 0 -0.4787 936.5471 175.3653 1147.5784 244.8159 1.3562 1.6264 3.3657 8.9200 1.2575 14.7118 0.0584 0.0030
Car 0.0000 0 -2.7929 618.4236 156.3560 692.6063 186.3830 1.6841 1.7370 3.9623 2.9399 0.3313 41.2531 -2.7204 0.0030
Car 0.0000 0 -1.7446 0.0000 0.0000 1224.0000 370.0000 1.4697 1.6732 4.4571 11.1861 0.9056 1.2251 -0.3100 0.0030
Pedestrian 0.0000 0 -1.9589 0.0000 0.0000 1224.0000 370.0000 1.6846 0.6778 0.7483 3.7484 1.6142 0.1286 -0.5066 0.0030
Car 0.0000 0 -2.9287 0.0000 0.0000 1224.0000 370.0000 1.5004 1.6874 3.5240 12.7052 1.0959 -0.0052 -1.3816 0.0030
Car 0.0000 0 0.9956 682.0097 158.1731 788.7880 207.0075 1.7015 1.8955 4.4235 4.8356 0.9251 27.0362 1.1724 0.0030
Car 0.0000 0 1.6384 485.6216 181.8479 559.2109 243.9671 1.3273 1.4876 4.0602 -1.9463 1.3657 17.2500 1.5299 0.0029
Car 0.0000 0 -0.7996 891.9494 167.7720 1133.6685 247.3811 1.5429 1.7949 4.6538 8.7053 1.2979 15.2183 -0.2873 0.0029
Car 0.0000 0 -1.8668 907.8887 180.6320 1023.3535 241.1838 1.4880 1.7043 3.9571 9.7263 1.4935 19.4685 -1.4085 0.0029
Car 0.0000 0 -2.8552 610.4881 157.1071 692.1966 187.3713 1.6992 1.7041 4.4587 2.6997 0.3872 41.2636 -2.7885 0.0029
Car 0.0000 0 -3.3585 0.0000 0.0000 1224.0000 370.0000 1.4186 1.6978 3.4631 15.3626 1.2535 0.2396 -1.8229 0.0029
Cyclist 0.0000 0 0.2810 0.0000 0.0000 1224.0000 370.0000 1.5643 0.3946 1.5489 -6.6061 1.5546 0.5694 -1.1537 0.0029
Car 0.0000 0 1.4662 579.5435 164.9647 626.6569 200.4255 1.5201 1.7682 3.6632 -0.1627 0.8556 32.2194 1.4630 0.0028
Car 0.0000 0 -2.5574 403.1006 167.2854 577.0012 231.1230 1.6932 1.7867 4.8029 -3.3973 1.3443 20.5515 -2.7170 0.0028
Car 0.0000 0 -1.4742 0.0000 0.0000 1224.0000 370.0000 1.5209 1.4768 3.0729 -19.6193 1.6897 0.9197 -2.9801 0.0028
Car 0.0000 0 1.7698 564.3601 167.9267 617.8784 201.7659 1.4147 1.7068 3.5480 -0.5770 0.8905 31.4537 1.7535 0.0028
Car 0.0000 0 2.8581 359.9656 178.5140 555.9744 244.5666 1.4264 1.6740 4.3254 -3.5401 1.3852 17.0099 2.6584 0.0028
Cyclist 0.0000 0 0.7617 0.0000 0.0000 1224.0000 370.0000 1.6462 0.5308 1.7608 1.4590 1.6825 0.7570 1.6967 0.0028
Car 0.0000 0 0.5284 130.3707 199.8060 258.1226 243.2952 1.5182 1.6533 3.7956 -15.2201 2.2604 26.2745 0.0099 0.0028
Car 0.0000 0 0.4237 644.2124 158.5360 719.4158 187.8562 1.6126 1.6663 3.9584 4.3889 0.4060 40.6050 0.5324 0.0028
Car 0.0000 0 1.1771 895.3210 168.9491 1070.7197 253.8026 1.4085 1.5304 3.9636 7.0666 1.2184 13.7634 1.6438 0.0028
Cyclist 0.0000 0 0.7414 0.0000 0.0000 1224.0000 370.0000 1.6777 0.5589 1.8215 1.1473 1.6718 0.3908 1.7570 0.0028
Car 0.0000 0 -1.4752 663.3245 152.8669 698.5376 185.8134 1.8431 1.6816 4.0721 4.5192 0.2986 41.7127 -1.3662 0.0028
Car 0.0000 0 -0.3814 960.3239 169.6286 1218.4144 249.5716 1.4743 1.6988 3.9411 9.5042 1.2755 14.2550 0.1980 0.0028
Car 0.0000 0 -0.8494 561.7771 166.3920 636.4241 200.6581 1.5122 1.6527 3.3978 -0.2541 0.8911 33.0225 -0.8552 0.0027
Car 0.0000 0 0.6303 0.0000 171.4557 115.1540 217.0201 1.5943 1.6328 3.6057 -20.1468 1.2794 25.6024 -0.0286 0.0027
Car 0.0000 0 -0.4181 971.1502 164.2552 1193.7407 244.8426 1.4953 1.5398 3.3509 9.3470 1.1956 14.1378 0.1575 0.0027
Car 0.0000 0 0.6328 0.0000 174.9063 111.5393 215.9832 1.4778 1.5573 3.5651 -20.6931 1.2781 26.2592 -0.0269 0.0027
Cyclist 0.0000 0 -1.4665 0.0000 172.5279 27.1553 255.7091 1.5958 0.4090 1.6819 -12.1632 1.4445 14.3739 -2.1561 0.0026
Car 0.0000 0 -1.7240 0.0000 0.0000 1224.0000 370.0000 1.2902 1.4705 3.2403 15.7603 1.2349 0.2371 -0.1873 0.0026
Car 0.0000 0 -0.3016 920.1625 173.4164 1137.6061 245.9663 1.3880 1.5646 3.5574 8.5812 1.2541 14.6731 0.2199 0.0026
Pedestrian 0.0000 0 -0.3358 0.0000 162.0733 16.0222 250.2197 1.7200 0.5171 0.5690 -12.3102 1.3621 14.1681 -1.0381 0.0026
Car 0.0000 0 -0.4296 958.6375 165.4861 1207.2994 245.8342 1.5001 1.6945 3.8106 9.4391 1.2215 14.3097 0.1450 0.0026
Car 0.0000 0 -1.5644 667.4738 153.0937 698.0214 186.0150 1.8349 1.6964 4.0898 4.5718 0.3088 41.5323 -1.4537 0.0026
Car 0.0000 0 -0.9768 0.0000 175.2241 14.0538 235.3649 1.5602 1.4912 3.6757 -19.0477 1.4249 20.2667 -1.7216 0.0026
Car 0.0000 0 1.9153 867.7703 173.6803 1016.5110 253.7320 1.3804 1.5637 3.5640 6.7107 1.2645 14.0009 2.3552 0.0026
Car 0.0000 0 -1.8642 799.5916 148.3480 855.4409 183.3051 1.9330 1.8808 4.4977 12.9188 0.1565 41.3494 -1.5617 0.0026
Car 0.0000 0 -1.8362 463.1064 182.1990 562.7309 241.9621 1.3938 1.6094 4.0185 -2.5899 1.4457 18.7719 -1.9693 0.0026
Car 0.0000 0 0.7448 0.0000 176.5062 113.4703 218.4093 1.4915 1.4711 3.5435 -20.3699 1.3509 26.0514 0.0889 0.0025
Car 0.0000 0 -1.0204 0.0000 181.3164 13.4113 238.3091 1.5024 1.4429 3.4218 -19.0944 1.5297 20.5017 -1.7608 0.0025
Car 0.0000 0 -3.1688 608.8105 157.8085 683.5738 186.8476 1.6419 1.6706 4.2283 2.3473 0.3603 40.8732 -3.1100 0.0025
Pedestrian 0.0000 0 -0.0730 744.0092 160.3830 756.0095 182.6030 1.8508 0.7636 0.9328 12.1813 0.1764 59.3267 0.1302 0.0025
Pedestrian 0.0000 0 0.4498 0.0000 160.8532 19.4146 249.7399 1.7444 0.4968 0.6188 -12.2975 1.3604 14.1883 -0.2514 0.0025
Car 0.0000 0 1.1661 0.0000 187.8516 16.2803 238.0312 1.4317 1.5664 3.7982 -20.4341 1.6788 22.1101 0.4289 0.0025
Car 0.0000 0 2.5238 7.4901 174.0975 116.3201 211.3851 1.4977 1.5335 3.4391 -23.1639 1.2420 30.2654 1.8774 0.0025
Car 0.0000 0 0.6844 0.0000 177.1322 111.3085 218.5361 1.4904 1.5415 3.5760 -20.6797 1.3707 26.2622 0.0250 0.0025
Car 0.0000 0 2.7772 366.5886 183.1734 565.7336 248.5091 1.4113 1.7096 4.4753 -3.3781 1.4856 17.3244 2.5897 0.0024
Car 0.0000 0 0.9737 680.0066 155.8339 785.3070 204.0860 1.6944 1.8575 4.3222 4.7638 0.8297 27.1747 1.1471 0.0024
Car 0.0000 0 0.7327 0.0000 177.1166 110.3026 218.6873 1.4917 1.5281 3.5364 -20.6634 1.3719 26.2592 0.0736 0.0024
Car 0.0000 0 -2.7063 672.3118 159.6118 778.8802 202.0941 1.5752 1.7269 3.7839 4.7245 0.8022 27.9955 -2.5391 0.0024
Car 0.0000 0 -2.6212 1130.1110 159.9658 1224.0000 219.2008 1.4904 1.6834 3.8669 17.3250 0.9753 19.8878 -1.9108 0.0024
Car 0.0000 0 -0.9609 919.7845 175.0078 1117.3540 252.1300 1.4955 1.6928 4.0747 8.9491 1.3906 15.3396 -0.4401 0.0024
Car 0.0000 0 -1.4207 0.0000 0.0000 1224.0000 370.0000 1.4395 1.4191 2.7978 -19.4520 1.6432 0.8976 -2.9272 0.0024
Car 0.0000 0 0.7425 0.0000 176.5746 114.0731 218.6285 1.4961 1.4778 3.5471 -20.3442 1.3580 26.0391 0.0870 0.0024
Car 0.0000 0 -0.8826 933.0807 179.5462 1105.3212 250.2378 1.3891 1.5350 3.1790 8.8305 1.3720 15.1702 -0.3630 0.0024
Car 0.0000 0 -1.9190 803.4397 154.0361 860.7529 183.4734 1.6092 1.7227 4.4667 13.0461 0.1639 40.9132 -1.6107 0.0024
Car 0.0000 0 -0.2123 550.4185 166.6860 640.8201 201.0237 1.5208 1.7699 3.8827 -0.4782 0.9104 32.6050 -0.2250 0.0024
Car 0.0000 0 1.8877 0.0000 177.3131 48.4090 220.1371 1.4947 1.5762 3.6311 -22.6244 1.3850 26.6514 1.1915 0.0024
Car 0.0000 0 -0.2253 940.6063 171.8600 1129.7883 245.1763 1.3777 1.4895 3.0310 8.5947 1.2170 14.4451 0.3035 0.0024
Car 0.0000 0 2.4743 32.2052 185.0177 189.5875 235.5953 1.4988 1.6032 4.2017 -16.3244 1.6654 23.5926 1.8770 0.0023
Car 0.0000 0 1.5301 787.8805 177.3847 868.1044 251.3690 1.4809 1.5500 3.1844 4.8725 1.4202 15.8829 1.8238 0.0023
Car 0.0000 0 2.4961 40.9740 181.1117 190.6427 231.3966 1.5192 1.5562 3.9435 -16.1394 1.5429 23.5251 1.9028 0.0023
Car 0.0000 0 -1.0875 1184.9772 156.9400 1224.0000 213.1328 1.4322 1.4550 3.4682 17.7466 0.8333 19.2950 -0.3505 0.0023
Car 0.0000 0 0.3615 0.0000 173.4266 120.9010 216.8436 1.4985 1.5938 3.6941 -20.0478 1.2559 25.6957 -0.2932 0.0023
Car 0.0000 0 2.5313 38.2778 182.5634 194.4574 233.4640 1.5282 1.5753 4.1232 -16.1675 1.6051 23.6083 1.9388 0.0023
Car 0.0000 0 -0.4268 964.8353 164.1800 1189.4596 243.5668 1.4944 1.6105 3.4306 9.3768 1.1889 14.3476 0.1437 0.0023
Car 0.0000 0 0.8980 687.1644 168.4149 797.2104 213.6185 1.5615 1.9113 4.1233 5.0463 1.1455 26.6877 1.0844 0.0023
Car 0.0000 0 -0.5204 948.6456 167.8307 1208.7054 248.2672 1.5402 1.8501 4.0774 9.5276 1.2992 14.5607 0.0507 0.0023
Pedestrian 0.0000 0 0.6783 1143.2396 158.2484 1209.2604 262.0916 1.6613 0.5144 0.6757 9.3940 1.3070 11.6938 1.3435 0.0023
Car 0.0000 0 2.4094 551.6107 166.9033 637.6357 199.4628 1.3791 1.8072 3.5800 -0.4528 0.8047 31.8208 2.3971 0.0023
Cyclist 0.0000 0 -1.9966 967.1035 147.6942 1033.2186 246.2674 1.7554 0.4113 1.7052 7.4370 1.1728 13.4512 -1.4997 0.0023
Pedestrian 0.0000 0 2.9529 664.8448 153.3993 722.5574 276.0819 1.8026 0.4150 0.7945 1.2789 1.4061 10.6191 3.0710 0.0023
Pedestrian 0.0000 0 -2.1163 0.0000 0.0000 1224.0000 370.0000 1.9565 0.7663 0.8721 4.1423 1.4113 -0.1795 -0.5790 0.0023
Car 0.0000 0 -1.0579 0.0000 177.4855 12.2972 236.5662 1.5314 1.4940 3.6702 -18.9852 1.4549 20.2796 -1.8008 0.0023
Pedestrian 0.0000 0 -1.5792 666.3967 163.3252 678.3503 193.8071 1.7066 0.6664 0.5924 3.7916 0.7464 39.9052 -1.4834 0.0022
Car 0.0000 0 2.4647 33.2713 184.9114 187.8373 236.1823 1.5224 1.6081 4.1094 -16.3255 1.6848 23.5681 1.8669 0.0022
Car 0.0000 0 -2.8348 602.1652 157.1449 689.4636 187.1914 1.6850 1.6770 4.8077 2.3722 0.3766 41.2894 -2.7759 0.0022
Car 0.0000 0 1.0147 988.2654 176.8851 1210.0502 255.9150 1.4667 1.7476 4.5502 10.3766 1.4012 15.4158 1.5992 0.0022
Car 0.0000 0 -1.7179 657.4128 153.8577 696.5016 186.0628 1.8011 1.7049 4.0659 4.1735 0.3125 41.6079 -1.6168 0.0022
Car 0.0000 0 1.9399 863.4435 178.8163 1017.9400 256.9146 1.3489 1.5884 3.6177 6.6959 1.3214 14.0313 2.3781 0.0022
Car 0.0000 0 2.1102 0.0000 177.1080 21.0843 230.1895 1.5864 1.7183 4.2821 -21.6447 1.4866 23.3946 1.3721 0.0022
Car 0.0000 0 -1.7713 815.1274 151.6577 860.7787 183.8231 1.7618 1.7044 4.1339 13.3919 0.1834 40.8747 -1.4552 0.0022
Car 0.0000 0 2.5878 42.1967 181.9487 189.8241 231.5727 1.4942 1.5440 3.7739 -16.0979 1.5479 23.4400 1.9940 0.0022
Pedestrian 0.0000 0 -1.6118 666.1534 163.0202 678.5711 193.7930 1.7221 0.6716 0.6417 3.7905 0.7453 39.9021 -1.5160 0.0021
Car 0.0000 0 -1.4091 0.0000 0.0000 1224.0000 370.0000 1.4953 1.4358 2.6532 -19.4584 1.6196 0.9241 -2.9143 0.0021
Pedestrian 0.0000 0 -0.1902 743.7033 160.2433 756.0946 182.4245 1.8496 0.7466 0.8932 12.1733 0.1617 59.3311 0.0129 0.0021
Pedestrian 0.0000 0 2.5626 645.0886 153.7183 702.4080 275.4164 1.7698 0.4169 0.7538 0.9879 1.3820 10.6377 2.6543 0.0021
Pedestrian 0.0000 0 -3.2015 645.4342 154.0763 703.9620 274.1831 1.7722 0.4066 0.8518 0.9942 1.3840 10.6446 -3.1093 0.0021
Car 0.0000 0 0.6994 668.3461 159.2406 775.1421 203.8566 1.6131 1.7518 3.8958 4.4662 0.8460 27.6069 0.8599 0.0021
Cyclist 0.0000 0 -2.5246 985.3547 153.8630 1077.5747 252.6602 1.7087 0.3886 1.4924 7.7516 1.2497 12.9837 -1.9954 0.0021
Car 0.0000 0 -1.6078 667.1124 154.9625 700.1694 186.2913 1.7434 1.7712 3.9929 4.5502 0.3237 41.3976 -1.4972 0.0021
Car 0.0000 0 -1.0766 563.6199 167.0945 636.5969 201.4064 1.4644 1.7964 3.6665 -0.1799 0.8938 32.2120 -1.0803 0.0021
Car 0.0000 0 4.2769 0.0000 0.0000 1224.0000 370.0000 1.4863 1.6395 2.9018 -19.3192 1.5968 0.4644 2.7485 0.0021
Car 0.0000 0 -1.6396 664.4930 161.9743 710.0048 201.1773 1.5814 1.6681 4.0286 3.4696 0.8356 30.5668 -1.5259 0.0021
Pedestrian 0.0000 0 -2.5987 643.6618 151.4415 708.8776 272.8987 1.7769 0.4530 0.8824 1.0373 1.3534 10.7837 -2.5037 0.0021
Car 0.0000 0 -1.2664 468.0928 161.3764 571.4725 226.6489 1.7091 1.8507 4.0476 -2.3934 1.2099 20.6717 -1.3780 0.0021
Car 0.0000 0 1.5158 0.0000 176.6718 22.5679 220.8182 1.5156 1.6221 4.2875 -23.0174 1.3857 26.3770 0.8061 0.0020
Car 0.0000 0 2.2684 0.0000 172.9591 86.7232 209.7287 1.4794 1.5646 3.7224 -24.4301 1.1775 30.3242 1.5972 0.0020
Car 0.0000 0 -3.4239 859.4186 176.6563 1067.9159 252.0843 1.4434 1.5652 3.5321 7.2067 1.3715 14.5944 -2.9721 0.0020
Car 0.0000 0 2.3125 0.0000 174.3622 95.7491 211.6386 1.5031 1.5423 3.5735 -24.0281 1.2571 30.3465 1.6497 0.0020
Car 0.0000 0 1.8172 561.1710 167.3869 620.0312 201.8464 1.4321 1.7508 3.7234 -0.5919 0.8886 31.3923 1.8004 0.0020
Car 0.0000 0 -2.1177 677.0715 159.8959 765.7440 203.3304 1.5707 1.7134 3.7343 4.4348 0.8271 27.6159 -1.9584 0.0020
Car 0.0000 0 -1.5740 851.2394 164.6107 1018.6023 352.1346 1.6534 1.3964 3.0793 3.5614 1.5150 7.9191 -1.1645 0.0020
Car 0.0000 0 -1.5951 956.0964 168.9798 1060.5231 247.0921 1.4685 1.7577 3.1187 8.4606 1.2536 15.0763 -1.0910 0.0020
Car 0.0000 0 2.0189 0.0000 177.6244 15.6286 230.7916 1.5932 1.7164 4.1538 -21.6444 1.5086 23.4176 1.2813 0.0019
Car 0.0000 0 -0.9777 0.0000 182.8970 14.5517 238.2196 1.4722 1.4313 3.2878 -19.2278 1.5498 20.6909 -1.7171 0.0019
Car 0.0000 0 1.6396 0.0000 173.8843 24.7576 218.5837 1.5306 1.6355 3.9407 -22.7739 1.3056 26.2756 0.9333 0.0019
Car 0.0000 0 2.4871 0.0000 173.6531 108.4110 210.6259 1.4913 1.5194 3.5177 -23.6258 1.2167 30.4105 1.8335 0.0019
Car 0.0000 0 -1.2708 468.6257 157.6888 572.2631 224.7993 1.7775 1.8756 4.1751 -2.4017 1.1749 20.9484 -1.3814 0.0019
Pedestrian 0.0000 0 2.1087 666.8187 151.0680 716.2063 270.4969 1.7595 0.4017 0.8017 1.2889 1.3275 10.8519 2.2254 0.0019
Car 0.0000 0 1.9586 473.3614 182.5827 587.2050 240.9573 1.3430 1.5366 4.0429 -1.8613 1.4056 18.5717 1.8621 0.0019
Car 0.0000 0 -1.6268 803.3821 151.6098 840.1782 183.9146 1.7634 1.7631 4.8708 12.5488 0.1878 41.1653 -1.3312 0.0019
Pedestrian 0.0000 0 -1.7840 839.4578 179.1340 870.3760 241.3647 1.5332 0.6143 0.6054 6.2317 1.5011 17.7521 -1.4504 0.0018
Car 0.0000 0 1.4699 889.2093 168.1405 1002.8983 256.5183 1.5063 1.5892 3.9186 6.6195 1.2973 14.1573 1.9004 0.0018
Car 0.0000 0 -1.3057 471.2074 156.6391 570.8123 223.5034 1.7822 1.9037 4.1271 -2.3983 1.1478 21.0270 -1.4157 0.0018
Car 0.0000 0 -2.8230 851.3491 176.5121 1062.0758 255.0305 1.4747 1.5065 3.7551 7.3693 1.4014 15.1186 -2.3761 0.0018
Car 0.0000 0 2.4726 855.0099 178.7333 1037.3964 253.4489 1.4218 1.4861 3.1413 6.9270 1.3898 14.5327 2.9106 0.0018
Car 0.0000 0 2.2260 0.0000 172.3173 84.5196 208.8772 1.4733 1.5614 3.6402 -24.4416 1.1450 30.3198 1.5545 0.0018
Car 0.0000 0 -2.0630 842.7758 175.2710 1005.4294 254.8818 1.5358 1.5875 3.8593 6.8014 1.4365 15.6263 -1.6583 0.0018
Car 0.0000 0 -0.3975 866.2416 175.8181 1094.8047 250.9898 1.5045 1.6050 4.0007 7.8249 1.4124 15.0934 0.0738 0.0018
Car 0.0000 0 1.5619 0.0000 177.4403 22.1991 221.9998 1.5244 1.6250 4.2131 -22.8410 1.4213 26.3062 0.8546 0.0018
Car 0.0000 0 1.0179 905.3205 178.3865 1056.4701 252.1315 1.3548 1.2463 3.1578 7.5655 1.3176 14.6096 1.4885 0.0017
Car 0.0000 0 -0.6054 0.0000 0.0000 1224.0000 370.0000 1.4939 1.4833 2.4636 -19.0133 1.7133 0.9936 -2.1054 0.0017
Car 0.0000 0 -2.8068 855.5741 177.4998 1064.5448 254.7840 1.4548 1.5176 3.7130 7.4567 1.3999 15.1535 -2.3562 0.0017
Car 0.0000 0 2.3557 0.0000 173.3062 95.1163 210.6176 1.5006 1.5259 3.6132 -24.0869 1.2128 30.3166 1.6913 0.0017
Car 0.0000 0 -2.3050 893.1042 180.3205 1061.1605 251.5857 1.3742 1.5164 3.0958 7.8725 1.3724 15.3218 -1.8371 0.0017
Car 0.0000 0 -2.1129 921.9490 174.7870 1070.8951 247.3824 1.4050 1.5129 2.8393 8.1966 1.2961 15.1369 -1.6237 0.0017
Car 0.0000 0 1.4593 488.0889 182.6769 563.4895 242.7566 1.2986 1.4209 3.7526 -2.0778 1.3599 17.4095 1.3445 0.0017
Car 0.0000 0 4.3172 0.0000 0.0000 1224.0000 370.0000 1.3761 1.5899 3.0865 -19.4348 1.6301 0.4630 2.7884 0.0017
Car 0.0000 0 1.9636 0.0000 183.4847 4.3152 236.0975 1.5458 1.6236 4.0674 -21.6706 1.6545 23.2048 1.2209 0.0017
Car 0.0000 0 -3.2299 844.5392 179.3188 1042.5695 251.8714 1.3847 1.5962 3.5786 6.8875 1.3638 14.8384 -2.8018 0.0017
Pedestrian 0.0000 0 2.6245 663.9995 152.5155 726.5125 269.6540 1.7432 0.3798 0.8811 1.3406 1.3284 10.8621 2.7457 0.0017
Car 0.0000 0 -1.5151 803.5811 154.0568 838.2918 183.7636 1.6138 1.6787 4.2617 12.4641 0.1787 40.6941 -1.2182 0.0017
Car 0.0000 0 -3.0678 857.5071 178.1322 1047.8657 249.8667 1.3566 1.5948 3.4413 7.2335 1.3135 14.9123 -2.6228 0.0017
Car 0.0000 0 -1.6182 955.2696 172.8172 1052.2811 249.1280 1.4675 1.6375 3.3411 8.5502 1.3214 15.4528 -1.1198 0.0017
Car 0.0000 0 1.4168 684.5169 163.8438 739.9680 202.7399 1.4661 1.6427 3.7379 4.2301 0.8398 28.5202 1.5643 0.0017
Car 0.0000 0 0.9336 675.4059 159.4811 784.8807 207.0585 1.6714 1.8578 4.4420 4.6751 0.9345 27.2351 1.1034 0.0017
Car 0.0000 0 -2.7515 850.8351 178.2819 1057.6243 253.4427 1.4268 1.5369 3.7076 7.3967 1.3863 15.3059 -2.3078 0.0016
Car 0.0000 0 1.3744 679.1754 167.2388 733.4984 204.3815 1.4138 1.5098 3.5389 4.0273 0.9105 28.7178 1.5140 0.0016
Car 0.0000 0 -3.0683 861.3693 179.0845 1048.0544 251.3842 1.3695 1.5611 3.3725 7.2745 1.3443 14.9035 -2.6210 0.0016
Car 0.0000 0 -0.8652 932.2436 177.5233 1118.5364 248.7365 1.3962 1.5978 3.4549 8.9677 1.3395 15.1857 -0.3392 0.0016
Car 0.0000 0 1.5727 489.3445 182.2568 553.2200 242.0161 1.3119 1.4104 3.8405 -2.1153 1.3622 17.6214 1.4572 0.0016
Car 0.0000 0 1.6955 479.1264 181.3781 556.4856 238.5826 1.3239 1.5079 3.8006 -2.1934 1.3506 18.3237 1.5801 0.0016
Pedestrian 0.0000 0 -1.7989 838.9861 177.3365 870.8295 240.8784 1.5645 0.6199 0.6483 6.2332 1.4882 17.7586 -1.4653 0.0016
Car 0.0000 0 -2.4136 660.5934 162.8520 766.6553 206.0303 1.5716 1.7488 3.9566 4.1767 0.9307 27.8097 -2.2644 0.0016
Pedestrian 0.0000 0 -1.6223 664.7720 158.7526 678.5566 192.4110 1.8986 0.7492 0.6205 3.7798 0.6733 40.2046 -1.5275 0.0015
Car 0.0000 0 -2.1938 840.6330 173.4079 1026.6737 247.7789 1.4048 1.8017 3.6991 6.8813 1.2725 15.3460 -1.7782 0.0015
Car 0.0000 0 0.5667 671.0172 159.3758 788.4827 205.0333 1.6241 1.7780 4.1383 4.7130 0.8742 27.1951 0.7381 0.0015
Car 0.0000 0 -1.0229 0.0000 0.0000 1224.0000 370.0000 1.5327 1.6991 4.0590 -19.1782 1.7476 1.7462 -2.4846 0.0015
Car 0.0000 0 -2.2755 880.2621 178.2079 1063.5009 253.2359 1.4570 1.6506 3.5689 7.8881 1.4141 15.6566 -1.8153 0.0015
Car 0.0000 0 1.7527 563.9388 165.8976 617.9086 201.5652 1.4799 1.7477 3.6572 -0.5793 0.8755 31.2792 1.7362 0.0015
Car 0.0000 0 1.6670 0.0000 174.2660 29.3832 219.3083 1.5465 1.6176 3.8726 -22.6866 1.3340 26.3230 0.9634 0.0015
Car 0.0000 0 1.0808 676.4718 156.7427 761.5745 201.9048 1.6319 1.6514 3.8521 4.3395 0.7750 27.6341 1.2367 0.0015
Car 0.0000 0 4.4823 0.0000 0.0000 1224.0000 370.0000 1.4333 1.5118 2.9292 -19.5016 1.6899 0.5083 2.9557 0.0015
Car 0.0000 0 2.0826 0.0000 175.5743 69.1964 218.3231 1.4970 1.6085 4.1359 -22.5138 1.3261 26.9327 1.3939 0.0015
Car 0.0000 0 1.6913 483.6293 182.9852 561.8032 240.0194 1.3417 1.5681 4.0824 -2.1188 1.4168 18.8571 1.5830 0.0015
Cyclist 0.0000 0 1.1665 661.8754 157.6158 686.1148 190.8393 1.8261 0.6119 2.0288 3.8721 0.5697 39.9169 1.2643 0.0015
Car 0.0000 0 -1.9243 801.3663 152.9646 858.7247 183.4281 1.6780 1.7237 4.4944 13.0273 0.1627 41.2269 -1.6186 0.0015
Car 0.0000 0 -1.8473 906.0860 173.0306 1039.3451 249.6476 1.5032 1.6646 3.6018 7.9935 1.3583 15.7904 -1.3851 0.0015
Car 0.0000 0 0.6975 911.8879 181.5527 1094.9380 257.2123 1.3797 1.3234 3.1789 8.0609 1.4057 14.6572 1.1928 0.0015
Car 0.0000 0 -1.5543 945.7059 169.5357 1042.3774 249.4611 1.5303 1.6696 3.7039 8.5070 1.3220 15.5563 -1.0608 0.0015
Car 0.0000 0 2.0364 0.0000 177.0071 64.2861 220.2939 1.5121 1.6168 3.9650 -22.4885 1.3916 26.8063 1.3459 0.0015
Pedestrian 0.0000 0 -2.1719 0.0000 0.0000 1224.0000 370.0000 1.6576 0.6393 0.6771 4.6265 1.4309 -0.2322 -0.6195 0.0015
Car 0.0000 0 1.5881 782.7528 174.8988 866.8672 254.6151 1.5446 1.5835 3.7447 4.8542 1.4377 15.7200 1.8836 0.0015
Car 0.0000 0 2.0772 0.0000 176.1343 77.4374 219.4533 1.5352 1.6420 4.0975 -22.3955 1.3820 27.2134 1.3961 0.0014
Car 0.0000 0 -0.1163 933.5458 175.3642 1144.4382 240.9785 1.5490 1.7637 4.4794 11.0047 1.4293 18.3994 0.4167 0.0014
Car 0.0000 0 -2.6860 859.9324 178.1479 1043.8654 247.8556 1.3509 1.5162 3.2736 7.4372 1.3070 15.4499 -2.2437 0.0014
Car 0.0000 0 -0.8298 0.0000 179.6247 21.9870 236.4345 1.5342 1.4440 3.4007 -19.3053 1.5121 20.7910 -1.5688 0.0014
Car 0.0000 0 2.0080 0.0000 175.8371 72.5242 218.3629 1.5093 1.5901 3.8459 -22.3279 1.3453 27.1467 1.3272 0.0014
Car 0.0000 0 -0.1193 932.5024 176.3279 1126.1084 239.4947 1.5005 1.7325 4.1213 10.7876 1.4030 18.3989 0.4051 0.0014
Car 0.0000 0 0.9813 675.4756 156.3002 775.8819 204.2244 1.7051 1.7928 4.1999 4.5488 0.8456 27.4333 1.1456 0.0014
Pedestrian 0.0000 0 -1.5358 778.9224 165.7618 801.9750 235.1630 1.7122 0.5447 0.5529 4.6308 1.3502 17.7813 -1.2837 0.0014
Car 0.0000 0 -1.8283 916.3857 178.1368 1041.8962 252.6181 1.4546 1.5893 3.3940 8.0709 1.4100 15.6295 -1.3583 0.0014
Pedestrian 0.0000 0 -1.6875 777.2943 163.5282 803.5527 234.6135 1.7548 0.5729 0.5697 4.6180 1.3374 17.7695 -1.4358 0.0014
Cyclist 0.0000 0 1.2663 663.6004 158.5667 684.9056 192.1212 1.8363 0.6347 1.9479 3.8674 0.6374 39.7068 1.3645 0.0014
Cyclist 0.0000 0 1.7976 588.8765 161.4092 612.5475 199.0840 1.6265 0.6342 1.9439 -0.1961 0.8038 31.5388 1.7934 0.0014
Car 0.0000 0 1.7726 588.0856 167.2894 639.6193 202.2953 1.4463 1.6206 3.3340 0.4211 0.9020 31.0104 1.7879 0.0014
Car 0.0000 0 -1.7283 871.7502 177.1009 1002.4003 265.5365 1.5190 1.6873 4.1620 6.5025 1.4622 14.3674 -1.3100 0.0014
Car 0.0000 0 2.0351 0.0000 175.9195 77.1863 218.7682 1.5167 1.6066 4.1686 -22.3406 1.3561 27.2296 1.3555 0.0014
Car 0.0000 0 -0.7755 928.5904 177.7102 1129.5907 249.3172 1.4051 1.6698 3.5452 8.9734 1.3520 15.1127 -0.2473 0.0013
Car 0.0000 0 -2.3927 645.6809 165.7694 755.2144 207.4948 1.5165 1.7002 4.2511 3.6541 0.9826 27.8719 -2.2620 0.0013
Car 0.0000 0 -1.4562 923.4774 163.1310 1038.2258 245.9480 1.5849 1.8102 4.1855 8.4415 1.2541 15.7646 -0.9712 0.0013
Car 0.0000 0 -1.0653 0.0000 0.0000 1224.0000 370.0000 1.4287 1.4848 3.2675 -19.4193 1.6929 1.2623 -2.5530 0.0013
Car 0.0000 0 0.4143 670.9700 163.2348 779.3093 206.5634 1.5640 1.6601 3.7656 4.5789 0.9423 27.2432 0.5807 0.0013
Car 0.0000 0 2.0029 0.0000 173.2379 65.4932 217.0377 1.5333 1.5844 3.9416 -22.3929 1.2806 26.8529 1.3154 0.0013
Car 0.0000 0 -1.9372 912.5704 177.3624 1056.7957 253.3416 1.4792 1.6188 3.4477 8.1352 1.4197 15.5615 -1.4623 0.0013
Car 0.0000 0 2.0225 0.0000 175.7265 67.8433 218.3927 1.4961 1.5732 4.0655 -22.4321 1.3303 26.9481 1.3358 0.0013
Car 0.0000 0 2.0337 462.1216 182.5697 586.5243 241.5625 1.3585 1.6059 4.0121 -2.0174 1.4208 18.5885 1.9292 0.0013
Pedestrian 0.0000 0 -1.6569 667.8935 161.9427 684.3179 192.9426 1.7355 0.8722 0.6135 3.9999 0.6980 39.8906 -1.5559 0.0013
Car 0.0000 0 -2.1961 873.1050 175.8745 1058.3602 252.3499 1.4917 1.7120 3.8685 7.8137 1.4031 15.8397 -1.7441 0.0013
Car 0.0000 0 2.0420 0.0000 176.3919 74.7703 219.6348 1.5309 1.6688 4.0817 -22.4370 1.3870 27.1965 1.3597 0.0012
Car 0.0000 0 1.0209 680.0635 166.6487 787.0277 214.4114 1.6589 1.8440 4.6548 4.7563 1.1793 27.0553 1.1946 0.0012
Car 0.0000 0 -2.6541 848.5876 176.1736 1060.9630 252.6753 1.4661 1.6647 3.8614 7.5172 1.3848 15.5908 -2.2111 0.0012
Car 0.0000 0 -1.7881 911.6838 175.4560 1044.0618 252.1251 1.4878 1.7134 4.1467 8.1590 1.3915 15.9359 -1.3213 0.0012
Pedestrian 0.0000 0 -1.4648 782.6033 161.1707 807.8643 230.7659 1.6836 0.5458 0.5984 4.6690 1.2176 17.4766 -1.2065 0.0012
Car 0.0000 0 -3.5623 913.0049 174.4529 1129.9271 234.1318 1.4194 1.5710 4.4607 10.3035 1.2772 17.8112 -3.0439 0.0012
Car 0.0000 0 -1.8306 670.4309 162.5562 734.3864 205.2059 1.5843 1.6174 3.6954 3.7828 0.9193 28.1943 -1.6969 0.0012
Car 0.0000 0 -1.8214 672.1967 162.4563 737.2529 204.5772 1.5760 1.6929 3.7671 3.9035 0.9024 28.4167 -1.6846 0.0011
Car 0.0000 0 -2.6732 824.6859 175.8820 1032.7083 252.6202 1.4956 1.6292 3.9070 7.0507 1.4072 15.8014 -2.2593 0.0011
Car 0.0000 0 -2.2348 871.6614 174.8994 1058.2908 251.1443 1.4860 1.6911 3.8104 7.7925 1.3784 15.8155 -1.7834 0.0011
Car 0.0000 0 2.1110 0.0000 174.2640 71.4716 219.0892 1.5789 1.6716 4.1091 -22.5918 1.3608 27.0552 1.4228 0.0011
Car 0.0000 0 -1.9842 668.3531 162.9766 745.1823 206.4982 1.5965 1.6004 3.8086 3.9163 0.9552 27.9821 -1.8449 0.0011
Car 0.0000 0 1.7610 971.9814 176.8695 1093.6777 249.8523 1.5111 1.6864 4.4866 10.2670 1.4376 16.8686 2.3010 0.0010
Pedestrian 0.0000 0 -1.6223 668.6289 161.5990 684.3788 192.8264 1.7458 0.8500 0.6704 4.0208 0.6905 39.8784 -1.5208 0.0010
Car 0.0000 0 -2.6479 850.6187 174.1485 1061.1075 251.1270 1.4754 1.6404 3.8262 7.5335 1.3553 15.5746 -2.2037 0.0010
Car 0.0000 0 -2.6004 845.8479 175.1787 1060.7089 253.1556 1.4985 1.6886 3.9656 7.5168 1.3979 15.7000 -2.1601 0.0010
Car 0.0000 0 -1.0346 0.0000 0.0000 1224.0000 370.0000 1.5259 1.5062 3.1286 -19.0949 1.7374 1.4020 -2.5137 0.0010
Car 0.0000 0 -0.8061 0.0000 0.0000 1224.0000 370.0000 1.6470 1.7086 4.1432 -18.7558 1.7253 1.5102 -2.2779 0.0010
Car 0.0000 0 -0.2073 826.2830 164.0517 1038.6519 229.3370 1.6068 1.7919 4.8403 8.4562 1.2035 18.7796 0.2111 0.0010
Car 0.0000 0 -0.5663 837.7775 170.1899 1066.3762 241.9183 1.5764 1.7105 4.6599 8.0533 1.3514 16.6662 -0.1219 0.0009
Car 0.0000 0 -3.3154 921.6927 177.5855 1110.5665 240.0379 1.5058 1.5319 4.0398 10.5004 1.4372 18.4359 -2.8035 0.0009
Car 0.0000 0 -2.1947 841.1162 177.0940 1028.6913 256.7608 1.5227 1.6599 4.0540 7.0303 1.4592 15.6635 -1.7788 0.0009
Car 0.0000 0 -2.2476 863.6231 175.9884 1064.0941 252.3736 1.4809 1.7774 4.1399 7.7854 1.3950 15.9198 -1.7990 0.0009
Car 0.0000 0 -2.6044 849.4951 175.2127 1074.0917 253.9194 1.4795 1.6715 4.0900 7.5623 1.3818 15.4525 -2.1557 0.0009
Car 0.0000 0 -0.0995 651.9655 169.1359 739.8328 207.6406 1.4512 1.5265 3.2434 3.4546 1.0244 27.4480 0.0261 0.0009
Car 0.0000 0 -0.7487 0.0000 174.4299 22.8193 236.0692 1.6331 1.4809 3.5454 -19.2441 1.4738 20.5533 -1.4918 0.0009
Car 0.0000 0 -1.5317 935.5659 168.0832 1038.5868 250.3448 1.5701 1.7875 3.7609 8.4070 1.3347 15.5649 -1.0434 0.0009
Pedestrian 0.0000 0 -1.2919 780.6266 162.0317 810.1210 231.4648 1.6719 0.5654 0.5822 4.6548 1.2288 17.4152 -1.0335 0.0009
Car 0.0000 0 2.6137 883.8281 173.5538 1099.7028 237.2321 1.5745 1.6764 4.7432 9.9220 1.4044 18.4081 3.1024 0.0008
Pedestrian 0.0000 0 -1.4653 665.5733 161.4651 680.4525 192.2724 1.7085 0.7480 0.8339 3.8130 0.6543 39.6907 -1.3684 0.0008
Car 0.0000 0 -0.2112 0.0000 67.5105 8.4730 370.0000 1.7557 1.5359 4.0945 -5.6102 1.5898 3.2308 -1.2155 0.0008
Car 0.0000 0 0.1915 860.0144 176.5125 1066.5277 254.8529 1.5227 1.6357 3.8191 7.7647 1.4468 15.5426 0.6483 0.0008
Car 0.0000 0 2.0953 441.6461 178.4107 583.7484 240.3108 1.4401 1.6728 4.5602 -2.3226 1.3931 18.8693 1.9766 0.0008
Car 0.0000 0 -2.5784 843.1181 177.1624 1073.7272 255.9435 1.4764 1.6739 4.2687 7.4870 1.4155 15.4967 -2.1347 0.0008
Car 0.0000 0 0.9923 666.8339 159.3635 755.3705 206.0135 1.6930 1.5948 3.8148 4.0489 0.9275 27.7215 1.1375 0.0008
Cyclist 0.0000 0 -0.9508 0.0000 161.5974 28.4746 258.2403 1.7904 0.3801 1.7999 -12.3207 1.4418 14.0068 -1.6591 0.0007
Cyclist 0.0000 0 0.0756 661.5278 156.7656 699.0049 190.9138 1.8996 0.7192 2.0530 4.2402 0.5807 39.8672 0.1825 0.0007
Car 0.0000 0 0.5312 663.8538 163.4309 768.2758 206.3852 1.5613 1.6120 3.7026 4.2538 0.9424 27.4895 0.6848 0.0007
Car 0.0000 0 -2.6137 829.9425 175.3492 1037.6824 252.6074 1.5009 1.6192 3.9144 7.1428 1.4025 15.7925 -2.1949 0.0007
Cyclist 0.0000 0 -2.2319 1012.3342 156.7660 1095.1138 254.4263 1.7052 0.4026 1.5746 8.2575 1.2924 13.1448 -1.6802 0.0007
Cyclist 0.0000 0 -2.2630 1028.2952 169.6982 1111.4127 266.3211 1.6329 0.4531 1.3830 8.2429 1.4520 12.6584 -1.6957 0.0007
Car 0.0000 0 0.0364 637.1603 172.3038 726.1857 209.5654 1.3949 1.4343 3.3449 2.9586 1.0896 27.4134 0.1444 0.0006
Pedestrian 0.0000 0 -1.1280 667.3580 159.9922 688.3588 192.6987 1.8107 0.8972 0.8483 4.0881 0.6768 39.7351 -1.0245 0.0006
Car 0.0000 0 -1.8762 865.4517 149.6850 1215.3766 370.0000 1.6490 1.6016 3.8533 3.7227 1.4366 6.9412 -1.4009 0.0006
Pedestrian 0.0000 0 -1.4338 665.3782 161.3348 681.1130 192.1262 1.7060 0.7756 0.8071 3.8221 0.6455 39.6508 -1.3366 0.0006
Cyclist 0.0000 0 0.3773 662.4974 156.4281 703.3975 191.6336 1.9261 0.7928 2.1304 4.3447 0.6105 39.5268 0.4878 0.0006
Car 0.0000 0 1.0662 632.8724 168.5658 720.5959 208.5029 1.4376 1.7595 3.8252 2.6837 1.0095 27.5510 1.1640 0.0006
Car 0.0000 0 1.0484 671.9336 161.6332 751.1385 206.1036 1.6342 1.5489 3.4788 4.1028 0.9424 27.8805 1.1946 0.0006
Car 0.0000 0 -2.5885 840.1959 171.9923 1067.1746 254.3401 1.5566 1.7083 4.2015 7.4414 1.3974 15.5864 -2.1493 0.0006
Car 0.0000 0 1.1148 662.4974 169.4381 733.9169 205.6749 1.3696 1.3808 3.6820 3.6820 0.9530 28.6847 1.2429 0.0006
Pedestrian 0.0000 0 -1.1910 666.9469 160.0614 688.2869 192.8224 1.8131 0.9523 0.8312 4.0728 0.6834 39.7150 -1.0878 0.0005
Cyclist 0.0000 0 0.0770 653.5260 156.8577 695.3812 191.8728 1.9499 0.6831 2.3055 3.9160 0.6347 39.9075 0.1759 0.0005
Car 0.0000 0 -1.9569 658.8666 166.3683 738.8139 207.3487 1.5258 1.7782 4.0710 3.6633 1.0011 28.5143 -1.8288 0.0005
Car 0.0000 0 -0.3986 0.0000 0.0000 1224.0000 370.0000 1.6024 1.4818 3.7871 -6.5860 1.4961 1.9219 -1.6390 0.0005
Car 0.0000 0 1.7678 536.0826 168.5022 627.3450 231.2558 1.5842 1.7992 4.0786 -0.5737 1.2829 20.0071 1.7414 0.0005
Car 0.0000 0 1.5930 669.7180 163.3858 714.6956 208.0429 1.5840 1.5908 3.8695 3.3573 0.9785 27.1037 1.7167 0.0004
Pedestrian 0.0000 0 -2.4171 0.0000 164.1400 4.8104 259.2542 1.8279 0.5642 0.5493 -12.3332 1.5151 13.8682 -3.1309 0.0004
Car 0.0000 0 0.1067 654.1428 168.4153 744.0070 207.2667 1.4477 1.5546 3.3179 3.6565 0.9989 27.4895 0.2392 0.0004
Car 0.0000 0 1.1244 653.7335 166.5757 728.0119 209.0158 1.5191 1.5898 3.1974 3.1974 1.0222 27.0731 1.2424 0.0004
Car 0.0000 0 1.2291 631.5359 171.9395 706.8560 210.6907 1.4068 1.6419 4.1649 2.4117 1.0975 27.8854 1.3162 0.0003
Car 0.0000 0 1.4816 674.9457 167.6494 718.0000 205.9548 1.4457 1.4197 3.1994 3.5895 0.9622 28.3058 1.6081 0.0003
Car 0.0000 0 1.4609 672.4803 167.1526 717.9914 205.9433 1.4673 1.4591 3.1841 3.5426 0.9639 28.3426 1.5857 0.0003
Car 0.0000 0 1.4952 674.5714 166.3484 720.4080 207.2321 1.5195 1.5426 3.2673 3.5779 0.9951 27.9457 1.6229 0.0003
Car 0.0000 0 0.2593 637.3849 170.4767 741.4543 209.5470 1.4457 1.5663 3.7555 3.2713 1.0763 27.5780 0.3778 0.0003
Car 0.0000 0 1.2094 654.6208 172.2169 725.9529 209.2319 1.3802 1.4760 4.1357 3.3281 1.0728 28.5435 1.3259 0.0003
Car 0.0000 0 1.3185 652.2935 167.3524 711.9515 208.4282 1.5230 1.5483 3.3534 2.9635 1.0370 27.9827 1.4246 0.0001
Car 0.0000 0 1.2984 657.3260 171.9726 718.1380 211.1153 1.4574 1.4507 3.7364 3.2115 1.1414 28.2800 1.4120 0.0001
Cyclist 0.0000 0 -2.7251 1032.8621 161.1012 1153.5608 265.9523 1.7577 0.4772 1.7363 8.6831 1.4341 12.7088 -2.1357 0.0001
Car 0.0000 0 1.1917 648.3397 168.3776 717.9103 210.0909 1.5311 1.6127 3.2547 2.9738 1.0876 27.7311 1.2991 0.0001