Pedestrian 0.0000 0 0.5272 259.4151 156.4940 359.2301 305.5951 1.8402 0.6560 0.9927 -3.8450 1.5456 9.1163 0.1421 0.7731
Pedestrian 0.0000 0 0.5472 260.6672 156.8460 361.9489 304.6970 1.8235 0.6731 1.0050 -3.8249 1.5334 9.1295 0.1645 0.7694
Pedestrian 0.0000 0 0.4872 264.1711 157.1938 356.3399 304.9671 1.8283 0.6524 0.8948 -3.8317 1.5416 9.1135 0.1033 0.6508
Pedestrian 0.0000 0 0.5022 263.6227 157.3916 356.0385 303.8641 1.8130 0.6254 0.9104 -3.8374 1.5287 9.1109 0.1177 0.6246
Pedestrian 0.0000 0 0.5589 262.6003 157.8204 364.3570 305.9477 1.8284 0.6240 1.0431 -3.7963 1.5501 9.1221 0.1784 0.5529
Pedestrian 0.0000 0 0.5627 265.5270 158.2283 361.8800 305.4552 1.8167 0.6184 0.9687 -3.7899 1.5436 9.1118 0.1825 0.4713
Car 0.0000 0 -1.0419 0.0000 0.0000 1224.0000 370.0000 1.4630 1.5336 3.2439 2.0217 1.6176 0.3546 0.2069 0.3974
Car 0.0000 0 0.0206 0.0000 0.0000 1224.0000 370.0000 1.4538 1.5510 3.6822 1.7260 1.6147 0.0954 1.3549 0.3660
Car 0.0000 0 -0.7990 0.0000 0.0000 1224.0000 370.0000 1.4894 1.5752 3.5704 1.6268 1.6077 0.1800 0.4733 0.3315
Car 0.0000 0 0.0137 0.0000 0.0000 1224.0000 370.0000 1.4801 1.5651 3.5180 1.6686 1.6235 -0.0502 1.4238 0.3278
Car 0.0000 0 0.1196 0.0000 0.0000 1224.0000 370.0000 1.4624 1.5463 3.5021 1.5312 1.6120 -0.0968 1.5449 0.3232
Car 0.0000 0 -1.8497 0.0000 0.0000 1224.0000 370.0000 1.5207 1.6278 4.1858 -2.5452 1.7091 0.4794 -3.1134 0.3150
Car 0.0000 0 4.3409 0.0000 0.0000 1224.0000 370.0000 1.5488 1.6359 4.3129 -2.5976 1.7018 0.0059 2.8977 0.3050
Car 0.0000 0 -1.7850 0.0000 0.0000 1224.0000 370.0000 1.5023 1.6106 4.1777 -2.5446 1.7106 0.5041 -3.0398 0.2970
Car 0.0000 0 -0.8486 0.0000 0.0000 843.9633 370.0000 1.5226 1.5717 3.6180 1.6526 1.6007 0.0077 0.5259 0.2882
Car 0.0000 0 -0.8727 0.0000 0.0000 1224.0000 370.0000 1.4857 1.5402 3.4229 1.7153 1.5991 0.1893 0.4092 0.2697
Car 0.0000 0 -0.9574 0.0000 0.0000 1224.0000 370.0000 1.5334 1.5449 3.5385 1.7959 1.5923 0.0405 0.4150 0.2665
Car 0.0000 0 -0.8287 0.0000 0.0000 1224.0000 370.0000 1.5197 1.5911 3.8798 1.3004 1.6277 0.2149 0.3512 0.2644
Car 0.0000 0 0.2284 0.0000 0.0000 1224.0000 370.0000 1.4531 1.5170 3.5466 1.5004 1.6310 0.0809 1.5376 0.2523
Car 0.0000 0 -0.9824 0.0000 0.0000 1224.0000 370.0000 1.4676 1.5297 3.3399 2.1253 1.6232 0.3544 0.2812 0.2456
Car 0.0000 0 -0.8294 0.0000 0.0000 1224.0000 370.0000 1.5619 1.6147 4.1532 1.2007 1.6326 0.1128 0.3945 0.2304
Car 0.0000 0 4.4398 0.0000 0.0000 1224.0000 370.0000 1.5304 1.6165 4.2308 -2.4750 1.6981 -0.0205 2.9923 0.2298
Car 0.0000 0 -0.9561 0.0000 0.0000 1224.0000 370.0000 1.5020 1.5787 3.5754 1.6758 1.6675 0.3304 0.2443 0.2152
Car 0.0000 0 -0.0563 0.0000 0.0000 1224.0000 370.0000 1.5003 1.5659 3.6561 1.6825 1.6061 -0.2217 1.4556 0.2140
Car 0.0000 0 4.3796 324.9741 0.0000 1224.0000 370.0000 1.5686 1.6145 4.2689 -2.3113 1.6923 -0.2597 2.8379 0.2083
Pedestrian 0.0000 0 1.1568 1006.5948 225.3542 1096.2867 370.0000 1.1232 0.3521 0.5946 3.3136 1.4853 5.3594 1.6865 0.2074
Car 0.0000 0 4.4631 0.0000 0.0000 1224.0000 370.0000 1.5186 1.6054 4.1996 -2.4058 1.6894 0.0028 3.0286 0.1970
Car 0.0000 0 4.2768 232.5767 0.0000 1224.0000 370.0000 1.5936 1.6167 4.2813 -2.4791 1.7034 -0.1692 2.7696 0.1887
Car 0.0000 0 0.4380 0.0000 0.0000 1224.0000 370.0000 1.4482 1.4905 3.5772 1.4784 1.6390 0.3403 1.5885 0.1819
Pedestrian 0.0000 0 1.1760 1010.0571 221.7652 1099.2854 370.0000 1.1624 0.3485 0.6084 3.3331 1.4958 5.3523 1.7088 0.1763
Car 0.0000 0 -4.0770 0.0000 0.0000 1224.0000 370.0000 1.4962 1.5924 3.8748 1.6447 1.6569 0.6145 -3.0229 0.1565
Car 0.0000 0 0.7266 0.0000 0.0000 1224.0000 370.0000 1.4626 1.5855 3.8993 1.5677 1.6149 0.5734 1.7794 0.1563
Car 0.0000 0 4.3180 0.0000 0.0000 1224.0000 370.0000 1.5620 1.6320 4.3427 -2.7256 1.7010 0.0257 2.8761 0.1515
Car 0.0000 0 -1.0064 0.0000 0.0000 1224.0000 370.0000 1.4612 1.4894 3.2444 2.0633 1.5832 0.1884 0.3227 0.1446
Car 0.0000 0 -0.1922 0.0000 0.0000 1224.0000 370.0000 1.4842 1.5567 3.6185 1.9715 1.5811 -0.0680 1.2512 0.1439
Car 0.0000 0 0.3584 0.0000 0.0000 1224.0000 370.0000 1.4748 1.5594 3.4771 1.2692 1.6443 0.0747 1.6269 0.1414
Car 0.0000 0 0.3464 0.0000 0.0000 1224.0000 370.0000 1.4628 1.6241 3.9290 1.6633 1.6174 0.3283 1.5454 0.1406
Car 0.0000 0 1.3203 0.0000 0.0000 1224.0000 370.0000 1.4938 1.5891 4.2447 -2.2985 1.7049 0.4712 0.0838 0.1252
Car 0.0000 0 4.4341 0.0000 0.0000 1224.0000 370.0000 1.5511 1.6126 4.2312 -2.2258 1.6929 -0.1481 2.9434 0.1251
Car 0.0000 0 2.8500 0.0000 0.0000 1224.0000 370.0000 1.4603 1.5083 3.5782 -1.4692 1.6743 -0.0200 1.4844 0.1202
Car 0.0000 0 4.3582 38.6693 0.0000 1224.0000 370.0000 1.5593 1.6336 4.3673 -2.9160 1.7082 -0.1666 2.8426 0.1161
Car 0.0000 0 -1.0678 0.0000 0.0000 1224.0000 370.0000 1.5199 1.4902 3.5408 2.0438 1.5646 0.0088 0.3433 0.1155
Car 0.0000 0 -0.1438 0.0000 0.0000 1224.0000 370.0000 1.4505 1.5766 3.6954 1.9470 1.6115 -0.0439 1.2859 0.1135
Car 0.0000 0 4.3951 0.0000 0.0000 1224.0000 370.0000 1.5675 1.6745 4.3163 -2.5701 1.7201 0.3636 3.0869 0.1132
Car 0.0000 0 -1.0461 0.0000 0.0000 1224.0000 370.0000 1.5313 1.4751 3.8098 2.0943 1.5120 -0.0298 0.3867 0.1075
Car 0.0000 0 0.1548 0.0000 0.0000 1224.0000 370.0000 1.4955 1.6084 3.7232 1.2572 1.6333 -0.2183 1.6436 0.1012
Car 0.0000 0 -0.2237 0.0000 0.0000 1224.0000 370.0000 1.5276 1.5841 3.7359 2.0145 1.5643 -0.2883 1.3310 0.0983
Car 0.0000 0 4.2643 0.0000 0.0000 1224.0000 370.0000 1.5470 1.6155 4.1624 -1.7236 1.6749 -0.1053 2.8209 0.0965
Car 0.0000 0 0.6191 0.0000 0.0000 1224.0000 370.0000 1.4468 1.5168 3.3936 1.2831 1.6391 0.3713 1.6953 0.0964
Car 0.0000 0 -1.0206 0.0000 0.0000 1224.0000 370.0000 1.4784 1.5165 3.8105 1.0481 1.6594 0.6821 -0.2128 0.0874
Car 0.0000 0 3.0737 0.0000 0.0000 1224.0000 370.0000 1.4637 1.5215 3.6191 -1.7761 1.6713 0.0502 1.7119 0.0843
Car 0.0000 0 4.2871 79.9694 0.0000 1224.0000 370.0000 1.5732 1.6004 4.1114 -2.7025 1.7124 -0.1313 2.7888 0.0840
Car 0.0000 0 4.0179 0.0000 0.0000 1224.0000 370.0000 1.5045 1.5582 4.3109 -0.5388 1.6006 0.0864 3.1002 0.0807
Car 0.0000 0 -1.7800 0.0000 0.0000 1224.0000 370.0000 1.5144 1.6038 4.1256 -2.0070 1.6490 0.1268 -3.1284 0.0774
Car 0.0000 0 -2.6074 0.0000 0.0000 1224.0000 370.0000 1.5134 1.5371 3.6317 5.6380 1.4738 -0.2389 -1.0502 0.0751
Car 0.0000 0 2.2440 0.0000 0.0000 1224.0000 370.0000 1.5204 1.6299 4.0605 0.6533 1.6158 0.2796 3.0713 0.0733
Car 0.0000 0 -2.6704 0.0000 0.0000 1224.0000 370.0000 1.5467 1.5221 3.5590 5.6708 1.4730 -0.2187 -1.1167 0.0728
Car 0.0000 0 2.1332 0.0000 0.0000 1224.0000 370.0000 1.5392 1.6104 3.9084 0.6847 1.6181 0.2372 3.0198 0.0725
Car 0.0000 0 2.0925 0.0000 0.0000 1224.0000 370.0000 1.5735 1.6635 4.2153 0.7351 1.5952 0.1478 3.0950 0.0655
Car 0.0000 0 2.1697 0.0000 0.0000 1224.0000 370.0000 1.4907 1.5995 4.0500 0.8031 1.6688 0.4053 3.0052 0.0653
Car 0.0000 0 2.1280 0.0000 0.0000 1224.0000 370.0000 1.5975 1.6349 4.0940 0.5699 1.5863 0.1401 3.0181 0.0645
Car 0.0000 0 1.9413 56.6541 0.0000 1224.0000 370.0000 1.4988 1.6313 3.6532 1.9311 1.6292 0.6581 3.0435 0.0627
Car 0.0000 0 2.3739 0.0000 0.0000 1224.0000 370.0000 1.5508 1.6135 4.2642 0.3783 1.6087 0.2303 2.9756 0.0600
Cyclist 0.0000 0 0.0424 0.0000 0.0000 1224.0000 370.0000 1.6781 0.5310 1.9566 -1.1407 1.5807 0.0016 -1.2486 0.0586
Car 0.0000 0 -0.0437 61.5898 0.0000 1224.0000 370.0000 1.4865 1.5697 3.6640 -1.2026 1.6359 -0.0002 -1.3501 0.0581
Car 0.0000 0 -3.3317 0.0000 0.0000 1224.0000 370.0000 1.4266 1.6034 3.4577 9.5393 1.3738 -0.2221 -1.7701 0.0566
Car 0.0000 0 2.4940 0.0000 0.0000 1224.0000 370.0000 1.4997 1.5852 4.0059 0.4116 1.6235 0.3476 3.0463 0.0513
Car 0.0000 0 -2.1469 0.0000 0.0000 1224.0000 370.0000 1.4440 1.5087 3.7108 -0.9697 1.6553 0.4514 -3.0417 0.0507
Car 0.0000 0 -0.9099 1180.1459 153.6934 1224.0000 214.2294 1.5802 1.7092 3.8552 18.3914 0.8820 19.6072 -0.1630 0.0496
Car 0.0000 0 3.5675 0.0000 0.0000 1224.0000 370.0000 1.4952 1.5646 3.8979 -2.1922 1.6590 -0.2101 2.0500 0.0434
Car 0.0000 0 2.6398 0.0000 0.0000 1224.0000 370.0000 1.4796 1.5593 4.0351 0.2847 1.6496 0.4321 3.0022 0.0424
Car 0.0000 0 -2.8577 0.0000 0.0000 1224.0000 370.0000 1.4756 1.5211 3.5112 5.9356 1.4671 -0.1193 -1.3198 0.0423
Car 0.0000 0 -1.8661 1186.4064 153.6902 1224.0000 214.7198 1.5805 1.6249 3.5686 18.2418 0.8878 20.2667 -1.1394 0.0413
Car 0.0000 0 2.3028 0.0000 0.0000 1224.0000 370.0000 1.6131 1.6243 4.1412 0.3376 1.5807 0.0840 2.9976 0.0412
Car 0.0000 0 -2.7638 0.0000 0.0000 1224.0000 370.0000 1.4881 1.4677 3.3936 5.8125 1.4355 -0.1571 -1.2202 0.0410
Car 0.0000 0 0.9425 0.0000 0.0000 1224.0000 370.0000 1.6061 1.6395 4.4382 -0.8866 1.6926 -0.0306 -0.3078 0.0407
Car 0.0000 0 -2.7570 0.0000 0.0000 1224.0000 370.0000 1.5561 1.5360 3.4866 5.8657 1.5467 -0.1389 -1.2162 0.0406
Car 0.0000 0 2.6777 0.0000 0.0000 1224.0000 370.0000 1.4204 1.5533 3.4935 -1.6178 1.6961 0.5619 1.6091 0.0397
Car 0.0000 0 -2.7641 0.0000 0.0000 1224.0000 370.0000 1.5075 1.5200 3.5225 5.9102 1.4727 -0.1186 -1.2265 0.0365
Car 0.0000 0 -3.2121 0.0000 0.0000 1224.0000 370.0000 1.3741 1.5582 3.3602 9.5090 1.3878 -0.1617 -1.6569 0.0364
Car 0.0000 0 -2.3066 0.0000 0.0000 1218.2733 370.0000 1.4523 1.5275 3.6733 1.2597 1.6482 0.8324 -1.4765 0.0355
Car 0.0000 0 0.1387 364.2878 0.0000 1224.0000 370.0000 1.5477 1.6529 3.5138 -0.7734 1.6318 -0.0536 -1.0943 0.0348
Car 0.0000 0 -3.1305 0.0000 0.0000 1224.0000 370.0000 1.3730 1.5786 3.2041 9.4160 1.3905 -0.2717 -1.5638 0.0348
Car 0.0000 0 -2.4051 0.0000 0.0000 1224.0000 370.0000 1.4357 1.4415 3.7011 1.5125 1.6294 0.8306 -1.4844 0.0338
Car 0.0000 0 -2.2246 0.0000 0.0000 1188.7715 370.0000 1.4950 1.7086 3.7173 0.9078 1.6863 0.6495 -1.4722 0.0311
Car 0.0000 0 -2.7333 0.0000 0.0000 1224.0000 370.0000 1.4790 1.5829 3.7070 5.7397 1.4258 -0.0803 -1.2035 0.0310
Car 0.0000 0 -1.2846 780.3777 146.7315 824.9381 178.2561 1.9981 1.7087 4.3956 13.3134 -0.1567 47.4556 -1.0109 0.0308
Car 0.0000 0 -2.7140 0.0000 0.0000 1224.0000 370.0000 1.5265 1.4858 3.3690 5.8027 1.5302 -0.1371 -1.1738 0.0301
Car 0.0000 0 -2.0337 1163.1564 152.8311 1224.0000 215.2804 1.6119 1.6650 3.7948 17.9333 0.8993 20.2911 -1.3161 0.0297
Car 0.0000 0 -1.2769 781.3267 150.9937 825.2551 177.1193 1.6485 1.7090 4.1395 13.3318 -0.2358 47.3863 -1.0025 0.0294
Car 0.0000 0 3.2997 0.0000 0.0000 1224.0000 370.0000 1.5038 1.6186 3.6895 -2.0491 1.6879 0.2298 1.9942 0.0294
Cyclist 0.0000 0 1.9232 0.0000 0.0000 1224.0000 370.0000 1.9819 0.6443 1.8041 -4.2265 1.7996 -0.3029 0.3587 0.0293
Car 0.0000 0 -2.1338 753.5688 150.6868 808.2563 176.6810 1.6402 1.6557 4.0346 11.7375 -0.2666 47.4243 -1.8908 0.0289
Cyclist 0.0000 0 -2.3942 0.0000 0.0000 1224.0000 370.0000 1.6405 0.5021 1.7075 1.1061 1.6818 0.7037 -1.5703 0.0289
Car 0.0000 0 -1.4257 1204.7524 152.8702 1224.0000 214.6730 1.5878 1.6761 4.1384 18.6057 0.8795 20.1186 -0.6856 0.0288
Car 0.0000 0 3.6142 0.0000 0.0000 1224.0000 370.0000 1.5795 1.6530 4.0625 -2.4393 1.6091 -0.1987 2.0962 0.0288
Car 0.0000 0 2.5998 0.0000 0.0000 1224.0000 370.0000 1.5501 1.5974 4.1014 0.1795 1.6332 0.1421 2.9704 0.0287
Pedestrian 0.0000 0 -3.6262 1208.6206 178.9310 1224.0000 370.0000 1.6307 0.4648 0.5964 4.3073 1.6231 4.5329 -2.8990 0.0279
Car 0.0000 0 -2.1309 753.3755 149.5393 808.5523 176.4849 1.7001 1.6747 4.0834 11.7490 -0.2808 47.4625 -1.8878 0.0278
Car 0.0000 0 -0.2868 232.5490 0.0000 1224.0000 370.0000 1.4972 1.6233 3.4298 -0.7646 1.6987 0.1369 -1.3144 0.0278
Pedestrian 0.0000 0 -0.0942 64.5976 172.8219 108.5590 268.5558 1.6995 0.4830 0.6106 -9.5268 1.5648 12.9294 -0.7157 0.0277
Car 0.0000 0 -1.2271 783.4117 144.7198 832.4489 178.9579 2.1705 1.7343 4.5253 13.6448 -0.1071 47.3718 -0.9466 0.0272
Car 0.0000 0 -1.7436 0.0000 0.0000 1224.0000 370.0000 1.5948 1.5549 3.2131 5.6169 1.5306 -0.1236 -0.2068 0.0267
Car 0.0000 0 -1.0071 1192.6569 154.7547 1224.0000 216.3900 1.6037 1.7080 4.3407 18.9459 0.9354 19.7546 -0.2490 0.0265
Car 0.0000 0 -1.2039 782.9957 142.8806 833.8813 178.8336 2.2815 1.7349 4.6344 13.7042 -0.1161 47.4541 -0.9227 0.0263
Car 0.0000 0 2.8351 0.0000 0.0000 1224.0000 370.0000 1.5435 1.5799 4.0522 0.0783 1.6175 0.1742 2.9941 0.0261
Cyclist 0.0000 0 -0.0962 137.9898 0.0000 1224.0000 370.0000 1.6678 0.4379 1.8203 -1.1036 1.6992 0.3542 -1.1149 0.0258
Car 0.0000 0 -0.8847 1187.8870 156.1627 1224.0000 215.2292 1.5486 1.6900 3.9506 18.6977 0.9121 19.6266 -0.1300 0.0257
Cyclist 0.0000 0 0.8723 0.0000 0.0000 1224.0000 370.0000 1.6730 0.5181 1.7307 0.6413 1.6792 0.2284 1.7342 0.0252
Pedestrian 0.0000 0 -1.6269 0.0000 0.0000 1224.0000 370.0000 1.7047 0.5531 0.6982 3.8435 1.6104 0.1780 -0.1842 0.0251
Car 0.0000 0 -1.2985 781.0665 149.1928 824.3301 177.5083 1.7879 1.7077 4.2665 13.2942 -0.2088 47.3854 -1.0248 0.0248
Car 0.0000 0 -2.0478 1156.4080 154.2112 1224.0000 216.4600 1.6220 1.6613 3.9395 17.9741 0.9386 20.5280 -1.3347 0.0242
Car 0.0000 0 -1.2312 785.8854 148.4634 833.3737 178.1147 1.8690 1.7153 4.2792 13.6931 -0.1654 47.1619 -0.9485 0.0237
Car 0.0000 0 -1.2390 784.4147 147.2520 832.0050 178.0798 1.9489 1.7174 4.4200 13.6575 -0.1687 47.3573 -0.9582 0.0235
Car 0.0000 0 -2.8180 0.0000 0.0000 1224.0000 370.0000 1.5480 1.5042 3.4254 5.9592 1.5413 -0.0377 -1.2936 0.0235
Car 0.0000 0 -2.7634 0.0000 0.0000 1224.0000 370.0000 1.5364 1.4840 3.3996 5.8166 1.5216 -0.1486 -1.2211 0.0232
Pedestrian 0.0000 0 2.8153 791.7476 157.7981 806.4362 184.9725 1.7349 0.7902 0.6951 12.4999 0.2869 45.5493 3.0832 0.0227
Car 0.0000 0 -0.7369 0.0000 256.8385 1224.0000 370.0000 1.5140 1.6099 3.7120 1.1298 1.7024 0.8963 0.0118 0.0224
Car 0.0000 0 -2.1177 0.0000 0.0000 1224.0000 370.0000 1.5670 1.5600 3.4623 5.4600 1.4986 -0.1133 -0.5839 0.0217
Car 0.0000 0 -1.4551 781.0482 150.0993 814.1508 177.3456 1.7245 1.6815 4.1140 12.9746 -0.2205 47.4842 -1.1881 0.0208
Car 0.0000 0 3.2792 0.0000 0.0000 1224.0000 370.0000 1.5975 1.6227 3.8538 -0.1577 1.6403 0.0025 2.8315 0.0208
Cyclist 0.0000 0 3.4725 0.0000 0.0000 1224.0000 370.0000 1.6517 0.5896 1.8096 -1.7253 1.6623 -0.0089 2.0836 0.0201
Car 0.0000 0 -2.0810 1155.2828 154.7395 1224.0000 215.6790 1.5874 1.6228 3.8792 17.9195 0.9180 20.4765 -1.3682 0.0201
Car 0.0000 0 -1.8389 1182.5332 154.5758 1224.0000 215.2286 1.5801 1.6722 3.7889 18.3126 0.9063 20.4838 -1.1155 0.0201
Pedestrian 0.0000 0 2.8363 791.4863 157.8558 806.3206 185.1795 1.7437 0.8135 0.7087 12.4837 0.3000 45.5352 3.1039 0.0200
Car 0.0000 0 -2.1238 0.0000 0.0000 1224.0000 370.0000 1.5596 1.5304 3.3782 5.7100 1.4889 -0.1069 -0.5895 0.0197
Car 0.0000 0 -2.5405 1111.3243 154.7280 1224.0000 217.6735 1.6304 1.6602 4.0480 17.2232 0.9645 20.4830 -1.8473 0.0196
Car 0.0000 0 -2.1452 1150.5190 155.0803 1224.0000 216.0522 1.5965 1.6332 3.8297 17.8998 0.9325 20.5174 -1.4339 0.0195
Car 0.0000 0 -1.4360 784.4993 147.0956 819.7797 179.4558 2.0605 1.6933 4.5369 13.3155 -0.0726 47.5903 -1.1631 0.0195
Car 0.0000 0 0.4872 0.0000 177.8436 113.2156 219.3132 1.4562 1.5373 3.9497 -20.6396 1.3644 25.9278 -0.1774 0.0192
Car 0.0000 0 -2.1724 1149.0120 155.1310 1224.0000 215.9339 1.6069 1.6596 4.1184 18.2330 0.9380 20.8200 -1.4590 0.0190
Pedestrian 0.0000 0 0.1239 62.9692 173.4446 107.8888 268.9330 1.6990 0.4740 0.6044 -9.5364 1.5751 12.9282 -0.4982 0.0187
Car 0.0000 0 -2.0889 754.0800 149.6600 808.4615 177.1552 1.7358 1.6878 4.1702 11.7540 -0.2336 47.4119 -1.8455 0.0186
Car 0.0000 0 -1.0659 782.7760 152.0469 838.0746 177.4148 1.6005 1.7152 4.2276 13.7545 -0.2139 47.2145 -0.7823 0.0184
Car 0.0000 0 -2.3691 1136.9163 155.4093 1224.0000 217.4698 1.6098 1.6425 3.6808 17.5087 0.9605 20.2428 -1.6621 0.0181
Car 0.0000 0 -4.3735 0.0000 0.0000 1224.0000 370.0000 1.4417 1.5674 4.2217 16.1358 0.9538 -0.1622 -2.8113 0.0181
Cyclist 0.0000 0 0.0897 0.0000 0.0000 1224.0000 370.0000 1.6541 0.5022 1.8726 -1.3854 1.6480 0.2829 -1.0667 0.0180
Cyclist 0.0000 0 0.1630 0.0000 0.0000 1224.0000 370.0000 1.6335 0.4939 1.8758 1.7040 1.6799 0.3649 1.3514 0.0179
Car 0.0000 0 -3.7538 1154.4869 155.2915 1224.0000 215.7198 1.5904 1.6811 3.9514 17.9561 0.9286 19.6771 -3.0205 0.0179
Car 0.0000 0 3.6788 0.0000 0.0000 1224.0000 370.0000 1.5893 1.6885 4.0250 -2.5015 1.6891 0.0174 2.2450 0.0178
Car 0.0000 0 3.4741 0.0000 178.3539 121.3241 220.3943 1.4877 1.6041 4.1839 -20.8216 1.4132 26.4462 2.8147 0.0178
Car 0.0000 0 1.3736 883.3594 182.3855 1013.4026 263.6852 1.3604 1.5472 3.6053 6.5079 1.4041 13.8488 1.8058 0.0176
Car 0.0000 0 -4.3291 0.0000 0.0000 1224.0000 370.0000 1.4546 1.5453 3.9060 15.8994 0.9433 -0.1498 -2.7678 0.0175
Car 0.0000 0 2.4783 0.0000 0.0000 1224.0000 370.0000 1.5990 1.5868 3.9901 0.1689 1.5888 0.0262 2.9321 0.0175
Car 0.0000 0 -0.7357 1178.2518 154.6561 1224.0000 213.4657 1.5531 1.6844 4.3518 18.7023 0.8722 19.5552 0.0209 0.0175
Car 0.0000 0 -2.6311 740.1910 151.9214 810.5021 177.3382 1.6020 1.6771 4.2826 11.3192 -0.2188 47.1466 -2.3951 0.0172
Car 0.0000 0 -1.3725 0.0000 0.0000 1224.0000 370.0000 1.4055 1.5276 3.7896 15.9016 0.9767 0.0345 0.1772 0.0168
Car 0.0000 0 -1.3541 785.1249 152.0093 824.2942 177.8799 1.6306 1.6878 4.0333 13.3656 -0.1816 47.1764 -1.0779 0.0168
Car 0.0000 0 -1.3973 780.2286 152.1085 816.4459 177.5456 1.6109 1.6801 3.9939 13.0121 -0.2060 47.4414 -1.1294 0.0167
Car 0.0000 0 -1.4813 781.7683 149.9586 813.6796 178.7943 1.8351 1.7049 4.1462 12.9866 -0.1187 47.4983 -1.2142 0.0166
Car 0.0000 0 -1.9918 761.8975 151.7207 810.2283 176.6916 1.5794 1.6617 3.9604 12.0909 -0.2656 47.4468 -1.7420 0.0164
Car 0.0000 0 -1.6506 779.0616 150.2084 809.7169 176.0507 1.6320 1.6776 3.8322 12.6510 -0.3097 47.3857 -1.3894 0.0164
Car 0.0000 0 -1.2425 792.3649 146.9197 840.1722 179.1091 2.0267 1.7313 4.3591 14.0848 -0.0956 46.9865 -0.9512 0.0163
Car 0.0000 0 -3.0645 0.0000 0.0000 1224.0000 370.0000 1.5601 1.5983 4.1092 -0.0563 1.6411 0.5288 -3.1283 0.0163
Car 0.0000 0 0.3472 0.0000 174.1049 112.6713 218.3247 1.5138 1.5949 3.7315 -20.2676 1.2964 25.5365 -0.3158 0.0162
Car 0.0000 0 -2.3280 1136.3662 155.1736 1224.0000 217.3233 1.6137 1.6317 3.8159 17.5404 0.9577 20.2999 -1.6216 0.0160
Car 0.0000 0 -2.0713 0.0000 0.0000 1044.4406 370.0000 1.4858 1.6028 3.5881 0.8159 1.7109 1.0413 -1.5311 0.0160
Car 0.0000 0 -1.4803 1214.5370 153.9041 1224.0000 217.2773 1.6181 1.6953 4.1977 18.7360 0.9406 20.0854 -0.7359 0.0159
Car 0.0000 0 0.6340 0.0000 0.0000 1224.0000 370.0000 1.6233 1.7422 3.9587 -2.8356 1.6992 0.0656 -0.7989 0.0158
Car 0.0000 0 3.1139 0.0000 0.0000 1224.0000 370.0000 1.5140 1.5692 4.0014 -0.0531 1.6476 0.4286 3.0455 0.0157
Car 0.0000 0 -4.3984 0.0000 0.0000 1224.0000 370.0000 1.4232 1.5415 3.6900 15.8315 0.9910 -0.0476 -2.8436 0.0157
Car 0.0000 0 -1.0440 779.3478 152.3736 837.6193 177.9601 1.6236 1.7096 4.5406 13.7069 -0.1771 47.4821 -0.7629 0.0156
Car 0.0000 0 -1.2258 789.7259 145.7050 838.7305 178.9771 2.1047 1.7296 4.4719 14.0285 -0.1055 47.2476 -0.9371 0.0155
Car 0.0000 0 -0.3837 1133.3673 153.1177 1224.0000 213.0287 1.5755 1.6558 4.1986 17.7725 0.8570 20.0604 0.3351 0.0152
Car 0.0000 0 -1.6058 0.0000 0.0000 1224.0000 370.0000 1.4046 1.6652 4.3237 16.0504 0.6985 0.4706 -0.0832 0.0152
Car 0.0000 0 -1.9606 763.1376 150.9845 809.8534 176.4571 1.6116 1.6651 3.9183 12.1195 -0.2817 47.4390 -1.7101 0.0152
Car 0.0000 0 2.7519 0.0000 0.0000 1224.0000 370.0000 1.5000 1.5649 3.9650 0.3400 1.6736 0.5537 3.1233 0.0150
Car 0.0000 0 0.7559 189.2451 0.0000 1224.0000 370.0000 1.4650 1.6059 3.6681 0.8140 1.7126 0.0845 1.8637 0.0150
Car 0.0000 0 -3.5020 1118.7594 155.8692 1224.0000 216.8295 1.5988 1.6351 3.9719 17.1262 0.9544 19.9757 -2.7995 0.0150
Car 0.0000 0 -2.6740 737.4492 152.1605 808.3383 178.2371 1.6510 1.6960 4.2942 11.1607 -0.1561 47.1479 -2.4411 0.0150
Car 0.0000 0 -4.4936 0.0000 0.0000 1224.0000 370.0000 1.4195 1.5825 4.0337 16.0555 0.9707 0.0521 -2.9448 0.0148
Car 0.0000 0 -2.4958 1140.9684 154.2719 1224.0000 218.1980 1.5998 1.7192 3.8938 17.5099 0.9450 19.7712 -1.7773 0.0147
Car 0.0000 0 -1.5128 792.6047 144.2474 822.9055 179.2276 2.2271 1.6955 4.7053 13.7217 -0.0890 47.6953 -1.2326 0.0147
Car 0.0000 0 -1.7921 1199.4132 153.3396 1224.0000 215.3790 1.6252 1.6039 3.5912 18.6530 0.9153 20.4750 -1.0593 0.0146
Car 0.0000 0 -1.4224 780.1190 151.3674 815.7123 177.3551 1.6433 1.7189 4.0940 12.9909 -0.2197 47.4623 -1.1551 0.0145
Car 0.0000 0 -1.4499 0.0000 0.0000 1224.0000 370.0000 1.4229 1.6434 3.8766 15.8689 0.7408 0.3005 0.0830 0.0144
Car 0.0000 0 0.4116 0.0000 178.4388 113.6732 220.1983 1.4569 1.5706 3.7470 -20.4890 1.3865 25.8866 -0.2502 0.0144
Car 0.0000 0 -1.9782 761.5064 151.0595 810.3243 176.7673 1.6263 1.7198 4.0075 12.0804 -0.2604 47.4515 -1.7286 0.0144
Car 0.0000 0 -1.2398 0.0000 0.0000 1224.0000 370.0000 1.4280 1.5214 3.6939 15.7852 1.0276 -0.1349 0.3204 0.0143
Car 0.0000 0 1.6002 0.0000 182.9380 1.2666 241.6614 1.4698 1.6343 4.1523 -18.1922 1.5475 19.9816 0.8713 0.0143
Car 0.0000 0 0.3249 0.0000 179.8038 117.0378 221.1126 1.4521 1.5781 3.8044 -20.6049 1.4291 26.2171 -0.3336 0.0141
Cyclist 0.0000 0 1.8351 0.0000 181.3251 31.8609 251.3628 1.5841 0.4922 1.5192 -14.2119 1.6063 16.7993 1.1440 0.0141
Car 0.0000 0 -4.3821 0.0000 0.0000 1224.0000 370.0000 1.4171 1.4987 3.6294 15.7771 0.9915 -0.0493 -2.8273 0.0139
Car 0.0000 0 -2.1474 746.5745 147.6162 804.8032 177.2477 1.8686 1.6888 4.3553 11.3796 -0.2276 47.4304 -1.9115 0.0137
Car 0.0000 0 -2.3760 1129.2250 155.7306 1224.0000 217.8345 1.6191 1.6397 3.8799 17.5122 0.9750 20.4428 -1.6737 0.0135
Car 0.0000 0 3.6780 0.0000 171.6815 23.7891 219.9660 1.6322 1.7045 4.1641 -23.6149 1.3357 25.1626 2.9324 0.0135
Car 0.0000 0 -1.8999 251.4417 0.0000 1224.0000 370.0000 1.5434 1.7174 3.6586 0.3662 1.6980 0.2666 -1.3430 0.0134
Cyclist 0.0000 0 -3.1813 0.0000 0.0000 1224.0000 370.0000 1.6178 0.3788 1.5171 7.2169 1.4076 0.7716 -1.7596 0.0133
Car 0.0000 0 0.3456 0.0000 177.6165 121.9459 219.2856 1.4770 1.5616 4.1129 -20.7424 1.3763 26.4320 -0.3121 0.0133
Car 0.0000 0 2.8081 0.0000 0.0000 1224.0000 370.0000 1.4851 1.5406 3.8906 0.1409 1.6918 0.4088 2.9997 0.0131
Car 0.0000 0 -2.0558 0.0000 0.0000 1224.0000 370.0000 1.5793 1.5234 3.4295 5.4276 1.4054 -0.2735 -0.4928 0.0131
Car 0.0000 0 -1.2306 789.0091 145.0929 838.0694 179.1161 2.1606 1.7482 4.5215 14.0374 -0.0961 47.4299 -0.9428 0.0130
Car 0.0000 0 -2.7688 515.5057 161.7650 616.4400 197.5311 1.5745 1.6876 4.3310 -1.8094 0.7512 32.6032 -2.8218 0.0130
Car 0.0000 0 -1.2197 0.0000 0.0000 1224.0000 370.0000 1.4208 1.4977 3.6596 15.6771 1.0305 -0.2249 0.3462 0.0130
Car 0.0000 0 -0.9833 782.7964 152.1851 845.2803 178.3051 1.6518 1.7365 4.6111 13.9966 -0.1519 47.2130 -0.6950 0.0129
Car 0.0000 0 -0.9170 787.0563 153.9396 851.9992 179.1952 1.5946 1.7477 4.4925 14.2491 -0.0889 46.8660 -0.6218 0.0129
Car 0.0000 0 -4.3595 0.0000 0.0000 1224.0000 370.0000 1.4275 1.7338 3.4025 9.9090 1.3303 -0.1185 -2.8080 0.0128
Pedestrian 0.0000 0 0.8055 40.9430 171.0114 85.7577 253.7469 1.6691 0.4741 0.5646 -11.1773 1.4793 14.5390 0.1624 0.0126
Car 0.0000 0 3.6814 0.0000 174.9867 28.4472 220.8290 1.5657 1.6954 4.1460 -23.6104 1.3790 25.3895 2.9403 0.0126
Car 0.0000 0 2.7642 0.0000 0.0000 1224.0000 370.0000 1.4798 1.5245 3.9550 0.2706 1.6694 0.5784 3.0574 0.0126
Car 0.0000 0 -0.9931 781.8718 152.5173 842.5414 178.1380 1.6208 1.7412 4.4494 13.8741 -0.1635 47.2198 -0.7072 0.0126
Car 0.0000 0 1.4948 0.0000 180.4455 15.1614 237.3086 1.4502 1.6478 4.0127 -18.0796 1.4504 20.0153 0.7698 0.0126
Car 0.0000 0 0.4437 0.0000 178.0237 113.9269 220.0387 1.4669 1.5686 3.7365 -20.4502 1.3820 25.8509 -0.2178 0.0125
Car 0.0000 0 -1.6637 778.2589 152.0661 809.2112 176.9119 1.5709 1.6464 3.8201 12.5850 -0.2490 47.3035 -1.4034 0.0125
Car 0.0000 0 0.2923 0.0000 180.3068 119.1574 221.3491 1.4425 1.5779 3.8710 -20.5886 1.4372 26.2727 -0.3647 0.0124
Car 0.0000 0 -2.7646 734.5593 153.2395 806.8102 178.5021 1.6030 1.6909 4.3706 11.0131 -0.1373 47.1098 -2.5345 0.0123
Car 0.0000 0 -2.2601 1135.3229 154.8368 1224.0000 217.7126 1.6398 1.6634 3.9426 17.5772 0.9721 20.4192 -1.5555 0.0123
Car 0.0000 0 -1.2912 0.0000 0.0000 1224.0000 370.0000 1.4289 1.5091 3.7529 15.8906 1.0133 -0.1271 0.2687 0.0123
Pedestrian 0.0000 0 -1.4126 0.0000 174.4723 28.1045 245.9845 1.6695 0.5404 0.5879 -14.2269 1.5304 16.8916 -2.1015 0.0122
Car 0.0000 0 -4.4267 0.0000 0.0000 1224.0000 370.0000 1.3955 1.4466 3.4723 15.7049 0.9936 -0.0217 -2.8737 0.0120
Car 0.0000 0 0.3841 0.0000 174.3181 113.9113 218.0011 1.5018 1.6059 3.7304 -20.2659 1.2908 25.5872 -0.2779 0.0120
Car 0.0000 0 0.3662 0.0000 175.3528 115.0623 217.9801 1.4665 1.5230 3.8273 -20.2715 1.2909 25.6051 -0.2956 0.0119
Car 0.0000 0 -1.5079 0.0000 0.0000 1224.0000 370.0000 1.4240 1.6600 4.1042 16.0709 0.6833 0.3500 0.0223 0.0119
Car 0.0000 0 3.5212 0.0000 174.1502 33.8359 219.2814 1.5249 1.6537 4.1305 -23.3871 1.3118 25.3804 2.7847 0.0118
Car 0.0000 0 -0.7537 643.9115 0.0000 1224.0000 370.0000 1.4951 1.6307 3.7205 -0.2692 1.7052 0.8702 -0.9743 0.0117
Car 0.0000 0 -1.9811 1167.3534 155.2575 1224.0000 215.8664 1.5886 1.6509 3.8316 18.2175 0.9286 20.6035 -1.2631 0.0115
Car 0.0000 0 -1.9320 1170.3429 154.8800 1224.0000 216.5527 1.6119 1.6654 3.9064 18.2337 0.9439 20.5956 -1.2134 0.0114
Car 0.0000 0 0.1388 595.8264 160.5695 687.0239 196.7831 1.5702 1.6755 3.9081 1.6509 0.7075 31.8477 0.1919 0.0113
Car 0.0000 0 1.3825 606.5644 163.3639 660.0133 199.4785 1.5208 1.6894 3.9343 1.1862 0.8007 31.8398 1.4212 0.0113
Car 0.0000 0 3.6858 0.0000 175.9023 29.5406 221.3809 1.5543 1.6925 4.2649 -23.6498 1.3987 25.4078 2.9442 0.0112
Car 0.0000 0 -1.0009 785.0812 152.8317 846.8685 178.5349 1.6252 1.7389 4.6117 14.1221 -0.1359 47.1967 -0.7101 0.0112
Car 0.0000 0 0.6060 576.0807 165.2278 663.1284 200.0754 1.4852 1.7003 3.5947 0.6169 0.8358 31.8731 0.6270 0.0110
Car 0.0000 0 -1.6306 779.2013 151.2801 808.5717 176.5276 1.5953 1.6661 3.8748 12.6190 -0.2766 47.3875 -1.3701 0.0109
Car 0.0000 0 -0.7164 788.9629 154.2751 860.8363 179.0335 1.5618 1.7467 4.4644 14.4678 -0.0987 46.4976 -0.4148 0.0109
Car 0.0000 0 -0.8504 413.0543 0.0000 1224.0000 370.0000 1.4921 1.6544 3.4025 -0.3066 1.7151 0.3106 -1.2999 0.0109
Cyclist 0.0000 0 0.3130 0.0000 0.0000 1224.0000 370.0000 1.6509 0.5637 1.9182 -1.3855 1.5711 -0.0590 -1.0671 0.0108
Pedestrian 0.0000 0 0.9238 866.9114 171.6955 910.4973 265.3629 1.5149 0.4301 0.5424 4.6653 1.3742 11.7502 1.2943 0.0108
Cyclist 0.0000 0 0.7543 0.0000 0.0000 1224.0000 370.0000 1.6936 0.5303 1.9352 1.0705 1.6279 0.2998 1.7996 0.0108
Car 0.0000 0 -1.4470 790.4272 153.4814 823.0129 179.0572 1.6229 1.6512 3.6382 13.4662 -0.0989 47.0839 -1.1684 0.0107
Car 0.0000 0 -2.9817 521.4244 162.3214 615.9680 197.5029 1.5538 1.6950 4.0937 -1.6358 0.7524 32.2920 -3.0299 0.0107
Car 0.0000 0 -2.7899 520.7523 162.7524 618.7113 198.0416 1.5548 1.6991 4.1799 -1.6308 0.7743 32.5821 -2.8376 0.0107
Cyclist 0.0000 0 3.1100 0.0000 0.0000 1224.0000 370.0000 1.7002 0.5532 1.8141 -1.7504 1.7016 0.2804 1.8729 0.0106
Car 0.0000 0 -4.3562 0.0000 0.0000 1224.0000 370.0000 1.4033 1.4200 3.3978 15.4929 1.0212 0.0060 -2.8053 0.0105
Car 0.0000 0 2.0516 545.6479 163.4032 620.2098 200.1615 1.5283 1.7251 3.8599 -0.9316 0.8190 31.5055 2.0243 0.0105
Car 0.0000 0 -1.2840 789.8564 144.9373 836.7125 178.5374 2.1299 1.7785 4.6512 14.0549 -0.1374 47.5367 -0.9964 0.0104
Car 0.0000 0 -1.3133 791.6630 151.4174 832.9240 178.6205 1.7133 1.6881 3.9122 13.7968 -0.1291 46.9289 -1.0273 0.0104
Car 0.0000 0 -2.5694 1121.0022 156.9295 1224.0000 218.4060 1.5748 1.6185 3.7735 17.1472 0.9726 20.1487 -1.8704 0.0104
Car 0.0000 0 0.3786 0.0000 178.9758 117.3793 220.1020 1.4517 1.5741 3.8978 -20.6796 1.3994 26.2494 -0.2810 0.0103
Car 0.0000 0 -2.0144 1187.8943 155.0710 1224.0000 216.1151 1.6027 1.6394 3.9128 18.9712 0.9367 20.6682 -1.2778 0.0102
Car 0.0000 0 -1.4601 606.3527 165.1674 650.5856 198.2081 1.4254 1.6493 3.4138 1.1031 0.7654 32.3063 -1.4244 0.0102
Cyclist 0.0000 0 0.4493 15.8398 168.2172 129.2406 268.8241 1.7815 0.4891 1.6047 -9.7327 1.5657 12.9022 -0.1834 0.0100
Pedestrian 0.0000 0 0.3459 43.7528 167.1305 86.6566 251.3398 1.6960 0.5038 0.5626 -11.1500 1.4284 14.5583 -0.2954 0.0100
Car 0.0000 0 -1.9647 562.5497 160.0191 606.6854 187.6831 1.9628 1.7185 4.4038 -1.5582 0.5109 52.5223 -1.9924 0.0099
Car 0.0000 0 -4.5647 0.0000 0.0000 1224.0000 370.0000 1.4327 1.5624 3.6943 15.7259 0.7622 0.3197 -3.0334 0.0099
Car 0.0000 0 3.7713 0.0000 176.0547 34.2702 219.5664 1.5170 1.6645 4.1447 -23.5838 1.3635 25.6900 3.0366 0.0099
Car 0.0000 0 -2.5587 1116.2843 154.5764 1224.0000 217.1793 1.6207 1.6553 3.8739 17.2379 0.9512 20.3931 -1.8630 0.0099
Car 0.0000 0 -1.5504 609.9479 164.0105 649.1318 197.7768 1.4452 1.6790 3.6303 1.1334 0.7409 32.1164 -1.5135 0.0098
Car 0.0000 0 -1.8913 742.7578 153.6562 780.6907 179.1523 2.0223 1.7794 4.3631 12.9456 -0.1148 58.5790 -1.6731 0.0098
Car 0.0000 0 -2.6086 1116.3317 156.4193 1224.0000 217.8754 1.5788 1.6227 3.9063 17.1840 0.9618 20.2712 -1.9115 0.0097
Car 0.0000 0 -2.6184 743.2628 152.1799 813.8757 177.5790 1.6040 1.6396 4.3390 11.5486 -0.2024 47.2202 -2.3781 0.0097
Car 0.0000 0 -4.1904 0.0000 0.0000 1224.0000 370.0000 1.3869 1.6561 3.4958 9.9316 1.2695 0.0006 -2.6508 0.0095
Pedestrian 0.0000 0 2.7704 789.8868 156.3126 804.5464 184.1494 1.7828 0.8943 0.6333 12.4353 0.2351 45.7563 3.0358 0.0095
Car 0.0000 0 -0.3398 0.0000 268.6830 1224.0000 370.0000 1.4792 1.5438 3.7323 0.7018 1.7427 1.1090 0.1169 0.0094
Car 0.0000 0 2.0610 544.7705 162.2397 618.6519 198.9239 1.5201 1.6639 3.8298 -0.9831 0.7649 31.3776 2.0319 0.0094
Cyclist 0.0000 0 0.3521 35.0654 171.0778 139.5746 271.5420 1.7664 0.5135 1.4479 -9.4347 1.6024 12.8655 -0.2672 0.0094
Pedestrian 0.0000 0 0.8539 884.3028 172.9103 932.4241 266.8721 1.5091 0.4415 0.6047 4.9727 1.3888 11.7074 1.2476 0.0093
Cyclist 0.0000 0 -0.6905 11.1508 165.6315 125.1554 268.7575 1.7351 0.4655 1.7349 -9.6949 1.4866 12.7892 -1.3254 0.0092
Car 0.0000 0 0.3222 590.6066 160.2294 690.8641 197.1414 1.5617 1.7238 4.1227 1.5745 0.7056 31.4645 0.3736 0.0092
Car 0.0000 0 1.5024 598.8297 166.5151 642.1921 201.3843 1.4612 1.6747 3.7366 0.6163 0.8767 31.5305 1.5236 0.0091
Car 0.0000 0 1.5229 606.2009 165.9146 647.2225 200.5929 1.4720 1.6686 3.5848 0.9064 0.8544 31.8142 1.5530 0.0091
Car 0.0000 0 3.7080 0.0000 172.6916 31.5077 218.8111 1.5766 1.7094 4.4917 -23.6962 1.3112 25.4014 2.9653 0.0091
Cyclist 0.0000 0 -0.7055 32.4952 169.3743 139.4819 266.7265 1.6625 0.4819 1.6513 -9.4816 1.4742 12.9289 -1.3248 0.0090
Car 0.0000 0 3.6514 0.0000 174.8657 30.5642 219.8260 1.5318 1.6677 4.1415 -23.5090 1.3414 25.3679 2.9120 0.0090
Car 0.0000 0 0.3003 0.0000 186.6259 116.8924 227.5991 1.4145 1.5477 3.7454 -20.5487 1.6549 26.1959 -0.3573 0.0090
Car 0.0000 0 1.6861 613.4485 163.5581 663.1668 201.5327 1.4370 1.5891 3.7901 1.3926 0.7974 28.7494 1.7359 0.0090
Car 0.0000 0 -0.9372 1201.7206 154.5945 1224.0000 217.8201 1.6601 1.6827 4.3779 19.3325 0.9815 19.7570 -0.1691 0.0089
Car 0.0000 0 -1.2188 569.1481 164.6250 633.6508 199.3080 1.5292 1.8014 3.8902 -0.1176 0.8307 33.3048 -1.2204 0.0088
Car 0.0000 0 -0.0027 0.0000 0.0000 1224.0000 370.0000 1.4376 1.5450 3.5127 0.3230 1.7268 1.1217 0.2184 0.0088
Pedestrian 0.0000 0 3.2033 36.9432 177.0124 81.3187 275.8363 1.7242 0.4282 0.6008 -9.8226 1.6650 12.6750 2.5577 0.0088
Car 0.0000 0 -4.3790 0.0000 0.0000 1224.0000 370.0000 1.4334 1.6412 3.3584 9.6179 1.3575 -0.0992 -2.8300 0.0088
Pedestrian 0.0000 0 2.5760 789.8904 156.2504 805.7068 183.8847 1.7682 0.8653 0.6191 12.4692 0.2179 45.7401 2.8422 0.0087
Car 0.0000 0 -1.5137 608.3010 165.5913 648.6835 198.0233 1.4086 1.6563 3.4854 1.1097 0.7625 32.5154 -1.4781 0.0087
Car 0.0000 0 -2.8101 1108.8740 157.4023 1224.0000 219.2863 1.5767 1.6704 4.0605 17.0468 0.9898 20.1790 -2.1148 0.0087
Car 0.0000 0 -2.9065 514.0979 160.6285 614.6507 197.0598 1.5999 1.7099 4.3022 -1.8408 0.7287 32.2733 -2.9610 0.0086
Car 0.0000 0 1.5797 694.9167 161.4624 738.1076 200.2504 1.4608 1.6145 3.9224 4.5133 0.7453 28.6909 1.7359 0.0086
Car 0.0000 0 0.2819 583.0673 165.0719 666.4874 198.7748 1.4598 1.6314 3.4478 0.8888 0.7930 31.9253 0.3113 0.0086
Car 0.0000 0 1.4380 595.9705 166.0732 644.2050 200.9485 1.4606 1.6553 3.8311 0.5933 0.8579 31.6036 1.4585 0.0085
Pedestrian 0.0000 0 -1.1646 0.0000 173.5782 30.1453 245.8237 1.6859 0.5516 0.6161 -14.2372 1.5259 16.8670 -1.8546 0.0085
Car 0.0000 0 -1.6295 748.9212 155.7480 775.3170 179.4566 1.8668 1.8640 4.3341 12.8974 -0.0880 58.1586 -1.4105 0.0085
Cyclist 0.0000 0 -0.7186 0.0000 0.0000 1224.0000 370.0000 1.6725 0.4353 1.7268 -0.6366 1.7508 0.7667 -1.2463 0.0085
Car 0.0000 0 1.5287 599.4780 166.4724 639.5093 201.2660 1.4617 1.6260 3.6954 0.5759 0.8739 31.5641 1.5486 0.0084
Car 0.0000 0 -1.6856 575.0609 162.3938 604.4488 187.0933 1.7594 1.7165 4.1776 -1.1659 0.4709 52.5449 -1.7059 0.0084
Car 0.0000 0 -1.1942 608.3450 0.0000 1224.0000 370.0000 1.4729 1.7621 3.9621 0.2371 1.7073 0.9681 -1.0114 0.0083
Car 0.0000 0 -1.7917 744.6528 154.7816 777.9160 179.4406 1.9702 1.8319 4.1372 12.9514 -0.0899 58.7368 -1.5740 0.0082
Car 0.0000 0 -0.9646 782.2600 153.2250 845.8480 178.7816 1.6303 1.7385 4.6876 14.0926 -0.1195 47.5336 -0.6763 0.0082
Pedestrian 0.0000 0 0.0052 51.9117 166.9213 93.6928 269.0909 1.8129 0.5246 0.6011 -9.7690 1.5736 12.9295 -0.6283 0.0081
Car 0.0000 0 1.3246 605.1251 163.0665 662.8820 198.8796 1.4885 1.6623 3.8827 1.2002 0.7654 31.4529 1.3642 0.0081
Car 0.0000 0 3.7548 0.0000 176.5836 37.5181 219.7039 1.5009 1.6582 4.0877 -23.4189 1.3661 25.6702 3.0232 0.0080
Car 0.0000 0 2.5947 527.1512 163.0795 622.2341 199.2006 1.5218 1.6742 3.9474 -1.3464 0.7894 31.5746 2.5545 0.0080
Car 0.0000 0 1.9363 0.0000 184.5342 29.2243 235.8389 1.4327 1.5896 3.6119 -19.6846 1.5711 22.0180 1.2157 0.0080
Car 0.0000 0 -0.2028 589.2976 164.4214 678.9793 198.0307 1.4783 1.7638 3.8117 1.2759 0.7726 32.2720 -0.1618 0.0080
Car 0.0000 0 -1.6913 744.4588 153.6586 773.7661 179.0768 1.9935 1.8293 4.3834 12.6045 -0.1201 57.9704 -1.4765 0.0079
Pedestrian 0.0000 0 0.1067 50.4301 166.9797 94.8564 268.8171 1.8097 0.5081 0.5941 -9.7701 1.5711 12.9286 -0.5270 0.0079
Car 0.0000 0 -2.9624 539.6028 164.7072 627.0863 198.3371 1.4848 1.6917 3.7564 -0.9746 0.7890 32.3303 -2.9904 0.0079
Car 0.0000 0 3.7221 0.0000 175.8946 41.6751 219.1951 1.5095 1.6764 4.0523 -23.3406 1.3505 25.7708 2.9941 0.0079
Car 0.0000 0 3.1220 531.1647 163.6378 621.9241 197.7653 1.4940 1.7005 3.9859 -1.3127 0.7573 31.9129 3.0832 0.0078
Car 0.0000 0 0.3234 565.6271 168.1318 651.3526 200.6251 1.4115 1.6516 3.5471 0.1520 0.8757 32.0651 0.3299 0.0078
Car 0.0000 0 0.4328 562.1462 167.4463 652.7839 199.8346 1.4011 1.6847 3.7611 0.0912 0.8379 32.1419 0.4374 0.0078
Car 0.0000 0 1.3722 607.3121 161.3488 664.7361 198.7858 1.5312 1.7240 4.1732 1.2670 0.7494 31.1096 1.4144 0.0078
Car 0.0000 0 -0.2548 0.0000 0.0000 1224.0000 370.0000 1.5190 1.7446 4.1677 -26.4211 1.7741 2.0410 -1.7348 0.0078
Car 0.0000 0 1.2733 612.1767 160.5933 672.7026 197.6246 1.5523 1.6479 3.8398 1.5883 0.7193 31.6972 1.3248 0.0078
Car 0.0000 0 -2.8226 530.1892 164.4453 625.0023 198.7301 1.5198 1.7372 4.0463 -1.2688 0.8096 32.7357 -2.8591 0.0077
Car 0.0000 0 0.3293 566.1041 168.3021 652.8079 200.4198 1.3939 1.6263 3.5972 0.1937 0.8660 32.0436 0.3372 0.0077
Car 0.0000 0 -2.7632 526.6596 164.0245 623.0359 198.4505 1.5182 1.6709 4.1212 -1.4033 0.7931 32.6470 -2.8038 0.0076
Car 0.0000 0 3.0937 520.9623 162.1417 616.4044 198.0447 1.5693 1.7064 4.1992 -1.6878 0.7684 31.9554 3.0433 0.0076
Car 0.0000 0 0.1342 546.1675 168.8232 648.5278 201.9796 1.5024 1.8383 4.6058 -0.3320 0.9748 33.2354 0.1261 0.0076
Car 0.0000 0 1.9483 0.0000 184.5875 34.1309 235.9470 1.4413 1.5970 3.7056 -19.6935 1.5827 22.1703 1.2308 0.0075
Car 0.0000 0 3.8711 0.0000 176.0666 36.0345 218.9855 1.5120 1.6728 4.2368 -23.5427 1.3573 25.7467 3.1383 0.0075
Car 0.0000 0 1.6656 784.9727 152.1374 815.8347 176.9730 1.5623 1.6188 3.9718 13.0883 -0.2450 47.2270 1.9362 0.0075
Car 0.0000 0 -0.3612 0.0000 0.0000 1224.0000 370.0000 1.4620 1.6649 4.1536 -26.0954 1.6530 1.5298 -1.8595 0.0075
Car 0.0000 0 -1.7503 605.2373 167.9967 653.1779 199.8206 1.3938 1.6327 3.4069 1.0510 0.8476 32.7648 -1.7167 0.0075
Car 0.0000 0 0.2028 567.1527 168.1152 645.1458 201.3549 1.4591 1.6580 3.2829 0.0599 0.9169 32.1800 0.2064 0.0075
Car 0.0000 0 -0.1929 0.0000 0.0000 1224.0000 370.0000 1.4731 1.6819 4.2382 -26.4378 1.6510 1.6472 -1.6876 0.0074
Car 0.0000 0 -3.3260 1110.5215 157.4585 1224.0000 217.0930 1.5541 1.6485 4.0839 16.9755 0.9552 20.1367 -2.6317 0.0074
Car 0.0000 0 -2.5244 784.2844 146.1582 865.2674 182.2381 2.1620 1.8545 4.6849 13.8465 0.1055 44.7869 -2.2247 0.0074
Car 0.0000 0 -0.0201 0.0000 0.0000 1224.0000 370.0000 1.5218 1.7177 4.2297 -26.7624 1.7321 2.1542 -1.4970 0.0074
Car 0.0000 0 -0.9266 784.1066 152.2791 847.0693 178.0065 1.6205 1.7724 4.3074 13.9991 -0.1712 46.9104 -0.6365 0.0073
Car 0.0000 0 -1.2563 1204.7970 155.6104 1224.0000 218.1713 1.6269 1.6789 4.0881 19.0043 0.9812 20.1062 -0.5054 0.0073
Car 0.0000 0 0.1396 0.0000 0.0000 1224.0000 370.0000 1.5088 1.6916 4.2730 -26.7392 1.6401 1.6366 -1.3564 0.0073
Car 0.0000 0 -0.2903 577.0910 165.4030 676.6846 200.2619 1.5236 1.9398 4.1768 0.9555 0.8652 32.3713 -0.2593 0.0073
Car 0.0000 0 0.0065 575.5613 167.0927 663.9461 200.5419 1.4709 1.7657 3.8926 0.6516 0.8828 32.0239 0.0285 0.0073
Pedestrian 0.0000 0 2.2890 652.8721 171.3209 687.2182 248.8465 1.5648 0.4103 0.6069 1.3059 1.3811 14.6242 2.3779 0.0073
Car 0.0000 0 1.2037 597.9262 161.6738 663.8145 199.2529 1.5385 1.6423 3.7467 1.0435 0.7692 30.9807 1.2389 0.0072
Car 0.0000 0 -0.6350 787.7701 152.3326 859.4624 178.0877 1.6263 1.7411 4.3080 14.3610 -0.1624 46.4602 -0.3353 0.0072
Cyclist 0.0000 0 -0.3779 167.2770 0.0000 1224.0000 370.0000 1.6415 0.4323 1.7199 -1.0930 1.7569 0.6411 -1.2247 0.0072
Car 0.0000 0 -1.4685 571.7010 163.0124 618.6801 199.0868 1.6043 1.8042 4.2200 -0.4163 0.8281 33.6237 -1.4789 0.0072
Car 0.0000 0 0.1910 0.0000 178.4137 127.1488 220.7402 1.4899 1.6403 4.1153 -20.5523 1.4180 26.5326 -0.4606 0.0072
Car 0.0000 0 -1.6250 746.7620 153.2624 772.2174 179.4518 2.0658 1.8002 4.6495 12.7334 -0.0890 58.4021 -1.4096 0.0072
Car 0.0000 0 -0.2472 0.0000 0.0000 1224.0000 370.0000 1.4670 1.7071 4.1689 -26.4185 1.6387 1.9388 -1.7309 0.0071
Cyclist 0.0000 0 0.6282 0.0000 0.0000 1224.0000 370.0000 1.6875 0.5422 1.6929 -1.1574 1.7329 0.4447 -0.3556 0.0071
Car 0.0000 0 -3.1318 635.3506 166.9142 731.0995 203.9485 1.4725 1.6582 3.8142 3.1953 0.9338 29.1584 -3.0220 0.0071
Car 0.0000 0 -2.2068 1180.8202 154.3936 1224.0000 216.5299 1.6194 1.6440 4.0107 18.9724 0.9406 20.5025 -1.4662 0.0070
Car 0.0000 0 -1.0544 778.3911 153.4313 835.4336 178.1970 1.5660 1.6947 4.4415 13.5386 -0.1597 47.2665 -0.7753 0.0070
Car 0.0000 0 1.4153 603.1093 165.6750 652.6392 201.1326 1.4732 1.6388 3.6388 0.9326 0.8587 31.2782 1.4467 0.0070
Car 0.0000 0 0.2031 546.7588 166.4467 640.9734 200.9856 1.5266 1.7540 4.0582 -0.4981 0.9069 32.4904 0.1898 0.0069
Car 0.0000 0 -1.7020 0.0000 181.8118 24.5099 237.1079 1.4160 1.6323 4.1090 -18.0688 1.4586 20.1600 -2.4231 0.0069
Car 0.0000 0 -2.9936 645.0322 166.7923 741.5895 204.6790 1.4874 1.6526 3.7351 3.6266 0.9508 29.0528 -2.8689 0.0068
Car 0.0000 0 -1.5948 608.9197 165.9032 647.5573 197.4886 1.4226 1.7402 3.6136 1.0431 0.7666 33.6550 -1.5622 0.0068
Car 0.0000 0 0.7127 586.2156 162.0889 677.9881 198.5615 1.5101 1.6564 3.9159 1.1293 0.7493 31.2101 0.7504 0.0067
Car 0.0000 0 1.4239 0.0000 183.0353 28.9610 239.4038 1.4386 1.6461 3.7842 -17.8669 1.5188 20.0604 0.7058 0.0067
Car 0.0000 0 1.4787 605.5391 166.2213 649.9213 200.7550 1.4503 1.6505 3.5527 0.9396 0.8521 31.5114 1.5101 0.0066
Car 0.0000 0 -1.9878 561.9438 161.0686 607.1581 187.6690 1.8839 1.7412 4.3399 -1.5587 0.5090 52.4026 -2.0155 0.0066
Car 0.0000 0 0.4004 563.3936 167.2601 644.7231 201.1984 1.4777 1.6416 3.3257 -0.0553 0.9027 32.1837 0.4005 0.0066
Cyclist 0.0000 0 -1.6880 744.8206 159.7891 752.3760 180.6721 1.7384 0.4052 1.9114 12.1625 0.0155 59.8210 -1.4866 0.0066
Car 0.0000 0 0.0100 0.0000 0.0000 1224.0000 370.0000 1.4940 1.6805 4.1244 -26.7767 1.6025 1.9182 -1.4757 0.0065
Car 0.0000 0 -1.4676 689.4084 159.4353 738.8887 198.4928 1.4976 1.6232 3.9298 4.5471 0.6914 29.2124 -1.3129 0.0065
Car 0.0000 0 0.2125 555.9652 167.8694 646.5950 201.6033 1.4748 1.7053 3.8464 -0.1600 0.9241 32.1398 0.2094 0.0065
Car 0.0000 0 -1.3905 682.7626 160.1733 740.3741 198.9726 1.5128 1.6913 4.0859 4.5335 0.7218 29.7705 -1.2391 0.0065
Car 0.0000 0 -2.9257 528.1584 164.6021 621.7891 198.8601 1.5097 1.7465 4.0002 -1.3593 0.8106 32.3634 -2.9654 0.0065
Car 0.0000 0 0.6174 584.0562 164.2760 669.8875 198.7806 1.4572 1.5995 3.5613 0.9351 0.7735 31.5676 0.6486 0.0064
Car 0.0000 0 0.2537 0.0000 0.0000 1224.0000 370.0000 1.5169 1.7195 4.4321 -26.9994 1.6475 2.0279 -1.2286 0.0064
Car 0.0000 0 2.8107 515.6694 160.8546 619.1423 197.5312 1.5557 1.6980 4.2968 -1.6975 0.7239 31.5746 2.7594 0.0064
Car 0.0000 0 -0.2138 632.8761 165.2535 732.2417 201.5882 1.4615 1.6458 3.8514 3.1663 0.8497 29.4561 -0.1060 0.0064
Car 0.0000 0 -1.7786 553.2831 163.1161 604.4410 197.9352 1.5331 1.6202 3.9415 -1.3081 0.7691 33.2341 -1.8156 0.0063
Car 0.0000 0 -1.9961 0.0000 0.0000 1224.0000 370.0000 1.7181 1.5462 4.3093 11.0734 0.7759 0.9394 -0.5375 0.0063
Car 0.0000 0 -3.1843 602.0582 165.2927 698.4530 201.5106 1.4453 1.6207 3.8478 1.7985 0.8400 29.0602 -3.1213 0.0063
Car 0.0000 0 3.0957 514.3832 160.2383 612.5658 196.9365 1.6030 1.6961 4.3170 -1.9190 0.7194 31.9449 3.0382 0.0063
Car 0.0000 0 -1.9428 1178.9813 155.9858 1224.0000 216.3859 1.5820 1.6351 3.8687 18.5059 0.9415 20.6117 -1.2173 0.0063
Car 0.0000 0 -2.7076 528.0211 165.3059 624.2855 198.9810 1.5021 1.7116 4.1747 -1.3700 0.8258 33.1267 -2.7467 0.0063
Car 0.0000 0 1.2969 610.3575 161.3687 676.1235 200.5322 1.5031 1.6910 3.9867 1.4787 0.7703 29.2624 1.3487 0.0062
Car 0.0000 0 -1.0763 1197.4890 156.8172 1224.0000 220.0651 1.6487 1.7163 4.4814 19.1732 1.0329 19.9394 -0.3169 0.0062
Car 0.0000 0 1.2180 683.9390 161.5123 759.6219 201.5379 1.4697 1.6406 4.0885 4.5226 0.7740 28.1208 1.3776 0.0062
Car 0.0000 0 -1.5364 605.8670 167.6232 644.8878 200.0833 1.4026 1.6632 3.3273 0.9557 0.8477 32.2622 -1.5053 0.0062
Car 0.0000 0 1.4861 685.8283 164.4825 735.4356 202.2208 1.4249 1.6554 3.8219 4.1890 0.8217 28.6497 1.6315 0.0062
Car 0.0000 0 2.2554 534.3257 160.9747 620.4711 198.5035 1.5784 1.7636 3.9643 -1.1987 0.7587 31.8446 2.2201 0.0062
Car 0.0000 0 -0.6337 788.8809 154.5861 864.5867 179.1123 1.5516 1.7592 4.6008 14.5734 -0.0930 46.4808 -0.3299 0.0062
Car 0.0000 0 -0.6379 634.4902 163.7267 734.4989 201.0584 1.4902 1.5988 4.0519 3.3667 0.8222 29.9271 -0.5252 0.0062
Car 0.0000 0 -2.1394 1198.0632 154.8590 1224.0000 218.4857 1.6338 1.6586 4.0998 19.2725 0.9770 20.3175 -1.3866 0.0062
Car 0.0000 0 -1.0415 554.1044 163.7610 626.6530 199.1233 1.5147 1.7429 3.5679 -0.6279 0.7992 32.2620 -1.0589 0.0061
Car 0.0000 0 0.5506 129.2792 187.5718 265.6528 227.1326 1.4186 1.7599 4.1536 -15.3076 1.6961 26.6428 0.0359 0.0061
Car 0.0000 0 2.5952 513.2672 158.6505 618.3735 196.9250 1.5842 1.7025 4.3839 -1.7095 0.6813 31.1984 2.5430 0.0061
Car 0.0000 0 -0.3489 0.0000 0.0000 1224.0000 370.0000 1.4260 1.7059 4.0327 -26.0644 1.6322 1.6765 -1.8415 0.0061
Pedestrian 0.0000 0 -1.2315 0.0000 0.0000 1224.0000 370.0000 1.8064 0.4905 0.5267 11.8552 1.1977 0.0877 0.3060 0.0061
Car 0.0000 0 -1.1067 558.1976 163.4197 629.9611 199.7175 1.5753 1.7308 3.9762 -0.4536 0.8355 32.8459 -1.1185 0.0060
Pedestrian 0.0000 0 -0.3131 787.7657 157.1272 802.9619 184.7575 1.7658 0.8111 0.7313 12.2744 0.2734 45.6047 -0.0501 0.0060
Car 0.0000 0 -0.9184 551.9068 165.9143 633.0193 201.4857 1.5271 1.7496 3.8276 -0.5347 0.9024 32.4065 -0.9329 0.0060
Car 0.0000 0 -0.7445 1207.5765 152.4325 1224.0000 216.0967 1.6772 1.6983 4.5336 19.6643 0.9394 19.5546 0.0372 0.0059
Car 0.0000 0 2.6729 507.1895 159.2233 613.8793 196.5653 1.5452 1.6989 4.3887 -1.9476 0.6663 31.0925 2.6130 0.0059
Car 0.0000 0 0.2073 0.0000 0.0000 1224.0000 370.0000 1.5196 1.7607 4.4524 -27.0400 1.7140 2.3005 -1.2652 0.0059
Car 0.0000 0 -1.5800 0.0000 181.5515 6.2117 239.9255 1.4531 1.6371 4.3004 -17.9892 1.4873 19.8153 -2.3074 0.0059
Pedestrian 0.0000 0 -0.3277 787.8563 157.1901 802.7618 184.7630 1.7628 0.8070 0.7057 12.2763 0.2739 45.6242 -0.0648 0.0059
Car 0.0000 0 -0.0315 547.6241 166.2532 636.5286 199.9521 1.4847 1.6384 3.9304 -0.6250 0.8585 32.0596 -0.0489 0.0058
Car 0.0000 0 1.4457 746.1008 157.7845 774.4055 179.4011 1.7418 1.8482 3.8102 12.9658 -0.0938 59.1496 1.6622 0.0058
Car 0.0000 0 -3.0174 617.8748 165.0432 713.5972 201.8550 1.4687 1.6019 3.7948 2.5284 0.8535 29.3845 -2.9306 0.0058
Car 0.0000 0 0.2655 0.0000 178.2782 123.8281 219.9363 1.4747 1.6108 4.1170 -20.7346 1.3976 26.5525 -0.3900 0.0058
Car 0.0000 0 -1.5392 0.0000 180.5502 0.6279 239.5820 1.4855 1.6160 4.3246 -18.1930 1.4886 19.9665 -2.2685 0.0058
Car 0.0000 0 1.8299 0.0000 176.9891 54.9403 218.6893 1.4712 1.5526 4.0395 -22.6538 1.3489 27.1002 1.1411 0.0058
Car 0.0000 0 1.5385 0.0000 0.0000 1224.0000 370.0000 1.4170 1.6742 3.7037 9.7912 1.3367 0.0245 3.0752 0.0058
Car 0.0000 0 -0.1353 593.2203 165.8793 685.5317 199.2891 1.4822 1.8747 4.0161 1.5112 0.8350 32.4717 -0.0874 0.0058
Car 0.0000 0 2.5401 524.9697 160.1529 620.6353 197.7579 1.5667 1.6640 3.9909 -1.4100 0.7205 31.3146 2.4975 0.0058
Car 0.0000 0 -1.7666 542.4980 162.4604 594.2827 198.3541 1.5481 1.6574 3.8661 -1.7659 0.7715 32.5677 -1.8184 0.0057
Car 0.0000 0 2.2962 529.1943 159.8812 617.3777 198.3864 1.5823 1.6321 3.9968 -1.3515 0.7365 31.1144 2.2552 0.0057
Car 0.0000 0 -1.5618 544.7411 161.3984 582.7383 197.7556 1.5492 1.6186 3.9065 -1.8718 0.7368 32.1126 -1.6175 0.0057
Car 0.0000 0 0.2070 544.0292 165.9383 630.8185 199.3028 1.4730 1.6030 3.7181 -0.7950 0.8316 32.3382 0.1845 0.0057
Car 0.0000 0 -2.7610 540.7454 166.0960 634.0361 199.4521 1.4679 1.6855 3.9566 -0.8235 0.8355 32.5907 -2.7842 0.0057
Car 0.0000 0 -2.7865 0.0000 0.0000 1224.0000 370.0000 1.7086 1.6805 3.6428 13.6322 0.7819 1.6289 -1.3566 0.0056
Car 0.0000 0 -1.0189 556.4254 164.1121 631.8492 199.5510 1.5269 1.7185 3.8204 -0.4543 0.8223 32.5397 -1.0309 0.0056
Car 0.0000 0 -1.2397 0.0000 187.9315 14.7643 243.1774 1.4750 1.5174 3.3082 -19.2911 1.7183 21.1798 -1.9693 0.0056
Car 0.0000 0 -1.2920 670.1088 161.3251 733.0608 199.0495 1.4762 1.6385 3.8007 4.1030 0.7274 29.7321 -1.1545 0.0056
Car 0.0000 0 -0.7614 787.0027 154.2190 859.7330 179.0541 1.5737 1.7671 4.6769 14.4825 -0.0982 46.8445 -0.4616 0.0056
Car 0.0000 0 -2.1521 1181.1633 156.8420 1224.0000 218.3066 1.6057 1.6599 4.0643 19.0042 0.9892 20.6027 -1.4132 0.0056
Car 0.0000 0 0.7142 1204.8616 153.3882 1224.0000 219.0536 1.5526 1.5284 3.7323 18.2307 0.9132 18.6394 1.4816 0.0055
Car 0.0000 0 -1.6213 567.3631 163.5154 607.2591 199.3924 1.5814 1.6674 4.0684 -0.9047 0.8342 33.2516 -1.6464 0.0055
Car 0.0000 0 -1.6494 545.1866 161.8053 586.9415 197.5513 1.5359 1.6107 3.8233 -1.8544 0.7341 32.3776 -1.7041 0.0055
Car 0.0000 0 2.9108 615.2503 167.1083 710.9849 202.3222 1.3963 1.6600 3.6454 2.3345 0.8668 29.1237 2.9917 0.0055
Car 0.0000 0 0.0254 656.1317 153.7942 734.2288 183.6321 1.6689 1.7714 4.3701 5.1944 0.1766 40.7498 0.1531 0.0055
Car 0.0000 0 -2.8481 0.0000 0.0000 1224.0000 370.0000 1.6748 1.6702 3.6870 13.6794 0.7997 1.6556 -1.4196 0.0055
Car 0.0000 0 0.6393 579.4243 165.6733 664.1011 199.6433 1.4393 1.6613 3.4909 0.7068 0.8126 31.6810 0.6632 0.0054
Car 0.0000 0 -1.5502 634.9161 163.4584 677.3281 201.5791 1.4940 1.6627 3.7424 2.1589 0.8276 29.6459 -1.4764 0.0054
Car 0.0000 0 -0.0274 560.9567 170.2213 652.2399 201.8658 1.4385 1.7159 4.1576 0.0364 0.9727 33.0438 -0.0245 0.0054
Car 0.0000 0 -1.3097 681.6143 160.3623 744.7208 199.4308 1.5130 1.6497 3.9006 4.5556 0.7346 29.4941 -1.1562 0.0054
Car 0.0000 0 -3.0703 0.0000 0.0000 1224.0000 370.0000 1.6166 1.7428 3.8406 12.7305 0.7362 0.4135 -1.5560 0.0054
Car 0.0000 0 2.2896 544.6040 162.4593 628.8194 198.8998 1.5568 1.7414 3.8338 -0.7980 0.7876 32.2309 2.2670 0.0054
Car 0.0000 0 3.2151 0.0000 0.0000 1224.0000 370.0000 1.6685 1.6811 4.0063 -22.1204 1.7452 0.1399 1.6669 0.0053
Car 0.0000 0 0.0039 670.0787 158.5189 789.1354 200.1012 1.5877 1.7785 4.5420 4.9258 0.7499 28.2663 0.1764 0.0053
Car 0.0000 0 2.0234 546.0300 162.6559 615.8692 200.1033 1.5450 1.5523 3.8449 -1.0117 0.8103 31.2386 1.9932 0.0053
Car 0.0000 0 1.1227 604.4331 158.0054 687.8911 198.1909 1.6088 1.7571 4.6915 1.6652 0.7098 30.8053 1.1781 0.0053
Car 0.0000 0 0.6802 576.4457 165.7952 665.7003 200.3632 1.4604 1.7291 3.7522 0.6675 0.8407 31.7389 0.7028 0.0053
Car 0.0000 0 1.4489 627.0300 163.7141 679.5119 202.5529 1.5049 1.7181 3.7300 1.9110 0.8560 29.3005 1.5152 0.0053
Car 0.0000 0 -1.8935 548.3343 161.6881 609.8589 197.6008 1.5650 1.6612 4.0651 -1.2968 0.7467 33.0006 -1.9305 0.0053
Car 0.0000 0 0.8000 0.0000 190.1845 27.2889 238.8336 1.4042 1.6241 3.9577 -20.3514 1.7155 21.6898 0.0554 0.0053
Car 0.0000 0 1.4267 595.0240 166.8082 647.2682 202.4749 1.5062 1.8014 3.9496 0.6418 0.9295 31.9236 1.4485 0.0053
Car 0.0000 0 2.6074 0.0000 0.0000 1224.0000 370.0000 1.4999 1.5974 3.8171 -25.9705 1.7854 1.5131 1.1088 0.0052
Car 0.0000 0 -0.2197 563.0996 168.6544 661.8038 202.8592 1.4967 1.9537 4.1864 0.2859 0.9799 32.3244 -0.2092 0.0052
Car 0.0000 0 -1.8687 547.0341 161.5315 606.3983 198.1596 1.5892 1.6586 3.9622 -1.3977 0.7677 32.8170 -1.9090 0.0052
Cyclist 0.0000 0 -0.1767 0.0000 0.0000 1224.0000 370.0000 1.5362 0.4157 1.6635 -7.0275 1.5743 0.3860 -1.6452 0.0052
Car 0.0000 0 -3.2818 1112.7229 155.8212 1224.0000 217.3364 1.6133 1.6367 4.1763 17.2071 0.9677 20.3358 -2.5857 0.0052
Car 0.0000 0 0.0767 653.4179 165.0096 745.5599 202.0628 1.4635 1.6258 3.6455 3.8935 0.8532 29.0965 0.2102 0.0052
Car 0.0000 0 -1.9308 1180.0884 155.6004 1224.0000 216.7091 1.5959 1.6722 3.9126 18.5259 0.9472 20.5867 -1.2041 0.0052
Car 0.0000 0 -1.3197 0.0000 174.0332 5.0776 236.3690 1.5511 1.6080 4.2213 -18.4803 1.3918 19.8299 -2.0601 0.0051
Car 0.0000 0 0.4521 0.0000 170.8671 114.9138 216.9054 1.5657 1.6756 3.8913 -20.1229 1.2397 25.2707 -0.2125 0.0051
Car 0.0000 0 -1.2927 667.3639 161.4582 732.5017 199.7753 1.5007 1.6928 3.9903 4.0559 0.7564 29.8540 -1.1572 0.0051
Car 0.0000 0 2.9682 421.0285 168.5703 585.1243 226.3321 1.6262 1.7102 4.7036 -3.1342 1.2919 21.4423 2.8270 0.0051
Car 0.0000 0 2.6727 605.3607 165.8384 698.2524 203.2850 1.4504 1.5543 3.4410 1.8791 0.8840 28.7698 2.7390 0.0051
Car 0.0000 0 2.8492 591.8264 164.7521 694.5614 201.3801 1.4200 1.6344 3.8496 1.5004 0.8110 28.6557 2.9028 0.0051
Car 0.0000 0 1.7201 632.1367 167.4394 687.9736 206.0999 1.4791 1.7557 3.6723 2.3011 0.9809 29.0331 1.8002 0.0051
Pedestrian 0.0000 0 0.9674 891.5425 170.2327 937.6741 262.2455 1.4542 0.4096 0.6118 4.9886 1.2936 11.5106 1.3682 0.0051
Car 0.0000 0 0.1869 669.0560 157.7340 793.7843 200.9186 1.6026 1.7676 4.5940 4.9618 0.7593 27.8762 0.3630 0.0050
Cyclist 0.0000 0 -2.5630 0.0000 0.0000 1224.0000 370.0000 1.6928 0.3855 1.7074 11.7218 1.0229 0.3401 -1.0474 0.0050
Car 0.0000 0 3.0658 582.8384 163.3039 693.4318 200.3445 1.4725 1.6870 4.4148 1.2764 0.7904 29.0124 3.1112 0.0050
Car 0.0000 0 -2.8674 606.9998 163.8595 704.4598 200.9015 1.4711 1.6119 3.7565 2.1010 0.8117 29.4717 -2.7951 0.0050
Car 0.0000 0 1.9941 551.6635 164.4951 620.4656 200.2346 1.4962 1.6820 3.7470 -0.7991 0.8277 31.6490 1.9710 0.0050
Car 0.0000 0 -0.7575 647.2507 162.5437 751.1079 201.1526 1.5355 1.7602 4.3685 4.0305 0.8228 30.1043 -0.6239 0.0050
Car 0.0000 0 1.1426 682.4001 158.9385 771.4243 202.6299 1.5303 1.6804 4.3608 4.5265 0.7766 27.0829 1.3082 0.0050
Pedestrian 0.0000 0 -0.4160 743.0294 160.4018 756.9163 182.6909 1.8576 0.7209 0.9301 12.1890 0.1838 59.3729 -0.2128 0.0050
Car 0.0000 0 -1.6848 0.0000 181.4674 22.4235 238.7234 1.4557 1.6855 4.1679 -18.0463 1.4875 20.0608 -2.4077 0.0050
Car 0.0000 0 2.8507 509.6049 159.5550 613.8104 196.6578 1.5746 1.6802 4.3408 -1.9540 0.6872 31.5357 2.7913 0.0049
Car 0.0000 0 1.7999 0.0000 179.3334 47.1831 221.3933 1.4762 1.5290 3.9056 -22.7051 1.4368 26.8992 1.1064 0.0049
Car 0.0000 0 0.3726 0.0000 171.4322 117.1044 216.5211 1.5210 1.6339 4.0288 -20.0578 1.2166 25.2076 -0.2916 0.0049
Car 0.0000 0 1.8299 547.3630 158.2807 608.2742 197.9144 1.5691 1.5943 4.0776 -1.1027 0.6909 30.1521 1.7957 0.0049
Car 0.0000 0 -0.5034 1195.9550 159.5260 1224.0000 220.9930 1.5066 1.7261 4.1639 18.5466 0.9941 18.7137 0.2706 0.0049
Cyclist 0.0000 0 -1.4843 278.5853 173.6541 317.5533 277.5410 1.5611 0.4244 1.6583 -5.0050 1.4599 11.4738 -1.8838 0.0049
Car 0.0000 0 -0.3432 644.5710 164.9167 741.9637 201.8214 1.4766 1.6096 3.7023 3.6316 0.8546 29.4736 -0.2200 0.0049
Car 0.0000 0 -1.6017 604.6123 166.8945 646.5485 201.4359 1.4728 1.7758 3.7833 0.8578 0.8942 32.0369 -1.5734 0.0049
Car 0.0000 0 -1.5775 0.0000 181.9417 8.4989 240.2083 1.4587 1.6485 4.2501 -18.0205 1.5052 19.9321 -2.3029 0.0049
Car 0.0000 0 -0.8683 1223.0867 151.9491 1224.0000 217.1992 1.7054 1.7265 4.6953 20.0314 0.9607 19.5140 -0.0763 0.0049
Car 0.0000 0 2.0083 550.4559 164.0434 621.3857 200.9752 1.5423 1.7249 3.7779 -0.8029 0.8566 31.5988 1.9850 0.0049
Car 0.0000 0 2.2034 594.1172 163.6968 685.2729 203.0175 1.4260 1.5656 3.8780 1.3966 0.8181 27.6332 2.2552 0.0049
Car 0.0000 0 2.4818 541.5150 165.1431 629.8466 199.7492 1.4630 1.6816 3.7067 -0.8533 0.8152 31.7090 2.4571 0.0049
Car 0.0000 0 0.0270 655.1550 163.1682 748.3226 199.8875 1.4569 1.5920 3.7021 3.9649 0.7707 29.1336 0.1627 0.0048
Car 0.0000 0 1.8432 618.9725 165.1096 680.1189 203.6456 1.4520 1.5760 3.5058 1.8359 0.8736 28.5506 1.9085 0.0048
Pedestrian 0.0000 0 -1.8134 35.9566 167.0037 74.7471 251.4254 1.6931 0.5190 0.5451 -11.3542 1.4241 14.5484 -2.4637 0.0048
Car 0.0000 0 0.0510 638.7474 158.7327 708.2339 187.5792 1.6195 1.7608 3.9108 3.9787 0.3988 40.8507 0.1492 0.0048
Car 0.0000 0 -1.5154 0.0000 182.3877 3.8623 240.2634 1.4511 1.6152 4.0897 -18.1521 1.5116 19.9615 -2.2437 0.0048
Car 0.0000 0 2.8909 622.4484 167.9997 717.1691 203.5375 1.4059 1.6754 3.5739 2.6070 0.9129 29.0794 2.9812 0.0048
Car 0.0000 0 0.4036 0.0000 0.0000 1224.0000 370.0000 1.5134 1.4752 3.8941 -19.1178 1.6920 0.0762 -1.1447 0.0048
Car 0.0000 0 -0.8829 1201.0372 154.8157 1224.0000 218.1609 1.6720 1.7216 4.5557 19.4999 0.9957 19.7648 -0.1107 0.0048
Car 0.0000 0 -1.4289 0.0000 177.7712 0.9265 236.7164 1.4973 1.5889 3.9344 -18.4806 1.4296 20.0307 -2.1643 0.0047
Car 0.0000 0 -2.7223 525.0552 164.4101 621.7021 198.6875 1.5296 1.6954 4.1949 -1.4971 0.8131 33.1058 -2.7652 0.0047
Car 0.0000 0 2.4220 538.7612 165.4690 622.7238 199.8736 1.4504 1.6489 3.5426 -1.0681 0.8182 31.6133 2.3904 0.0047
Car 0.0000 0 -1.9120 611.5220 159.7030 686.0402 199.8891 1.5751 1.7429 4.5165 1.7425 0.7615 30.1203 -1.8529 0.0047
Car 0.0000 0 -3.1725 634.9015 169.1564 741.5975 205.0994 1.4237 1.6429 4.2257 3.3506 0.9759 28.9976 -3.0569 0.0047
Car 0.0000 0 2.9067 580.4595 163.4937 692.6844 200.9487 1.4530 1.6470 4.2743 1.2237 0.7948 28.6367 2.9508 0.0047
Cyclist 0.0000 0 -2.8668 0.0000 0.0000 1224.0000 370.0000 1.7149 0.4302 1.7653 12.2375 0.9055 0.4856 -1.3607 0.0047
Pedestrian 0.0000 0 -0.3202 743.2313 160.5195 757.1259 182.9278 1.8675 0.7508 0.9543 12.2007 0.2035 59.3491 -0.1167 0.0047
Car 0.0000 0 2.6170 593.2530 163.0917 692.1972 201.1175 1.4375 1.6135 3.6306 1.4919 0.7809 28.2659 2.6710 0.0047
Car 0.0000 0 0.9072 0.0000 0.0000 1224.0000 370.0000 1.6424 1.5868 3.7536 11.6527 0.9211 1.2721 2.3433 0.0047
Car 0.0000 0 -1.5864 567.5552 161.8849 605.8754 198.1041 1.5905 1.6844 4.0136 -0.9049 0.7745 33.0842 -1.6116 0.0046
Car 0.0000 0 -0.6400 652.2306 159.7841 762.0804 198.5345 1.5352 1.7532 4.4141 4.3103 0.7160 29.8281 -0.4961 0.0046
Car 0.0000 0 2.1650 546.5652 164.0071 626.7966 199.1761 1.4873 1.7510 3.8850 -0.7824 0.7913 32.0038 2.1427 0.0046
Car 0.0000 0 -0.2494 553.5384 169.7771 641.5430 202.5208 1.4608 1.7082 3.7841 -0.3856 0.9839 32.8490 -0.2592 0.0046
Car 0.0000 0 2.0197 0.0000 177.1912 71.3465 218.7478 1.4701 1.5314 3.9065 -22.3302 1.3545 27.0843 1.3377 0.0046
Car 0.0000 0 0.1101 648.0145 157.3697 723.6381 186.8878 1.6491 1.7549 4.1697 4.6800 0.3583 40.8172 0.2252 0.0046
Car 0.0000 0 -2.6305 0.0000 0.0000 1224.0000 370.0000 1.7681 1.6613 3.5573 13.5521 0.7696 1.6693 -1.2044 0.0046
Cyclist 0.0000 0 1.8216 382.4527 165.7164 421.0380 236.7117 1.6621 0.5166 1.6294 -5.0098 1.3176 17.3684 1.5475 0.0046
Pedestrian 0.0000 0 -3.1366 0.0000 0.0000 1224.0000 370.0000 1.8309 0.4901 0.4755 11.8145 1.2372 0.2313 -1.6113 0.0046
Pedestrian 0.0000 0 0.9799 889.9521 166.6534 939.0372 261.6646 1.4965 0.4258 0.6707 4.9809 1.2800 11.5010 1.3804 0.0046
Car 0.0000 0 -1.7687 1196.0964 154.1582 1224.0000 214.4329 1.5743 1.6580 3.8377 18.6160 0.8879 20.5368 -1.0383 0.0045
Car 0.0000 0 -1.3147 673.1190 162.2181 734.8702 200.4867 1.4749 1.6334 3.7593 4.1416 0.7718 29.2936 -1.1739 0.0045
Car 0.0000 0 -3.1294 0.0000 0.0000 1224.0000 370.0000 1.6008 1.5905 3.4315 12.5577 0.7475 0.7347 -1.6414 0.0045
Car 0.0000 0 2.8994 0.0000 0.0000 1224.0000 370.0000 1.5036 1.6424 3.8071 -26.4672 1.7866 1.9018 1.4141 0.0045
Car 0.0000 0 -4.5672 0.0000 0.0000 1224.0000 370.0000 1.6029 1.6339 3.7281 19.8886 0.5498 -0.2377 -2.9995 0.0045
Car 0.0000 0 0.2874 656.5137 164.7030 753.8952 201.7439 1.4301 1.5872 3.6223 4.0525 0.8217 28.7666 0.4277 0.0045
Car 0.0000 0 3.4586 0.0000 0.0000 1224.0000 370.0000 1.6927 1.6624 3.7790 -22.0934 1.7610 0.0491 1.9062 0.0045
Car 0.0000 0 -2.6173 0.0000 0.0000 1224.0000 370.0000 1.6180 1.6704 3.8692 13.0838 0.9511 1.3083 -1.1692 0.0045
Pedestrian 0.0000 0 1.6799 658.5006 178.3144 681.3276 250.9432 1.4650 0.4063 0.6242 1.3039 1.4225 14.6027 1.7688 0.0045
Car 0.0000 0 -1.5874 606.5920 166.5667 645.9219 199.8300 1.4300 1.6908 3.3280 0.9153 0.8325 32.0658 -1.5573 0.0045
Car 0.0000 0 1.0689 672.0679 164.2891 757.8680 203.7369 1.4421 1.7022 3.8336 4.2300 0.8510 27.9354 1.2193 0.0045
Car 0.0000 0 0.9778 0.0000 0.0000 1224.0000 370.0000 1.6146 1.6857 3.6961 11.9250 0.9852 1.5002 2.3982 0.0044
Car 0.0000 0 -1.2768 632.9586 163.8772 694.6945 201.3224 1.4683 1.6429 3.4643 2.5009 0.8180 29.6328 -1.1917 0.0044
Car 0.0000 0 -1.6895 604.8259 169.3678 652.1736 201.7931 1.3970 1.7484 3.5363 0.9985 0.9189 32.2940 -1.6570 0.0044
Car 0.0000 0 2.4123 1127.1785 159.3717 1224.0000 218.5595 1.5514 1.6595 4.1713 16.9771 0.9992 19.3919 3.1249 0.0044
Car 0.0000 0 1.5648 599.9415 166.5770 639.3247 202.1544 1.4754 1.6336 3.6744 0.6125 0.8995 31.1669 1.5861 0.0044
Car 0.0000 0 -0.1098 547.3059 165.7980 635.5608 198.7288 1.4927 1.6435 3.9760 -0.6879 0.8277 33.1135 -0.1286 0.0044
Car 0.0000 0 -1.2408 670.0028 161.1854 736.5370 200.1547 1.5171 1.6362 3.7183 4.1460 0.7667 29.5486 -1.1010 0.0044
Car 0.0000 0 -1.6800 632.5469 162.2744 681.4095 200.3493 1.5120 1.6583 3.7324 2.1186 0.7897 29.9682 -1.6083 0.0043
Car 0.0000 0 -2.4066 0.0000 0.0000 1224.0000 370.0000 1.6487 1.7137 4.0439 12.8934 0.7344 0.4175 -0.8920 0.0043
Car 0.0000 0 1.4852 676.6682 169.4562 728.5004 206.8772 1.4051 1.7328 3.8350 3.8391 0.9919 28.5011 1.6194 0.0043
Car 0.0000 0 1.0085 676.5594 158.9088 776.0859 202.6791 1.5479 1.7091 4.3707 4.5495 0.7859 27.3447 1.1734 0.0043
Car 0.0000 0 2.0075 552.9711 166.3941 620.7118 201.1952 1.4684 1.6595 3.6397 -0.7729 0.8747 31.8286 1.9854 0.0043
Car 0.0000 0 1.0489 159.0329 198.7256 258.7718 241.8446 1.4595 1.6955 3.7563 -15.2034 2.2023 27.0577 0.5434 0.0043
Car 0.0000 0 -1.4133 549.2927 161.6053 597.8120 198.3906 1.5758 1.6168 3.8886 -1.3927 0.7679 32.3084 -1.4540 0.0043
Pedestrian 0.0000 0 0.0012 743.1932 159.5957 753.3090 182.2664 1.8965 0.7919 0.8303 12.0957 0.1490 59.6133 0.2021 0.0043
Car 0.0000 0 1.1972 600.9543 154.6518 682.8740 197.4366 1.6814 1.8101 4.9824 1.4480 0.6671 30.4306 1.2462 0.0043
Cyclist 0.0000 0 0.4468 0.0000 0.0000 1224.0000 370.0000 1.6489 0.5197 1.8943 1.4172 1.6456 0.4033 1.5454 0.0043
Car 0.0000 0 -0.1284 662.8245 159.2497 768.0397 198.3324 1.5587 1.7335 4.0866 4.4566 0.7127 29.1095 0.0238 0.0043
Car 0.0000 0 0.3735 0.0000 0.0000 1224.0000 370.0000 1.4445 1.4687 3.5686 -18.9618 1.6228 0.7490 -1.1392 0.0042
Car 0.0000 0 -3.5727 1109.4326 156.9415 1224.0000 216.5320 1.5631 1.6556 4.1266 16.8864 0.9467 19.8840 -2.8749 0.0042
Car 0.0000 0 1.3504 0.0000 0.0000 1224.0000 370.0000 1.5451 1.4926 4.0180 -5.1449 1.6576 -0.1620 -0.1874 0.0042
Car 0.0000 0 -2.8315 0.0000 0.0000 1224.0000 370.0000 1.6288 1.7106 4.1162 12.6097 0.9047 0.0981 -1.2929 0.0042
Car 0.0000 0 2.0745 611.4379 167.0902 688.2460 206.1673 1.4496 1.4955 3.6030 1.8219 0.9537 28.1439 2.1402 0.0042
Car 0.0000 0 1.8193 0.0000 178.6469 45.5608 220.6433 1.4718 1.5142 3.7469 -22.6946 1.4084 26.7916 1.1242 0.0042
Car 0.0000 0 -0.6453 651.8076 160.9635 759.7724 199.0609 1.5080 1.7294 4.3351 4.2467 0.7362 29.7844 -0.5033 0.0042
Car 0.0000 0 0.5796 142.5945 194.2826 275.5368 236.2860 1.4920 1.6595 4.1686 -14.9420 2.0342 26.7442 0.0767 0.0042
Pedestrian 0.0000 0 0.5015 30.0702 176.7676 90.3260 275.1939 1.7205 0.4834 0.7084 -9.7781 1.6569 12.6441 -0.1430 0.0042
Car 0.0000 0 0.2142 662.0092 161.6756 770.1542 200.6404 1.4978 1.6665 4.0748 4.4877 0.7757 28.6876 0.3695 0.0042
Pedestrian 0.0000 0 0.1184 742.7008 159.5005 754.2700 182.3409 1.9093 0.7894 0.8687 12.1174 0.1551 59.6124 0.3197 0.0042
Car 0.0000 0 1.5064 606.4456 156.0597 654.5895 196.4094 1.6230 1.7970 4.3509 1.0121 0.6414 30.6363 1.5410 0.0042
Car 0.0000 0 1.1231 664.5624 161.9300 756.4360 205.0144 1.4777 1.7481 4.1858 3.8168 0.8423 26.5046 1.2664 0.0042
Car 0.0000 0 -1.3897 670.4996 165.2318 723.0992 202.4736 1.4442 1.5912 3.2775 3.8206 0.8536 29.2181 -1.2593 0.0041
Car 0.0000 0 -2.2217 1179.2006 155.7823 1224.0000 216.7976 1.5900 1.6578 4.1304 19.0337 0.9475 20.5513 -1.4808 0.0041
Car 0.0000 0 -1.4649 562.5322 161.5786 608.0432 199.1037 1.6342 1.7043 3.8477 -0.8723 0.8117 32.7743 -1.4894 0.0041
Car 0.0000 0 0.9210 667.9082 163.4536 764.8011 204.2965 1.4689 1.6870 3.9261 4.2247 0.8574 27.5515 1.0732 0.0041
Car 0.0000 0 1.1729 600.5277 156.3442 685.5967 197.3907 1.5990 1.7950 5.0523 1.4814 0.6595 30.2201 1.2233 0.0041
Car 0.0000 0 -2.4985 0.0000 0.0000 1224.0000 370.0000 1.6660 1.6315 3.7755 13.1598 0.7571 0.9525 -1.0230 0.0041
Car 0.0000 0 -1.5452 0.0000 181.5346 1.3833 238.1868 1.4333 1.6063 4.0610 -18.2003 1.4671 20.0266 -2.2732 0.0041
Car 0.0000 0 2.0017 0.0000 178.3831 65.5275 220.5933 1.4874 1.5024 3.8273 -22.3923 1.4144 26.9515 1.3160 0.0041
Car 0.0000 0 -1.7607 551.3062 161.8927 602.2959 198.6850 1.5876 1.6480 3.8323 -1.3773 0.7861 32.5571 -1.8006 0.0041
Pedestrian 0.0000 0 -2.2786 0.0000 0.0000 1224.0000 370.0000 1.9320 0.7429 0.7037 4.1224 1.6071 -0.2082 -0.7342 0.0041
Car 0.0000 0 0.6513 139.0013 194.8516 268.4421 237.0118 1.4804 1.7019 4.0652 -15.1437 2.0474 26.7222 0.1423 0.0041
Car 0.0000 0 -1.3440 666.6872 162.7998 723.7800 200.8241 1.4912 1.6090 3.5986 3.8246 0.7985 29.6900 -1.2154 0.0040
Car 0.0000 0 -1.6112 635.9894 162.5835 679.1486 200.7464 1.5164 1.6631 3.9091 2.1543 0.8060 30.0703 -1.5386 0.0040
Car 0.0000 0 2.6413 581.0905 162.7154 692.6442 201.6969 1.4653 1.6300 4.1792 1.2630 0.7983 28.2226 2.6875 0.0040
Car 0.0000 0 -1.5581 605.0380 167.9700 643.1136 200.4850 1.4009 1.6418 3.1860 0.8668 0.8625 32.0831 -1.5295 0.0040
Pedestrian 0.0000 0 1.8187 1149.1096 173.4072 1196.1555 277.7081 1.6125 0.4589 0.6038 9.0244 1.5045 11.2928 2.4808 0.0040
Car 0.0000 0 -1.9591 607.4845 157.8823 688.0584 199.4797 1.6358 1.7816 4.7121 1.7028 0.7479 30.3174 -1.9017 0.0040
Cyclist 0.0000 0 -1.8030 743.6233 160.9423 754.2563 180.8374 1.6516 0.4877 1.7502 12.1390 0.0292 59.5722 -1.6012 0.0040
Car 0.0000 0 2.4891 605.9164 167.4961 705.2953 204.2536 1.4060 1.6058 3.8490 2.0631 0.9101 28.7662 2.5618 0.0040
Car 0.0000 0 -1.8303 0.0000 0.0000 1224.0000 370.0000 1.5685 1.4628 3.6964 12.8581 0.9505 0.0216 -0.2850 0.0040
Car 0.0000 0 -1.7757 600.5801 169.6635 652.4864 201.6140 1.3962 1.7118 3.5588 0.9222 0.9241 32.7932 -1.7460 0.0040
Car 0.0000 0 -2.7666 635.4807 167.2581 757.0159 205.9984 1.4466 1.7153 4.4968 3.5918 0.9536 28.2305 -2.6397 0.0040
Car 0.0000 0 2.8685 408.2467 166.7851 573.7468 228.9216 1.6987 1.7711 4.5662 -3.4159 1.3254 21.0810 2.7120 0.0039
Car 0.0000 0 -1.2804 660.1491 163.1459 724.0025 200.5042 1.4825 1.6486 3.9215 3.7621 0.7953 30.1792 -1.1558 0.0039
Car 0.0000 0 1.9788 551.8665 163.6492 619.5174 198.8381 1.4596 1.6191 3.8049 -0.8072 0.7621 31.3901 1.9552 0.0039
Pedestrian 0.0000 0 1.8740 659.0936 176.7003 684.3956 246.3664 1.4354 0.3645 0.6221 1.3718 1.3588 14.9207 1.9655 0.0039
Car 0.0000 0 0.2432 0.0000 0.0000 1224.0000 370.0000 1.4512 1.4702 3.4074 -18.8232 1.6199 1.3125 -1.2393 0.0039
Car 0.0000 0 2.3880 590.7478 163.0661 690.3488 202.6089 1.4564 1.5862 3.8928 1.4244 0.8158 27.8976 2.4404 0.0039
Pedestrian 0.0000 0 -2.2082 0.0000 0.0000 1224.0000 370.0000 1.9214 0.7181 0.7401 4.1144 1.5916 -0.2242 -0.6600 0.0039
Car 0.0000 0 1.8017 0.0000 178.6169 43.5453 221.1375 1.4878 1.5152 3.7759 -22.7178 1.4234 26.7620 1.1055 0.0039
Car 0.0000 0 -1.3238 651.1422 161.1295 715.0936 200.2234 1.5517 1.7447 4.2198 3.4072 0.7844 30.3410 -1.2113 0.0039
Car 0.0000 0 0.7105 593.3014 159.0907 711.7388 200.4658 1.6200 1.8365 5.0475 1.9091 0.7832 30.1008 0.7751 0.0039
Car 0.0000 0 2.6964 608.1431 168.8280 713.4416 205.1930 1.4114 1.6419 3.9737 2.2551 0.9599 28.9147 2.7752 0.0039
Car 0.0000 0 -2.8909 576.0594 161.1523 690.9616 199.6685 1.5215 1.6894 4.4930 1.1759 0.7587 29.3821 -2.8495 0.0039
Car 0.0000 0 2.3118 590.9840 162.2127 688.3280 202.2995 1.4733 1.5716 3.9701 1.4027 0.8027 27.9338 2.3633 0.0038
Car 0.0000 0 0.3775 0.0000 0.0000 1224.0000 370.0000 1.5131 1.5129 3.9894 -19.1027 1.6932 0.1052 -1.1693 0.0038
Car 0.0000 0 1.3439 586.2054 168.3317 640.6805 202.5149 1.4264 1.6641 3.5166 0.2960 0.9201 31.3950 1.3550 0.0038
Car 0.0000 0 -2.5125 0.0000 0.0000 1224.0000 370.0000 1.7106 1.7725 3.8373 13.4192 0.7517 1.2603 -1.0579 0.0038
Car 0.0000 0 2.1284 0.0000 178.2565 78.7485 219.8262 1.4735 1.4749 3.7079 -22.0577 1.3955 26.9860 1.4506 0.0038
Pedestrian 0.0000 0 2.3861 655.7938 175.8198 688.2343 244.5331 1.4221 0.3598 0.6005 1.3779 1.3269 14.9549 2.4778 0.0038
Car 0.0000 0 -0.9404 568.3650 166.3551 639.3359 198.7531 1.4537 1.7710 3.2871 -0.0311 0.8205 33.5707 -0.9395 0.0038
Car 0.0000 0 1.5825 608.2102 158.1897 652.3023 198.0969 1.5474 1.7112 4.5892 1.0675 0.6838 29.7444 1.6200 0.0038
Car 0.0000 0 2.4349 604.3295 167.6886 694.3489 206.1033 1.4547 1.5284 3.4428 1.7853 0.9711 28.4133 2.4988 0.0038
Car 0.0000 0 0.9474 0.0000 0.0000 1224.0000 370.0000 1.6140 1.5818 3.7676 11.6816 0.8981 1.3533 2.3770 0.0038
Car 0.0000 0 3.0764 590.3947 164.1734 694.0509 200.6688 1.4553 1.6508 4.1412 1.4527 0.8058 29.0438 3.1277 0.0038
Car 0.0000 0 -2.9123 583.3292 162.9017 698.0272 200.7210 1.4946 1.7329 4.4861 1.4782 0.8006 29.3924 -2.8607 0.0038
Pedestrian 0.0000 0 2.5239 383.5620 159.3885 426.7430 232.8017 1.7939 0.5701 0.8783 -5.0630 1.2796 17.7928 2.2532 0.0038
Car 0.0000 0 1.2344 668.8585 170.5826 739.9692 208.3589 1.3879 1.6793 3.5728 3.8182 1.0251 27.8898 1.3707 0.0037
Car 0.0000 0 1.1715 600.6523 159.3898 685.4990 199.1346 1.5347 1.7866 4.9447 1.4691 0.7210 29.9251 1.2220 0.0037
Car 0.0000 0 -0.9117 552.5880 166.1810 631.7438 200.6186 1.4767 1.7386 3.6546 -0.5522 0.8642 32.2969 -0.9268 0.0037
Pedestrian 0.0000 0 2.8620 385.5328 160.5179 425.3716 232.8631 1.7740 0.5507 0.8472 -5.0598 1.2856 17.7894 2.5915 0.0037
Car 0.0000 0 -0.3263 656.1736 161.0000 761.9507 199.5342 1.5395 1.7219 4.0184 4.2772 0.7619 29.4529 -0.1817 0.0037
Car 0.0000 0 2.1528 606.9324 167.9334 687.9823 206.0174 1.4101 1.4738 3.5965 1.7180 0.9463 28.0548 2.2151 0.0037
Car 0.0000 0 1.0035 669.0609 159.3470 766.9978 202.1085 1.4943 1.6854 4.1877 4.1758 0.7567 26.9594 1.1573 0.0037
Car 0.0000 0 -3.1848 626.1058 170.1928 735.0602 207.0635 1.4170 1.7177 4.1872 2.9363 1.0224 28.1539 -3.0802 0.0037
Car 0.0000 0 1.9380 0.0000 178.1566 60.0530 219.7940 1.4656 1.4816 3.6591 -22.3684 1.3846 26.8516 1.2510 0.0037
Car 0.0000 0 2.1091 0.0000 171.1979 21.2500 223.9833 1.5773 1.7237 4.2311 -21.6021 1.3009 23.3667 1.3715 0.0037
Car 0.0000 0 -1.7881 0.0000 0.0000 1224.0000 370.0000 1.5900 1.4773 3.7539 12.7121 0.9261 -0.1120 -0.2326 0.0036
Car 0.0000 0 -1.3647 651.8990 161.1079 712.9047 200.4536 1.5628 1.7790 4.1892 3.3755 0.7941 30.3471 -1.2532 0.0036
Car 0.0000 0 1.0017 670.3497 160.4937 764.8735 203.9109 1.5436 1.6948 4.0165 4.2259 0.8339 27.3122 1.1553 0.0036
Car 0.0000 0 0.9744 0.0000 0.0000 1224.0000 370.0000 1.6861 1.5751 3.9606 11.4742 0.9459 1.3317 2.4033 0.0036
Car 0.0000 0 1.5667 728.1351 158.0141 750.6840 181.8429 1.9434 1.8115 3.5702 11.3338 0.1108 59.5819 1.7556 0.0036
Car 0.0000 0 1.0171 670.2484 159.9868 765.4708 203.5108 1.5343 1.6912 4.0988 4.2022 0.8127 27.1363 1.1708 0.0036
Car 0.0000 0 1.0910 596.9540 154.4289 685.7617 196.9933 1.6808 1.8102 4.7679 1.4334 0.6528 30.4588 1.1394 0.0036
Car 0.0000 0 -0.6451 1206.5568 158.5341 1224.0000 260.8148 1.4885 1.6687 3.9862 12.5114 1.1705 11.4488 0.1724 0.0036
Pedestrian 0.0000 0 -1.6921 35.6826 163.8428 73.6257 249.4711 1.7146 0.5555 0.5829 -11.3753 1.3827 14.5554 -2.3430 0.0036
Car 0.0000 0 -2.9222 655.6921 167.0313 755.9107 203.7636 1.4160 1.5877 3.7674 4.0688 0.8983 28.6591 -2.7809 0.0035
Car 0.0000 0 0.1440 662.4290 160.2432 776.1129 201.1620 1.5769 1.7608 4.3546 4.6367 0.7977 28.7341 0.3042 0.0035
Car 0.0000 0 1.3452 0.0000 0.0000 1224.0000 370.0000 1.5991 1.4445 3.8466 -5.5353 1.6945 -0.1368 -0.1903 0.0035
Car 0.0000 0 1.0905 1211.3975 157.7457 1224.0000 217.3213 1.4031 1.5143 3.7953 17.9420 0.8688 18.6802 1.8489 0.0035
Car 0.0000 0 1.6624 643.2177 169.0068 695.9426 210.3797 1.4568 1.6602 3.7108 2.4912 1.0536 26.8673 1.7555 0.0035
Car 0.0000 0 1.9235 0.0000 179.3209 53.6409 220.4859 1.4405 1.4676 3.4917 -22.3780 1.4008 26.6276 1.2322 0.0035
Car 0.0000 0 -0.0175 621.8722 159.1483 698.1956 188.6789 1.6679 1.6717 4.3121 3.1538 0.4633 40.8944 0.0608 0.0034
Car 0.0000 0 2.1565 556.2834 164.6126 628.1891 200.0050 1.5143 1.6211 3.4632 -0.5472 0.8360 32.1419 2.1415 0.0034
Car 0.0000 0 0.7417 1201.3965 159.2817 1224.0000 221.9782 1.4680 1.5976 3.9453 18.1709 0.9728 18.5686 1.5093 0.0034
Pedestrian 0.0000 0 -1.3845 786.7463 157.5953 801.4279 184.6165 1.7333 0.8286 0.5633 12.2451 0.2654 45.7835 -1.1230 0.0034
Car 0.0000 0 -0.3125 541.1599 167.1384 630.1578 200.2192 1.4363 1.5865 3.7276 -0.9041 0.8576 32.0609 -0.3385 0.0034
Car 0.0000 0 -0.6336 643.1411 161.7712 745.9991 201.0582 1.5625 1.7243 4.0817 3.7789 0.8191 29.8595 -0.5072 0.0034
Car 0.0000 0 2.0936 0.0000 178.0239 75.1542 219.3575 1.4591 1.4833 3.6660 -22.0603 1.3732 26.8807 1.4140 0.0033
Car 0.0000 0 -2.3979 0.0000 0.0000 1224.0000 370.0000 1.6798 1.6344 3.8257 13.2904 0.8310 1.1152 -0.9336 0.0033
Car 0.0000 0 -2.8338 651.4792 168.3883 755.3212 205.2149 1.4205 1.5661 3.9009 3.9779 0.9548 28.8139 -2.6963 0.0033
Car 0.0000 0 1.7981 563.5923 168.5104 621.7304 202.7732 1.4362 1.7805 3.8333 -0.5032 0.9351 31.6938 1.7842 0.0033
Car 0.0000 0 2.1095 0.0000 179.1309 74.4549 219.9434 1.4382 1.4729 3.6571 -22.0629 1.3915 26.8261 1.4288 0.0033
Car 0.0000 0 -1.8031 0.0000 0.0000 1224.0000 370.0000 1.5738 1.4603 3.6558 12.9201 0.9386 -0.0944 -0.2487 0.0033
Car 0.0000 0 1.0260 0.0000 0.0000 1224.0000 370.0000 1.6988 1.6540 3.7043 11.6614 0.9070 1.2530 2.4638 0.0033
Car 0.0000 0 2.3292 535.7332 164.3944 620.3689 199.6649 1.4668 1.6388 3.7166 -1.1634 0.7985 31.3347 2.2944 0.0033
Car 0.0000 0 -2.9151 0.0000 0.0000 1224.0000 370.0000 1.5472 1.4767 3.4230 12.6408 0.8406 1.2731 -1.4686 0.0033
Car 0.0000 0 -0.2380 651.0432 162.8148 753.4685 201.3699 1.5499 1.6884 3.9386 3.9846 0.8404 29.4599 -0.1031 0.0033
Car 0.0000 0 1.9109 622.5406 171.4440 688.8647 208.3588 1.3522 1.5066 3.5358 2.0324 1.0220 27.8159 1.9849 0.0033
Car 0.0000 0 2.6400 0.0000 0.0000 1224.0000 370.0000 1.4993 1.6427 3.6339 -26.0370 1.7810 1.7372 1.1498 0.0033
Car 0.0000 0 2.0596 846.2476 179.2895 1023.9261 262.7213 1.4519 1.5661 3.9347 6.6205 1.4325 14.1136 2.4912 0.0033
Car 0.0000 0 1.9956 0.0000 170.0638 4.1146 226.2395 1.6672 1.7391 4.2992 -21.9390 1.3591 23.2939 1.2487 0.0032
Car 0.0000 0 -0.4973 786.7705 153.4295 860.1152 179.5327 1.6605 1.7793 4.2619 14.3012 -0.0639 46.3614 -0.1981 0.0032
Car 0.0000 0 -1.4036 667.2013 162.8536 719.7110 200.4339 1.4819 1.6022 3.7335 3.7768 0.7876 29.8949 -1.2773 0.0032
Car 0.0000 0 -0.1370 662.2069 159.1339 772.8156 199.3332 1.6080 1.7611 4.3054 4.5523 0.7548 29.1960 0.0179 0.0032
Car 0.0000 0 0.9170 0.0000 0.0000 1224.0000 370.0000 1.5161 1.6628 3.5470 12.3430 1.0095 1.7482 2.3229 0.0032
Car 0.0000 0 -1.3069 660.3797 161.8486 723.0131 200.2808 1.5205 1.6843 3.9007 3.7350 0.7841 30.0926 -1.1829 0.0032
Car 0.0000 0 1.9862 0.0000 165.7079 3.6096 225.4510 1.7705 1.7379 4.4104 -21.9806 1.3337 23.3166 1.2388 0.0032
Car 0.0000 0 1.0723 166.3279 198.9990 260.1667 241.9367 1.4592 1.6248 3.6254 -15.0740 2.2139 27.1200 0.5714 0.0032
Car 0.0000 0 1.6718 584.4962 156.0753 635.0685 196.7494 1.5946 1.6833 4.6484 0.2617 0.6386 30.1180 1.6823 0.0032
Car 0.0000 0 1.4324 670.2774 162.4804 729.3938 205.5367 1.4957 1.6436 4.0319 3.4559 0.8713 26.5798 1.5621 0.0032
Car 0.0000 0 1.3263 0.0000 0.0000 1224.0000 370.0000 1.5842 1.4634 3.9385 -5.4004 1.7007 -0.1915 -0.2185 0.0032
Car 0.0000 0 1.5061 670.0129 162.7392 718.2592 202.0806 1.5070 1.6988 4.0796 3.5837 0.8282 29.1655 1.6289 0.0032
Car 0.0000 0 1.9046 0.0000 178.9294 56.5472 220.8882 1.4724 1.4821 3.6678 -22.3943 1.4188 26.7841 1.2158 0.0032
Car 0.0000 0 1.1707 668.9912 168.5836 739.4412 206.2211 1.3908 1.5795 3.3139 3.8261 0.9520 27.9284 1.3072 0.0032
Car 0.0000 0 -1.2168 640.4736 162.8281 708.9796 201.2041 1.5226 1.6831 3.8189 3.0160 0.8230 30.1333 -1.1162 0.0032
Car 0.0000 0 -1.8235 596.7140 168.8778 649.2773 198.9911 1.3583 1.6833 3.5024 0.7871 0.8355 33.7843 -1.7986 0.0032
Pedestrian 0.0000 0 0.9167 31.7949 164.0169 74.0530 250.2858 1.7056 0.4731 0.4903 -11.1804 1.3814 14.2664 0.2646 0.0031
Car 0.0000 0 -1.4886 666.1759 163.6392 710.3058 200.7900 1.4784 1.5767 3.5068 3.5605 0.8089 30.0067 -1.3699 0.0031
Car 0.0000 0 2.2451 611.7853 170.2090 700.1298 207.0043 1.3822 1.5542 3.7328 2.0799 0.9972 28.4523 2.3191 0.0031
Car 0.0000 0 -3.2458 645.5493 168.6268 743.2350 205.9053 1.4077 1.5843 3.6226 3.3983 0.9608 27.5206 -3.1226 0.0031
Car 0.0000 0 1.6268 727.9968 160.5791 751.8680 182.2267 1.7605 1.7635 3.8044 11.4107 0.1416 59.5546 1.8169 0.0031
Car 0.0000 0 -0.8398 1169.0219 159.0872 1224.0000 213.3207 1.4039 1.5462 4.0104 17.8650 0.8512 19.2650 -0.0987 0.0031
Car 0.0000 0 -0.7946 1195.4493 163.5834 1224.0000 257.8479 1.4588 1.6574 3.8239 12.4007 1.1986 11.7747 0.0048 0.0031
Car 0.0000 0 1.7944 0.0000 178.4099 39.1350 220.9214 1.4828 1.5092 3.6332 -22.7380 1.4115 26.6180 1.0951 0.0031
Car 0.0000 0 -1.1663 0.0000 0.0000 1224.0000 370.0000 1.6349 1.9135 4.4488 12.7238 0.8015 1.4484 0.2675 0.0031
Car 0.0000 0 -1.4532 638.4634 162.6290 687.8608 200.1998 1.4893 1.6488 3.8670 2.5139 0.7824 30.0815 -1.3688 0.0031
Car 0.0000 0 -0.0314 555.8090 166.9088 641.3207 201.5477 1.5495 1.7793 3.8362 -0.3386 0.9430 32.5884 -0.0398 0.0031
Car 0.0000 0 -0.8193 560.1136 168.2339 640.5961 201.5721 1.4621 1.6998 3.6683 -0.1904 0.9256 32.9264 -0.8232 0.0031
Car 0.0000 0 -0.0435 548.9454 169.8181 636.1697 200.8653 1.4097 1.6416 3.9786 -0.6278 0.9261 33.0377 -0.0605 0.0031
Car 0.0000 0 0.3860 663.7230 161.4353 776.2586 201.9693 1.5233 1.6991 4.1187 4.5624 0.8083 28.3607 0.5456 0.0030
Car 0.0000 0 -0.3762 655.7006 160.3640 765.2389 199.0317 1.5400 1.7305 4.1714 4.3462 0.7395 29.4706 -0.2295 0.0030
Car 0.0000 0 -2.8264 589.7781 163.1408 701.3552 201.3521 1.5066 1.6923 4.3290 1.6677 0.8237 29.4497 -2.7686 0.0030
Car 0.0000 0 2.6063 0.0000 0.0000 1224.0000 370.0000 1.4833 1.5251 3.7161 -25.4627 1.8432 1.2899 1.1004 0.0030
Car 0.0000 0 0.3756 666.7458 158.3522 787.1328 201.4808 1.5615 1.7060 4.2748 4.6748 0.7612 27.4314 0.5443 0.0030
Car 0.0000 0 0.3550 662.4886 158.9223 782.5266 201.2481 1.5864 1.7295 4.4211 4.6582 0.7792 28.3412 0.5180 0.0030
Car 0.0000 0 2.0881 559.8453 164.0161 628.3977 198.4762 1.4874 1.6641 3.4229 -0.4640 0.7774 32.4144 2.0758 0.0030
Car 0.0000 0 -0.9466 1215.1010 161.4042 1224.0000 220.8804 1.5529 1.6955 4.7074 19.7994 1.0559 19.6781 -0.1647 0.0030
Car 0.0000 0 -1.4027 645.1411 160.9332 700.7006 199.5319 1.5314 1.6958 4.1293 2.9558 0.7566 30.2615 -1.3045 0.0030
Car 0.0000 0 -3.5341 830.9246 179.6881 1046.0470 253.5346 1.4398 1.6089 3.6939 6.7366 1.4256 14.6441 -3.1095 0.0029
Car 0.0000 0 1.5013 661.2164 168.4610 711.2242 209.2416 1.4535 1.6407 3.5642 3.0139 1.0260 27.0112 1.6129 0.0029
Car 0.0000 0 2.2030 0.0000 175.5934 15.9083 228.1886 1.5653 1.6556 4.0971 -21.6998 1.4208 23.1659 1.4589 0.0029
Cyclist 0.0000 0 3.9129 0.0000 0.0000 1224.0000 370.0000 1.6883 0.6234 1.8553 -1.5077 1.7651 0.4050 2.7932 0.0029
Car 0.0000 0 -1.1320 0.0000 180.9946 8.6202 236.7446 1.4982 1.4705 3.0931 -19.1892 1.5155 20.7203 -1.8696 0.0029
Car 0.0000 0 1.8934 640.1733 164.8468 713.6356 204.2266 1.4878 1.7201 4.3000 3.0124 0.8979 29.0219 1.9976 0.0029
Car 0.0000 0 -1.9336 613.4127 163.0388 681.7597 201.5301 1.5101 1.6433 3.7374 1.6969 0.8266 29.7630 -1.8754 0.0029
Car 0.0000 0 1.2479 672.9648 162.2458 749.2500 205.1875 1.5048 1.6591 4.0291 3.9134 0.8666 26.9017 1.3925 0.0029
Cyclist 0.0000 0 -0.0022 0.0000 0.0000 1224.0000 370.0000 1.4730 0.3690 1.6799 -6.6207 1.5967 0.5395 -1.4418 0.0028
Pedestrian 0.0000 0 1.0142 32.1719 162.1144 75.2798 249.6930 1.7297 0.5049 0.4927 -11.1771 1.3682 14.2825 0.3628 0.0028
Car 0.0000 0 1.5302 0.0000 185.5416 2.5650 236.6289 1.4388 1.6597 4.2220 -20.4005 1.6151 22.4129 0.8005 0.0028
Car 0.0000 0 1.4927 672.4040 163.2474 726.4929 205.5019 1.4636 1.6843 4.0363 3.4417 0.8675 26.5440 1.6220 0.0028
Car 0.0000 0 -2.4695 0.0000 0.0000 1224.0000 370.0000 1.7128 1.6324 3.9649 13.3311 0.9730 1.3216 -1.0200 0.0028
Car 0.0000 0 0.3575 129.0873 194.3911 270.6028 238.0782 1.5149 1.7589 4.2518 -15.0754 2.0600 26.4668 -0.1537 0.0028
Car 0.0000 0 1.4809 591.8297 168.7227 638.1284 203.3164 1.4503 1.7398 3.5946 0.3685 0.9580 31.4950 1.4943 0.0028
Car 0.0000 0 1.8124 560.3835 167.0083 619.9830 202.3304 1.4689 1.7860 3.7994 -0.6090 0.9093 31.4483 1.7951 0.0028
Car 0.0000 0 2.1677 0.0000 175.5990 18.1154 228.6590 1.5865 1.6904 4.2259 -21.7790 1.4415 23.3483 1.4256 0.0028
Car 0.0000 0 -2.8124 571.6869 155.5628 696.2393 197.7200 1.6671 1.8555 4.8921 1.1933 0.6824 29.7058 -2.7708 0.0028
Car 0.0000 0 -2.2351 0.0000 0.0000 1224.0000 370.0000 1.5240 1.4899 3.3999 11.3637 0.8458 0.9766 -0.7769 0.0028
Car 0.0000 0 -1.3889 635.3266 162.7608 690.7200 201.2649 1.5245 1.6949 3.7180 2.5028 0.8236 30.0050 -1.3047 0.0028
Car 0.0000 0 -1.4634 639.2003 162.0740 688.0782 200.0909 1.5048 1.6567 3.9219 2.5334 0.7769 30.0641 -1.3783 0.0027
Car 0.0000 0 1.7721 646.3920 169.8381 711.3011 208.9493 1.4342 1.7402 4.3497 3.0113 1.0448 28.2593 1.8789 0.0027
Pedestrian 0.0000 0 1.9699 674.1243 154.3217 720.0760 273.3312 1.7548 0.4278 0.7990 1.3785 1.3705 10.8736 2.0942 0.0027
Car 0.0000 0 1.9447 0.0000 182.3162 19.7766 234.0935 1.5139 1.7475 4.5642 -21.3401 1.5816 23.2831 1.2113 0.0027
Pedestrian 0.0000 0 2.0983 672.9197 157.7945 720.1301 276.8439 1.7190 0.4076 0.7016 1.3322 1.3928 10.6071 2.2214 0.0027
Car 0.0000 0 -1.0185 0.0000 177.8274 18.9034 236.2473 1.5831 1.6131 3.3185 -19.3510 1.5122 20.9338 -1.7553 0.0027
Car 0.0000 0 0.4234 669.5916 160.3524 786.4689 202.6326 1.5299 1.6913 4.1381 4.7125 0.8024 27.4369 0.5934 0.0027
Car 0.0000 0 -2.4980 0.0000 0.0000 1224.0000 370.0000 1.6998 1.6800 3.9330 13.4593 0.8937 1.4185 -1.0545 0.0027
Pedestrian 0.0000 0 1.5500 268.5485 184.7515 298.3953 276.3006 1.3549 0.4071 0.7234 -5.0138 1.4247 10.9115 1.1321 0.0027
Car 0.0000 0 -3.5266 822.3158 177.3172 1032.4819 247.8843 1.3821 1.5664 3.6462 6.5288 1.3214 14.6754 -3.1144 0.0027
Car 0.0000 0 0.4796 663.4548 163.4928 768.2425 202.2239 1.4558 1.6235 3.8348 4.3878 0.8181 28.3601 0.6333 0.0027
Car 0.0000 0 1.6878 656.4892 164.2624 713.4748 207.1102 1.4727 1.6615 3.9578 3.0322 0.9161 26.4130 1.8026 0.0027
Car 0.0000 0 1.2888 586.8708 168.1160 640.9162 200.9509 1.3878 1.5372 3.3883 0.3252 0.8659 31.7168 1.3008 0.0026
Car 0.0000 0 1.9696 624.1359 168.2998 698.5401 207.1805 1.4769 1.6071 4.0108 2.3625 1.0150 29.0025 2.0518 0.0026
Car 0.0000 0 -0.3447 652.6219 159.1200 770.0401 199.2234 1.6011 1.7595 4.5200 4.3844 0.7490 29.5281 -0.1969 0.0026
Car 0.0000 0 1.0825 669.9310 168.7312 749.7960 207.8277 1.4145 1.6392 3.4340 3.9743 0.9902 27.4693 1.2263 0.0026
Car 0.0000 0 1.8085 560.5499 167.1969 618.9648 202.5080 1.4728 1.7730 3.6989 -0.6318 0.9194 31.4843 1.7904 0.0026
Car 0.0000 0 1.4701 582.8263 166.9508 628.9551 201.9983 1.5019 1.7376 3.6371 -0.0343 0.9228 32.1915 1.4709 0.0026
Car 0.0000 0 1.3769 670.7641 166.8450 731.9835 207.8259 1.4594 1.6379 3.6149 3.5835 0.9746 27.0286 1.5090 0.0026
Car 0.0000 0 0.3908 122.5243 193.9857 265.8682 237.9451 1.5257 1.7991 4.2692 -15.2552 2.0532 26.4088 -0.1264 0.0026
Car 0.0000 0 -1.2855 639.5920 162.3976 704.3627 200.3810 1.5031 1.6809 4.0263 2.9071 0.7883 30.1568 -1.1885 0.0026
Car 0.0000 0 -2.1637 599.4866 157.5737 699.7319 200.1484 1.6584 1.8100 4.9151 1.7615 0.7669 30.1136 -2.1039 0.0026
Pedestrian 0.0000 0 0.9738 14.3859 164.9788 63.9147 252.3896 1.7243 0.4636 0.7139 -11.4637 1.4197 14.2719 0.3098 0.0026
Car 0.0000 0 1.1928 671.4584 166.7153 748.0326 208.3736 1.4789 1.6268 3.7293 3.9020 0.9911 27.0984 1.3359 0.0026
Car 0.0000 0 2.1079 0.0000 171.9137 9.4208 231.2448 1.7526 1.6967 4.5442 -22.0143 1.5005 23.2801 1.3590 0.0026
Car 0.0000 0 -2.7083 578.0327 156.6986 700.7823 197.3780 1.6046 1.8355 4.8485 1.4028 0.6672 29.8209 -2.6598 0.0026
Car 0.0000 0 1.5705 662.3555 165.8705 709.7191 208.3464 1.4648 1.6287 3.9627 2.9970 0.9619 26.4392 1.6839 0.0026
Car 0.0000 0 0.3724 569.9041 165.3340 668.1265 200.0075 1.4847 1.7456 4.0690 0.6143 0.8368 31.8565 0.3933 0.0026
Pedestrian 0.0000 0 2.3999 669.0703 160.2749 722.7039 276.2307 1.6804 0.3925 0.7255 1.3200 1.3889 10.6116 2.5219 0.0025
Car 0.0000 0 -0.5921 646.7485 162.0739 751.2137 200.2188 1.5174 1.7026 4.1154 3.9506 0.7859 29.7969 -0.4598 0.0025
Car 0.0000 0 -0.8201 1194.4441 164.0356 1224.0000 257.3491 1.4437 1.6631 3.9886 12.4715 1.1906 11.8034 -0.0190 0.0025
Car 0.0000 0 0.4162 665.8470 159.5391 787.3844 202.1553 1.5646 1.7346 4.3980 4.7317 0.7966 27.8896 0.5843 0.0025
Car 0.0000 0 2.6301 598.7556 170.1787 714.1495 209.3293 1.4736 1.7441 4.3068 2.0471 1.0867 28.3122 2.7033 0.0025
Car 0.0000 0 0.8861 579.9443 164.7252 671.4639 201.2160 1.5029 1.7946 4.2029 0.8255 0.8547 31.3277 0.9140 0.0025
Car 0.0000 0 -1.0008 553.9009 163.8393 628.6188 198.8272 1.4971 1.7783 3.5277 -0.5902 0.7857 32.2175 -1.0170 0.0025
Pedestrian 0.0000 0 1.6438 265.2635 182.7542 299.1951 275.7954 1.3745 0.4151 0.7590 -5.0087 1.4122 10.8880 1.2255 0.0025
Car 0.0000 0 1.7330 634.0540 169.4944 684.8303 206.0728 1.3857 1.5552 3.1149 2.2174 0.9703 28.4780 1.8117 0.0025
Car 0.0000 0 -1.6670 0.0000 0.0000 1224.0000 370.0000 1.5303 1.7798 3.7888 20.1023 0.6121 -0.1108 -0.1054 0.0025
Car 0.0000 0 1.4467 744.8399 159.6203 771.1466 180.7644 1.7107 1.6963 3.7500 12.7791 0.0226 59.1441 1.6602 0.0025
Car 0.0000 0 -1.5637 0.0000 0.0000 1224.0000 370.0000 1.5111 1.7310 3.7674 20.4936 0.5696 -0.0607 -0.0044 0.0025
Car 0.0000 0 -0.9265 1214.7656 158.4866 1224.0000 219.5260 1.6096 1.6530 4.3331 19.7206 1.0307 19.7791 -0.1490 0.0025
Car 0.0000 0 -2.4798 0.0000 0.0000 1224.0000 370.0000 1.6894 1.6781 4.0317 13.2831 0.9335 1.1091 -1.0151 0.0025
Car 0.0000 0 4.6988 0.0000 0.0000 1224.0000 370.0000 1.4718 1.7665 4.1198 -31.5300 1.9631 -0.1474 3.1351 0.0025
Car 0.0000 0 0.7595 976.7137 176.5130 1178.1530 240.8071 1.4038 1.6908 4.1111 11.4905 1.3184 17.6307 1.3305 0.0025
Car 0.0000 0 -1.3492 652.7816 161.4927 713.7402 200.5630 1.5572 1.7642 3.9863 3.4073 0.8011 30.3475 -1.2367 0.0025
Car 0.0000 0 1.2237 576.1221 167.2484 637.4149 202.0796 1.4836 1.6709 3.5357 0.0015 0.9206 32.0566 1.2256 0.0024
Car 0.0000 0 1.5835 645.9769 171.2735 689.0958 209.7757 1.4064 1.5737 3.5284 2.4409 1.0709 27.6570 1.6723 0.0024
Car 0.0000 0 2.5022 0.0000 0.0000 1224.0000 370.0000 1.5221 1.8130 4.8096 -23.9380 1.7701 1.7832 1.0208 0.0024
Car 0.0000 0 -1.0254 904.5872 166.5943 1137.9116 248.6522 1.5771 1.9062 5.5305 9.3109 1.3114 15.7428 -0.4985 0.0024
Car 0.0000 0 -2.0135 598.3671 156.1076 688.2310 199.8558 1.7138 1.7894 5.1992 1.4971 0.7597 30.4371 -1.9629 0.0024
Car 0.0000 0 -1.6232 0.0000 0.0000 1224.0000 370.0000 1.5842 1.7730 3.8842 19.9970 0.6798 -0.0862 -0.0629 0.0024
Car 0.0000 0 1.3624 0.0000 188.0341 3.6183 240.8666 1.4711 1.5965 3.8908 -20.3577 1.7259 21.9761 0.6241 0.0024
Car 0.0000 0 -3.3105 928.2663 173.0381 1125.4475 235.9268 1.5038 1.6232 4.1741 10.7291 1.3269 18.3855 -2.7882 0.0024
Car 0.0000 0 1.8113 627.2867 171.4914 683.2040 207.6530 1.3483 1.4849 3.2564 2.0281 1.0140 28.1361 1.8842 0.0024
Car 0.0000 0 2.6905 833.3605 179.0916 1065.5757 254.2049 1.4608 1.6123 4.0075 6.9360 1.4350 14.5794 3.1278 0.0024
Car 0.0000 0 0.5307 667.6916 162.3367 777.0013 203.0798 1.4958 1.6672 3.9446 4.5515 0.8305 27.8533 0.6928 0.0024
Car 0.0000 0 -3.1090 936.7583 170.6618 1154.1198 239.8462 1.5112 1.5773 4.3354 10.5631 1.2979 17.2791 -2.5668 0.0024
Car 0.0000 0 -2.5393 587.9192 159.6648 703.2640 199.3618 1.5583 1.7944 4.6706 1.6359 0.7419 29.8890 -2.4833 0.0023
Cyclist 0.0000 0 -1.1045 46.0092 166.6096 112.2408 248.3549 1.6483 0.4610 1.5768 -11.2130 1.3699 15.0675 -1.7323 0.0023
Car 0.0000 0 1.4756 673.0759 169.7004 721.4268 206.5926 1.3830 1.5723 3.6028 3.6104 0.9797 28.3261 1.6028 0.0023
Car 0.0000 0 -1.2100 0.0000 174.5290 2.9667 233.0161 1.5251 1.4640 3.3869 -18.9213 1.3710 20.2757 -1.9512 0.0023
Car 0.0000 0 1.8590 0.0000 182.1353 4.0776 233.3909 1.4970 1.6597 3.8611 -21.1691 1.5563 22.8787 1.1210 0.0023
Car 0.0000 0 -1.6779 631.7382 161.0649 681.7324 199.9744 1.5398 1.6743 4.1536 2.1078 0.7722 30.0816 -1.6068 0.0022
Car 0.0000 0 -1.1834 0.0000 178.8962 5.8873 237.1413 1.5340 1.4746 3.2813 -18.9776 1.4934 20.4111 -1.9229 0.0022
Car 0.0000 0 -2.0405 1159.8748 160.0554 1224.0000 257.0149 1.4638 1.5944 3.6723 11.7297 1.1568 12.6507 -1.3037 0.0022
Car 0.0000 0 1.8382 627.1472 169.9476 690.4189 207.6897 1.4071 1.5966 3.7452 2.2029 1.0152 28.3879 1.9166 0.0022
Pedestrian 0.0000 0 2.3405 669.7051 156.0212 724.5032 272.8953 1.7341 0.3951 0.7982 1.3767 1.3726 10.8900 2.4646 0.0022
Pedestrian 0.0000 0 1.1748 14.3582 162.6467 63.4746 251.3044 1.7387 0.5167 0.7872 -11.4767 1.3902 14.2788 0.5105 0.0022
Car 0.0000 0 -3.0959 0.0000 0.0000 1224.0000 370.0000 1.5742 1.7987 4.2606 19.9974 0.4141 1.3951 -1.6095 0.0022
Car 0.0000 0 -2.8642 0.0000 0.0000 1224.0000 370.0000 1.4949 1.6514 3.6470 20.3325 0.4562 0.8713 -1.3508 0.0022
Car 0.0000 0 1.6764 657.9914 171.0184 706.8394 210.1345 1.4333 1.5502 3.4524 3.0676 1.0874 27.7557 1.7870 0.0021
Car 0.0000 0 -2.9959 0.0000 0.0000 1224.0000 370.0000 1.5883 1.4075 3.4516 12.4877 0.8598 1.2001 -1.5452 0.0021
Car 0.0000 0 -1.2117 638.6047 163.7393 707.1840 201.2023 1.4860 1.6928 3.7517 2.9328 0.8227 30.0976 -1.1137 0.0021
Car 0.0000 0 -1.7328 0.0000 0.0000 1224.0000 370.0000 1.6683 1.4943 3.7660 13.1976 0.6800 0.5044 -0.2234 0.0021
Car 0.0000 0 1.8297 627.0311 171.5163 685.4066 207.6040 1.3471 1.5489 3.1997 2.0678 1.0132 28.1524 1.9041 0.0021
Car 0.0000 0 0.5596 671.0001 162.7050 777.6925 204.1284 1.4947 1.6485 3.7708 4.5489 0.8541 27.3744 0.7242 0.0021
Car 0.0000 0 -1.0505 565.3054 169.0628 637.5942 202.5078 1.4365 1.8094 3.4835 -0.1264 0.9467 32.3240 -1.0525 0.0021
Car 0.0000 0 1.4178 671.6410 172.7577 726.8464 210.1095 1.3664 1.5823 3.7283 3.6021 1.0847 27.7426 1.5472 0.0021
Car 0.0000 0 1.6003 484.7272 182.9444 553.1468 242.4850 1.3451 1.5585 4.0775 -2.1846 1.4170 18.2386 1.4848 0.0021
Car 0.0000 0 -0.6855 905.4205 163.6252 1192.4758 245.8466 1.6276 1.8656 5.3003 9.4460 1.2952 15.2833 -0.1395 0.0021
Car 0.0000 0 -0.5175 925.6268 164.9429 1204.9742 247.3995 1.6118 1.8007 4.6337 9.4068 1.3093 14.8091 0.0404 0.0020
Car 0.0000 0 1.9450 467.7784 178.7394 595.6010 242.0949 1.4410 1.6690 4.8055 -1.7794 1.4025 18.6163 1.8531 0.0020
Car 0.0000 0 1.3443 0.0000 185.3769 8.6359 238.5526 1.4992 1.6432 3.8310 -20.2977 1.6649 22.0221 0.6085 0.0020
Car 0.0000 0 2.6035 0.0000 0.0000 1224.0000 370.0000 1.6034 1.7790 4.8677 -23.9742 1.7738 2.0374 1.1325 0.0020
Car 0.0000 0 -2.5257 0.0000 0.0000 1224.0000 370.0000 1.5643 1.6426 4.1215 20.7075 0.5188 1.4632 -1.0396 0.0020
Car 0.0000 0 1.8321 581.6121 165.1304 643.4356 201.9495 1.4921 1.6935 4.0769 0.3835 0.8708 30.8407 1.8462 0.0020
Car 0.0000 0 -1.3771 916.9779 166.7513 1049.3516 248.5298 1.5591 1.7469 4.7950 8.5821 1.2986 15.8860 -0.8884 0.0020
Car 0.0000 0 -0.9509 0.0000 175.5347 15.5192 233.4018 1.5631 1.5636 3.1866 -19.3334 1.4306 20.7698 -1.6911 0.0020
Car 0.0000 0 1.2777 0.0000 185.5996 9.8909 239.2218 1.5055 1.6355 3.9439 -20.3092 1.6773 21.8856 0.5385 0.0020
Car 0.0000 0 -2.5640 0.0000 0.0000 1224.0000 370.0000 1.5309 1.6504 4.0734 20.6864 0.4120 1.1454 -1.0627 0.0020
Car 0.0000 0 1.3350 0.0000 181.2538 12.3092 236.0385 1.5649 1.6810 3.9839 -20.2847 1.5919 22.0597 0.6004 0.0020
Car 0.0000 0 0.4606 666.5077 161.6245 781.7014 202.6473 1.5110 1.7123 4.1618 4.6424 0.8173 27.9503 0.6252 0.0020
Car 0.0000 0 0.6325 987.6163 173.8835 1211.3259 242.9969 1.4433 1.7259 4.1788 11.6025 1.3067 17.0185 1.2238 0.0019
Car 0.0000 0 -2.0735 0.0000 0.0000 1224.0000 370.0000 1.5038 1.4767 3.5395 11.8907 0.8852 1.4087 -0.6460 0.0019
Car 0.0000 0 -1.1928 0.0000 173.3628 5.3724 234.0812 1.5744 1.4992 3.5078 -18.8893 1.3909 20.2341 -1.9342 0.0019
Car 0.0000 0 -0.8595 908.2755 168.6656 1151.0078 247.1389 1.5173 1.8565 4.7909 9.1440 1.2901 15.3177 -0.3287 0.0019
Car 0.0000 0 -0.7987 908.3952 164.8133 1168.5660 247.0618 1.6036 1.8715 5.0110 9.3132 1.2994 15.3297 -0.2603 0.0019
Car 0.0000 0 1.4392 670.7544 170.1206 720.9291 208.4264 1.4201 1.5256 3.3392 3.4995 1.0368 27.8813 1.5644 0.0019
Car 0.0000 0 1.4229 671.1299 171.5839 728.1050 210.0237 1.4046 1.6775 3.6350 3.6054 1.0803 27.6629 1.5528 0.0018
Car 0.0000 0 1.7396 632.1844 172.1566 686.9442 209.5655 1.3928 1.5902 3.6524 2.2205 1.0837 28.2854 1.8188 0.0018
Car 0.0000 0 -2.7845 0.0000 0.0000 1224.0000 370.0000 1.5624 1.6837 4.3653 20.4022 0.4870 1.3824 -1.2958 0.0018
Car 0.0000 0 -2.4266 600.8475 162.7014 708.5989 202.0787 1.5402 1.7276 4.5030 2.0036 0.8455 29.8513 -2.3585 0.0018
Car 0.0000 0 1.7816 652.2156 172.1653 716.3579 210.8137 1.4000 1.6805 4.1175 3.1731 1.0996 27.8272 1.8956 0.0018
Car 0.0000 0 -1.8325 457.9217 183.2523 562.7134 244.2050 1.3830 1.6844 4.1278 -2.6268 1.4651 18.4672 -1.9697 0.0018
Car 0.0000 0 0.8876 594.7869 154.3328 702.8381 199.5544 1.7645 1.8232 5.0276 1.7326 0.7450 30.1560 0.9463 0.0018
Car 0.0000 0 -1.4956 933.0104 168.2958 1036.6462 250.1649 1.5594 1.7390 4.0922 8.4661 1.3286 15.6568 -1.0068 0.0018
Car 0.0000 0 0.7466 983.4015 176.0558 1191.8613 243.0255 1.4318 1.6910 4.1401 11.5253 1.3384 17.3247 1.3268 0.0018
Car 0.0000 0 -0.1054 935.8294 179.3994 1140.7909 240.9632 1.4557 1.7463 4.3677 11.0045 1.4313 18.4131 0.4272 0.0018
Car 0.0000 0 0.0556 995.7952 172.8006 1212.4250 241.8398 1.4714 1.6563 4.0843 11.7912 1.3089 16.9655 0.6558 0.0018
Car 0.0000 0 -1.6585 483.8335 182.4734 562.9456 242.5617 1.3795 1.6944 4.0132 -2.2731 1.4387 18.5047 -1.7769 0.0018
Car 0.0000 0 0.4708 659.1256 166.8874 762.2965 205.8388 1.4677 1.5870 3.7870 4.1876 0.9563 28.3810 0.6175 0.0017
Car 0.0000 0 2.9852 0.0000 0.0000 1224.0000 370.0000 1.5214 1.5580 3.8174 -30.3390 1.9948 1.4092 1.4730 0.0017
Car 0.0000 0 3.0700 365.5927 180.8092 563.0024 241.9912 1.3624 1.6922 4.4870 -3.4304 1.3721 17.1553 2.8779 0.0017
Car 0.0000 0 -3.1551 0.0000 0.0000 1224.0000 370.0000 1.4991 1.6962 3.6167 20.0815 0.3219 0.0577 -1.6020 0.0017
Car 0.0000 0 1.5621 486.9434 177.0517 564.7809 240.1216 1.4427 1.7813 4.8222 -2.1424 1.3654 18.6681 1.4515 0.0017
Car 0.0000 0 -1.1700 916.8928 167.4481 1116.0685 250.5155 1.5718 1.8701 5.4658 9.2644 1.3265 15.7654 -0.6459 0.0017
Car 0.0000 0 0.2255 662.8635 166.9373 761.3630 205.0471 1.4152 1.5317 3.5522 4.1638 0.9130 27.6139 0.3753 0.0017
Pedestrian 0.0000 0 -2.1320 1214.7694 158.3358 1224.0000 221.3712 1.5850 0.6090 0.6944 16.2165 1.0293 18.1651 -1.4103 0.0017
Car 0.0000 0 2.4237 1116.6724 160.2761 1224.0000 217.2610 1.4854 1.6979 4.2182 16.6515 0.9598 19.3008 3.1290 0.0016
Car 0.0000 0 0.7876 591.9211 153.5988 701.4783 197.5704 1.7220 1.7309 4.8425 1.6567 0.6700 30.0691 0.8440 0.0016
Car 0.0000 0 -1.1411 916.2238 168.0737 1115.8698 249.1750 1.5441 1.8392 5.2439 9.2139 1.3092 15.7258 -0.6182 0.0016
Car 0.0000 0 -1.7391 928.6349 169.7048 1050.5826 251.2454 1.5618 1.7036 3.6683 8.2451 1.3567 15.5448 -1.2582 0.0016
Car 0.0000 0 -0.0823 932.6180 180.9483 1124.8752 241.3587 1.4331 1.6831 4.1422 10.7992 1.4474 18.4382 0.4416 0.0016
Car 0.0000 0 3.0865 0.0000 0.0000 1224.0000 370.0000 1.5525 1.5234 3.6571 -30.0647 1.9890 1.6836 1.5839 0.0016
Car 0.0000 0 2.2000 0.0000 179.4023 16.3605 231.6875 1.5630 1.6677 4.1701 -21.8208 1.5317 23.2978 1.4558 0.0015
Car 0.0000 0 0.8511 0.0000 187.0522 25.2740 236.9692 1.4549 1.5462 3.8660 -20.4042 1.6679 21.8373 0.1085 0.0015
Car 0.0000 0 -0.2546 971.0330 176.5776 1183.4685 242.4005 1.4387 1.6186 3.9120 10.9977 1.3546 16.8285 0.3172 0.0015
Car 0.0000 0 1.8466 586.1432 167.7421 644.1873 202.5508 1.4295 1.6392 3.5227 0.4844 0.9071 30.9550 1.8639 0.0015
Car 0.0000 0 1.6690 635.2100 172.3317 685.1342 211.1882 1.4291 1.6053 3.7809 2.2220 1.1302 28.0023 1.7490 0.0015
Car 0.0000 0 0.7838 972.9204 182.4018 1144.6556 241.9504 1.3119 1.4902 3.5581 11.0689 1.3659 17.5954 1.3388 0.0015
Car 0.0000 0 -1.7003 933.3942 170.5711 1048.4836 251.3099 1.5430 1.6889 3.7566 8.2894 1.3548 15.5615 -1.2177 0.0014
Car 0.0000 0 1.8227 559.4515 166.7461 621.9268 202.4969 1.4729 1.8297 3.9353 -0.5774 0.9077 31.2515 1.8063 0.0014
Car 0.0000 0 -1.6955 931.3182 168.8997 1046.2307 249.4511 1.5422 1.6950 3.9360 8.2953 1.3218 15.6721 -1.2154 0.0014
Car 0.0000 0 1.1832 456.4711 181.1789 576.4438 242.7008 1.4221 1.6364 4.2475 -2.4933 1.4437 18.6387 1.0541 0.0014
Car 0.0000 0 -0.4249 850.9743 179.5132 1084.4729 253.9437 1.4555 1.7158 3.9796 7.3721 1.4378 14.7422 0.0318 0.0014
Pedestrian 0.0000 0 3.0100 339.6029 163.5803 394.7631 263.0381 1.5434 0.4929 0.7849 -3.8703 1.2825 11.3598 2.6921 0.0014
Pedestrian 0.0000 0 -2.4740 0.0000 0.0000 1224.0000 370.0000 1.8079 0.6744 0.7508 4.5646 1.4106 -0.2940 -0.9084 0.0014
Car 0.0000 0 0.0138 949.3041 177.6415 1135.2249 237.9515 1.3890 1.7349 3.8673 10.9856 1.3248 18.0351 0.5547 0.0014
Car 0.0000 0 -1.4106 923.0350 166.7448 1045.3712 249.5502 1.5703 1.7037 4.6258 8.5299 1.3110 15.7601 -0.9213 0.0014
Car 0.0000 0 2.1788 0.0000 179.3512 15.6169 232.9337 1.5977 1.6606 4.2857 -21.8600 1.5650 23.3141 1.4341 0.0014
Car 0.0000 0 -2.9362 0.0000 0.0000 1224.0000 370.0000 1.4867 1.7554 3.6988 19.8449 0.4319 0.7697 -1.4191 0.0013
Car 0.0000 0 0.7778 0.0000 186.9330 37.2136 237.7735 1.4877 1.5669 4.0984 -20.1568 1.6952 21.7667 0.0397 0.0013
Car 0.0000 0 0.0482 986.2091 173.9840 1182.3373 238.4326 1.4247 1.6944 3.8496 11.6685 1.2823 17.4452 0.6310 0.0012
Car 0.0000 0 0.8180 0.0000 185.6535 27.3217 235.7297 1.4689 1.5517 3.7814 -20.3394 1.6364 21.8429 0.0771 0.0012
Car 0.0000 0 -2.2224 0.0000 0.0000 1224.0000 370.0000 1.4756 1.3948 3.4426 12.1679 0.8665 1.6932 -0.8145 0.0012
Car 0.0000 0 -1.6362 936.0078 169.9952 1039.8557 249.7068 1.5227 1.6896 4.3161 8.3590 1.3236 15.8169 -1.1566 0.0011
Car 0.0000 0 0.8628 989.8961 169.5470 1186.9329 239.3447 1.4581 1.6473 3.9722 11.2185 1.2309 16.8399 1.4434 0.0011
Car 0.0000 0 0.0747 959.3907 178.2752 1142.2297 238.0271 1.3689 1.7590 3.7918 11.2483 1.3196 18.0176 0.6264 0.0011
Car 0.0000 0 0.8497 977.7806 179.2744 1144.6016 241.3440 1.3744 1.5109 3.4938 11.0664 1.3489 17.4978 1.4070 0.0011
Car 0.0000 0 -0.3934 883.8065 170.2001 1145.9445 248.4003 1.5130 1.6891 4.4284 8.3174 1.3153 14.7618 0.1122 0.0011
Car 0.0000 0 2.2799 1135.4941 159.1098 1224.0000 219.9662 1.5534 1.6483 4.0686 16.8630 1.0090 19.1557 2.9951 0.0011
Car 0.0000 0 -0.3169 382.4056 183.4271 568.2141 246.5457 1.4046 1.6102 4.2648 -3.2286 1.4862 17.6072 -0.4934 0.0011
Pedestrian 0.0000 0 -2.2035 0.0000 0.0000 1224.0000 370.0000 1.7593 0.6637 0.7608 4.5555 1.3926 -0.2452 -0.6486 0.0011
Car 0.0000 0 -2.0198 1161.1262 159.8669 1224.0000 261.6423 1.4677 1.6840 4.0207 11.6122 1.1718 12.3597 -1.2767 0.0011
Car 0.0000 0 -2.0254 1157.1677 161.4370 1224.0000 258.5297 1.4514 1.6052 3.8504 11.6868 1.1681 12.6366 -1.2899 0.0010
Cyclist 0.0000 0 -0.7636 0.0000 164.3858 95.8266 254.5534 1.7127 0.4816 1.8909 -11.4369 1.4083 14.3960 -1.4224 0.0010
Cyclist 0.0000 0 0.6657 0.0000 0.0000 1224.0000 370.0000 1.6366 0.4927 1.7333 1.4177 1.7095 0.7533 1.5885 0.0010
Car 0.0000 0 -0.7939 0.0000 171.9063 19.2257 232.7532 1.6190 1.5762 3.4991 -19.3577 1.3919 20.5810 -1.5392 0.0010
Car 0.0000 0 0.8961 980.1417 179.2675 1144.8085 242.0843 1.3893 1.5315 3.5024 11.0705 1.3636 17.4604 1.4546 0.0010
Pedestrian 0.0000 0 -1.7471 1219.5940 158.6171 1224.0000 221.2249 1.5703 0.6435 0.6230 16.2448 1.0230 18.1619 -1.0244 0.0010
Car 0.0000 0 0.3922 963.3367 177.8548 1158.9266 241.9654 1.4083 1.6499 3.7261 11.1259 1.3518 17.5223 0.9514 0.0010
Car 0.0000 0 2.3454 1130.5071 158.7658 1224.0000 217.3176 1.5123 1.7187 3.9086 16.8312 0.9525 19.2788 3.0566 0.0010
Car 0.0000 0 1.1787 992.1294 171.0449 1144.5013 241.1307 1.4731 1.6652 3.7902 10.7999 1.2760 16.8655 1.7414 0.0010
Car 0.0000 0 0.8712 968.4979 184.1814 1130.9535 243.0437 1.2921 1.4101 3.6041 10.8691 1.3954 17.6405 1.4169 0.0009
Pedestrian 0.0000 0 -1.6547 665.8321 161.8668 678.6976 193.6034 1.7757 0.6660 0.7035 3.7854 0.7345 39.9099 -1.5591 0.0009
Car 0.0000 0 -1.0004 6.8225 145.2910 417.3356 355.0189 1.7012 1.7928 4.4386 -3.9225 1.4173 8.0496 -1.4365 0.0009
Pedestrian 0.0000 0 -1.6530 665.9263 162.0896 678.6924 193.4551 1.7559 0.6639 0.6761 3.7891 0.7267 39.9200 -1.5573 0.0009
Car 0.0000 0 -2.0172 896.4265 169.6522 1053.8048 244.5294 1.4706 1.6277 3.6644 7.9900 1.2592 15.7277 -1.5536 0.0009
Car 0.0000 0 0.7931 965.1910 181.4617 1145.7129 244.4044 1.3712 1.5147 3.7819 10.8829 1.3993 17.4716 1.3436 0.0009
Cyclist 0.0000 0 -2.2003 940.0085 161.8561 1019.4472 245.2082 1.5745 0.4843 1.7103 7.4589 1.2240 14.2335 -1.7251 0.0009
Car 0.0000 0 0.8927 966.8759 173.9847 1146.1046 243.1660 1.5033 1.6968 3.7385 10.8042 1.3634 17.3210 1.4438 0.0009
Car 0.0000 0 -2.0832 1153.6229 160.6938 1224.0000 257.7185 1.4418 1.6165 3.8468 11.6592 1.1491 12.5569 -1.3458 0.0009
Car 0.0000 0 -0.5785 919.1540 171.2494 1182.4772 248.0927 1.5207 1.8242 4.4616 9.2471 1.3393 14.9731 -0.0331 0.0009
Car 0.0000 0 -2.1994 0.0000 0.0000 1224.0000 370.0000 1.4559 1.5309 3.6185 12.3952 1.0107 1.7529 -0.7932 0.0009
Pedestrian 0.0000 0 -1.8259 967.2417 160.1770 1009.0134 247.2068 1.6655 0.5936 0.5599 7.4640 1.2782 13.8665 -1.3399 0.0009
Car 0.0000 0 1.7110 653.6808 172.3752 713.4373 213.5430 1.4658 1.6978 4.4991 3.1212 1.1781 27.5611 1.8242 0.0009
Car 0.0000 0 -1.9973 898.3477 169.9442 1051.8276 246.2627 1.5032 1.6408 3.5877 8.0061 1.2970 15.7450 -1.5334 0.0009
Pedestrian 0.0000 0 -0.4574 0.0000 0.0000 1224.0000 370.0000 1.8340 0.5554 0.5812 11.4917 1.1864 0.0634 1.0811 0.0009
Car 0.0000 0 -2.3243 855.9738 172.8581 1050.9384 248.0299 1.4690 1.7113 3.8833 7.5921 1.3213 15.9232 -1.8855 0.0008
Car 0.0000 0 -2.0138 891.8671 169.7703 1054.2128 244.8178 1.4745 1.6636 3.8888 7.9859 1.2653 15.8454 -1.5533 0.0008
Car 0.0000 0 -0.9105 907.0248 170.8308 1135.8774 248.9067 1.5082 1.8696 4.6315 9.0304 1.3230 15.3931 -0.3873 0.0008
Cyclist 0.0000 0 -1.7719 1199.6874 167.4637 1224.0000 267.7567 1.5478 0.3768 1.8497 10.3625 1.3483 11.8065 -1.0633 0.0006
Car 0.0000 0 1.0718 952.1877 174.3137 1133.4115 247.7511 1.5422 1.6952 4.5542 10.2879 1.4139 17.1488 1.6056 0.0006
Cyclist 0.0000 0 0.2692 666.1158 154.9487 705.4566 190.3726 1.9390 0.8194 2.0368 4.4998 0.5418 39.4585 0.3837 0.0006
Car 0.0000 0 -0.3010 0.0000 0.0000 1224.0000 370.0000 1.6028 1.4867 4.2194 -6.2866 1.5119 1.9006 -1.5300 0.0006
Cyclist 0.0000 0 -1.9497 968.6978 165.1227 1031.1575 251.2442 1.6403 0.4932 1.7012 7.9297 1.3491 14.3358 -1.4522 0.0006
Cyclist 0.0000 0 -1.1256 256.7642 180.9037 316.5516 256.6942 1.4909 0.4832 1.6018 -6.6376 1.5014 14.7201 -1.5394 0.0005
Pedestrian 0.0000 0 -1.8147 670.4948 156.6816 686.0482 189.1044 1.8128 0.7479 0.6070 4.1219 0.4825 39.8795 -1.7106 0.0004
Car 0.0000 0 -1.2337 206.6826 157.0484 409.7788 307.9918 1.6824 1.5299 2.9679 -3.7722 1.4227 9.3831 -1.6025 0.0004
Pedestrian 0.0000 0 -1.4298 671.2893 158.7649 687.1412 190.6079 1.7661 0.8031 0.6285 4.1518 0.5620 39.6128 -1.3243 0.0004
Pedestrian 0.0000 0 -1.8000 670.6984 156.6716 686.2072 189.3030 1.8239 0.7445 0.6367 4.1315 0.4934 39.8762 -1.6957 0.0003
Pedestrian 0.0000 0 -1.4414 671.2277 158.7257 687.2680 190.4449 1.7584 0.8170 0.6469 4.1524 0.5527 39.5999 -1.3359 0.0003
Pedestrian 0.0000 0 -1.3917 665.6025 164.5447 680.4410 193.9390 1.6305 0.7148 0.7031 3.8087 0.7469 39.6512 -1.2949 0.0003
Pedestrian 0.0000 0 -1.3645 665.5689 164.5317 680.7413 193.8058 1.6221 0.7224 0.6793 3.8116 0.7387 39.6062 -1.2675 0.0003