Pedestrian 0.0000 0 -0.6834 1017.2064 149.9090 1137.4948 303.9162 1.8382 0.6090 1.1161 5.8133 1.4748 8.8006 -0.1144 0.9309
Pedestrian 0.0000 0 -0.6864 1017.4865 148.0867 1138.7697 304.2353 1.8606 0.6161 1.1221 5.8163 1.4760 8.7912 -0.1167 0.9093
Pedestrian 0.0000 0 -0.7154 1018.4255 149.5865 1137.1995 303.8979 1.8364 0.6324 1.0854 5.8201 1.4702 8.8011 -0.1459 0.8806
Pedestrian 0.0000 0 -0.7216 1020.5581 148.1667 1136.4386 303.9619 1.8538 0.5937 1.0784 5.8187 1.4708 8.7830 -0.1513 0.8188
Pedestrian 0.0000 0 -0.7276 1018.2512 148.0410 1140.2418 304.5462 1.8640 0.6180 1.1488 5.8454 1.4791 8.8107 -0.1566 0.6994
Pedestrian 0.0000 0 -0.6640 1014.0404 148.0132 1134.3834 301.2555 1.8385 0.5724 1.1472 5.7872 1.4505 8.8189 -0.0980 0.6538
Pedestrian 0.0000 0 -0.7861 1019.7466 148.2107 1137.4487 302.9656 1.8391 0.6178 1.1181 5.8462 1.4571 8.8188 -0.2155 0.6269
Car 0.0000 0 -0.9493 0.0000 0.0000 1224.0000 370.0000 1.4651 1.5529 3.3954 1.9568 1.6118 0.2453 0.3402 0.4434
Car 0.0000 0 -1.7922 0.0000 0.0000 1224.0000 370.0000 1.5088 1.6127 4.2046 -2.5250 1.7024 0.4574 -3.0616 0.3893
Car 0.0000 0 4.4894 0.0000 0.0000 1224.0000 370.0000 1.5241 1.6156 4.2676 -2.4259 1.6857 0.0330 3.0661 0.3671
Car 0.0000 0 -0.8246 0.0000 0.0000 1224.0000 370.0000 1.4780 1.5413 3.4832 1.7527 1.5955 0.1399 0.4893 0.3665
Car 0.0000 0 4.4693 0.0000 0.0000 1224.0000 370.0000 1.5342 1.6210 4.3325 -2.5276 1.6983 0.0314 3.0395 0.3387
Car 0.0000 0 4.3738 0.0000 0.0000 1224.0000 370.0000 1.5589 1.6584 4.3686 -2.5578 1.7036 0.0934 2.9660 0.3283
Car 0.0000 0 4.4136 0.0000 0.0000 1224.0000 370.0000 1.5356 1.6339 4.2065 -2.5435 1.7009 0.4470 3.1384 0.3210
Car 0.0000 0 -0.8044 0.0000 0.0000 948.6213 370.0000 1.5301 1.5541 3.6631 1.7790 1.5962 -0.0589 0.6202 0.3109
Car 0.0000 0 -0.7184 0.0000 0.0000 708.7051 370.0000 1.4922 1.6213 3.9017 1.4952 1.6082 0.1841 0.5267 0.3089
Car 0.0000 0 -0.8500 0.0000 0.0000 1224.0000 370.0000 1.4688 1.5663 3.6472 1.8428 1.6209 0.4001 0.3482 0.2978
Car 0.0000 0 -0.0947 0.0000 0.0000 1224.0000 370.0000 1.5003 1.6053 3.8366 1.9420 1.5803 -0.1383 1.3824 0.2936
Car 0.0000 0 -0.0812 0.0000 0.0000 1224.0000 370.0000 1.4450 1.5395 3.6395 1.7780 1.6242 -0.0227 1.3235 0.2799
Car 0.0000 0 -0.0648 0.0000 0.0000 1224.0000 370.0000 1.4642 1.6109 3.7077 1.9320 1.6098 -0.0415 1.3626 0.2567
Car 0.0000 0 4.3565 228.9422 0.0000 1224.0000 370.0000 1.5945 1.6127 4.2349 -2.4547 1.7075 -0.2355 2.8230 0.2509
Car 0.0000 0 4.4002 0.0000 0.0000 1224.0000 370.0000 1.5691 1.6127 4.3029 -2.3560 1.6851 -0.2070 2.8803 0.2455
Car 0.0000 0 -0.7961 0.0000 0.0000 823.2783 370.0000 1.5098 1.5902 3.8328 1.5987 1.6010 -0.0405 0.6010 0.2271
Car 0.0000 0 -0.7225 0.0000 0.0000 619.9506 370.0000 1.5289 1.6258 4.2294 1.3364 1.6092 0.0707 0.5631 0.2231
Car 0.0000 0 -0.7623 0.0000 0.0000 1224.0000 370.0000 1.4895 1.5716 4.0142 1.1859 1.6598 0.3548 0.2906 0.2213
Car 0.0000 0 -0.1594 0.0000 0.0000 1224.0000 370.0000 1.4860 1.5830 3.5547 1.7871 1.6321 -0.0828 1.2791 0.2213
Pedestrian 0.0000 0 -1.5242 93.9779 170.5502 128.6048 266.7665 1.6946 0.4798 0.6589 -9.0130 1.5210 12.8543 -2.1224 0.2037
Car 0.0000 0 0.1624 0.0000 0.0000 1224.0000 370.0000 1.4393 1.5457 3.7814 1.7469 1.6127 0.2932 1.3955 0.1987
Car 0.0000 0 -0.7649 0.0000 0.0000 1224.0000 370.0000 1.4967 1.6150 4.2800 1.0370 1.6250 0.2733 0.2854 0.1953
Car 0.0000 0 4.4458 0.0000 0.0000 1224.0000 370.0000 1.5599 1.6033 4.2800 -2.2362 1.6935 -0.1533 2.9524 0.1908
Car 0.0000 0 -0.1388 0.0000 0.0000 1224.0000 370.0000 1.4859 1.5440 3.6466 1.7944 1.6071 -0.2099 1.3703 0.1659
Car 0.0000 0 -0.0381 0.0000 0.0000 1224.0000 370.0000 1.4585 1.5251 3.5661 1.6061 1.6304 -0.0770 1.3820 0.1657
Pedestrian 0.0000 0 1.3539 92.3485 170.3925 132.1985 266.3358 1.6943 0.4715 0.6551 -9.0226 1.5175 12.8773 0.7561 0.1609
Car 0.0000 0 -0.0676 0.0000 0.0000 1224.0000 370.0000 1.5036 1.5527 3.5130 1.6344 1.6087 -0.2679 1.4706 0.1602
Car 0.0000 0 0.4003 263.9393 0.0000 1224.0000 370.0000 1.5451 1.5625 3.4717 -1.0962 1.6314 -0.1791 -1.0377 0.1601
Car 0.0000 0 4.3645 0.0000 0.0000 1224.0000 370.0000 1.5693 1.6891 4.4451 -2.5887 1.7220 0.4144 3.0728 0.1563
Car 0.0000 0 -0.0648 0.0000 0.0000 1224.0000 370.0000 1.5246 1.6112 3.9157 1.9567 1.5825 -0.2166 1.4529 0.1557
Car 0.0000 0 -0.0177 0.0000 0.0000 1224.0000 370.0000 1.4793 1.5577 3.5294 1.6247 1.6166 -0.1203 1.4302 0.1491
Pedestrian 0.0000 0 -1.6180 85.3948 168.7407 120.6425 267.2477 1.7076 0.4907 0.6767 -9.0452 1.5054 12.6691 -2.2245 0.1313
Car 0.0000 0 -3.8168 0.0000 0.0000 1224.0000 370.0000 1.5276 1.6598 4.2032 0.4844 1.6176 0.2263 -3.0923 0.1209
Car 0.0000 0 -4.1248 0.0000 0.0000 1224.0000 370.0000 1.4927 1.5883 4.0526 1.5037 1.6599 0.6284 -3.1167 0.1122
Car 0.0000 0 2.6271 0.0000 0.0000 1224.0000 370.0000 1.5439 1.6247 4.2016 0.2516 1.6046 0.2619 3.0358 0.1109
Car 0.0000 0 -0.0051 0.0000 0.0000 1224.0000 370.0000 1.4694 1.5653 3.7025 1.1747 1.6394 -0.2880 1.5370 0.1104
Car 0.0000 0 1.2961 0.0000 0.0000 1224.0000 370.0000 1.4714 1.5788 4.0979 -2.1874 1.6841 0.4501 0.0667 0.1096
Car 0.0000 0 4.3491 0.0000 0.0000 1224.0000 370.0000 1.5618 1.6449 4.4120 -2.6613 1.6985 0.0663 2.9253 0.1082
Car 0.0000 0 0.4253 0.0000 0.0000 1224.0000 370.0000 1.4419 1.5380 3.6341 1.2183 1.6414 0.1612 1.6191 0.1078
Pedestrian 0.0000 0 1.3000 79.3504 169.2262 124.0735 266.9750 1.6951 0.4906 0.6963 -9.0653 1.5012 12.6672 0.6925 0.1074
Car 0.0000 0 0.2057 0.0000 0.0000 1224.0000 370.0000 1.4571 1.5786 3.6223 1.2654 1.6402 0.0129 1.5183 0.1070
Car 0.0000 0 2.6388 0.0000 0.0000 1224.0000 370.0000 1.5092 1.6142 4.1996 0.3366 1.6297 0.3685 3.0938 0.1064
Pedestrian 0.0000 0 0.6966 65.7259 172.0136 114.6496 266.6900 1.7005 0.4660 0.5555 -9.4680 1.5497 12.9486 0.0786 0.1035
Car 0.0000 0 2.4660 0.0000 0.0000 1224.0000 370.0000 1.5388 1.6341 4.1113 0.4073 1.6165 0.2147 3.1162 0.1034
Car 0.0000 0 0.4485 0.0000 0.0000 1224.0000 370.0000 1.4444 1.5584 3.9233 1.6960 1.5938 0.5134 1.5626 0.1017
Car 0.0000 0 3.4239 0.0000 0.0000 1224.0000 370.0000 1.5137 1.5662 4.0462 -0.2741 1.6173 0.1311 2.8845 0.1003
Car 0.0000 0 -2.2942 0.0000 0.0000 1224.0000 370.0000 1.4756 1.5386 3.9881 -0.7613 1.6404 0.3782 -3.1183 0.0954
Car 0.0000 0 -1.4571 0.0000 0.0000 1224.0000 370.0000 1.4697 1.5390 3.3768 5.2062 1.4622 0.3254 -0.0089 0.0931
Car 0.0000 0 2.6648 0.0000 0.0000 1224.0000 370.0000 1.6135 1.6304 4.0683 0.1675 1.5782 0.1396 3.0156 0.0914
Car 0.0000 0 -1.5268 0.0000 0.0000 1224.0000 370.0000 1.5195 1.4996 3.6566 5.1380 1.4886 0.1315 -0.0428 0.0903
Car 0.0000 0 2.7438 0.0000 0.0000 1224.0000 370.0000 1.5076 1.5962 4.1048 0.2347 1.6250 0.4268 3.0493 0.0898
Car 0.0000 0 2.2724 0.0000 0.0000 1224.0000 370.0000 1.5852 1.6516 4.1073 0.4084 1.6016 0.0750 3.0726 0.0885
Car 0.0000 0 0.2300 0.0000 0.0000 1224.0000 370.0000 1.4183 1.4906 3.5514 1.5243 1.6406 0.2088 1.4665 0.0868
Car 0.0000 0 4.3674 0.0000 0.0000 1224.0000 370.0000 1.5804 1.6165 4.2240 -2.6423 1.7138 -0.1669 2.8573 0.0850
Car 0.0000 0 2.7658 0.0000 0.0000 1224.0000 370.0000 1.5364 1.6125 4.1612 0.1140 1.5975 0.2036 2.9822 0.0824
Pedestrian 0.0000 0 0.3083 68.0910 171.3905 113.6604 266.9799 1.7096 0.4825 0.5525 -9.4566 1.5483 12.9542 -0.3089 0.0802
Car 0.0000 0 1.7220 0.0000 185.7139 7.2318 246.7425 1.5002 1.6098 4.2660 -18.3102 1.6655 19.9796 0.9897 0.0761
Car 0.0000 0 2.5352 0.0000 0.0000 1224.0000 370.0000 1.4819 1.5752 3.8133 0.6052 1.6487 0.5613 3.1370 0.0691
Car 0.0000 0 -3.4128 0.0000 0.0000 1224.0000 370.0000 1.4977 1.5450 4.1746 0.2946 1.6428 0.6036 -3.1031 0.0686
Car 0.0000 0 4.1600 555.2341 0.0000 1224.0000 370.0000 1.5464 1.6307 4.2564 -1.7630 1.6830 -0.1064 2.7132 0.0686
Pedestrian 0.0000 0 1.7429 111.9830 170.2465 150.0010 264.6190 1.6631 0.4617 0.6640 -8.6522 1.4841 12.8516 1.1635 0.0683
Car 0.0000 0 1.7528 0.0000 183.1414 8.3582 241.9726 1.4559 1.6247 4.3495 -18.3653 1.5407 19.9749 1.0190 0.0678
Car 0.0000 0 0.5887 0.0000 0.0000 1224.0000 370.0000 1.4109 1.5153 3.6101 1.4692 1.6321 0.4488 1.6772 0.0650
Car 0.0000 0 2.8571 0.0000 0.0000 1224.0000 370.0000 1.5098 1.5929 3.9714 0.0999 1.6401 0.4402 2.9893 0.0634
Car 0.0000 0 -4.1181 0.0000 0.0000 1224.0000 370.0000 1.5471 1.6663 4.2401 0.6743 1.5990 0.0233 -3.0204 0.0631
Car 0.0000 0 1.7197 0.0000 182.6489 8.2953 241.8448 1.4704 1.6528 4.2735 -18.2824 1.5394 19.9586 0.9878 0.0615
Car 0.0000 0 1.6970 0.0000 180.7151 7.8124 240.2860 1.4851 1.6511 4.4969 -18.2505 1.4934 19.9565 0.9659 0.0609
Car 0.0000 0 -3.7340 0.0000 0.0000 1224.0000 370.0000 1.5084 1.6629 4.2324 0.4476 1.6513 0.2858 -3.0985 0.0602
Car 0.0000 0 2.9715 0.0000 0.0000 1224.0000 370.0000 1.4995 1.5373 4.0548 0.1437 1.6218 0.5944 3.1291 0.0595
Car 0.0000 0 -3.1302 0.0000 0.0000 1224.0000 370.0000 1.5353 1.5913 4.1708 0.0094 1.6189 0.5927 -3.1176 0.0592
Cyclist 0.0000 0 3.4653 0.0000 0.0000 1224.0000 370.0000 1.6834 0.5918 1.8712 -1.7196 1.6215 -0.0558 2.0507 0.0580
Car 0.0000 0 -4.1643 0.0000 0.0000 1224.0000 370.0000 1.4861 1.5997 3.7455 1.8413 1.6460 0.6326 -3.0708 0.0557
Cyclist 0.0000 0 -2.5580 0.0000 0.0000 1224.0000 370.0000 1.5937 0.4540 1.8220 5.3354 1.4273 0.2829 -1.0990 0.0555
Car 0.0000 0 0.0516 412.7392 0.0000 1224.0000 370.0000 1.5613 1.6487 3.5113 -0.7364 1.6225 0.0393 -1.0593 0.0555
Car 0.0000 0 0.6560 0.0000 0.0000 1224.0000 370.0000 1.6294 1.6523 4.4286 -0.6108 1.6966 0.1037 -0.3034 0.0551
Car 0.0000 0 1.9463 0.0000 193.3975 26.2246 246.2857 1.3881 1.5164 3.5877 -19.2816 1.8164 21.4447 1.2229 0.0544
Car 0.0000 0 4.3683 0.0000 0.0000 1224.0000 370.0000 1.5195 1.5958 4.1613 -2.0098 1.6580 0.0732 2.9941 0.0522
Car 0.0000 0 3.1811 0.0000 0.0000 1224.0000 370.0000 1.5833 1.6656 3.9259 -0.1500 1.6224 0.0523 2.8048 0.0518
Car 0.0000 0 1.5675 0.0000 185.4386 11.3436 245.9315 1.4967 1.6328 4.3360 -17.9799 1.6531 20.0049 0.8450 0.0517
Car 0.0000 0 -0.3588 297.1544 0.0000 1224.0000 370.0000 1.4986 1.6242 3.4456 -0.6626 1.6515 0.1733 -1.2844 0.0514
Car 0.0000 0 2.7410 0.0000 0.0000 1224.0000 370.0000 1.4489 1.5033 3.4152 -1.3927 1.6619 0.0371 1.4252 0.0510
Car 0.0000 0 1.6203 0.0000 181.8553 7.5488 240.6751 1.4588 1.6343 4.4592 -17.9817 1.5028 19.8840 0.8947 0.0509
Cyclist 0.0000 0 -1.1249 54.0082 170.0049 134.9549 273.2671 1.6990 0.4705 1.6674 -9.0164 1.5280 12.4895 -1.7364 0.0498
Pedestrian 0.0000 0 1.2373 111.5518 170.7716 154.6146 265.2141 1.6654 0.4540 0.6961 -8.6287 1.4955 12.8558 0.6593 0.0495
Cyclist 0.0000 0 0.0626 0.0000 0.0000 1224.0000 370.0000 1.6939 0.5227 1.9314 -1.0998 1.5787 -0.0228 -1.2390 0.0472
Car 0.0000 0 1.9801 0.0000 182.4294 13.4616 240.4197 1.4535 1.5499 4.1314 -18.7304 1.5159 20.0687 1.2388 0.0459
Car 0.0000 0 3.0796 0.0000 0.0000 1224.0000 370.0000 1.5799 1.6180 4.0810 -0.0492 1.5738 0.0782 2.9628 0.0448
Car 0.0000 0 1.5912 0.0000 182.4235 8.0228 240.9264 1.4634 1.6777 4.3294 -18.0465 1.5254 20.0180 0.8672 0.0448
Car 0.0000 0 1.5348 0.0000 182.8081 7.0971 241.1827 1.4645 1.6487 4.1610 -18.1741 1.5380 19.9683 0.8061 0.0444
Car 0.0000 0 1.9523 0.0000 181.7578 13.1960 240.2961 1.4725 1.5710 4.0896 -18.6814 1.5137 20.0649 1.2122 0.0443
Car 0.0000 0 -0.8288 616.0552 0.0000 1224.0000 370.0000 1.4862 1.6182 3.6870 -0.2430 1.6293 0.7829 -1.0428 0.0440
Car 0.0000 0 1.6070 0.0000 182.2480 7.8549 241.3814 1.4749 1.6627 4.3379 -18.0207 1.5313 19.9634 0.8823 0.0403
Car 0.0000 0 0.2125 217.0618 0.0000 1224.0000 370.0000 1.5821 1.6795 3.5428 -0.7348 1.6153 -0.2513 -1.2585 0.0399
Car 0.0000 0 0.7127 0.0000 0.0000 1224.0000 370.0000 1.4237 1.6356 3.7422 1.1913 1.6420 0.4804 1.6916 0.0397
Pedestrian 0.0000 0 1.3268 101.7867 167.0009 144.1849 267.5475 1.7422 0.4841 0.6751 -8.6742 1.5099 12.6522 0.7392 0.0397
Car 0.0000 0 3.0492 0.0000 0.0000 1224.0000 370.0000 1.5369 1.6441 4.1480 -0.0522 1.6069 0.2236 2.9574 0.0392
Car 0.0000 0 -1.9969 0.0000 0.0000 1224.0000 370.0000 1.5717 1.5806 3.6301 5.5162 1.5613 -0.0979 -0.4655 0.0388
Car 0.0000 0 -2.3785 0.0000 0.0000 980.6559 370.0000 1.5218 1.7338 3.8376 0.7777 1.6834 0.6630 -1.7094 0.0383
Car 0.0000 0 -3.1288 0.0000 0.0000 1224.0000 370.0000 1.4386 1.6181 3.5659 9.6842 1.4349 -0.2295 -1.5663 0.0380
Car 0.0000 0 -0.1771 159.6000 0.0000 1224.0000 370.0000 1.4904 1.5488 3.5722 -1.0750 1.6223 0.1671 -1.3178 0.0376
Car 0.0000 0 -1.7785 0.0000 0.0000 1224.0000 370.0000 1.5492 1.5377 3.7393 5.2318 1.4622 -0.1543 -0.2386 0.0368
Cyclist 0.0000 0 0.9778 49.1289 171.1040 136.3597 269.6064 1.7315 0.4231 1.7056 -9.4164 1.5680 12.9231 0.3615 0.0364
Car 0.0000 0 1.9969 0.0000 178.6435 16.6806 239.1187 1.5232 1.6255 4.2240 -18.7281 1.4780 20.0632 1.2556 0.0360
Car 0.0000 0 -2.1168 1149.2263 153.9515 1224.0000 214.0312 1.5731 1.6350 3.9188 17.8869 0.8795 20.5740 -1.4072 0.0354
Car 0.0000 0 0.0881 0.0000 0.0000 1224.0000 370.0000 1.3752 1.5954 3.6352 9.6048 1.4177 0.1482 1.6113 0.0351
Car 0.0000 0 1.8574 0.0000 188.3199 27.5981 240.8584 1.4193 1.6368 3.9087 -19.5212 1.6859 21.8428 1.1370 0.0351
Car 0.0000 0 0.6180 0.0000 0.0000 1224.0000 370.0000 1.5833 1.7126 3.9854 -2.9549 1.6884 0.0644 -0.8207 0.0350
Car 0.0000 0 -1.6162 305.7648 0.0000 1224.0000 370.0000 1.5403 1.6882 3.7482 0.2516 1.6392 0.4844 -1.3123 0.0350
Car 0.0000 0 3.2136 0.0000 0.0000 1224.0000 370.0000 1.5374 1.6129 4.1870 -0.1413 1.6741 0.6391 3.0695 0.0346
Car 0.0000 0 -1.0394 0.0000 194.0086 27.0378 248.0959 1.3845 1.5487 3.6272 -19.1693 1.8240 20.9886 -1.7704 0.0344
Cyclist 0.0000 0 0.9655 0.0000 0.0000 1224.0000 370.0000 1.7438 0.6102 1.9625 -1.0203 1.6233 0.1636 -0.1579 0.0337
Car 0.0000 0 0.5291 315.2365 0.0000 1224.0000 370.0000 1.4586 1.6225 3.9633 0.7876 1.6168 -0.1748 1.9149 0.0320
Car 0.0000 0 -0.3602 292.4745 0.0000 1091.8395 370.0000 1.6079 1.6915 3.6936 -0.2637 1.5738 -0.1807 -1.4296 0.0314
Cyclist 0.0000 0 0.3234 0.0000 0.0000 1224.0000 370.0000 1.6676 0.5648 1.9895 -1.4014 1.5987 -0.0561 -1.0569 0.0307
Car 0.0000 0 2.8610 0.0000 0.0000 1224.0000 370.0000 1.4989 1.5833 4.0621 0.1438 1.6349 0.4255 3.0530 0.0299
Car 0.0000 0 -0.9055 0.0000 0.0000 1083.7810 370.0000 1.4969 1.6019 3.7166 -0.1605 1.6684 1.1482 -1.0124 0.0297
Cyclist 0.0000 0 0.0853 0.0000 0.0000 1224.0000 370.0000 1.6678 0.4889 1.8682 -1.3822 1.6483 0.2878 -1.0674 0.0297
Car 0.0000 0 3.1101 0.0000 0.0000 1224.0000 370.0000 1.4256 1.5102 3.4238 -1.8011 1.6926 0.1781 1.8124 0.0296
Car 0.0000 0 -2.9140 0.0000 0.0000 1224.0000 370.0000 1.3508 1.5241 3.6884 9.6889 1.2855 0.2531 -1.4012 0.0293
Car 0.0000 0 1.9518 0.0000 185.9950 11.7530 244.4504 1.4571 1.5114 3.9830 -18.7384 1.6319 20.1501 1.2122 0.0293
Car 0.0000 0 -0.3367 0.0000 0.0000 1224.0000 370.0000 1.5242 1.5911 3.7896 2.3278 1.5437 -0.2654 1.2105 0.0288
Car 0.0000 0 3.5657 0.0000 0.0000 1224.0000 370.0000 1.5427 1.6164 4.0368 -2.1773 1.6538 -0.2671 2.0224 0.0288
Car 0.0000 0 -1.7865 546.9409 0.0000 1224.0000 370.0000 1.5703 1.6840 3.9357 0.2792 1.5937 0.0109 -1.0877 0.0285
Pedestrian 0.0000 0 1.0516 1001.4427 216.5661 1098.6455 370.0000 1.2079 0.3755 0.5866 3.3248 1.5001 5.3943 1.5800 0.0284
Car 0.0000 0 -2.5600 375.8025 0.0000 1224.0000 370.0000 1.6380 1.7113 3.9205 0.3713 1.5489 -0.2008 -1.3068 0.0284
Car 0.0000 0 -1.2761 472.9337 0.0000 1224.0000 370.0000 1.4662 1.6761 3.8570 0.1620 1.6290 0.9977 -1.1521 0.0283
Cyclist 0.0000 0 -0.1144 153.5092 0.0000 1224.0000 370.0000 1.6779 0.4463 1.7901 -1.0789 1.6438 0.3777 -1.1070 0.0283
Car 0.0000 0 0.1031 0.0000 0.0000 1224.0000 370.0000 1.3672 1.5651 3.4559 9.6087 1.4126 0.1212 1.6291 0.0274
Car 0.0000 0 2.1295 0.0000 176.6061 14.3650 238.3930 1.5629 1.5907 4.0762 -18.9634 1.4660 20.0315 1.3812 0.0269
Car 0.0000 0 -0.9432 474.9694 0.0000 1224.0000 370.0000 1.5255 1.6718 3.6040 -0.2642 1.6657 0.4778 -1.2598 0.0267
Cyclist 0.0000 0 0.9706 0.0000 0.0000 1224.0000 370.0000 1.7553 0.6226 1.8684 -1.4824 1.6270 0.1190 -0.3083 0.0265
Car 0.0000 0 -1.7001 0.0000 0.0000 1224.0000 370.0000 1.4914 1.5241 3.4391 5.3519 1.4490 0.1316 -0.2127 0.0263
Cyclist 0.0000 0 -1.0071 1168.0531 155.5664 1224.0000 339.4106 1.6715 0.6362 1.8003 6.5082 1.4465 6.9759 -0.2772 0.0249
Car 0.0000 0 -0.9205 0.0000 184.6795 26.4678 239.5708 1.4529 1.5864 3.6562 -19.3043 1.5892 20.8873 -1.6573 0.0248
Cyclist 0.0000 0 -1.8568 0.0000 0.0000 1224.0000 370.0000 1.6395 0.5462 1.7819 5.2792 1.4214 0.3263 -0.4071 0.0245
Car 0.0000 0 -2.2661 0.0000 0.0000 910.8043 370.0000 1.4825 1.6390 3.6638 0.7146 1.6895 0.9400 -1.7498 0.0233
Car 0.0000 0 -0.9490 0.0000 187.7749 16.7700 242.2002 1.4149 1.4701 3.4081 -19.2071 1.6470 20.6301 -1.6893 0.0227
Car 0.0000 0 -2.9882 0.0000 0.0000 1224.0000 370.0000 1.4941 1.7481 3.5620 9.8305 1.4687 -0.1336 -1.4352 0.0221
Car 0.0000 0 -2.3174 1129.6185 153.7295 1224.0000 214.2173 1.5825 1.6371 3.9170 17.5043 0.8837 20.4870 -1.6164 0.0221
Car 0.0000 0 -2.5700 0.0000 0.0000 1224.0000 370.0000 1.4865 1.5027 3.3251 5.6817 1.3863 -0.1142 -1.0347 0.0220
Car 0.0000 0 -2.3981 1125.0872 154.7564 1224.0000 215.4013 1.5771 1.6457 3.9623 17.4521 0.9092 20.4520 -1.6977 0.0218
Car 0.0000 0 -1.5583 0.0000 0.0000 1224.0000 370.0000 1.4573 1.6370 3.7017 0.2371 1.6594 1.3601 -1.4167 0.0214
Pedestrian 0.0000 0 1.0935 97.8825 168.4540 148.4466 266.7253 1.7055 0.4771 0.7154 -8.6652 1.4981 12.6477 0.5063 0.0210
Car 0.0000 0 -1.7024 579.8845 162.4672 610.1284 186.8804 1.7429 1.7085 4.2741 -0.7797 0.4568 52.7102 -1.7153 0.0209
Cyclist 0.0000 0 -3.0466 0.0000 0.0000 1224.0000 370.0000 1.7116 0.3862 1.6985 7.1888 1.4307 0.8520 -1.6364 0.0203
Car 0.0000 0 1.9485 0.0000 190.7903 38.9388 245.1178 1.4666 1.5456 3.9027 -19.3885 1.8185 21.9728 1.2343 0.0199
Car 0.0000 0 3.5909 0.0000 0.0000 1224.0000 370.0000 1.5089 1.5893 3.9900 -2.2535 1.6834 -0.1185 2.1124 0.0199
Car 0.0000 0 -1.9943 0.0000 0.0000 1224.0000 370.0000 1.5361 1.5529 3.6359 5.2684 1.4591 -0.1811 -0.4491 0.0199
Cyclist 0.0000 0 1.9324 0.0000 0.0000 1224.0000 370.0000 2.0204 0.6342 1.8361 -4.2217 1.8154 -0.3253 0.3626 0.0198
Car 0.0000 0 -2.0460 743.9721 152.6842 787.0338 178.2828 2.0222 1.7528 4.1756 13.2368 -0.1892 58.4796 -1.8228 0.0196
Car 0.0000 0 -1.8614 1096.4797 163.3140 1217.3580 221.6874 1.4774 1.6068 3.8720 15.3908 1.0440 19.9854 -1.2112 0.0196
Car 0.0000 0 0.5695 0.0000 184.1411 116.0595 225.1249 1.4442 1.5058 3.9615 -20.5602 1.5844 26.0062 -0.0918 0.0194
Car 0.0000 0 -1.6193 582.4788 161.8894 608.0461 186.8456 1.7841 1.6996 4.3438 -0.7569 0.4549 52.7611 -1.6317 0.0193
Car 0.0000 0 -1.0174 1192.7407 151.4217 1224.0000 212.5597 1.5874 1.7179 3.8574 18.6904 0.8340 19.6861 -0.2643 0.0192
Car 0.0000 0 -1.5242 586.4108 161.7498 612.1774 186.9147 1.8011 1.7192 4.2955 -0.3794 0.4604 52.7824 -1.5295 0.0191
Car 0.0000 0 -1.8665 1093.3599 162.9575 1214.4138 221.8025 1.4951 1.6055 3.8868 15.3623 1.0510 20.0600 -1.2190 0.0191
Car 0.0000 0 -1.6248 587.1085 162.2629 613.2518 186.8123 1.7542 1.7232 4.2013 -0.3889 0.4523 52.6654 -1.6303 0.0190
Car 0.0000 0 -2.7153 0.0000 0.0000 1224.0000 370.0000 1.5718 1.5117 3.4563 5.8202 1.5514 -0.1621 -1.1707 0.0189
Car 0.0000 0 -1.4737 590.0693 159.4823 619.1713 184.5988 1.7914 1.7555 4.2604 0.0215 0.2936 52.6326 -1.4714 0.0188
Car 0.0000 0 -1.7946 726.1530 153.1348 758.8621 179.2394 2.0598 1.7305 4.2799 11.2785 -0.1064 58.1613 -1.6022 0.0186
Car 0.0000 0 -1.8706 743.7692 151.9471 780.7963 179.1330 2.1479 1.7815 4.3128 12.9315 -0.1158 58.3031 -1.6516 0.0185
Car 0.0000 0 -2.8286 0.0000 0.0000 1224.0000 370.0000 1.3853 1.6084 3.5675 9.7417 1.4135 0.1968 -1.3097 0.0180
Pedestrian 0.0000 0 3.4579 118.4747 170.0080 172.4210 263.9657 1.6665 0.4599 0.7128 -8.3847 1.4820 12.8463 2.8927 0.0180
Car 0.0000 0 -3.5190 0.0000 0.0000 1224.0000 370.0000 1.4971 1.6133 3.5792 0.8659 1.6970 1.0725 -2.9624 0.0179
Car 0.0000 0 -2.2503 1128.1931 153.1891 1224.0000 215.0218 1.6213 1.6935 4.0396 17.5078 0.9068 20.5707 -1.5512 0.0178
Car 0.0000 0 -2.0372 1163.4905 154.6460 1224.0000 214.9543 1.5555 1.6545 3.7572 17.9073 0.8903 20.2573 -1.3194 0.0178
Cyclist 0.0000 0 0.7142 57.4015 171.4412 158.4854 267.3758 1.7033 0.4316 1.6278 -9.0751 1.5441 12.8544 0.1128 0.0178
Car 0.0000 0 1.7649 724.0966 157.7594 755.1512 180.1490 1.8159 1.8427 3.9452 11.3952 -0.0295 59.5826 1.9547 0.0177
Car 0.0000 0 3.6144 0.0000 0.0000 1224.0000 370.0000 1.5956 1.6787 4.0152 -2.5287 1.6253 -0.1110 2.1292 0.0175
Cyclist 0.0000 0 0.5948 78.2201 169.7346 186.5457 265.2562 1.7052 0.4570 1.6777 -8.6264 1.5146 12.8595 0.0170 0.0175
Car 0.0000 0 -3.0135 0.0000 0.0000 1224.0000 370.0000 1.4840 1.6142 3.8648 0.2565 1.7204 1.1581 -2.8409 0.0173
Car 0.0000 0 -2.8611 514.2411 160.5016 614.1872 196.0253 1.5728 1.6860 4.3026 -1.8749 0.6888 32.6012 -2.9161 0.0173
Car 0.0000 0 1.7495 0.0000 180.8803 38.6012 240.1438 1.4932 1.6635 4.0899 -17.5080 1.5067 20.0217 1.0406 0.0171
Car 0.0000 0 -3.3398 0.0000 0.0000 1224.0000 370.0000 1.4811 1.6170 4.1864 0.6560 1.7027 1.0781 -2.9006 0.0171
Car 0.0000 0 -2.1010 743.0016 154.2163 787.0869 178.6142 1.9390 1.7632 4.0466 13.2573 -0.1613 58.7227 -1.8783 0.0171
Car 0.0000 0 -1.7560 1192.1826 155.0596 1224.0000 214.1377 1.5409 1.6237 3.4893 18.2617 0.8790 20.3506 -1.0307 0.0169
Car 0.0000 0 -1.7930 572.6458 162.1860 608.0316 187.2113 1.7823 1.7221 4.3340 -1.1316 0.4793 52.6617 -1.8126 0.0168
Car 0.0000 0 0.8261 80.1331 0.0000 1217.0378 370.0000 1.4591 1.6080 3.9331 0.7206 1.6955 0.2760 1.7046 0.0167
Car 0.0000 0 -1.7928 745.0016 151.9720 778.2298 179.3226 2.1742 1.7920 4.2315 12.9260 -0.0998 58.5040 -1.5747 0.0165
Car 0.0000 0 -1.7530 0.0000 0.0000 1224.0000 370.0000 1.5629 1.4967 3.0992 5.6667 1.5322 0.0470 -0.2459 0.0164
Car 0.0000 0 -1.4083 723.9724 158.1518 754.1329 180.1489 1.7913 1.8573 4.1843 11.4163 -0.0297 59.9324 -1.2193 0.0162
Car 0.0000 0 -1.0195 0.0000 186.6109 12.4012 243.6785 1.4553 1.4839 3.5953 -19.0657 1.6492 20.3400 -1.7631 0.0161
Car 0.0000 0 -3.2182 1117.4546 154.7444 1224.0000 214.5381 1.5594 1.6762 4.0915 17.2224 0.8893 20.3057 -2.5209 0.0161
Car 0.0000 0 3.3426 2.2438 0.0000 1224.0000 370.0000 1.4834 1.6152 3.6752 -2.1987 1.6835 0.3267 2.0608 0.0160
Car 0.0000 0 0.6919 1223.3723 152.6886 1224.0000 218.2670 1.5773 1.7344 3.6406 19.0471 0.9100 18.8965 1.4745 0.0160
Car 0.0000 0 -3.4744 1108.9332 154.8437 1224.0000 215.0749 1.5814 1.6545 4.0562 16.9292 0.9094 20.0515 -2.7793 0.0160
Pedestrian 0.0000 0 0.7090 1028.9116 165.2527 1082.0901 257.9373 1.4946 0.4029 0.6351 7.4422 1.2504 11.7606 1.2628 0.0159
Car 0.0000 0 1.9420 0.0000 187.9236 12.1884 244.0860 1.4191 1.5115 3.6576 -18.8177 1.6552 20.3609 1.2054 0.0159
Car 0.0000 0 0.3048 0.0000 183.1221 119.1336 224.4876 1.4498 1.5938 4.0737 -20.8126 1.5547 26.4156 -0.3550 0.0158
Car 0.0000 0 -3.0475 513.8286 159.6860 610.8776 195.3261 1.5779 1.6926 4.2729 -1.9099 0.6579 32.2233 -3.1042 0.0157
Car 0.0000 0 1.9034 0.0000 186.1633 34.8919 237.8917 1.4387 1.6039 3.7766 -19.5939 1.6342 22.1600 1.1882 0.0157
Car 0.0000 0 -1.3637 1199.6609 153.9429 1224.0000 215.0570 1.5802 1.6863 4.1742 18.6794 0.8951 20.1794 -0.6231 0.0156
Pedestrian 0.0000 0 1.0464 1003.4641 211.4267 1104.1143 370.0000 1.2660 0.3844 0.6065 3.3468 1.5168 5.3861 1.5784 0.0156
Car 0.0000 0 -1.6742 0.0000 0.0000 1224.0000 370.0000 1.6434 1.5511 3.6848 5.3926 1.5396 -0.2722 -0.1114 0.0154
Car 0.0000 0 -1.6941 726.9654 152.7236 755.2017 180.2982 2.1958 1.7822 4.2455 11.2340 -0.0161 58.5088 -1.5035 0.0152
Car 0.0000 0 -1.5194 727.0685 155.4572 751.9279 181.9639 2.1276 1.8250 4.1412 11.2673 0.1187 58.9756 -1.3298 0.0149
Car 0.0000 0 -2.6684 0.0000 0.0000 1224.0000 370.0000 1.5685 1.5263 3.5025 5.7919 1.5593 -0.1344 -1.1288 0.0148
Car 0.0000 0 -2.8608 519.3646 160.7327 616.3296 196.0264 1.5625 1.6945 4.1580 -1.7074 0.6889 32.5984 -2.9107 0.0148
Car 0.0000 0 -1.0433 0.0000 182.3929 8.0806 239.9047 1.4619 1.4823 3.7427 -18.9866 1.5226 20.0862 -1.7909 0.0147
Cyclist 0.0000 0 0.7630 28.0369 171.9878 125.1489 269.7023 1.7484 0.3961 1.6065 -9.7183 1.5977 12.9488 0.1326 0.0147
Car 0.0000 0 -1.2683 1207.8717 154.3879 1224.0000 215.6414 1.5987 1.7086 3.9355 19.1005 0.9188 20.1633 -0.5162 0.0147
Car 0.0000 0 -3.7481 1140.3528 154.9064 1224.0000 214.5398 1.5818 1.6607 3.8200 17.5457 0.9045 19.7889 -3.0291 0.0144
Car 0.0000 0 -2.0414 743.3883 155.7290 784.9791 178.2044 1.7919 1.8181 3.8728 13.2288 -0.1969 58.8981 -1.8198 0.0143
Car 0.0000 0 -1.4732 591.1745 161.6756 619.7158 184.9410 1.6566 1.7103 4.2360 0.0817 0.3175 52.5348 -1.4698 0.0143
Car 0.0000 0 -2.0809 1148.0681 153.6002 1224.0000 215.4042 1.6166 1.6803 4.0110 17.8778 0.9146 20.6213 -1.3726 0.0143
Car 0.0000 0 1.7045 0.0000 181.6828 29.8681 224.2497 1.4741 1.5693 3.9296 -23.0119 1.5237 26.6722 1.0002 0.0142
Car 0.0000 0 -1.4742 0.0000 180.7753 22.6903 223.8942 1.4907 1.6251 3.9765 -23.1467 1.5033 26.5590 -2.1834 0.0142
Car 0.0000 0 -1.6782 580.7919 164.4946 609.4757 187.7653 1.6603 1.6946 4.1998 -0.7668 0.5197 52.6283 -1.6909 0.0139
Cyclist 0.0000 0 -0.6863 402.7237 0.0000 1224.0000 370.0000 1.6827 0.4503 1.7837 -0.6296 1.6957 0.7414 -1.2189 0.0138
Car 0.0000 0 -0.3077 580.8035 163.9912 639.7408 185.7661 1.5577 1.6675 4.0153 0.3859 0.3780 51.9613 -0.2985 0.0138
Car 0.0000 0 -1.6548 587.1027 164.7086 614.2971 187.6083 1.6349 1.6846 4.1049 -0.3499 0.5088 52.5941 -1.6596 0.0138
Car 0.0000 0 1.7467 724.4932 156.4005 754.4158 180.7129 1.9692 1.8313 3.7905 11.3360 0.0185 59.3591 1.9362 0.0137
Car 0.0000 0 3.7211 24.3506 0.0000 1224.0000 370.0000 1.5988 1.7037 4.0432 -2.6692 1.7089 0.1715 2.3352 0.0137
Car 0.0000 0 0.3868 0.0000 182.5617 116.9193 224.0797 1.4589 1.5854 3.8611 -20.6809 1.5407 26.2509 -0.2729 0.0137
Car 0.0000 0 1.7029 0.0000 181.7384 30.9517 223.9680 1.4634 1.5666 3.9671 -22.9988 1.5154 26.7111 0.9996 0.0136
Car 0.0000 0 -1.8089 572.5243 164.0782 608.0518 187.5780 1.6715 1.6929 4.2158 -1.1313 0.5047 52.5387 -1.8285 0.0135
Car 0.0000 0 -1.8241 1181.0865 155.3732 1224.0000 215.0749 1.5710 1.5986 3.7769 18.3270 0.9114 20.6467 -1.1042 0.0135
Cyclist 0.0000 0 0.7500 64.2499 167.7324 171.6620 268.3947 1.7381 0.5218 1.6805 -8.7130 1.5193 12.5936 0.1583 0.0135
Car 0.0000 0 -2.7501 0.0000 0.0000 1224.0000 370.0000 1.3267 1.5477 3.7184 9.7213 1.2654 0.8814 -1.3012 0.0134
Car 0.0000 0 1.3045 740.8454 155.9892 775.0857 177.9383 1.7797 1.7829 4.2400 12.9484 -0.2241 59.9968 1.5179 0.0134
Car 0.0000 0 3.7017 0.0000 180.6750 31.4563 224.3108 1.4927 1.6401 4.1008 -23.4233 1.5008 25.3599 2.9640 0.0132
Car 0.0000 0 1.5093 0.0000 188.5596 3.9978 239.0333 1.3986 1.5895 3.9041 -20.1186 1.6748 22.1444 0.7806 0.0132
Car 0.0000 0 -2.7149 0.0000 0.0000 1224.0000 370.0000 1.5275 1.5731 3.6463 5.9030 1.5409 -0.1163 -1.1777 0.0132
Car 0.0000 0 -1.7248 744.0831 151.1965 774.2770 178.8582 2.1769 1.7664 4.4099 12.6508 -0.1391 58.1614 -1.5099 0.0131
Car 0.0000 0 1.8957 0.0000 186.1972 34.8537 237.7150 1.4396 1.5596 3.8166 -19.6504 1.6373 22.2702 1.1815 0.0130
Cyclist 0.0000 0 -1.3480 66.6863 171.4401 121.2958 271.9376 1.7114 0.4242 1.7029 -9.3398 1.5588 12.9038 -1.9611 0.0130
Car 0.0000 0 -0.3030 584.6126 160.4604 649.1539 183.1753 1.6236 1.7475 4.4260 0.8711 0.1925 51.9916 -0.2844 0.0129
Car 0.0000 0 -3.0353 521.0380 160.7402 614.1874 195.7224 1.5480 1.6833 4.0843 -1.6759 0.6751 32.2394 -3.0848 0.0129
Car 0.0000 0 -1.7093 748.1497 155.2680 778.1318 178.8990 1.8474 1.8047 4.3486 12.8992 -0.1348 57.8145 -1.4891 0.0128
Pedestrian 0.0000 0 3.6903 50.4925 176.9573 97.5200 270.0057 1.6776 0.4505 0.5338 -9.7941 1.6154 12.9894 3.0577 0.0128
Cyclist 0.0000 0 3.0708 0.0000 0.0000 1224.0000 370.0000 1.7107 0.5361 1.7775 -1.7216 1.6598 0.3012 1.8497 0.0128
Car 0.0000 0 -1.5338 1208.0381 154.6975 1224.0000 215.4184 1.5908 1.6290 3.5945 18.5666 0.9164 20.3761 -0.8010 0.0128
Car 0.0000 0 -0.2767 583.4149 163.0222 643.7341 185.3719 1.6003 1.6937 4.1287 0.6254 0.3501 51.9755 -0.2629 0.0127
Car 0.0000 0 -0.9845 0.0000 181.5045 9.3801 240.2285 1.4886 1.4758 3.8419 -18.9983 1.5214 20.0016 -1.7345 0.0127
Car 0.0000 0 -1.9094 746.5323 154.5573 785.6988 179.0108 1.9283 1.8065 4.3311 13.2399 -0.1263 58.2796 -1.6854 0.0126
Car 0.0000 0 -2.7023 522.1115 161.3285 617.8248 196.1232 1.5468 1.7073 4.1294 -1.6530 0.6960 33.0046 -2.7499 0.0125
Car 0.0000 0 1.8089 0.0000 180.8229 40.1283 223.6090 1.4905 1.5262 3.6413 -22.7449 1.5050 26.6246 1.1095 0.0124
Car 0.0000 0 -1.3686 1209.5667 153.5231 1224.0000 215.1029 1.6018 1.6811 4.0251 18.9854 0.9017 20.2416 -0.6214 0.0124
Car 0.0000 0 -0.0750 587.2126 160.8788 646.0502 183.5750 1.6272 1.7101 4.1824 0.8261 0.2218 51.6608 -0.0572 0.0124
Car 0.0000 0 2.0437 547.2665 160.9615 618.6832 197.5926 1.5284 1.6905 3.6696 -0.9362 0.7146 31.5155 2.0163 0.0124
Pedestrian 0.0000 0 0.7932 112.2939 169.6524 166.4328 265.6999 1.6792 0.4469 0.7032 -8.3740 1.4912 12.6519 0.2218 0.0123
Car 0.0000 0 0.6364 576.9807 164.7774 660.9167 199.0524 1.4619 1.6510 3.4829 0.5855 0.7928 31.8681 0.6565 0.0122
Car 0.0000 0 -1.5877 747.3196 152.2614 771.0057 179.1308 2.1235 1.8348 4.2102 12.7005 -0.1161 58.3465 -1.3727 0.0122
Car 0.0000 0 1.8329 0.0000 181.4063 48.4564 223.9024 1.4832 1.5445 3.9347 -22.7163 1.5218 26.8716 1.1386 0.0122
Car 0.0000 0 3.0275 585.5019 165.0724 640.2454 186.8274 1.5574 1.6780 3.8325 0.5570 0.4543 51.6417 3.0401 0.0122
Car 0.0000 0 -2.6623 0.0000 0.0000 1224.0000 370.0000 1.5179 1.5469 3.5616 5.6860 1.4444 -0.0466 -1.1388 0.0121
Car 0.0000 0 -1.5087 1205.8412 151.8716 1224.0000 216.8711 1.6940 1.7343 4.5064 18.8982 0.9495 20.6162 -0.7728 0.0121
Car 0.0000 0 -1.8617 571.2219 164.2746 609.2609 187.8336 1.6754 1.7151 4.1177 -1.1339 0.5228 52.5000 -1.8813 0.0120
Car 0.0000 0 -0.8253 0.0000 183.2535 19.6803 239.6633 1.4738 1.5191 3.6487 -19.2514 1.5622 20.4699 -1.5706 0.0118
Cyclist 0.0000 0 -0.7064 10.3427 175.4561 122.4866 277.7737 1.7201 0.4140 1.7546 -9.7210 1.6370 12.7831 -1.3429 0.0118
Car 0.0000 0 0.5221 0.0000 186.0452 120.2249 227.6636 1.4604 1.5757 4.1183 -20.6198 1.6754 26.1523 -0.1380 0.0116
Car 0.0000 0 -1.8845 745.0236 156.9417 780.7068 178.6720 1.7519 1.8129 3.8734 13.2229 -0.1575 59.3516 -1.6646 0.0116
Car 0.0000 0 -1.6228 747.0760 154.2846 772.3471 178.7700 1.9067 1.7907 4.2011 12.5766 -0.1451 57.5872 -1.4070 0.0116
Cyclist 0.0000 0 0.0679 0.0000 0.0000 1224.0000 370.0000 1.6390 0.5013 1.9634 1.7166 1.6463 0.2967 1.2936 0.0115
Car 0.0000 0 1.7090 0.0000 187.3272 20.9120 239.0107 1.4388 1.6560 4.0985 -19.9141 1.6778 22.4184 0.9913 0.0115
Car 0.0000 0 -1.9962 977.4866 145.5726 1224.0000 337.5674 1.7336 1.7692 4.0489 6.0915 1.4199 8.5287 -1.3917 0.0114
Car 0.0000 0 -2.4273 1143.7871 156.0907 1224.0000 216.5786 1.5168 1.7462 4.1288 17.7387 0.9063 19.8884 -1.7052 0.0114
Car 0.0000 0 1.8664 0.0000 180.5127 57.1106 222.7593 1.4833 1.5810 4.2191 -22.6689 1.4853 27.0719 1.1768 0.0114
Pedestrian 0.0000 0 -2.9857 535.0593 171.0872 566.6558 266.1484 1.7566 0.4834 0.5255 -1.0588 1.5843 13.3224 -3.0615 0.0112
Car 0.0000 0 -2.7197 0.0000 0.0000 1224.0000 370.0000 1.5271 1.4658 3.3265 5.7933 1.4694 -0.2254 -1.1644 0.0112
Car 0.0000 0 1.8197 0.0000 180.9018 43.5001 223.6015 1.4903 1.5242 3.7751 -22.7456 1.5082 26.7418 1.1225 0.0110
Car 0.0000 0 1.4285 746.0754 156.9653 774.6791 180.1563 1.8630 1.7885 3.8882 12.9113 -0.0284 58.8601 1.6451 0.0109
Car 0.0000 0 -2.4044 0.0000 181.5424 37.8142 223.1945 1.4657 1.6382 4.0413 -23.3592 1.5064 25.7525 -3.1333 0.0109
Car 0.0000 0 1.7110 0.0000 187.0243 21.9310 238.8276 1.4455 1.6655 4.0753 -19.8998 1.6740 22.4305 0.9940 0.0109
Car 0.0000 0 -1.7624 578.9152 165.5365 611.7994 188.4919 1.6356 1.7025 4.0508 -0.7508 0.5707 52.5297 -1.7748 0.0109
Car 0.0000 0 -2.8633 0.0000 0.0000 1224.0000 370.0000 1.5612 1.4793 3.2422 5.9478 1.6056 -0.1011 -1.3283 0.0108
Car 0.0000 0 3.5319 0.0000 180.3889 39.9787 224.5427 1.4920 1.6401 4.1904 -23.1750 1.4898 25.3624 2.7995 0.0107
Car 0.0000 0 -1.1685 1205.3157 153.9320 1224.0000 214.4500 1.5727 1.6759 3.7870 18.9392 0.8839 19.8984 -0.4141 0.0107
Pedestrian 0.0000 0 2.4133 826.0065 167.1158 870.6471 262.3665 1.6023 0.4767 0.5524 4.1582 1.3788 12.2174 2.7352 0.0106
Car 0.0000 0 1.8304 0.0000 180.6839 45.6270 223.2139 1.4877 1.5263 3.7604 -22.7068 1.4967 26.7707 1.1346 0.0106
Car 0.0000 0 2.3501 1152.2224 159.3959 1224.0000 214.9280 1.4609 1.5061 3.5691 17.3569 0.9073 19.4710 3.0717 0.0105
Pedestrian 0.0000 0 -2.6272 532.4422 174.1584 570.0685 266.2508 1.6939 0.4485 0.5590 -1.0539 1.5789 13.3221 -2.7026 0.0104
Car 0.0000 0 1.2857 603.0690 162.2062 663.5642 197.5834 1.4848 1.6896 3.8565 1.1812 0.7185 31.7466 1.3244 0.0103
Car 0.0000 0 3.1095 514.4725 159.0683 611.6920 195.5686 1.5945 1.6847 4.2683 -1.9250 0.6597 31.9126 3.0518 0.0103
Car 0.0000 0 1.4616 746.2421 157.8508 773.7736 179.5835 1.7477 1.8369 3.8107 12.9169 -0.0779 59.0167 1.6778 0.0103
Car 0.0000 0 -1.1604 590.0816 161.4417 632.7498 184.5572 1.6389 1.6804 4.0393 0.5274 0.2889 52.3115 -1.1485 0.0102
Car 0.0000 0 0.1605 595.7378 158.1597 688.1102 194.5370 1.5752 1.6544 3.9401 1.6693 0.6093 31.8377 0.2143 0.0102
Car 0.0000 0 3.0490 583.8615 166.9432 641.3386 188.2638 1.5262 1.7154 4.0558 0.5335 0.5571 51.6269 3.0611 0.0100
Car 0.0000 0 0.5907 582.2773 163.5498 671.5090 198.6092 1.4780 1.6096 3.7098 0.9303 0.7649 31.5361 0.6218 0.0100
Pedestrian 0.0000 0 -2.9046 812.8976 167.7298 853.1774 262.7663 1.5985 0.4459 0.5774 3.9017 1.3853 12.2270 -2.6015 0.0099
Car 0.0000 0 1.4603 745.5991 156.4368 773.4702 178.9786 1.8171 1.8546 3.9745 12.9472 -0.1310 59.3439 1.6758 0.0098
Car 0.0000 0 -1.4175 1207.3334 155.1035 1224.0000 218.4425 1.6612 1.6882 4.0251 18.9840 0.9967 20.4566 -0.6755 0.0097
Cyclist 0.0000 0 -0.3834 230.4631 0.0000 1224.0000 370.0000 1.6401 0.4373 1.7626 -1.0553 1.7421 0.7180 -1.1744 0.0097
Car 0.0000 0 2.7097 0.0000 0.0000 1224.0000 370.0000 1.4744 1.5526 3.5228 -9.9166 1.3168 0.1685 1.1903 0.0097
Car 0.0000 0 1.6343 0.0000 185.7567 10.0140 236.5399 1.4250 1.6797 4.2671 -20.1695 1.6101 22.4913 0.9120 0.0096
Car 0.0000 0 1.5843 0.0000 185.7859 3.2029 237.5878 1.4427 1.6866 4.2101 -20.1172 1.6267 22.2673 0.8584 0.0096
Car 0.0000 0 -1.4426 0.0000 179.7899 27.5385 223.0981 1.4918 1.6561 3.7583 -22.8891 1.4688 26.3757 -2.1496 0.0096
Car 0.0000 0 -1.2686 572.9498 164.4291 631.3740 197.8818 1.5034 1.7415 3.7883 -0.0883 0.7826 33.8368 -1.2693 0.0096
Car 0.0000 0 -1.5745 611.2618 164.1670 649.5466 196.8092 1.4111 1.6553 3.3372 1.1326 0.7065 32.2542 -1.5379 0.0095
Car 0.0000 0 1.7071 0.0000 185.9040 20.3769 237.3625 1.4405 1.6450 4.1291 -19.9249 1.6300 22.4211 0.9893 0.0095
Car 0.0000 0 -0.4803 1211.3905 152.6684 1224.0000 215.2929 1.6056 1.6540 3.5037 19.1768 0.8936 19.4193 0.2923 0.0095
Car 0.0000 0 3.1106 533.6059 161.9567 621.4772 195.6148 1.4744 1.6409 3.8648 -1.2760 0.6636 31.9180 3.0730 0.0095
Car 0.0000 0 2.0248 0.0000 180.9856 66.7659 223.6600 1.4984 1.5304 3.8666 -22.3895 1.5198 26.9255 1.3386 0.0094
Car 0.0000 0 -1.6308 742.3074 151.8567 767.4164 179.3438 2.1651 1.7680 4.1391 12.2815 -0.0973 58.0513 -1.4215 0.0093
Car 0.0000 0 2.0620 0.0000 180.9553 73.8031 222.6985 1.4720 1.5470 3.9985 -22.3380 1.4923 27.0825 1.3798 0.0093
Car 0.0000 0 1.6236 0.0000 185.4053 12.5141 235.2847 1.4128 1.6884 4.1918 -20.1696 1.5863 22.6172 0.9040 0.0093
Car 0.0000 0 -2.9066 0.0000 0.0000 1224.0000 370.0000 1.5127 1.4691 3.2634 5.9330 1.5606 -0.1690 -1.3603 0.0093
Car 0.0000 0 -2.7929 528.4916 162.9028 621.4845 196.9841 1.5090 1.6889 3.9596 -1.3930 0.7313 32.7058 -2.8331 0.0093
Cyclist 0.0000 0 -0.8626 0.0000 166.5006 27.7363 250.1436 1.6716 0.3467 1.6211 -13.0747 1.3935 14.9362 -1.5693 0.0092
Car 0.0000 0 -1.5482 609.3493 163.7612 648.9403 196.6558 1.4281 1.7210 3.6213 1.1349 0.7028 32.5485 -1.5117 0.0092
Car 0.0000 0 2.2413 0.0000 180.8153 90.3534 222.4469 1.4806 1.5238 3.9783 -22.0018 1.4951 27.1611 1.5679 0.0092
Cyclist 0.0000 0 -0.6831 56.6733 168.0321 171.7304 273.9718 1.7414 0.5173 1.7271 -8.6766 1.5381 12.5190 -1.2756 0.0092
Car 0.0000 0 -2.5728 0.0000 0.0000 1224.0000 370.0000 1.3819 1.5997 3.9956 9.8638 1.3034 0.6634 -1.1003 0.0092
Car 0.0000 0 2.0540 0.0000 179.0316 24.7171 229.5612 1.5139 1.6574 4.3963 -21.5053 1.4714 23.5127 1.3217 0.0091
Car 0.0000 0 2.7418 0.0000 0.0000 1224.0000 370.0000 1.4749 1.5334 3.1882 -9.8887 1.3673 0.1575 1.2213 0.0091
Car 0.0000 0 -2.8775 0.0000 0.0000 1224.0000 370.0000 1.5461 1.4819 3.2475 5.9655 1.6073 -0.0965 -1.3432 0.0091
Car 0.0000 0 3.0844 520.9195 160.5387 614.9340 196.1910 1.5555 1.6752 4.1332 -1.7254 0.6861 31.9006 3.0328 0.0090
Car 0.0000 0 3.6468 0.0000 176.3111 24.6152 223.1015 1.5742 1.7062 4.1903 -23.5628 1.4348 25.1095 2.9012 0.0090
Cyclist 0.0000 0 3.7525 0.0000 0.0000 1224.0000 370.0000 1.6955 0.5984 1.7699 -1.4060 1.7174 0.4050 2.6610 0.0089
Car 0.0000 0 -2.9241 529.0162 161.6594 620.6701 195.7765 1.5034 1.6697 3.9174 -1.3663 0.6746 32.3189 -2.9640 0.0089
Car 0.0000 0 -2.9516 538.8829 161.6947 623.4005 195.4281 1.4918 1.6711 3.6166 -1.0788 0.6616 32.3736 -2.9827 0.0088
Pedestrian 0.0000 0 -1.2381 775.1525 173.3455 801.6994 237.2505 1.5787 0.5263 0.4623 4.5827 1.4036 17.8001 -0.9887 0.0088
Car 0.0000 0 -4.2573 0.0000 0.0000 1224.0000 370.0000 1.4423 1.7042 3.6967 10.0377 1.3966 0.0815 -2.7254 0.0088
Car 0.0000 0 1.0969 1071.1368 168.1927 1210.4050 224.6321 1.4512 1.5876 3.7574 15.0487 1.1364 20.1574 1.7323 0.0086
Car 0.0000 0 2.2464 534.5070 158.3312 619.2422 195.8386 1.5773 1.7405 3.9146 -1.2220 0.6465 31.8185 2.2104 0.0086
Car 0.0000 0 2.8185 517.6436 159.0091 618.0874 195.3615 1.5443 1.6545 4.1691 -1.6780 0.6328 31.5621 2.7678 0.0086
Car 0.0000 0 -1.8124 728.6766 152.7258 761.9923 179.3963 2.1136 1.7412 4.1857 11.5463 -0.0932 58.3350 -1.6162 0.0085
Car 0.0000 0 -1.5375 572.6457 163.1442 611.1336 197.7435 1.5622 1.7094 3.8381 -0.5925 0.7800 33.8526 -1.5530 0.0085
Car 0.0000 0 0.4095 586.0062 163.1828 667.7589 196.8963 1.4482 1.5531 3.3303 0.9640 0.7058 31.7801 0.4415 0.0084
Car 0.0000 0 -1.7071 609.5814 162.3262 656.8945 196.0258 1.4411 1.6609 3.6484 1.2065 0.6654 32.1265 -1.6680 0.0083
Car 0.0000 0 1.4958 0.0000 186.8575 9.7723 237.6654 1.4247 1.6464 4.1314 -20.2020 1.6456 22.3576 0.7698 0.0083
Pedestrian 0.0000 0 3.3848 50.0950 177.8697 94.2013 272.2508 1.6906 0.4555 0.5503 -9.8161 1.6451 12.9753 2.7505 0.0082
Car 0.0000 0 3.7672 0.0000 179.3898 27.2341 223.7934 1.5225 1.7160 4.2055 -23.6182 1.4860 25.3357 3.0249 0.0082
Cyclist 0.0000 0 0.5735 87.0496 170.5435 191.2393 264.1278 1.6704 0.4362 1.6068 -8.4881 1.4944 12.8355 0.0024 0.0082
Car 0.0000 0 -1.7878 603.5078 166.8632 654.2705 198.7915 1.3969 1.6475 3.4192 1.0342 0.8017 32.7597 -1.7547 0.0082
Pedestrian 0.0000 0 0.7570 532.2838 171.8191 571.4014 267.8472 1.7238 0.4822 0.5348 -1.0240 1.5696 13.0430 0.6821 0.0082
Car 0.0000 0 1.7775 725.1597 158.9633 756.1016 180.6840 1.7735 1.8448 3.7170 11.5183 0.0162 59.7960 1.9686 0.0081
Car 0.0000 0 0.4382 567.6895 166.1487 653.4454 198.7292 1.4065 1.6416 3.5202 0.2320 0.7885 32.0206 0.4473 0.0081
Car 0.0000 0 -1.6633 0.0000 0.0000 1224.0000 370.0000 1.4102 1.6108 4.0330 16.0685 0.8385 0.3475 -0.1329 0.0081
Car 0.0000 0 0.0105 547.3444 166.4492 644.4033 199.8013 1.5236 1.8330 4.4339 -0.4359 0.8832 33.2117 -0.0007 0.0080
Car 0.0000 0 1.3125 591.1071 165.3955 647.2336 199.6118 1.4366 1.6450 3.5711 0.5531 0.8039 31.6114 1.3317 0.0080
Car 0.0000 0 1.2875 598.9003 165.0397 656.8821 200.7407 1.4839 1.6375 3.5285 0.9319 0.8428 31.2965 1.3188 0.0080
Car 0.0000 0 -1.9953 1189.9189 152.2935 1224.0000 214.3952 1.6206 1.7073 4.1213 19.0854 0.8861 20.6695 -1.2558 0.0080
Car 0.0000 0 -0.6838 1216.3610 152.8020 1224.0000 216.5602 1.6663 1.6890 3.9431 19.6103 0.9440 19.5069 0.0977 0.0079
Cyclist 0.0000 0 -1.6546 745.6500 158.4951 752.0157 179.7909 1.7759 0.3751 1.8471 12.2115 -0.0599 59.9590 -1.4529 0.0079
Car 0.0000 0 -3.0161 0.0000 0.0000 1224.0000 370.0000 1.5279 1.7727 3.6449 20.6672 0.1362 0.5594 -1.4867 0.0078
Car 0.0000 0 -0.9557 552.0394 164.1622 631.8076 199.2147 1.5048 1.7382 3.8739 -0.5558 0.8049 32.4378 -0.9708 0.0078
Car 0.0000 0 -3.0498 0.0000 0.0000 1224.0000 370.0000 1.6799 1.7213 4.1858 21.5089 0.0975 1.6590 -1.5696 0.0077
Car 0.0000 0 1.5108 588.4858 166.1633 613.0087 188.0907 1.5662 1.5877 3.9598 -0.3415 0.5435 52.5246 1.5062 0.0077
Car 0.0000 0 0.0271 575.2393 166.0330 660.4592 199.4003 1.4666 1.7357 3.7569 0.5818 0.8322 32.0262 0.0469 0.0076
Car 0.0000 0 -1.8672 1175.0232 153.4078 1224.0000 215.3989 1.6215 1.6566 3.9525 18.2785 0.9145 20.6318 -1.1482 0.0076
Car 0.0000 0 -1.0369 1209.8560 156.8038 1224.0000 216.5067 1.5677 1.6295 3.8582 19.2681 0.9471 19.8663 -0.2732 0.0076
Car 0.0000 0 -2.8137 527.3383 162.3104 622.6349 196.6231 1.5185 1.6626 4.0809 -1.3900 0.7150 32.6622 -2.8539 0.0076
Car 0.0000 0 2.1722 0.0000 181.2780 81.7037 223.5662 1.4927 1.5250 3.8092 -22.0593 1.5260 26.9815 1.4943 0.0076
Pedestrian 0.0000 0 0.5929 532.6636 174.5898 573.3652 268.4187 1.6846 0.4688 0.5873 -1.0009 1.5802 13.0389 0.5198 0.0076
Car 0.0000 0 1.3033 590.5417 166.2204 646.1074 200.8260 1.4564 1.6365 3.4024 0.5194 0.8569 31.6030 1.3214 0.0075
Car 0.0000 0 1.3283 591.0508 166.6098 646.5674 200.9631 1.4449 1.6802 3.5267 0.5385 0.8622 31.6393 1.3470 0.0075
Car 0.0000 0 0.3320 542.6151 164.6976 643.1826 199.4829 1.5222 1.7418 4.2786 -0.5620 0.8322 32.4300 0.3167 0.0075
Car 0.0000 0 -0.6942 1213.7323 151.9623 1224.0000 217.1268 1.7037 1.7174 4.2430 19.7168 0.9592 19.5254 0.0895 0.0074
Car 0.0000 0 -2.6036 1109.9919 155.5840 1224.0000 216.0320 1.5672 1.6574 4.0126 17.2135 0.9228 20.4945 -1.9110 0.0074
Car 0.0000 0 1.9509 0.0000 181.7445 55.5040 223.8629 1.4652 1.4931 3.5625 -22.3830 1.5170 26.6289 1.2595 0.0074
Car 0.0000 0 0.3238 566.8719 166.8677 651.3445 198.8826 1.3903 1.6333 3.4900 0.1796 0.7998 32.0407 0.3313 0.0074
Car 0.0000 0 -1.7984 553.0724 162.1537 605.2948 196.7208 1.5293 1.6276 3.8643 -1.2961 0.7191 33.3525 -1.8350 0.0073
Car 0.0000 0 1.4460 582.1036 168.3881 608.1090 190.0741 1.5463 1.4959 3.5201 -0.7540 0.6840 52.2570 1.4334 0.0073
Car 0.0000 0 1.9814 0.0000 181.1473 62.6077 223.7265 1.4929 1.5334 3.7320 -22.3887 1.5208 26.8495 1.2939 0.0073
Car 0.0000 0 -2.3577 0.0000 180.4142 33.8441 222.6644 1.4816 1.7214 4.1919 -23.5806 1.4801 25.7548 -3.0912 0.0072
Car 0.0000 0 -0.0236 591.8221 162.2349 674.9112 196.5511 1.5174 1.7149 3.6757 1.2484 0.7112 32.1484 0.0168 0.0072
Car 0.0000 0 -0.9651 1206.7079 155.2544 1224.0000 217.8039 1.6527 1.6796 3.9936 19.3893 0.9873 19.8953 -0.1990 0.0072
Cyclist 0.0000 0 -1.6694 746.2582 160.0594 753.0016 179.9221 1.6473 0.3970 1.6315 12.1880 -0.0481 59.5151 -1.4666 0.0071
Car 0.0000 0 0.3748 562.3904 166.4550 646.2432 198.5545 1.3966 1.6527 3.4489 -0.0417 0.7870 32.1597 0.3754 0.0071
Car 0.0000 0 3.1302 509.7924 159.2117 609.2835 195.3990 1.5832 1.6752 4.3668 -2.0696 0.6533 31.9238 3.0681 0.0071
Car 0.0000 0 -2.9362 0.0000 0.0000 1224.0000 370.0000 1.5926 1.8219 3.6946 20.2772 0.3889 -0.2164 -1.3694 0.0071
Car 0.0000 0 -4.6094 0.0000 0.0000 1224.0000 370.0000 1.5364 1.6503 3.7812 19.4378 0.5265 -0.2773 -3.0397 0.0070
Car 0.0000 0 -1.1823 1207.6995 154.2033 1224.0000 216.7947 1.6401 1.6924 4.0909 19.2851 0.9526 20.1359 -0.4248 0.0070
Car 0.0000 0 -1.5995 1209.0010 152.9838 1224.0000 214.6350 1.6131 1.6544 3.8720 18.5929 0.8947 20.5074 -0.8691 0.0070
Car 0.0000 0 2.0365 545.7281 159.5359 615.7473 196.5778 1.5354 1.6239 3.6561 -1.0290 0.6679 31.3033 2.0059 0.0070
Car 0.0000 0 2.6697 530.3167 160.7302 621.0105 196.3517 1.5107 1.6299 3.7159 -1.3181 0.6738 31.6008 2.6303 0.0070
Pedestrian 0.0000 0 2.8169 827.4918 173.8750 866.7537 263.4222 1.5208 0.4466 0.5246 4.1383 1.4100 12.2278 3.1371 0.0070
Car 0.0000 0 1.0572 591.0425 160.7567 666.7109 198.5016 1.5479 1.6758 3.7776 0.9599 0.7397 31.0537 1.0897 0.0070
Car 0.0000 0 1.7390 590.6352 163.9704 621.2102 186.0860 1.5754 1.6188 3.9879 0.1157 0.3992 52.4635 1.7431 0.0069
Car 0.0000 0 -3.0556 0.0000 0.0000 1224.0000 370.0000 1.5951 1.7796 3.6204 20.6170 0.3640 0.2785 -1.5128 0.0069
Car 0.0000 0 0.5942 0.0000 187.1995 114.5418 228.5405 1.4588 1.5415 3.9163 -20.6866 1.7165 26.1378 -0.0677 0.0069
Pedestrian 0.0000 0 1.2924 50.3118 167.1700 86.6824 248.7479 1.6400 0.4621 0.5721 -11.0982 1.3737 14.5667 0.6537 0.0069
Cyclist 0.0000 0 -2.3825 968.1230 163.0970 1068.7633 255.1092 1.5467 0.4363 1.7305 7.3729 1.2558 12.7718 -1.8679 0.0069
Car 0.0000 0 0.3221 555.9781 167.3715 647.5059 200.8966 1.4579 1.7140 3.8166 -0.1530 0.8885 32.1551 0.3193 0.0069
Car 0.0000 0 0.2757 566.4538 166.7504 654.2175 199.8947 1.4426 1.7025 3.6595 0.2423 0.8456 32.1007 0.2850 0.0068
Car 0.0000 0 -1.1290 558.4850 162.6965 627.6334 198.5332 1.5603 1.7073 3.9026 -0.5041 0.7866 32.9090 -1.1422 0.0068
Car 0.0000 0 2.3481 0.0000 182.9334 94.8173 224.5406 1.4539 1.4896 3.7555 -21.6497 1.5546 26.8754 1.6775 0.0068
Car 0.0000 0 -2.6389 0.0000 0.0000 1224.0000 370.0000 1.6124 1.7264 3.8007 21.0436 -0.0136 0.6382 -1.1126 0.0068
Car 0.0000 0 1.9409 0.0000 181.2280 59.0264 223.9721 1.4915 1.5396 3.7656 -22.4003 1.5226 26.7636 1.2515 0.0068
Car 0.0000 0 1.2646 1093.4215 165.9067 1210.9152 223.0546 1.4653 1.5634 3.6958 15.3787 1.0927 20.1266 1.9111 0.0068
Car 0.0000 0 -2.6342 1110.7966 156.8256 1224.0000 216.4725 1.5414 1.6375 4.0075 17.1995 0.9312 20.4308 -1.9405 0.0067
Cyclist 0.0000 0 -1.4660 0.0000 170.3781 21.3706 251.3494 1.6174 0.3617 1.7094 -12.7139 1.4169 14.9301 -2.1591 0.0067
Car 0.0000 0 -0.0625 584.9971 167.1238 674.9921 200.0987 1.4661 1.8722 4.0122 1.0720 0.8728 32.4225 -0.0279 0.0067
Car 0.0000 0 -0.3820 0.0000 0.0000 1224.0000 370.0000 1.4562 1.6603 4.3618 -26.4989 1.6539 1.6661 -1.8763 0.0067
Cyclist 0.0000 0 -1.0816 88.7787 170.3634 174.3520 269.6023 1.6823 0.5067 1.7733 -8.6210 1.5121 12.8865 -1.6581 0.0067
Car 0.0000 0 -1.5308 606.4809 164.4956 646.3001 196.4011 1.4361 1.7484 3.6431 1.0524 0.7172 33.7013 -1.4980 0.0067
Car 0.0000 0 -4.6904 0.0000 0.0000 1224.0000 370.0000 1.5254 1.6067 3.6109 19.6247 0.4111 -0.2794 -3.1206 0.0066
Car 0.0000 0 -3.3240 1098.8241 153.8582 1224.0000 215.9901 1.6325 1.6558 4.4199 16.9829 0.9341 20.3684 -2.6351 0.0066
Car 0.0000 0 0.3775 564.8348 166.5125 643.1599 199.8235 1.4529 1.6059 3.1974 -0.0556 0.8443 32.1703 0.3776 0.0065
Car 0.0000 0 -0.7763 0.0000 136.2350 310.5393 370.0000 1.9086 1.8911 4.7463 -5.7676 1.5525 8.2257 -1.3681 0.0065
Car 0.0000 0 -2.9265 542.1460 165.0192 631.9470 197.8220 1.4966 1.6787 3.9813 -0.8385 0.7918 33.4575 -2.9494 0.0065
Pedestrian 0.0000 0 -1.5928 0.0000 0.0000 1224.0000 370.0000 1.6739 0.6027 0.6795 3.7425 1.6556 0.1257 -0.1398 0.0065
Car 0.0000 0 -1.7201 563.0833 162.0609 610.9448 197.7980 1.5839 1.6843 3.9818 -0.9292 0.7682 33.4401 -1.7457 0.0064
Car 0.0000 0 -2.9125 0.0000 0.0000 1224.0000 370.0000 1.6592 1.8318 3.7529 20.6570 0.4001 -0.1496 -1.3489 0.0064
Car 0.0000 0 0.6400 581.6329 165.4722 660.9839 198.9915 1.4257 1.5810 3.2559 0.6905 0.7880 31.6929 0.6634 0.0064
Car 0.0000 0 -2.2096 1205.9106 157.4819 1224.0000 217.6830 1.5177 1.7665 3.6473 19.0308 0.9390 19.7372 -1.4488 0.0064
Car 0.0000 0 -2.0696 1149.8011 154.1701 1224.0000 215.5079 1.6096 1.6297 3.9069 17.8634 0.9203 20.6296 -1.3620 0.0063
Car 0.0000 0 0.4685 0.0000 181.6639 120.8253 223.5552 1.4516 1.5256 3.8139 -20.0904 1.4972 25.6626 -0.1880 0.0063
Car 0.0000 0 -1.0007 555.0891 162.6821 630.6555 198.0864 1.5264 1.7076 3.7694 -0.5148 0.7597 32.5289 -1.0145 0.0063
Car 0.0000 0 0.2608 541.2200 166.1237 632.5268 198.8316 1.4420 1.5884 3.9053 -0.8289 0.8097 32.3984 0.2373 0.0063
Car 0.0000 0 1.5951 745.8896 157.7574 768.4736 180.0911 1.7884 1.7418 3.7566 12.6812 -0.0339 58.7190 1.8085 0.0063
Car 0.0000 0 1.6289 728.9883 159.3421 753.0564 181.3956 1.7967 1.7838 3.5989 11.5027 0.0742 59.5638 1.8205 0.0063
Car 0.0000 0 1.3677 600.1276 165.9561 652.3400 201.5044 1.4880 1.6564 3.4237 0.8672 0.8807 31.4207 1.3969 0.0062
Car 0.0000 0 1.2855 0.0000 0.0000 1224.0000 370.0000 1.4965 1.4356 3.6434 -5.1451 1.7281 -0.0991 -0.2401 0.0062
Car 0.0000 0 2.2599 546.1584 160.6650 627.0838 196.6577 1.5419 1.7241 3.7108 -0.8047 0.6937 32.2759 2.2371 0.0062
Car 0.0000 0 1.3721 742.8962 157.2492 773.3480 179.6383 1.8140 1.7404 4.0168 12.8512 -0.0738 59.4594 1.5857 0.0062
Car 0.0000 0 -2.8760 625.5330 154.8064 701.8788 185.4995 1.7224 1.7220 4.1250 3.4189 0.2820 41.1889 -2.7919 0.0062
Car 0.0000 0 1.9764 700.1847 162.8499 776.6108 203.0006 1.4739 1.5844 3.8448 5.3192 0.8275 27.9867 2.1640 0.0062
Car 0.0000 0 2.8220 509.3814 157.8380 614.5203 195.0338 1.5793 1.6584 4.3925 -1.9405 0.6186 31.5974 2.7633 0.0062
Car 0.0000 0 -1.7891 552.1968 160.7313 604.9542 195.7121 1.5329 1.6474 3.9480 -1.3181 0.6681 33.0976 -1.8266 0.0061
Car 0.0000 0 2.1163 0.0000 181.5562 75.2111 223.7667 1.4783 1.4930 3.7336 -22.0599 1.5227 26.8043 1.4352 0.0061
Car 0.0000 0 -1.6035 608.3157 167.1622 648.4232 199.2418 1.3873 1.7142 3.3019 0.9998 0.8120 32.2222 -1.5709 0.0061
Car 0.0000 0 1.4298 602.9909 165.6369 650.2615 199.7326 1.4526 1.6603 3.4366 0.9034 0.8209 31.9176 1.4597 0.0060
Cyclist 0.0000 0 -0.9317 60.7364 169.7643 146.9171 270.7871 1.7897 0.3729 1.7078 -9.4795 1.6011 13.3807 -1.5353 0.0060
Car 0.0000 0 0.6945 0.0000 186.1781 116.4663 227.9971 1.4685 1.5639 4.1133 -20.5012 1.6849 25.9023 0.0326 0.0060
Car 0.0000 0 -1.1091 555.9564 163.0009 623.7656 197.6939 1.4837 1.7098 3.4788 -0.6498 0.7368 32.1706 -1.1272 0.0060
Car 0.0000 0 2.1267 0.0000 182.6831 72.9324 223.9803 1.4381 1.4575 3.6347 -22.0471 1.5279 26.7113 1.4442 0.0060
Car 0.0000 0 3.0556 540.9378 165.4833 629.8884 198.1282 1.4818 1.6377 4.0405 -0.9722 0.8016 33.1308 3.0285 0.0060
Car 0.0000 0 0.6408 577.0165 166.0620 658.0358 198.8776 1.3967 1.5760 3.3609 0.5199 0.7837 31.7412 0.6589 0.0059
Car 0.0000 0 1.3740 587.8658 167.7224 637.4895 200.9822 1.3973 1.5863 3.3152 0.2703 0.8620 31.4754 1.3843 0.0059
Car 0.0000 0 -1.4883 0.0000 0.0000 1224.0000 370.0000 1.2784 1.5704 3.7323 10.1159 1.4819 -0.1467 0.0665 0.0059
Car 0.0000 0 2.3201 0.0000 182.2578 96.2774 224.5017 1.4841 1.5096 3.8432 -21.6749 1.5576 26.9740 1.6506 0.0059
Cyclist 0.0000 0 -1.3561 0.0000 169.1590 11.3721 252.2200 1.6298 0.3398 1.5088 -12.7361 1.4089 14.6146 -2.0604 0.0059
Car 0.0000 0 -1.3679 788.3008 150.0720 828.5082 180.3985 1.9352 1.7480 4.3808 13.7041 -0.0059 47.4757 -1.0868 0.0059
Car 0.0000 0 -2.7462 0.0000 0.0000 1224.0000 370.0000 1.6039 1.7383 3.7319 20.7682 0.0211 0.8358 -1.2300 0.0059
Car 0.0000 0 -2.7322 540.8557 164.4112 632.6729 197.9880 1.4753 1.6328 3.8987 -0.8563 0.7699 32.5513 -2.7563 0.0059
Pedestrian 0.0000 0 1.1846 54.3065 173.7882 103.2851 275.3755 1.7613 0.4758 0.7104 -9.4569 1.6466 12.6435 0.5561 0.0059
Pedestrian 0.0000 0 -0.7899 995.9802 157.6950 1069.4642 288.3516 1.7621 0.4791 0.7675 5.9140 1.4562 9.8613 -0.2622 0.0058
Car 0.0000 0 -0.0488 545.2526 165.3370 632.7708 198.5933 1.4648 1.6024 3.8756 -0.7753 0.7984 32.0737 -0.0708 0.0058
Car 0.0000 0 -1.3273 671.0459 146.8355 718.6532 184.3272 2.0691 1.7612 4.3551 5.3078 0.2126 41.3637 -1.1987 0.0057
Car 0.0000 0 -4.3136 0.0000 0.0000 1224.0000 370.0000 1.5027 1.6676 3.6945 9.8102 1.3832 0.1083 -2.7853 0.0057
Car 0.0000 0 0.8671 1213.6276 153.3402 1224.0000 217.7407 1.4908 1.5960 3.8577 18.1256 0.8637 18.3412 1.6395 0.0056
Car 0.0000 0 -0.1850 567.3374 167.4339 669.9319 200.9847 1.4660 1.8915 4.3954 0.5608 0.8965 32.1853 -0.1659 0.0056
Car 0.0000 0 -2.7852 0.0000 0.0000 1224.0000 370.0000 1.6590 1.7263 4.0501 21.1194 0.2909 1.7658 -1.3117 0.0056
Car 0.0000 0 -1.6279 546.1803 159.9453 585.9330 195.6684 1.5386 1.6039 3.7756 -1.8541 0.6548 32.4126 -1.6825 0.0056
Car 0.0000 0 -4.4282 0.0000 0.0000 1224.0000 370.0000 1.4758 1.7786 4.3144 9.8390 1.2782 0.7405 -2.9637 0.0055
Car 0.0000 0 2.1309 0.0000 180.9583 77.8186 223.4152 1.4941 1.5177 3.7803 -22.0678 1.5143 26.8862 1.4511 0.0055
Car 0.0000 0 -0.8092 0.0000 179.9548 13.4672 237.1411 1.4933 1.4878 3.6242 -19.2740 1.4806 20.2780 -1.5596 0.0055
Pedestrian 0.0000 0 2.7210 674.6583 164.4529 702.3024 232.6748 1.7160 0.5296 0.5326 2.0988 1.3140 18.1124 2.8361 0.0055
Car 0.0000 0 -1.7794 542.8066 160.4255 594.8928 196.3638 1.5556 1.6385 3.8460 -1.7493 0.6881 32.6683 -1.8305 0.0055
Pedestrian 0.0000 0 2.1554 993.6578 168.5139 1063.5925 296.0610 1.7014 0.4842 0.7902 5.8368 1.5432 9.8198 2.6792 0.0055
Car 0.0000 0 -2.7469 1110.1497 159.6740 1224.0000 218.6967 1.5091 1.6648 4.1378 17.1998 0.9782 20.2932 -2.0499 0.0054
Car 0.0000 0 2.1675 546.2932 162.3993 625.1595 197.4671 1.4850 1.7288 3.7973 -0.8285 0.7200 31.9997 2.1438 0.0054
Car 0.0000 0 0.7395 139.4781 191.7265 265.4246 233.9418 1.4730 1.7298 4.0223 -15.1692 1.9184 26.6538 0.2287 0.0053
Car 0.0000 0 -1.3046 788.2499 152.1227 831.2458 179.9221 1.7670 1.7205 4.1867 13.7302 -0.0392 47.2653 -1.0218 0.0053
Car 0.0000 0 -2.7236 526.8163 163.2491 621.2220 197.2531 1.5190 1.7033 4.0788 -1.4660 0.7498 33.1210 -2.7655 0.0053
Car 0.0000 0 -2.4594 0.0000 0.0000 1224.0000 370.0000 1.6581 1.7249 3.8061 21.0197 -0.0570 0.9863 -0.9497 0.0053
Car 0.0000 0 -1.5523 793.7157 148.1721 822.4147 180.2863 2.0522 1.7739 4.6397 13.7382 -0.0139 47.6901 -1.2717 0.0053
Pedestrian 0.0000 0 -0.2495 828.5542 154.9954 844.9880 188.1294 1.7953 0.7665 0.6855 12.6760 0.4148 38.7102 0.0664 0.0053
Car 0.0000 0 1.4266 596.2350 166.0580 648.0171 200.9715 1.4727 1.7867 3.8656 0.6861 0.8650 31.8456 1.4498 0.0053
Car 0.0000 0 2.0776 0.0000 187.9252 88.2190 246.2477 1.4272 1.6987 4.5355 -17.0295 1.6669 20.2873 1.3886 0.0053
Car 0.0000 0 -2.5210 0.0000 0.0000 1224.0000 370.0000 1.6429 1.6867 3.8592 21.0216 0.0533 1.2739 -1.0248 0.0052
Car 0.0000 0 1.5448 494.9089 180.4078 563.1580 242.1366 1.3449 1.4888 3.8059 -1.9559 1.3445 17.3850 1.4366 0.0052
Car 0.0000 0 -4.6705 0.0000 0.0000 1224.0000 370.0000 1.3258 1.3504 3.2688 15.6180 1.2140 -0.1940 -3.1065 0.0052
Car 0.0000 0 -2.3079 1126.9255 154.3838 1224.0000 216.1796 1.6155 1.6243 3.9718 17.4310 0.9344 20.4952 -1.6092 0.0051
Car 0.0000 0 -1.3158 557.6514 160.8511 613.1429 197.7332 1.6004 1.6835 3.6723 -0.8610 0.7493 32.6559 -1.3400 0.0051
Car 0.0000 0 -4.4191 0.0000 0.0000 1224.0000 370.0000 1.4293 1.5475 4.1237 16.2225 1.0220 -0.2195 -2.8533 0.0051
Car 0.0000 0 -2.6027 0.0000 0.0000 1224.0000 370.0000 1.6719 1.6916 3.9720 21.0214 0.0661 1.4232 -1.1135 0.0051
Car 0.0000 0 2.6539 0.0000 0.0000 1224.0000 370.0000 1.4696 1.6334 4.1800 -26.3366 1.6284 1.5240 1.1548 0.0050
Car 0.0000 0 -1.5720 1215.7701 149.2902 1224.0000 215.2526 1.7260 1.6999 4.2560 18.9925 0.9110 20.6436 -0.8343 0.0050
Car 0.0000 0 2.0167 553.1651 165.1420 619.8976 199.7781 1.4632 1.6203 3.5609 -0.7895 0.8159 31.8209 1.9940 0.0050
Car 0.0000 0 0.2575 658.7718 151.7919 739.4300 182.6787 1.6946 1.7356 4.2676 5.3693 0.1209 40.4028 0.3906 0.0050
Car 0.0000 0 -1.8564 1176.4094 153.8201 1224.0000 215.7885 1.6197 1.6273 3.8838 18.2283 0.9239 20.5795 -1.1376 0.0050
Car 0.0000 0 -1.3504 547.9144 159.3996 601.1993 195.8094 1.5584 1.6232 3.8398 -1.3435 0.6567 32.2921 -1.3896 0.0050
Car 0.0000 0 2.0082 0.0000 180.1357 27.1858 228.7363 1.4587 1.6267 4.2480 -21.2494 1.4494 23.4847 1.2812 0.0050
Car 0.0000 0 3.0575 575.8195 165.5659 665.4253 197.3898 1.4560 1.6315 4.0935 0.6748 0.7742 33.2858 3.0795 0.0049
Car 0.0000 0 -1.5430 0.0000 0.0000 1224.0000 370.0000 1.3499 1.5548 3.8074 16.0547 1.0862 0.0266 0.0074 0.0049
Car 0.0000 0 0.1787 635.3945 155.7358 710.3371 185.3453 1.6548 1.7247 4.0730 3.9330 0.2722 40.8948 0.2758 0.0049
Car 0.0000 0 1.3262 0.0000 187.9820 11.9037 238.7738 1.4289 1.5992 3.8159 -20.2864 1.6829 22.1247 0.5929 0.0049
Pedestrian 0.0000 0 2.1970 819.6700 167.4781 866.0339 265.0109 1.6600 0.4825 0.6540 4.1342 1.4400 12.4164 2.5125 0.0049
Car 0.0000 0 -1.3883 0.0000 0.0000 1224.0000 370.0000 1.3693 1.5130 3.6093 15.9092 1.0520 -0.2216 0.1775 0.0049
Cyclist 0.0000 0 0.7066 43.2809 169.6212 154.6162 269.0551 1.7302 0.5015 1.7111 -9.0743 1.5425 12.6303 0.0972 0.0049
Car 0.0000 0 2.6158 0.0000 0.0000 1224.0000 370.0000 1.4794 1.6186 3.9500 -26.3657 1.6623 1.6487 1.1212 0.0049
Pedestrian 0.0000 0 2.8243 674.5626 162.6489 701.7503 231.9324 1.7465 0.5252 0.5552 2.0923 1.2981 18.1317 2.9390 0.0049
Car 0.0000 0 1.0883 0.0000 189.1144 19.5735 237.9638 1.3874 1.5432 3.7097 -20.2639 1.6727 21.9195 0.3510 0.0048
Car 0.0000 0 1.4753 598.0836 165.0191 642.1333 201.0848 1.4966 1.6034 3.5512 0.5928 0.8557 31.1655 1.4960 0.0048
Car 0.0000 0 -2.4399 0.0000 194.3691 126.5203 243.1434 1.4610 1.6454 3.9156 -17.8144 1.9236 22.5939 -3.0992 0.0048
Car 0.0000 0 -1.4899 541.8948 159.4766 583.9181 195.7809 1.5492 1.5902 3.8625 -1.8743 0.6535 32.1167 -1.5457 0.0048
Car 0.0000 0 2.8975 0.0000 0.0000 1224.0000 370.0000 1.5316 1.7212 4.6699 -26.8496 1.6248 1.9636 1.4132 0.0048
Pedestrian 0.0000 0 3.2033 66.9870 180.5451 106.7129 276.1925 1.7410 0.6127 0.5594 -9.7624 1.7435 13.2731 2.5821 0.0048
Car 0.0000 0 -1.5096 0.0000 0.0000 1224.0000 370.0000 1.3420 1.5031 3.5236 15.9002 1.0593 -0.1013 0.0486 0.0048
Car 0.0000 0 1.9678 553.3193 162.4339 618.3339 198.7513 1.5234 1.6626 3.5337 -0.8148 0.7671 31.6012 1.9442 0.0048
Car 0.0000 0 1.9624 552.7243 163.3536 618.6462 199.7706 1.5258 1.6842 3.6264 -0.8184 0.8089 31.6141 1.9387 0.0047
Car 0.0000 0 -1.8644 548.7034 159.7711 606.9669 195.8461 1.5683 1.6365 3.9195 -1.3455 0.6686 32.8522 -1.9030 0.0047
Car 0.0000 0 0.0410 654.8311 151.8127 728.8918 182.7721 1.7333 1.7624 4.1537 5.0228 0.1286 40.7903 0.1645 0.0047
Car 0.0000 0 -2.5030 0.0000 0.0000 1224.0000 370.0000 1.3739 1.5642 3.5986 10.0482 1.2457 1.1078 -1.0722 0.0047
Car 0.0000 0 -1.5089 0.0000 0.0000 1224.0000 370.0000 1.3338 1.6633 3.8568 10.2068 1.3772 0.7378 -0.0403 0.0046
Car 0.0000 0 -1.5524 566.1955 160.5329 603.3101 196.2317 1.5741 1.6365 3.8696 -0.9270 0.6951 33.1116 -1.5782 0.0046
Car 0.0000 0 1.4681 745.4685 158.2789 771.2601 180.0800 1.7557 1.7254 3.7293 12.7708 -0.0350 58.9612 1.6821 0.0046
Car 0.0000 0 2.2596 31.0484 195.5903 163.3362 239.1352 1.4050 1.6692 4.2849 -18.8919 2.0198 26.5329 1.6480 0.0046
Car 0.0000 0 1.8571 696.5752 161.8932 762.4056 201.9663 1.4774 1.5644 3.8151 4.9910 0.7929 28.1184 2.0327 0.0046
Car 0.0000 0 -0.8119 1223.4039 152.8317 1224.0000 217.9278 1.7116 1.7096 4.3741 19.9261 0.9857 19.4884 -0.0220 0.0046
Car 0.0000 0 0.2245 646.9128 154.9523 719.4485 184.8069 1.6619 1.7387 3.8718 4.5154 0.2411 40.8138 0.3358 0.0046
Car 0.0000 0 1.2749 0.0000 186.5797 15.3041 238.0001 1.4545 1.6134 3.8110 -20.2444 1.6602 22.0638 0.5414 0.0046
Car 0.0000 0 -0.9472 1201.0719 154.0065 1224.0000 218.4279 1.7007 1.7162 4.2380 19.3639 1.0028 19.8870 -0.1815 0.0046
Pedestrian 0.0000 0 -0.6878 827.7122 154.8543 845.2025 187.1199 1.7472 0.7049 0.5982 12.6635 0.3599 38.7185 -0.3723 0.0046
Car 0.0000 0 1.2554 584.6458 166.9328 641.1797 199.6614 1.3784 1.5682 3.3224 0.2803 0.8085 31.5930 1.2661 0.0046
Car 0.0000 0 1.2003 1162.3329 151.7017 1224.0000 250.9064 1.4846 1.6162 3.9793 11.7313 1.0553 12.7227 1.9344 0.0045
Car 0.0000 0 -0.9616 0.0000 189.2312 101.2276 250.2283 1.4883 1.8229 4.8973 -17.1323 1.7738 20.4782 -1.6490 0.0045
Car 0.0000 0 1.7102 730.6562 158.5758 760.0300 180.5598 1.7803 1.8432 4.3249 11.8838 0.0061 59.5983 1.9079 0.0044
Car 0.0000 0 -1.5470 605.0397 166.3110 644.7533 199.6490 1.4266 1.7017 3.6060 0.9281 0.8209 32.0965 -1.5165 0.0044
Car 0.0000 0 -2.8002 400.7428 168.3406 564.8217 226.8111 1.6022 1.6736 4.4008 -3.5404 1.2706 20.5772 -2.9662 0.0044
Pedestrian 0.0000 0 0.1629 743.8137 158.8342 754.3472 181.2834 1.8761 0.8290 0.7455 12.1658 0.0667 59.6037 0.3650 0.0044
Car 0.0000 0 -0.0672 595.4290 165.3598 686.0623 198.6175 1.4830 1.8343 4.0405 1.5673 0.8093 32.4756 -0.0176 0.0044
Car 0.0000 0 -4.6833 0.0000 0.0000 1224.0000 370.0000 1.3301 1.3371 3.2779 15.2822 1.2208 -0.1516 -3.1223 0.0044
Car 0.0000 0 2.9249 0.0000 0.0000 1224.0000 370.0000 1.5283 1.7202 4.3710 -26.7648 1.6097 1.5283 1.4248 0.0044
Car 0.0000 0 -1.3256 0.0000 0.0000 1224.0000 370.0000 1.5650 1.6467 3.9246 21.3097 0.2549 -0.2935 0.2450 0.0043
Car 0.0000 0 1.1893 1161.1981 150.7549 1224.0000 251.9198 1.5115 1.6246 4.0326 11.7522 1.0687 12.7316 1.9240 0.0043
Car 0.0000 0 -1.6527 1202.0164 154.0538 1224.0000 216.5650 1.6342 1.6437 3.9302 18.5349 0.9444 20.5430 -0.9247 0.0043
Car 0.0000 0 -1.3189 658.0180 151.2596 703.6348 184.1524 1.8486 1.7407 4.0114 4.5404 0.2067 41.9164 -1.2098 0.0043
Car 0.0000 0 -1.8237 0.0000 0.0000 1224.0000 370.0000 1.5596 1.7200 4.1976 21.6714 -0.0293 0.4982 -0.2896 0.0043
Car 0.0000 0 -1.0209 0.0000 189.2775 105.0745 248.6538 1.4962 1.7000 4.3398 -16.8685 1.7833 20.7372 -1.6947 0.0043
Car 0.0000 0 2.8778 0.0000 0.0000 1224.0000 370.0000 1.5442 1.7494 4.5073 -26.7616 1.6546 1.7829 1.3871 0.0042
Car 0.0000 0 2.6046 0.0000 0.0000 1224.0000 370.0000 1.4585 1.6953 3.9140 -9.4121 1.3937 -0.3117 1.0368 0.0042
Car 0.0000 0 -0.9710 553.4127 164.3348 627.1442 198.7070 1.4753 1.7090 3.4532 -0.6395 0.7829 32.2542 -0.9887 0.0042
Car 0.0000 0 -1.5234 1209.0375 154.8867 1224.0000 218.0444 1.6550 1.6855 3.9893 18.8137 0.9854 20.5310 -0.7878 0.0042
Car 0.0000 0 -2.7268 525.5416 162.6094 619.8375 196.7756 1.5235 1.7007 4.0636 -1.5244 0.7272 33.0522 -2.7705 0.0042
Car 0.0000 0 -1.6944 555.4158 159.4689 600.7154 196.1375 1.5861 1.6317 3.7394 -1.3134 0.6779 32.5553 -1.7324 0.0042
Car 0.0000 0 -1.6392 0.0000 0.0000 1224.0000 370.0000 1.3398 1.5471 3.4661 15.9171 1.0037 0.2124 -0.1006 0.0042
Car 0.0000 0 2.1499 556.2800 163.7561 626.1020 198.6434 1.4967 1.6039 3.3462 -0.5983 0.7799 32.1713 2.1334 0.0042
Car 0.0000 0 2.1510 0.0000 180.4374 27.2979 229.9014 1.4905 1.6786 4.2612 -21.5891 1.4902 23.5350 1.4171 0.0041
Car 0.0000 0 -2.2951 0.0000 0.0000 1224.0000 370.0000 1.6537 1.7567 4.1123 21.4953 -0.0817 1.0529 -0.7870 0.0041
Car 0.0000 0 -1.9106 0.0000 0.0000 1224.0000 370.0000 1.6128 1.7364 3.9062 21.5469 -0.0713 0.4607 -0.3750 0.0041
Car 0.0000 0 -0.0428 662.3047 152.2085 740.3168 183.8587 1.7786 1.7966 4.3694 5.5026 0.1901 40.8240 0.0921 0.0041
Car 0.0000 0 -4.3885 0.0000 0.0000 1224.0000 370.0000 1.5779 1.8131 3.9915 19.8386 0.2678 0.6147 -2.8637 0.0041
Car 0.0000 0 -3.2410 0.0000 0.0000 1224.0000 370.0000 1.5214 1.6598 3.4646 20.5403 0.1891 0.1872 -1.6938 0.0041
Car 0.0000 0 -1.5343 604.8228 166.8721 643.7930 199.1536 1.3933 1.6541 3.1542 0.9010 0.8066 32.1413 -1.5047 0.0041
Car 0.0000 0 -1.0636 556.3721 163.6719 626.3377 197.7630 1.4656 1.7084 3.5046 -0.5861 0.7436 32.3387 -1.0796 0.0041
Car 0.0000 0 1.4607 51.2099 195.3199 111.5351 238.1570 1.3733 1.3876 3.6862 -19.1415 1.9530 25.7538 0.8289 0.0041
Car 0.0000 0 -1.7235 822.2887 151.2743 864.0958 181.5318 1.6282 1.6505 3.9835 13.4555 0.0569 40.1453 -1.4006 0.0040
Car 0.0000 0 -1.6321 1204.2598 153.7070 1224.0000 216.7795 1.6471 1.6474 3.9258 18.5277 0.9490 20.5103 -0.9035 0.0040
Car 0.0000 0 1.4410 736.3868 159.1657 766.4397 181.7733 1.8116 1.9401 3.9867 12.1313 0.1033 58.7136 1.6455 0.0040
Car 0.0000 0 -2.7775 522.5146 163.2365 624.3865 197.6959 1.5588 1.7812 4.4875 -1.5036 0.7793 33.5328 -2.8200 0.0040
Car 0.0000 0 -1.2896 0.0000 0.0000 1224.0000 370.0000 1.5913 1.6377 3.7031 21.3382 0.2552 -0.0463 0.2695 0.0040
Car 0.0000 0 -1.8274 600.3467 168.5361 655.0759 201.3028 1.4253 1.6717 3.5650 0.9717 0.9064 32.6752 -1.7961 0.0040
Car 0.0000 0 -1.8991 0.0000 0.0000 1224.0000 370.0000 1.2895 1.5107 3.4937 10.3747 1.3826 -0.2558 -0.3334 0.0040
Cyclist 0.0000 0 -1.1148 54.4138 176.5938 129.4301 275.5416 1.7566 0.3675 1.8422 -9.7826 1.6889 13.4854 -1.7296 0.0040
Pedestrian 0.0000 0 2.7310 820.3253 168.9391 865.8142 261.0920 1.5905 0.4491 0.6307 4.1437 1.3926 12.4515 3.0464 0.0039
Car 0.0000 0 -1.5711 0.0000 0.0000 1224.0000 370.0000 1.5488 1.6407 3.4277 19.4172 0.4194 -0.1779 -0.0066 0.0039
Car 0.0000 0 -1.6817 0.0000 0.0000 1224.0000 370.0000 1.4801 1.7102 3.5991 20.3864 0.3632 -0.2799 -0.1118 0.0039
Car 0.0000 0 -3.2994 0.0000 0.0000 1224.0000 370.0000 1.4916 1.5075 3.3904 6.1196 1.6175 -0.2776 -1.7345 0.0039
Car 0.0000 0 -2.4606 0.0000 194.0638 131.4458 241.6632 1.4253 1.7031 3.9102 -17.6700 1.8774 22.5805 -3.1162 0.0039
Cyclist 0.0000 0 -1.6935 745.7946 159.9843 754.6505 180.5449 1.6942 0.5067 1.8188 12.1673 0.0049 59.1825 -1.4900 0.0038
Car 0.0000 0 -1.4121 0.0000 0.0000 1224.0000 370.0000 1.3818 1.6455 4.0793 10.4954 1.2008 0.8157 0.0521 0.0038
Car 0.0000 0 1.0034 0.0000 188.8517 22.1516 237.2606 1.3879 1.5134 3.6564 -20.2532 1.6625 21.8947 0.2658 0.0038
Car 0.0000 0 1.3488 0.0000 0.0000 1224.0000 370.0000 1.5488 1.4541 4.0271 -5.5208 1.7214 -0.2001 -0.1981 0.0038
Car 0.0000 0 1.1398 683.5690 159.7760 769.0200 203.4538 1.5706 1.7407 4.0428 4.6067 0.8269 27.5984 1.3052 0.0038
Car 0.0000 0 1.9213 553.2921 161.2132 614.6617 197.3073 1.4993 1.5825 3.5647 -0.8884 0.6996 31.3068 1.8951 0.0037
Car 0.0000 0 -1.3505 0.0000 0.0000 1224.0000 370.0000 1.3618 1.5111 3.3516 15.8451 1.1369 -0.2733 0.2185 0.0037
Car 0.0000 0 -1.4970 828.0404 146.9179 865.8957 179.6013 1.7452 1.7361 4.1118 13.7592 -0.0525 40.1037 -1.1670 0.0037
Car 0.0000 0 2.0127 562.9934 163.5507 625.3412 197.3518 1.4630 1.6170 3.2574 -0.4646 0.7309 32.4165 2.0004 0.0037
Car 0.0000 0 -0.2539 552.4749 167.7794 635.3634 200.8564 1.4723 1.7377 3.5178 -0.5533 0.9075 32.7704 -0.2688 0.0037
Car 0.0000 0 -1.5661 0.0000 0.0000 1224.0000 370.0000 1.4565 1.6329 4.3081 10.4447 1.1592 0.9681 -0.1169 0.0037
Car 0.0000 0 1.2212 575.7883 166.1438 637.8411 200.9195 1.4789 1.6799 3.5857 0.0020 0.8698 32.0345 1.2231 0.0037
Car 0.0000 0 1.2826 0.0000 186.2389 11.6056 237.8948 1.4632 1.6010 3.8132 -20.3453 1.6575 22.0695 0.5466 0.0036
Car 0.0000 0 -4.1817 0.0000 0.0000 1224.0000 370.0000 1.6780 1.8663 4.3021 20.7805 0.1929 0.5996 -2.6540 0.0036
Car 0.0000 0 2.0431 0.0000 174.7623 13.4739 228.6668 1.6090 1.7513 4.5510 -21.9795 1.4393 23.5269 1.3002 0.0036
Car 0.0000 0 -2.0667 0.0000 0.0000 1224.0000 370.0000 1.4623 1.6790 3.9753 10.6241 1.3512 -0.1783 -0.5081 0.0036
Car 0.0000 0 -1.8312 797.3488 144.7567 849.8699 178.0311 1.8084 1.8563 4.2583 12.5616 -0.1491 40.9065 -1.5335 0.0036
Car 0.0000 0 -3.0872 0.0000 0.0000 1224.0000 370.0000 1.5821 1.7333 4.1313 18.6763 0.3802 1.2909 -1.6013 0.0036
Car 0.0000 0 2.2486 13.8262 197.3206 148.6466 241.6746 1.3814 1.6115 4.2791 -18.9766 2.0497 25.8456 1.6226 0.0035
Car 0.0000 0 -1.7625 603.9833 169.2485 654.7016 201.1680 1.3771 1.6854 3.4501 1.0387 0.8932 32.3364 -1.7289 0.0035
Car 0.0000 0 -1.7077 817.5337 144.0460 860.2088 178.1241 1.8404 1.7661 4.1729 13.3895 -0.1429 40.6992 -1.3903 0.0035
Car 0.0000 0 -1.5676 659.3203 151.8353 690.1747 184.1579 1.8259 1.7382 4.0345 4.1453 0.2080 42.0319 -1.4680 0.0035
Car 0.0000 0 -1.7830 806.1993 144.4133 854.8047 177.9265 1.8210 1.8340 4.1454 12.9634 -0.1553 40.8957 -1.4763 0.0035
Car 0.0000 0 0.9637 0.0000 189.1187 21.8299 238.2862 1.4089 1.5364 3.8795 -20.3797 1.6911 21.8439 0.2219 0.0035
Car 0.0000 0 2.1039 26.9434 197.4196 142.2392 240.8408 1.3832 1.6428 3.9243 -19.0950 2.0586 26.1270 1.4801 0.0034
Car 0.0000 0 1.4326 729.6086 158.5474 756.5608 181.6040 1.8691 1.7380 3.5412 11.5302 0.0907 59.1275 1.6259 0.0034
Pedestrian 0.0000 0 2.1749 969.3273 162.2805 1033.3085 293.1331 1.7405 0.4544 0.7080 5.4254 1.4998 9.7628 2.6700 0.0034
Car 0.0000 0 0.9797 677.2550 158.3716 782.6359 205.8423 1.6669 1.8598 4.3606 4.6612 0.8914 27.1930 1.1494 0.0034
Car 0.0000 0 1.6866 568.2672 167.7016 618.1008 201.7644 1.4372 1.8208 3.6465 -0.4890 0.8987 31.7344 1.6732 0.0034
Car 0.0000 0 -1.4822 0.0000 0.0000 1224.0000 370.0000 1.3177 1.5078 3.2926 15.8624 1.1847 -0.1705 0.0804 0.0034
Car 0.0000 0 -0.7074 10.2784 192.7209 148.4128 243.5937 1.4293 1.4738 3.3804 -16.6541 1.8521 22.5476 -1.3353 0.0034
Car 0.0000 0 0.5423 0.0000 180.4355 114.3766 225.2649 1.5588 1.6408 3.8130 -20.3278 1.5581 25.6237 -0.1206 0.0033
Car 0.0000 0 1.8225 42.3210 195.2268 133.3219 239.6219 1.4412 1.7494 4.2311 -19.4515 2.0477 26.7539 1.2010 0.0033
Pedestrian 0.0000 0 -0.0960 744.1980 159.1141 753.7189 181.4290 1.8669 0.8182 0.7109 12.1485 0.0789 59.5937 0.1059 0.0033
Pedestrian 0.0000 0 2.3795 860.9934 154.2917 910.7373 256.7432 1.6557 0.5112 0.5763 4.6273 1.2338 11.7686 2.7469 0.0033
Car 0.0000 0 -1.1400 575.9031 166.0340 635.0173 197.6106 1.4371 1.6216 3.2717 0.0536 0.7802 33.9995 -1.1366 0.0033
Car 0.0000 0 2.1845 27.8961 197.6855 155.0362 240.7617 1.3718 1.6494 4.2785 -18.9841 2.0662 26.3620 1.5675 0.0033
Car 0.0000 0 0.9903 677.9450 159.2420 787.3564 207.5083 1.6785 1.9307 4.5310 4.7271 0.9408 27.0455 1.1632 0.0033
Car 0.0000 0 -1.4386 0.0000 0.0000 1224.0000 370.0000 1.6081 1.6826 3.9810 21.5305 0.2695 -0.0268 0.1197 0.0033
Car 0.0000 0 -1.4817 1205.8232 152.5180 1224.0000 218.3411 1.7189 1.6814 4.2366 18.8325 0.9898 20.5133 -0.7451 0.0033
Cyclist 0.0000 0 -1.6150 834.8120 162.5063 865.4955 261.1107 1.6370 0.4266 1.6041 4.2955 1.3399 12.5630 -1.2915 0.0033
Car 0.0000 0 -1.4963 786.7049 148.2158 820.0194 181.4155 2.1210 1.8225 4.6278 13.4154 0.0598 47.6517 -1.2217 0.0033
Car 0.0000 0 3.6857 0.0000 190.2303 130.6803 239.4737 1.4668 1.5813 3.7771 -17.5462 1.7910 22.4434 3.0307 0.0032
Pedestrian 0.0000 0 1.6719 1117.9302 156.1558 1194.9470 370.0000 1.6840 0.4191 0.6686 4.1704 1.5129 5.4032 2.3031 0.0032
Car 0.0000 0 -2.7653 0.0000 0.0000 1224.0000 370.0000 1.6829 1.6954 3.8816 20.7505 0.3532 1.6979 -1.2903 0.0032
Car 0.0000 0 2.1421 0.0000 180.7677 27.3172 230.1227 1.4911 1.7039 4.2652 -21.6596 1.5025 23.6227 1.4085 0.0032
Car 0.0000 0 -1.6435 0.0000 0.0000 1224.0000 370.0000 1.4988 1.6962 3.5431 20.3191 0.3648 -0.1503 -0.0799 0.0032
Car 0.0000 0 -0.0251 544.7791 168.1559 635.5741 199.6554 1.4334 1.6402 4.1443 -0.7260 0.8732 33.0831 -0.0450 0.0032
Pedestrian 0.0000 0 2.7545 848.4492 160.5589 892.1829 256.3716 1.6123 0.4662 0.5664 4.5047 1.2784 12.1371 3.1033 0.0032
Car 0.0000 0 -2.0561 0.0000 0.0000 1224.0000 370.0000 1.5754 1.5411 3.9120 11.0587 0.9496 0.7564 -0.5813 0.0032
Car 0.0000 0 -1.6933 603.6515 167.4006 649.0462 200.4394 1.4203 1.6773 3.1641 0.9008 0.8587 32.0439 -1.6636 0.0032
Pedestrian 0.0000 0 1.0873 1104.4310 156.0394 1213.5541 370.0000 1.6644 0.4161 0.6024 4.1813 1.4894 5.4321 1.7173 0.0032
Car 0.0000 0 -2.6707 0.0000 0.0000 1224.0000 370.0000 1.5436 1.6565 3.6194 20.7791 0.1605 1.0587 -1.1651 0.0032
Car 0.0000 0 -2.7446 0.0000 0.0000 1224.0000 370.0000 1.7131 1.7266 4.0668 20.7669 0.4068 1.9659 -1.2822 0.0032
Car 0.0000 0 4.6169 0.0000 0.0000 1224.0000 370.0000 1.4856 1.7173 4.1075 -29.8894 1.8029 -0.2484 3.0502 0.0031
Car 0.0000 0 -1.4250 662.3753 152.0918 701.2043 184.9390 1.8360 1.6985 4.0852 4.5722 0.2495 41.7068 -1.3147 0.0031
Car 0.0000 0 -3.2062 0.0000 0.0000 1224.0000 370.0000 1.5670 1.6908 3.4928 20.4755 0.1460 0.5883 -1.6786 0.0031
Car 0.0000 0 1.1901 452.1259 179.4365 561.7203 238.1149 1.3587 1.5162 3.7771 -2.6848 1.3357 18.3823 1.0493 0.0031
Car 0.0000 0 -1.3160 664.6036 147.7809 712.0832 182.8432 1.9496 1.7447 4.3017 4.9579 0.1317 41.6300 -1.1964 0.0031
Car 0.0000 0 1.8046 38.8943 195.2204 127.8472 239.0805 1.4232 1.7636 4.1263 -19.5770 2.0272 26.6873 1.1788 0.0031
Pedestrian 0.0000 0 2.1264 860.5719 150.6073 910.1715 255.6455 1.6902 0.5383 0.5925 4.6211 1.2108 11.7656 2.4934 0.0031
Car 0.0000 0 -1.9571 0.0000 0.0000 1224.0000 370.0000 1.7039 1.8943 4.2052 21.4419 0.0413 1.0562 -0.4493 0.0031
Car 0.0000 0 -1.3881 0.0000 0.0000 1224.0000 370.0000 1.5396 1.8586 3.7823 21.1997 0.1943 0.3046 0.1543 0.0031
Car 0.0000 0 -2.0839 0.0000 0.0000 1224.0000 370.0000 1.4834 1.4230 3.5398 12.9324 1.0443 -0.1035 -0.5288 0.0031
Car 0.0000 0 1.7542 36.3961 196.1914 118.9025 239.5734 1.4013 1.7838 3.7991 -19.6345 2.0364 26.4492 1.1228 0.0031
Car 0.0000 0 -2.7040 401.6296 183.5661 566.6924 239.6380 1.3302 1.6637 3.8566 -3.1209 1.4166 18.2334 -2.8689 0.0030
Car 0.0000 0 -1.3973 669.4559 150.0037 711.4968 183.8349 1.8690 1.7483 4.1229 5.0356 0.1856 41.2833 -1.2749 0.0030
Car 0.0000 0 0.6745 0.0000 185.9179 112.0065 228.6100 1.5001 1.7077 3.8391 -20.6220 1.7071 25.9347 0.0103 0.0030
Car 0.0000 0 -1.5242 0.0000 0.0000 1224.0000 370.0000 1.3282 1.4837 3.2715 15.5078 1.2237 -0.2834 0.0455 0.0030
Car 0.0000 0 -3.2007 0.0000 0.0000 1224.0000 370.0000 1.5657 1.6562 3.5163 20.5022 0.4054 0.0564 -1.6472 0.0030
Car 0.0000 0 -0.3326 537.7796 164.5041 625.5969 197.2403 1.4204 1.5173 3.6843 -1.0786 0.7278 32.0374 -0.3640 0.0030
Car 0.0000 0 -1.6151 0.0000 0.0000 1224.0000 370.0000 1.5442 1.6884 3.6760 20.2061 0.4798 -0.1300 -0.0526 0.0030
Car 0.0000 0 -2.8675 612.0890 155.9470 691.4611 186.0981 1.6947 1.7057 4.3217 2.7277 0.3160 41.2624 -2.8001 0.0030
Car 0.0000 0 -1.6779 821.1653 148.2038 860.3528 179.9090 1.7118 1.6915 4.0205 13.4031 -0.0342 40.3935 -1.3579 0.0030
Car 0.0000 0 -4.2561 0.0000 0.0000 1224.0000 370.0000 1.6856 1.7750 4.1949 20.5452 0.1770 1.1891 -2.7575 0.0030
Car 0.0000 0 -2.9759 0.0000 0.0000 1224.0000 370.0000 1.4951 1.6423 3.2896 12.8456 0.8554 0.1311 -1.4392 0.0030
Car 0.0000 0 -1.6215 661.3251 152.6644 693.4766 185.0224 1.8187 1.6838 4.0052 4.2260 0.2556 41.7791 -1.5195 0.0030
Car 0.0000 0 2.1502 22.7275 197.6777 149.8000 241.4729 1.3838 1.7003 4.2980 -19.0776 2.0757 26.2296 1.5286 0.0029
Car 0.0000 0 0.4480 645.3654 157.7809 718.6816 186.2558 1.5673 1.6437 3.8566 4.4022 0.3182 40.6296 0.5570 0.0029
Car 0.0000 0 2.1515 50.5311 195.3225 175.4688 238.8965 1.4274 1.6197 4.6384 -18.6627 2.0455 27.0747 1.5549 0.0029
Car 0.0000 0 1.3207 577.2140 166.1146 633.4564 200.8627 1.4825 1.6954 3.6727 -0.0659 0.8702 32.1499 1.3205 0.0029
Car 0.0000 0 -0.9059 1201.8228 153.0088 1224.0000 218.4908 1.7351 1.7268 4.3445 19.4941 1.0082 19.8815 -0.1367 0.0029
Car 0.0000 0 -1.4500 0.0000 0.0000 1224.0000 370.0000 1.2769 1.4582 3.1461 15.6575 1.1963 -0.1711 0.1125 0.0029
Car 0.0000 0 0.6782 0.0000 193.2223 123.1061 233.7856 1.4068 1.8333 4.0830 -20.4573 1.8949 26.0763 0.0204 0.0029
Car 0.0000 0 -1.1682 0.0000 0.0000 1224.0000 370.0000 1.5069 1.8610 4.0177 20.6631 0.1998 0.5109 0.3635 0.0029
Car 0.0000 0 0.8937 0.0000 195.0103 125.2030 236.8556 1.4176 1.8511 4.1704 -20.4027 1.9879 26.3134 0.2415 0.0028
Car 0.0000 0 -2.8228 618.7400 155.0701 693.0968 185.3041 1.6970 1.7284 3.9852 2.9655 0.2710 41.2416 -2.7496 0.0028
Cyclist 0.0000 0 0.8423 0.0000 0.0000 1224.0000 370.0000 1.6769 0.5473 1.8831 1.0825 1.6547 0.4247 1.8100 0.0028
Car 0.0000 0 1.0906 1146.7247 149.0715 1224.0000 249.2133 1.5177 1.5892 3.6986 11.5336 1.0431 12.6982 1.8172 0.0028
Pedestrian 0.0000 0 2.3870 663.9262 155.3173 723.8450 275.8286 1.7876 0.4155 0.8714 1.3296 1.4157 10.9087 2.5067 0.0028
Car 0.0000 0 1.2901 461.6078 177.6781 570.4453 238.9876 1.4315 1.7173 4.3585 -2.5354 1.3672 18.8447 1.1603 0.0028
Car 0.0000 0 -2.6552 604.9371 155.6031 691.5623 187.3988 1.7782 1.7381 4.8264 2.5030 0.3872 41.5366 -2.5935 0.0028
Car 0.0000 0 -1.4356 785.4427 150.2440 822.7815 181.0301 1.9643 1.8068 4.6727 13.4572 0.0352 47.6098 -1.1600 0.0028
Car 0.0000 0 0.1093 551.5801 165.4469 644.0703 200.4624 1.5611 1.7754 4.0951 -0.3049 0.8915 32.6096 0.1019 0.0028
Car 0.0000 0 3.4778 0.0000 189.7206 127.2686 241.8112 1.4802 1.3598 3.9419 -17.2821 1.7829 21.8110 2.8164 0.0027
Car 0.0000 0 0.2894 0.0000 178.6554 104.5497 225.6630 1.5712 1.6978 3.7681 -20.2944 1.5111 25.1183 -0.3823 0.0027
Car 0.0000 0 1.4298 591.5209 167.9726 638.1439 202.1799 1.4301 1.6043 3.3536 0.3644 0.9079 31.3202 1.4432 0.0027
Car 0.0000 0 2.2907 43.6469 197.9846 167.1533 239.6320 1.3366 1.5200 3.9710 -18.5720 2.0438 26.4748 1.6861 0.0027
Car 0.0000 0 3.6918 0.0000 191.1204 133.1219 240.2878 1.4591 1.6636 3.7908 -17.4930 1.8132 22.4420 3.0382 0.0027
Car 0.0000 0 -2.7740 0.0000 0.0000 1224.0000 370.0000 1.5604 1.6417 3.6871 20.8565 0.1454 1.5243 -1.2903 0.0027
Pedestrian 0.0000 0 -3.1165 663.7065 169.8911 687.2528 237.8808 1.6905 0.5355 0.5809 1.7490 1.4283 17.8759 -3.0190 0.0027
Car 0.0000 0 0.5898 668.1100 160.3431 776.5694 205.2672 1.6217 1.7863 3.8035 4.4854 0.8956 27.4701 0.7516 0.0027
Car 0.0000 0 3.1772 0.0000 0.0000 1224.0000 370.0000 1.4733 1.6781 4.7614 -27.0557 1.6556 2.2744 1.7038 0.0027
Car 0.0000 0 -4.3598 0.0000 0.0000 1224.0000 370.0000 1.5355 1.6864 3.6774 19.9471 0.1916 1.1390 -2.8609 0.0027
Car 0.0000 0 0.0479 621.7408 156.2119 695.7104 186.2516 1.6950 1.6314 4.1936 3.1315 0.3259 40.9618 0.1256 0.0026
Car 0.0000 0 -0.8130 560.6266 165.3768 638.4337 199.5185 1.5074 1.7019 3.4943 -0.2352 0.8412 33.0698 -0.8182 0.0026
Car 0.0000 0 1.3112 42.7374 196.7997 120.6606 238.8283 1.3886 1.5441 3.3167 -19.4992 2.0338 26.2725 0.6800 0.0026
Car 0.0000 0 2.2270 37.7287 194.5597 156.4354 237.6916 1.3966 1.5565 3.7759 -18.5958 1.9546 26.0607 1.6145 0.0026
Car 0.0000 0 1.7282 567.1150 167.5036 617.6293 201.6102 1.4241 1.6974 3.5813 -0.5217 0.8829 31.4105 1.7136 0.0026
Car 0.0000 0 0.3875 0.0000 191.0245 122.9200 242.3739 1.4675 1.5455 3.5889 -17.3449 1.8139 21.9329 -0.2730 0.0026
Car 0.0000 0 1.4084 682.8049 164.1630 737.7455 203.0869 1.4697 1.5981 3.7369 4.1598 0.8543 28.5733 1.5532 0.0026
Car 0.0000 0 -1.7248 801.1105 151.0386 845.3973 182.0465 1.6975 1.7852 4.4129 12.5821 0.0861 41.0133 -1.4274 0.0026
Car 0.0000 0 -1.9487 0.0000 0.0000 1224.0000 370.0000 1.4532 1.6258 4.1874 10.6201 1.1998 0.7672 -0.4789 0.0026
Car 0.0000 0 -1.9282 805.2035 150.4786 860.5603 180.5111 1.6432 1.6763 4.1675 13.0647 0.0020 40.8019 -1.6187 0.0025
Car 0.0000 0 0.9652 1200.5314 153.6048 1224.0000 216.0943 1.4831 1.4726 3.8147 17.9071 0.8464 18.7720 1.7202 0.0025
Car 0.0000 0 -2.2357 0.0000 0.0000 1224.0000 370.0000 1.6394 1.8038 4.2779 21.5505 0.1861 1.5826 -0.7518 0.0025
Car 0.0000 0 1.6964 650.1748 159.0365 697.2615 199.3249 1.6160 1.5586 3.6842 2.9808 0.7566 30.3253 1.7952 0.0025
Pedestrian 0.0000 0 -0.0653 744.0076 160.3476 755.9515 182.5765 1.8514 0.7628 0.9336 12.1784 0.1742 59.3247 0.1379 0.0025
Car 0.0000 0 -0.9797 0.0000 191.4275 110.9555 248.9821 1.4686 1.6200 4.3205 -16.9625 1.8305 21.0942 -1.6481 0.0025
Car 0.0000 0 -3.0372 0.0000 0.0000 1224.0000 370.0000 1.5264 1.6366 3.7942 20.5403 0.2086 1.3878 -1.5483 0.0025
Car 0.0000 0 -1.4514 782.5486 151.8556 818.2154 180.8282 1.8519 1.8162 4.2538 13.1698 0.0223 47.5013 -1.1808 0.0025
Car 0.0000 0 -1.5157 784.2734 149.7490 816.4196 181.4869 2.0230 1.8379 4.4573 13.1590 0.0642 47.4695 -1.2451 0.0025
Car 0.0000 0 -2.9255 603.7949 156.4726 689.1534 186.6312 1.6998 1.7002 4.7236 2.4270 0.3469 41.3072 -2.8654 0.0025
Car 0.0000 0 -1.7233 600.5261 167.6880 646.7178 197.7304 1.3630 1.6942 3.5291 0.8237 0.7832 33.9309 -1.6974 0.0024
Cyclist 0.0000 0 -1.3667 0.0000 167.6641 32.8054 249.6912 1.6162 0.3315 1.4898 -12.3091 1.3649 14.6632 -2.0525 0.0024
Car 0.0000 0 3.0765 607.6870 156.8438 683.3355 185.9832 1.6506 1.6783 4.2675 2.2924 0.3120 40.9003 3.1340 0.0024
Pedestrian 0.0000 0 -2.5993 0.0000 0.0000 1224.0000 370.0000 1.7763 0.7425 0.7808 4.1090 1.6482 -0.2069 -1.0552 0.0024
Car 0.0000 0 3.1151 0.0000 0.0000 1224.0000 370.0000 1.4998 1.6429 4.1794 -27.0479 1.6394 1.4344 1.6108 0.0024
Car 0.0000 0 -1.4263 787.1223 153.0663 823.4910 180.6369 1.7622 1.7477 4.3239 13.5055 0.0101 47.5160 -1.1493 0.0024
Car 0.0000 0 2.5458 19.0501 190.2373 170.1743 242.8234 1.5114 1.6084 3.7415 -16.5554 1.8592 23.1044 1.9321 0.0024
Car 0.0000 0 -1.5722 0.0000 0.0000 1224.0000 370.0000 1.4942 1.7274 3.4784 20.8258 0.3320 -0.1657 -0.0077 0.0024
Car 0.0000 0 -2.8083 377.5311 184.4487 562.9029 241.5934 1.3599 1.7182 4.3564 -3.4317 1.4695 18.1617 -2.9902 0.0024
Pedestrian 0.0000 0 -2.2766 0.0000 0.0000 1224.0000 370.0000 1.7313 0.7347 0.8344 4.1159 1.6436 -0.2140 -0.7308 0.0024
Car 0.0000 0 -1.5509 775.9844 150.7335 807.1977 180.9987 1.9443 1.9501 3.8157 12.5761 0.0334 47.5208 -1.2920 0.0024
Car 0.0000 0 0.4732 0.0000 184.5707 108.6685 226.8389 1.4467 1.6577 3.4890 -20.3310 1.6020 25.5601 -0.1910 0.0023
Car 0.0000 0 -0.5293 842.8046 178.7929 1081.7438 251.9889 1.4280 1.7176 4.1804 7.3250 1.3963 14.8055 -0.0767 0.0023
Car 0.0000 0 1.4572 38.8873 196.0279 104.8613 239.2468 1.4096 1.5680 3.7046 -19.8967 2.0302 26.2975 0.8168 0.0023
Car 0.0000 0 -0.6486 1199.0348 157.3817 1224.0000 216.1273 1.4505 1.6922 4.6484 18.7532 0.8813 18.6014 0.1340 0.0023
Car 0.0000 0 -1.3821 0.0000 0.0000 1224.0000 370.0000 1.6178 1.8194 4.0233 20.5546 0.1255 1.0259 0.1244 0.0023
Car 0.0000 0 -1.5281 666.6710 151.6175 698.6422 184.5301 1.8384 1.6949 4.1155 4.6119 0.2265 41.6514 -1.4167 0.0023
Car 0.0000 0 0.7026 0.0000 194.7709 113.1004 236.7007 1.4506 1.6391 3.7897 -20.5339 1.9943 25.9622 0.0409 0.0023
Car 0.0000 0 1.2888 25.6410 197.1354 113.1459 239.5918 1.4003 1.6435 3.7951 -20.1514 2.0682 26.5226 0.6464 0.0023
Car 0.0000 0 1.5468 701.9393 162.7536 745.5743 202.9361 1.4860 1.5985 3.8089 4.6458 0.8312 28.1401 1.7104 0.0022
Car 0.0000 0 -1.9423 0.0000 0.0000 1224.0000 370.0000 1.5111 1.4879 3.1263 12.8637 1.0294 0.0259 -0.3973 0.0022
Car 0.0000 0 -1.0283 0.0000 194.9113 114.8574 251.0228 1.4604 1.5007 3.9881 -16.9049 1.9429 21.5249 -1.6854 0.0022
Car 0.0000 0 -1.5327 786.1264 153.3715 816.3909 180.4128 1.7273 1.7951 4.4207 13.2420 -0.0049 47.5553 -1.2610 0.0022
Car 0.0000 0 0.6571 0.0000 193.7713 117.6133 234.3826 1.4102 1.7686 3.8970 -20.5244 1.9169 26.0196 -0.0033 0.0022
Cyclist 0.0000 0 0.4385 0.0000 0.0000 1224.0000 370.0000 1.6315 0.5122 1.9009 1.4759 1.6656 0.4149 1.5471 0.0022
Car 0.0000 0 -0.8888 0.0000 193.5676 129.0621 247.6092 1.4691 1.4019 3.5797 -16.7351 1.9092 21.9084 -1.5326 0.0022
Car 0.0000 0 1.2024 458.6798 181.3669 564.4766 239.2874 1.3497 1.4620 3.8236 -2.5881 1.3765 18.5582 1.0679 0.0021
Car 0.0000 0 0.0571 0.0000 0.0000 1224.0000 370.0000 1.6171 1.6804 3.7758 20.3800 0.3196 0.2044 1.6033 0.0021
Pedestrian 0.0000 0 -0.5505 968.4891 157.5086 1047.5382 289.2356 1.7891 0.4501 0.8468 5.5544 1.4785 9.8433 -0.0488 0.0021
Pedestrian 0.0000 0 -0.1833 743.6862 160.2259 756.0062 182.4145 1.8501 0.7465 0.8913 12.1686 0.1608 59.3299 0.0197 0.0021
Car 0.0000 0 -3.0004 0.0000 0.0000 1224.0000 370.0000 1.5266 1.6317 3.7827 20.5635 0.1819 0.8527 -1.4854 0.0021
Car 0.0000 0 -1.4322 771.1791 152.7622 808.1477 180.4235 1.7786 1.8888 3.9050 12.4818 -0.0041 47.6365 -1.1757 0.0021
Car 0.0000 0 2.1451 51.8283 197.8675 161.1141 239.4905 1.3559 1.5329 3.7633 -18.5805 2.0557 26.5190 1.5411 0.0021
Car 0.0000 0 1.4050 481.4615 182.4321 561.2141 242.0606 1.3161 1.3838 3.6404 -2.2161 1.3713 17.6677 1.2843 0.0021
Car 0.0000 0 0.5399 0.0000 177.9414 103.9866 224.8212 1.5909 1.7027 3.9259 -20.4295 1.5056 25.0975 -0.1354 0.0021
Car 0.0000 0 1.0892 0.0000 185.4720 22.9813 238.9341 1.5386 1.5921 3.9189 -20.3436 1.7051 22.0317 0.3524 0.0021
Car 0.0000 0 -3.2141 0.0000 0.0000 1224.0000 370.0000 1.6851 1.7857 4.4463 20.0836 0.5285 1.9365 -1.7540 0.0021
Car 0.0000 0 3.0931 0.0000 0.0000 1224.0000 370.0000 1.5207 1.6974 4.3039 -27.0681 1.6083 1.7513 1.6004 0.0020
Car 0.0000 0 -1.8450 764.0212 151.4480 807.9857 180.7104 1.8817 1.9081 3.7240 12.0659 0.0149 47.3468 -1.5952 0.0020
Car 0.0000 0 -1.8439 667.3624 165.1005 734.4198 206.5222 1.5552 1.7390 3.6640 3.7592 0.9785 28.4776 -1.7123 0.0020
Car 0.0000 0 -3.1807 0.0000 0.0000 1224.0000 370.0000 1.6634 1.8522 4.4284 20.0335 0.4831 2.0779 -1.7279 0.0020
Car 0.0000 0 1.3874 677.1514 168.2082 731.3774 205.7025 1.4157 1.4962 3.7698 3.9232 0.9531 28.6102 1.5240 0.0020
Car 0.0000 0 1.2309 459.0974 180.3119 564.7596 237.9208 1.3503 1.5010 4.0216 -2.6063 1.3475 18.6987 1.0965 0.0020
Car 0.0000 0 -1.4068 580.5237 167.9796 633.2341 201.6646 1.4342 1.8112 3.6566 0.1278 0.9026 32.0534 -1.4010 0.0020
Car 0.0000 0 -1.0139 0.0000 194.9773 110.1402 252.7455 1.4706 1.5382 4.1626 -16.9350 1.9508 21.2238 -1.6785 0.0020
Car 0.0000 0 -1.6378 663.9238 160.8499 710.4257 201.2841 1.6279 1.7107 4.1151 3.4622 0.8383 30.5563 -1.5243 0.0019
Car 0.0000 0 2.4907 38.1090 187.9893 192.6279 239.5538 1.5254 1.6311 4.1117 -16.3029 1.8020 23.7605 1.8971 0.0019
Car 0.0000 0 -0.9146 1176.1313 155.8164 1224.0000 210.8473 1.4329 1.4042 3.7012 17.8979 0.7918 19.4210 -0.1765 0.0019
Pedestrian 0.0000 0 2.7980 676.4042 172.7262 704.2615 239.5748 1.6619 0.4884 0.5668 2.1172 1.4702 17.8743 2.9154 0.0019
Car 0.0000 0 0.9373 0.0000 190.6186 24.4750 239.6910 1.4136 1.5019 4.0537 -20.4803 1.7456 21.9586 0.1956 0.0019
Pedestrian 0.0000 0 2.5131 675.7477 171.1376 705.4706 239.2057 1.6865 0.5124 0.5493 2.1254 1.4562 17.8715 2.6310 0.0019
Car 0.0000 0 0.5139 670.1915 160.9443 786.2770 206.5000 1.6239 1.7743 4.0415 4.6618 0.9284 27.1637 0.6837 0.0019
Car 0.0000 0 -3.0031 0.0000 0.0000 1224.0000 370.0000 1.4603 1.5877 3.3044 12.7961 1.1107 -0.0653 -1.4511 0.0019
Car 0.0000 0 2.1849 47.1436 195.2558 159.6168 237.8990 1.3984 1.5210 3.7473 -18.5821 1.9893 26.3595 1.5780 0.0019
Car 0.0000 0 0.0738 607.6188 171.0227 715.5117 206.3591 1.4088 1.6185 4.3502 2.3579 1.0324 29.3184 0.1550 0.0019
Car 0.0000 0 2.1829 477.5234 181.9659 615.1375 238.9506 1.3170 1.4753 4.1506 -1.4440 1.3616 18.6068 2.1085 0.0019
Car 0.0000 0 1.9267 26.2707 196.2663 118.8165 238.9117 1.3758 1.5688 3.5662 -19.6057 2.0038 26.1620 1.2909 0.0019
Car 0.0000 0 1.8243 634.5111 161.5575 692.9699 200.3504 1.5420 1.5706 3.8350 2.5495 0.7905 30.1689 1.9096 0.0018
Car 0.0000 0 -2.0519 0.0000 0.0000 1224.0000 370.0000 1.4386 1.5280 3.8851 10.8262 1.2529 -0.1671 -0.4941 0.0018
Car 0.0000 0 1.0813 0.0000 0.0000 1224.0000 370.0000 1.4807 1.5864 3.5302 11.8808 0.9926 1.4117 2.5084 0.0018
Car 0.0000 0 0.8577 669.8303 161.0850 784.0521 208.5500 1.6765 1.9213 4.4152 4.5815 0.9923 27.3532 1.0235 0.0018
Cyclist 0.0000 0 -1.8248 826.4840 161.9893 877.8419 261.5054 1.6278 0.4317 1.6461 4.2604 1.3266 12.3964 -1.4999 0.0018
Car 0.0000 0 1.3359 453.1236 176.1749 548.8411 235.9653 1.4031 1.5769 4.1719 -2.9158 1.3032 18.8163 1.1866 0.0018
Car 0.0000 0 0.0500 0.0000 0.0000 1224.0000 370.0000 1.6318 1.6355 3.8010 20.2442 0.5789 -0.1850 1.6152 0.0018
Car 0.0000 0 0.3565 666.8489 164.9973 774.2277 208.5329 1.5780 1.6868 3.7356 4.4191 1.0176 27.2798 0.5170 0.0018
Car 0.0000 0 -1.8215 654.7090 153.2705 699.9062 185.2590 1.7891 1.7222 3.9169 4.1911 0.2676 41.6052 -1.7200 0.0018
Car 0.0000 0 2.5494 32.6293 187.9576 186.9074 240.2064 1.5402 1.6221 3.9856 -16.3958 1.8134 23.6026 1.9502 0.0018
Car 0.0000 0 0.7173 0.0000 191.4605 108.9707 232.7068 1.4017 1.8410 3.6967 -20.4427 1.8154 25.5737 0.0506 0.0018
Car 0.0000 0 -2.3978 662.4254 164.6757 769.2563 208.2336 1.5803 1.7381 4.0224 4.2507 1.0077 27.7608 -2.2458 0.0018
Car 0.0000 0 1.8779 643.8184 161.2106 706.3580 199.9606 1.5528 1.5899 3.8290 3.0569 0.7813 30.4010 1.9789 0.0017
Car 0.0000 0 -2.1049 0.0000 0.0000 1224.0000 370.0000 1.5232 1.5532 3.3193 12.7215 0.9990 -0.0117 -0.5573 0.0017
Car 0.0000 0 0.5938 0.0000 191.6446 112.3588 232.5993 1.3948 1.7366 3.7363 -20.3742 1.8158 25.6148 -0.0705 0.0017
Pedestrian 0.0000 0 -1.6767 840.4122 176.0240 870.1324 239.3277 1.5606 0.6372 0.6427 6.2607 1.4518 17.8105 -1.3426 0.0017
Car 0.0000 0 -3.2239 0.0000 0.0000 1224.0000 370.0000 1.7187 1.8929 5.0301 19.5199 0.5620 2.2293 -1.7817 0.0016
Car 0.0000 0 -1.5050 766.6514 154.3382 798.1517 180.7728 1.6935 1.8092 3.6343 11.9020 0.0188 47.2986 -1.2582 0.0016
Car 0.0000 0 -3.2884 0.0000 0.0000 1224.0000 370.0000 1.7201 1.9214 4.9742 18.9239 0.4608 2.4583 -1.8622 0.0016
Car 0.0000 0 -1.8707 667.9301 164.3669 735.4496 207.6541 1.5981 1.5901 3.8105 3.7374 1.0040 28.1094 -1.7382 0.0016
Car 0.0000 0 -3.0934 0.0000 0.0000 1224.0000 370.0000 1.4642 1.6728 3.9313 18.8914 0.3273 0.8414 -1.5829 0.0016
Car 0.0000 0 0.1084 0.0000 0.0000 1224.0000 370.0000 1.6146 1.7165 3.7600 -7.3729 1.4904 2.0544 -1.1486 0.0016
Car 0.0000 0 -2.3504 646.6719 168.5597 753.5910 209.9929 1.5031 1.7034 4.1978 3.6336 1.0714 27.8317 -2.2202 0.0016
Pedestrian 0.0000 0 1.0371 1073.1871 191.8203 1184.2147 370.0000 1.4184 0.3185 0.7460 3.8569 1.5114 5.3152 1.6388 0.0016
Car 0.0000 0 -3.1370 0.0000 0.0000 1224.0000 370.0000 1.5629 1.8665 4.0706 20.2093 0.3341 0.8233 -1.6216 0.0016
Car 0.0000 0 1.0310 673.1987 157.5995 760.0958 202.7067 1.6348 1.6271 3.7999 4.2589 0.8063 27.6865 1.1838 0.0016
Car 0.0000 0 -1.5994 668.3550 153.7601 700.0790 185.9745 1.7951 1.7289 4.0314 4.5942 0.3065 41.4754 -1.4880 0.0016
Car 0.0000 0 1.5742 486.5020 180.9620 552.1144 236.8734 1.3037 1.5300 3.7715 -2.2631 1.3186 18.4742 1.4562 0.0016
Pedestrian 0.0000 0 -1.7160 839.4166 173.9421 870.4736 238.7416 1.5963 0.6411 0.6831 6.2512 1.4364 17.8086 -1.3823 0.0015
Car 0.0000 0 2.9029 363.7933 181.1845 576.6647 246.3998 1.4485 1.7344 4.9203 -3.3485 1.4688 17.5364 2.7193 0.0015
Car 0.0000 0 1.7646 562.8997 166.5769 620.1724 202.1773 1.4724 1.8188 3.8539 -0.5456 0.8980 31.2953 1.7492 0.0015
Car 0.0000 0 1.1001 676.2127 160.2325 754.3991 202.9690 1.5643 1.5903 3.5492 4.2357 0.8240 27.8097 1.2514 0.0015
Car 0.0000 0 0.9423 669.8769 158.5158 771.5695 205.8585 1.6937 1.7955 4.1581 4.3813 0.9087 27.5500 1.1000 0.0014
Car 0.0000 0 1.8203 585.7274 166.4066 641.2244 202.1856 1.4728 1.6357 3.4034 0.4070 0.8942 30.9567 1.8352 0.0014
Car 0.0000 0 1.4710 483.5485 181.2333 555.1359 236.9009 1.3052 1.4968 3.6752 -2.3703 1.3280 18.5810 1.3480 0.0014
Car 0.0000 0 0.0220 655.0854 169.8730 737.4797 208.1803 1.4350 1.5147 3.0879 3.5231 1.0384 27.4605 0.1499 0.0014
Cyclist 0.0000 0 1.7253 591.1531 160.3179 611.7714 197.9670 1.6290 0.6351 1.9008 -0.1644 0.7572 31.5747 1.7221 0.0014
Car 0.0000 0 0.7303 0.0000 0.0000 1224.0000 370.0000 1.4620 1.4963 3.0824 11.8671 1.0901 1.4758 2.1520 0.0014
Car 0.0000 0 2.4088 29.8271 188.9719 186.1984 240.6579 1.5133 1.6752 4.2395 -16.4814 1.8258 23.6934 1.8089 0.0014
Car 0.0000 0 -1.7948 754.2651 151.2367 798.2830 180.9138 1.9093 1.8984 4.6478 11.5136 0.0280 47.8183 -1.5582 0.0014
Car 0.0000 0 -2.0105 666.4849 164.9449 744.2885 208.6133 1.6006 1.5582 3.8122 3.8594 1.0320 27.9630 -1.8731 0.0014
Car 0.0000 0 1.2807 19.6211 194.9342 107.5124 238.8265 1.4562 1.6508 3.6162 -20.2168 2.0307 26.3287 0.6332 0.0014
Car 0.0000 0 -3.2901 0.0000 0.0000 1224.0000 370.0000 1.4949 1.7563 3.9530 20.1990 0.2921 1.3492 -1.8006 0.0013
Car 0.0000 0 -3.0455 0.0000 0.0000 1224.0000 370.0000 1.5728 1.9273 4.4444 19.3592 0.3477 0.8921 -1.5361 0.0013
Car 0.0000 0 -0.9770 0.0000 191.3153 110.2970 247.8040 1.4582 1.4521 3.9376 -16.7461 1.8123 21.0317 -1.6405 0.0013
Car 0.0000 0 -2.0194 970.6608 141.0085 1224.0000 314.6839 1.8040 1.5380 3.4340 6.1562 1.3955 9.1413 -1.4410 0.0013
Car 0.0000 0 0.9514 674.4425 167.8821 788.4282 215.6022 1.6631 1.8996 4.7309 4.6975 1.2249 27.1803 1.1223 0.0013
Car 0.0000 0 -2.8889 0.0000 0.0000 1224.0000 370.0000 1.5686 1.7765 4.2264 18.8564 0.3167 1.6941 -1.4234 0.0013
Car 0.0000 0 -1.1230 0.0000 194.4990 112.4808 249.6307 1.4596 1.4028 3.6002 -16.7202 1.9263 21.5845 -1.7735 0.0012
Car 0.0000 0 0.9452 0.0000 0.0000 1224.0000 370.0000 1.4470 1.5231 3.4832 11.8529 1.0434 1.4297 2.3705 0.0012
Pedestrian 0.0000 0 -1.5103 665.9290 162.2020 677.7663 192.3301 1.6876 0.6320 0.5777 3.7695 0.6640 39.9344 -1.4151 0.0012
Car 0.0000 0 1.1903 635.5273 169.3471 717.2983 209.9308 1.4601 1.8129 3.9780 2.6674 1.0604 27.5959 1.2873 0.0012
Car 0.0000 0 1.9939 471.5498 183.2382 588.3253 240.7449 1.3133 1.5151 3.9713 -1.8622 1.3946 18.4674 1.8968 0.0012
Car 0.0000 0 -3.2549 0.0000 0.0000 1224.0000 370.0000 1.5824 1.9551 4.5068 19.5558 0.3267 1.7994 -1.7909 0.0012
Car 0.0000 0 0.2268 0.0000 0.0000 1224.0000 370.0000 1.6925 1.9382 4.1760 19.3477 0.3359 0.1693 1.7734 0.0012
Cyclist 0.0000 0 -0.9315 0.0000 161.4088 43.2120 253.8586 1.7423 0.3901 1.9263 -12.3121 1.3841 14.2929 -1.6297 0.0011
Car 0.0000 0 1.9053 479.0932 182.5404 583.4158 238.7029 1.2976 1.4616 4.0510 -1.8471 1.3591 18.6265 1.8099 0.0011
Car 0.0000 0 -3.2621 0.0000 0.0000 1224.0000 370.0000 1.5666 1.7320 3.9123 20.3699 0.3047 0.4533 -1.7281 0.0011
Pedestrian 0.0000 0 -1.5476 666.0220 161.9787 677.6462 192.3758 1.7020 0.6394 0.6319 3.7690 0.6663 39.9348 -1.4524 0.0011
Cyclist 0.0000 0 0.4011 661.3285 153.7202 699.1022 188.9013 1.9451 0.7393 1.9884 4.2314 0.4659 39.8933 0.5078 0.0010
Car 0.0000 0 -0.3233 823.7204 176.7296 1055.7450 248.2235 1.3891 1.6735 4.0532 6.7830 1.3175 14.7690 0.1008 0.0010
Car 0.0000 0 0.5368 663.9412 165.4225 769.1255 208.4647 1.5614 1.6112 3.7336 4.2645 1.0160 27.4546 0.6909 0.0010
Car 0.0000 0 1.5754 485.9515 183.0403 549.9368 239.2373 1.3008 1.4942 3.8515 -2.3043 1.3762 18.5406 1.4556 0.0010
Car 0.0000 0 -2.1198 0.0000 0.0000 1224.0000 370.0000 1.4827 1.5377 3.7274 12.3028 0.9324 1.7381 -0.7136 0.0009
Car 0.0000 0 0.1747 656.4236 168.6192 751.3146 208.3746 1.4706 1.5435 3.4287 3.8227 1.0326 27.4118 0.3135 0.0009
Car 0.0000 0 1.8524 479.5917 181.5680 582.9276 237.8564 1.3115 1.5506 4.4017 -1.8562 1.3450 18.8625 1.7578 0.0009
Car 0.0000 0 1.8003 530.0375 177.2932 619.0783 230.4015 1.3565 1.6848 3.8363 -0.7915 1.2762 20.0987 1.7634 0.0009
Car 0.0000 0 -3.0131 0.0000 0.0000 1224.0000 370.0000 1.5885 1.8949 4.5900 19.4542 0.3399 0.5576 -1.4862 0.0009
Car 0.0000 0 1.9781 471.7668 183.1299 587.3091 240.2526 1.2959 1.4876 4.0353 -1.8605 1.3739 18.3815 1.8807 0.0008
Car 0.0000 0 1.7527 533.4068 160.1406 629.2733 227.4403 1.6693 1.9008 4.4078 -0.5617 1.1659 19.8570 1.7268 0.0008
Car 0.0000 0 0.3773 0.0000 0.0000 1224.0000 370.0000 1.4288 1.5796 3.3924 12.5817 0.9719 1.7433 1.7867 0.0007
Car 0.0000 0 0.9683 668.3804 165.9125 743.7156 207.2329 1.5388 1.4461 3.1044 3.9269 0.9971 28.0379 1.1077 0.0007
Car 0.0000 0 0.9406 663.9010 162.3272 748.5448 207.1846 1.6501 1.5043 3.5373 3.9013 0.9831 27.9186 1.0797 0.0007
Car 0.0000 0 1.2257 664.8649 169.1055 726.2419 206.1450 1.4005 1.3220 3.5718 3.5729 0.9712 28.6159 1.3504 0.0007
Pedestrian 0.0000 0 -1.5118 668.9230 159.2602 684.7300 190.5925 1.7511 0.8499 0.6679 4.0489 0.5654 39.9077 -1.4097 0.0007
Car 0.0000 0 0.2013 637.5179 173.8277 723.7719 211.1022 1.3931 1.4119 3.1256 2.9372 1.1452 27.5661 0.3080 0.0006
Car 0.0000 0 1.9093 506.5586 182.7965 606.4771 236.4261 1.2888 1.4724 3.9412 -1.2369 1.3597 19.2619 1.8480 0.0006
Cyclist 0.0000 0 -1.2123 512.2130 162.8477 559.0797 244.6135 1.7412 0.4585 1.7730 -1.5801 1.3669 15.9676 -1.3072 0.0006
Car 0.0000 0 -2.9079 0.0000 0.0000 1224.0000 370.0000 1.4686 1.4147 3.7199 12.8406 0.9931 1.2827 -1.4601 0.0006
Car 0.0000 0 1.6997 475.2060 183.0855 555.1561 238.8035 1.2831 1.5316 4.1870 -2.2784 1.3602 18.5729 1.5815 0.0006
Car 0.0000 0 1.3994 672.1849 170.4779 719.7110 207.2265 1.3922 1.3390 3.3310 3.5850 1.0140 28.4748 1.5250 0.0005
Pedestrian 0.0000 0 -1.3335 665.0537 162.0641 680.9031 192.3356 1.6779 0.7227 0.7783 3.8086 0.6574 39.6719 -1.2367 0.0005
Car 0.0000 0 1.0692 652.8181 167.8944 726.8927 209.8967 1.5087 1.5344 3.0477 3.1680 1.0575 27.0930 1.1860 0.0005
Car 0.0000 0 1.0777 651.3058 169.6314 733.4618 208.0555 1.4250 1.3903 4.3175 3.3950 1.0234 28.4802 1.1969 0.0005
Car 0.0000 0 1.5009 675.5655 168.8926 716.3497 206.7966 1.4271 1.3865 3.1907 3.5636 0.9916 28.2471 1.6268 0.0005
Car 0.0000 0 1.2130 655.3181 171.9514 722.8857 209.2068 1.3913 1.3767 4.0007 3.2831 1.0736 28.5069 1.3282 0.0005
Car 0.0000 0 1.6783 542.7424 174.9849 610.4368 227.9568 1.3549 1.5170 3.6059 -0.7522 1.2154 19.9323 1.6430 0.0005
Car 0.0000 0 1.4332 672.2324 168.5501 718.3158 207.2520 1.4621 1.4042 3.1124 3.5360 1.0121 28.2706 1.5580 0.0005
Pedestrian 0.0000 0 -1.3372 664.9031 162.2688 681.5068 192.6198 1.6810 0.7698 0.7691 3.8186 0.6727 39.6442 -1.2402 0.0004
Car 0.0000 0 1.4443 671.5096 168.6833 718.4402 208.1389 1.4813 1.4579 3.1244 3.5013 1.0392 28.1046 1.5687 0.0004
Car 0.0000 0 1.5163 670.8701 165.3875 715.7393 208.8626 1.5662 1.5115 3.6339 3.3299 1.0233 27.3303 1.6379 0.0004
Car 0.0000 0 1.6250 546.0563 164.7163 614.8960 224.0553 1.5122 1.7217 3.8308 -0.6345 1.1115 19.9492 1.5956 0.0004
Car 0.0000 0 0.3972 638.3743 170.8785 741.1121 210.2070 1.4480 1.5477 3.6698 3.2678 1.0953 27.6053 0.5154 0.0003
Car 0.0000 0 1.3698 664.3228 174.0103 719.2204 211.5183 1.3947 1.4401 3.7529 3.3692 1.1549 28.2158 1.4890 0.0003
Car 0.0000 0 1.3763 658.4051 168.3751 713.7350 209.1206 1.5060 1.5036 3.5486 3.1153 1.0593 27.9580 1.4878 0.0003
Cyclist 0.0000 0 -0.7551 1009.3088 151.4114 1159.1388 303.6415 1.8037 0.5489 1.6204 5.8966 1.4608 8.7870 -0.1790 0.0002
Car 0.0000 0 1.1750 647.3240 169.5437 716.8469 210.4559 1.5042 1.5376 3.3466 2.9405 1.1029 27.8135 1.2809 0.0002