Car 0.0000 0 -1.0944 202.7156 176.7751 262.2474 205.1219 1.4862 1.5093 3.4444 -20.9090 1.7135 40.0281 -1.5732 0.9990
Car 0.0000 0 -1.0844 201.8631 176.4823 262.7413 204.9005 1.4896 1.5322 3.4898 -20.9102 1.7000 40.0158 -1.5635 0.9989
Car 0.0000 0 -1.0886 202.8219 176.5784 262.8516 205.1298 1.4973 1.5051 3.4774 -20.8902 1.7133 40.0319 -1.5670 0.9987
Car 0.0000 0 -1.0976 203.5432 176.8381 262.9674 205.1785 1.4835 1.4722 3.5240 -20.8649 1.7147 40.0289 -1.5756 0.9985
Car 0.0000 0 -1.0163 38.6364 170.5253 142.0448 217.6717 1.7740 1.6029 3.8146 -20.8625 1.6867 29.1004 -1.6341 0.9983
Car 0.0000 0 -1.0893 203.3362 176.8171 262.9788 205.2066 1.4866 1.4716 3.5036 -20.8685 1.7165 40.0247 -1.5674 0.9983
Car 0.0000 0 -1.0341 38.5479 169.9528 142.0221 217.3940 1.7836 1.6253 3.8680 -20.8741 1.6749 29.1175 -1.6519 0.9982
Car 0.0000 0 -1.0312 39.0159 170.8946 142.2337 217.9535 1.7691 1.6084 3.8662 -20.8567 1.6958 29.1116 -1.6487 0.9982
Car 0.0000 0 -1.0314 38.3284 170.4207 141.1122 218.1335 1.7917 1.5797 3.8778 -20.8757 1.7007 29.0870 -1.6497 0.9979
Car 0.0000 0 -1.0273 37.3871 170.4919 141.8420 218.3281 1.7946 1.5990 3.9303 -20.8754 1.7064 29.0862 -1.6456 0.9979
Car 0.0000 0 -1.0405 39.6764 170.1204 141.7884 217.9278 1.7975 1.6092 3.8391 -20.8523 1.6951 29.1086 -1.6579 0.9977
Car 0.0000 0 -1.0909 203.2134 176.6747 262.8617 205.1287 1.4903 1.4707 3.5132 -20.8716 1.7119 40.0184 -1.5692 0.9963
Car 0.0000 0 -1.1046 202.5437 176.2350 262.3265 204.9873 1.5088 1.5324 3.4783 -20.9059 1.7049 40.0198 -1.5835 0.9959
Car 0.0000 0 -1.1136 203.8286 176.5438 262.3149 205.4697 1.5156 1.4860 3.4776 -20.8642 1.7295 40.0050 -1.5918 0.9941
Car 0.0000 0 -1.5961 574.9293 175.6805 612.8578 213.7209 1.6027 1.6048 4.3978 -0.8323 1.7410 32.9659 -1.6217 0.9912
Car 0.0000 0 -1.5927 574.9301 175.8948 613.0024 213.6894 1.5902 1.6231 4.4117 -0.8282 1.7389 32.9584 -1.6183 0.9908
Car 0.0000 0 -1.6060 574.0157 175.6740 612.8635 213.6581 1.6009 1.6051 4.3800 -0.8541 1.7389 32.9754 -1.6322 0.9906
Car 0.0000 0 -1.0309 38.9040 170.9253 141.9591 218.0155 1.7668 1.5934 3.8666 -20.8267 1.6948 29.0587 -1.6486 0.9906
Car 0.0000 0 -1.5982 573.9152 175.8346 612.4202 213.7269 1.5950 1.6216 4.4002 -0.8662 1.7408 32.9619 -1.6249 0.9902
Car 0.0000 0 -1.6088 573.3594 175.6732 612.8184 213.6556 1.6011 1.6209 4.4070 -0.8718 1.7391 32.9973 -1.6356 0.9902
Car 0.0000 0 -1.5862 574.2779 175.8592 612.4668 213.6794 1.5921 1.6281 4.4086 -0.8402 1.7391 32.9626 -1.6121 0.9897
Car 0.0000 0 -1.0373 37.2439 170.9250 142.6383 217.4046 1.7421 1.6522 3.9503 -20.8544 1.6702 29.0791 -1.6553 0.9852
Car 0.0000 0 -1.5688 574.1740 175.6123 612.8289 213.4481 1.5937 1.6460 4.3772 -0.7925 1.7283 32.9173 -1.5933 0.9836
Car 0.0000 0 -1.0380 37.1044 171.0582 142.8039 218.0397 1.7618 1.6624 3.9604 -20.8674 1.6948 29.0990 -1.6559 0.9801
Car 0.0000 0 -1.6019 574.3780 175.5147 613.3475 213.5923 1.6021 1.6235 4.4827 -0.8361 1.7324 32.9578 -1.6276 0.9713
Car 0.0000 0 -1.0168 38.1390 170.8354 141.8641 217.9687 1.7703 1.5798 3.8670 -20.8577 1.6948 29.0780 -1.6349 0.9707
Car 0.0000 0 -1.0857 202.8944 176.1589 263.0517 205.0251 1.5186 1.5474 3.4004 -20.8942 1.7102 40.0512 -1.5641 0.9657
Car 0.0000 0 -1.6167 573.2771 175.8962 613.2343 213.9908 1.6049 1.6107 4.3584 -0.8637 1.7537 32.9826 -1.6433 0.9548
Car 0.0000 0 -1.6170 573.5527 175.2676 613.9868 213.9771 1.6320 1.6260 4.4701 -0.8427 1.7504 32.9904 -1.6429 0.9368
Car 0.0000 0 -1.0959 202.3224 176.5358 262.9432 205.3968 1.5137 1.5591 3.4719 -20.8965 1.7272 40.0240 -1.5745 0.9343
Car 0.0000 0 -1.0365 35.2932 171.6626 142.0905 217.1942 1.7034 1.6662 4.0000 -20.8827 1.6592 29.0539 -1.6555 0.9304
Car 0.0000 0 -1.5748 574.9318 175.6869 613.1169 213.0665 1.5761 1.6282 4.2696 -0.7818 1.7141 32.9043 -1.5989 0.9176
Car 0.0000 0 -1.5985 574.4753 175.3182 613.3666 213.5889 1.6124 1.6359 4.4360 -0.8325 1.7330 32.9467 -1.6241 0.8780
Car 0.0000 0 -1.5695 573.5718 176.1864 612.1450 213.2750 1.5608 1.6448 4.3181 -0.8236 1.7233 32.9312 -1.5949 0.8598
Car 0.0000 0 -1.0157 38.4628 171.5322 144.3139 217.9924 1.7461 1.6174 3.9510 -20.8375 1.6968 29.1359 -1.6324 0.8526
Car 0.0000 0 -1.1169 203.7045 176.5047 262.0865 205.3834 1.5162 1.5262 3.4071 -20.8917 1.7278 40.0362 -1.5954 0.8361
Car 0.0000 0 -1.0231 35.8643 171.9431 142.7030 216.6504 1.6758 1.6568 3.9613 -20.8786 1.6421 29.0783 -1.6416 0.8190
Car 0.0000 0 -1.0236 37.9140 172.7315 144.1063 218.6131 1.7236 1.6773 3.9048 -20.8337 1.7193 29.1086 -1.6406 0.8007
Car 0.0000 0 -1.6066 573.3566 176.1055 612.9349 214.2995 1.6055 1.6343 4.3541 -0.8672 1.7643 32.9307 -1.6333 0.7955
Car 0.0000 0 -1.5716 573.5210 175.5690 612.2715 213.3542 1.5932 1.6518 4.3965 -0.8274 1.7260 32.9592 -1.5971 0.7928
Car 0.0000 0 -1.1238 204.2097 176.0353 262.3815 204.8296 1.5149 1.5484 3.3791 -20.8775 1.6994 40.0503 -1.6018 0.7890
Car 0.0000 0 -1.0282 36.5653 172.0842 141.6667 218.4699 1.7427 1.6670 3.8637 -20.9029 1.7141 29.0948 -1.6470 0.6887
Car 0.0000 0 -1.0580 201.6904 176.1419 264.2216 204.8710 1.5055 1.5797 3.4387 -20.8410 1.6958 39.9524 -1.5363 0.5912
Car 0.0000 0 -1.5833 573.6216 176.6587 611.1569 213.2897 1.5360 1.5984 4.2079 -0.8734 1.7208 32.8303 -1.6103 0.5881
Car 0.0000 0 -0.3391 313.2223 185.8828 1242.0000 375.0000 1.5583 1.6405 4.3444 1.2253 1.6279 2.9738 0.0158 0.4132
Car 0.0000 0 -0.9405 473.2663 184.1147 1242.0000 375.0000 1.5704 1.6181 4.1005 1.6981 1.6310 2.3555 -0.3741 0.3584
Car 0.0000 0 -0.9869 485.2817 175.7206 1242.0000 375.0000 1.5833 1.6428 3.9901 1.6898 1.5997 2.4552 -0.4391 0.2868
Car 0.0000 0 -0.3064 314.7212 190.2825 1242.0000 375.0000 1.5295 1.6326 4.3109 1.2126 1.6236 2.9605 0.0464 0.2841
Car 0.0000 0 -3.4626 352.8098 180.1128 1242.0000 375.0000 1.5584 1.6809 4.2830 1.3419 1.5981 2.9150 -3.0702 0.2807
Car 0.0000 0 -0.9068 425.5801 183.1765 1242.0000 375.0000 1.5846 1.6526 4.3206 1.6562 1.6388 2.2678 -0.3365 0.2635
Car 0.0000 0 -1.0650 584.5975 179.8033 1242.0000 375.0000 1.5554 1.6047 4.0458 2.0349 1.5937 2.3867 -0.4186 0.2619
Pedestrian 0.0000 0 -1.4225 1122.7960 176.4198 1150.4509 227.5183 1.8291 0.7190 0.7535 19.2407 1.9626 26.4187 -0.7989 0.2546
Pedestrian 0.0000 0 -1.6979 1120.6321 177.7322 1146.6654 227.7482 1.8029 0.6878 0.7012 19.2322 1.9861 26.5692 -1.0772 0.2542
Pedestrian 0.0000 0 -1.5499 1121.8602 178.0476 1145.0872 227.9577 1.7979 0.6828 0.6915 19.2364 1.9930 26.5706 -0.9291 0.2525
Pedestrian 0.0000 0 -1.4864 1123.6168 176.2390 1148.7535 227.2584 1.8275 0.6861 0.7745 19.2325 1.9543 26.4282 -0.8632 0.2506
Car 0.0000 0 1.5025 613.1849 175.1248 633.6144 193.2474 1.6233 1.6263 3.9913 1.2010 1.8414 67.1710 1.5199 0.2468
Pedestrian 0.0000 0 -1.6668 1123.6337 177.3766 1149.6180 227.0397 1.7893 0.7022 0.7193 19.3423 1.9593 26.5703 -1.0433 0.2425
Pedestrian 0.0000 0 -1.5848 1124.6021 177.8653 1148.2688 227.1608 1.7754 0.6889 0.7031 19.3348 1.9637 26.5684 -0.9616 0.2414
Car 0.0000 0 2.0211 615.9620 175.6703 650.2532 192.6417 1.5089 1.5939 4.0228 2.1608 1.7792 67.0116 2.0528 0.2362
Car 0.0000 0 1.5048 612.6034 175.2450 633.5624 193.5078 1.6338 1.6723 4.1998 1.1707 1.8641 67.2465 1.5217 0.2335
Car 0.0000 0 1.5373 616.4052 175.3665 635.8887 193.7346 1.6424 1.6653 4.2924 1.4577 1.8845 67.2609 1.5585 0.2281
Car 0.0000 0 0.7041 589.6950 176.5568 632.7885 193.0661 1.4611 1.5882 3.8630 0.0760 1.8125 66.5445 0.7049 0.2223
Car 0.0000 0 -0.4605 427.2831 177.6520 1242.0000 375.0000 1.5617 1.6597 4.1659 1.4964 1.5871 2.8811 -0.0235 0.2218
Car 0.0000 0 1.5519 616.5232 175.8929 634.3318 193.6356 1.5858 1.5754 4.0064 1.3929 1.8776 67.1786 1.5721 0.2147
Car 0.0000 0 2.0648 615.4622 175.5708 650.7238 192.3570 1.4911 1.5774 3.9671 2.1541 1.7513 66.8872 2.0964 0.2112
Car 0.0000 0 1.5210 616.3336 175.8074 635.8260 193.7218 1.6009 1.6078 4.0702 1.4520 1.8848 67.2119 1.5421 0.2088
Car 0.0000 0 0.6926 588.3337 176.4304 632.0206 192.9138 1.4583 1.6000 3.9020 -0.0219 1.7975 66.5000 0.6919 0.2083
Car 0.0000 0 2.0090 615.5869 175.6310 650.5076 192.7062 1.5183 1.6398 4.1570 2.1605 1.7855 67.1022 2.0407 0.2043
Car 0.0000 0 -0.9111 406.3623 189.3938 1242.0000 375.0000 1.5420 1.5897 4.2601 1.5209 1.6390 2.6040 -0.4316 0.2034
Car 0.0000 0 1.4716 611.7638 175.6673 632.9586 193.2905 1.5709 1.5698 4.0461 1.1014 1.8409 67.0599 1.4876 0.2018
Car 0.0000 0 1.5123 612.9204 175.6544 632.5685 193.3364 1.5797 1.5892 4.0193 1.1404 1.8486 67.1480 1.5288 0.1962
Car 0.0000 0 2.1761 556.8182 177.6629 1242.0000 375.0000 1.5844 1.6583 4.2093 2.0151 1.6107 2.4280 2.8104 0.1912
Pedestrian 0.0000 0 -1.6837 1128.0543 176.0145 1154.6549 226.4717 1.8082 0.7052 0.6912 19.3821 1.9262 26.3878 -1.0561 0.1905
Pedestrian 0.0000 0 -1.7474 1127.4608 176.1515 1155.4971 226.4767 1.8051 0.7178 0.6541 19.3866 1.9281 26.3878 -1.1197 0.1900
Car 0.0000 0 2.3163 444.8552 183.2793 1242.0000 375.0000 1.5652 1.6482 4.2763 1.6101 1.6243 2.6030 2.8200 0.1883
Car 0.0000 0 1.5506 616.6741 175.7050 634.2435 193.4512 1.5873 1.5483 3.9350 1.3956 1.8607 67.1332 1.5709 0.1799
Car 0.0000 0 0.7281 590.7872 176.4154 634.2064 192.9685 1.4646 1.6121 3.9267 0.1898 1.8030 66.5716 0.7306 0.1780
Car 0.0000 0 0.9691 782.7361 178.4990 1242.0000 375.0000 1.5598 1.6154 4.2038 1.9074 1.5969 2.5789 1.5521 0.1714
Car 0.0000 0 2.0623 613.2186 175.8679 650.9865 193.2219 1.5445 1.6696 4.3489 2.0819 1.8357 67.3164 2.0927 0.1664
Car 0.0000 0 0.9459 590.3278 176.1718 630.5241 193.0148 1.4871 1.6165 4.1021 -0.0129 1.8039 66.6822 0.9454 0.1626
Pedestrian 0.0000 0 1.2966 128.5450 175.8279 148.4267 208.7592 1.6108 0.6576 0.7223 -23.4754 1.7609 35.8627 0.7202 0.1609
Car 0.0000 0 1.5821 619.5679 175.9144 637.2427 193.2143 1.5429 1.5943 4.0173 1.7132 1.8365 67.1053 1.6071 0.1593
Car 0.0000 0 2.2569 614.0432 175.8864 656.6225 192.7976 1.5034 1.6613 4.2153 2.3654 1.7945 67.0383 2.2916 0.1585
Car 0.0000 0 1.3114 772.1852 175.7881 816.6228 204.0486 1.6062 1.5887 4.0608 11.0152 1.7917 43.4713 1.5575 0.1571
Car 0.0000 0 2.2673 490.5050 170.0269 1242.0000 375.0000 1.5982 1.6729 4.2316 1.7661 1.5941 2.5963 2.8125 0.1552
Car 0.0000 0 1.8589 617.1641 175.8608 645.1847 192.1084 1.4398 1.5463 3.9220 1.9734 1.7274 66.8193 1.8879 0.1531
Car 0.0000 0 1.6838 617.8043 175.5466 640.6475 193.1509 1.5724 1.6702 4.2107 1.8063 1.8322 67.3182 1.7101 0.1503
Car 0.0000 0 1.7142 617.5507 175.6217 640.7206 192.7875 1.5276 1.5979 4.0067 1.7875 1.7930 66.9959 1.7404 0.1489
Car 0.0000 0 1.6029 619.1778 175.7837 638.3309 193.2999 1.5618 1.6531 4.1975 1.7549 1.8437 67.1915 1.6286 0.1469
Car 0.0000 0 -2.2538 758.2995 178.5566 1242.0000 375.0000 1.5825 1.6616 4.1136 1.7815 1.6171 2.2193 -1.6406 0.1461
Car 0.0000 0 2.1314 615.9507 175.9450 655.5689 192.6766 1.4856 1.6614 4.2862 2.4138 1.7831 67.1298 2.1668 0.1448
Car 0.0000 0 0.9908 590.9039 175.4119 630.2021 193.0332 1.5603 1.6119 4.1603 -0.0033 1.8048 66.7009 0.9903 0.1430
Car 0.0000 0 2.2719 615.0013 176.1267 658.7750 192.8763 1.4863 1.6779 4.3153 2.5104 1.8005 67.0296 2.3088 0.1429
Car 0.0000 0 1.3304 604.3651 174.8343 631.8520 192.9880 1.6237 1.6459 4.0014 0.7021 1.8142 67.1357 1.3405 0.1422
Car 0.0000 0 1.2833 771.1855 175.3597 818.8282 203.4150 1.5923 1.6141 4.2943 11.0558 1.7514 43.5172 1.5300 0.1316
Car 0.0000 0 1.4557 610.4137 175.9007 632.2830 192.8483 1.5075 1.5784 3.9595 1.0057 1.7993 66.9641 1.4702 0.1312
Car 0.0000 0 1.2512 755.6671 174.0316 799.3163 201.8021 1.7199 1.6184 3.8540 10.7887 1.8000 46.8484 1.4757 0.1295
Car 0.0000 0 1.5280 616.4668 176.1496 635.2417 193.4162 1.5392 1.5707 3.9403 1.4293 1.8549 67.0625 1.5488 0.1292
Car 0.0000 0 2.1700 614.0399 176.3739 655.9496 193.3544 1.5105 1.6901 4.4706 2.3553 1.8511 67.4378 2.2044 0.1228
Car 0.0000 0 -2.0418 0.0000 0.0000 1242.0000 375.0000 1.5623 1.5392 3.9109 2.1274 1.5951 2.0178 -1.3006 0.1219
Car 0.0000 0 2.3372 611.7245 175.5529 654.5283 192.5776 1.5150 1.6297 4.0226 2.1471 1.7727 66.8214 2.3688 0.1196
Car 0.0000 0 1.2638 603.4935 176.1654 632.5712 193.5909 1.5461 1.5795 3.9228 0.6929 1.8633 66.9230 1.2738 0.1151
Car 0.0000 0 1.7437 617.5181 175.7212 641.8929 192.5678 1.4970 1.5964 4.0257 1.8408 1.7720 66.9721 1.7707 0.1146
Car 0.0000 0 1.1956 601.5715 175.9283 633.1379 193.2796 1.5377 1.5714 3.9734 0.6278 1.8319 66.8347 1.2046 0.1146
Car 0.0000 0 2.1168 617.4067 175.5736 655.1606 192.3167 1.4869 1.5905 4.1279 2.4532 1.7477 66.9373 2.1529 0.1138
Car 0.0000 0 2.1031 617.0518 175.5905 655.0499 192.5546 1.5070 1.6105 4.2203 2.4363 1.7699 67.0187 2.1390 0.1056
Car 0.0000 0 2.3119 614.2425 175.9289 656.4481 192.4220 1.4654 1.5986 4.0450 2.3553 1.7592 66.8553 2.3466 0.1045
Car 0.0000 0 1.9781 618.5693 175.6795 651.2019 192.0374 1.4483 1.5863 3.9454 2.3154 1.7183 66.7373 2.0122 0.1029
Car 0.0000 0 2.1293 617.8003 175.6864 655.7305 192.3051 1.4710 1.5952 4.0661 2.4885 1.7417 66.7217 2.1661 0.1021
Car 0.0000 0 2.3751 668.1575 151.2222 1242.0000 375.0000 1.5917 1.6635 4.0769 2.2136 1.5568 2.0176 3.1364 0.0982
Car 0.0000 0 2.0320 615.6583 175.7654 650.2297 192.3479 1.4703 1.5899 4.0015 2.1404 1.7490 66.8610 2.0635 0.0969
Car 0.0000 0 1.0287 590.9161 175.2309 630.3151 193.2579 1.5975 1.6603 4.3041 -0.0007 1.8254 66.8082 1.0283 0.0959
Car 0.0000 0 1.0758 595.4700 176.2246 631.2918 193.3513 1.5128 1.5858 4.0257 0.2588 1.8349 66.7257 1.0793 0.0946
Car 0.0000 0 1.2450 756.3737 173.9891 799.9163 201.4035 1.6933 1.6000 3.7982 10.7966 1.7702 46.6961 1.4704 0.0928
Car 0.0000 0 1.1509 597.1703 176.0428 631.4766 193.7255 1.5647 1.6269 4.1411 0.3445 1.8705 66.8706 1.1557 0.0912
Car 0.0000 0 -2.1090 793.7487 174.7184 1242.0000 375.0000 1.5808 1.5689 3.9335 1.8419 1.5930 2.5931 -1.5442 0.0912
Car 0.0000 0 1.1836 597.1387 175.5088 630.8400 193.4881 1.5976 1.6560 4.2165 0.3134 1.8530 67.0445 1.1879 0.0866
Car 0.0000 0 2.3466 615.2936 176.0497 658.9096 192.5476 1.4641 1.6250 4.1091 2.5153 1.7693 66.8088 2.3837 0.0844
Car 0.0000 0 1.0943 733.7497 183.1108 1242.0000 375.0000 1.5602 1.6045 4.1236 1.5946 1.6300 2.8163 1.5645 0.0841
Car 0.0000 0 1.1126 596.7336 176.1052 631.4059 193.3994 1.5291 1.5810 4.0362 0.3223 1.8401 66.7663 1.1171 0.0819
Car 0.0000 0 -2.3496 0.0000 0.0000 1132.0986 375.0000 1.6075 1.6294 4.1163 2.1370 1.6121 1.9902 -1.6003 0.0809
Pedestrian 0.0000 0 0.9136 121.3462 175.7442 144.7873 209.2270 1.6241 0.6605 0.7200 -23.5016 1.7684 35.4991 0.3321 0.0806
Pedestrian 0.0000 0 -1.6704 129.2474 175.7879 146.4628 209.0047 1.6258 0.6498 0.7181 -23.5206 1.7741 35.8824 -2.2474 0.0739
Car 0.0000 0 1.1770 600.7325 176.1496 632.4119 193.0968 1.4992 1.5616 3.8621 0.5558 1.8138 66.7200 1.1849 0.0732
Car 0.0000 0 0.9374 589.0027 175.9145 628.7160 192.8381 1.4914 1.5852 4.0112 -0.1557 1.7823 66.4204 0.9347 0.0715
Cyclist 0.0000 0 -0.2441 1113.7323 175.9601 1176.2639 226.5638 1.8003 0.6766 1.7220 19.4930 1.9170 26.3832 0.3864 0.0694
Car 0.0000 0 1.0964 595.4586 176.1575 630.0358 193.2084 1.5052 1.5860 3.8873 0.2015 1.8201 66.5950 1.0991 0.0687
Pedestrian 0.0000 0 -1.0040 121.0566 175.6993 144.5361 209.0593 1.6198 0.6571 0.7607 -23.5014 1.7616 35.4834 -1.5857 0.0677
Car 0.0000 0 1.2190 600.4308 176.1453 630.9049 192.9670 1.4860 1.5736 3.8642 0.4716 1.7999 66.6381 1.2256 0.0672
Pedestrian 0.0000 0 1.6677 1205.5264 182.0635 1229.8624 244.0093 1.6576 0.4515 0.7098 16.6632 1.9164 19.8369 2.3585 0.0655
Car 0.0000 0 1.3658 769.1318 174.9365 809.7155 203.8110 1.6546 1.5930 3.9589 10.7628 1.7867 43.6394 1.6055 0.0638
Car 0.0000 0 1.0222 725.8181 182.1646 1242.0000 375.0000 1.5856 1.6395 4.2336 1.6129 1.6475 2.6151 1.5247 0.0591
Pedestrian 0.0000 0 0.3747 134.1222 175.5307 156.1637 208.8854 1.6380 0.6775 0.7237 -23.1616 1.7731 35.8987 -0.1951 0.0587
Car 0.0000 0 2.1331 620.4581 175.8219 658.8762 192.4691 1.4761 1.6392 4.0781 2.7636 1.7605 66.8864 2.1738 0.0580
Pedestrian 0.0000 0 1.4695 1204.4451 181.5381 1231.6083 243.7237 1.6630 0.4951 0.7149 16.6730 1.9075 19.8492 2.1602 0.0549
Car 0.0000 0 2.1717 619.4590 176.0659 659.5016 192.8169 1.4869 1.6829 4.1228 2.7516 1.7952 67.0265 2.2122 0.0549
Pedestrian 0.0000 0 -1.4166 163.1201 174.8772 180.3707 207.3542 1.6537 0.6800 0.5671 -22.6151 1.7594 37.1771 -1.9601 0.0530
Pedestrian 0.0000 0 -1.4529 163.2136 174.8198 179.9723 207.2315 1.6494 0.6699 0.6125 -22.6260 1.7522 37.1824 -1.9966 0.0523
Car 0.0000 0 1.2672 757.3150 174.9949 799.6117 201.4980 1.6305 1.6100 3.7191 10.7996 1.7748 46.6119 1.4931 0.0502
Car 0.0000 0 2.1673 621.3228 176.0414 660.3164 192.5386 1.4572 1.6188 4.0252 2.8580 1.7612 66.6383 2.2096 0.0486
Car 0.0000 0 1.3382 768.8726 175.0832 810.8492 203.7458 1.6405 1.5724 3.9686 10.7765 1.7817 43.5941 1.5785 0.0469
Car 0.0000 0 2.0786 620.6545 176.3435 659.0407 193.0281 1.4796 1.7203 4.2595 2.7974 1.8159 67.1957 2.1196 0.0434
Car 0.0000 0 1.2628 439.8968 186.7746 1242.0000 375.0000 1.5799 1.6286 4.1311 0.2032 1.6716 2.5338 1.3290 0.0423
Car 0.0000 0 2.1366 619.7705 175.8885 657.6921 192.3602 1.4536 1.5951 4.0126 2.6624 1.7428 66.5528 2.1760 0.0416
Car 0.0000 0 -0.6782 616.0218 175.9539 664.7245 192.5633 1.4793 1.6716 4.4581 2.8237 1.7761 67.0020 -0.6367 0.0396
Pedestrian 0.0000 0 -2.8194 735.3784 179.2982 744.2747 198.2091 1.7101 0.7850 0.5843 11.8686 2.3048 66.0606 -2.6429 0.0396
Car 0.0000 0 1.3493 769.2611 175.8755 812.5401 203.8238 1.5870 1.6314 4.2073 10.8215 1.7786 43.5458 1.5908 0.0395
Car 0.0000 0 1.1062 442.1728 188.2657 1242.0000 375.0000 1.5793 1.6474 3.9889 0.4085 1.6776 2.4297 1.2495 0.0389
Car 0.0000 0 2.4420 613.7936 175.9310 657.7026 192.1043 1.4369 1.5957 3.9571 2.3775 1.7294 66.6520 2.4772 0.0369
Car 0.0000 0 2.5146 612.8569 176.0107 656.9055 192.4199 1.4595 1.5858 3.8690 2.2898 1.7587 66.5807 2.5485 0.0365
Car 0.0000 0 1.6394 743.4349 175.1895 777.0533 203.7973 1.6223 1.7048 4.3459 9.0929 1.7714 43.6164 1.8431 0.0349
Car 0.0000 0 -2.5234 0.0000 0.0000 1242.0000 375.0000 1.5850 1.6384 4.2816 2.2295 1.6341 1.3407 -1.5875 0.0333
Car 0.0000 0 -2.6299 0.0000 0.0000 1242.0000 375.0000 1.6126 1.6164 4.2975 2.5060 1.5968 1.3978 -1.6547 0.0330
Car 0.0000 0 0.6939 368.8916 186.3532 1242.0000 375.0000 1.5473 1.6324 3.9641 0.6029 1.6349 2.6056 0.8940 0.0328
Pedestrian 0.0000 0 0.4584 1181.4584 178.1344 1221.0050 242.1485 1.7352 0.4774 0.7134 16.3769 1.8854 20.0491 1.1355 0.0313
Car 0.0000 0 1.1193 595.5037 175.9973 628.3366 192.5775 1.4627 1.5716 3.6740 0.1276 1.7610 66.4028 1.1208 0.0308
Pedestrian 0.0000 0 -3.0937 1193.2025 181.5482 1227.9930 244.9916 1.6994 0.4666 0.7182 16.4766 1.9439 19.8510 -2.4089 0.0302
Pedestrian 0.0000 0 0.3564 1181.7032 177.0890 1220.8140 241.4212 1.7458 0.5023 0.7131 16.3961 1.8665 20.0701 1.0336 0.0300
Cyclist 0.0000 0 -0.4453 1093.4468 175.7957 1155.1560 225.8534 1.8089 0.7060 1.7178 18.9110 1.9198 26.6190 0.1666 0.0297
Car 0.0000 0 -2.9819 0.0000 0.0000 1188.0891 375.0000 1.5805 1.6604 4.1033 2.2505 1.6135 0.8604 -1.8865 0.0296
Car 0.0000 0 -2.5226 0.0000 0.0000 1067.4407 375.0000 1.5542 1.6762 4.0314 1.8382 1.6673 1.5838 -1.7513 0.0295
Car 0.0000 0 1.0446 628.9528 183.7211 1242.0000 375.0000 1.5402 1.6575 3.8705 1.2196 1.6165 2.9884 1.3966 0.0279
Car 0.0000 0 0.9421 452.6121 175.5943 1242.0000 375.0000 1.5845 1.6707 3.9030 0.5990 1.6041 2.9296 1.1215 0.0274
Pedestrian 0.0000 0 1.7706 1198.9176 178.9583 1227.7576 242.3243 1.7170 0.4961 0.6712 16.7047 1.8903 20.0310 2.4579 0.0272
Cyclist 0.0000 0 0.7965 1101.3440 178.0687 1155.4452 227.9604 1.7872 0.6929 1.6245 19.2424 1.9880 26.8796 1.4120 0.0270
Car 0.0000 0 2.4662 615.1625 176.0125 660.1445 192.3027 1.4459 1.6097 4.0289 2.5508 1.7460 66.6038 2.5039 0.0260
Pedestrian 0.0000 0 -1.5211 169.5643 173.7982 184.7355 206.4301 1.6648 0.6466 0.4892 -22.3498 1.7143 37.1977 -2.0591 0.0259
Cyclist 0.0000 0 -3.6426 1102.7178 176.6275 1165.1021 226.6165 1.7941 0.6716 1.7396 19.1054 1.9348 26.3958 -3.0220 0.0257
Cyclist 0.0000 0 -0.6781 1113.0922 171.6460 1167.5035 223.0836 1.8748 0.6633 1.5504 19.5461 1.8311 26.6664 -0.0514 0.0246
Car 0.0000 0 -0.8192 616.3555 176.2262 662.0985 192.8578 1.4774 1.6944 4.4171 2.7303 1.8016 67.1229 -0.7791 0.0242
Pedestrian 0.0000 0 1.7842 1198.4652 179.3258 1227.1453 242.3922 1.7104 0.4865 0.6662 16.7018 1.8942 20.0454 2.4710 0.0242
Pedestrian 0.0000 0 -1.5361 170.0510 173.7057 184.9863 206.4276 1.6691 0.6422 0.5200 -22.3347 1.7138 37.2045 -2.0738 0.0234
Car 0.0000 0 -2.9562 0.0000 0.0000 1242.0000 375.0000 1.5578 1.6475 3.6274 4.1436 1.4778 -0.1201 -1.4263 0.0233
Car 0.0000 0 1.2987 471.5445 0.0000 1242.0000 375.0000 1.5892 1.6713 4.0706 0.3098 1.7402 2.0733 1.4220 0.0226
Cyclist 0.0000 0 0.5679 1110.9766 175.1736 1168.5631 226.3608 1.8120 0.6960 1.5737 19.3739 1.9002 26.4765 1.1938 0.0225
Car 0.0000 0 0.9674 615.3395 190.2908 1242.0000 375.0000 1.5386 1.6420 3.9568 1.2199 1.6565 2.7485 1.3446 0.0223
Cyclist 0.0000 0 -0.5752 1106.5782 177.3276 1163.5026 226.0105 1.7681 0.6213 1.6235 19.3110 1.9356 26.6142 0.0467 0.0222
Pedestrian 0.0000 0 0.3075 735.6287 179.3861 743.5568 197.8990 1.6759 0.7351 0.5174 11.8496 2.2785 66.0749 0.4837 0.0217
Car 0.0000 0 1.3290 768.3644 175.3797 811.2288 204.2168 1.6421 1.5517 4.1096 10.7460 1.8019 43.5000 1.5691 0.0214
Car 0.0000 0 -2.9374 0.0000 0.0000 1227.3413 375.0000 1.5779 1.6766 4.0075 2.0202 1.6693 0.6689 -1.8132 0.0213
Pedestrian 0.0000 0 -0.1501 780.6254 174.5046 790.2773 200.5212 1.8216 0.6008 0.5765 12.3425 1.9391 50.8826 0.0861 0.0210
Car 0.0000 0 1.1430 402.1184 184.0744 1242.0000 375.0000 1.6807 1.6360 4.1092 0.2350 1.7532 2.4296 1.2230 0.0208
Cyclist 0.0000 0 0.9454 1112.0851 175.9820 1161.7441 226.9721 1.8198 0.6549 1.6106 19.3942 1.9392 26.6526 1.5687 0.0207
Car 0.0000 0 -1.5453 771.1326 173.0762 814.9371 213.7719 1.4717 1.5490 3.2581 7.0619 1.4812 27.8875 -1.3003 0.0204
Cyclist 0.0000 0 -3.3705 0.0000 0.0000 1242.0000 375.0000 1.7802 0.5717 1.9063 4.9567 1.5507 -0.2525 -1.8074 0.0203
Pedestrian 0.0000 0 0.0744 754.9895 175.7172 763.0498 198.4955 1.8518 0.8053 0.5916 12.2141 2.0892 59.2431 0.2763 0.0202
Pedestrian 0.0000 0 0.7692 1192.6051 180.5845 1232.1488 243.5072 1.6865 0.4800 0.6927 16.4757 1.9030 19.7997 1.4553 0.0194
Car 0.0000 0 0.6727 490.3300 189.4785 1242.0000 375.0000 1.5840 1.5995 3.8371 1.0161 1.6904 2.5518 1.0109 0.0191
Car 0.0000 0 2.4473 295.5873 171.2628 343.1026 194.0834 1.8799 1.8556 3.3312 -24.7002 1.7492 61.3427 2.0658 0.0191
Car 0.0000 0 -0.6937 617.2791 175.3449 666.3602 192.2944 1.5095 1.6842 4.5140 2.9548 1.7479 66.8931 -0.6501 0.0186
Cyclist 0.0000 0 1.2236 1115.7792 175.6429 1154.0267 226.0307 1.8051 0.6156 1.6463 19.4451 1.9125 26.8184 1.8452 0.0186
Pedestrian 0.0000 0 -1.7191 1113.7705 175.1189 1142.9250 225.7639 1.8392 0.7629 0.8055 19.1853 1.9252 26.7785 -1.1032 0.0185
Car 0.0000 0 2.2514 298.6646 170.6112 343.7924 193.5372 1.8880 1.8561 3.3630 -24.5142 1.7036 61.2975 1.8723 0.0175
Car 0.0000 0 -3.2495 0.0000 0.0000 1242.0000 375.0000 1.6335 1.6055 3.6728 4.7027 1.5024 -0.2411 -1.6890 0.0174
Car 0.0000 0 2.2387 0.0000 0.0000 1242.0000 375.0000 1.5988 1.6529 3.5266 -29.1338 1.1573 0.9439 0.7098 0.0171
Cyclist 0.0000 0 -1.7448 1102.2485 173.4765 1130.8749 234.7082 1.6710 0.3756 1.6256 14.3462 1.6898 20.5222 -1.1420 0.0170
Cyclist 0.0000 0 0.9004 1110.6863 176.6306 1161.5225 227.1301 1.7862 0.6291 1.6200 19.2279 1.9294 26.4661 1.5229 0.0168
Car 0.0000 0 1.8794 412.6572 180.3860 441.8068 196.2430 1.4533 1.6309 3.9117 -17.7180 2.2056 70.0292 1.6322 0.0168
Car 0.0000 0 -3.1730 0.0000 0.0000 1242.0000 375.0000 1.4735 1.5239 3.1212 4.9441 1.4789 -0.0688 -1.6470 0.0165
Car 0.0000 0 3.0495 397.4650 179.7999 441.4916 196.1817 1.5221 1.6410 3.9797 -18.4305 2.2076 69.7210 2.7917 0.0165
Car 0.0000 0 2.3645 0.0000 0.0000 1242.0000 375.0000 1.5387 1.5247 3.4217 -29.1144 1.1937 0.9968 0.8374 0.0162
Pedestrian 0.0000 0 -1.1814 778.3416 174.1894 790.3802 200.4133 1.8395 0.6705 0.5495 12.3140 1.9352 51.0724 -0.9466 0.0161
Car 0.0000 0 3.0229 400.5681 181.0331 441.9252 196.5881 1.4404 1.6261 3.7018 -18.2673 2.2477 69.7518 2.7674 0.0157
Car 0.0000 0 2.7668 615.9265 176.1098 661.0697 191.9757 1.4141 1.6099 3.8184 2.5940 1.7197 66.2665 2.8053 0.0151
Cyclist 0.0000 0 -1.8765 1105.0175 173.9842 1144.6234 234.8814 1.6630 0.4309 1.6426 14.6156 1.6969 20.5804 -1.2663 0.0145
Car 0.0000 0 2.1988 304.7886 169.5636 345.7842 192.8981 1.9403 1.7727 3.1099 -24.3420 1.6671 61.7225 1.8244 0.0145
Car 0.0000 0 -3.0200 0.0000 0.0000 1242.0000 375.0000 1.5981 1.7127 3.9082 2.1787 1.5957 0.3566 -1.7396 0.0145
Car 0.0000 0 1.9515 414.3187 183.7351 444.6934 199.4267 1.4217 1.5954 3.7085 -17.4950 2.5072 70.0120 1.7072 0.0144
Pedestrian 0.0000 0 -1.5711 1114.7406 174.4468 1141.0087 225.1870 1.8446 0.7833 0.7914 19.1939 1.9053 26.8110 -0.9555 0.0140
Pedestrian 0.0000 0 0.0170 781.5297 173.9449 788.8302 200.7009 1.8741 0.6027 0.4921 12.3354 1.9520 50.9182 0.2529 0.0140
Pedestrian 0.0000 0 1.3856 167.1675 175.0783 184.3034 206.1412 1.5942 0.6843 0.4959 -22.6075 1.7114 37.4994 0.8461 0.0136
Car 0.0000 0 2.1267 520.2659 176.9662 560.7859 194.0608 1.4585 1.6507 4.2196 -6.2268 1.8416 64.9019 2.0311 0.0135
Pedestrian 0.0000 0 1.6913 1212.3307 179.7482 1240.8071 243.9313 1.7173 0.5200 0.7044 16.8974 1.9112 19.8261 2.3891 0.0134
Car 0.0000 0 2.1510 519.2217 177.2022 560.4576 194.5408 1.4693 1.6531 4.1711 -6.2497 1.8717 64.4894 2.0545 0.0134
Car 0.0000 0 2.4001 0.0000 0.0000 1242.0000 375.0000 1.6011 1.5618 3.4804 -29.1734 1.1162 0.9606 0.8717 0.0131
Car 0.0000 0 1.8367 632.4131 175.3348 661.5983 192.0286 1.4819 1.6884 4.1001 3.4472 1.7199 66.9156 1.8876 0.0129
Car 0.0000 0 1.9181 425.0259 177.5168 462.1506 196.1644 1.4278 1.6267 4.1135 -13.4566 1.8198 58.4551 1.6925 0.0128
Pedestrian 0.0000 0 1.8229 1211.2257 179.6165 1242.0000 243.6229 1.7136 0.5338 0.7076 16.9283 1.9038 19.8271 2.5217 0.0128
Cyclist 0.0000 0 -0.5739 1103.0284 177.9303 1163.1826 226.7761 1.7724 0.6706 1.7099 19.2502 1.9628 26.6313 0.0462 0.0127
Car 0.0000 0 2.1575 518.5192 177.3177 560.4269 194.7571 1.4676 1.6768 4.1720 -6.2440 1.8783 64.0952 2.0604 0.0127
Car 0.0000 0 2.1103 520.7330 176.7663 561.3720 193.8186 1.4635 1.6773 4.3277 -6.2153 1.8305 65.3008 2.0154 0.0126
Car 0.0000 0 1.5918 573.7848 177.5332 608.2148 209.6811 1.6038 1.7487 4.4700 -1.0148 1.8708 38.8843 1.5653 0.0126
Car 0.0000 0 1.9224 427.0975 177.2464 464.2793 195.8617 1.4452 1.6354 4.1779 -13.4592 1.8193 59.2187 1.6996 0.0126
Car 0.0000 0 -0.9724 0.0000 0.0000 1242.0000 375.0000 1.5324 1.6492 3.6694 -29.3933 1.2124 1.0391 -2.4984 0.0125
Car 0.0000 0 1.0570 587.1646 175.9406 623.5290 192.4537 1.4585 1.6072 3.9769 -0.4823 1.7531 66.6455 1.0494 0.0124
Car 0.0000 0 2.0829 522.0304 176.6839 561.1520 193.2917 1.4338 1.6522 4.2942 -6.1999 1.7948 65.6475 1.9888 0.0123
Car 0.0000 0 1.9190 426.1190 177.4833 463.0605 196.0288 1.4293 1.6248 4.1241 -13.4605 1.8209 58.8263 1.6947 0.0123
Car 0.0000 0 1.9887 507.3606 177.5959 548.6018 197.6980 1.4286 1.5966 4.0263 -6.1690 1.8011 54.4556 1.8760 0.0122
Car 0.0000 0 1.8056 518.3635 177.6332 551.2903 197.4489 1.4419 1.6166 4.1079 -5.7827 1.8252 55.6759 1.7022 0.0122
Car 0.0000 0 -3.1631 0.0000 0.0000 1242.0000 375.0000 1.5443 1.5467 3.2417 4.6042 1.4945 -0.1181 -1.6296 0.0121
Car 0.0000 0 -1.3238 769.8467 172.7945 830.2368 212.8854 1.4500 1.5218 3.2332 7.3443 1.4482 27.8769 -1.0693 0.0121
Car 0.0000 0 1.5909 638.1697 175.6842 656.3860 191.9658 1.4525 1.6170 4.0426 3.4759 1.7244 67.1609 1.6420 0.0121
Car 0.0000 0 2.1675 407.6900 177.9189 456.5001 197.9142 1.4664 1.6215 4.1913 -13.8506 1.8778 56.2992 1.9271 0.0119
Car 0.0000 0 -0.8386 286.2405 165.4532 340.0811 191.1514 2.0831 1.7086 4.3759 -24.9843 1.4835 60.8329 -1.2269 0.0118
Car 0.0000 0 1.9495 340.9991 176.4552 381.8619 195.5514 1.4520 1.6423 4.2396 -19.8889 1.7517 57.8296 1.6194 0.0118
Car 0.0000 0 1.7862 519.7224 177.2703 551.6599 197.0396 1.4610 1.6388 4.1393 -5.7936 1.8199 56.4286 1.6839 0.0118
Car 0.0000 0 1.8962 344.9031 176.4441 382.2906 195.3262 1.4509 1.6276 4.1063 -19.8732 1.7515 58.2766 1.5687 0.0117
Car 0.0000 0 1.6965 574.0169 177.7047 611.4273 205.2735 1.5572 1.7355 4.4065 -1.0283 1.8675 43.8341 1.6727 0.0117
Car 0.0000 0 1.9197 514.6747 177.5706 552.5387 197.2656 1.4104 1.5904 3.9982 -5.7849 1.7830 54.8199 1.8147 0.0117
Car 0.0000 0 -1.3540 769.8243 171.8088 828.9918 212.7818 1.4841 1.5514 3.3136 7.3438 1.4466 27.9600 -1.1003 0.0116
Car 0.0000 0 1.6836 529.2163 178.3499 554.8320 197.0419 1.3993 1.5875 3.9518 -5.3767 1.8503 57.1733 1.5899 0.0116
Car 0.0000 0 2.0349 521.1314 177.7463 558.2651 195.1750 1.4567 1.6258 4.0448 -6.1873 1.9038 63.7063 1.9381 0.0115
Car 0.0000 0 -1.4030 768.0793 172.1495 824.2661 213.2472 1.4954 1.5636 3.5633 7.2848 1.4702 28.1977 -1.1532 0.0115
Car 0.0000 0 1.6625 532.8857 177.1134 554.4127 193.3977 1.4537 1.6325 4.2007 -6.2047 1.8656 67.6096 1.5710 0.0115
Car 0.0000 0 1.7118 527.2899 178.4720 554.7463 197.6950 1.4168 1.5958 3.9629 -5.3781 1.8718 56.3721 1.6167 0.0115
Car 0.0000 0 1.7026 528.1617 178.5007 554.8215 197.3345 1.3983 1.5850 3.9430 -5.3793 1.8586 56.7655 1.6082 0.0115
Car 0.0000 0 1.9685 336.4462 175.5679 379.6279 195.4135 1.4923 1.6594 4.3711 -19.9013 1.7158 57.0987 1.6343 0.0114
Car 0.0000 0 2.0325 523.3484 176.5150 560.6470 193.1179 1.4417 1.6485 4.3114 -6.1934 1.7885 65.9751 1.9389 0.0114
Car 0.0000 0 1.6281 576.4368 177.5163 609.3583 205.0325 1.5643 1.7536 4.6654 -1.0276 1.8654 44.1779 1.6044 0.0114
Car 0.0000 0 1.5854 572.6495 177.7497 602.2511 204.8115 1.5407 1.7187 4.4721 -1.3817 1.8559 44.1412 1.5538 0.0113
Car 0.0000 0 1.9943 507.8460 177.5436 549.0090 197.3693 1.4191 1.5943 4.0276 -6.1776 1.7899 54.8292 1.8823 0.0113
Cyclist 0.0000 0 0.8882 1107.6250 177.5429 1159.3241 228.0151 1.7950 0.6585 1.6288 19.2623 1.9740 26.6469 1.5083 0.0113
Cyclist 0.0000 0 2.3530 1198.7869 180.7925 1242.0000 247.4845 1.7904 0.5550 1.4257 17.0096 2.0122 19.7857 3.0551 0.0113
Car 0.0000 0 -1.5772 771.4526 174.1701 813.6034 213.7651 1.4354 1.4979 3.3290 7.0318 1.4902 28.0667 -1.3347 0.0113
Car 0.0000 0 2.3933 289.6400 168.4139 342.6522 193.4734 2.0405 1.8274 3.9601 -24.7868 1.6793 60.9309 2.0082 0.0112
Car 0.0000 0 1.5869 578.8345 177.5284 598.4874 195.1554 1.4110 1.5951 3.9486 -1.7936 1.8180 60.7909 1.5571 0.0112
Car 0.0000 0 1.7536 529.2940 177.8203 556.0357 195.2637 1.4215 1.5938 3.9766 -5.7743 1.8628 62.0158 1.6608 0.0112
Car 0.0000 0 1.3831 582.6131 176.7365 613.9407 197.0198 1.4559 1.6233 4.1677 -0.9580 1.7632 54.8373 1.3653 0.0112
Car 0.0000 0 1.7763 531.4197 177.5695 558.2922 194.6270 1.4382 1.6007 3.9694 -5.7678 1.8706 64.0393 1.6865 0.0112
Car 0.0000 0 1.6019 578.6441 177.3444 598.9049 194.8087 1.4088 1.5990 3.9336 -1.7947 1.8022 61.1809 1.5723 0.0112
Car 0.0000 0 1.4635 579.6264 177.1441 606.5784 197.5734 1.4764 1.6222 4.1098 -1.3546 1.8176 55.1860 1.4386 0.0112
Car 0.0000 0 1.5406 577.3035 177.1557 599.0636 196.1481 1.4258 1.5951 4.0079 -1.7822 1.7790 57.1412 1.5092 0.0112
Car 0.0000 0 1.7083 539.3018 177.4263 562.7134 193.5615 1.4054 1.6056 3.9916 -5.3874 1.8372 66.0390 1.6269 0.0112
Car 0.0000 0 1.3636 582.0372 177.0002 614.3880 197.4363 1.4543 1.6165 4.1331 -0.9569 1.7800 54.4286 1.3457 0.0112
Car 0.0000 0 1.7455 523.2650 178.4689 553.3031 198.2307 1.4017 1.5885 3.9670 -5.3910 1.8410 54.3704 1.6467 0.0112
Car 0.0000 0 1.6280 542.6883 177.3692 562.0876 192.9653 1.3932 1.5902 3.9582 -5.3900 1.8291 67.6054 1.5484 0.0112
Car 0.0000 0 1.8324 515.5344 177.9593 549.8235 198.1044 1.4203 1.5837 3.9544 -5.7701 1.8175 53.9976 1.7260 0.0112
Car 0.0000 0 1.7429 530.1530 177.7622 556.2316 195.1131 1.4239 1.5899 3.9791 -5.7662 1.8627 62.4132 1.6508 0.0112
Car 0.0000 0 1.9004 514.5637 177.6902 551.6382 197.5740 1.4132 1.5846 3.9589 -5.7807 1.7924 54.4099 1.7947 0.0112
Car 0.0000 0 1.6663 541.5143 177.5426 562.5848 193.1602 1.3860 1.5884 3.9581 -5.3890 1.8361 67.2191 1.5863 0.0112
Car 0.0000 0 1.5905 533.3683 178.9109 553.9590 197.2977 1.4101 1.5927 3.9971 -5.3947 1.9207 58.7332 1.4989 0.0112
Car 0.0000 0 1.8894 521.7163 177.5223 554.0511 195.1756 1.4389 1.6000 3.9856 -6.1843 1.8545 62.0498 1.7902 0.0112
Car 0.0000 0 1.6190 533.2172 179.1997 554.9100 197.5537 1.4180 1.5837 3.9623 -5.3987 1.9562 59.1461 1.5280 0.0112
Car 0.0000 0 1.7716 531.9158 177.4930 558.4904 194.4693 1.4408 1.6032 3.9819 -5.7723 1.8687 64.4330 1.6823 0.0112
Car 0.0000 0 1.6151 531.9930 178.6076 553.9302 196.9781 1.3920 1.5824 3.9531 -5.3776 1.8704 57.9423 1.5226 0.0112
Car 0.0000 0 1.7770 530.9076 177.9679 557.8847 195.1704 1.4387 1.5930 3.9635 -5.7712 1.9046 63.6266 1.6865 0.0112
Car 0.0000 0 1.6826 540.7898 177.4495 562.6920 193.1197 1.3824 1.5923 3.9562 -5.3854 1.8211 66.8262 1.6022 0.0112
Car 0.0000 0 1.5125 577.4203 177.2361 600.1315 195.6266 1.4101 1.5987 4.0109 -1.7717 1.7776 58.3759 1.4819 0.0112
Car 0.0000 0 1.7493 531.0245 177.9924 557.0255 195.3323 1.4408 1.5914 3.9625 -5.7664 1.9058 63.2043 1.6584 0.0112
Car 0.0000 0 1.6910 540.2038 177.4776 562.6163 193.3214 1.3889 1.5947 3.9679 -5.3840 1.8279 66.4367 1.6101 0.0112
Car 0.0000 0 1.7292 531.0148 177.8382 556.2927 194.9996 1.4173 1.5873 3.9617 -5.7621 1.8655 62.7946 1.6377 0.0112
Car 0.0000 0 1.5100 577.0820 177.1434 600.1013 195.7063 1.4135 1.6011 4.0092 -1.7751 1.7708 57.9666 1.4792 0.0112
Car 0.0000 0 1.7207 526.4841 178.6172 554.5830 198.0117 1.4179 1.5954 3.9788 -5.3778 1.8816 55.9827 1.6250 0.0112
Car 0.0000 0 1.5425 578.7984 177.2687 599.5149 195.2033 1.4159 1.6033 3.9745 -1.7841 1.7958 59.9915 1.5125 0.0112
Car 0.0000 0 1.5675 579.0835 177.1570 598.8842 194.8644 1.4092 1.6026 3.9530 -1.7911 1.7817 60.3960 1.5376 0.0112
Car 0.0000 0 1.7215 525.2328 178.5910 553.7940 198.1858 1.4108 1.5934 3.9943 -5.3779 1.8660 55.1756 1.6244 0.0112
Car 0.0000 0 1.7197 525.9146 178.4442 554.1631 197.8395 1.4082 1.5945 3.9799 -5.3774 1.8549 55.5820 1.6233 0.0112
Car 0.0000 0 1.5581 577.2877 177.6482 598.4852 197.1430 1.4402 1.5959 4.0055 -1.7807 1.8284 56.3387 1.5263 0.0112
Car 0.0000 0 1.5238 577.8868 177.0850 599.9563 195.2582 1.4047 1.6040 4.0083 -1.7710 1.7619 58.7889 1.4934 0.0112
Car 0.0000 0 1.5336 578.4510 176.9978 599.7940 194.9768 1.4107 1.6082 3.9845 -1.7765 1.7651 59.5957 1.5035 0.0112
Car 0.0000 0 1.7262 524.5053 178.3209 553.3818 197.7360 1.3883 1.5865 3.9754 -5.3812 1.8190 54.7662 1.6283 0.0112
Car 0.0000 0 1.5942 532.9096 179.2198 553.7087 197.6219 1.3996 1.5835 3.9901 -5.3869 1.9327 58.3356 1.5022 0.0112
Car 0.0000 0 1.5319 578.2951 177.1837 599.8196 195.3136 1.4114 1.6039 4.0034 -1.7710 1.7793 59.2007 1.5017 0.0112
Car 0.0000 0 1.6550 530.5143 178.9214 554.4564 197.2919 1.3817 1.5770 3.9443 -5.3774 1.8827 57.5535 1.5619 0.0112
Car 0.0000 0 1.5247 577.1969 177.2992 599.5880 196.0801 1.4190 1.5948 4.0116 -1.7783 1.7866 57.5495 1.4935 0.0112
Car 0.0000 0 1.8004 570.9535 177.9127 621.4791 209.6126 1.5729 1.7673 4.4046 -0.7100 1.8623 38.8841 1.7817 0.0111
Car 0.0000 0 1.8534 522.7476 177.3882 553.6458 195.0619 1.4499 1.5988 4.0360 -6.1935 1.8558 62.4114 1.7545 0.0111
Car 0.0000 0 2.1748 408.9469 177.6024 458.0628 197.6073 1.4794 1.6443 4.2155 -13.8361 1.8677 56.6911 1.9361 0.0111
Car 0.0000 0 1.7583 530.5482 177.2569 556.1918 193.4815 1.4388 1.6279 4.2139 -6.2016 1.8634 67.3407 1.6664 0.0111
Car 0.0000 0 1.9245 339.3117 176.1185 380.0291 195.4949 1.4647 1.6591 4.3425 -19.9021 1.7350 57.4658 1.5922 0.0110
Car 0.0000 0 2.2342 403.9016 179.4414 443.5475 196.4632 1.5446 1.7395 3.7474 -17.8290 2.1950 69.1353 1.9825 0.0110
Cyclist 0.0000 0 -1.6901 1107.0597 175.1375 1133.0687 235.9182 1.6452 0.3938 1.6315 14.3623 1.7127 20.4020 -1.0841 0.0110
Cyclist 0.0000 0 0.9957 1188.9585 180.7283 1242.0000 243.4521 1.6402 0.5530 1.5115 16.6929 1.8657 19.8443 1.6872 0.0108
Car 0.0000 0 1.5813 572.8418 177.6125 602.4366 205.0266 1.5539 1.7092 4.4207 -1.3725 1.8584 43.8959 1.5497 0.0108
Car 0.0000 0 2.2317 514.3335 176.1564 559.3384 193.7590 1.5099 1.6561 4.4514 -6.5751 1.8188 65.0871 2.1311 0.0107
Cyclist 0.0000 0 -2.2613 1214.6260 180.0966 1242.0000 260.6193 1.6092 0.3527 1.4645 13.5365 1.7704 15.2853 -1.5467 0.0107
Car 0.0000 0 1.9459 427.5623 177.0800 466.1421 195.6977 1.4549 1.6638 4.2589 -13.4533 1.8175 59.6259 1.7246 0.0107
Car 0.0000 0 1.9325 621.2780 176.1913 653.5370 192.9252 1.5166 1.6782 4.2301 2.6231 1.8446 68.5707 1.9702 0.0107
Car 0.0000 0 1.9710 524.9149 176.5880 559.9371 193.0533 1.4395 1.6488 4.3474 -6.1986 1.7957 66.4515 1.8781 0.0105
Car 0.0000 0 1.8694 527.5317 176.7496 558.2398 192.9543 1.4286 1.6505 4.2879 -6.2071 1.8028 66.9665 1.7770 0.0105
Cyclist 0.0000 0 1.2818 1196.3717 180.8636 1239.8313 243.6113 1.6490 0.5024 1.4865 16.7374 1.8795 19.9414 1.9722 0.0104
Cyclist 0.0000 0 -1.1629 0.0000 0.0000 1242.0000 375.0000 1.8171 0.6347 1.8749 5.0042 1.5530 -0.2269 0.3952 0.0103
Car 0.0000 0 -1.6658 572.2540 177.0179 613.9312 209.5266 1.6142 1.8196 4.2718 -0.9995 1.8503 38.6254 -1.6921 0.0103
Car 0.0000 0 1.9728 334.6400 175.3255 378.7440 195.3211 1.4932 1.6644 4.4349 -19.8678 1.6955 56.7060 1.6370 0.0102
Car 0.0000 0 2.0028 336.4019 175.6055 380.6429 194.9169 1.4785 1.6816 4.3867 -20.2276 1.7092 58.1491 1.6692 0.0102
Car 0.0000 0 1.4210 767.0325 175.5290 804.3380 203.0785 1.5670 1.5878 4.0117 10.5067 1.7363 43.5042 1.6560 0.0102
Car 0.0000 0 1.4586 348.3682 180.8349 371.7002 196.8465 1.4499 1.6506 4.4676 -24.3196 2.2516 70.0701 1.1254 0.0101
Car 0.0000 0 -1.5775 771.0436 173.9892 812.8124 214.0065 1.4542 1.4871 3.3600 7.0228 1.5016 28.1260 -1.3358 0.0101
Car 0.0000 0 0.5170 0.0000 0.0000 1242.0000 375.0000 1.6100 1.7387 4.2170 -5.0773 1.6464 -0.1733 -1.0311 0.0099
Car 0.0000 0 1.4592 581.9366 177.2294 612.0289 199.6055 1.4708 1.6476 4.0876 -0.9783 1.7897 50.3942 1.4395 0.0098
Car 0.0000 0 -0.1180 29.2124 0.0000 1242.0000 375.0000 1.5853 1.6777 4.2136 -2.9741 1.6943 1.3439 -1.1887 0.0098
Pedestrian 0.0000 0 -1.4256 186.2684 173.1700 201.3560 204.7791 1.6976 0.6267 0.6116 -22.6180 1.7152 39.1547 -1.9467 0.0097
Cyclist 0.0000 0 -3.8315 1184.1492 182.1454 1242.0000 243.2155 1.6522 0.5388 1.5225 16.7430 1.9119 19.8711 -3.1392 0.0097
Car 0.0000 0 -1.6040 575.4805 177.4406 612.4584 210.8554 1.6137 1.7727 4.2765 -0.9263 1.8672 37.6287 -1.6290 0.0096
Pedestrian 0.0000 0 -1.3629 1116.3741 169.7374 1147.5618 236.3638 1.8318 0.5930 0.6518 14.6208 1.7465 20.2737 -0.7455 0.0096
Car 0.0000 0 -1.6064 769.5825 174.1733 812.7315 214.2097 1.4608 1.4961 3.4239 7.0017 1.5162 28.2718 -1.3666 0.0095
Car 0.0000 0 1.6966 519.0505 176.9481 545.9259 196.3287 1.4673 1.6213 4.2015 -6.1777 1.8068 57.6362 1.5900 0.0095
Car 0.0000 0 -4.2979 0.0000 0.0000 1242.0000 375.0000 1.5212 1.6557 3.7342 5.6645 1.4688 -0.2296 -2.7377 0.0095
Car 0.0000 0 1.3331 567.6623 176.9391 604.4365 199.4975 1.4961 1.6627 4.1023 -1.7613 1.7968 50.8471 1.2982 0.0095
Pedestrian 0.0000 0 1.5478 1213.3928 183.3381 1238.7201 245.9397 1.6502 0.5007 0.6707 16.6614 1.9412 19.5761 2.2449 0.0094
Car 0.0000 0 1.9684 508.5591 177.4431 549.4775 197.7252 1.4622 1.6367 4.1438 -6.1763 1.8280 55.2382 1.8572 0.0093
Car 0.0000 0 1.7893 444.2416 177.9851 488.5583 204.9091 1.5049 1.7488 4.1170 -8.5689 1.8273 43.1990 1.5943 0.0093
Pedestrian 0.0000 0 -1.2713 1115.2896 169.2920 1148.5972 236.0338 1.8355 0.5901 0.6743 14.6240 1.7379 20.2801 -0.6540 0.0093
Pedestrian 0.0000 0 -1.4868 167.0587 174.5099 183.6232 206.3704 1.6366 0.6871 0.6284 -22.6473 1.7241 37.5389 -2.0267 0.0091
Car 0.0000 0 1.5222 566.3922 178.2144 597.6505 204.9176 1.5218 1.6953 4.3625 -1.7949 1.8678 44.2693 1.4814 0.0091
Car 0.0000 0 2.1090 412.3950 177.3103 458.9552 197.0839 1.4787 1.6601 4.2203 -13.7965 1.8465 57.2343 1.8732 0.0091
Car 0.0000 0 2.3333 512.1471 177.4919 558.8112 195.3835 1.5023 1.6616 4.2115 -6.5816 1.9273 63.8820 2.2307 0.0091
Car 0.0000 0 1.9625 334.1486 175.2545 377.4597 195.1418 1.4797 1.6622 4.3346 -19.8414 1.6751 56.4257 1.6256 0.0091
Car 0.0000 0 -1.5833 575.8391 177.6389 611.9637 211.1476 1.6122 1.7709 4.3221 -0.9067 1.8760 37.5311 -1.6078 0.0090
Car 0.0000 0 2.2952 512.2106 177.1940 558.1414 195.2375 1.5236 1.6280 4.2972 -6.6395 1.9236 64.2145 2.1922 0.0090
Car 0.0000 0 2.0504 414.8530 177.0955 459.3414 196.6506 1.4751 1.6703 4.2826 -13.7932 1.8281 57.6956 1.8165 0.0089
Car 0.0000 0 4.3268 0.0000 0.0000 1242.0000 375.0000 1.5860 1.6915 4.4037 -4.3613 1.6593 0.1190 2.8490 0.0089
Car 0.0000 0 1.7889 570.9085 177.8176 622.0680 209.6488 1.5810 1.7776 4.8100 -0.6920 1.8682 39.1589 1.7708 0.0088
Car 0.0000 0 1.5881 300.4536 177.6028 328.4077 202.3438 1.5103 1.6105 3.6521 -19.1656 1.8318 46.8020 1.2012 0.0088
Car 0.0000 0 -0.5531 0.0000 0.0000 1242.0000 375.0000 1.6331 1.6353 4.1873 -2.4596 1.6719 1.0469 -1.6288 0.0087
Car 0.0000 0 -1.6602 762.7354 172.6889 812.2784 213.7498 1.5041 1.5501 3.5807 6.8585 1.4984 28.3118 -1.4254 0.0087
Car 0.0000 0 -1.6020 769.3672 173.4943 812.9098 214.3361 1.4907 1.5237 3.3517 6.9800 1.5177 28.1869 -1.3622 0.0086
Car 0.0000 0 1.9535 333.2457 175.3471 376.1153 195.3706 1.4835 1.6667 4.2752 -19.8388 1.6854 56.1661 1.6152 0.0086
Car 0.0000 0 2.0416 334.4613 175.5694 381.0424 194.9832 1.4760 1.6823 4.4565 -20.1732 1.7027 57.8244 1.7071 0.0085
Pedestrian 0.0000 0 -2.3393 1098.6621 170.7848 1135.4363 238.3051 1.8749 0.5876 0.6146 14.2728 1.8178 20.3844 -1.7358 0.0085
Car 0.0000 0 2.1762 515.5751 176.1784 559.9963 193.5925 1.4983 1.6869 4.6066 -6.5188 1.8113 65.4260 2.0769 0.0085
Car 0.0000 0 1.7733 516.5113 176.0313 547.9310 195.8439 1.4915 1.6531 4.2713 -6.1493 1.7535 57.2251 1.6664 0.0084
Cyclist 0.0000 0 -0.4619 1097.9685 175.1320 1162.0540 224.3040 1.7871 0.7454 1.7847 19.2322 1.8736 26.7742 0.1552 0.0084
Car 0.0000 0 1.9908 417.3661 176.9619 459.5818 196.3984 1.4761 1.6706 4.3607 -13.7703 1.8202 58.0650 1.7587 0.0084
Pedestrian 0.0000 0 -1.1613 1107.9761 175.7158 1139.4908 225.2031 1.7885 0.7057 0.7612 18.9180 1.8965 26.6319 -0.5494 0.0083
Car 0.0000 0 1.8960 510.8874 177.1948 548.8282 197.3992 1.4680 1.6459 4.2178 -6.1545 1.8165 55.6203 1.7860 0.0083
Car 0.0000 0 2.0009 418.2454 176.5691 460.6699 195.8268 1.4726 1.6539 4.4036 -13.7673 1.7856 58.3905 1.7701 0.0083
Cyclist 0.0000 0 -1.1819 0.0000 0.0000 1242.0000 375.0000 1.7871 0.6024 1.9264 5.2153 1.4712 -0.1758 0.3670 0.0083
Car 0.0000 0 2.0581 332.5151 175.6975 379.6072 195.7946 1.5132 1.6498 4.4114 -20.1182 1.7484 57.2808 1.7215 0.0083
Car 0.0000 0 1.9719 427.8481 176.8142 468.6311 195.5742 1.4754 1.7074 4.4572 -13.4357 1.8184 60.0812 1.7526 0.0082
Car 0.0000 0 2.0239 334.2109 175.9178 379.8436 195.5304 1.4828 1.6605 4.4302 -20.1413 1.7374 57.5642 1.6885 0.0082
Car 0.0000 0 1.8415 524.5583 176.2908 554.5333 193.1691 1.4867 1.6442 4.4096 -6.5006 1.8163 66.8081 1.7445 0.0081
Car 0.0000 0 1.4348 766.4016 175.4419 802.7952 203.5089 1.5954 1.5782 4.0721 10.4412 1.7594 43.5030 1.6684 0.0081
Pedestrian 0.0000 0 -2.5481 1099.0763 171.9024 1134.4796 239.0892 1.8611 0.5901 0.5901 14.2547 1.8351 20.3661 -1.9449 0.0081
Car 0.0000 0 1.8312 514.7685 176.2541 549.0219 196.0793 1.4801 1.6481 4.2370 -6.1320 1.7587 56.8444 1.7239 0.0081
Pedestrian 0.0000 0 1.5911 1213.9619 184.3746 1238.9066 247.0325 1.6478 0.5066 0.6861 16.6616 1.9672 19.5539 2.2888 0.0080
Car 0.0000 0 2.3555 0.0000 0.0000 1242.0000 375.0000 1.6285 1.6478 3.6822 -29.1240 1.1516 0.9266 0.8261 0.0080
Car 0.0000 0 2.1059 517.9727 175.9899 559.4326 193.2004 1.4911 1.6715 4.5614 -6.4737 1.7880 65.8108 2.0079 0.0080
Car 0.0000 0 1.5353 583.6882 177.2792 609.8165 199.5148 1.4514 1.6560 4.2058 -0.9862 1.7722 50.0945 1.5152 0.0079
Car 0.0000 0 0.4418 0.0000 0.0000 1242.0000 375.0000 1.5735 1.7173 4.2325 -4.3254 1.6017 0.3206 -0.9895 0.0079
Car 0.0000 0 1.8608 288.1213 177.4796 332.7310 202.5066 1.4732 1.6221 3.5322 -18.6558 1.7738 44.9897 1.4696 0.0079
Car 0.0000 0 -2.4924 0.0000 0.0000 1066.9604 375.0000 1.6132 1.6893 3.7364 1.6938 1.7364 1.5485 -1.7533 0.0079
Car 0.0000 0 1.5867 707.9011 175.9263 732.4635 198.1203 1.5489 1.7227 4.7873 8.1823 1.7879 53.5492 1.7371 0.0079
Car 0.0000 0 1.5451 460.5373 178.6293 490.4374 205.3222 1.4961 1.6639 3.8722 -8.1606 1.8605 43.4013 1.3599 0.0079
Pedestrian 0.0000 0 0.3666 1095.0896 168.1436 1133.6736 237.1175 1.9200 0.6307 0.7263 14.3239 1.7892 20.5605 0.9678 0.0078
Pedestrian 0.0000 0 1.8987 0.0000 0.0000 1242.0000 375.0000 1.9309 0.6742 0.9729 -4.6300 1.7154 0.1795 0.4286 0.0078
Car 0.0000 0 2.2865 512.4547 176.2539 559.2495 194.4051 1.5474 1.6455 4.4674 -6.6227 1.8634 64.6714 2.1845 0.0077
Cyclist 0.0000 0 1.0857 1196.3735 178.8626 1242.0000 244.5765 1.6949 0.5370 1.6073 16.6643 1.8655 19.6034 1.7822 0.0077
Car 0.0000 0 2.0291 519.8214 176.3303 558.1885 193.6401 1.5077 1.6567 4.5673 -6.4890 1.8389 66.2480 1.9315 0.0077
Car 0.0000 0 1.9915 419.7100 176.3168 461.7748 195.5997 1.4850 1.6599 4.4505 -13.7465 1.7786 58.7476 1.7624 0.0076
Car 0.0000 0 1.8018 514.8417 176.5471 548.1050 196.7503 1.4962 1.6608 4.2415 -6.1227 1.7968 56.4462 1.6938 0.0076
Car 0.0000 0 2.0492 330.6651 175.7815 378.1074 196.0482 1.5099 1.6480 4.4542 -20.0592 1.7499 56.7426 1.7106 0.0076
Car 0.0000 0 1.9677 421.5729 176.4833 462.3871 195.7193 1.4897 1.6510 4.4807 -13.7306 1.7992 59.1105 1.7402 0.0075
Car 0.0000 0 1.4418 294.7493 178.0751 329.5407 202.2878 1.4776 1.6127 3.8594 -19.4653 1.8331 47.0009 1.0509 0.0075
Pedestrian 0.0000 0 -2.3379 1093.3972 171.6110 1134.4879 237.5694 1.8439 0.6237 0.7362 14.3215 1.8095 20.5830 -1.7373 0.0075
Car 0.0000 0 1.4069 292.7325 177.6890 328.6602 202.0079 1.4838 1.5729 3.6845 -19.4696 1.8110 46.7887 1.0143 0.0074
Car 0.0000 0 -3.6298 1232.4860 166.2499 1242.0000 216.8683 1.6767 1.6320 4.5417 24.9770 1.4583 25.3178 -2.8573 0.0074
Car 0.0000 0 2.3003 511.9418 176.6142 558.7623 194.8551 1.5484 1.6380 4.4102 -6.6459 1.8964 64.4467 2.1977 0.0074
Car 0.0000 0 1.4301 300.9777 175.8715 339.3537 202.2557 1.5333 1.6467 4.0714 -17.9859 1.7293 44.6020 1.0485 0.0073
Car 0.0000 0 3.1026 0.0000 0.0000 1242.0000 375.0000 1.6430 1.7934 3.9570 -2.3617 1.7770 1.4415 2.1613 0.0073
Car 0.0000 0 1.8362 513.0772 176.8290 548.7064 197.2293 1.4942 1.6670 4.3519 -6.1174 1.8157 56.0141 1.7275 0.0073
Car 0.0000 0 1.5001 566.6068 178.1188 598.9424 205.4492 1.5446 1.6480 4.4277 -1.7387 1.8823 43.9484 1.4603 0.0072
Cyclist 0.0000 0 -1.8641 1109.3558 173.6943 1149.9071 236.9589 1.7174 0.4318 1.7510 14.6983 1.7427 20.5074 -1.2496 0.0072
Car 0.0000 0 1.4653 296.3840 177.7614 329.8295 202.1490 1.4909 1.6144 3.9191 -19.4286 1.8257 47.0632 1.0755 0.0072
Pedestrian 0.0000 0 -1.7089 1108.5155 171.8886 1138.4921 237.0418 1.8171 0.5754 0.8805 14.6358 1.7906 20.6440 -1.0995 0.0072
Car 0.0000 0 2.0816 304.5591 170.0672 351.0409 195.6663 2.0098 1.8953 3.8130 -22.9129 1.7913 58.6648 1.7106 0.0071
Cyclist 0.0000 0 -1.0132 1113.1782 173.5432 1159.6458 222.9741 1.7948 0.6615 1.5893 19.5262 1.8214 26.8210 -0.3896 0.0070
Car 0.0000 0 1.4717 765.2687 175.2567 799.8782 201.9815 1.5174 1.6091 4.1622 10.3255 1.6700 43.5253 1.7027 0.0070
Car 0.0000 0 -0.9456 0.0000 0.0000 1242.0000 375.0000 1.5453 1.6284 3.3862 -29.6747 1.2137 1.2712 -2.4642 0.0070
Car 0.0000 0 2.1633 399.4380 177.3238 451.3517 198.3569 1.5148 1.6552 4.4457 -14.1206 1.8727 55.3415 1.9143 0.0070
Car 0.0000 0 1.6346 300.9444 177.4487 331.1922 202.0249 1.5096 1.5884 3.7566 -19.1809 1.8229 47.1105 1.2496 0.0069
Car 0.0000 0 1.7442 291.3572 178.3878 331.7656 203.6992 1.4492 1.6149 4.0652 -18.3423 1.8067 44.4107 1.3544 0.0069
Car 0.0000 0 1.6550 702.2419 175.6642 730.8695 197.4059 1.5181 1.7108 4.8130 7.9275 1.7370 53.5728 1.8007 0.0069
Pedestrian 0.0000 0 -1.6669 1119.9628 172.7922 1146.0278 222.3773 1.8139 0.7156 0.7206 19.4357 1.8120 26.8834 -1.0466 0.0069
Car 0.0000 0 2.3351 298.8262 170.2278 354.8524 197.0552 2.0899 1.9693 4.0500 -22.9070 1.8857 58.4543 1.9629 0.0069
Pedestrian 0.0000 0 -2.4778 1081.2996 171.2258 1119.2284 238.5198 1.8791 0.5839 0.6785 13.9176 1.8340 20.5587 -1.8899 0.0068
Car 0.0000 0 -0.9036 0.0000 0.0000 1242.0000 375.0000 1.6290 1.5372 3.5225 -29.0840 1.1254 0.8177 -2.4368 0.0066
Car 0.0000 0 1.3640 461.0338 179.0852 500.7749 205.3053 1.4744 1.6205 3.7626 -7.8726 1.8689 43.5913 1.1860 0.0066
Car 0.0000 0 1.7098 294.3845 177.3505 331.7577 202.9683 1.4844 1.6134 3.8444 -18.3308 1.7755 44.5916 1.3216 0.0066
Car 0.0000 0 1.8070 440.4023 177.1371 472.3431 195.3698 1.4677 1.6835 4.3447 -13.0287 1.8451 61.3068 1.5982 0.0065
Car 0.0000 0 -0.2157 1225.4708 171.4306 1242.0000 226.5982 1.8019 1.8455 4.1311 24.5202 1.7557 25.4243 0.5454 0.0065
Car 0.0000 0 1.4977 298.1763 177.5884 330.1475 202.3798 1.5164 1.6401 4.0865 -19.4020 1.8406 47.1632 1.1091 0.0065
Pedestrian 0.0000 0 -0.3097 0.0000 0.0000 1242.0000 375.0000 1.9194 0.6772 0.9913 -4.6177 1.7647 0.1589 -1.7839 0.0065
Car 0.0000 0 1.5268 583.5599 177.0163 610.3560 199.3698 1.4458 1.6464 4.3442 -0.9674 1.7458 49.7136 1.5070 0.0064
Car 0.0000 0 2.5609 507.8301 176.7715 557.8526 194.8109 1.5385 1.5817 4.2690 -6.8767 1.8989 64.3522 2.4546 0.0063
Car 0.0000 0 -0.1942 1228.2559 170.5232 1242.0000 222.2435 1.6899 1.8031 4.0693 24.5654 1.6141 25.4264 0.5678 0.0063
Car 0.0000 0 2.1373 403.3343 177.6029 453.2407 198.3432 1.5153 1.6415 4.4341 -14.1052 1.9008 56.1574 1.8921 0.0063
Car 0.0000 0 2.1414 400.8626 177.7176 452.4029 198.4668 1.5003 1.6690 4.5372 -14.1189 1.8925 55.7174 1.8941 0.0063
Car 0.0000 0 -0.1731 1214.3932 169.2967 1242.0000 219.7407 1.6602 1.7485 4.2936 24.3613 1.5435 25.6525 0.5804 0.0063
Car 0.0000 0 2.2608 305.8079 167.9452 353.5045 194.1009 2.1830 1.7668 3.8925 -24.1936 1.7736 62.3432 1.8918 0.0062
Car 0.0000 0 1.9538 423.1726 176.2885 463.8994 195.5060 1.4977 1.6712 4.6032 -13.6896 1.7928 59.4950 1.7283 0.0062
Car 0.0000 0 1.3737 459.9974 179.4160 500.7423 205.8354 1.4725 1.6608 3.9842 -7.8823 1.8876 43.4422 1.1948 0.0062
Car 0.0000 0 1.6924 300.5606 177.1845 334.1165 201.8473 1.5192 1.5783 3.8197 -19.1334 1.8152 47.2105 1.3090 0.0061
Pedestrian 0.0000 0 -2.2581 1117.2406 174.6766 1143.4033 225.5826 1.9697 0.6243 0.5476 20.3133 2.0421 28.2315 -1.6399 0.0061
Car 0.0000 0 1.5251 606.6703 177.1249 632.4393 199.8376 1.5434 1.6473 4.5406 0.6231 1.8663 52.1883 1.5365 0.0061
Car 0.0000 0 -0.3829 0.0000 0.0000 1242.0000 375.0000 1.5559 1.5960 3.8658 -33.3433 1.1127 1.1997 -1.9094 0.0061
Pedestrian 0.0000 0 -2.7533 1084.2192 173.0561 1117.5929 239.1499 1.8443 0.5693 0.6190 13.9333 1.8505 20.5493 -2.1647 0.0060
Car 0.0000 0 1.9294 281.6135 178.2521 332.3917 203.2417 1.4439 1.6212 3.8891 -18.6570 1.7921 44.5133 1.5343 0.0060
Car 0.0000 0 1.9305 429.4159 176.8891 469.6634 195.9172 1.5047 1.7586 4.6827 -13.4244 1.8573 60.5346 1.7129 0.0059
Car 0.0000 0 -2.3636 220.9324 169.7320 293.1215 194.8588 1.7060 1.6535 4.7505 -24.7471 1.4944 50.5281 -2.8171 0.0058
Car 0.0000 0 -0.6331 1226.8226 169.0399 1242.0000 223.4305 1.8254 1.7984 4.1399 24.5772 1.6978 25.3733 0.1302 0.0058
Car 0.0000 0 -3.4725 1229.0613 168.2094 1242.0000 218.4731 1.6447 1.6023 4.4574 24.7592 1.4931 25.2784 -2.7036 0.0057
Car 0.0000 0 0.1446 0.0000 0.0000 1242.0000 375.0000 1.5736 1.6711 4.0556 -37.6473 1.3757 0.4409 -1.4071 0.0057
Car 0.0000 0 -3.4118 1237.1194 170.4355 1242.0000 223.1671 1.7183 1.7115 4.1854 24.8688 1.6399 25.2655 -2.6405 0.0057
Car 0.0000 0 1.9219 283.9398 177.3145 332.4545 202.6180 1.4805 1.6158 3.6411 -18.6768 1.7688 44.7200 1.5281 0.0057
Car 0.0000 0 2.1395 512.1044 176.1050 556.8264 193.9904 1.5299 1.6671 4.8539 -6.7887 1.8355 65.1855 2.0358 0.0057
Car 0.0000 0 1.5660 607.4093 176.9524 631.4962 200.0026 1.5712 1.6681 4.3930 0.6405 1.8804 52.1652 1.5778 0.0056
Car 0.0000 0 1.7477 702.6985 175.6415 738.2441 198.3096 1.5711 1.7562 4.9553 8.1814 1.7874 53.2804 1.8988 0.0056
Car 0.0000 0 -0.2529 0.0000 0.0000 1242.0000 375.0000 1.5624 1.5831 3.6789 -33.7591 1.1517 0.9212 -1.7882 0.0056
Car 0.0000 0 2.1418 405.5692 177.2146 454.9483 197.5653 1.4998 1.6346 4.3974 -14.0440 1.8559 56.5222 1.8990 0.0055
Car 0.0000 0 1.9712 423.6169 176.3888 466.3485 195.9486 1.5336 1.7210 4.8156 -13.6811 1.8403 60.0039 1.7477 0.0055
Car 0.0000 0 2.5875 507.8786 176.7405 556.8528 194.8063 1.5366 1.5504 4.1250 -6.8907 1.8921 64.0537 2.4804 0.0055
Pedestrian 0.0000 0 -1.5020 172.6325 175.7729 187.8233 206.6117 1.5824 0.6435 0.5095 -22.3497 1.7359 37.4643 -2.0369 0.0055
Car 0.0000 0 2.1381 400.1057 177.2524 450.6643 198.4735 1.5263 1.6218 4.4274 -14.0920 1.8776 55.2246 1.8891 0.0054
Pedestrian 0.0000 0 -1.2094 1107.1582 173.4397 1142.6923 238.2228 1.8079 0.5648 0.8587 14.6678 1.8253 20.6164 -0.5983 0.0054
Car 0.0000 0 1.7334 290.5411 178.5648 331.0223 204.0667 1.4521 1.6295 4.2141 -18.3504 1.8209 44.3198 1.3427 0.0054
Cyclist 0.0000 0 -1.3847 250.7881 175.0870 261.9178 204.5960 1.6728 0.3436 1.2875 -20.4530 1.8042 41.6673 -1.8388 0.0054
Car 0.0000 0 1.3978 1118.3451 190.0565 1191.8574 231.4079 1.4499 1.6885 3.9433 21.9242 2.1979 29.2178 2.0361 0.0054
Car 0.0000 0 -2.5811 225.6095 171.9811 298.7145 194.5039 1.5394 1.6222 4.4124 -24.2838 1.4801 50.3686 -3.0285 0.0053
Car 0.0000 0 2.8470 0.0000 0.0000 1242.0000 375.0000 1.5556 1.5936 3.6884 -37.3251 1.1693 0.3099 1.2919 0.0053
Car 0.0000 0 1.2960 1101.7592 188.5228 1190.8250 231.3320 1.4982 1.7739 4.2471 21.5444 2.1833 29.2310 1.9257 0.0053
Car 0.0000 0 -3.5776 1239.7224 168.1765 1242.0000 217.3575 1.6228 1.6198 4.3225 25.0924 1.4688 25.2887 -2.8022 0.0053
Car 0.0000 0 -2.3822 229.2915 170.1557 298.1891 194.0802 1.6335 1.7091 4.4060 -24.3800 1.4496 50.7535 -2.8282 0.0053
Car 0.0000 0 1.9086 297.9150 176.7871 343.1200 201.7715 1.5458 1.5735 3.7824 -18.8956 1.8138 47.1675 1.5293 0.0053
Car 0.0000 0 1.7711 299.3691 177.2179 338.9839 201.6361 1.5022 1.6171 4.1222 -19.0516 1.8020 47.3359 1.3901 0.0052
Car 0.0000 0 1.3289 1107.2310 187.5777 1190.1343 229.7356 1.4820 1.7278 4.0362 21.5515 2.1208 29.0897 1.9610 0.0052
Car 0.0000 0 1.3544 573.3864 177.0958 610.1680 199.7404 1.4523 1.6364 4.2302 -1.3238 1.7561 49.3641 1.3273 0.0052
Car 0.0000 0 1.8285 429.5670 175.7333 465.7827 195.8881 1.6132 1.8013 4.8621 -13.6674 1.8665 60.9157 1.6084 0.0052
Car 0.0000 0 0.5379 0.0000 0.0000 1242.0000 375.0000 1.7270 1.7882 4.4499 -39.6176 0.9518 2.0254 -0.9749 0.0052
Car 0.0000 0 1.4152 460.6476 178.7823 500.0639 206.2364 1.5234 1.6941 4.1641 -7.8507 1.8975 43.2476 1.2363 0.0052
Car 0.0000 0 1.8790 431.9673 177.0139 469.9951 196.2675 1.5314 1.7627 4.7927 -13.3889 1.8973 60.9216 1.6633 0.0051
Car 0.0000 0 1.7414 300.0129 177.2080 336.9872 202.0103 1.5294 1.6001 3.9215 -19.0906 1.8278 47.3069 1.3596 0.0051
Car 0.0000 0 1.3326 1105.7992 187.6816 1189.9838 229.4514 1.4660 1.7625 4.1614 21.5853 2.1126 29.1854 1.9640 0.0051
Pedestrian 0.0000 0 -1.6464 1119.5237 172.2129 1145.7725 221.7127 1.8119 0.7358 0.7156 19.4383 1.7888 26.9051 -1.0264 0.0051
Pedestrian 0.0000 0 -1.4021 172.0524 175.7545 188.6010 206.5963 1.5843 0.6654 0.4893 -22.3512 1.7368 37.4755 -1.9370 0.0051
Car 0.0000 0 -2.3489 227.8925 170.7835 296.9793 194.8490 1.6453 1.7261 4.5086 -24.5472 1.5041 50.9020 -2.7964 0.0051
Car 0.0000 0 1.7027 437.5143 176.7673 466.2254 196.1378 1.5490 1.7682 4.7190 -13.3655 1.8939 61.1006 1.4880 0.0050
Car 0.0000 0 2.3325 509.1950 177.3368 554.4203 195.2398 1.5088 1.5796 4.1219 -6.9184 1.9198 63.9809 2.2249 0.0050
Pedestrian 0.0000 0 -2.5902 1090.2230 175.2722 1120.6851 238.1742 1.7389 0.5744 0.4790 13.8962 1.8084 20.3066 -1.9975 0.0050
Car 0.0000 0 1.8268 699.2662 175.5611 740.1879 198.8068 1.6025 1.7762 4.9696 8.0852 1.8115 52.9844 1.9770 0.0049
Car 0.0000 0 1.9216 427.0484 176.4827 467.4618 196.3986 1.5817 1.7573 4.8478 -13.6581 1.9001 60.7343 1.7010 0.0049
Car 0.0000 0 -3.3828 1018.9494 175.2971 1242.0000 244.0439 1.6684 1.7491 4.6394 13.6649 1.7397 19.2757 -2.7739 0.0049
Car 0.0000 0 1.8979 427.6335 175.5836 467.7587 196.3659 1.6665 1.8179 4.9496 -13.6980 1.9076 61.0848 1.6779 0.0049
Car 0.0000 0 -0.9966 270.9334 177.8606 331.0069 203.5611 1.4788 1.5104 3.9091 -18.9628 1.8013 44.3707 -1.3986 0.0049
Cyclist 0.0000 0 -1.8476 1086.1884 172.9955 1123.9431 234.0666 1.6647 0.4048 1.7653 14.0458 1.6693 20.5717 -1.2557 0.0049
Car 0.0000 0 -2.3678 227.3221 171.2816 297.4298 195.1322 1.6309 1.7143 4.5560 -24.5381 1.5237 50.8777 -2.8153 0.0049
Car 0.0000 0 1.9572 299.7711 177.0377 346.7086 201.6232 1.5271 1.5487 3.7796 -18.7923 1.8131 47.3582 1.5811 0.0048
Car 0.0000 0 1.9472 299.4595 176.9585 346.0842 201.6581 1.5336 1.5468 3.8055 -18.8123 1.8140 47.3318 1.5706 0.0048
Car 0.0000 0 2.3673 0.0000 0.0000 1242.0000 375.0000 1.6175 1.6325 3.6199 -29.1882 1.0849 0.9670 0.8391 0.0048
Car 0.0000 0 1.6021 610.3889 176.9039 634.6915 199.4841 1.5364 1.6234 4.3629 0.9137 1.8417 52.1070 1.6191 0.0048
Pedestrian 0.0000 0 -2.5401 1088.7651 174.9872 1121.8212 238.3889 1.7525 0.5853 0.5312 13.8999 1.8140 20.3202 -1.9475 0.0047
Car 0.0000 0 2.7140 0.0000 0.0000 1242.0000 375.0000 1.5466 1.4396 3.8001 -29.9634 1.3971 1.7828 1.2119 0.0047
Car 0.0000 0 -3.3287 1006.4094 176.6749 1213.7289 242.6543 1.5858 1.7180 4.2612 12.9928 1.6962 19.1501 -2.7402 0.0047
Car 0.0000 0 1.7885 428.0143 175.4186 461.2710 194.9081 1.5664 1.8016 4.5027 -13.9139 1.7910 60.8385 1.5643 0.0047
Car 0.0000 0 1.2450 284.8906 177.5076 331.2437 202.2212 1.5099 1.6214 3.8727 -19.6538 1.8251 46.8193 0.8493 0.0047
Car 0.0000 0 1.6290 609.5430 176.6867 635.6108 199.4145 1.5497 1.6436 4.1996 0.9165 1.8381 52.0779 1.6461 0.0046
Car 0.0000 0 2.0203 413.4603 176.6335 458.1051 196.6018 1.5082 1.6301 4.6240 -13.9284 1.8244 57.8488 1.7847 0.0046
Cyclist 0.0000 0 -0.0001 0.0000 0.0000 1242.0000 375.0000 1.5783 0.4511 1.9323 -9.0362 1.5909 0.8207 -1.4491 0.0046
Car 0.0000 0 1.9898 415.4750 176.2800 458.5836 195.9161 1.4943 1.6374 4.6261 -13.9079 1.7824 58.1763 1.7559 0.0046
Car 0.0000 0 1.4631 440.4652 177.5366 471.5394 200.5994 1.5332 1.7019 4.2812 -10.9942 1.8807 51.1970 1.2523 0.0045
Car 0.0000 0 2.0685 411.4466 176.8695 456.7077 196.5403 1.4775 1.6046 4.3784 -13.9758 1.8106 57.4624 1.8307 0.0045
Car 0.0000 0 1.6071 457.6010 178.4418 478.6156 197.1478 1.5198 1.6260 4.0844 -12.1925 2.0173 62.0450 1.4136 0.0045
Car 0.0000 0 2.3742 0.0000 0.0000 1242.0000 375.0000 1.5970 1.4872 3.5432 -29.9104 1.3061 1.5646 0.8650 0.0045
Car 0.0000 0 2.5828 0.0000 0.0000 1242.0000 375.0000 1.5122 1.5742 3.5392 -36.8889 1.2467 0.2515 1.0264 0.0045
Car 0.0000 0 2.1034 408.1073 176.9576 456.1199 197.4945 1.5265 1.6251 4.4872 -14.0060 1.8644 56.9647 1.8631 0.0044
Car 0.0000 0 1.7251 700.9347 175.5240 734.3369 197.3299 1.5153 1.7346 4.7636 7.9692 1.7222 53.2891 1.8724 0.0044
Car 0.0000 0 -0.2708 1234.0092 172.0167 1242.0000 222.1695 1.6316 1.7673 4.2542 24.8044 1.6047 25.2642 0.4992 0.0044
Car 0.0000 0 -2.5618 226.7375 172.2484 298.4077 194.9121 1.5491 1.6195 4.3348 -24.2753 1.5081 50.4051 -3.0087 0.0044
Car 0.0000 0 2.0676 390.4033 176.4403 436.5788 195.4654 1.5128 1.6882 4.7613 -16.5221 1.8280 60.8287 1.8032 0.0044
Car 0.0000 0 1.7906 424.9606 175.9644 458.6549 195.5756 1.5384 1.6966 4.8730 -13.9105 1.8072 59.8176 1.5628 0.0044
Car 0.0000 0 1.9891 299.6042 176.7708 349.0368 201.1884 1.5175 1.5669 3.9076 -18.7582 1.7863 47.4625 1.6144 0.0044
Car 0.0000 0 1.9902 424.8594 176.7355 468.5987 196.4272 1.5530 1.7391 4.8748 -13.6403 1.8925 60.4732 1.7690 0.0044
Car 0.0000 0 2.0441 514.6676 175.6660 556.4536 193.7911 1.5622 1.6923 4.9908 -6.7332 1.8287 65.6369 1.9420 0.0044
Pedestrian 0.0000 0 -0.1614 1198.0861 174.5533 1225.5559 232.1378 1.8343 0.5766 0.5953 19.4698 1.8907 23.4038 0.5258 0.0044
Car 0.0000 0 2.2632 0.0000 0.0000 1242.0000 375.0000 1.6184 1.7366 4.4746 -32.7370 1.0719 1.7591 0.7545 0.0043
Car 0.0000 0 -0.9480 0.0000 0.0000 1242.0000 375.0000 1.5581 1.5420 3.3872 -29.3729 1.0943 1.0197 -2.4747 0.0043
Car 0.0000 0 2.2776 311.7915 173.6716 374.0501 199.3331 1.6056 1.5680 4.0745 -17.5309 1.6623 47.4660 1.9253 0.0043
Car 0.0000 0 2.2281 510.3877 176.4017 557.0838 194.6703 1.5565 1.6353 4.7136 -6.8242 1.8877 64.8526 2.1233 0.0042
Car 0.0000 0 1.7947 462.6340 178.1315 488.6015 195.3485 1.4928 1.5287 3.7460 -12.2099 1.9871 65.6273 1.6112 0.0042
Car 0.0000 0 2.3052 508.9608 176.4547 556.3127 195.0030 1.5778 1.6086 4.5063 -6.8988 1.9118 64.5626 2.1988 0.0042
Car 0.0000 0 2.2445 299.6497 176.7905 357.6761 201.4873 1.5310 1.5236 3.7811 -18.4532 1.8011 47.4070 1.8749 0.0042
Car 0.0000 0 1.6033 461.7842 178.2440 480.7103 195.6032 1.4981 1.5655 3.7907 -12.5896 2.0026 65.4982 1.4138 0.0042
Car 0.0000 0 2.1543 437.8550 176.9831 483.3703 196.4369 1.6047 1.7155 4.4541 -12.9928 1.9788 62.9151 1.9512 0.0042
Car 0.0000 0 -0.3043 1221.0507 170.4050 1242.0000 219.8075 1.6361 1.7362 3.9357 24.3628 1.5554 25.5330 0.4515 0.0041
Car 0.0000 0 1.4486 701.2527 172.2925 730.6765 194.3725 1.7028 1.7524 4.8450 8.4564 1.6599 58.0834 1.5921 0.0041
Car 0.0000 0 1.4764 440.8520 177.9014 471.4002 200.8621 1.5148 1.6975 4.4281 -10.9460 1.8885 51.0056 1.2657 0.0041
Car 0.0000 0 1.0448 277.5674 177.3287 332.6947 202.0841 1.5141 1.6209 3.7353 -19.7152 1.8141 46.5400 0.6459 0.0041
Car 0.0000 0 1.9582 416.9215 175.5405 459.3154 195.4583 1.5287 1.6571 4.7885 -13.9041 1.7563 58.5399 1.7258 0.0041
Car 0.0000 0 -3.1050 1002.4959 182.5849 1185.9468 249.0005 1.5634 1.6911 3.9379 12.8127 1.8492 19.3418 -2.5276 0.0040
Car 0.0000 0 -1.1311 1217.6914 170.4772 1242.0000 225.6281 1.8782 1.7661 4.3358 24.3687 1.7976 26.2069 -0.3881 0.0040
Car 0.0000 0 -0.7506 0.0000 0.0000 1242.0000 375.0000 1.6344 1.5681 3.4603 -29.0483 1.0489 0.8311 -2.2833 0.0039
Car 0.0000 0 1.7767 328.7888 172.3083 377.7785 205.9149 1.6273 1.6136 3.7950 -13.1077 1.6012 36.9231 1.4375 0.0039
Car 0.0000 0 2.6629 0.0000 0.0000 1242.0000 375.0000 1.4908 1.5280 3.5786 -36.7928 1.4143 0.0609 1.1014 0.0039
Car 0.0000 0 2.2615 306.2706 175.1239 367.0610 200.5116 1.5864 1.5400 4.0219 -18.0024 1.7434 47.6218 1.9017 0.0038
Car 0.0000 0 2.2734 297.4227 176.6005 357.1360 201.6362 1.5470 1.5632 3.7830 -18.4768 1.8032 47.2354 1.9021 0.0038
Car 0.0000 0 2.4654 303.9344 175.9668 368.0537 200.9996 1.5612 1.5352 3.8313 -18.0312 1.7755 47.5447 2.1045 0.0038
Car 0.0000 0 2.3299 508.2367 176.6991 555.8123 195.2868 1.5764 1.5770 4.4708 -6.9352 1.9318 64.3775 2.2227 0.0038
Car 0.0000 0 -0.8104 0.0000 0.0000 1242.0000 375.0000 1.6365 1.4721 3.4162 -29.3105 1.1165 0.9380 -2.3397 0.0038
Car 0.0000 0 1.7504 610.6453 176.5585 643.7729 199.9336 1.5831 1.6372 4.3316 1.2540 1.8615 51.8745 1.7740 0.0038
Car 0.0000 0 -2.5153 980.8139 182.5983 1161.9126 247.2359 1.5094 1.6418 3.9099 12.3030 1.8032 19.6063 -1.9623 0.0037
Car 0.0000 0 2.1326 301.3795 176.3310 355.7989 201.0074 1.5349 1.5215 3.8396 -18.4846 1.7739 47.4810 1.7630 0.0037
Car 0.0000 0 1.3881 439.0956 176.8464 474.7285 200.5476 1.5857 1.7360 4.2287 -10.9592 1.8828 51.3274 1.1784 0.0037
Car 0.0000 0 2.0019 0.0000 0.0000 1242.0000 375.0000 1.5869 1.6011 3.8614 -29.9923 1.1324 1.5582 0.4922 0.0037
Car 0.0000 0 1.8515 425.9562 176.9075 461.9645 196.2849 1.5381 1.7228 4.6633 -13.9211 1.8925 60.6407 1.6265 0.0037
Car 0.0000 0 -1.0012 0.0000 0.0000 1242.0000 375.0000 1.6149 1.6332 3.5620 -29.5938 1.2385 1.3596 -2.5167 0.0037
Car 0.0000 0 2.0976 302.4053 176.3001 356.9237 200.8939 1.5321 1.5654 3.9709 -18.4615 1.7698 47.6135 1.7293 0.0037
Car 0.0000 0 1.4101 706.7530 171.7666 736.1096 194.0076 1.7297 1.6712 4.2580 8.9287 1.6455 58.2486 1.5611 0.0037
Car 0.0000 0 2.3139 0.0000 0.0000 1242.0000 375.0000 1.5963 1.5540 3.4945 -29.5234 1.2700 1.2371 0.7944 0.0037
Car 0.0000 0 1.8976 709.6035 173.6157 752.5009 197.2189 1.6695 1.7242 4.7364 9.0306 1.7292 53.6884 2.0630 0.0036
Car 0.0000 0 -1.9005 1113.4655 186.6776 1203.4570 228.1469 1.4215 1.6646 3.6495 21.1567 1.9974 28.0499 -1.2598 0.0036
Car 0.0000 0 2.0093 665.3558 174.9983 712.2852 199.4826 1.5738 1.6010 4.0417 5.3542 1.7259 48.8948 2.1173 0.0036
Car 0.0000 0 1.5553 0.0000 0.0000 1242.0000 375.0000 1.5208 1.5835 4.2345 -7.1725 1.5050 -0.1681 0.0011 0.0036
Cyclist 0.0000 0 -1.9016 1089.8282 174.3756 1129.9556 233.9126 1.6403 0.4324 1.6201 14.3128 1.6862 20.7579 -1.3051 0.0035
Car 0.0000 0 2.3420 508.4600 177.0732 555.6586 195.4048 1.5496 1.5723 4.3754 -6.9169 1.9384 64.2150 2.2348 0.0035
Car 0.0000 0 -2.5532 223.5707 171.8637 299.0038 194.6512 1.5578 1.6343 4.6222 -24.3886 1.4904 50.4534 -3.0016 0.0035
Car 0.0000 0 -1.0245 275.4490 177.6907 331.5885 202.9646 1.4729 1.5050 3.6813 -18.9616 1.7860 44.7180 -1.4236 0.0035
Car 0.0000 0 1.8857 711.5468 173.4887 753.2032 196.8438 1.6347 1.7473 4.3900 9.0026 1.6837 52.9776 2.0527 0.0035
Car 0.0000 0 1.9264 418.4723 175.2207 460.0628 195.5716 1.5713 1.6862 4.9340 -13.8828 1.7730 58.8523 1.6954 0.0035
Car 0.0000 0 2.0970 397.8345 176.7522 446.3688 198.1447 1.5417 1.6344 4.3291 -14.3236 1.8524 55.1409 1.8437 0.0035
Pedestrian 0.0000 0 -1.8016 1164.6272 181.6239 1198.8477 238.7926 1.7494 0.7066 0.6561 17.9003 2.0306 22.6590 -1.1399 0.0034
Car 0.0000 0 2.9440 0.0000 0.0000 1242.0000 375.0000 1.5207 1.5602 3.7193 -37.2521 1.3961 0.0559 1.3822 0.0034
Car 0.0000 0 -0.3962 1236.7081 170.3781 1242.0000 220.4584 1.6489 1.8186 3.9805 24.8441 1.5677 25.3263 0.3734 0.0034
Car 0.0000 0 1.7578 610.1342 176.0392 644.7163 199.8487 1.6099 1.6713 4.5397 1.2723 1.8495 51.8185 1.7818 0.0034
Car 0.0000 0 1.8679 1049.8256 182.6859 1138.2428 227.7554 1.5587 1.6830 4.2428 18.6643 1.9654 27.8198 2.4534 0.0034
Car 0.0000 0 1.3070 704.1189 171.8062 739.3903 194.0603 1.7153 1.6690 4.5098 8.8983 1.6349 57.9456 1.4582 0.0034
Car 0.0000 0 1.2314 706.2276 170.8398 743.6995 193.8929 1.7854 1.6500 4.2483 9.1856 1.6297 58.1168 1.3870 0.0034
Car 0.0000 0 2.0381 388.1973 176.8353 432.5875 195.8825 1.4986 1.7001 4.5443 -16.6039 1.8441 60.1623 1.7697 0.0033
Cyclist 0.0000 0 2.2335 0.0000 0.0000 1242.0000 375.0000 1.9692 0.6046 2.0827 -6.0913 1.7484 -0.2453 0.6700 0.0033
Car 0.0000 0 -0.9382 0.0000 0.0000 1242.0000 375.0000 1.5833 1.5424 3.4448 -29.3938 1.1075 1.0705 -2.4632 0.0033
Car 0.0000 0 2.5098 0.0000 0.0000 1242.0000 375.0000 1.6581 1.7346 4.1301 -32.9368 1.0605 1.7705 1.0011 0.0033
Car 0.0000 0 -2.5667 271.4385 177.1079 333.4580 201.2771 1.4997 1.6328 3.3006 -19.7206 1.7791 46.2414 -2.9680 0.0032
Car 0.0000 0 -1.6730 662.1777 173.5530 703.3851 205.3914 1.5449 1.6842 4.1007 3.6523 1.5832 37.1529 -1.5763 0.0032
Car 0.0000 0 -1.0327 278.3675 177.4365 331.8937 202.1495 1.4511 1.4609 3.5331 -18.9455 1.7484 44.9036 -1.4301 0.0032
Car 0.0000 0 1.6211 438.3181 177.7852 472.4574 206.4347 1.5861 1.7717 4.3281 -9.1953 1.8959 43.0040 1.4113 0.0032
Car 0.0000 0 1.8460 421.4297 175.4230 459.3291 195.7439 1.5794 1.7075 5.1037 -13.9029 1.8001 59.3180 1.6165 0.0032
Car 0.0000 0 -1.9870 1239.7108 165.1129 1242.0000 221.1638 1.8376 1.8992 4.0374 24.6982 1.5841 25.8717 -1.2308 0.0031
Pedestrian 0.0000 0 -1.7227 1165.2900 182.1132 1198.2766 238.7057 1.7305 0.7202 0.6300 17.9017 2.0274 22.6586 -1.0610 0.0031
Car 0.0000 0 1.3830 705.7197 171.9205 736.5342 194.2812 1.7433 1.7074 4.1515 8.9204 1.6709 58.3569 1.5336 0.0031
Car 0.0000 0 3.3861 0.0000 0.0000 1242.0000 375.0000 1.4914 1.6820 3.7834 -35.4205 1.2836 1.0269 1.8521 0.0031
Car 0.0000 0 1.9133 597.9167 175.8442 641.8295 200.0631 1.5698 1.7603 4.0424 0.6962 1.7845 49.5114 1.9268 0.0031
Pedestrian 0.0000 0 -0.8242 1191.1385 167.0231 1226.0726 228.1688 1.9280 0.5661 0.6551 19.0932 1.7445 23.0735 -0.1396 0.0031
Cyclist 0.0000 0 0.9296 1200.9360 178.8386 1242.0000 245.2081 1.7317 0.5087 1.5005 16.9442 1.9020 19.7253 1.6313 0.0030
Car 0.0000 0 2.7471 0.0000 0.0000 1242.0000 375.0000 1.7029 1.6731 3.9787 -33.2094 1.0867 1.5391 1.2309 0.0030
Car 0.0000 0 1.6604 436.9145 177.4860 466.9867 201.3498 1.5793 1.6730 4.5805 -11.1614 1.9226 51.0474 1.4459 0.0030
Car 0.0000 0 1.8861 312.5414 170.4550 348.0699 194.0402 1.8757 1.6904 3.5765 -22.9319 1.6853 59.2107 1.5179 0.0030
Car 0.0000 0 1.8142 699.1105 174.8974 737.9639 196.7223 1.5171 1.7445 4.7414 8.0179 1.6751 53.1482 1.9627 0.0030
Car 0.0000 0 1.8994 708.7773 173.1148 752.6067 196.8357 1.6694 1.7754 4.7095 8.9435 1.6900 53.3271 2.0643 0.0030
Car 0.0000 0 2.2810 0.0000 0.0000 1242.0000 375.0000 1.5772 1.8053 4.5422 -32.6134 1.0264 1.9703 0.7789 0.0029
Car 0.0000 0 0.8160 1144.5024 177.1169 1242.0000 222.2483 1.5389 1.5168 3.5859 21.9780 1.7084 26.7919 1.4972 0.0029
Car 0.0000 0 1.8750 424.8523 176.3508 461.4999 196.1885 1.5704 1.7185 4.4691 -13.8919 1.8737 60.2191 1.6490 0.0029
Car 0.0000 0 0.6664 1237.1071 171.7738 1242.0000 220.1982 1.5715 1.5079 3.8352 24.6238 1.5368 25.4171 1.4298 0.0029
Cyclist 0.0000 0 -1.4243 1125.7545 170.9585 1151.3408 222.9445 1.8992 0.5576 1.6072 19.8375 1.8304 27.1279 -0.7985 0.0029
Pedestrian 0.0000 0 -2.4192 1074.6724 171.9836 1111.4789 240.1731 1.8834 0.6469 0.5775 13.5338 1.8597 20.2900 -1.8383 0.0029
Car 0.0000 0 -0.5446 0.0000 0.0000 1242.0000 375.0000 1.5526 1.4755 3.6148 -31.4108 1.0591 -0.0039 -2.1067 0.0029
Car 0.0000 0 -1.0993 0.0000 0.0000 1242.0000 375.0000 1.6168 1.5399 3.4383 -29.4900 1.2147 1.1445 -2.6219 0.0029
Car 0.0000 0 1.1826 1088.6649 188.1504 1186.8596 232.0756 1.5496 1.7035 4.2451 21.2291 2.2188 29.2887 1.8044 0.0029
Car 0.0000 0 2.3318 0.0000 0.0000 1242.0000 375.0000 1.6244 1.8311 4.4391 -32.6452 1.1328 2.1852 0.8363 0.0029
Car 0.0000 0 2.0445 664.7490 174.3190 712.8326 199.1898 1.6063 1.5929 4.0116 5.3580 1.7103 48.9601 2.1524 0.0029
Pedestrian 0.0000 0 -0.5817 1196.5698 174.4530 1229.3719 231.1898 1.8136 0.5883 0.5884 19.5066 1.8665 23.4029 0.1065 0.0028
Car 0.0000 0 -0.9336 0.0000 0.0000 1242.0000 375.0000 1.6237 1.5044 3.3563 -29.4798 1.1293 1.1205 -2.4570 0.0028
Car 0.0000 0 2.1458 274.9227 178.1975 335.5912 203.8186 1.4854 1.6568 3.8009 -18.8348 1.8316 44.6868 1.7488 0.0028
Car 0.0000 0 3.7937 0.0000 0.0000 1242.0000 375.0000 1.6152 1.7736 4.4010 -39.9302 0.9884 2.0393 2.2808 0.0028
Car 0.0000 0 3.7484 0.0000 0.0000 1242.0000 375.0000 1.6542 1.7193 4.1630 -39.6797 0.8988 2.0983 2.2372 0.0028
Car 0.0000 0 0.4894 471.0539 178.2572 520.8237 197.0541 1.6024 1.6868 4.0267 -10.1017 2.0914 63.7981 0.3326 0.0028
Car 0.0000 0 -3.0679 0.0000 0.0000 1242.0000 375.0000 1.4545 1.5685 3.4561 15.2415 1.7056 1.7400 -1.6299 0.0028
Car 0.0000 0 0.7481 1147.8655 176.7207 1242.0000 221.9621 1.5583 1.3907 3.3046 22.0650 1.7121 26.8808 1.4296 0.0027
Car 0.0000 0 1.5226 0.0000 0.0000 1242.0000 375.0000 1.5947 1.7070 3.9697 10.0831 1.3980 -0.2400 3.0884 0.0027
Car 0.0000 0 -0.3734 1192.5454 174.4048 1242.0000 225.1511 1.7293 1.5678 4.0448 23.8321 1.7889 26.1204 0.3602 0.0027
Pedestrian 0.0000 0 -2.2593 1073.9888 171.7561 1111.9791 239.7643 1.8826 0.6451 0.6136 13.5425 1.8525 20.3102 -1.6785 0.0027
Car 0.0000 0 2.0827 586.4447 176.2111 639.0010 200.5601 1.5659 1.7622 4.1965 0.2069 1.8061 49.2834 2.0864 0.0027
Pedestrian 0.0000 0 -2.0295 1082.1091 174.0799 1119.5491 241.0160 1.8119 0.6031 0.7015 13.5011 1.8468 19.9292 -1.4416 0.0027
Car 0.0000 0 -0.9504 0.0000 0.0000 1242.0000 375.0000 1.6739 1.6440 3.2196 -29.7436 1.0787 1.2799 -2.4689 0.0026
Car 0.0000 0 1.8803 389.1335 176.8651 428.0864 196.5533 1.5382 1.7423 4.7433 -16.6392 1.8842 59.7543 1.6096 0.0026
Car 0.0000 0 1.9767 664.9770 176.1054 709.2526 199.7530 1.5152 1.5618 3.9336 5.2377 1.7454 48.9025 2.0823 0.0026
Car 0.0000 0 -0.3458 0.0000 0.0000 1242.0000 375.0000 1.5395 1.5880 3.9465 -33.1241 1.0878 1.2934 -1.8692 0.0026
Car 0.0000 0 0.7161 468.9621 178.2403 518.7690 197.1094 1.5947 1.7060 4.2868 -10.3192 2.0859 63.8932 0.5563 0.0026
Car 0.0000 0 2.0783 664.5928 173.7987 714.8762 198.5403 1.6007 1.5990 4.1138 5.4256 1.6680 48.9822 2.1876 0.0026
Car 0.0000 0 2.3395 0.0000 0.0000 1242.0000 375.0000 1.7406 1.7288 4.2580 -28.5285 1.3222 0.3719 0.7915 0.0026
Car 0.0000 0 1.9532 0.0000 0.0000 1242.0000 375.0000 1.5172 1.5434 3.9051 -29.8916 1.0249 1.5029 0.4418 0.0026
Car 0.0000 0 1.8798 594.1261 176.3456 637.9912 201.1662 1.5881 1.7940 4.1996 0.4344 1.8370 49.0790 1.8881 0.0026
Car 0.0000 0 2.3164 0.0000 0.0000 1242.0000 375.0000 1.6192 1.6384 3.9485 -28.2975 1.3949 0.3385 0.7674 0.0025
Car 0.0000 0 2.2225 302.0956 170.9842 351.5074 195.4714 1.9131 1.8498 3.7121 -22.8979 1.7674 58.4086 1.8502 0.0025
Car 0.0000 0 -3.1354 0.0000 0.0000 1242.0000 375.0000 1.4152 1.5250 3.2793 15.2283 1.6733 1.5944 -1.6881 0.0025
Car 0.0000 0 2.0061 664.3806 174.8024 709.0383 199.1425 1.5717 1.5686 3.7794 5.2106 1.7097 48.9363 2.1111 0.0025
Car 0.0000 0 0.1408 0.0000 0.0000 1242.0000 375.0000 1.5070 1.8311 3.9812 15.3394 1.6174 1.4484 1.5984 0.0025
Car 0.0000 0 -2.1060 1104.0762 190.3124 1208.8097 231.7468 1.4092 1.6349 3.5358 20.9803 2.1301 27.9332 -1.4675 0.0025
Car 0.0000 0 -1.8799 659.2404 174.4337 715.7245 205.7630 1.5092 1.6953 4.1509 3.8833 1.5958 37.1825 -1.7771 0.0025
Car 0.0000 0 1.7620 227.2580 173.8819 268.8152 202.8230 1.6086 1.5148 3.5609 -21.1283 1.6718 42.1565 1.2997 0.0025
Car 0.0000 0 2.5287 0.0000 0.0000 1242.0000 375.0000 1.4789 1.5186 3.7533 -36.3204 1.4201 -0.1083 0.9626 0.0025
Car 0.0000 0 2.1547 0.0000 0.0000 1242.0000 375.0000 1.6716 1.7898 4.7683 -32.4728 1.2233 1.8973 0.6507 0.0024
Car 0.0000 0 -0.4239 1127.4806 185.0551 1242.0000 227.5005 1.4888 1.4770 3.1090 21.4512 1.9645 27.0196 0.2413 0.0024
Car 0.0000 0 1.0924 1077.6887 188.3657 1167.5171 228.8389 1.4766 1.5048 3.5795 20.8934 2.1543 29.6296 1.7012 0.0024
Car 0.0000 0 2.5230 0.0000 0.0000 1242.0000 375.0000 1.5038 1.5282 3.6060 -36.3604 1.2608 0.0739 0.9619 0.0024
Car 0.0000 0 1.4789 664.7924 175.9345 692.2902 199.7395 1.5384 1.5158 3.6724 4.5843 1.7556 48.9397 1.5713 0.0023
Car 0.0000 0 1.2311 1092.0367 187.7502 1183.4159 230.7622 1.5246 1.6785 4.1524 21.2809 2.1768 29.3439 1.8532 0.0023
Car 0.0000 0 -2.3487 1079.0836 189.2043 1193.7490 230.0184 1.4479 1.5424 3.7421 21.0823 2.1532 29.1397 -1.7278 0.0023
Car 0.0000 0 -1.3770 652.7164 174.6561 700.7475 206.1684 1.5086 1.6813 4.2131 3.4495 1.6071 37.0554 -1.2855 0.0023
Car 0.0000 0 -3.4141 1222.5905 167.6251 1242.0000 221.1561 1.7566 1.7946 4.2522 24.5551 1.5854 25.4650 -2.6530 0.0023
Car 0.0000 0 3.0673 0.0000 0.0000 1242.0000 375.0000 1.5622 1.7476 4.4294 -35.9875 1.2482 1.8108 1.5544 0.0023
Car 0.0000 0 2.4600 0.0000 0.0000 1242.0000 375.0000 1.6594 1.6927 4.0585 -28.5279 1.3476 0.4291 0.9140 0.0023
Cyclist 0.0000 0 -1.1065 1097.2596 175.9470 1153.9738 240.2779 1.7688 0.5130 1.9461 14.6776 1.8604 20.5898 -0.4946 0.0022
Car 0.0000 0 1.8561 389.0978 176.7664 427.1871 196.4148 1.5314 1.7491 4.7906 -16.6346 1.8679 59.5984 1.5848 0.0022
Car 0.0000 0 1.5062 277.7695 168.3210 301.6274 188.1234 1.8355 1.8247 4.1883 -30.7421 1.4157 69.1563 1.0891 0.0022
Car 0.0000 0 2.0563 0.0000 0.0000 1242.0000 375.0000 1.5937 1.6905 3.8865 -27.8921 1.3481 -0.0048 0.4954 0.0022
Car 0.0000 0 -4.6521 0.0000 0.0000 1242.0000 375.0000 1.5103 1.6673 3.6336 10.0180 1.5042 -0.1890 -3.0915 0.0022
Car 0.0000 0 -0.6332 0.0000 0.0000 1242.0000 375.0000 1.6462 1.4858 3.5113 -29.5382 1.0185 0.9812 -2.1615 0.0022
Car 0.0000 0 2.4460 0.0000 0.0000 1242.0000 375.0000 1.6861 1.7004 4.2685 -28.4463 1.3945 0.3740 0.8982 0.0022
Car 0.0000 0 -3.3482 1202.5970 167.1482 1242.0000 220.4279 1.7588 1.8273 4.4779 24.1483 1.5708 25.7517 -2.6010 0.0022
Car 0.0000 0 -3.0545 0.0000 0.0000 1242.0000 375.0000 1.5118 1.6404 3.7682 15.2857 1.7253 1.9077 -1.6270 0.0021
Car 0.0000 0 0.7186 467.9781 178.0464 518.7590 197.2118 1.6201 1.7139 4.3986 -10.3665 2.0939 63.9054 0.5581 0.0021
Car 0.0000 0 -2.2259 1215.3423 193.0161 1242.0000 275.8554 1.4813 1.5552 3.7050 15.3667 1.9760 15.7624 -1.4632 0.0021
Car 0.0000 0 -2.2130 1098.1136 188.5277 1217.5911 231.7852 1.4779 1.6237 3.9715 21.1144 2.1315 28.0780 -1.5738 0.0021
Car 0.0000 0 0.1757 0.0000 0.0000 1242.0000 375.0000 1.5218 1.4826 3.8331 -29.6142 1.2754 -0.0266 -1.3865 0.0021
Car 0.0000 0 0.7103 1127.1836 182.1841 1242.0000 225.4878 1.4242 1.3723 3.7728 21.2668 1.7938 26.5648 1.3795 0.0020
Car 0.0000 0 2.3207 0.0000 0.0000 1242.0000 375.0000 1.6074 1.8032 4.3513 -32.5646 1.0261 1.9178 0.8171 0.0020
Car 0.0000 0 -1.3312 649.3601 174.8033 700.5388 206.2803 1.5028 1.6827 4.1288 3.3485 1.6090 36.9473 -1.2420 0.0020
Car 0.0000 0 -0.6289 0.0000 0.0000 1242.0000 375.0000 1.6049 1.7324 4.7165 -32.6882 1.0705 1.7770 -2.1370 0.0020
Car 0.0000 0 0.8702 1187.1166 187.2710 1242.0000 263.8214 1.4466 1.4417 3.5040 14.8916 1.8038 16.0792 1.6076 0.0020
Car 0.0000 0 -0.5916 1127.0747 180.0623 1242.0000 223.6537 1.5702 1.5521 3.1666 21.5926 1.8510 27.1734 0.0741 0.0019
Car 0.0000 0 3.2142 0.0000 0.0000 1242.0000 375.0000 1.5716 1.6734 4.0981 -35.4302 1.2240 1.0194 1.6800 0.0019
Car 0.0000 0 -2.0241 1209.3082 172.4658 1242.0000 224.9463 1.7963 1.8305 3.7329 24.2388 1.7834 26.7399 -1.2936 0.0019
Car 0.0000 0 -2.0225 1113.6870 189.9733 1212.6956 233.6786 1.4626 1.5695 3.5765 20.9441 2.1617 27.5416 -1.3781 0.0019
Pedestrian 0.0000 0 -1.5873 1159.8748 179.8384 1188.2585 234.5045 1.6928 0.6945 0.6258 17.8618 1.9194 22.9158 -0.9321 0.0019
Pedestrian 0.0000 0 0.6468 1097.9551 176.3394 1137.8903 238.4020 1.6673 0.5587 0.7040 13.9208 1.7656 19.8502 1.2508 0.0019
Car 0.0000 0 0.5947 1124.8247 183.2269 1242.0000 226.0741 1.4405 1.5230 3.1963 21.2575 1.8522 26.8591 1.2584 0.0019
Car 0.0000 0 2.0063 0.0000 0.0000 1242.0000 375.0000 1.6579 1.6121 3.8056 -29.8613 1.0879 1.4942 0.4947 0.0019
Car 0.0000 0 3.8862 0.0000 0.0000 1242.0000 375.0000 1.5832 1.7569 3.9190 -39.2769 0.9342 1.8585 2.3697 0.0018
Car 0.0000 0 -0.8742 0.0000 0.0000 1242.0000 375.0000 1.6686 1.6473 3.5866 -29.4888 0.9799 1.2259 -2.3941 0.0018
Car 0.0000 0 2.7772 0.0000 0.0000 1242.0000 375.0000 1.6736 1.6446 3.8934 -33.2081 1.2174 1.8479 1.2703 0.0018
Car 0.0000 0 1.7265 676.8939 173.4251 702.5755 192.3327 1.5400 1.6153 3.6191 6.7282 1.5900 60.8407 1.8358 0.0018
Car 0.0000 0 -2.5925 1187.4954 173.9789 1242.0000 226.4862 1.7698 1.8572 4.0764 24.0995 1.8152 26.6320 -1.8629 0.0018
Car 0.0000 0 1.8206 387.4064 176.1115 422.6897 196.0471 1.5448 1.7577 4.2847 -16.6677 1.8203 58.7784 1.5452 0.0018
Car 0.0000 0 -1.0624 0.0000 0.0000 1242.0000 375.0000 1.7098 1.7506 3.8260 -29.6917 1.1012 1.4438 -2.5753 0.0018
Car 0.0000 0 2.5409 0.0000 0.0000 1242.0000 375.0000 1.5778 1.7499 4.4459 -32.4764 1.1523 2.3249 1.0500 0.0018
Car 0.0000 0 2.2832 395.3673 176.9749 447.0016 196.5764 1.5733 1.6700 4.5617 -16.0150 1.9378 61.3406 2.0286 0.0018
Car 0.0000 0 -1.8835 1223.0620 165.0814 1242.0000 223.4156 1.9669 1.9826 3.8134 24.3905 1.7052 26.4719 -1.1449 0.0018
Car 0.0000 0 0.4240 1154.2496 177.9243 1242.0000 229.7449 1.6994 1.7743 5.0126 23.4855 1.9069 26.8243 1.1372 0.0018
Cyclist 0.0000 0 -3.6800 1216.9839 174.3654 1242.0000 228.5413 1.7454 0.6537 1.8161 21.1855 1.7965 23.7572 -2.9584 0.0018
Pedestrian 0.0000 0 -1.5044 1158.2216 180.2330 1188.1200 234.6428 1.6839 0.7134 0.6306 17.8519 1.9236 22.9279 -0.8496 0.0017
Car 0.0000 0 -0.5447 1106.1115 184.7579 1209.7927 226.2059 1.4870 1.4772 2.7522 20.5910 1.9513 27.2503 0.0967 0.0017
Car 0.0000 0 -1.5318 1112.3732 178.6512 1167.1034 223.6540 1.5455 1.5446 3.1416 19.7583 1.7760 26.9293 -0.9045 0.0017
Cyclist 0.0000 0 0.8987 1108.1528 183.0663 1161.7506 231.2604 1.7847 0.5814 1.9688 20.3949 2.1975 28.1378 1.5203 0.0017
Car 0.0000 0 -0.2807 1129.1177 184.0737 1242.0000 226.7212 1.4626 1.5347 3.3462 21.4612 1.9006 26.7941 0.3887 0.0017
Car 0.0000 0 1.7983 389.3555 176.6748 423.9837 196.5307 1.5400 1.7425 4.5831 -16.6470 1.8661 59.1850 1.5250 0.0017
Cyclist 0.0000 0 -1.4139 1221.0376 177.7598 1242.0000 227.0373 1.6318 0.4659 1.5994 21.3656 1.8050 24.7262 -0.7077 0.0017
Car 0.0000 0 2.6259 0.0000 0.0000 1242.0000 375.0000 1.5524 1.7174 4.2850 -32.4826 1.0287 2.0413 1.1263 0.0017
Car 0.0000 0 -2.3630 1204.0702 173.1110 1242.0000 224.1755 1.7304 1.8129 3.8275 24.2625 1.7409 26.4287 -1.6263 0.0017
Car 0.0000 0 2.8926 0.0000 0.0000 1242.0000 375.0000 1.6413 1.6480 4.1551 -37.2107 1.0622 1.5776 1.3716 0.0017
Car 0.0000 0 -2.4353 1111.9543 183.3167 1229.5889 226.9502 1.4985 1.5404 3.3109 21.1446 1.9222 27.4118 -1.7840 0.0017
Car 0.0000 0 -0.3175 1161.6567 175.8218 1242.0000 223.5920 1.6587 1.7354 3.8357 23.0412 1.7754 26.7678 0.3873 0.0017
Car 0.0000 0 1.5373 0.0000 0.0000 1242.0000 375.0000 1.5538 1.6756 3.9341 10.4373 1.4937 -0.1970 3.0991 0.0017
Cyclist 0.0000 0 0.7843 231.9635 170.7708 258.8350 202.8633 1.8245 0.5777 1.3740 -21.0081 1.7064 41.5058 0.3181 0.0017
Car 0.0000 0 -0.4410 0.0000 0.0000 1242.0000 375.0000 1.4460 1.5312 3.9939 -32.1328 1.0780 1.3900 -1.9600 0.0016
Cyclist 0.0000 0 1.1880 1123.7468 173.4962 1159.9836 223.7164 1.8159 0.5450 1.5344 19.7801 1.8409 26.9177 1.8160 0.0016
Car 0.0000 0 1.8666 655.4387 171.8550 697.6788 199.8350 1.6358 1.6641 3.3632 4.0673 1.5777 44.0515 1.9576 0.0016
Car 0.0000 0 -1.4930 1104.3173 177.1005 1170.5167 227.8642 1.7774 1.7846 3.6411 20.1380 1.9515 27.5551 -0.8676 0.0016
Car 0.0000 0 1.9258 652.2376 173.3663 696.1207 200.4125 1.5713 1.5973 3.3436 3.9021 1.6041 43.8389 2.0135 0.0016
Car 0.0000 0 0.0487 1161.9298 178.6799 1242.0000 226.3464 1.5869 1.7538 4.5424 23.3897 1.8211 26.7586 0.7611 0.0016
Car 0.0000 0 3.4644 0.0000 0.0000 1242.0000 375.0000 1.5085 1.7797 3.9081 -35.7589 1.3412 1.0840 1.9316 0.0016
Car 0.0000 0 1.1202 1163.0103 177.0795 1242.0000 254.8695 1.5819 1.5604 3.8309 14.7790 1.6935 16.9441 1.8283 0.0016
Car 0.0000 0 2.5149 0.0000 0.0000 1242.0000 375.0000 1.4586 1.5327 3.8317 -31.2724 1.0001 0.2183 0.9599 0.0015
Car 0.0000 0 -0.4790 0.0000 0.0000 1242.0000 375.0000 1.4201 1.6292 4.3302 -32.2833 1.0960 1.7823 -1.9861 0.0015
Car 0.0000 0 2.1852 395.3103 176.0763 443.0312 196.0898 1.6089 1.6848 4.3874 -16.1265 1.8926 61.1076 1.9280 0.0015
Car 0.0000 0 -1.0077 0.0000 0.0000 1242.0000 375.0000 1.7871 1.5828 3.4415 -29.5874 1.0618 1.2046 -2.5285 0.0015
Car 0.0000 0 1.0852 1169.6814 178.0464 1242.0000 226.2243 1.6113 1.4426 3.9838 22.5719 1.8188 26.6802 1.7814 0.0015
Cyclist 0.0000 0 -2.0905 1215.2111 176.8271 1242.0000 233.2226 1.7973 0.6192 1.8741 21.1249 1.9358 24.1088 -1.3775 0.0015
Car 0.0000 0 -2.6737 618.7648 173.7716 685.4943 201.1662 1.5787 1.5823 3.6781 2.4836 1.6362 43.2911 -2.6173 0.0015
Car 0.0000 0 -2.0206 1112.7969 186.5407 1219.2772 230.3015 1.4695 1.6635 3.9075 21.0794 2.0330 27.6056 -1.3742 0.0015
Car 0.0000 0 -0.7469 0.0000 0.0000 1242.0000 375.0000 1.7017 1.7116 3.9004 -29.3906 0.8848 0.9110 -2.2774 0.0015
Cyclist 0.0000 0 -2.1089 1141.2860 181.5448 1193.3502 228.9256 1.7061 0.5943 2.0351 21.0896 2.0491 27.4057 -1.4587 0.0014
Car 0.0000 0 -3.5270 1209.8315 168.8991 1242.0000 217.9924 1.6421 1.7387 4.1325 24.2165 1.5102 25.6811 -2.7770 0.0014
Pedestrian 0.0000 0 0.6745 309.9348 172.5625 325.4209 196.8002 1.7966 0.6509 0.8531 -21.8691 1.7754 53.9151 0.2906 0.0014
Car 0.0000 0 -0.2269 1150.4944 176.2315 1242.0000 226.1963 1.6960 1.6412 4.6100 22.8346 1.8289 26.5201 0.4780 0.0014
Car 0.0000 0 -1.6134 0.0000 0.0000 1242.0000 375.0000 1.5121 1.5965 4.3313 10.8339 1.5497 -0.1712 -0.0538 0.0014
Car 0.0000 0 -2.4995 1229.3735 166.3499 1242.0000 215.6587 1.6387 1.6666 3.1465 24.2960 1.4229 25.6711 -1.7476 0.0014
Car 0.0000 0 -0.7733 0.0000 0.0000 1242.0000 375.0000 1.5778 1.7893 4.3900 -32.8655 1.1238 2.0397 -2.2738 0.0014
Car 0.0000 0 -0.8147 0.0000 0.0000 1242.0000 375.0000 1.5958 1.7841 4.2938 -32.8749 1.0913 2.0961 -2.3135 0.0014
Car 0.0000 0 3.6054 0.0000 0.0000 1242.0000 375.0000 1.4346 1.6981 3.8647 -35.7500 1.3482 1.0310 2.0712 0.0014
Car 0.0000 0 0.0702 1159.4377 178.9989 1242.0000 227.2232 1.5992 1.7625 4.6285 23.3617 1.8466 26.7553 0.7821 0.0014
Pedestrian 0.0000 0 -1.8450 310.8254 172.6970 322.8095 196.6778 1.7759 0.6474 0.7651 -21.9423 1.7646 53.9302 -2.2299 0.0014
Car 0.0000 0 1.8624 228.7403 173.4355 274.4119 202.0369 1.6120 1.5266 3.2717 -21.0795 1.6480 42.4747 1.4040 0.0013
Car 0.0000 0 -3.6097 1073.2822 183.8255 1195.1927 228.0237 1.5754 1.5483 3.3909 19.6665 2.0056 27.2436 -2.9901 0.0013
Car 0.0000 0 -1.8523 1125.6077 187.7630 1214.6495 233.2470 1.5117 1.6437 3.8191 21.1154 2.1216 27.4180 -1.2019 0.0013
Car 0.0000 0 1.8787 228.5858 173.7759 276.3484 202.2105 1.6076 1.5587 3.4429 -21.1462 1.6648 42.7257 1.4213 0.0013
Car 0.0000 0 3.2785 0.0000 0.0000 1242.0000 375.0000 1.5422 1.6676 4.0550 -35.7474 1.3515 1.3259 1.7525 0.0013
Car 0.0000 0 3.0019 0.0000 0.0000 1242.0000 375.0000 1.6629 1.6915 4.0361 -37.2391 1.1479 1.7395 1.4851 0.0013
Car 0.0000 0 -0.7265 0.0000 0.0000 1242.0000 375.0000 1.5090 1.6735 4.2032 -32.6993 1.0610 1.5980 -2.2401 0.0013
Car 0.0000 0 1.8777 381.5215 172.4983 417.3701 194.4700 1.6321 1.6088 3.6717 -16.1629 1.6061 55.4506 1.5951 0.0013
Car 0.0000 0 -1.6146 0.0000 0.0000 1242.0000 375.0000 1.5137 1.5613 4.0093 11.3838 1.5166 -0.0759 -0.0627 0.0013
Car 0.0000 0 1.0749 1173.6837 182.9962 1242.0000 259.0860 1.5014 1.4545 3.6471 14.8170 1.7637 16.6901 1.7916 0.0013
Car 0.0000 0 -2.6389 1187.2578 173.1796 1242.0000 226.0936 1.7637 1.9028 4.3315 24.1050 1.7771 26.4349 -1.9056 0.0013
Car 0.0000 0 -1.7118 0.0000 0.0000 1242.0000 375.0000 1.5336 1.5560 3.8867 10.3759 1.4850 -0.2320 -0.1467 0.0013
Car 0.0000 0 1.9824 377.1256 173.1840 416.9015 195.1884 1.6078 1.5411 3.6952 -16.1273 1.6340 54.7045 1.6967 0.0013
Car 0.0000 0 1.1226 1155.2544 175.2091 1242.0000 253.3545 1.5964 1.6132 4.1249 14.7726 1.6596 17.0690 1.8270 0.0013
Pedestrian 0.0000 0 -1.5331 1156.3060 179.8708 1184.4946 237.2157 1.7553 0.6806 0.6397 17.5563 1.9806 22.6601 -0.8808 0.0012
Pedestrian 0.0000 0 0.8245 681.6246 171.8405 699.1624 218.8397 1.7377 0.4448 0.4794 2.9645 1.7006 26.9998 0.9320 0.0012
Car 0.0000 0 -2.5869 624.3067 173.5009 687.0486 200.8840 1.5767 1.6042 3.4215 2.6910 1.6173 43.2625 -2.5257 0.0012
Car 0.0000 0 0.9910 1153.1707 180.6645 1242.0000 256.8495 1.5298 1.4578 3.7103 14.5573 1.7331 16.8135 1.6954 0.0012
Car 0.0000 0 1.0865 1161.1696 178.0543 1242.0000 254.5558 1.5563 1.5283 3.7608 14.7612 1.6932 16.9505 1.7939 0.0012
Car 0.0000 0 -2.8825 619.2025 174.2788 682.6700 201.2152 1.5536 1.5775 3.4935 2.4176 1.6415 43.0388 -2.8272 0.0012
Car 0.0000 0 2.4667 1100.7848 186.4588 1210.3486 227.9949 1.4886 1.4687 3.0455 20.4439 2.0160 27.1608 3.1062 0.0012
Cyclist 0.0000 0 -1.7963 1142.9225 177.5618 1170.0527 222.5989 1.6195 0.4573 1.5671 20.3333 1.8008 26.9211 -1.1552 0.0012
Car 0.0000 0 2.4778 0.0000 0.0000 1242.0000 375.0000 1.4708 1.5230 3.7580 -31.3356 0.9677 0.2274 0.9230 0.0012
Car 0.0000 0 3.3435 0.0000 0.0000 1242.0000 375.0000 1.6710 1.8120 4.7672 -35.8462 1.3432 1.3272 1.8174 0.0012
Car 0.0000 0 4.5243 0.0000 0.0000 1242.0000 375.0000 1.4885 1.6468 3.8769 -9.7857 1.5860 -0.1090 2.9716 0.0012
Car 0.0000 0 1.9232 228.0279 173.9872 277.0466 201.9953 1.5847 1.5429 3.3203 -21.1282 1.6549 42.6950 1.4660 0.0012
Car 0.0000 0 2.6763 0.0000 0.0000 1242.0000 375.0000 1.6714 1.8950 4.6314 -34.3938 1.3789 2.0984 1.1745 0.0012
Pedestrian 0.0000 0 0.7325 681.8251 170.9916 700.2744 218.2146 1.7449 0.4776 0.4934 2.9896 1.6764 27.0007 0.8409 0.0012
Car 0.0000 0 -2.0557 1085.3496 178.2274 1170.0345 225.0784 1.6572 1.4542 2.7971 19.4874 1.8722 27.3392 -1.4420 0.0012
Pedestrian 0.0000 0 -1.4315 1154.4667 179.9060 1185.9541 236.4984 1.7313 0.7047 0.6314 17.5498 1.9578 22.6611 -0.7795 0.0011
Car 0.0000 0 -2.8439 625.7944 173.8729 687.0484 201.0627 1.5684 1.6242 3.3192 2.7446 1.6314 43.0630 -2.7812 0.0011
Car 0.0000 0 -1.6490 0.0000 0.0000 1242.0000 375.0000 1.5575 1.6730 4.1174 11.8462 1.5661 -0.0110 -0.1020 0.0011
Car 0.0000 0 -1.0439 0.0000 0.0000 1242.0000 375.0000 1.7324 1.7170 4.3044 -29.7085 0.8724 1.2698 -2.5628 0.0011
Car 0.0000 0 2.1656 640.2598 174.1048 696.4137 201.4761 1.5679 1.5708 3.6979 3.5162 1.6469 43.4406 2.2454 0.0011
Car 0.0000 0 0.7211 1120.4796 185.2340 1231.8010 227.7626 1.4456 1.5173 3.0361 21.1276 1.9393 27.1113 1.3773 0.0011
Car 0.0000 0 -1.8436 1094.7661 178.4120 1166.4246 222.8062 1.5654 1.5102 2.7043 19.6165 1.7883 27.3504 -1.2270 0.0011
Car 0.0000 0 -3.4287 1176.1179 169.8304 1242.0000 224.6395 1.8485 1.8043 4.4796 23.4697 1.7469 26.1011 -2.7023 0.0011
Pedestrian 0.0000 0 -0.0669 1190.9287 170.6046 1217.1613 230.0295 1.8884 0.5438 0.6154 19.1536 1.8173 23.3257 0.6139 0.0011
Cyclist 0.0000 0 -2.2381 1203.0021 178.5177 1242.0000 232.7523 1.7216 0.6409 1.8672 20.7796 1.9181 24.0442 -1.5320 0.0011
Pedestrian 0.0000 0 -1.6837 1235.2159 175.1120 1242.0000 230.6569 1.7952 0.6630 0.7924 21.1372 1.8719 23.8738 -0.9656 0.0010
Car 0.0000 0 2.6586 0.0000 0.0000 1242.0000 375.0000 1.4564 1.6814 4.4645 -31.6630 1.1304 1.0289 1.1290 0.0010
Pedestrian 0.0000 0 -0.0246 1191.7710 171.1485 1217.1565 230.4600 1.8841 0.5594 0.6152 19.1685 1.8303 23.3273 0.6565 0.0010
Car 0.0000 0 4.5499 0.0000 0.0000 1242.0000 375.0000 1.6037 1.7581 3.9951 -30.3118 0.8855 0.5875 3.0075 0.0010
Car 0.0000 0 -1.6171 0.0000 0.0000 1242.0000 375.0000 1.5257 1.7019 4.2314 11.8050 1.5599 0.0300 -0.0736 0.0010
Pedestrian 0.0000 0 0.1732 1171.7765 137.9436 1242.0000 290.0382 1.8096 0.4458 0.6639 7.4036 1.3946 8.9783 0.8463 0.0010
Car 0.0000 0 -0.9574 0.0000 0.0000 1242.0000 375.0000 1.7312 1.6951 3.4232 -29.6090 1.2359 1.2826 -2.4755 0.0010
Pedestrian 0.0000 0 -2.1028 1230.8625 174.8331 1242.0000 230.7543 1.8080 0.6803 0.8320 21.1256 1.8750 23.8301 -1.3842 0.0010
Car 0.0000 0 2.0281 309.3598 170.3855 350.6099 194.0487 1.8753 1.7706 3.5212 -22.8784 1.6801 59.0119 1.6595 0.0010
Cyclist 0.0000 0 -2.2787 1196.4049 178.4731 1242.0000 232.4134 1.7389 0.6753 1.8406 20.8562 1.9363 24.3732 -1.5775 0.0010
Car 0.0000 0 1.6427 230.8094 174.2265 264.5058 202.4915 1.5964 1.5296 3.5903 -21.5277 1.6820 42.8894 1.1798 0.0010
Car 0.0000 0 -1.8378 1128.8031 186.9226 1211.2886 231.6622 1.5008 1.5659 3.5234 21.0695 2.0719 27.3398 -1.1870 0.0010
Car 0.0000 0 1.6233 400.8610 173.9364 423.8308 193.8049 1.5743 1.6213 3.9285 -16.2864 1.6670 59.4867 1.3569 0.0010
Car 0.0000 0 0.8913 1159.5967 184.4371 1242.0000 259.1139 1.4450 1.3917 3.7644 14.5680 1.7402 16.4560 1.6065 0.0010
Car 0.0000 0 1.8942 362.6057 174.9254 399.8068 197.3362 1.6002 1.7077 3.1602 -16.9227 1.7585 53.4070 1.5885 0.0010
Car 0.0000 0 -1.8696 1066.9899 181.8723 1156.4985 228.4580 1.6424 1.8676 3.5957 19.4457 2.0202 28.2004 -1.2714 0.0010
Car 0.0000 0 1.8156 1065.9806 182.6947 1153.5531 229.6886 1.5862 1.7827 4.1756 18.8862 1.9864 27.2636 2.4158 0.0010
Car 0.0000 0 1.8655 396.6170 174.7805 429.9029 194.1460 1.5515 1.6303 3.8385 -16.3767 1.7176 60.1336 1.6005 0.0010
Car 0.0000 0 -2.2332 1118.5587 186.2226 1233.2885 231.4523 1.4891 1.3998 3.5844 20.6889 2.0158 26.6117 -1.5783 0.0009
Car 0.0000 0 -0.5189 0.0000 0.0000 1242.0000 375.0000 1.4517 1.6306 4.5792 -32.3809 1.1657 2.0480 -2.0180 0.0009
Car 0.0000 0 -1.7114 0.0000 0.0000 1242.0000 375.0000 1.5170 1.5062 3.8590 10.5509 1.5492 -0.2847 -0.1413 0.0009
Car 0.0000 0 -1.5615 0.0000 0.0000 1242.0000 375.0000 1.4984 1.6172 3.9413 10.2922 1.5258 -0.1015 -0.0092 0.0009
Car 0.0000 0 2.0494 396.3193 174.5512 437.1682 193.8953 1.5616 1.6462 4.0410 -16.2497 1.7099 60.7716 1.7889 0.0009
Car 0.0000 0 1.7787 379.2061 173.4450 411.8355 194.7657 1.6055 1.6454 4.0615 -16.7843 1.6539 56.5359 1.4911 0.0009
Car 0.0000 0 3.9792 0.0000 0.0000 1242.0000 375.0000 1.6568 1.9613 4.6875 -38.8537 0.9328 2.0271 2.4675 0.0009
Car 0.0000 0 -2.1754 1111.8333 188.7620 1221.0594 232.6612 1.4823 1.5466 3.5115 20.9869 2.1271 27.4419 -1.5283 0.0009
Car 0.0000 0 -3.2212 1185.8960 167.2191 1242.0000 226.0690 1.9449 1.8569 4.6726 23.7245 1.7591 26.0013 -2.4877 0.0009
Car 0.0000 0 -0.1647 1136.9222 184.9564 1242.0000 229.5381 1.5196 1.5490 3.4067 21.8266 1.9968 26.9189 0.5108 0.0009
Car 0.0000 0 -3.1141 1189.9270 168.5760 1242.0000 225.5134 1.8684 1.8513 4.7035 23.9449 1.7284 25.9724 -2.3753 0.0009
Car 0.0000 0 1.6709 226.3502 174.0203 263.7897 202.7994 1.6154 1.6076 3.6966 -21.5662 1.6880 42.6744 1.2053 0.0009
Car 0.0000 0 1.8857 314.6357 169.8656 349.8918 193.1830 1.8606 1.6485 3.6844 -22.8643 1.6225 59.4552 1.5199 0.0009
Car 0.0000 0 1.9667 370.5332 173.6008 412.7740 195.5597 1.6178 1.6602 4.0726 -16.7381 1.6777 55.4109 1.6744 0.0008
Cyclist 0.0000 0 1.2087 1173.2478 177.5136 1213.3215 229.0521 1.7656 0.5623 1.6222 20.7337 1.9377 25.7295 1.8808 0.0008
Car 0.0000 0 1.9963 374.1964 172.6730 417.2997 195.2289 1.6391 1.6595 3.8898 -16.1474 1.6263 54.4698 1.7092 0.0008
Car 0.0000 0 -3.1186 1190.9204 170.4467 1242.0000 226.7265 1.8491 1.8490 4.5973 23.8979 1.7704 25.9587 -2.3806 0.0008
Car 0.0000 0 1.8669 391.9318 173.3908 426.3817 193.7994 1.5995 1.6117 3.9560 -16.3033 1.6449 58.6490 1.5967 0.0008
Car 0.0000 0 -1.6649 0.0000 0.0000 1242.0000 375.0000 1.4371 1.4758 3.8577 10.5844 1.6001 -0.1155 -0.1108 0.0008
Pedestrian 0.0000 0 0.3221 1184.8582 176.1541 1216.0604 233.4836 1.7898 0.5868 0.6184 18.7678 1.8972 22.9901 0.9999 0.0008
Car 0.0000 0 -0.2156 1140.8127 181.5083 1242.0000 227.2680 1.5441 1.6523 4.4558 22.5443 1.8867 26.7690 0.4784 0.0008
Car 0.0000 0 1.7616 377.9128 173.7035 409.2325 195.1357 1.5997 1.6136 3.9226 -16.7939 1.6685 56.0472 1.4715 0.0008
Car 0.0000 0 -1.6127 0.0000 0.0000 1242.0000 375.0000 1.4631 1.5556 4.0858 11.2917 1.5521 0.0180 -0.0694 0.0008
Car 0.0000 0 2.3767 1056.3511 186.0135 1180.6191 226.8838 1.4303 1.5440 3.8022 18.9435 1.9425 26.9959 2.9829 0.0008
Car 0.0000 0 0.7951 1133.1506 187.3600 1242.0000 232.2762 1.4545 1.3782 3.5594 21.2000 2.0227 26.3953 1.4657 0.0008
Car 0.0000 0 1.1045 1156.6707 176.7465 1242.0000 253.9350 1.5780 1.5181 3.7422 14.6060 1.6805 16.9458 1.8068 0.0008
Car 0.0000 0 2.1189 373.9925 173.4588 418.6912 195.3935 1.5944 1.5905 3.6054 -16.1181 1.6421 54.5000 1.8324 0.0007
Car 0.0000 0 2.1416 228.6648 173.4023 290.1141 203.1088 1.6723 1.5042 3.6894 -20.6654 1.7065 42.6085 1.6922 0.0007
Pedestrian 0.0000 0 -2.2580 1182.2179 174.3990 1216.7944 231.0048 1.7764 0.6007 0.6101 18.7127 1.8266 22.9660 -1.5811 0.0007
Car 0.0000 0 -2.1694 1118.2778 186.6883 1219.0497 229.7167 1.4624 1.5232 3.0449 20.8182 2.0119 27.0814 -1.5199 0.0007
Car 0.0000 0 1.7227 369.4200 177.8909 400.9747 198.6895 1.4817 1.7213 3.7311 -16.9110 1.8751 54.3284 1.4221 0.0007
Cyclist 0.0000 0 -3.5623 1201.6777 176.9749 1242.0000 233.3746 1.8064 0.7018 2.0021 20.8616 1.9464 23.8222 -2.8497 0.0007
Car 0.0000 0 -1.9614 1124.9348 186.7599 1212.8064 230.9901 1.5045 1.5296 3.1375 21.0235 2.0647 27.3302 -1.3115 0.0007
Cyclist 0.0000 0 -1.2906 1115.3444 171.2860 1145.4905 222.8711 1.9103 0.4819 1.7246 19.7597 1.8526 27.4429 -0.6721 0.0007
Pedestrian 0.0000 0 0.9351 681.7518 172.1606 702.9143 218.2110 1.6786 0.5225 0.6006 3.0003 1.6537 26.6888 1.0452 0.0007
Car 0.0000 0 1.0711 1152.7839 177.4390 1242.0000 252.6877 1.5716 1.4633 3.5392 14.6568 1.6931 17.1747 1.7686 0.0007
Car 0.0000 0 -2.7931 1175.1215 172.0327 1242.0000 227.2707 1.8410 1.8721 4.6132 23.8905 1.8140 26.5190 -2.0657 0.0007
Car 0.0000 0 0.7768 1125.7817 188.6063 1238.7369 232.6616 1.4649 1.4219 3.2071 21.1581 2.0888 26.8769 1.4378 0.0007
Car 0.0000 0 -0.8029 0.0000 0.0000 1242.0000 375.0000 1.6742 1.8698 4.8529 -32.8581 1.1039 2.4007 -2.2924 0.0007
Car 0.0000 0 1.8595 316.9441 169.6265 349.5420 193.0241 1.8786 1.4968 3.8243 -22.9531 1.6198 59.8937 1.4948 0.0007
Car 0.0000 0 -1.6485 0.0000 0.0000 1242.0000 375.0000 1.4683 1.5259 3.8483 10.4102 1.5805 -0.1950 -0.0870 0.0006
Car 0.0000 0 -2.3946 1113.8673 188.4699 1236.1688 232.0220 1.4437 1.4682 3.5567 21.0716 2.0720 27.1376 -1.7402 0.0006
Car 0.0000 0 -0.6230 1079.5311 186.2287 1202.3625 225.5749 1.4070 1.4723 3.5169 19.7971 1.9225 27.0455 0.0031 0.0006
Pedestrian 0.0000 0 -2.0847 1222.2152 178.2535 1242.0000 232.8599 1.7619 0.6890 0.8020 20.8271 1.9441 23.8304 -1.3732 0.0006
Pedestrian 0.0000 0 0.2134 1139.2867 144.5436 1206.7772 290.1665 1.7648 0.4077 0.6043 7.0469 1.4221 9.1033 0.8560 0.0006
Pedestrian 0.0000 0 -1.7351 1226.0199 178.9642 1242.0000 232.8191 1.7347 0.6737 0.7643 20.8405 1.9414 23.8544 -1.0237 0.0006
Car 0.0000 0 1.8484 372.8889 174.9886 407.7065 196.0346 1.5328 1.5689 3.7174 -16.6674 1.7008 54.7973 1.5542 0.0006
Pedestrian 0.0000 0 -1.9067 1231.6631 177.0180 1242.0000 230.4792 1.6987 0.7591 0.7529 20.8310 1.8375 23.4910 -1.1879 0.0006
Car 0.0000 0 2.1252 230.1217 172.6193 291.3867 202.8033 1.7060 1.5043 3.7646 -20.6415 1.6931 42.7297 1.6774 0.0006
Pedestrian 0.0000 0 0.6569 673.6531 170.7952 692.7520 219.7624 1.8076 0.5114 0.5038 2.6954 1.7319 26.9908 0.7547 0.0006
Car 0.0000 0 -2.0033 1068.6936 181.3854 1166.8865 228.8416 1.6647 1.7022 3.6746 19.5081 2.0189 27.9668 -1.3997 0.0006
Pedestrian 0.0000 0 0.5941 674.6176 171.7049 692.4724 219.5957 1.7702 0.4758 0.4815 2.7097 1.7280 27.0038 0.6923 0.0006
Car 0.0000 0 -1.4134 1111.5679 181.6721 1182.8864 228.2626 1.6149 1.7048 3.2407 20.3959 1.9717 27.4131 -0.7794 0.0006
Pedestrian 0.0000 0 -1.9239 1231.7700 177.7522 1242.0000 230.9510 1.6899 0.7549 0.7364 20.8276 1.8529 23.4842 -1.2051 0.0006
Car 0.0000 0 -0.2907 1149.8612 182.9190 1242.0000 225.8255 1.4562 1.5243 3.7033 22.3190 1.8472 26.5794 0.4019 0.0006
Cyclist 0.0000 0 -1.4132 250.4708 177.1421 259.4455 204.2299 1.5407 0.2767 1.2275 -20.6315 1.7936 41.8640 -1.8688 0.0006
Car 0.0000 0 -2.1125 1081.0621 177.2994 1171.8823 223.0033 1.6279 1.5264 2.8879 19.5361 1.8068 27.4818 -1.5001 0.0006
Pedestrian 0.0000 0 0.4484 1116.3862 137.1432 1194.8170 286.0890 1.8467 0.4485 0.6866 7.0088 1.4043 9.3518 1.0761 0.0006
Cyclist 0.0000 0 1.2720 672.8257 170.0025 696.6706 218.5312 1.7529 0.5158 1.2960 2.7180 1.6503 26.7467 1.3715 0.0005
Car 0.0000 0 -1.4900 1119.3013 181.4837 1183.8053 225.6948 1.5163 1.7160 3.0856 20.3588 1.8620 27.1444 -0.8522 0.0005
Car 0.0000 0 1.8679 316.0621 170.2009 350.5282 193.6366 1.8762 1.5777 3.9443 -22.9020 1.6641 59.7817 1.5033 0.0005
Car 0.0000 0 1.8148 395.9495 173.7001 426.3683 193.6430 1.5804 1.5744 3.6250 -16.2900 1.6523 59.1629 1.5470 0.0005
Car 0.0000 0 -1.3916 1111.5898 180.8813 1186.4651 226.6619 1.5815 1.7267 3.3067 20.3828 1.9053 27.3041 -0.7560 0.0005
Pedestrian 0.0000 0 -0.0009 1141.6718 145.6580 1208.3654 291.2122 1.7607 0.4127 0.6493 7.0474 1.4321 9.0850 0.6428 0.0004
Cyclist 0.0000 0 -1.9167 667.2865 169.2450 689.5941 215.6104 1.7147 0.3615 1.4725 2.5496 1.5816 27.4401 -1.8257 0.0004
Pedestrian 0.0000 0 2.3623 1169.0428 179.0428 1205.2543 229.9801 1.7912 0.6217 0.8089 20.5969 2.0160 25.8104 3.0296 0.0004
Cyclist 0.0000 0 -0.9755 251.5264 176.6961 270.8485 205.0288 1.6129 0.2857 1.3810 -20.3153 1.8405 41.9682 -1.4241 0.0004
Cyclist 0.0000 0 -1.4273 683.0295 169.4620 698.9402 216.1562 1.7228 0.4025 1.4440 3.0361 1.5980 27.3680 -1.3186 0.0004
Car 0.0000 0 1.8387 370.9310 175.1871 406.6248 196.6896 1.5575 1.6789 3.6113 -16.6873 1.7399 54.4853 1.5426 0.0004
Cyclist 0.0000 0 -1.6938 1212.3673 193.8039 1242.0000 247.7961 1.5163 0.4467 1.8729 18.6501 2.1781 21.8712 -0.9951 0.0004
Car 0.0000 0 2.7475 0.0000 0.0000 1242.0000 375.0000 1.6527 1.7722 5.7193 -34.0457 1.3886 2.5492 1.2596 0.0004
Car 0.0000 0 1.8010 372.3755 175.6106 404.8576 196.6015 1.5168 1.6057 3.3913 -16.6610 1.7315 54.3402 1.5046 0.0004
Car 0.0000 0 2.8199 0.0000 0.0000 1242.0000 375.0000 1.6365 1.7925 4.8791 -31.5460 1.0865 1.0380 1.2907 0.0004
Pedestrian 0.0000 0 -1.7765 1241.2235 175.1962 1242.0000 230.0620 1.7532 0.7354 0.6999 21.1578 1.8317 23.5810 -1.0519 0.0004
Pedestrian 0.0000 0 0.2510 1116.4031 139.3040 1190.6543 285.7929 1.8223 0.4232 0.6920 7.0028 1.4053 9.3742 0.8772 0.0004
Car 0.0000 0 -1.9859 1086.5063 179.9652 1180.3875 225.6377 1.5478 1.4725 3.6344 19.4046 1.8331 26.9779 -1.3680 0.0004
Pedestrian 0.0000 0 -2.4157 672.3640 171.8275 694.1863 219.8829 1.7490 0.5366 0.5964 2.6636 1.7120 26.6597 -2.3179 0.0003
Car 0.0000 0 1.8929 368.3812 173.5104 404.2189 196.1757 1.6379 1.6115 3.2399 -16.6897 1.6887 53.8706 1.5936 0.0003
Cyclist 0.0000 0 -1.7532 674.5801 171.9351 693.0874 218.0708 1.6647 0.4521 1.2758 2.6797 1.6319 26.6876 -1.6549 0.0003
Pedestrian 0.0000 0 -2.4768 672.9004 172.6153 694.6325 220.4825 1.7419 0.5132 0.6125 2.6810 1.7336 26.6513 -2.3783 0.0003
Car 0.0000 0 -0.9750 1097.4783 184.3495 1200.0251 227.1872 1.5112 1.5721 3.2707 20.4260 1.9691 27.4296 -0.3406 0.0003
Pedestrian 0.0000 0 -2.2820 681.6545 174.8590 701.2537 220.2160 1.6536 0.4627 0.5663 2.9694 1.7292 26.6993 -2.1731 0.0003
Car 0.0000 0 1.8166 372.3447 174.9822 404.5422 196.4903 1.5579 1.5611 3.2854 -16.6548 1.7233 54.2717 1.5199 0.0003
Car 0.0000 0 1.3284 1092.8395 179.4747 1173.3372 225.9143 1.5629 1.5021 3.9361 19.4063 1.8303 26.9878 1.9462 0.0002
Pedestrian 0.0000 0 1.9779 1160.7096 171.0487 1191.6971 225.7511 1.9258 0.6233 0.7691 20.2477 1.8626 25.8583 2.6362 0.0002