Pedestrian 0.0000 0 2.8773 596.5892 142.0965 704.8882 308.7560 1.9332 0.6466 1.1903 0.4949 1.4894 8.6355 2.9343 0.9079
Pedestrian 0.0000 0 2.8541 598.2133 141.2743 703.0299 308.2461 1.9360 0.6522 1.1381 0.4947 1.4829 8.6407 2.9110 0.8856
Pedestrian 0.0000 0 2.8627 595.9764 141.8445 705.5254 309.1593 1.9394 0.6312 1.2056 0.4960 1.4930 8.6310 2.9199 0.8451
Pedestrian 0.0000 0 2.8391 596.9727 141.8488 703.5757 308.5784 1.9283 0.6605 1.1527 0.4903 1.4830 8.6329 2.8956 0.8402
Pedestrian 0.0000 0 2.7895 600.6973 140.1837 700.2743 308.9706 1.9574 0.6319 1.0618 0.4972 1.4915 8.6512 2.8466 0.8256
Pedestrian 0.0000 0 2.8133 597.9689 141.7720 706.1404 310.2385 1.9479 0.6916 1.1588 0.5136 1.5018 8.6580 2.8722 0.8193
Pedestrian 0.0000 0 2.8021 596.7161 141.6272 701.5912 309.4694 1.9426 0.6713 1.1206 0.4795 1.4944 8.6579 2.8572 0.6151
Car 0.0000 0 2.7144 182.8984 0.0000 1224.0000 370.0000 1.4597 1.5466 3.6795 -1.5093 1.6253 0.9106 1.8309 0.5225
Car 0.0000 0 4.4162 0.0000 0.0000 1224.0000 370.0000 1.5449 1.6193 4.1843 -2.6673 1.6748 -0.0512 2.9487 0.4459
Car 0.0000 0 1.8706 0.0000 177.0936 15.3052 235.0130 1.4967 1.6305 4.0614 -18.7998 1.4102 20.4507 1.1368 0.3885
Car 0.0000 0 4.3966 0.0000 0.0000 1224.0000 370.0000 1.5502 1.6126 4.2892 -2.5766 1.6874 -0.0063 2.9498 0.3613
Car 0.0000 0 2.6958 224.1905 0.0000 1224.0000 370.0000 1.4748 1.5758 3.7712 -1.5296 1.6512 1.0740 1.8670 0.3556
Pedestrian 0.0000 0 0.0355 125.6164 169.8290 164.9383 263.4870 1.6353 0.4442 0.5719 -8.2800 1.4506 12.6763 -0.5298 0.3322
Car 0.0000 0 4.4095 0.0000 0.0000 1224.0000 370.0000 1.6236 1.6228 4.4380 -2.5678 1.6804 -0.1353 2.9134 0.3292
Car 0.0000 0 1.8801 0.0000 178.5420 16.0493 234.3515 1.4508 1.5856 4.0265 -18.8373 1.4015 20.5366 1.1474 0.3186
Car 0.0000 0 1.8432 0.0000 175.7288 13.8789 234.7027 1.5219 1.6372 4.1090 -18.7897 1.4004 20.4455 1.1095 0.3052
Car 0.0000 0 4.3850 0.0000 0.0000 1224.0000 370.0000 1.6080 1.6171 4.3650 -2.6496 1.6627 -0.1670 2.8748 0.3023
Pedestrian 0.0000 0 3.5475 125.1601 170.5490 178.9248 262.5262 1.6306 0.4563 0.6958 -8.2416 1.4558 12.8080 2.9888 0.2943
Car 0.0000 0 0.3955 88.5553 0.0000 1224.0000 370.0000 1.4865 1.5908 3.7362 1.2897 1.6355 -0.1749 1.8532 0.2865
Car 0.0000 0 -0.9382 0.0000 0.0000 955.7827 370.0000 1.5429 1.5881 3.6974 1.9137 1.6175 -0.0903 0.5129 0.2812
Car 0.0000 0 1.8766 0.0000 179.0650 15.7604 234.3974 1.4460 1.5731 3.9222 -18.8531 1.4101 20.5833 1.1445 0.2662
Car 0.0000 0 0.5100 14.6028 0.0000 1224.0000 370.0000 1.4375 1.5480 3.7029 1.3166 1.6310 0.0116 1.8332 0.2661
Car 0.0000 0 2.8939 0.0000 0.0000 1224.0000 370.0000 1.4704 1.5369 3.8377 -1.5198 1.6476 0.2655 1.6946 0.2600
Car 0.0000 0 -0.9877 0.0000 0.0000 921.0047 370.0000 1.5381 1.5554 3.5385 1.8702 1.6144 -0.0193 0.4235 0.2587
Pedestrian 0.0000 0 2.5527 124.8132 169.9228 178.0361 263.0521 1.6350 0.4665 0.6654 -8.2551 1.4510 12.8073 1.9932 0.2549
Car 0.0000 0 3.0008 0.0000 0.0000 1224.0000 370.0000 1.4675 1.4992 3.9508 -1.6718 1.6648 0.2329 1.7529 0.2491
Car 0.0000 0 -1.0580 0.0000 0.0000 1224.0000 370.0000 1.5780 1.6452 4.0283 1.4863 1.6226 0.0607 0.2614 0.2437
Car 0.0000 0 4.3138 0.0000 0.0000 1224.0000 370.0000 1.5085 1.6436 4.2329 -2.4227 1.6824 0.2498 2.9769 0.2385
Car 0.0000 0 -4.3890 0.0000 0.0000 1224.0000 370.0000 1.4896 1.6783 3.7322 1.7672 1.6092 0.1589 -3.0831 0.2304
Car 0.0000 0 4.4261 0.0000 0.0000 1224.0000 370.0000 1.5342 1.6481 4.2894 -2.5896 1.6912 0.3356 3.1060 0.2260
Pedestrian 0.0000 0 0.5843 119.9205 171.1402 171.1385 263.6182 1.6283 0.4344 0.6360 -8.2717 1.4652 12.6678 0.0191 0.2251
Car 0.0000 0 1.9898 0.0000 176.5030 18.2509 233.6007 1.4879 1.5508 3.9485 -18.9573 1.3853 20.5377 1.2539 0.2188
Car 0.0000 0 1.7613 0.0000 177.6286 16.5009 235.0163 1.4857 1.6165 4.1525 -18.5604 1.4130 20.4977 1.0350 0.2090
Car 0.0000 0 -1.2024 0.0000 0.0000 1224.0000 370.0000 1.4623 1.5574 3.4099 2.2150 1.6226 0.3648 0.0687 0.2085
Car 0.0000 0 -0.5684 164.5455 0.0000 1224.0000 370.0000 1.5058 1.5989 3.8473 -1.3427 1.6397 0.8457 -1.4209 0.2066
Car 0.0000 0 1.6657 0.0000 177.2632 9.7834 236.4282 1.5108 1.6936 4.4460 -18.4602 1.4297 20.3428 0.9383 0.2003
Car 0.0000 0 -4.3633 0.0000 0.0000 1224.0000 370.0000 1.5319 1.6898 3.7886 1.4959 1.6133 0.1812 -3.1163 0.1986
Car 0.0000 0 -1.0392 0.0000 0.0000 1224.0000 370.0000 1.4800 1.5242 3.4230 1.9812 1.5774 0.0718 0.3362 0.1946
Car 0.0000 0 2.6416 44.5810 0.0000 1224.0000 370.0000 1.4686 1.5835 3.8574 -1.2877 1.6303 0.4608 1.6198 0.1941
Car 0.0000 0 3.5510 151.1320 0.0000 1224.0000 370.0000 1.5473 1.5320 4.0047 -1.6428 1.6296 -0.1528 2.0854 0.1924
Car 0.0000 0 3.5254 138.2779 0.0000 1224.0000 370.0000 1.5358 1.5374 3.9720 -1.6826 1.6474 -0.1098 2.0826 0.1907
Car 0.0000 0 1.7976 0.0000 178.3768 14.8038 236.0452 1.4789 1.6345 4.2092 -18.6021 1.4261 20.3652 1.0669 0.1876
Car 0.0000 0 1.7924 0.0000 178.2423 14.7615 235.7836 1.4777 1.6119 4.1990 -18.5879 1.4213 20.3786 1.0625 0.1876
Car 0.0000 0 1.9659 0.0000 172.6640 14.2971 232.8223 1.5654 1.5498 3.8899 -18.9742 1.3630 20.4851 1.2283 0.1866
Car 0.0000 0 -1.0583 0.0000 0.0000 1224.0000 370.0000 1.4825 1.5658 3.3858 1.8274 1.6055 0.1548 0.2581 0.1806
Car 0.0000 0 4.2843 0.0000 0.0000 1224.0000 370.0000 1.4988 1.6095 4.0984 -2.0826 1.6829 0.1163 2.9231 0.1804
Car 0.0000 0 1.6714 0.0000 174.9040 8.2036 235.7666 1.5514 1.6920 4.3587 -18.4625 1.4103 20.2778 0.9424 0.1783
Car 0.0000 0 4.2896 0.0000 0.0000 1224.0000 370.0000 1.6049 1.6388 4.2186 -2.1142 1.6743 -0.1261 2.8134 0.1740
Car 0.0000 0 -1.0345 0.0000 0.0000 1050.1866 370.0000 1.5108 1.4944 3.5658 2.0864 1.5891 -0.0990 0.4306 0.1713
Car 0.0000 0 -4.3958 0.0000 0.0000 1224.0000 370.0000 1.4504 1.6514 3.8030 1.8775 1.6046 0.2664 -3.1279 0.1667
Car 0.0000 0 0.3435 197.3120 0.0000 1224.0000 370.0000 1.5597 1.6226 3.7112 -1.4407 1.6547 -0.0468 -1.0359 0.1659
Car 0.0000 0 -4.2436 0.0000 0.0000 1224.0000 370.0000 1.4764 1.6395 4.0948 1.4887 1.6182 0.3237 -3.0812 0.1645
Car 0.0000 0 -0.7061 73.3454 0.0000 1224.0000 370.0000 1.4695 1.5914 3.8681 -1.2983 1.6168 0.7757 -1.5724 0.1558
Car 0.0000 0 4.0264 0.0000 0.0000 1224.0000 370.0000 1.5486 1.6213 4.0326 -1.3394 1.6633 0.1204 2.7772 0.1533
Car 0.0000 0 2.8388 153.6454 0.0000 1224.0000 370.0000 1.4611 1.5090 3.7926 -1.6639 1.6387 0.7803 1.8556 0.1527
Car 0.0000 0 1.0437 0.0000 0.0000 1224.0000 370.0000 1.5992 1.6780 3.9054 -1.5169 1.7046 -0.0241 -0.3308 0.1514
Car 0.0000 0 1.6559 0.0000 175.5822 5.4972 234.5907 1.5333 1.6703 4.2519 -18.7326 1.4071 20.5683 0.9267 0.1493
Car 0.0000 0 1.8925 0.0000 177.2846 14.2069 233.5145 1.4940 1.6069 3.5683 -19.0213 1.4102 20.7375 1.1597 0.1433
Car 0.0000 0 0.3797 139.7338 0.0000 1224.0000 370.0000 1.5889 1.6441 3.7383 -1.4177 1.6573 -0.1821 -1.0901 0.1423
Car 0.0000 0 1.9319 0.0000 178.4115 16.5518 233.1118 1.4414 1.5642 3.7856 -18.9852 1.3879 20.6737 1.1985 0.1384
Car 0.0000 0 3.0877 239.0601 0.0000 1224.0000 370.0000 1.4754 1.5575 3.8722 -1.9347 1.6352 0.9572 2.1034 0.1382
Car 0.0000 0 1.9504 0.0000 177.2836 16.9153 233.2236 1.4605 1.5622 3.9544 -18.9649 1.3781 20.5807 1.2153 0.1381
Car 0.0000 0 1.9364 0.0000 178.7032 18.6580 232.7264 1.4503 1.5540 3.5400 -19.0688 1.4036 20.9070 1.2063 0.1380
Car 0.0000 0 1.8709 0.0000 172.5154 13.1277 234.4446 1.5833 1.6306 4.2199 -18.7882 1.3807 20.3279 1.1345 0.1372
Car 0.0000 0 4.2331 0.0000 0.0000 1224.0000 370.0000 1.5610 1.6344 4.0506 -2.1161 1.6679 -0.0212 2.8057 0.1342
Car 0.0000 0 1.8313 0.0000 178.3155 18.2555 233.7288 1.4665 1.6082 3.7252 -18.8005 1.4103 20.7324 1.1041 0.1253
Car 0.0000 0 4.0292 0.0000 0.0000 1224.0000 370.0000 1.4885 1.6470 4.0581 -2.3530 1.7298 0.8248 2.9138 0.1243
Car 0.0000 0 1.7642 0.0000 178.2102 13.3290 236.0896 1.4784 1.6506 4.2889 -18.5473 1.4215 20.3203 1.0339 0.1208
Car 0.0000 0 1.8018 0.0000 179.8099 17.4141 232.7460 1.4303 1.5517 3.4823 -18.9257 1.4132 21.0002 1.0776 0.1205
Car 0.0000 0 3.6499 30.8877 0.0000 1224.0000 370.0000 1.5677 1.5551 4.2162 -2.0672 1.6291 -0.2568 2.1130 0.1205
Car 0.0000 0 0.3960 0.0000 0.0000 1224.0000 370.0000 1.4363 1.6068 3.7179 1.6407 1.6019 0.1104 1.7098 0.1193
Car 0.0000 0 -2.3417 0.0000 0.0000 1224.0000 370.0000 1.5420 1.6099 4.1347 -0.4153 1.6422 0.0842 -3.1340 0.1192
Car 0.0000 0 3.2549 172.2127 0.0000 1224.0000 370.0000 1.4738 1.5098 4.0134 -1.9430 1.6421 0.4636 2.0708 0.1162
Car 0.0000 0 4.3999 0.0000 0.0000 1224.0000 370.0000 1.5521 1.6185 4.3909 -2.8133 1.6884 0.0264 2.9543 0.1137
Car 0.0000 0 1.2895 0.0000 0.0000 1224.0000 370.0000 1.5907 1.6785 3.8895 -0.8397 1.6975 -0.0116 0.0755 0.1104
Car 0.0000 0 -0.2348 8.4064 0.0000 1224.0000 370.0000 1.5406 1.6463 3.5665 -1.2905 1.6260 0.2042 -1.4156 0.1065
Car 0.0000 0 0.1937 106.5102 0.0000 1224.0000 370.0000 1.5147 1.5873 3.7919 1.1373 1.6362 -0.3115 1.7555 0.1060
Car 0.0000 0 0.3722 0.0000 0.0000 1224.0000 370.0000 1.4850 1.5963 3.6488 1.2575 1.6100 0.0777 1.6357 0.1053
Car 0.0000 0 -4.2238 0.0000 0.0000 1224.0000 370.0000 1.6016 1.7169 4.5791 0.7750 1.6049 0.0793 -3.1305 0.1046
Car 0.0000 0 -1.0699 0.0000 0.0000 1163.5221 370.0000 1.5514 1.5116 3.6815 2.2656 1.5458 -0.2216 0.4573 0.1020
Car 0.0000 0 -0.1934 0.0000 0.0000 1224.0000 370.0000 1.4433 1.5947 3.7050 2.0534 1.6061 -0.0872 1.2644 0.1010
Car 0.0000 0 -3.7493 0.0000 0.0000 1224.0000 370.0000 1.6315 1.7040 4.6173 0.2746 1.5820 0.0411 -3.1005 0.0988
Pedestrian 0.0000 0 2.5400 145.0535 170.1938 195.7634 261.1593 1.6055 0.4284 0.6600 -7.9458 1.4253 12.8634 1.9995 0.0985
Car 0.0000 0 1.7548 0.0000 176.7620 11.4695 236.1728 1.5059 1.6772 4.4343 -18.5475 1.4128 20.2467 1.0228 0.0952
Car 0.0000 0 4.1465 0.0000 0.0000 1224.0000 370.0000 1.4697 1.5972 3.8859 -1.3951 1.6537 0.1685 2.9164 0.0950
Car 0.0000 0 0.7920 0.0000 0.0000 1224.0000 370.0000 1.4446 1.6267 3.7598 1.6540 1.6177 0.6232 1.8446 0.0924
Car 0.0000 0 2.7504 0.0000 0.0000 1224.0000 370.0000 1.5832 1.6179 4.3212 0.1699 1.5774 0.1976 3.0691 0.0921
Pedestrian 0.0000 0 1.0534 1006.3645 222.4272 1101.1663 370.0000 1.1556 0.3584 0.5756 3.3322 1.4927 5.3600 1.5855 0.0920
Car 0.0000 0 0.7597 0.0000 0.0000 1224.0000 370.0000 1.4411 1.5223 3.5759 1.3752 1.6389 0.3711 1.8644 0.0888
Car 0.0000 0 -1.2083 0.0000 175.9818 22.9162 232.2225 1.5381 1.6743 3.4531 -19.2636 1.4162 21.2440 -1.9356 0.0886
Car 0.0000 0 -2.6534 0.0000 0.0000 1224.0000 370.0000 1.5171 1.6957 3.4837 1.5689 1.6050 0.1219 -1.3576 0.0883
Car 0.0000 0 3.8791 0.0000 0.0000 1224.0000 370.0000 1.6010 1.6741 3.9794 -0.3276 1.6214 0.0206 3.1213 0.0878
Car 0.0000 0 3.3974 156.6577 0.0000 1224.0000 370.0000 1.5101 1.5223 4.3136 -2.0315 1.6705 0.2175 2.0885 0.0868
Car 0.0000 0 0.6799 0.0000 0.0000 1224.0000 370.0000 1.4793 1.6254 4.1022 -2.1100 1.6791 1.0402 -0.3155 0.0844
Car 0.0000 0 -4.0130 0.0000 0.0000 1224.0000 370.0000 1.5480 1.6930 4.4777 0.6969 1.6227 0.1985 -3.0832 0.0836
Car 0.0000 0 3.9036 0.0000 0.0000 1224.0000 370.0000 1.4877 1.5836 4.0464 -0.6700 1.6283 0.2378 3.0324 0.0823
Car 0.0000 0 2.1815 0.0000 175.8707 19.2000 231.9115 1.4992 1.5236 3.5166 -19.2839 1.3770 20.7517 1.4422 0.0817
Car 0.0000 0 2.1303 0.0000 176.4730 21.8359 231.9506 1.4919 1.5718 3.5240 -19.2672 1.3852 20.8818 1.3945 0.0809
Car 0.0000 0 2.8275 0.0000 0.0000 1224.0000 370.0000 1.6248 1.6734 4.3818 0.1033 1.5723 0.0723 3.0873 0.0793
Car 0.0000 0 -1.5789 581.8103 161.1027 605.6436 187.3420 1.8818 1.7098 4.1325 -0.8490 0.4920 52.7882 -1.5930 0.0784
Car 0.0000 0 -1.6069 578.3906 162.2198 602.7918 186.6254 1.7485 1.6751 4.0356 -1.1002 0.4401 52.7110 -1.6258 0.0782
Car 0.0000 0 2.0660 0.0000 168.7826 13.3209 231.9881 1.6246 1.6012 3.9712 -19.0760 1.3250 20.2907 1.3211 0.0747
Car 0.0000 0 2.3105 0.0000 173.9950 19.9363 231.7062 1.5349 1.5325 3.6631 -19.3863 1.3635 20.6353 1.5658 0.0728
Car 0.0000 0 -1.4867 580.3308 162.4779 607.2693 186.6786 1.7353 1.6738 4.0038 -0.7907 0.4443 52.7503 -1.4998 0.0726
Car 0.0000 0 0.6540 0.0000 0.0000 1224.0000 370.0000 1.4488 1.5409 3.6261 1.2633 1.6327 0.3822 1.7171 0.0726
Car 0.0000 0 -3.0091 0.0000 0.0000 1224.0000 370.0000 1.5448 1.6452 3.5771 1.7412 1.6060 -0.1354 -1.5444 0.0714
Car 0.0000 0 -3.2577 0.0000 0.0000 1224.0000 370.0000 1.5351 1.5752 3.5936 2.3066 1.5652 -0.1246 -1.7715 0.0699
Car 0.0000 0 -0.8382 239.3902 0.0000 1224.0000 370.0000 1.5270 1.6183 3.7586 -0.8879 1.6645 0.8698 -1.4763 0.0698
Car 0.0000 0 3.7649 31.4982 0.0000 1224.0000 370.0000 1.5824 1.6203 4.2862 -2.5897 1.6256 -0.0433 2.3036 0.0694
Car 0.0000 0 4.3455 147.9469 0.0000 1224.0000 370.0000 1.5902 1.6099 4.5117 -2.8076 1.6798 -0.1527 2.8370 0.0691
Car 0.0000 0 0.1049 0.0000 0.0000 1224.0000 370.0000 1.4315 1.6655 3.8141 2.0141 1.6111 0.3367 1.3606 0.0680
Car 0.0000 0 -0.1292 0.0000 0.0000 1224.0000 370.0000 1.4897 1.5682 4.1379 0.0214 1.6331 0.7306 -0.1068 0.0679
Pedestrian 0.0000 0 -0.5670 1150.3811 157.9220 1223.2483 268.7027 1.6930 0.4689 0.7461 9.0559 1.3496 11.0732 0.1061 0.0673
Pedestrian 0.0000 0 1.0651 1009.8226 217.9111 1106.3947 370.0000 1.2011 0.3592 0.5974 3.3569 1.5022 5.3491 1.6012 0.0650
Car 0.0000 0 -0.1145 0.0000 0.0000 1224.0000 370.0000 1.5883 1.6966 3.6789 -1.2077 1.6231 -0.0042 -1.4250 0.0647
Car 0.0000 0 -1.6475 576.6032 160.4318 603.8434 187.5603 1.9409 1.7188 4.1483 -1.1322 0.5064 52.7278 -1.6670 0.0642
Car 0.0000 0 -1.4478 585.1565 162.1678 613.8923 186.3038 1.7315 1.6678 3.9502 -0.3628 0.4176 52.7773 -1.4528 0.0639
Car 0.0000 0 -1.0482 0.0000 173.5089 26.9782 233.1205 1.5975 1.7354 3.7080 -19.2422 1.4118 20.9381 -1.7821 0.0636
Car 0.0000 0 1.6000 0.0000 177.4820 2.4543 236.8612 1.5099 1.6751 4.3790 -18.3597 1.4347 20.1885 0.8717 0.0634
Car 0.0000 0 3.6420 193.1191 0.0000 1224.0000 370.0000 1.5307 1.6107 4.4023 -2.4714 1.6626 0.3578 2.3418 0.0620
Car 0.0000 0 -1.1156 39.0441 0.0000 1224.0000 370.0000 1.5130 1.5959 3.8333 -0.8602 1.6281 0.7667 -1.7816 0.0617
Car 0.0000 0 2.5273 0.0000 0.0000 1224.0000 370.0000 1.5719 1.6515 4.4100 0.3314 1.5858 0.2077 3.0880 0.0609
Car 0.0000 0 -1.4871 585.2796 161.0963 613.1447 187.2347 1.8743 1.7365 4.1356 -0.3850 0.4842 52.8235 -1.4925 0.0607
Car 0.0000 0 3.5810 245.3173 0.0000 1224.0000 370.0000 1.5444 1.6348 4.2743 -2.4107 1.6944 0.6149 2.3829 0.0603
Car 0.0000 0 -1.5083 580.9926 163.2786 606.7817 187.4208 1.7317 1.6728 3.9808 -0.7854 0.4977 52.7399 -1.5213 0.0596
Car 0.0000 0 1.9686 415.2683 0.0000 1224.0000 370.0000 1.4655 1.6137 3.8711 1.7769 1.6476 0.8422 2.9605 0.0577
Car 0.0000 0 2.8151 0.0000 0.0000 1224.0000 370.0000 1.5006 1.6216 4.2439 0.0549 1.5847 0.4181 2.8921 0.0552
Car 0.0000 0 -1.4315 585.2364 163.2995 614.5849 187.2067 1.7135 1.6538 3.9306 -0.3334 0.4820 52.7296 -1.4359 0.0549
Car 0.0000 0 -3.0952 0.0000 0.0000 1224.0000 370.0000 1.5263 1.6252 3.6097 2.0696 1.5941 -0.0046 -1.6758 0.0526
Car 0.0000 0 0.8323 0.0000 0.0000 1224.0000 370.0000 1.4883 1.5965 3.6889 1.2799 1.6650 0.4598 1.8556 0.0526
Car 0.0000 0 2.4289 0.0000 172.1387 17.1184 231.5195 1.5683 1.5613 3.5722 -19.4803 1.3491 20.5291 1.6792 0.0518
Car 0.0000 0 -2.3403 0.0000 0.0000 814.9519 370.0000 1.4869 1.6020 3.8187 0.6699 1.6552 1.0199 -1.8760 0.0518
Car 0.0000 0 -2.0960 0.0000 0.0000 879.1036 370.0000 1.4652 1.6019 3.7773 -1.4959 1.6703 0.7897 -3.0254 0.0514
Car 0.0000 0 -3.1315 0.0000 0.0000 1224.0000 370.0000 1.5029 1.6327 3.4663 2.0546 1.6050 0.0709 -1.7488 0.0514
Car 0.0000 0 -2.8327 0.0000 0.0000 1224.0000 370.0000 1.5366 1.6085 4.0771 -0.0907 1.6074 0.8242 -2.9092 0.0489
Car 0.0000 0 -2.9554 0.0000 0.0000 1224.0000 370.0000 1.4502 1.5724 3.4678 2.3077 1.5909 0.0068 -1.5253 0.0485
Pedestrian 0.0000 0 3.4705 143.0004 174.7101 193.8718 262.5379 1.5597 0.4214 0.6851 -7.9586 1.4585 12.8299 2.9282 0.0467
Car 0.0000 0 -3.8216 0.0000 0.0000 1224.0000 370.0000 1.4940 1.6549 4.3816 0.5147 1.6374 0.3023 -3.1313 0.0462
Car 0.0000 0 -1.6557 576.6714 162.6467 604.1657 187.2083 1.7556 1.7078 4.0767 -1.1156 0.4808 52.6496 -1.6750 0.0455
Pedestrian 0.0000 0 -0.3476 1150.5986 159.0609 1224.0000 269.5775 1.6761 0.4385 0.8118 9.0644 1.3526 11.0559 0.3268 0.0451
Car 0.0000 0 -2.1468 0.0000 174.9917 17.9295 228.1443 1.5159 1.7254 3.5384 -20.0908 1.3604 21.4346 -2.8907 0.0449
Car 0.0000 0 0.1496 0.0000 0.0000 1224.0000 370.0000 1.5008 1.6082 4.3414 -0.1508 1.6310 0.3187 -0.0785 0.0440
Car 0.0000 0 1.5398 0.0000 177.6764 19.1920 236.2177 1.5041 1.6574 4.3391 -18.1064 1.4331 20.3139 0.8214 0.0439
Car 0.0000 0 -0.2908 0.0000 0.0000 1224.0000 370.0000 1.4921 1.5705 3.6705 2.3923 1.5562 -0.1149 1.1944 0.0436
Car 0.0000 0 -2.8177 0.0000 0.0000 1224.0000 370.0000 1.6073 1.6608 4.2196 -0.1113 1.5547 0.0149 -3.1290 0.0419
Car 0.0000 0 2.6585 0.0000 176.1188 17.5948 233.3043 1.5030 1.5404 3.7496 -19.7545 1.3894 20.6013 1.9035 0.0414
Car 0.0000 0 -2.9517 0.0000 0.0000 1224.0000 370.0000 1.5245 1.6044 4.1755 -0.0260 1.6115 0.8777 -2.9711 0.0406
Car 0.0000 0 -2.2382 0.0000 0.0000 1190.8501 370.0000 1.5176 1.6036 3.9327 -1.0418 1.6484 0.7150 -3.0234 0.0399
Car 0.0000 0 2.0631 0.0000 0.0000 1224.0000 370.0000 1.4788 1.6050 3.7526 2.0543 1.6366 0.8167 3.1288 0.0388
Car 0.0000 0 -2.7470 0.0000 0.0000 1224.0000 370.0000 1.5202 1.5795 3.9816 -0.2633 1.6328 0.9408 -2.9503 0.0382
Car 0.0000 0 2.6381 0.0000 175.8903 18.4895 232.9861 1.5012 1.5554 3.7552 -19.7340 1.3816 20.6106 1.8839 0.0381
Car 0.0000 0 -2.3715 0.0000 0.0000 1224.0000 370.0000 1.4429 1.5621 3.7710 1.6416 1.6424 0.7333 -1.3710 0.0377
Car 0.0000 0 1.5618 0.0000 177.9418 15.7819 236.5641 1.5022 1.6684 4.2853 -18.1092 1.4382 20.2673 0.8421 0.0364
Car 0.0000 0 3.1961 0.0000 0.0000 1224.0000 370.0000 1.5630 1.6068 4.0835 -0.0375 1.5656 0.1701 3.1248 0.0361
Cyclist 0.0000 0 3.2748 0.0000 0.0000 1224.0000 370.0000 1.6628 0.5828 1.8085 -2.1283 1.6831 0.2517 1.9695 0.0360
Car 0.0000 0 3.8556 0.0000 179.8184 18.9837 230.3963 1.4794 1.5935 3.5529 -20.3406 1.4611 21.5330 3.1078 0.0359
Pedestrian 0.0000 0 -0.1184 1147.7914 163.3081 1206.2184 270.6276 1.6577 0.4427 0.6713 9.0690 1.3938 11.2802 0.5466 0.0357
Car 0.0000 0 -2.7785 0.0000 0.0000 1224.0000 370.0000 1.5323 1.6409 4.1625 -0.1937 1.6268 0.1993 -3.1306 0.0355
Car 0.0000 0 2.3154 0.0000 0.0000 1224.0000 370.0000 1.4545 1.5788 3.9564 0.7582 1.6454 0.6328 2.9876 0.0353
Cyclist 0.0000 0 2.9937 94.2728 0.0000 1224.0000 370.0000 1.6732 0.5770 2.0054 -1.3967 1.6714 0.5942 2.0058 0.0350
Cyclist 0.0000 0 0.8150 88.1046 169.3150 184.8013 263.5526 1.6580 0.4300 1.6944 -8.5590 1.4629 12.8454 0.2404 0.0348
Cyclist 0.0000 0 -0.4520 0.0000 0.0000 1224.0000 370.0000 1.7244 0.5593 1.8973 -1.1536 1.6288 0.3962 -1.4631 0.0334
Car 0.0000 0 3.6045 0.0000 181.7169 16.4986 232.3438 1.4259 1.5986 3.7944 -20.4298 1.4664 21.2847 2.8488 0.0328
Car 0.0000 0 -1.4028 588.9833 161.7822 620.5011 185.4256 1.6907 1.6859 4.0777 0.0304 0.3535 52.7068 -1.4003 0.0319
Car 0.0000 0 -1.3877 587.8080 160.0904 621.0803 185.8536 1.8406 1.7433 4.1817 0.0112 0.3838 52.7246 -1.3857 0.0309
Car 0.0000 0 -2.4112 0.0000 0.0000 1224.0000 370.0000 1.4381 1.5334 3.6717 1.4765 1.6698 0.7662 -1.4746 0.0308
Car 0.0000 0 3.3319 0.0000 0.0000 1224.0000 370.0000 1.4841 1.5826 4.1663 -0.1820 1.6251 0.3059 3.0530 0.0307
Car 0.0000 0 -4.4789 0.0000 0.0000 1224.0000 370.0000 1.5916 1.6268 4.0179 11.6786 1.1946 0.0804 -2.9413 0.0305
Cyclist 0.0000 0 2.8772 0.0000 0.0000 1224.0000 370.0000 1.7410 0.5591 1.9049 -1.1108 1.6177 -0.0220 1.5733 0.0300
Car 0.0000 0 1.5943 0.0000 177.9132 11.0372 236.2450 1.4868 1.6419 4.4165 -18.1125 1.4224 20.2364 0.8738 0.0297
Car 0.0000 0 1.6055 0.0000 177.0211 24.2337 236.3389 1.5235 1.6950 4.3921 -17.9182 1.4358 20.3982 0.8942 0.0290
Car 0.0000 0 -0.6812 0.0000 0.0000 1202.3280 370.0000 1.5499 1.6392 3.4886 -0.9662 1.5749 0.2030 -1.7506 0.0289
Car 0.0000 0 3.8688 0.0000 178.7703 22.0977 231.5089 1.5434 1.5791 3.7687 -20.3231 1.4943 21.5148 3.1210 0.0276
Cyclist 0.0000 0 3.1736 0.0000 0.0000 1224.0000 370.0000 1.7390 0.5601 2.0777 -1.4360 1.6662 0.1522 1.9243 0.0274
Car 0.0000 0 3.1043 0.0000 0.0000 1224.0000 370.0000 1.4918 1.6025 4.1888 -0.0728 1.5929 0.3254 2.9959 0.0267
Car 0.0000 0 -1.5344 0.0000 176.3089 7.1596 229.4135 1.5058 1.7110 3.9639 -19.8939 1.3885 22.1186 -2.2580 0.0266
Car 0.0000 0 1.8326 0.0000 167.6019 55.4427 203.9193 1.5331 1.5852 3.9674 -26.4433 0.9901 31.9774 1.1484 0.0265
Car 0.0000 0 -0.8989 59.0166 0.0000 1211.2493 370.0000 1.5101 1.6249 3.7334 -0.7497 1.5836 0.4302 -1.6790 0.0261
Pedestrian 0.0000 0 -0.2392 1146.0984 164.9812 1208.2133 270.0143 1.6286 0.4140 0.6886 9.0787 1.3896 11.2887 0.4260 0.0257
Pedestrian 0.0000 0 2.6279 790.6961 160.6972 805.9336 189.4693 1.8415 0.7360 0.6745 12.4886 0.5754 45.6868 2.8947 0.0254
Car 0.0000 0 0.8689 0.0000 0.0000 1018.1604 370.0000 1.4551 1.5977 3.7175 0.6376 1.6221 0.5090 1.5245 0.0252
Car 0.0000 0 1.5340 0.0000 176.7448 23.0214 236.3825 1.5363 1.6580 4.3312 -18.0455 1.4411 20.3563 0.8182 0.0249
Pedestrian 0.0000 0 2.7133 790.8292 160.9467 805.8460 189.7590 1.8426 0.7746 0.6736 12.4792 0.5935 45.6491 2.9801 0.0247
Car 0.0000 0 -1.0563 429.9518 0.0000 1224.0000 370.0000 1.5151 1.6177 3.8598 -0.2338 1.5865 0.3705 -1.3779 0.0237
Pedestrian 0.0000 0 -0.2189 787.7436 160.8366 802.6721 189.7283 1.8487 0.7793 0.7790 12.2747 0.5918 45.6432 0.0438 0.0229
Car 0.0000 0 -1.2947 0.0000 177.7787 25.5726 228.8687 1.4443 1.5866 3.6746 -19.6155 1.3689 21.9828 -2.0142 0.0221
Car 0.0000 0 1.7043 0.0000 170.8982 60.0111 205.5278 1.4722 1.5614 4.1958 -26.1650 1.0655 32.2546 1.0294 0.0218
Car 0.0000 0 -2.9741 0.0000 0.0000 1224.0000 370.0000 1.4813 1.6793 3.5409 10.1199 1.3498 -0.2041 -1.4137 0.0216
Cyclist 0.0000 0 0.6143 67.8199 168.5170 177.9076 263.1018 1.6606 0.4344 1.6952 -8.6575 1.4518 12.6488 0.0276 0.0215
Car 0.0000 0 -0.3835 0.0000 0.0000 1189.6072 370.0000 1.6256 1.6873 3.6457 -0.7604 1.5808 -0.0251 -1.5777 0.0215
Car 0.0000 0 -2.0354 0.0000 0.0000 805.1713 370.0000 1.4642 1.5913 3.6608 0.3622 1.6749 1.0092 -1.7685 0.0215
Car 0.0000 0 -2.2281 0.0000 173.7668 21.9363 228.7051 1.5944 1.6602 3.5898 -20.2121 1.4005 21.6383 -2.9704 0.0215
Cyclist 0.0000 0 -3.4045 1213.1367 147.1438 1224.0000 219.2116 1.9101 0.5364 1.7237 17.8156 1.0276 19.3672 -2.6673 0.0214
Car 0.0000 0 3.3398 0.0000 165.5943 35.6212 199.4639 1.4759 1.6902 4.5021 -29.3474 0.8278 32.6682 2.6146 0.0208
Car 0.0000 0 -1.3858 0.0000 0.0000 1224.0000 370.0000 1.5910 1.6127 4.0284 12.1000 1.1227 0.0913 0.1521 0.0205
Car 0.0000 0 3.5321 0.0000 167.1441 41.4645 199.4346 1.4392 1.7054 4.4606 -29.4051 0.8454 33.0391 2.8115 0.0205
Car 0.0000 0 3.6746 0.0000 168.2531 45.5614 199.9148 1.4387 1.7076 4.4224 -29.4204 0.8837 33.3649 2.9585 0.0202
Car 0.0000 0 -2.2535 0.0000 176.1334 20.8631 228.6457 1.5296 1.6606 3.6140 -20.3117 1.4040 21.6714 -2.9974 0.0201
Car 0.0000 0 -0.1255 0.0000 227.2719 1224.0000 370.0000 1.5592 1.7040 4.4408 0.2837 1.7132 1.3480 0.0439 0.0201
Car 0.0000 0 3.8297 0.0000 170.8374 52.5755 201.8967 1.4438 1.6752 4.3958 -29.2522 0.9961 33.7431 3.1220 0.0200
Pedestrian 0.0000 0 -0.1934 787.8192 160.7341 802.1627 189.5829 1.8474 0.7718 0.7599 12.2717 0.5830 45.6835 0.0690 0.0195
Car 0.0000 0 3.6621 0.0000 171.1060 47.1484 202.5403 1.4305 1.6684 4.3201 -29.3081 1.0045 33.4048 2.9485 0.0194
Car 0.0000 0 -2.2025 0.0000 168.2750 54.5531 200.9125 1.5135 1.7083 4.3738 -29.1610 0.9481 34.1300 -2.9031 0.0194
Car 0.0000 0 -2.4065 0.0000 166.9655 50.7563 199.0704 1.4903 1.7083 4.5685 -29.3875 0.8635 33.7275 -3.1167 0.0194
Cyclist 0.0000 0 0.6513 0.0000 0.0000 1224.0000 370.0000 1.6864 0.5534 1.9147 1.1361 1.5916 0.2934 1.7263 0.0190
Car 0.0000 0 -1.5459 606.7528 166.9434 647.0498 202.5171 1.5283 1.7338 3.7897 1.0304 0.9474 32.3133 -1.5126 0.0188
Car 0.0000 0 1.6735 0.0000 172.3830 18.5175 226.5573 1.5708 1.6941 4.3210 -20.2171 1.3370 22.7500 0.9558 0.0187
Car 0.0000 0 -1.8249 0.0000 175.6833 11.4169 228.3909 1.4987 1.7201 3.5845 -20.0874 1.3633 21.8021 -2.5603 0.0186
Car 0.0000 0 -1.2914 784.8962 142.9240 830.6472 179.1457 2.3029 1.7523 4.6150 13.6874 -0.0944 47.5492 -1.0110 0.0185
Car 0.0000 0 -1.3638 782.0135 146.0508 822.3914 179.5702 2.1315 1.7322 4.4562 13.2860 -0.0643 47.4647 -1.0908 0.0183
Pedestrian 0.0000 0 2.7680 650.3013 172.4936 688.8936 247.8932 1.5324 0.3644 0.7117 1.2945 1.3713 14.6395 2.8561 0.0183
Car 0.0000 0 1.8622 0.0000 172.5829 43.2789 225.0797 1.5312 1.6284 4.2103 -19.8893 1.3018 22.8726 1.1552 0.0181
Car 0.0000 0 -1.3219 0.0000 168.4837 54.3787 202.4256 1.5613 1.6725 4.1404 -28.6999 1.0100 34.7495 -2.0060 0.0178
Car 0.0000 0 1.6327 0.0000 173.6580 10.7830 225.4407 1.5025 1.6123 3.8123 -20.1054 1.3056 22.5118 0.9125 0.0177
Car 0.0000 0 0.4170 77.3538 0.0000 1224.0000 370.0000 1.5299 1.6440 4.1747 0.8089 1.6418 -0.0104 1.6202 0.0177
Pedestrian 0.0000 0 2.4329 634.1005 171.1141 675.0287 251.2867 1.6102 0.4169 0.7533 0.9832 1.4234 14.5882 2.5005 0.0175
Pedestrian 0.0000 0 2.1441 1204.6007 174.9517 1224.0000 370.0000 1.6594 0.4458 0.6164 4.3266 1.6272 4.6091 2.8657 0.0174
Car 0.0000 0 -2.3489 0.0000 180.5474 18.0520 229.3243 1.4249 1.6066 3.4773 -20.2858 1.4280 21.5347 -3.0953 0.0173
Car 0.0000 0 -2.3656 0.0000 177.5072 20.7953 227.5728 1.4624 1.6148 3.4418 -20.1750 1.3765 21.5091 -3.1099 0.0172
Car 0.0000 0 -1.5252 0.0000 0.0000 1224.0000 370.0000 1.5042 1.6370 4.0841 12.3155 1.0508 0.0385 0.0175 0.0171
Car 0.0000 0 2.5072 0.0000 177.5279 20.2957 233.0866 1.4714 1.5506 3.7303 -19.6557 1.3943 20.6972 1.7571 0.0171
Car 0.0000 0 1.7153 0.0000 171.4819 23.8194 225.9793 1.5810 1.6842 4.3627 -20.1819 1.3209 22.7970 0.9994 0.0170
Pedestrian 0.0000 0 2.4052 1206.0605 180.5146 1224.0000 370.0000 1.6200 0.4015 0.6314 4.3328 1.6218 4.5846 3.1300 0.0167
Car 0.0000 0 -1.0346 411.5016 0.0000 1220.6786 370.0000 1.5389 1.5605 3.5804 -0.1957 1.5593 0.2018 -1.3867 0.0167
Car 0.0000 0 1.9137 0.0000 172.5508 44.6923 225.0058 1.5332 1.5620 3.8272 -19.7298 1.3024 22.7269 1.2075 0.0166
Car 0.0000 0 1.7855 0.0000 171.8257 35.8458 225.3642 1.5738 1.6239 4.3507 -20.1446 1.3204 23.0799 1.0765 0.0166
Car 0.0000 0 -1.2926 784.2656 145.2600 829.6899 179.7616 2.1952 1.7574 4.5235 13.6096 -0.0508 47.4695 -1.0132 0.0164
Car 0.0000 0 1.6529 0.0000 173.3899 14.7647 226.9708 1.5512 1.7027 4.2707 -20.2399 1.3470 22.6876 0.9332 0.0164
Pedestrian 0.0000 0 2.1552 651.8471 173.2134 686.2404 249.6885 1.5421 0.3864 0.7051 1.2896 1.3968 14.6484 2.2429 0.0163
Car 0.0000 0 3.4393 0.0000 214.4299 1224.0000 370.0000 1.5965 1.7600 4.3241 -0.9649 1.7293 1.4244 2.9361 0.0163
Pedestrian 0.0000 0 1.9717 637.8519 170.0092 670.8737 249.9922 1.6011 0.4284 0.7339 0.9816 1.3927 14.5728 2.0393 0.0163
Car 0.0000 0 3.8425 0.0000 170.3897 53.2421 201.4433 1.4448 1.6982 4.2467 -29.1468 0.9758 33.7501 3.1367 0.0158
Car 0.0000 0 1.5901 603.0893 169.2668 643.6280 206.2124 1.5404 1.6922 3.7190 0.8312 1.0735 31.3711 1.6181 0.0158
Car 0.0000 0 -1.4984 781.0839 148.2237 812.6954 179.6296 2.0064 1.7458 4.3527 12.9714 -0.0602 47.6397 -1.2324 0.0157
Car 0.0000 0 3.6642 0.0000 170.1026 46.9005 201.8281 1.4437 1.6778 4.1386 -29.2021 0.9720 33.3830 2.9521 0.0157
Car 0.0000 0 -2.8431 0.0000 243.7914 1224.0000 370.0000 1.5189 1.7886 4.4307 -0.1846 1.7657 1.4268 -2.9472 0.0157
Car 0.0000 0 1.5648 0.0000 172.1945 8.5756 227.6933 1.5979 1.7204 4.5666 -20.3337 1.3603 22.6273 0.8416 0.0155
Car 0.0000 0 -0.2369 0.0000 163.3676 4.9973 198.4172 1.6354 1.7116 4.0083 -32.6603 0.8374 35.1260 -0.9796 0.0153
Car 0.0000 0 -1.0767 226.3194 0.0000 988.2928 370.0000 1.5715 1.6649 3.8424 -0.2626 1.5851 0.1299 -1.5978 0.0153
Car 0.0000 0 -4.0966 0.0000 0.0000 1224.0000 370.0000 1.5897 1.6529 4.0897 11.3168 1.2206 -0.2066 -2.5348 0.0151
Car 0.0000 0 3.6419 0.0000 178.9828 21.7800 229.0948 1.4236 1.5748 3.6874 -20.2014 1.3821 21.2992 2.8921 0.0150
Car 0.0000 0 -2.3428 235.2138 0.0000 1078.6558 370.0000 1.6299 1.6995 4.0653 0.2954 1.5180 -0.0468 -1.5209 0.0150
Pedestrian 0.0000 0 2.3281 789.1735 159.4394 804.7496 188.7654 1.8823 0.7614 0.6135 12.4501 0.5319 45.8621 2.5932 0.0149
Car 0.0000 0 -4.5368 0.0000 0.0000 1224.0000 370.0000 1.5134 1.6239 4.1609 11.1294 1.1250 0.3732 -3.0271 0.0148
Pedestrian 0.0000 0 -0.9541 787.3132 160.7965 801.4718 189.5759 1.8464 0.7252 0.5084 12.2669 0.5836 45.7984 -0.6924 0.0148
Car 0.0000 0 -1.3600 781.6863 148.6006 821.9722 179.3421 1.9562 1.7378 4.3368 13.2656 -0.0803 47.4879 -1.0875 0.0147
Car 0.0000 0 -1.4754 785.6100 145.9962 818.4865 180.3707 2.1953 1.7022 4.6093 13.3184 -0.0079 47.6252 -1.2026 0.0146
Car 0.0000 0 -0.0302 0.0000 209.0069 1224.0000 370.0000 1.5598 1.6619 4.1468 -0.1331 1.6611 1.4222 -0.1046 0.0146
Car 0.0000 0 -1.3331 781.8736 151.1675 823.0291 178.9249 1.7641 1.7170 4.2096 13.2927 -0.1094 47.4429 -1.0598 0.0145
Car 0.0000 0 1.6614 0.0000 173.2283 17.4391 226.3737 1.5434 1.6958 4.2946 -20.2344 1.3338 22.7649 0.9436 0.0145
Car 0.0000 0 -1.1703 0.0000 169.8683 68.5723 202.8471 1.5235 1.6381 4.1455 -28.3809 1.0338 34.8761 -1.8471 0.0141
Car 0.0000 0 -2.1170 0.0000 172.9499 25.2684 227.1227 1.5244 1.7073 3.5587 -19.6369 1.3135 21.2138 -2.8545 0.0141
Car 0.0000 0 -0.0334 0.0000 0.0000 1224.0000 370.0000 1.3632 1.5143 3.3265 9.6685 1.4037 0.0754 1.4976 0.0139
Car 0.0000 0 1.7931 0.0000 172.5178 36.5483 225.2584 1.5402 1.6364 4.1454 -19.9441 1.3087 22.8579 1.0844 0.0139
Car 0.0000 0 -2.3250 1129.6726 155.7397 1224.0000 218.6695 1.6409 1.7011 3.9479 17.5267 0.9969 20.4469 -1.6225 0.0139
Car 0.0000 0 -1.5852 602.2225 169.5696 641.6017 205.0723 1.5140 1.6795 3.6797 0.7175 1.0494 31.9954 -1.5613 0.0138
Car 0.0000 0 -1.9419 763.8695 149.4248 808.7448 177.0416 1.7599 1.6967 3.6689 12.1174 -0.2403 47.4576 -1.6916 0.0138
Car 0.0000 0 1.8869 525.8147 171.7913 591.8666 209.9292 1.4889 1.6068 3.9703 -1.8823 1.1504 29.7220 1.8261 0.0138
Pedestrian 0.0000 0 2.3200 789.7666 159.0789 804.7724 188.6040 1.8955 0.7377 0.5853 12.4682 0.5216 45.8549 2.5855 0.0137
Pedestrian 0.0000 0 -1.1702 787.3725 161.3846 801.5647 189.6965 1.8163 0.7364 0.5381 12.2717 0.5913 45.7941 -0.9083 0.0137
Car 0.0000 0 -0.7624 0.0000 181.2928 114.4672 238.8549 1.5009 1.6466 3.9934 -16.6928 1.5279 20.5780 -1.4347 0.0136
Car 0.0000 0 1.7663 0.0000 172.9976 31.1167 225.7862 1.5385 1.6287 4.0270 -19.9643 1.3214 22.7551 1.0549 0.0135
Car 0.0000 0 -1.3961 778.7100 152.2924 817.1135 178.8510 1.6906 1.7809 4.2586 13.0310 -0.1151 47.5967 -1.1286 0.0135
Car 0.0000 0 -3.9787 0.0000 0.0000 1224.0000 370.0000 1.5675 1.6622 4.0512 11.1390 1.2783 -0.2186 -2.4159 0.0135
Car 0.0000 0 -1.3327 0.0000 0.0000 1224.0000 370.0000 1.4171 1.5123 3.2501 -19.0395 1.6376 0.6801 -2.8492 0.0134
Car 0.0000 0 1.6181 595.6931 170.6780 637.9707 205.9087 1.4830 1.7144 3.7349 0.5649 1.0711 31.6789 1.6375 0.0134
Car 0.0000 0 -4.1070 0.0000 0.0000 1224.0000 370.0000 1.5928 1.6441 4.1950 11.3798 1.2224 -0.2200 -2.5439 0.0133
Car 0.0000 0 0.1573 0.0000 0.0000 1224.0000 370.0000 1.5979 1.6759 4.3419 0.3294 1.7103 1.4671 0.3406 0.0133
Car 0.0000 0 1.7743 0.0000 173.1815 31.1030 225.7397 1.5275 1.6528 4.0964 -19.9881 1.3164 22.7353 1.0618 0.0133
Car 0.0000 0 1.8066 528.6536 173.4830 588.9526 211.3223 1.4600 1.6089 3.9581 -1.8641 1.1907 29.3645 1.7457 0.0132
Car 0.0000 0 -2.3265 1134.5146 156.1014 1224.0000 217.8747 1.6082 1.6904 3.7738 17.5154 0.9746 20.3289 -1.6214 0.0132
Car 0.0000 0 -2.4281 0.0000 169.3400 54.9408 201.4621 1.4953 1.6887 4.2281 -29.0575 0.9773 33.7740 -3.1321 0.0132
Car 0.0000 0 -1.9067 0.0000 170.5936 21.9926 227.7777 1.6385 1.6603 4.3660 -20.2520 1.3562 22.0301 -2.6411 0.0132
Car 0.0000 0 -1.2076 0.0000 169.7108 66.2147 202.6404 1.5216 1.6337 4.0629 -28.3867 1.0245 34.8503 -1.8848 0.0132
Car 0.0000 0 -1.6822 606.8229 168.0782 652.3727 202.5457 1.4994 1.6881 3.7830 1.0613 0.9605 32.7045 -1.6483 0.0132
Car 0.0000 0 -0.7594 0.0000 181.6627 115.7318 238.8977 1.5017 1.6404 3.9397 -16.7144 1.5407 20.6952 -1.4295 0.0131
Car 0.0000 0 -1.2757 784.5002 147.8111 829.9304 179.0386 1.9816 1.7335 4.3608 13.5966 -0.1014 47.3792 -0.9961 0.0131
Car 0.0000 0 1.5341 0.0000 174.1047 11.3628 228.9176 1.5752 1.7385 4.4617 -20.2658 1.3930 22.5297 0.8104 0.0130
Car 0.0000 0 -1.2137 0.0000 169.5003 63.6138 202.5990 1.5234 1.6272 4.0626 -28.4035 1.0186 34.7216 -1.8931 0.0130
Car 0.0000 0 -0.0994 0.0000 0.0000 1224.0000 370.0000 1.3777 1.5612 3.2870 9.6900 1.4042 -0.0098 1.4405 0.0129
Car 0.0000 0 -1.4788 781.0424 148.5517 814.1711 178.6871 1.9133 1.7539 4.3820 12.9911 -0.1266 47.5300 -1.2118 0.0129
Car 0.0000 0 -1.3136 601.5922 169.2882 660.2849 203.6935 1.5110 1.7485 4.1896 1.2773 1.0200 33.3050 -1.2739 0.0129
Car 0.0000 0 -2.4546 1223.6333 152.8652 1224.0000 216.9102 1.5524 1.6681 3.5209 19.0371 0.8842 18.9706 -1.6742 0.0129
Car 0.0000 0 -2.2994 1133.5598 156.0567 1224.0000 217.7833 1.6090 1.6805 3.8681 17.5245 0.9734 20.3796 -1.5953 0.0129
Car 0.0000 0 1.5766 0.0000 173.1974 5.0431 225.2671 1.4999 1.6210 3.6696 -20.0366 1.2911 22.2771 0.8531 0.0128
Car 0.0000 0 1.7524 0.0000 168.8986 59.8184 204.7495 1.5188 1.5788 4.1534 -26.2139 1.0288 32.1500 1.0750 0.0126
Car 0.0000 0 -1.5576 607.9689 168.1319 646.6059 202.5695 1.4911 1.6743 3.6978 1.0302 0.9570 32.4948 -1.5245 0.0126
Car 0.0000 0 1.9511 0.0000 171.8313 51.2758 224.6209 1.5455 1.5888 3.9760 -19.7088 1.2933 22.8321 1.2477 0.0125
Car 0.0000 0 -2.0432 1159.5874 153.5434 1224.0000 216.9061 1.6345 1.7194 3.8210 17.8817 0.9407 20.2951 -1.3271 0.0125
Car 0.0000 0 -4.3725 0.0000 0.0000 1224.0000 370.0000 1.6055 1.6570 4.1743 11.2470 1.2106 0.1018 -2.8381 0.0125
Car 0.0000 0 -1.4422 779.5956 150.6791 815.4268 178.8666 1.7920 1.7882 4.2977 12.9890 -0.1139 47.5434 -1.1753 0.0123
Car 0.0000 0 -1.5338 0.0000 0.0000 1224.0000 370.0000 1.5631 1.6207 3.9834 12.2990 1.0454 -0.1640 0.0253 0.0123
Car 0.0000 0 -1.3709 0.0000 0.0000 1224.0000 370.0000 1.5425 1.6338 3.9466 12.2433 1.1201 0.0996 0.1667 0.0123
Car 0.0000 0 1.5781 598.3151 169.1938 637.4924 205.1336 1.5230 1.6611 3.7595 0.5757 1.0454 31.8584 1.5977 0.0122
Car 0.0000 0 -0.7699 1163.6884 153.5673 1224.0000 214.6365 1.6159 1.7897 4.2303 18.3014 0.9049 19.6549 -0.0265 0.0122
Car 0.0000 0 1.6202 594.9974 170.1479 637.7511 206.1960 1.5072 1.7190 3.5951 0.5382 1.0759 31.4099 1.6390 0.0121
Cyclist 0.0000 0 0.5451 92.2676 169.7097 198.4312 262.2407 1.6474 0.4113 1.6439 -8.3548 1.4569 12.8048 -0.0198 0.0121
Car 0.0000 0 1.7932 528.4489 174.8306 588.3079 213.0330 1.4561 1.6166 3.9171 -1.8594 1.2415 29.0070 1.7316 0.0121
Cyclist 0.0000 0 0.3030 103.9379 168.5244 211.6310 262.1202 1.6451 0.3899 1.6088 -8.1196 1.4362 12.8095 -0.2490 0.0120
Car 0.0000 0 -1.5175 777.2386 151.7808 807.1951 178.4177 1.6971 1.7350 4.0806 12.6413 -0.1454 47.5972 -1.2577 0.0120
Car 0.0000 0 -0.7189 0.0000 171.1506 36.0318 230.7800 1.6349 1.6899 3.6234 -19.5769 1.3801 21.2783 -1.4534 0.0120
Car 0.0000 0 -4.3105 0.0000 0.0000 1224.0000 370.0000 1.5513 1.7009 4.1110 10.8544 1.2725 0.0386 -2.7716 0.0119
Car 0.0000 0 -4.5473 0.0000 0.0000 1224.0000 370.0000 1.5209 1.6541 4.0572 11.0700 1.1780 0.3971 -3.0401 0.0118
Car 0.0000 0 -2.3360 1067.8745 167.2711 1224.0000 246.6420 1.4760 1.6825 4.0327 12.2302 1.2316 15.2321 -1.6680 0.0117
Car 0.0000 0 -2.0698 1153.4164 154.3872 1224.0000 217.5320 1.6467 1.6857 3.9351 17.9378 0.9673 20.5344 -1.3578 0.0117
Car 0.0000 0 0.5647 567.5803 168.5456 662.1514 204.0638 1.5145 1.7387 3.9575 0.4032 1.0062 31.9538 0.5790 0.0116
Car 0.0000 0 1.7782 518.8060 175.0912 577.8073 213.2063 1.4534 1.6330 3.9033 -2.2721 1.2487 28.9985 1.7026 0.0116
Car 0.0000 0 -4.4176 0.0000 0.0000 1224.0000 370.0000 1.5877 1.6844 4.0876 11.1242 1.2372 0.1342 -2.8865 0.0115
Car 0.0000 0 0.4441 564.6294 168.6599 662.0189 204.2389 1.5262 1.7257 4.0593 0.3495 1.0198 31.9932 0.4567 0.0115
Car 0.0000 0 -2.0514 1157.1733 154.1811 1224.0000 216.3789 1.6167 1.6588 3.9321 17.9609 0.9342 20.4778 -1.3375 0.0114
Car 0.0000 0 1.7935 527.3306 175.6911 587.8127 214.0224 1.4405 1.6105 3.9041 -1.8666 1.2613 28.6215 1.7309 0.0114
Car 0.0000 0 1.6887 3.5978 171.0715 63.4381 205.2398 1.4513 1.6019 4.3013 -26.0168 1.0523 32.2784 1.0170 0.0114
Car 0.0000 0 4.4528 0.0000 0.0000 1224.0000 370.0000 1.5175 1.5675 3.7460 -19.5023 1.6330 0.5471 2.9282 0.0114
Car 0.0000 0 -1.2407 0.0000 175.6130 40.4285 226.1158 1.4723 1.6366 3.9111 -19.9053 1.3314 22.7267 -1.9512 0.0113
Car 0.0000 0 1.6743 531.6091 174.8611 582.1063 212.9714 1.4106 1.6002 3.9151 -1.8724 1.2034 28.1530 1.6104 0.0113
Car 0.0000 0 1.3200 647.7836 171.0543 710.6898 209.2098 1.4748 1.6430 4.0242 2.9859 1.1112 29.4365 1.4217 0.0113
Car 0.0000 0 -1.6552 0.0000 175.8131 11.2890 229.3675 1.5257 1.7680 4.3495 -20.2108 1.3937 22.2750 -2.3832 0.0112
Car 0.0000 0 2.1074 0.0000 172.1422 80.1106 204.9496 1.5261 1.5639 3.9037 -27.9716 1.1388 34.9225 1.4383 0.0112
Car 0.0000 0 1.3657 660.2133 173.5041 718.4482 210.9947 1.4475 1.6090 3.9768 3.3998 1.1789 29.3463 1.4815 0.0112
Car 0.0000 0 1.3993 662.5340 173.8704 718.4551 211.7999 1.4451 1.6045 3.9703 3.4026 1.1940 28.9581 1.5167 0.0112
Car 0.0000 0 1.7760 517.5308 176.1889 577.2641 214.5799 1.4416 1.6363 3.8986 -2.2751 1.2812 28.5829 1.6992 0.0112
Car 0.0000 0 1.4432 665.2101 174.0685 717.7772 212.4803 1.4442 1.6002 3.9737 3.3989 1.2039 28.5719 1.5620 0.0112
Car 0.0000 0 -1.1923 0.0000 0.0000 1224.0000 370.0000 1.5910 1.6857 4.3656 11.7475 1.1794 -0.0971 0.3606 0.0112
Car 0.0000 0 -4.2424 0.0000 0.0000 1224.0000 370.0000 1.5498 1.7211 4.0212 10.2618 1.3676 0.2972 -2.7305 0.0110
Car 0.0000 0 1.3702 639.9684 170.7962 697.8767 208.7859 1.4934 1.6556 4.0236 2.6023 1.1135 29.8821 1.4579 0.0109
Car 0.0000 0 0.2884 564.8568 170.0399 660.3289 204.6315 1.5012 1.7364 4.0065 0.3420 1.0487 32.1021 0.3007 0.0109
Car 0.0000 0 -2.3478 0.0000 180.3970 18.2583 229.0212 1.4167 1.5992 3.6627 -20.3186 1.4153 21.4776 -3.0963 0.0108
Car 0.0000 0 0.3151 587.5987 165.0728 687.6646 202.5347 1.5960 1.6898 4.1550 1.4451 0.9402 31.6432 0.3621 0.0108
Car 0.0000 0 2.2077 0.0000 172.2880 91.3694 204.8895 1.5220 1.5852 3.9519 -27.6326 1.1401 34.9988 1.5456 0.0107
Car 0.0000 0 -1.5773 606.1839 170.7438 644.7748 204.3066 1.4471 1.6643 3.6907 0.9046 1.0280 32.3453 -1.5478 0.0107
Car 0.0000 0 -1.2570 0.0000 169.0608 59.4782 202.6991 1.5437 1.6392 4.0313 -28.4442 1.0202 34.6174 -1.9385 0.0106
Car 0.0000 0 0.1850 595.6440 164.5133 698.2162 201.5405 1.5839 1.7173 4.3347 1.8771 0.9015 31.6006 0.2455 0.0106
Car 0.0000 0 -1.9981 1096.3040 166.5559 1224.0000 244.7210 1.4695 1.7233 4.1264 12.6032 1.2090 15.4988 -1.3238 0.0106
Car 0.0000 0 -1.3235 789.1420 150.4427 830.9354 179.7383 1.8554 1.7035 4.1840 13.7095 -0.0519 47.1279 -1.0403 0.0106
Car 0.0000 0 -2.0262 1191.9916 154.1228 1224.0000 219.3979 1.6974 1.7489 4.3337 19.3165 1.0131 20.7077 -1.2816 0.0105
Car 0.0000 0 -1.0146 0.0000 166.1033 7.2241 200.4711 1.5494 1.7054 4.3420 -31.2840 0.9018 34.1585 -1.7496 0.0105
Car 0.0000 0 1.5571 0.0000 172.1046 12.9905 227.4905 1.6004 1.7389 4.5954 -20.2995 1.3594 22.7141 0.8366 0.0104
Car 0.0000 0 0.6670 570.6276 169.8447 665.1724 205.7694 1.5137 1.7677 4.0077 0.5209 1.0662 31.7387 0.6851 0.0104
Car 0.0000 0 -1.5022 602.3463 170.7606 643.6116 204.6993 1.4623 1.6428 3.5229 0.8516 1.0442 32.2920 -1.4743 0.0104
Car 0.0000 0 -4.2926 0.0000 0.0000 1224.0000 370.0000 1.5554 1.7537 4.1696 10.2364 1.4153 0.2402 -2.7753 0.0102
Car 0.0000 0 1.5581 0.0000 171.7036 10.9394 225.3858 1.5675 1.6485 4.1436 -20.3044 1.3122 22.7322 0.8378 0.0102
Car 0.0000 0 0.1061 594.8661 164.7053 693.2798 201.8741 1.6172 1.7052 4.2832 1.7811 0.9314 31.9464 0.1630 0.0102
Car 0.0000 0 0.1003 598.3554 165.7668 695.4556 202.5570 1.6032 1.7050 4.2357 1.9117 0.9627 31.9882 0.1612 0.0102
Car 0.0000 0 3.3728 0.0000 166.8198 8.9458 200.3080 1.6030 1.7671 4.6108 -33.3246 0.9496 35.7419 2.6286 0.0102
Car 0.0000 0 -1.2490 790.9903 148.2090 837.2651 179.6741 1.9975 1.7112 4.2398 14.0114 -0.0565 47.2257 -0.9606 0.0102
Car 0.0000 0 -0.9556 0.0000 170.5626 91.3378 204.4052 1.5719 1.6744 4.1952 -27.7083 1.1118 34.9716 -1.6194 0.0102
Cyclist 0.0000 0 -0.8989 72.4295 169.3456 167.3866 269.5200 1.5902 0.3902 1.6330 -8.2615 1.4148 12.0493 -1.4859 0.0101
Car 0.0000 0 1.9723 0.0000 0.0000 1224.0000 370.0000 1.4586 1.5753 3.6378 -19.3917 1.6761 1.3474 0.4891 0.0101
Car 0.0000 0 2.8322 0.0000 175.1302 34.7459 234.4780 1.5557 1.6741 4.4237 -19.9043 1.4166 20.8690 2.0798 0.0101
Car 0.0000 0 -1.7454 768.7374 151.2958 803.3652 177.6748 1.6860 1.6525 3.5444 12.0970 -0.1955 47.4071 -1.4953 0.0101
Car 0.0000 0 1.3390 639.4125 170.9265 701.4426 209.3688 1.4893 1.6616 4.1338 2.6283 1.1199 29.5502 1.4285 0.0101
Car 0.0000 0 -1.6131 607.2964 170.0472 647.5985 203.3751 1.4874 1.7368 3.9866 0.9920 1.0223 33.5523 -1.5821 0.0101
Car 0.0000 0 -1.6030 608.0897 171.0755 646.5274 204.9307 1.4781 1.6525 3.7013 0.9641 1.0681 32.7151 -1.5721 0.0100
Car 0.0000 0 0.6218 5.8830 169.4957 113.9031 201.3140 1.4873 1.6148 3.9014 -26.0945 0.9744 33.9058 -0.0277 0.0100
Car 0.0000 0 -1.6439 744.8099 146.1852 772.4203 176.9870 2.3990 1.8851 4.4694 12.5591 -0.2984 57.9439 -1.4297 0.0100
Car 0.0000 0 -1.0561 0.0000 170.5254 80.1684 204.3622 1.5675 1.6625 4.1232 -28.0416 1.1069 34.9148 -1.7265 0.0100
Car 0.0000 0 3.5003 0.0000 181.2177 16.1237 231.3382 1.4039 1.5959 3.5759 -20.2738 1.4284 21.2623 2.7480 0.0100
Car 0.0000 0 0.2575 591.3530 166.5026 686.4443 202.8827 1.5723 1.6528 4.0030 1.5252 0.9688 31.9453 0.3065 0.0100
Car 0.0000 0 -0.8822 0.0000 0.0000 1224.0000 370.0000 1.4774 1.6980 3.9311 10.4349 1.3664 -0.1792 0.6762 0.0098
Car 0.0000 0 -1.2632 0.0000 0.0000 1224.0000 370.0000 1.4731 1.6034 3.3250 -19.3031 1.6665 1.0435 -2.7617 0.0098
Car 0.0000 0 -0.8683 0.0000 165.4412 5.5932 201.6625 1.6468 1.6756 4.2496 -31.6763 0.9636 34.2948 -1.6076 0.0098
Car 0.0000 0 -2.2172 0.0000 179.1316 19.3058 228.4648 1.4364 1.6396 3.5749 -20.3264 1.3981 21.7094 -2.9606 0.0097
Car 0.0000 0 1.7616 0.0000 167.2289 47.1623 204.6094 1.5646 1.6006 4.0548 -26.5139 1.0106 31.7535 1.0726 0.0097
Car 0.0000 0 -4.6625 0.0000 0.0000 1224.0000 370.0000 1.5221 1.7301 3.9963 9.7963 1.5215 0.1621 -3.1397 0.0097
Car 0.0000 0 1.3550 640.6249 171.1458 701.8022 209.9338 1.4843 1.6502 4.1546 2.6292 1.1278 29.2155 1.4455 0.0096
Car 0.0000 0 -1.8074 1188.1794 155.0515 1224.0000 217.3369 1.6161 1.6568 3.7530 18.3236 0.9574 20.3862 -1.0813 0.0096
Car 0.0000 0 1.3321 637.9777 170.6056 696.3532 207.0254 1.4643 1.6075 3.9518 2.5855 1.0680 30.4981 1.4176 0.0095
Car 0.0000 0 -1.5296 792.6454 144.0643 822.5643 179.2350 2.2368 1.7437 4.8418 13.7199 -0.0887 47.7199 -1.2495 0.0095
Car 0.0000 0 -1.5435 601.6979 171.3018 639.7838 205.7952 1.4793 1.6305 3.5369 0.7430 1.0863 32.1257 -1.5188 0.0094
Car 0.0000 0 -4.5880 0.0000 0.0000 1224.0000 370.0000 1.5235 1.7639 4.2724 10.3195 1.2771 0.2989 -3.0760 0.0094
Car 0.0000 0 0.0556 570.1384 170.0661 663.1744 203.7319 1.4775 1.7720 4.1091 0.5499 1.0211 32.0618 0.0744 0.0094
Car 0.0000 0 -1.8177 0.0000 173.6953 12.7956 227.3043 1.5411 1.7082 4.0562 -20.4076 1.3471 22.1573 -2.5530 0.0094
Car 0.0000 0 -1.6161 779.1503 150.4583 808.3829 177.7575 1.7379 1.7134 4.0089 12.6611 -0.1916 47.5796 -1.3558 0.0094
Pedestrian 0.0000 0 -1.1971 1163.0872 157.5514 1212.5073 263.7720 1.6569 0.4529 0.5361 9.3150 1.3006 11.3541 -0.5221 0.0094
Car 0.0000 0 -1.0291 0.0000 165.4814 8.4428 199.4117 1.5474 1.6870 4.1597 -31.3692 0.8639 34.4425 -1.7614 0.0094
Car 0.0000 0 0.3672 5.0958 170.9922 121.1968 203.1503 1.4958 1.6625 4.1468 -26.1562 1.0550 34.2514 -0.2787 0.0093
Car 0.0000 0 1.2620 635.7007 171.0739 700.8224 207.9063 1.4600 1.6249 3.9622 2.5945 1.0878 30.1329 1.3488 0.0093
Car 0.0000 0 -1.2329 787.8185 147.3119 836.5914 179.8343 2.0666 1.7663 4.4247 13.9171 -0.0454 47.3304 -0.9469 0.0092
Car 0.0000 0 0.3374 2.6691 172.6520 111.1354 204.2755 1.4707 1.6009 3.8385 -26.4521 1.1072 34.2317 -0.3141 0.0092
Car 0.0000 0 -1.5795 746.0756 148.6042 770.1503 177.1849 2.2190 1.8508 4.4018 12.5031 -0.2807 57.7770 -1.3657 0.0091
Car 0.0000 0 4.1866 0.0000 0.0000 1224.0000 370.0000 1.3656 1.5051 3.0639 -19.1357 1.6641 0.1916 2.6444 0.0091
Car 0.0000 0 -2.1331 1150.1384 155.0247 1224.0000 216.4496 1.6242 1.6686 4.1467 18.2523 0.9522 20.8662 -1.4203 0.0091
Cyclist 0.0000 0 -0.2110 0.0000 0.0000 1224.0000 370.0000 1.6827 0.5567 1.7439 -1.4333 1.7044 0.7093 -1.1560 0.0090
Car 0.0000 0 1.3263 0.0000 0.0000 1224.0000 370.0000 1.5103 1.4025 3.7141 -5.4337 1.6814 -0.1372 -0.2086 0.0090
Car 0.0000 0 -1.9341 1099.2234 168.2265 1224.0000 247.1381 1.4815 1.7090 4.2394 12.5965 1.2527 15.5484 -1.2616 0.0090
Car 0.0000 0 1.9399 0.0000 0.0000 1224.0000 370.0000 1.4399 1.4850 3.4032 -19.2544 1.6665 1.1355 0.4464 0.0090
Pedestrian 0.0000 0 2.4790 654.0247 174.7354 689.6697 248.8460 1.5241 0.3915 0.6421 1.3658 1.4071 14.8735 2.5704 0.0089
Car 0.0000 0 1.3685 641.7255 170.9095 701.7336 210.1698 1.4832 1.6299 4.1058 2.6164 1.1224 28.8378 1.4598 0.0089
Car 0.0000 0 -1.7232 0.0000 176.0597 8.8552 226.9834 1.4588 1.7152 3.9518 -20.3020 1.3332 22.1652 -2.4558 0.0088
Car 0.0000 0 -1.0764 0.0000 170.6957 76.6134 204.5425 1.5608 1.6755 4.0418 -28.0390 1.1101 34.7373 -1.7492 0.0088
Car 0.0000 0 0.4103 0.0000 166.3337 12.1047 198.5285 1.5612 1.6794 4.4443 -33.1328 0.8757 35.7958 -0.3302 0.0087
Car 0.0000 0 -1.7175 0.0000 175.2792 9.4048 227.1299 1.4875 1.6859 3.9317 -20.2631 1.3393 22.1838 -2.4487 0.0087
Car 0.0000 0 1.5556 599.1883 172.8601 642.1109 214.0994 1.4681 1.5282 3.9735 0.5418 1.1977 27.1577 1.5771 0.0087
Car 0.0000 0 1.6344 0.0000 0.0000 1224.0000 370.0000 1.4885 1.6756 3.9344 10.0846 1.3600 0.5574 3.1195 0.0087
Car 0.0000 0 -1.6054 0.0000 0.0000 1224.0000 370.0000 1.4063 1.5421 3.3076 -19.2089 1.6628 0.6471 -3.1241 0.0087
Car 0.0000 0 -2.9745 0.0000 255.2601 1224.0000 370.0000 1.4945 1.7969 4.0990 -0.1276 1.7608 1.4092 -3.0471 0.0086
Car 0.0000 0 4.1268 0.0000 0.0000 1224.0000 370.0000 1.3895 1.5138 3.4254 -19.2685 1.6433 0.0428 2.5766 0.0086
Car 0.0000 0 0.3646 0.0000 164.1989 4.9076 198.0151 1.6307 1.6889 4.1433 -33.1958 0.8461 35.6425 -0.3790 0.0086
Car 0.0000 0 3.6766 4.1406 171.7137 111.5370 202.1422 1.4167 1.5593 3.8194 -26.1863 1.0091 33.9098 3.0254 0.0086
Car 0.0000 0 0.2846 0.0000 166.2335 3.1274 198.1563 1.5348 1.5821 3.7798 -32.9238 0.8503 35.5314 -0.4564 0.0085
Car 0.0000 0 0.0333 602.7990 165.8476 694.1630 201.2428 1.5656 1.6751 4.0604 1.9831 0.9189 32.2963 0.0958 0.0085
Car 0.0000 0 1.7836 553.8913 175.2542 615.7775 215.0903 1.4633 1.6701 3.8346 -0.7474 1.2721 28.0062 1.7589 0.0084
Car 0.0000 0 -1.5021 600.5280 169.5919 643.4356 204.4038 1.4894 1.7061 3.4835 0.8015 1.0242 32.0597 -1.4756 0.0084
Cyclist 0.0000 0 0.5169 84.0261 167.7028 193.5855 262.8207 1.6716 0.4084 1.6610 -8.3818 1.4484 12.6697 -0.0542 0.0084
Car 0.0000 0 -2.6625 0.0000 0.0000 1224.0000 370.0000 1.5279 1.6299 3.5011 5.7432 1.4779 -0.1762 -1.1159 0.0084
Car 0.0000 0 -0.9983 0.0000 167.0415 10.6737 199.1269 1.4776 1.6757 3.9775 -31.4207 0.8593 34.6514 -1.7284 0.0083
Car 0.0000 0 -4.5582 0.0000 0.0000 1224.0000 370.0000 1.4758 1.6731 3.9620 10.0037 1.4393 0.4991 -3.0680 0.0083
Car 0.0000 0 -1.5211 748.6421 145.3771 773.8775 177.6226 2.5135 1.7931 4.6124 12.8721 -0.2449 58.0114 -1.3021 0.0083
Car 0.0000 0 -0.3624 0.0000 164.0772 10.1956 198.1015 1.5906 1.7227 3.8913 -32.3868 0.8243 35.1731 -1.1002 0.0083
Car 0.0000 0 -2.0946 0.0000 177.9644 16.6446 227.5872 1.4311 1.6318 3.5787 -20.2462 1.3595 21.7016 -2.8362 0.0083
Cyclist 0.0000 0 0.6736 0.0000 0.0000 1224.0000 370.0000 1.6222 0.5522 1.8910 1.3845 1.6614 0.4238 1.7510 0.0082
Car 0.0000 0 0.4544 585.2635 166.6136 689.2263 203.9969 1.5617 1.6988 4.2879 1.3874 0.9831 31.3063 0.5000 0.0082
Car 0.0000 0 -1.5748 0.0000 172.6663 11.6315 226.5125 1.5532 1.7752 4.3704 -20.2508 1.3288 22.6138 -2.2964 0.0082
Car 0.0000 0 0.3990 589.3149 165.6255 703.1021 203.3958 1.5751 1.7881 4.7073 1.7869 0.9563 31.3209 0.4572 0.0082
Car 0.0000 0 -2.2110 0.0000 177.7240 19.4543 227.3971 1.4441 1.6206 3.6736 -20.3291 1.3650 21.6878 -2.9550 0.0082
Car 0.0000 0 -1.9089 1101.5757 170.2329 1224.0000 247.8952 1.4692 1.6753 4.1513 12.6093 1.2766 15.6059 -1.2376 0.0082
Car 0.0000 0 -1.4728 600.4866 170.0417 643.6570 203.9422 1.4605 1.6394 3.4079 0.8087 1.0114 32.2496 -1.4462 0.0082
Car 0.0000 0 -2.6427 0.0000 0.0000 1224.0000 370.0000 1.5781 1.6497 3.5877 5.7572 1.5773 -0.2247 -1.0876 0.0080
Car 0.0000 0 0.3915 0.0000 167.1110 13.9247 200.5923 1.6225 1.7198 4.4500 -33.0731 0.9751 35.8247 -0.3478 0.0079
Car 0.0000 0 0.2777 587.4795 164.7208 695.2006 202.4002 1.6037 1.7619 4.5059 1.6155 0.9336 31.6510 0.3300 0.0079
Car 0.0000 0 -4.6100 0.0000 0.0000 1224.0000 370.0000 1.4893 1.8353 4.2408 10.6812 1.1947 0.2754 -3.0938 0.0079
Car 0.0000 0 0.3351 5.2280 170.1937 124.4952 203.0145 1.5229 1.7026 4.2727 -26.0715 1.0461 34.2635 -0.3090 0.0079
Car 0.0000 0 0.0958 602.1448 167.8208 692.8081 202.4988 1.5295 1.6985 3.9940 1.9579 0.9717 32.3315 0.1575 0.0079
Car 0.0000 0 -1.3901 0.0000 176.2085 27.3770 227.9098 1.4934 1.7279 4.0996 -20.0121 1.3710 22.6216 -2.1056 0.0078
Car 0.0000 0 4.0358 0.0000 0.0000 1224.0000 370.0000 1.4809 1.6123 3.8029 -19.4909 1.6489 -0.1708 2.4744 0.0078
Car 0.0000 0 -0.8259 0.0000 171.3507 102.6261 205.2547 1.5737 1.6936 4.1350 -27.2835 1.1505 34.9483 -1.4826 0.0078
Car 0.0000 0 -2.5545 1116.1814 155.8339 1224.0000 218.8056 1.6197 1.6643 3.8850 17.1583 0.9868 20.2795 -1.8584 0.0078
Car 0.0000 0 -2.1121 1146.0812 155.2424 1224.0000 217.8956 1.6390 1.6772 4.0344 17.8734 0.9799 20.6199 -1.4039 0.0078
Car 0.0000 0 -1.3088 790.6783 146.2662 835.8677 178.4847 2.0469 1.7983 4.5703 14.0828 -0.1414 47.6381 -1.0213 0.0078
Car 0.0000 0 -2.1070 1079.2367 168.9170 1224.0000 246.4185 1.4684 1.6708 4.0518 12.3560 1.2506 15.5077 -1.4426 0.0077
Car 0.0000 0 0.3878 0.0000 164.2679 6.4628 199.6043 1.7016 1.7063 4.3751 -33.2331 0.9214 35.6059 -0.3568 0.0077
Car 0.0000 0 1.7273 1.3371 170.5050 63.3717 205.2718 1.4793 1.5774 3.9203 -25.9880 1.0555 32.1729 1.0546 0.0077
Car 0.0000 0 -1.8410 1180.0461 154.7212 1224.0000 217.0583 1.6234 1.6948 3.9390 18.3299 0.9536 20.5495 -1.1187 0.0077
Car 0.0000 0 -2.3700 1124.7284 156.5254 1224.0000 219.0710 1.6285 1.6800 4.0320 17.4847 1.0058 20.4930 -1.6696 0.0076
Car 0.0000 0 0.6085 0.0000 167.5189 17.8793 197.9470 1.5108 1.6589 4.1586 -32.9163 0.8677 36.1793 -0.1234 0.0076
Car 0.0000 0 -1.3582 0.0000 0.0000 1224.0000 370.0000 1.4900 1.5751 3.7374 -19.5072 1.6754 0.9609 -2.8617 0.0075
Car 0.0000 0 -1.5782 0.0000 0.0000 1224.0000 370.0000 1.4585 1.5504 3.3135 -19.3788 1.6604 0.6393 -3.0977 0.0075
Car 0.0000 0 -0.9944 0.0000 169.8128 9.0749 199.5088 1.4039 1.5927 3.3643 -31.7241 0.9001 35.2030 -1.7215 0.0075
Car 0.0000 0 2.0245 0.0000 167.5428 8.4586 198.8170 1.4485 1.7021 3.6244 -31.3046 0.8498 34.7181 1.2972 0.0075
Car 0.0000 0 -1.4298 774.7117 153.7407 809.9171 179.4230 1.6391 1.7202 4.1741 12.6438 -0.0746 47.5670 -1.1698 0.0074
Car 0.0000 0 1.7785 0.0000 167.6900 59.0167 203.9621 1.5291 1.5963 4.1514 -26.2154 0.9905 32.0124 1.0991 0.0074
Car 0.0000 0 -0.4885 1124.8882 155.0153 1224.0000 213.1863 1.5586 1.6601 4.2993 17.7015 0.8774 20.2267 0.2243 0.0074
Car 0.0000 0 -0.9862 0.0000 0.0000 1224.0000 370.0000 1.4093 1.5667 3.1542 -19.2693 1.6339 1.2479 -2.4740 0.0074
Car 0.0000 0 -0.3490 0.0000 163.0242 11.2261 198.4185 1.6452 1.7571 4.0185 -32.3126 0.8343 35.0472 -1.0875 0.0074
Car 0.0000 0 2.2301 0.0000 172.5830 88.8740 204.7459 1.4925 1.5520 4.0049 -27.6577 1.1266 34.8125 1.5650 0.0073
Car 0.0000 0 -0.6747 0.0000 0.0000 1224.0000 370.0000 1.5047 1.5184 3.1121 -19.2052 1.6778 1.3680 -2.1561 0.0073
Car 0.0000 0 -1.3279 749.1132 147.4160 784.7258 178.2775 2.4034 1.7872 4.5905 13.3085 -0.1884 57.8638 -1.1012 0.0073
Car 0.0000 0 1.7581 0.0000 168.4537 59.9239 204.7894 1.5366 1.6048 4.0829 -26.1730 1.0287 32.0750 1.0804 0.0073
Car 0.0000 0 1.4600 631.7158 170.5130 681.4047 208.8807 1.5396 1.6606 4.3231 2.1334 1.1403 30.5603 1.5307 0.0072
Car 0.0000 0 1.8446 0.0000 169.0627 8.4331 199.1814 1.4620 1.6715 3.3886 -32.1786 0.9082 36.2048 1.1242 0.0072
Car 0.0000 0 -4.1796 0.0000 0.0000 1224.0000 370.0000 1.4739 1.7265 3.8922 10.0221 1.3922 0.3670 -2.6761 0.0072
Car 0.0000 0 -1.3341 749.6693 149.6780 784.5149 178.1388 2.2120 1.7683 4.4913 13.2949 -0.1997 57.7508 -1.1071 0.0072
Car 0.0000 0 3.3982 0.0000 0.0000 1224.0000 370.0000 1.5422 1.6079 3.5983 -22.3889 1.7430 -0.1596 1.8363 0.0071
Car 0.0000 0 -2.9151 0.0000 0.0000 1224.0000 370.0000 1.5702 1.6839 3.4861 5.8566 1.5852 -0.1432 -1.3735 0.0071
Car 0.0000 0 1.6713 601.7892 171.3969 653.9861 212.6067 1.5153 1.6957 3.6755 0.9430 1.1821 27.9284 1.7064 0.0070
Car 0.0000 0 0.2619 0.0000 0.0000 1224.0000 370.0000 1.4012 1.4834 3.5290 -18.6024 1.6418 -0.0173 -1.2908 0.0070
Car 0.0000 0 -1.4000 745.3091 147.8127 777.8124 178.6992 2.4103 1.8510 4.5486 12.8799 -0.1526 57.9139 -1.1805 0.0070
Car 0.0000 0 -0.8990 773.6535 154.2650 837.1785 179.5966 1.6185 1.7437 4.3763 13.4340 -0.0617 47.2957 -0.6222 0.0070
Cyclist 0.0000 0 3.2353 0.0000 0.0000 1224.0000 370.0000 1.6448 0.5782 1.8823 -1.7048 1.7183 0.3174 2.0254 0.0070
Car 0.0000 0 1.7184 0.7851 171.0359 62.7297 205.7475 1.4736 1.5883 4.0227 -25.9941 1.0733 32.1491 1.0451 0.0070
Car 0.0000 0 1.7480 0.0000 0.0000 1224.0000 370.0000 1.4340 1.5017 3.3120 -19.0548 1.6414 0.9974 0.2480 0.0069
Car 0.0000 0 -0.9561 0.0000 167.4442 9.6741 199.5555 1.4947 1.7081 3.7326 -31.6443 0.8884 34.8594 -1.6868 0.0068
Car 0.0000 0 0.0888 0.0000 162.9207 1.0854 197.5703 1.6264 1.7110 4.1967 -32.8448 0.8027 35.1414 -0.6565 0.0068
Car 0.0000 0 2.0552 0.0000 170.3859 9.4517 199.6468 1.4012 1.6226 3.0652 -31.7876 0.9183 35.5336 1.3317 0.0068
Car 0.0000 0 -2.5020 1113.7632 154.9557 1224.0000 218.8248 1.6496 1.6592 3.9949 17.1782 0.9914 20.3928 -1.8080 0.0068
Car 0.0000 0 -0.9110 0.0000 166.0769 11.3370 200.0092 1.5706 1.7117 4.0338 -31.6800 0.9044 34.7942 -1.6431 0.0067
Car 0.0000 0 -1.5838 0.0000 175.8691 4.5540 228.6909 1.5152 1.7468 4.3130 -20.3567 1.3839 22.4573 -2.3114 0.0067
Car 0.0000 0 -1.3408 754.7185 150.3924 789.3563 177.7711 2.1224 1.7805 4.4494 13.6789 -0.2306 57.6698 -1.1073 0.0067
Car 0.0000 0 -0.8438 779.0791 153.0053 849.6302 179.0107 1.6522 1.7967 4.7706 13.9934 -0.1023 47.1685 -0.5553 0.0067
Car 0.0000 0 0.0146 603.7800 168.9046 693.2400 202.4026 1.5010 1.7018 4.0206 1.9955 0.9829 32.6797 0.0768 0.0066
Car 0.0000 0 0.1169 0.0000 172.8932 132.5551 215.6179 1.5843 1.7536 4.5481 -21.6069 1.3038 28.1214 -0.5310 0.0066
Car 0.0000 0 -0.4192 0.0000 164.5957 15.5726 197.4188 1.5526 1.7202 3.9531 -32.4928 0.8017 35.5945 -1.1528 0.0066
Car 0.0000 0 -0.7979 0.0000 167.7235 14.8313 199.5270 1.5141 1.7741 3.5320 -32.0189 0.9073 35.4597 -1.5260 0.0066
Car 0.0000 0 -1.4172 785.7766 153.6176 823.0303 180.2042 1.6936 1.7652 4.3157 13.4173 -0.0195 47.4173 -1.1413 0.0066
Car 0.0000 0 -1.6250 0.0000 176.2348 6.0702 227.5648 1.4712 1.7078 4.0920 -20.2667 1.3505 22.3124 -2.3535 0.0066
Car 0.0000 0 -2.5035 1117.5614 155.6870 1224.0000 218.5671 1.6207 1.6510 3.9063 17.1920 0.9827 20.3108 -1.8072 0.0066
Car 0.0000 0 1.7187 0.0000 170.9387 60.5812 205.5593 1.4669 1.5728 3.8634 -25.9717 1.0632 32.0178 1.0438 0.0065
Car 0.0000 0 -1.0318 0.0000 170.8923 79.4855 204.6763 1.5610 1.6560 4.1177 -28.0392 1.1186 34.8156 -1.7035 0.0064
Car 0.0000 0 -2.0600 1072.0078 169.1515 1224.0000 248.6887 1.5144 1.6817 4.2838 12.3025 1.2999 15.7089 -1.4038 0.0064
Car 0.0000 0 -0.5967 0.0000 0.0000 1224.0000 370.0000 1.4488 1.4936 3.0094 -18.7446 1.6554 1.2839 -2.0804 0.0064
Car 0.0000 0 -0.3814 0.0000 164.5876 10.9988 197.7020 1.5626 1.6457 3.7017 -32.3885 0.8132 35.3833 -1.1163 0.0064
Car 0.0000 0 -0.8969 0.0000 165.6828 9.4940 200.1895 1.5880 1.6815 4.1088 -31.6726 0.9076 34.6345 -1.6312 0.0064
Car 0.0000 0 -0.8219 0.0000 0.0000 1224.0000 370.0000 1.5266 1.6823 3.8886 -19.8274 1.6765 1.8801 -2.2804 0.0064
Car 0.0000 0 0.1322 637.8605 153.9753 713.0310 183.5164 1.6522 1.7593 4.1276 4.0854 0.1701 40.8708 0.2330 0.0064
Car 0.0000 0 -0.7120 0.0000 0.0000 1224.0000 370.0000 1.4531 1.5081 3.2359 -19.1351 1.6338 1.3855 -2.1921 0.0063
Car 0.0000 0 -2.6012 1105.7584 156.9627 1224.0000 219.7008 1.6151 1.6436 4.1982 17.1371 1.0108 20.4504 -1.9097 0.0062
Car 0.0000 0 -1.5898 0.0000 175.1532 5.8474 227.6935 1.5127 1.7247 4.2480 -20.3489 1.3603 22.4977 -2.3163 0.0061
Car 0.0000 0 -1.5839 0.0000 175.2009 8.4949 227.3004 1.5028 1.7245 4.2602 -20.2861 1.3515 22.5463 -2.3078 0.0061
Car 0.0000 0 0.3942 0.0000 166.8250 10.1630 198.3321 1.5284 1.6960 4.1130 -33.0286 0.8665 35.7870 -0.3448 0.0061
Car 0.0000 0 1.6069 622.2952 164.6458 664.0521 204.4018 1.6344 1.6862 4.2327 1.7274 0.9841 31.2479 1.6633 0.0061
Car 0.0000 0 -0.0860 0.0000 163.1494 6.8472 197.5900 1.6165 1.7207 4.1656 -32.7253 0.8036 35.2965 -0.8273 0.0061
Car 0.0000 0 -0.1182 0.0000 163.4475 7.3044 197.1534 1.5852 1.7011 4.2451 -32.8720 0.7847 35.4114 -0.8601 0.0060
Car 0.0000 0 3.9953 0.0000 0.0000 1224.0000 370.0000 1.4848 1.6024 3.7975 -19.5243 1.6453 -0.0751 2.4389 0.0060
Car 0.0000 0 -1.9121 1170.7683 154.8142 1224.0000 217.5670 1.6421 1.6682 4.0093 18.2855 0.9715 20.6674 -1.1938 0.0059
Car 0.0000 0 1.7478 592.3059 172.8568 647.8956 211.9787 1.4312 1.5558 3.6949 0.6352 1.1531 27.8269 1.7721 0.0059
Car 0.0000 0 1.7999 2.0342 171.6239 72.5818 207.0929 1.5010 1.5923 4.0561 -25.6802 1.1269 32.0910 1.1317 0.0059
Car 0.0000 0 -1.2924 0.0000 0.0000 1224.0000 370.0000 1.4243 1.5467 3.8207 -19.7611 1.6311 1.3565 -2.7768 0.0059
Car 0.0000 0 1.7042 586.4429 174.0724 638.6147 212.3794 1.4239 1.6388 3.3083 0.3305 1.1865 28.0323 1.7176 0.0059
Car 0.0000 0 1.9374 0.0000 168.4942 9.8983 198.2499 1.4058 1.6356 3.3424 -31.4296 0.8400 35.2507 1.2156 0.0058
Car 0.0000 0 -2.0400 1212.0548 159.1119 1224.0000 221.7790 1.5935 1.7597 4.3045 19.6010 1.0512 20.2884 -1.2781 0.0058
Car 0.0000 0 -0.8803 775.8571 153.6733 841.9326 179.2020 1.6256 1.7827 4.5010 13.6466 -0.0891 47.2282 -0.5989 0.0058
Car 0.0000 0 -0.7601 0.0000 0.0000 1224.0000 370.0000 1.4467 1.5302 3.2310 -19.1648 1.6568 1.3718 -2.2411 0.0057
Car 0.0000 0 -0.7699 0.0000 162.0641 7.5215 200.6449 1.7569 1.7269 4.4854 -31.9987 0.9188 34.4819 -1.5115 0.0057
Car 0.0000 0 -2.7776 0.0000 0.0000 1224.0000 370.0000 1.6327 1.7114 3.6355 5.8455 1.6038 -0.1451 -1.2357 0.0057
Car 0.0000 0 -0.5194 0.0000 162.5669 11.4552 199.0846 1.6832 1.8136 4.3088 -32.3367 0.8581 34.9132 -1.2601 0.0057
Car 0.0000 0 -1.2350 0.0000 0.0000 1224.0000 370.0000 1.4178 1.5262 3.1277 -19.0192 1.6363 1.0331 -2.7330 0.0057
Car 0.0000 0 -0.3077 783.0066 153.5519 860.2688 179.1690 1.6460 1.7551 4.5297 14.1792 -0.0878 46.4245 -0.0113 0.0057
Car 0.0000 0 1.6088 182.9767 194.5671 235.1974 237.0163 1.4237 1.5800 3.6715 -15.0878 2.0027 27.0262 1.1061 0.0056
Car 0.0000 0 0.2992 0.0000 174.0387 128.7494 215.7719 1.5469 1.7166 4.4824 -21.6117 1.3089 27.7859 -0.3545 0.0056
Car 0.0000 0 -0.4838 659.6194 153.9251 746.8851 183.2532 1.6389 1.8120 4.7318 5.7099 0.1552 41.1583 -0.3450 0.0056
Car 0.0000 0 -1.0340 1190.4412 156.2966 1224.0000 217.9160 1.6046 1.6911 4.2949 18.8544 0.9759 19.8132 -0.2798 0.0056
Car 0.0000 0 -0.6624 0.0000 0.0000 1224.0000 370.0000 1.5758 1.5021 3.2105 -19.1953 1.6346 1.4407 -2.1399 0.0056
Car 0.0000 0 1.4386 619.0118 166.7442 666.4642 202.8826 1.5289 1.6430 3.7757 1.6205 0.9484 31.8556 1.4907 0.0055
Car 0.0000 0 -2.8024 627.7800 153.5222 702.1331 183.6440 1.6867 1.7202 3.9697 3.4843 0.1774 41.1878 -2.7167 0.0055
Car 0.0000 0 -0.0329 0.0000 0.0000 1224.0000 370.0000 1.5581 1.7183 3.9293 -20.3962 1.5401 1.4690 -1.5144 0.0055
Car 0.0000 0 -2.0833 1195.2556 155.3366 1224.0000 221.7065 1.6991 1.7631 4.3673 19.3105 1.0565 20.4255 -1.3322 0.0054
Car 0.0000 0 1.1037 0.0000 165.0855 13.3886 198.2869 1.6363 1.7930 4.7286 -33.0951 0.8780 36.5396 0.3739 0.0054
Car 0.0000 0 0.1353 0.0000 164.3981 0.2030 198.1932 1.5849 1.7032 4.0859 -32.7586 0.8312 35.0222 -0.6103 0.0053
Car 0.0000 0 2.1422 0.0000 173.1838 86.4074 212.1762 1.4595 1.6041 4.2100 -23.2063 1.1872 28.6362 1.4684 0.0053
Car 0.0000 0 0.2823 0.0000 174.2672 122.3706 215.6091 1.5334 1.7012 4.2474 -21.7300 1.3038 27.7882 -0.3740 0.0053
Cyclist 0.0000 0 -0.8831 43.2886 171.7657 145.3908 271.9135 1.5801 0.4135 1.6908 -8.6626 1.4440 12.0096 -1.4936 0.0053
Car 0.0000 0 -1.8917 1170.9773 154.4032 1224.0000 218.4024 1.6713 1.7037 4.0685 18.2788 0.9914 20.6648 -1.1735 0.0053
Car 0.0000 0 -0.2151 0.0000 0.0000 1224.0000 370.0000 1.4523 1.5904 4.0175 -26.4654 1.6301 1.5528 -1.7136 0.0053
Car 0.0000 0 -0.5899 0.0000 0.0000 1224.0000 370.0000 1.4028 1.6268 3.4727 -19.6775 1.6755 1.7570 -2.0538 0.0052
Car 0.0000 0 0.1469 632.6782 154.4504 707.8177 184.3524 1.6750 1.7585 4.1197 3.7910 0.2172 40.9452 0.2404 0.0052
Car 0.0000 0 -0.1609 0.0000 0.0000 1224.0000 370.0000 1.5368 1.7397 3.9053 -19.7229 1.6382 1.2319 -1.6514 0.0052
Car 0.0000 0 -1.1787 0.0000 0.0000 1224.0000 370.0000 1.4181 1.5445 3.3734 -19.3897 1.6845 1.3147 -2.6636 0.0052
Car 0.0000 0 -1.3767 745.7288 150.6093 779.9010 178.2923 2.1509 1.8739 4.5938 12.9600 -0.1871 57.8067 -1.1555 0.0051
Car 0.0000 0 -1.9853 0.0000 164.7860 13.1952 199.2055 1.6888 1.8618 5.0409 -33.1495 0.9192 36.5766 -2.7154 0.0051
Car 0.0000 0 -2.6334 0.0000 0.0000 1224.0000 370.0000 1.5560 1.6240 3.8811 18.6296 0.4003 1.4934 -1.1585 0.0051
Car 0.0000 0 1.7948 588.6592 172.2383 651.5460 211.8643 1.4572 1.7137 3.6530 0.6429 1.1549 27.9763 1.8193 0.0051
Car 0.0000 0 -1.3677 755.1970 150.2575 788.5135 177.3753 2.1043 1.7724 4.5385 13.7084 -0.2652 57.8539 -1.1344 0.0051
Car 0.0000 0 1.9481 578.2648 172.4822 650.1356 211.1855 1.4386 1.6721 3.5590 0.4110 1.1421 28.2399 1.9643 0.0050
Car 0.0000 0 -0.9349 0.0000 0.0000 1224.0000 370.0000 1.4677 1.5836 3.3694 -19.4108 1.6389 1.5220 -2.4093 0.0050
Car 0.0000 0 -0.9539 0.0000 0.0000 1224.0000 370.0000 1.4986 1.6101 3.6840 -19.5204 1.6527 1.5472 -2.4275 0.0050
Car 0.0000 0 -0.3681 640.7644 152.5165 717.4593 182.9854 1.7198 1.7074 4.1124 4.3031 0.1417 41.2632 -0.2630 0.0050
Car 0.0000 0 -0.1796 662.1746 154.0864 746.4236 183.1219 1.6360 1.7873 4.5689 5.6783 0.1491 40.8193 -0.0405 0.0050
Car 0.0000 0 0.5651 0.0000 166.0735 20.3195 199.1804 1.6375 1.7140 4.5328 -33.0469 0.9254 36.1909 -0.1687 0.0050
Car 0.0000 0 1.4492 0.0000 175.8334 17.2577 230.5770 1.5704 1.7751 4.3875 -20.2307 1.4381 22.3953 0.7234 0.0050
Car 0.0000 0 1.7859 582.5038 173.3572 642.2183 212.6751 1.4327 1.6111 3.5494 0.3289 1.1740 27.6708 1.7994 0.0050
Cyclist 0.0000 0 1.1680 784.2932 161.9646 804.1841 188.9231 1.7186 0.6799 1.5815 12.2750 0.5383 45.8994 1.4293 0.0049
Car 0.0000 0 -3.5007 1136.6505 153.7781 1224.0000 217.5410 1.6546 1.6725 4.0159 17.5890 0.9628 19.8330 -2.7815 0.0049
Car 0.0000 0 1.7831 0.0000 169.1239 57.7122 210.0876 1.5200 1.7030 4.7154 -23.8592 1.0994 28.7173 1.0971 0.0049
Car 0.0000 0 -0.4438 0.0000 100.1117 285.9297 370.0000 2.0489 2.0462 5.4463 -6.5770 1.4932 7.7953 -1.1229 0.0049
Car 0.0000 0 2.2564 0.0000 171.9485 99.4306 206.7066 1.4845 1.5713 3.9337 -25.2582 1.1207 32.1795 1.5976 0.0049
Car 0.0000 0 -1.1260 0.0000 177.7158 92.0452 236.7057 1.5198 1.8343 4.6358 -17.1712 1.4497 20.6803 -1.8097 0.0048
Car 0.0000 0 0.4574 0.0000 0.0000 1224.0000 370.0000 1.4643 1.7510 3.9072 -21.8418 1.6553 1.7475 -1.0172 0.0048
Car 0.0000 0 0.0521 663.5518 153.5359 746.0568 182.7406 1.6174 1.7744 4.5808 5.7255 0.1255 40.4644 0.1935 0.0048
Cyclist 0.0000 0 -1.5062 0.0000 177.7635 20.4073 228.6109 1.5038 0.4616 1.6833 -18.3625 1.4244 21.7220 -2.1990 0.0048
Car 0.0000 0 0.3667 0.0000 164.8622 10.5341 200.3621 1.7119 1.7503 4.4675 -33.1827 0.9593 35.7246 -0.3755 0.0047
Pedestrian 0.0000 0 -0.6440 1161.7490 156.3768 1218.2878 263.3661 1.6850 0.4282 0.5529 9.3436 1.3067 11.3536 0.0325 0.0047
Car 0.0000 0 0.1610 0.0000 172.7113 15.7273 219.1937 1.5909 1.6941 4.4101 -24.7718 1.3259 26.1254 -0.5900 0.0047
Car 0.0000 0 -0.6090 0.0000 166.4033 12.5315 199.2382 1.5369 1.7800 3.7007 -32.0504 0.8785 35.0935 -1.3428 0.0047
Car 0.0000 0 1.7746 184.0839 193.6016 252.5683 235.7863 1.4272 1.5842 3.5964 -14.7410 1.9666 27.0759 1.2824 0.0047
Car 0.0000 0 -0.5632 653.0616 151.4720 732.6277 182.4685 1.7441 1.7865 4.3545 5.1580 0.1121 41.5113 -0.4386 0.0046
Car 0.0000 0 1.8354 183.7615 193.4619 257.1554 235.4469 1.4278 1.5623 3.6322 -14.7120 1.9634 27.1850 1.3457 0.0046
Car 0.0000 0 1.6173 621.0156 166.7454 661.3634 203.1835 1.5213 1.6170 3.7392 1.6415 0.9485 31.4561 1.6708 0.0046
Car 0.0000 0 0.0110 650.1782 152.5871 718.3888 182.1650 1.6626 1.7747 3.8325 4.5725 0.0950 40.8546 0.1236 0.0046
Car 0.0000 0 -2.0211 1164.8265 152.6468 1224.0000 216.6102 1.6838 1.7058 4.2714 18.5777 0.9522 20.8935 -1.3002 0.0046
Car 0.0000 0 0.1422 0.0000 165.6819 1.0110 198.0025 1.5357 1.7034 3.5396 -32.5981 0.8331 35.2889 -0.5972 0.0046
Car 0.0000 0 0.0182 0.0000 0.0000 1224.0000 370.0000 1.5652 1.5423 3.5324 -18.5180 1.5782 0.3705 -1.5135 0.0046
Car 0.0000 0 -0.3960 657.7109 152.2409 737.4545 183.0936 1.7364 1.7837 4.2485 5.3722 0.1474 41.2055 -0.2654 0.0046
Car 0.0000 0 0.1829 0.0000 175.1629 23.4562 218.3259 1.5017 1.6613 4.2046 -24.5904 1.3175 26.4129 -0.5590 0.0045
Car 0.0000 0 -0.6752 0.0000 0.0000 1224.0000 370.0000 1.4640 1.5447 3.4703 -19.4719 1.6748 1.3973 -2.1563 0.0045
Car 0.0000 0 -1.4427 0.0000 0.0000 1224.0000 370.0000 1.5082 1.8171 4.3435 -25.0215 1.7250 0.9164 -2.9624 0.0045
Car 0.0000 0 -1.6600 0.0000 176.0400 12.6793 229.2765 1.5335 1.7300 4.3207 -20.3154 1.4066 22.4730 -2.3862 0.0045
Car 0.0000 0 1.7760 0.0000 167.0893 53.1425 203.8642 1.5434 1.5715 4.0118 -26.2943 0.9820 31.8108 1.0920 0.0045
Car 0.0000 0 -1.3992 1220.5580 153.1277 1224.0000 217.8663 1.6742 1.7730 4.3939 19.4098 0.9679 20.3064 -0.6426 0.0045
Car 0.0000 0 -0.0428 0.0000 0.0000 1224.0000 370.0000 1.5224 1.4898 3.2565 -18.7272 1.6845 1.5913 -1.5101 0.0045
Car 0.0000 0 -0.6019 0.0000 165.5042 10.6990 199.3340 1.5692 1.7990 3.8232 -32.0218 0.8751 34.8582 -1.3385 0.0045
Car 0.0000 0 2.0464 0.0000 0.0000 1224.0000 370.0000 1.5357 1.6091 4.2075 -19.1573 1.6786 1.4458 0.5693 0.0045
Car 0.0000 0 1.7353 0.0000 171.2858 49.4905 211.6182 1.4931 1.6575 4.4068 -23.8463 1.1535 28.4913 1.0458 0.0044
Car 0.0000 0 -0.6338 650.2274 152.4224 727.6243 183.7056 1.7582 1.7668 4.3080 4.9434 0.1816 41.5617 -0.5143 0.0044
Car 0.0000 0 1.7838 0.0000 170.6669 62.1359 211.1044 1.5052 1.6888 4.5036 -23.6337 1.1407 28.7032 1.1023 0.0044
Car 0.0000 0 -0.4608 658.2806 152.7561 741.7706 183.2854 1.7136 1.8000 4.4967 5.5306 0.1577 41.2544 -0.3266 0.0044
Car 0.0000 0 1.7644 780.7339 152.6670 818.7571 179.5423 1.7203 1.7060 4.1402 13.1659 -0.0663 47.6468 2.0341 0.0044
Cyclist 0.0000 0 -1.2402 0.0000 177.2159 13.3350 229.2348 1.5145 0.4873 1.8597 -18.7392 1.4205 21.5347 -1.9472 0.0043
Car 0.0000 0 -1.2208 668.2351 147.9221 721.3431 183.0321 1.9398 1.7402 4.2047 5.2970 0.1413 41.3266 -1.0924 0.0043
Car 0.0000 0 0.1761 0.0000 173.8192 13.4382 219.3284 1.5627 1.6590 4.2203 -24.7422 1.3349 26.1171 -0.5744 0.0042
Car 0.0000 0 -0.4156 650.0997 150.9755 728.8442 182.5306 1.7783 1.7876 4.2041 4.9156 0.1158 41.3087 -0.2961 0.0042
Car 0.0000 0 3.1558 0.0000 0.0000 1224.0000 370.0000 1.5269 1.6874 3.8694 -26.6435 1.6629 1.5167 1.6556 0.0041
Car 0.0000 0 -0.1502 663.4129 152.0198 739.3593 182.8671 1.7416 1.7782 4.1242 5.5137 0.1350 40.8340 -0.0150 0.0041
Car 0.0000 0 1.0618 153.1318 191.4400 248.8435 233.1261 1.4257 1.6146 3.5581 -15.2675 1.8645 26.6407 0.5481 0.0041
Car 0.0000 0 -2.8872 0.0000 0.0000 1224.0000 370.0000 1.6641 1.7826 3.5009 5.8130 1.6712 -0.1976 -1.3364 0.0041
Car 0.0000 0 -1.6783 823.3309 153.9240 861.5032 184.6335 1.6543 1.6293 3.9605 13.4325 0.2241 40.1921 -1.3563 0.0041
Car 0.0000 0 -0.2324 662.4080 152.4846 744.9039 182.8563 1.7096 1.7841 4.4322 5.6593 0.1340 40.8914 -0.0940 0.0040
Car 0.0000 0 2.2618 0.0000 0.0000 1224.0000 370.0000 1.6434 1.7827 4.6515 -24.1527 1.6193 2.2505 0.7988 0.0040
Car 0.0000 0 -0.3814 654.2335 150.8907 733.5434 181.8896 1.7471 1.8099 4.2205 5.1609 0.0797 41.2533 -0.2559 0.0040
Car 0.0000 0 -1.0388 1215.8605 161.6589 1224.0000 220.1410 1.5289 1.6631 4.6068 19.7635 1.0379 19.8812 -0.2628 0.0040
Car 0.0000 0 -1.4059 660.6084 152.3004 700.3572 183.7352 1.7636 1.7115 3.9251 4.5017 0.1829 41.7841 -1.2974 0.0040
Car 0.0000 0 -1.4755 743.2095 150.5834 772.1525 176.8326 2.0320 1.8979 4.4300 12.5345 -0.3111 57.8006 -1.2612 0.0040
Car 0.0000 0 1.1044 0.0000 163.9600 13.9281 196.6918 1.6108 1.8120 4.8053 -33.0786 0.7983 36.5129 0.3745 0.0040
Car 0.0000 0 0.1724 0.0000 171.1426 17.8282 217.1392 1.5773 1.6778 4.4842 -24.7802 1.2580 26.1684 -0.5779 0.0039
Car 0.0000 0 -1.8129 804.6994 145.8147 857.5353 181.4261 1.9421 1.8886 4.4111 12.9631 0.0519 40.8171 -1.5057 0.0039
Car 0.0000 0 -0.4078 0.0000 0.0000 1224.0000 370.0000 1.4075 1.4803 2.9279 -18.7829 1.6745 1.3075 -1.8904 0.0039
Car 0.0000 0 3.4719 0.0000 166.1507 20.3887 199.6963 1.6267 1.8388 4.6762 -33.0684 0.9323 36.0485 2.7358 0.0039
Car 0.0000 0 -0.9221 0.0000 179.9288 13.6969 223.7553 1.4362 1.6051 3.6091 -23.1668 1.4190 25.0348 -1.6607 0.0039
Car 0.0000 0 -0.0364 658.0010 151.1670 730.2712 181.8814 1.7271 1.7872 4.0523 5.0962 0.0791 40.8220 0.0888 0.0039
Car 0.0000 0 2.8794 595.6079 154.8500 682.6924 185.0098 1.6692 1.7484 4.6867 1.9253 0.2510 40.4776 2.9285 0.0039
Car 0.0000 0 0.0909 0.0000 173.6847 11.0976 218.0083 1.5359 1.5732 3.6771 -24.5124 1.3013 26.2371 -0.6527 0.0039
Car 0.0000 0 -0.4943 0.0000 93.7463 272.9159 370.0000 2.0477 2.1575 5.5090 -6.4839 1.5215 7.2557 -1.2002 0.0039
Car 0.0000 0 -0.2250 0.0000 0.0000 1224.0000 370.0000 1.4037 1.4608 2.9583 -18.8796 1.6637 1.4737 -1.6993 0.0039
Car 0.0000 0 -0.6566 0.0000 164.9691 10.1339 199.1630 1.5847 1.7428 3.8577 -31.9758 0.8664 34.8164 -1.3930 0.0039
Car 0.0000 0 -0.2175 0.0000 0.0000 1224.0000 370.0000 1.4728 1.4893 2.6346 -18.6645 1.7073 0.9663 -1.7177 0.0039
Car 0.0000 0 -0.7683 0.0000 176.2062 9.7359 222.1584 1.5183 1.6008 3.6023 -23.6238 1.3780 25.2007 -1.5134 0.0039
Car 0.0000 0 0.6237 0.0000 164.2483 16.3776 196.1011 1.5810 1.6806 4.2097 -33.0035 0.7758 36.1556 -0.1099 0.0039
Car 0.0000 0 3.2032 0.0000 0.0000 1224.0000 370.0000 1.5125 1.6318 3.6300 -22.1641 1.6161 1.8656 1.7324 0.0039
Car 0.0000 0 0.1886 0.0000 174.4187 6.9452 218.3163 1.5175 1.5547 3.7920 -24.7109 1.3088 26.1051 -0.5615 0.0039
Car 0.0000 0 -2.0498 633.8102 152.4573 691.3468 183.6938 1.7585 1.7437 4.0227 3.3523 0.1812 41.9907 -1.9688 0.0039
Car 0.0000 0 -0.2969 0.0000 0.0000 1224.0000 370.0000 1.4720 1.5237 3.6864 -18.5557 1.5424 0.4853 -1.8225 0.0038
Car 0.0000 0 0.1602 0.0000 172.5114 11.7334 217.5658 1.5540 1.6119 3.9967 -24.6882 1.2800 26.1617 -0.5883 0.0038
Car 0.0000 0 0.5390 0.0000 167.7991 9.1364 199.1277 1.5255 1.8200 3.9626 -32.9556 0.9085 35.7101 -0.2000 0.0038
Cyclist 0.0000 0 1.3813 788.0543 162.2403 804.4515 189.2315 1.7228 0.7171 1.7162 12.4350 0.5587 46.0069 1.6453 0.0038
Car 0.0000 0 0.5129 0.0000 0.0000 1224.0000 370.0000 1.4847 1.7831 3.7452 -21.7735 1.6589 1.8356 -0.9575 0.0037
Car 0.0000 0 -2.8953 0.0000 0.0000 1224.0000 370.0000 1.6798 1.7259 3.4820 5.8644 1.6475 -0.2243 -1.3398 0.0037
Car 0.0000 0 0.1683 646.5878 155.2763 715.1639 182.2648 1.5013 1.7050 3.6864 4.3705 0.0996 40.6496 0.2765 0.0037
Car 0.0000 0 -0.8421 0.0000 0.0000 1224.0000 370.0000 1.4229 1.5852 3.1805 -19.0903 1.6901 1.3301 -2.3249 0.0037
Car 0.0000 0 -0.7529 0.0000 164.4647 9.0694 199.3724 1.6189 1.6910 3.9087 -31.9367 0.8767 34.8034 -1.4890 0.0037
Car 0.0000 0 1.4077 0.0000 0.0000 1224.0000 370.0000 1.6019 1.5118 4.0137 -5.5864 1.6979 -0.2219 -0.1434 0.0037
Car 0.0000 0 0.0479 665.2449 151.1514 740.2258 181.7820 1.7004 1.7605 4.1680 5.6129 0.0726 40.4981 0.1865 0.0037
Car 0.0000 0 0.2462 0.0000 172.9561 9.6861 218.8508 1.5900 1.6082 3.9996 -24.8240 1.3302 26.1617 -0.5051 0.0036
Car 0.0000 0 -1.0179 0.0000 0.0000 1224.0000 370.0000 1.5000 1.6144 3.6570 -19.7110 1.6775 1.4910 -2.4954 0.0036
Car 0.0000 0 0.0414 0.0000 0.0000 1224.0000 370.0000 1.4726 1.6375 3.7554 -19.5095 1.6629 0.6821 -1.4763 0.0036
Car 0.0000 0 0.2549 643.2092 156.6399 716.4422 183.6603 1.4981 1.6283 3.9023 4.2982 0.1766 40.6474 0.3614 0.0036
Car 0.0000 0 -2.9698 597.8896 155.0796 682.9325 184.3595 1.6460 1.7279 4.7120 2.0712 0.2184 41.1079 -2.9179 0.0036
Car 0.0000 0 -1.0677 1218.2366 158.8191 1224.0000 220.1007 1.6007 1.6532 4.4930 19.7455 1.0359 19.9026 -0.2927 0.0035
Car 0.0000 0 -3.3290 1105.4360 154.7443 1224.0000 217.6720 1.6371 1.6512 4.2915 16.9583 0.9686 20.1516 -2.6355 0.0035
Car 0.0000 0 3.0703 599.3991 155.2487 683.9683 184.9498 1.6758 1.7551 4.7606 2.0605 0.2525 40.8113 3.1223 0.0035
Car 0.0000 0 -1.9387 634.0735 152.1052 685.4288 183.2266 1.7542 1.7742 3.8293 3.1844 0.1551 41.9366 -1.8616 0.0035
Car 0.0000 0 2.8560 597.9865 154.2718 679.7263 184.0296 1.6443 1.7327 4.3556 1.9085 0.1964 40.4174 2.9048 0.0035
Car 0.0000 0 -1.4310 1218.1182 151.5141 1224.0000 217.6049 1.7042 1.7420 4.0891 19.0868 0.9584 20.1896 -0.6800 0.0035
Car 0.0000 0 0.2632 0.0000 177.0889 9.5613 221.0250 1.5205 1.6267 3.9574 -24.7692 1.4039 26.1095 -0.4881 0.0035
Car 0.0000 0 -0.4446 0.0000 89.0834 281.9838 370.0000 2.1004 2.1268 5.5297 -6.5448 1.5136 7.5034 -1.1392 0.0035
Car 0.0000 0 0.8815 0.0000 168.4041 9.5246 197.8988 1.4559 1.7924 4.0443 -33.0306 0.8603 36.0771 0.1464 0.0034
Car 0.0000 0 -1.6454 658.0940 152.3311 691.9587 183.6775 1.7705 1.7018 3.9826 4.1002 0.1809 41.9405 -1.5467 0.0034
Car 0.0000 0 -1.3110 665.6410 150.2833 711.2089 182.0411 1.7660 1.6907 3.9601 4.9356 0.0871 41.4649 -1.1915 0.0034
Car 0.0000 0 -1.8220 645.4029 152.5721 691.2906 184.0977 1.7808 1.7630 4.0494 3.7040 0.2046 42.0747 -1.7329 0.0034
Car 0.0000 0 0.2113 0.0000 172.8710 12.3337 218.0343 1.5532 1.6308 4.2265 -24.7945 1.2924 26.0982 -0.5406 0.0034
Car 0.0000 0 0.1767 0.0000 176.7719 10.0619 219.9570 1.4979 1.5457 3.6385 -24.5218 1.3701 26.1507 -0.5687 0.0033
Car 0.0000 0 -1.4697 663.4958 152.6852 698.8135 184.0778 1.7561 1.6828 3.8631 4.5189 0.2015 41.6120 -1.3604 0.0033
Car 0.0000 0 -2.0858 1202.9535 151.0670 1224.0000 218.4722 1.7199 1.7562 4.2475 19.4139 0.9705 20.3084 -1.3292 0.0033
Car 0.0000 0 1.6596 0.0000 172.1415 42.0297 211.8725 1.4728 1.6232 4.1202 -23.8261 1.1645 28.3619 0.9683 0.0033
Car 0.0000 0 -2.7150 602.5172 154.0233 689.6994 184.7370 1.7174 1.7588 4.8025 2.3812 0.2383 41.4293 -2.6560 0.0033
Car 0.0000 0 -0.0145 0.0000 171.3477 17.6368 218.1180 1.6204 1.5914 3.6111 -24.2870 1.3048 26.3061 -0.7522 0.0033
Car 0.0000 0 -0.0176 0.0000 0.0000 1224.0000 370.0000 1.4613 1.5033 2.9656 -18.3519 1.6947 1.3050 -1.4983 0.0032
Car 0.0000 0 -2.0703 1178.5801 152.2548 1224.0000 219.0387 1.7290 1.7357 4.5369 19.0368 0.9993 20.7091 -1.3330 0.0032
Car 0.0000 0 -2.0680 1209.8511 151.8756 1224.0000 218.4508 1.6973 1.6890 4.1384 19.4619 0.9691 20.2385 -1.3084 0.0032
Car 0.0000 0 -2.6053 615.5865 153.9824 695.3557 185.1794 1.7461 1.6800 4.4369 2.9254 0.2633 41.5251 -2.5336 0.0032
Car 0.0000 0 -1.1159 1223.6715 154.5703 1224.0000 219.1516 1.6740 1.6769 4.2255 19.6559 1.0035 19.8189 -0.3411 0.0032
Car 0.0000 0 -0.6100 0.0000 177.6794 8.9612 222.8510 1.5098 1.5722 3.3502 -23.8326 1.4171 25.4318 -1.3550 0.0031
Car 0.0000 0 -2.7701 0.0000 0.0000 1224.0000 370.0000 1.5441 1.6997 3.6305 20.3806 0.4416 -0.0902 -1.2095 0.0031
Car 0.0000 0 2.0724 182.5832 195.3477 273.3969 238.0145 1.4604 1.5750 3.5055 -14.4166 2.0702 27.1941 1.5912 0.0031
Car 0.0000 0 -3.1409 611.4901 154.1369 687.5142 183.0938 1.6362 1.7438 4.3019 2.5639 0.1480 40.9569 -3.0769 0.0031
Car 0.0000 0 -0.3873 0.0000 0.0000 1224.0000 370.0000 1.5083 1.6337 3.7747 -30.6862 0.7702 1.7480 -1.8889 0.0031
Car 0.0000 0 -3.4111 1100.4072 152.5502 1224.0000 217.8613 1.7003 1.6340 4.4178 16.8587 0.9742 20.0544 -2.7182 0.0031
Car 0.0000 0 -2.7769 615.9738 153.9684 693.5731 184.1002 1.6884 1.7407 4.1735 2.8946 0.2031 41.2831 -2.7055 0.0031
Car 0.0000 0 -1.7224 1204.2212 152.4147 1224.0000 216.0976 1.6635 1.6784 3.8265 18.7593 0.9314 20.5233 -0.9880 0.0031
Car 0.0000 0 -3.1674 603.5816 154.4246 684.9621 183.9926 1.6729 1.7334 4.6065 2.2397 0.1990 40.9341 -3.1111 0.0031
Car 0.0000 0 -3.2668 1101.2626 155.1095 1224.0000 219.0035 1.6584 1.6897 4.5427 17.0244 1.0010 20.2797 -2.5746 0.0030
Car 0.0000 0 -1.8747 646.3563 152.1104 693.4821 184.0607 1.7975 1.6734 3.9354 3.7809 0.2017 41.8731 -1.7833 0.0030
Car 0.0000 0 2.8641 600.9219 155.3785 682.9869 184.5931 1.6175 1.7091 4.3898 2.0872 0.2280 40.4627 2.9172 0.0030
Car 0.0000 0 1.1947 986.9684 171.5073 1132.8834 236.3958 1.4125 1.6476 3.9338 10.9900 1.2184 17.4684 1.7497 0.0030
Cyclist 0.0000 0 -1.2562 0.0000 175.5965 16.6984 226.0626 1.5131 0.3716 1.3135 -18.7248 1.3676 21.8725 -1.9553 0.0030
Car 0.0000 0 0.6212 121.6599 186.2702 261.2063 228.5583 1.4958 1.8151 4.2493 -15.4162 1.7221 26.4231 0.0999 0.0030
Car 0.0000 0 -2.1597 1203.5266 153.9577 1224.0000 218.1191 1.6292 1.6883 3.9122 19.1745 0.9568 20.0185 -1.4021 0.0030
Car 0.0000 0 -2.9739 624.5887 155.3127 696.4822 183.4724 1.5799 1.6994 3.9242 3.2285 0.1682 40.9690 -2.8939 0.0030
Car 0.0000 0 -2.2254 1179.1455 152.2792 1224.0000 216.9742 1.6845 1.6812 4.2279 19.1105 0.9513 20.5844 -1.4832 0.0030
Car 0.0000 0 -0.3522 0.0000 0.0000 1224.0000 370.0000 1.4069 1.5501 3.5830 -19.1826 1.6749 0.9488 -1.8552 0.0030
Car 0.0000 0 -2.8951 607.0540 153.8369 691.3109 184.3451 1.7161 1.7483 4.6260 2.5822 0.2177 41.3057 -2.8312 0.0030
Car 0.0000 0 -0.3641 0.0000 0.0000 1224.0000 370.0000 1.4422 1.4678 2.8558 -18.7986 1.6937 1.2803 -1.8482 0.0030
Car 0.0000 0 2.5679 0.0000 0.0000 1224.0000 370.0000 1.4481 1.6049 3.8979 -23.9729 1.7135 1.9494 1.0932 0.0029
Car 0.0000 0 3.0888 602.3002 154.4068 681.5817 184.0358 1.6750 1.7399 4.4821 2.0796 0.2013 40.8364 3.1412 0.0029
Car 0.0000 0 -1.8529 808.4500 153.8945 859.5411 184.5636 1.6774 1.7016 4.1494 13.1207 0.2237 40.7640 -1.5420 0.0029
Car 0.0000 0 2.3742 0.0000 0.0000 1224.0000 370.0000 1.5278 1.6676 4.1884 -24.1257 1.6126 1.9662 0.8996 0.0029
Car 0.0000 0 -2.6613 605.9524 153.8359 690.5903 185.0786 1.7485 1.7313 4.6911 2.5065 0.2576 41.5162 -2.5995 0.0029
Car 0.0000 0 -1.6585 659.5224 152.6028 692.9159 184.0226 1.7717 1.6358 3.7376 4.1546 0.2000 41.7435 -1.5581 0.0028
Car 0.0000 0 1.5206 0.0000 179.2280 1.4566 232.0465 1.5391 1.6351 4.0946 -20.6226 1.5036 22.6280 0.7903 0.0028
Car 0.0000 0 -2.7059 0.0000 0.0000 1224.0000 370.0000 1.5232 1.6713 3.5321 20.7810 0.0462 0.8417 -1.1899 0.0028
Car 0.0000 0 1.9620 0.0000 172.1657 26.8138 231.2927 1.6647 1.7629 3.6893 -19.8558 1.4316 21.9333 1.2352 0.0028
Car 0.0000 0 2.3603 0.0000 0.0000 1224.0000 370.0000 1.5344 1.8240 4.5220 -24.3478 1.6546 1.8122 0.8786 0.0028
Car 0.0000 0 1.2268 1210.8751 150.6716 1224.0000 221.3527 1.6323 1.6619 4.5051 17.9239 0.9451 18.7203 1.9836 0.0028
Car 0.0000 0 0.4858 128.4687 192.1496 262.8508 234.2778 1.4884 1.7564 3.9957 -15.2427 1.9409 26.4326 -0.0305 0.0028
Car 0.0000 0 2.4392 0.0000 0.0000 1224.0000 370.0000 1.5115 1.7768 4.0133 -24.4637 1.7025 1.2468 0.9341 0.0028
Car 0.0000 0 -2.6767 607.0832 153.3609 691.1203 185.1480 1.7810 1.7334 4.6417 2.5591 0.2618 41.5280 -2.6136 0.0027
Car 0.0000 0 1.0708 976.9305 176.4230 1139.7485 239.4944 1.3878 1.6538 3.9783 11.0056 1.2997 17.5830 1.6236 0.0027
Car 0.0000 0 -1.2482 1205.6799 156.0286 1224.0000 219.9248 1.6561 1.7251 4.0681 19.0235 1.0234 20.0468 -0.4953 0.0027
Car 0.0000 0 0.2280 654.5898 152.6956 728.6326 181.2625 1.5795 1.7159 3.9308 4.9693 0.0436 40.5693 0.3510 0.0027
Car 0.0000 0 -2.9156 0.0000 0.0000 1224.0000 370.0000 1.4665 1.6795 3.4717 20.7695 0.1314 0.5303 -1.3846 0.0026
Car 0.0000 0 -2.9682 599.3529 154.5303 686.6503 185.2187 1.7270 1.7645 4.8469 2.2265 0.2669 41.1947 -2.9127 0.0026
Car 0.0000 0 -0.9433 1206.3070 155.1068 1224.0000 218.3656 1.6640 1.6716 4.4470 19.5169 0.9976 19.7961 -0.1714 0.0026
Car 0.0000 0 -2.9048 602.1830 154.7951 687.9923 185.1047 1.7040 1.7479 4.7221 2.3423 0.2603 41.2674 -2.8466 0.0026
Car 0.0000 0 -2.2102 1172.3657 151.9712 1224.0000 218.4163 1.7285 1.6991 4.4372 19.0333 0.9879 20.6794 -1.4722 0.0026
Car 0.0000 0 2.3806 0.0000 0.0000 1224.0000 370.0000 1.5142 1.8611 4.4540 -24.3105 1.6347 1.4344 0.8836 0.0026
Car 0.0000 0 -1.0191 1223.7782 158.3650 1224.0000 221.0135 1.6193 1.7509 4.5309 19.8562 1.0487 19.6488 -0.2349 0.0026
Car 0.0000 0 2.6078 0.0000 0.0000 1224.0000 370.0000 1.5028 1.7233 4.6400 -24.0812 1.6592 1.7276 1.1236 0.0024
Car 0.0000 0 -1.8035 1187.0176 152.4006 1224.0000 217.8766 1.7022 1.6923 4.2193 18.5642 0.9733 20.6356 -1.0770 0.0024
Car 0.0000 0 -3.5072 1099.8739 155.1846 1224.0000 217.6483 1.6335 1.6627 4.3519 16.7830 0.9731 19.9715 -2.8146 0.0024
Car 0.0000 0 -0.9335 1220.1204 155.5450 1224.0000 217.8892 1.6446 1.7221 4.3204 19.9390 0.9879 19.8241 -0.1516 0.0024
Car 0.0000 0 -0.5211 944.0107 175.3153 1186.4236 241.4821 1.4904 1.7188 4.6181 10.7846 1.3752 16.8739 0.0406 0.0024
Car 0.0000 0 -0.0036 0.0000 0.0000 1224.0000 370.0000 1.3886 1.5380 3.3111 -18.2849 1.7154 1.7066 -1.4623 0.0024
Car 0.0000 0 -2.1360 1184.6233 150.6494 1224.0000 216.5725 1.7057 1.7074 4.3138 19.1520 0.9349 20.5632 -1.3922 0.0023
Cyclist 0.0000 0 -1.3725 0.0000 159.4762 25.9143 250.7266 1.7544 0.3879 1.7029 -12.3181 1.3518 14.4303 -2.0664 0.0023
Car 0.0000 0 1.4555 0.0000 178.8958 11.6757 233.6758 1.5658 1.7430 4.2072 -20.2371 1.5216 22.2542 0.7264 0.0023
Car 0.0000 0 -1.5525 667.8457 152.4772 697.7688 183.3324 1.7240 1.6664 3.8783 4.5987 0.1596 41.5302 -1.4411 0.0022
Car 0.0000 0 -0.9015 1215.7490 153.8391 1224.0000 217.6524 1.6871 1.7140 4.4437 19.8912 0.9838 19.8051 -0.1204 0.0022
Car 0.0000 0 -2.9878 0.0000 0.0000 1224.0000 370.0000 1.5046 1.6526 3.5069 20.4161 0.4344 0.1913 -1.4409 0.0022
Car 0.0000 0 2.3590 0.0000 0.0000 1224.0000 370.0000 1.5010 1.7422 4.1877 -24.1198 1.6341 1.9084 0.8820 0.0022
Car 0.0000 0 -1.8284 1184.8463 152.1384 1224.0000 217.8692 1.7112 1.6970 4.2405 18.5951 0.9744 20.6769 -1.1020 0.0021
Car 0.0000 0 2.4629 0.0000 0.0000 1224.0000 370.0000 1.5288 1.8137 4.1142 -24.3033 1.6773 1.6480 0.9747 0.0021
Car 0.0000 0 -1.9300 643.7537 153.2199 693.3163 184.1583 1.7476 1.7002 3.8000 3.7117 0.2080 41.9926 -1.8405 0.0021
Car 0.0000 0 -0.9923 1216.1595 152.0311 1224.0000 217.6691 1.7266 1.6850 4.2727 19.7319 0.9793 19.8760 -0.2169 0.0021
Car 0.0000 0 -2.6446 0.0000 0.0000 1224.0000 370.0000 1.5636 1.6298 3.8437 20.8783 0.0844 1.3126 -1.1507 0.0021
Car 0.0000 0 2.3990 0.0000 0.0000 1224.0000 370.0000 1.4885 1.7882 4.2888 -24.1610 1.6339 1.8512 0.9196 0.0021
Car 0.0000 0 -2.6751 0.0000 0.0000 1224.0000 370.0000 1.5757 1.6186 3.9749 20.8595 0.1082 1.7299 -1.2012 0.0020
Car 0.0000 0 -1.7376 658.0682 153.3353 697.1011 184.1666 1.7291 1.6652 3.8456 4.2153 0.2070 41.6204 -1.6354 0.0020
Car 0.0000 0 1.3126 994.4774 176.5739 1128.1056 246.1278 1.4536 1.6515 4.0394 10.6945 1.3732 16.9445 1.8688 0.0020
Car 0.0000 0 -0.5584 0.0000 174.5703 11.5994 223.8553 1.6424 1.5669 3.6620 -24.0024 1.4463 25.5296 -1.3050 0.0020
Cyclist 0.0000 0 -1.3170 0.0000 169.5924 21.3312 225.1389 1.7007 0.4150 1.7619 -19.1719 1.3683 22.5282 -2.0133 0.0019
Cyclist 0.0000 0 -1.0251 0.0000 171.4940 37.4288 224.3479 1.6013 0.4186 1.8247 -18.7988 1.3300 22.3489 -1.7156 0.0019
Car 0.0000 0 -1.6430 666.8864 153.0003 701.4363 183.1846 1.6846 1.7340 3.8183 4.5813 0.1512 41.3970 -1.5317 0.0019
Car 0.0000 0 1.1389 986.5370 169.7443 1150.9769 238.3927 1.4634 1.7081 4.1614 11.0214 1.2358 17.2418 1.7009 0.0018
Car 0.0000 0 2.3942 945.1168 169.1426 1142.6038 235.0348 1.4834 1.5483 4.1166 10.5203 1.2293 17.0837 2.9395 0.0018
Pedestrian 0.0000 0 -0.0625 743.1749 158.9492 756.8909 181.5265 1.8806 0.7367 1.0832 12.1834 0.0867 59.3298 0.1408 0.0018
Car 0.0000 0 -0.5344 952.0089 174.2374 1175.8726 235.4741 1.4043 1.8214 4.2321 10.9609 1.2623 17.1761 0.0269 0.0018
Car 0.0000 0 3.0106 630.1074 158.6489 721.3834 186.1771 1.5291 1.7994 4.9757 3.9665 0.3167 40.2478 3.1100 0.0017
Car 0.0000 0 -0.7295 1115.3177 159.6645 1224.0000 221.9100 1.6039 1.6780 4.0348 16.3654 1.0686 19.1085 -0.0279 0.0017
Pedestrian 0.0000 0 -0.2172 742.9855 158.8190 756.7101 181.2344 1.8701 0.7180 0.9970 12.1728 0.0625 59.3497 -0.0141 0.0017
Car 0.0000 0 1.3491 991.3092 179.0354 1104.9470 242.5621 1.3767 1.5022 3.8528 10.6938 1.3466 17.3831 1.8940 0.0017
Cyclist 0.0000 0 -1.1254 0.0000 167.3616 21.4767 258.1766 1.7345 0.3424 1.7793 -12.6129 1.4852 14.4030 -1.8319 0.0017
Car 0.0000 0 -2.9498 0.0000 0.0000 1224.0000 370.0000 1.5462 1.8297 4.2012 19.9779 0.2296 1.8126 -1.4842 0.0017
Car 0.0000 0 -3.0007 0.0000 0.0000 1224.0000 370.0000 1.4612 1.6577 3.3839 20.4552 0.0979 0.6134 -1.4744 0.0016
Car 0.0000 0 -2.8703 0.0000 0.0000 1224.0000 370.0000 1.5824 1.7885 4.5617 19.3823 0.2413 1.9567 -1.4153 0.0016
Car 0.0000 0 -2.8707 0.0000 0.0000 1224.0000 370.0000 1.5626 1.6946 3.9636 20.4933 0.1058 1.8656 -1.4050 0.0016
Car 0.0000 0 1.1617 973.7744 176.2758 1146.5090 250.4224 1.4980 1.7057 4.4557 10.3697 1.4143 16.6058 1.7130 0.0015
Car 0.0000 0 2.0031 0.0000 0.0000 1224.0000 370.0000 1.4873 1.8815 4.3648 -29.9235 1.3060 -0.0622 0.4427 0.0015
Car 0.0000 0 1.4211 998.4474 177.5958 1102.0470 243.4040 1.4095 1.5150 3.9005 10.6622 1.3489 17.2302 1.9686 0.0015
Car 0.0000 0 -1.7573 1193.2260 151.6871 1224.0000 216.5203 1.6937 1.6928 4.1053 18.6550 0.9426 20.6611 -1.0289 0.0015
Car 0.0000 0 -2.9010 0.0000 0.0000 1224.0000 370.0000 1.5073 1.7168 3.5531 20.4855 0.1032 1.0407 -1.3955 0.0015
Car 0.0000 0 -3.1207 0.0000 0.0000 1224.0000 370.0000 1.4392 1.6615 3.5245 20.4888 0.1479 0.2871 -1.5784 0.0015
Cyclist 0.0000 0 -1.0955 0.0000 157.5163 34.4184 253.0337 1.8016 0.4015 1.9385 -12.3795 1.3697 14.3206 -1.7955 0.0014
Car 0.0000 0 -0.5762 0.0000 81.9584 267.6084 370.0000 2.0065 2.1138 5.7670 -6.4839 1.4325 7.1896 -1.2863 0.0014
Pedestrian 0.0000 0 -0.3636 0.0000 168.9605 19.5459 262.5230 1.7752 0.4548 0.6483 -11.9758 1.5579 13.8037 -1.0651 0.0014
Car 0.0000 0 1.1028 971.6067 180.5627 1120.1025 243.6423 1.3907 1.4717 3.9308 10.7285 1.3941 17.6010 1.6438 0.0013
Car 0.0000 0 -3.0264 0.0000 0.0000 1224.0000 370.0000 1.5245 1.5474 3.4069 20.1745 0.4990 -0.0178 -1.4694 0.0013
Car 0.0000 0 1.3432 992.3004 178.2750 1116.1803 246.7105 1.4507 1.5959 4.0888 10.6852 1.4051 17.1745 1.8930 0.0013
Pedestrian 0.0000 0 -1.6589 840.5396 179.0158 870.7054 244.3903 1.6079 0.6540 0.6749 6.2622 1.5730 17.7917 -1.3245 0.0012
Pedestrian 0.0000 0 0.8681 8.0487 172.5403 57.6363 248.8636 1.5104 0.4160 0.7175 -11.5821 1.3545 14.2616 0.1988 0.0011
Car 0.0000 0 -1.6385 0.0000 0.0000 1224.0000 370.0000 1.4760 1.7999 3.8392 20.9889 0.4512 -0.1192 -0.0762 0.0011
Car 0.0000 0 -1.6505 0.0000 0.0000 1224.0000 370.0000 1.5085 1.7586 3.6867 20.3103 0.5014 -0.1399 -0.0874 0.0011
Car 0.0000 0 0.8773 1211.5160 147.3825 1224.0000 223.3448 1.6798 1.6182 4.9942 18.3528 0.9491 18.1895 1.6600 0.0011
Car 0.0000 0 -1.6459 0.0000 0.0000 1224.0000 370.0000 1.4645 1.7838 3.6750 20.6411 0.4362 -0.1252 -0.0834 0.0010
Car 0.0000 0 -1.9740 653.2888 153.4822 705.4661 183.8108 1.6862 1.6870 3.7684 4.2867 0.1855 41.3539 -1.8696 0.0010
Cyclist 0.0000 0 1.1816 660.7794 154.3519 682.4521 187.7460 1.8513 0.5534 1.8791 3.7646 0.4031 40.1725 1.2762 0.0010
Car 0.0000 0 -3.1129 0.0000 0.0000 1224.0000 370.0000 1.4539 1.7145 3.4267 20.0687 0.2059 0.4526 -1.5795 0.0010
Car 0.0000 0 2.3811 1181.3812 152.1410 1224.0000 209.4951 1.4958 1.4484 4.1651 18.2651 0.7578 19.1716 3.1357 0.0009
Car 0.0000 0 2.2808 944.3082 172.8500 1119.8361 239.0219 1.4762 1.4210 3.9402 10.2714 1.3072 17.0722 2.8159 0.0009
Cyclist 0.0000 0 1.4399 666.3152 152.7699 681.1624 186.3785 1.8500 0.6067 1.7577 3.8522 0.3250 39.8029 1.5376 0.0009
Pedestrian 0.0000 0 -0.3852 0.0000 156.9666 31.3803 247.6931 1.7645 0.4708 0.5959 -11.9718 1.3084 14.1199 -1.0755 0.0009
Car 0.0000 0 -2.6653 0.0000 0.0000 1224.0000 370.0000 1.4830 1.7312 3.8151 19.3007 0.2887 1.0815 -1.1659 0.0009
Pedestrian 0.0000 0 -0.5506 0.0000 154.8634 31.1102 247.0669 1.7920 0.4965 0.5944 -11.9832 1.2954 14.0983 -1.2421 0.0008
Car 0.0000 0 0.9999 930.1694 178.9533 1099.1423 245.6547 1.4313 1.6269 3.9601 9.6975 1.3997 17.1951 1.5071 0.0008
Car 0.0000 0 -2.8987 0.0000 0.0000 1224.0000 370.0000 1.4550 1.7308 3.5027 19.4420 0.2624 0.7847 -1.3835 0.0008
Car 0.0000 0 -3.1582 0.0000 0.0000 1224.0000 370.0000 1.4519 1.6551 3.6481 20.2843 0.3005 0.1321 -1.6086 0.0008
Cyclist 0.0000 0 0.4253 663.5843 148.9642 704.2239 185.4973 1.9961 0.8171 2.1079 4.3961 0.2744 39.5179 0.5372 0.0008
Car 0.0000 0 -2.8903 0.0000 0.0000 1224.0000 370.0000 1.4533 1.8306 3.6498 19.9148 0.2772 0.8299 -1.3761 0.0007
Pedestrian 0.0000 0 -1.7411 669.6824 158.9517 684.7271 189.5595 1.7113 0.7465 0.6374 4.0603 0.5079 39.8701 -1.6386 0.0007
Pedestrian 0.0000 0 -1.7894 669.1860 159.2059 684.6000 189.8182 1.7127 0.7562 0.5840 4.0448 0.5227 39.8860 -1.6872 0.0007
Cyclist 0.0000 0 0.0178 667.9887 146.9151 703.1617 183.5968 2.0490 0.7759 1.9585 4.5545 0.1744 40.0034 0.1322 0.0007
Cyclist 0.0000 0 2.8573 664.2074 150.2997 696.8307 184.0216 1.9084 0.6867 1.7350 4.3141 0.2007 40.4995 2.9645 0.0007
Car 0.0000 0 1.3331 982.2906 179.9340 1115.5614 250.9281 1.4791 1.6777 4.3299 10.4471 1.4690 17.0432 1.8763 0.0007
Car 0.0000 0 1.3030 972.3580 180.9286 1107.3824 250.2863 1.4596 1.6036 4.5071 10.3705 1.4731 17.2884 1.8368 0.0006
Cyclist 0.0000 0 -1.1005 0.0000 163.7568 70.9868 249.4209 1.6803 0.4569 1.7882 -11.9554 1.3535 14.7853 -1.7681 0.0006
Cyclist 0.0000 0 0.3526 0.0000 0.0000 1224.0000 370.0000 1.7501 0.6344 2.1478 19.3998 0.3913 0.3670 1.8891 0.0006
Car 0.0000 0 1.2847 975.3478 181.3706 1117.3060 252.3928 1.4812 1.6924 4.3204 10.4075 1.5067 17.1006 1.8247 0.0006
Pedestrian 0.0000 0 -1.3547 670.2532 159.6101 686.2568 189.8022 1.6739 0.7669 0.6686 4.0999 0.5171 39.6319 -1.2505 0.0005
Pedestrian 0.0000 0 -1.5083 666.1313 158.7567 679.1997 190.5539 1.7766 0.6968 0.6093 3.8084 0.5631 39.8563 -1.4120 0.0005
Car 0.0000 0 -3.0531 0.0000 0.0000 1224.0000 370.0000 1.4638 1.6972 3.7728 19.5859 0.3208 0.3622 -1.5161 0.0005
Pedestrian 0.0000 0 -1.4068 670.3080 159.7370 686.2153 189.8049 1.6667 0.7866 0.6783 4.0993 0.5172 39.6197 -1.3026 0.0005
Cyclist 0.0000 0 -0.0082 663.8519 150.7104 700.4247 185.9887 1.9692 0.7402 2.0345 4.3426 0.3078 39.9325 0.1012 0.0005
Pedestrian 0.0000 0 -1.5137 665.8532 158.1850 679.3747 190.5400 1.8057 0.7211 0.6810 3.8049 0.5617 39.8462 -1.4174 0.0005
Cyclist 0.0000 0 -1.2045 0.0000 168.0205 13.5156 223.5210 1.6579 0.4380 1.7853 -19.1388 1.2867 22.0310 -1.9108 0.0004
Pedestrian 0.0000 0 -1.4624 666.2830 161.5544 680.1716 191.5400 1.6620 0.7021 0.7072 3.8156 0.6133 39.6024 -1.3652 0.0004
Cyclist 0.0000 0 0.3420 0.0000 0.0000 1224.0000 370.0000 1.6430 0.6983 1.7739 19.5260 0.5789 -0.1171 1.9035 0.0004
Pedestrian 0.0000 0 -1.5003 666.3727 161.5487 679.5265 191.6872 1.6720 0.6850 0.7229 3.8033 0.6220 39.6346 -1.4036 0.0004
Cyclist 0.0000 0 -0.6884 0.0000 159.5259 77.2326 253.8207 1.7907 0.4608 1.9577 -11.9183 1.3940 14.4274 -1.3662 0.0004
Cyclist 0.0000 0 -0.0643 654.4753 151.2770 696.8950 186.3330 1.9600 0.6885 2.3430 3.9705 0.3275 39.9134 0.0360 0.0003
Cyclist 0.0000 0 -0.8880 0.0000 166.1737 11.8180 263.9966 1.7935 0.4308 1.4541 -12.3377 1.5325 13.6926 -1.6081 0.0003
Pedestrian 0.0000 0 -1.8639 266.5976 170.9165 306.0299 253.9672 1.6729 0.5974 0.6123 -6.6541 1.4815 14.6639 -2.2800 0.0003
Pedestrian 0.0000 0 -1.7889 267.0732 168.3772 305.4838 251.8842 1.6812 0.6132 0.6034 -6.6513 1.4388 14.6547 -2.2051 0.0002
Cyclist 0.0000 0 -1.4072 265.0778 176.7565 303.1774 259.1852 1.6079 0.4710 1.4733 -6.6303 1.5365 14.5594 -1.8246 0.0001