Pedestrian 0.0000 0 2.9104 702.2004 134.0439 811.2262 305.9370 2.0647 0.5997 1.2191 1.8203 1.5084 8.8073 3.1089 0.8569
Pedestrian 0.0000 0 2.9271 704.4506 132.9680 807.3174 304.3317 2.0581 0.6161 1.1433 1.8093 1.4889 8.8046 3.1246 0.8428
Pedestrian 0.0000 0 2.9164 701.7460 134.7364 811.3342 305.7104 2.0532 0.5947 1.2280 1.8163 1.5053 8.7995 3.1146 0.7865
Pedestrian 0.0000 0 2.9205 704.8006 135.2377 806.7152 305.1841 2.0410 0.5852 1.1348 1.8066 1.4991 8.7924 3.1179 0.7504
Pedestrian 0.0000 0 2.9185 703.5202 136.3080 819.7338 306.2047 2.0473 0.5970 1.3131 1.8836 1.5164 8.8255 3.1233 0.7148
Pedestrian 0.0000 0 2.9437 699.9581 136.7217 809.3120 305.1874 2.0281 0.6098 1.2332 1.7938 1.5028 8.8134 3.1394 0.7069
Pedestrian 0.0000 0 2.9026 708.9019 133.8595 812.3315 303.6153 2.0391 0.6190 1.1414 1.8716 1.4806 8.8176 3.1064 0.6799
Car 0.0000 0 -0.0281 0.0000 0.0000 1224.0000 370.0000 1.5129 1.5822 3.6860 1.7264 1.6040 -0.2699 1.5131 0.4140
Car 0.0000 0 0.0561 0.0000 0.0000 1224.0000 370.0000 1.4713 1.5667 3.6449 1.7020 1.6256 -0.0703 1.4808 0.4080
Car 0.0000 0 -1.8134 0.0000 0.0000 1224.0000 370.0000 1.5102 1.6122 4.2163 -2.5331 1.6968 0.5483 -3.0512 0.3973
Car 0.0000 0 4.4663 0.0000 0.0000 1224.0000 370.0000 1.5377 1.6201 4.3725 -2.5565 1.6977 0.0092 3.0265 0.3549
Car 0.0000 0 4.3756 0.0000 0.0000 1224.0000 370.0000 1.5582 1.6529 4.3090 -2.6221 1.7096 0.4421 3.0904 0.3528
Car 0.0000 0 -0.0063 0.0000 0.0000 1224.0000 370.0000 1.4961 1.5795 3.7013 1.8848 1.5957 -0.0948 1.4453 0.3265
Car 0.0000 0 4.5045 0.0000 0.0000 1224.0000 370.0000 1.5262 1.6058 4.3385 -2.4845 1.6869 0.0503 3.0846 0.3051
Car 0.0000 0 4.4986 0.0000 0.0000 1224.0000 370.0000 1.5720 1.6137 4.3556 -2.3613 1.6933 -0.1652 2.9962 0.2925
Car 0.0000 0 4.3742 0.0000 0.0000 1224.0000 370.0000 1.5748 1.6722 4.4691 -2.6788 1.7161 0.0723 2.9516 0.2736
Car 0.0000 0 0.1881 0.0000 0.0000 1224.0000 370.0000 1.4457 1.5325 3.6021 1.5724 1.6242 -0.0290 1.5753 0.2588
Car 0.0000 0 4.4142 0.0000 0.0000 1224.0000 370.0000 1.5743 1.6257 4.3885 -2.4389 1.6887 -0.1920 2.8988 0.2504
Car 0.0000 0 -4.1384 0.0000 0.0000 1224.0000 370.0000 1.4499 1.5916 3.7521 1.5969 1.6371 0.3288 -2.9537 0.2495
Car 0.0000 0 -0.8730 0.0000 0.0000 1044.0748 370.0000 1.5238 1.5647 3.6838 2.0054 1.6018 -0.1127 0.5946 0.2208
Car 0.0000 0 4.3549 211.2380 0.0000 1224.0000 370.0000 1.6020 1.6318 4.3555 -2.5873 1.7097 -0.1880 2.8379 0.2164
Car 0.0000 0 4.3769 0.0000 0.0000 1224.0000 370.0000 1.5720 1.6572 4.5171 -2.7780 1.6984 0.0797 2.9517 0.2125
Car 0.0000 0 -0.0695 0.0000 0.0000 1224.0000 370.0000 1.4597 1.5806 3.7445 1.9172 1.6234 0.0834 1.2938 0.2110
Car 0.0000 0 -0.8227 0.0000 0.0000 1224.0000 370.0000 1.4731 1.5342 3.4592 1.8101 1.5918 0.1744 0.4812 0.2008
Car 0.0000 0 -0.8254 0.0000 0.0000 865.9699 370.0000 1.5304 1.6058 3.8321 1.6947 1.6106 -0.0673 0.5969 0.1880
Car 0.0000 0 -0.1856 0.0000 0.0000 1224.0000 370.0000 1.5207 1.6036 3.7868 1.9767 1.5796 -0.1815 1.3149 0.1604
Car 0.0000 0 1.9631 0.0000 179.6118 13.3431 239.2816 1.5073 1.6450 4.1126 -18.7509 1.4865 20.0697 1.2213 0.1541
Car 0.0000 0 -0.9853 0.0000 0.0000 1224.0000 370.0000 1.4607 1.5141 3.2997 2.0328 1.6269 0.4888 0.2070 0.1515
Car 0.0000 0 0.5582 0.0000 0.0000 1224.0000 370.0000 1.4373 1.5753 4.0192 1.6309 1.6237 0.4229 1.7014 0.1450
Car 0.0000 0 -4.1154 0.0000 0.0000 1224.0000 370.0000 1.4785 1.5728 3.9633 1.2211 1.6584 0.3046 -3.0180 0.1403
Car 0.0000 0 -4.0865 0.0000 0.0000 1224.0000 370.0000 1.4645 1.6043 3.6580 1.7492 1.6193 0.1437 -2.7751 0.1362
Car 0.0000 0 1.9411 0.0000 179.1587 13.7730 239.5229 1.5325 1.6508 4.0599 -18.7423 1.5001 20.1369 1.2012 0.1355
Car 0.0000 0 0.4544 0.0000 0.0000 1224.0000 370.0000 1.4243 1.4863 3.6171 1.5237 1.6473 0.3131 1.6312 0.1293
Car 0.0000 0 2.5995 0.0000 0.0000 1224.0000 370.0000 1.5449 1.6048 4.0852 0.2476 1.5992 0.2506 3.0095 0.1288
Car 0.0000 0 -4.0494 0.0000 0.0000 1224.0000 370.0000 1.4995 1.6404 4.1904 0.9055 1.6259 0.2498 -3.0413 0.1272
Car 0.0000 0 0.3184 0.0000 0.0000 1224.0000 370.0000 1.4614 1.7234 3.9723 1.8841 1.6289 0.4232 1.5135 0.1244
Car 0.0000 0 -0.9673 0.0000 0.0000 1224.0000 370.0000 1.5096 1.5235 3.6304 2.1782 1.5692 -0.0960 0.5009 0.1208
Car 0.0000 0 4.3432 0.0000 0.0000 1224.0000 370.0000 1.5865 1.6376 4.2461 -2.7687 1.7243 -0.1234 2.8460 0.1205
Car 0.0000 0 3.7971 0.0000 0.0000 1224.0000 370.0000 1.5024 1.5755 4.2817 -0.3361 1.5921 0.0358 3.0489 0.1205
Pedestrian 0.0000 0 1.0768 1002.5295 215.7640 1096.4984 370.0000 1.1905 0.3633 0.5860 3.3320 1.4772 5.4115 1.6049 0.1194
Car 0.0000 0 0.3594 0.0000 0.0000 1224.0000 370.0000 1.4083 1.4975 3.5775 1.5469 1.6496 0.1278 1.6480 0.1188
Car 0.0000 0 -1.1428 174.6398 0.0000 1224.0000 370.0000 1.4679 1.5947 3.7922 1.6705 1.6281 1.0786 -0.2686 0.1173
Car 0.0000 0 1.2947 0.0000 0.0000 1224.0000 370.0000 1.4771 1.5778 4.1734 -2.2547 1.6944 0.5309 0.0877 0.1162
Car 0.0000 0 0.3542 197.7246 0.0000 1224.0000 370.0000 1.5236 1.5346 3.4552 -1.1433 1.6140 -0.1892 -1.0978 0.1115
Car 0.0000 0 0.3490 0.0000 0.0000 1224.0000 370.0000 1.4443 1.5775 3.8425 1.6205 1.6268 0.1475 1.6385 0.1088
Car 0.0000 0 0.5610 39.2989 0.0000 1224.0000 370.0000 1.4453 1.5613 3.7195 1.2368 1.6501 0.0497 1.8404 0.1060
Car 0.0000 0 2.2089 0.0000 0.0000 1224.0000 370.0000 1.5961 1.6402 4.1809 0.4000 1.5879 0.0894 2.9810 0.1025
Car 0.0000 0 0.6473 0.0000 0.0000 1224.0000 370.0000 1.4206 1.4998 3.4602 1.1999 1.6523 0.1837 1.8199 0.0997
Car 0.0000 0 -4.0302 0.0000 0.0000 1224.0000 370.0000 1.4683 1.5304 3.9637 1.5905 1.6746 0.6702 -3.0162 0.0964
Pedestrian 0.0000 0 -3.3499 854.9518 165.0417 893.6631 262.3022 1.6342 0.4849 0.5287 4.5785 1.3761 12.1529 -2.9964 0.0941
Car 0.0000 0 1.9191 0.0000 183.1589 11.8574 241.7590 1.4748 1.5745 4.0529 -18.7273 1.5604 20.1598 1.1801 0.0937
Car 0.0000 0 2.3999 0.0000 0.0000 1224.0000 370.0000 1.5244 1.6358 4.1793 0.5092 1.6256 0.2664 3.1141 0.0922
Car 0.0000 0 2.5001 0.0000 0.0000 1224.0000 370.0000 1.5180 1.6164 4.3383 0.3936 1.6556 0.3294 3.0445 0.0896
Car 0.0000 0 2.3678 0.0000 0.0000 1224.0000 370.0000 1.5386 1.6110 4.1079 0.4252 1.6123 0.2239 3.0306 0.0891
Car 0.0000 0 2.5483 0.0000 0.0000 1224.0000 370.0000 1.6192 1.6259 4.0646 0.1989 1.5610 0.1138 2.9792 0.0878
Car 0.0000 0 3.4772 0.0000 0.0000 1224.0000 370.0000 1.5135 1.5594 3.7870 -1.7719 1.6625 -0.3155 1.9125 0.0863
Car 0.0000 0 2.7378 0.0000 0.0000 1224.0000 370.0000 1.5069 1.6034 4.1915 0.3182 1.6216 0.4853 3.1149 0.0859
Car 0.0000 0 2.0058 0.0000 175.4828 15.7671 237.9509 1.5760 1.6747 4.1702 -18.7977 1.4510 20.0735 1.2629 0.0856
Car 0.0000 0 2.7416 0.0000 0.0000 1224.0000 370.0000 1.5396 1.6005 4.1566 0.0892 1.5859 0.2027 2.9132 0.0840
Car 0.0000 0 -1.2509 0.0000 0.0000 1224.0000 370.0000 1.4299 1.5316 3.3590 1.8770 1.6285 0.7753 -0.2080 0.0813
Car 0.0000 0 -2.1571 0.0000 0.0000 1224.0000 370.0000 1.4658 1.5392 3.9109 -1.0461 1.6454 0.4602 -3.0831 0.0790
Car 0.0000 0 -0.7855 0.0000 237.6041 1224.0000 370.0000 1.4926 1.5784 3.7766 1.4831 1.6518 1.1383 0.0088 0.0765
Car 0.0000 0 2.6994 0.0000 0.0000 1224.0000 370.0000 1.5046 1.5935 4.0624 0.3185 1.6260 0.3614 3.1369 0.0764
Car 0.0000 0 3.0860 0.0000 0.0000 1224.0000 370.0000 1.5784 1.6310 4.0630 -0.0582 1.5667 0.0259 2.9268 0.0739
Car 0.0000 0 1.6845 0.0000 182.6040 7.1841 242.5404 1.5020 1.6314 4.2664 -18.3174 1.5699 20.0806 0.9546 0.0710
Car 0.0000 0 2.9521 0.0000 0.0000 1224.0000 370.0000 1.4998 1.5649 4.0374 0.0490 1.6450 0.4749 3.0156 0.0709
Pedestrian 0.0000 0 2.5646 852.0841 163.0421 896.1822 262.0529 1.6573 0.4969 0.5184 4.5685 1.3667 12.1295 2.9180 0.0693
Car 0.0000 0 -1.1716 0.0000 0.0000 1224.0000 370.0000 1.4416 1.4950 3.4749 1.9292 1.6420 0.7582 -0.1102 0.0663
Cyclist 0.0000 0 0.0698 0.0000 0.0000 1224.0000 370.0000 1.6803 0.5124 1.9126 -1.0745 1.5548 0.0086 -1.1988 0.0660
Car 0.0000 0 -3.7130 0.0000 0.0000 1224.0000 370.0000 1.4893 1.5463 3.8172 0.7174 1.6603 0.6560 -3.0791 0.0628
Car 0.0000 0 3.2383 0.0000 0.0000 1224.0000 370.0000 1.5747 1.6459 3.8812 -0.1314 1.5988 -0.0233 2.8306 0.0626
Car 0.0000 0 4.2368 0.0000 0.0000 1224.0000 370.0000 1.5362 1.6106 4.2327 -1.5580 1.6469 -0.1331 2.7893 0.0610
Car 0.0000 0 3.1303 0.0000 0.0000 1224.0000 370.0000 1.5269 1.5539 4.1606 -0.0786 1.6126 0.5864 3.0467 0.0594
Pedestrian 0.0000 0 2.8095 47.9886 169.8996 100.6049 265.4058 1.6884 0.5150 0.6387 -9.7284 1.5026 12.9036 2.1770 0.0589
Car 0.0000 0 2.8946 0.0000 0.0000 1224.0000 370.0000 1.4973 1.5478 4.0703 0.2212 1.6266 0.6226 3.1265 0.0580
Car 0.0000 0 1.7235 0.0000 181.2992 9.2851 240.3235 1.4871 1.6811 4.2325 -18.3963 1.5139 20.0998 0.9919 0.0576
Pedestrian 0.0000 0 3.1086 52.8225 169.8048 97.9678 265.7397 1.6971 0.5230 0.6487 -9.7167 1.5095 12.9087 2.4769 0.0575
Car 0.0000 0 -1.1512 0.0000 184.8687 10.9071 242.0841 1.4485 1.5974 3.7458 -18.9067 1.5877 20.2341 -1.8932 0.0572
Car 0.0000 0 1.6579 0.0000 183.6966 9.8254 242.2137 1.4781 1.6174 4.1035 -18.2733 1.5807 20.2169 0.9325 0.0564
Car 0.0000 0 2.8436 0.0000 0.0000 1224.0000 370.0000 1.4522 1.4978 3.4729 -1.4447 1.6612 0.0237 1.5103 0.0563
Pedestrian 0.0000 0 0.1595 62.1418 169.8491 112.0429 266.1320 1.7059 0.5474 0.6526 -9.4920 1.5189 12.9127 -0.4610 0.0542
Car 0.0000 0 0.9051 0.0000 0.0000 1224.0000 370.0000 1.6001 1.6309 4.4960 -0.5723 1.6517 0.0067 -0.1404 0.0529
Car 0.0000 0 -4.0812 0.0000 0.0000 1224.0000 370.0000 1.5631 1.6642 4.3025 0.5708 1.6058 0.0521 -3.0904 0.0516
Car 0.0000 0 0.8511 0.0000 0.0000 1224.0000 370.0000 1.4493 1.5976 3.8395 1.6725 1.6271 0.8148 1.8259 0.0510
Car 0.0000 0 3.1114 0.0000 0.0000 1224.0000 370.0000 1.5421 1.6212 4.0425 -0.1152 1.6089 0.1510 2.8768 0.0506
Car 0.0000 0 -3.5151 0.0000 0.0000 1224.0000 370.0000 1.4973 1.5810 4.0986 0.4014 1.6579 0.6225 -3.1120 0.0481
Pedestrian 0.0000 0 2.1843 655.4479 181.1018 688.1921 252.7499 1.4735 0.3903 0.6424 1.3715 1.4882 14.9137 2.2758 0.0475
Car 0.0000 0 4.4885 0.0000 0.0000 1224.0000 370.0000 1.5416 1.6062 4.3031 -2.0014 1.6621 0.0955 3.1256 0.0473
Car 0.0000 0 0.6520 0.0000 0.0000 1224.0000 370.0000 1.5993 1.7269 3.8956 -2.9864 1.6866 0.0674 -0.7871 0.0469
Car 0.0000 0 0.5163 444.9377 0.0000 1224.0000 370.0000 1.4864 1.5771 3.9154 0.6982 1.6299 -0.3020 2.0578 0.0461
Car 0.0000 0 0.7020 0.0000 0.0000 1224.0000 370.0000 1.4221 1.5051 3.5989 1.5468 1.6465 0.6475 1.7139 0.0460
Car 0.0000 0 0.0449 371.3533 0.0000 1224.0000 370.0000 1.5493 1.6386 3.4502 -0.7676 1.6321 0.0302 -1.0921 0.0448
Car 0.0000 0 -4.2405 0.0000 0.0000 1224.0000 370.0000 1.5637 1.6670 4.2905 1.0131 1.6394 -0.0156 -2.9631 0.0434
Cyclist 0.0000 0 1.8878 0.0000 0.0000 1224.0000 370.0000 1.9688 0.6385 1.8237 -4.2350 1.8267 -0.3075 0.3221 0.0421
Car 0.0000 0 -0.1597 174.3115 0.0000 1224.0000 370.0000 1.4803 1.5563 3.5391 -1.0794 1.6375 0.1817 -1.2909 0.0419
Car 0.0000 0 2.1904 0.0000 174.1846 19.5279 236.2344 1.6037 1.5592 3.8762 -19.0413 1.4421 20.2889 1.4463 0.0416
Car 0.0000 0 -0.2876 306.1715 0.0000 1224.0000 370.0000 1.4874 1.5992 3.4139 -0.7283 1.6704 0.1914 -1.2414 0.0412
Car 0.0000 0 1.5315 0.0000 180.6968 10.6942 239.4843 1.4911 1.6743 4.1439 -18.1359 1.4988 20.0158 0.8050 0.0406
Car 0.0000 0 2.9380 0.0000 0.0000 1224.0000 370.0000 1.5002 1.5746 3.9692 0.0231 1.6417 0.4761 2.9691 0.0401
Car 0.0000 0 1.6797 0.0000 180.9669 7.4772 240.3138 1.4982 1.6719 4.2455 -18.3300 1.5145 20.0920 0.9497 0.0389
Pedestrian 0.0000 0 2.6327 654.0957 180.8094 689.3532 253.1577 1.4945 0.3779 0.6366 1.3649 1.5028 14.9053 2.7237 0.0379
Car 0.0000 0 0.2418 205.0852 0.0000 1224.0000 370.0000 1.5720 1.6625 3.4759 -0.7499 1.6112 -0.2660 -1.2505 0.0369
Car 0.0000 0 0.5323 34.8809 0.0000 1224.0000 370.0000 1.5741 1.7249 3.8716 -2.6628 1.6568 0.3267 -0.7974 0.0368
Pedestrian 0.0000 0 2.0205 654.6005 181.8576 685.0717 254.5910 1.4693 0.3878 0.6491 1.3082 1.4998 14.6703 2.1092 0.0356
Car 0.0000 0 -0.9759 0.0000 178.6537 13.5551 237.9731 1.5175 1.5584 3.8892 -19.0492 1.4719 20.1236 -1.7242 0.0355
Car 0.0000 0 -0.8507 0.0000 182.9435 20.6854 239.5754 1.4895 1.5887 3.6064 -19.2909 1.5684 20.5695 -1.5946 0.0355
Cyclist 0.0000 0 -0.1704 161.2148 0.0000 1224.0000 370.0000 1.6735 0.4397 1.7760 -1.0639 1.6479 0.4156 -1.1323 0.0352
Car 0.0000 0 1.6852 0.0000 179.0268 7.8521 239.0106 1.5094 1.6664 4.4045 -18.3151 1.4739 20.0654 0.9550 0.0345
Car 0.0000 0 -1.0326 0.0000 189.0918 20.8554 245.1207 1.4459 1.5733 3.6398 -19.2124 1.7235 20.7746 -1.7697 0.0343
Car 0.0000 0 3.1091 0.0000 0.0000 1224.0000 370.0000 1.4512 1.5130 3.4839 -1.8057 1.6793 0.1236 1.7826 0.0342
Pedestrian 0.0000 0 1.3314 888.8637 169.4865 926.3397 264.2706 1.5344 0.4536 0.5320 4.9728 1.3578 11.7385 1.7242 0.0335
Car 0.0000 0 -2.2844 0.0000 0.0000 1058.4646 370.0000 1.5341 1.7423 3.7675 0.7944 1.6883 0.6646 -1.6057 0.0332
Car 0.0000 0 3.5766 0.0000 0.0000 1224.0000 370.0000 1.5168 1.5646 3.9441 -2.2607 1.6609 -0.0432 2.1308 0.0329
Car 0.0000 0 -0.9587 0.0000 182.3423 14.8232 240.2819 1.4921 1.5412 3.7231 -19.1000 1.5516 20.2746 -1.7047 0.0323
Pedestrian 0.0000 0 2.7811 58.2381 169.8388 111.6976 266.9407 1.7129 0.5756 0.6264 -9.5224 1.5265 12.8877 2.1583 0.0323
Car 0.0000 0 0.7980 0.0000 0.0000 1224.0000 370.0000 1.4488 1.6087 3.5412 1.3522 1.6581 0.5971 1.7727 0.0321
Car 0.0000 0 -2.6474 0.0000 0.0000 1224.0000 370.0000 1.4780 1.5767 3.4858 5.5433 1.4113 -0.2634 -1.0861 0.0285
Car 0.0000 0 -0.7879 640.4329 0.0000 1224.0000 370.0000 1.4684 1.6079 3.6711 -0.2503 1.6325 0.8940 -0.9887 0.0282
Pedestrian 0.0000 0 2.4198 652.0176 181.1320 688.1052 254.6667 1.4877 0.3742 0.6638 1.3085 1.5027 14.6522 2.5087 0.0279
Car 0.0000 0 0.1230 0.0000 0.0000 1224.0000 370.0000 1.5021 1.6366 3.6377 -2.2141 1.6485 0.3812 -1.1380 0.0273
Car 0.0000 0 3.6192 0.0000 0.0000 1224.0000 370.0000 1.5806 1.6509 3.9428 -2.5465 1.6333 -0.0522 2.1562 0.0272
Cyclist 0.0000 0 0.0939 20.2995 0.0000 1224.0000 370.0000 1.6596 0.4874 1.8272 -1.3687 1.6425 0.3460 -1.0202 0.0272
Car 0.0000 0 1.5865 0.0000 182.1259 6.6682 239.5087 1.4490 1.6573 4.1845 -18.1509 1.5017 20.0963 0.8615 0.0269
Car 0.0000 0 -1.5149 405.8391 0.0000 1224.0000 370.0000 1.5355 1.6859 3.7162 0.2259 1.6358 0.4359 -1.2236 0.0268
Cyclist 0.0000 0 -1.1974 0.0000 171.0130 22.2698 252.4841 1.6386 0.3690 1.6653 -13.0631 1.4494 15.0635 -1.8996 0.0266
Car 0.0000 0 -3.2827 0.0000 0.0000 1224.0000 370.0000 1.4818 1.5929 3.8312 0.7906 1.6860 1.1539 -2.7898 0.0262
Car 0.0000 0 -0.9158 0.0000 184.6801 15.2687 240.7867 1.4489 1.5004 3.5927 -19.1741 1.5820 20.3874 -1.6611 0.0257
Car 0.0000 0 -0.3516 0.0000 0.0000 1224.0000 370.0000 1.5233 1.5976 3.6539 2.3062 1.6110 -0.2762 1.2002 0.0250
Car 0.0000 0 -1.3063 0.0000 188.6781 28.9946 238.2308 1.3631 1.6144 3.7598 -19.6566 1.6446 22.1616 -2.0231 0.0248
Car 0.0000 0 1.5849 0.0000 181.6030 7.0607 238.9819 1.4526 1.6920 4.1866 -18.1834 1.4888 20.1139 0.8594 0.0247
Car 0.0000 0 1.5667 0.0000 182.5047 10.2206 241.4956 1.4823 1.6793 4.3342 -18.1149 1.5470 20.0853 0.8424 0.0245
Cyclist 0.0000 0 -0.3810 190.8436 0.0000 1224.0000 370.0000 1.6508 0.4311 1.7353 -1.0737 1.7153 0.6602 -1.2089 0.0231
Car 0.0000 0 -2.7261 409.8914 0.0000 1224.0000 370.0000 1.6511 1.6751 3.8468 0.3917 1.5418 -0.2842 -1.2547 0.0227
Car 0.0000 0 -0.8655 0.0000 181.2667 13.8778 238.4543 1.5006 1.5243 3.5588 -19.2950 1.5262 20.4059 -1.6134 0.0227
Car 0.0000 0 -0.1580 213.9982 0.0000 1032.3762 370.0000 1.5926 1.6548 3.5719 -0.2708 1.5725 -0.2573 -1.4850 0.0223
Car 0.0000 0 -3.2580 0.0000 0.0000 1224.0000 370.0000 1.4809 1.6170 4.2333 0.7133 1.7043 1.1021 -2.7926 0.0223
Cyclist 0.0000 0 -2.0894 851.1471 164.4650 925.5622 268.0559 1.6075 0.3696 1.6429 4.6471 1.3603 11.8064 -1.7217 0.0223
Car 0.0000 0 -1.0896 720.0797 0.0000 1224.0000 370.0000 1.4702 1.6740 3.8723 0.1344 1.6273 1.0545 -0.9903 0.0214
Car 0.0000 0 -0.8784 452.0198 0.0000 1224.0000 370.0000 1.4890 1.6524 3.4998 -0.3152 1.6583 0.4524 -1.2624 0.0211
Cyclist 0.0000 0 3.1174 0.0000 0.0000 1224.0000 370.0000 1.7318 0.5553 1.8227 -1.7268 1.6394 0.2904 1.8899 0.0199
Cyclist 0.0000 0 -1.1920 0.0000 172.5043 56.1253 250.7566 1.6018 0.4448 1.7233 -12.6151 1.4397 15.3567 -1.8678 0.0198
Cyclist 0.0000 0 -1.8495 841.2539 162.3387 892.1152 262.8758 1.6579 0.3656 1.7220 4.5620 1.3600 12.5253 -1.5066 0.0197
Pedestrian 0.0000 0 -0.0996 55.2941 170.2851 104.7419 271.2262 1.7538 0.5360 0.6689 -9.4780 1.5779 12.7019 -0.7270 0.0190
Car 0.0000 0 -1.3227 173.9838 0.0000 1224.0000 370.0000 1.4514 1.6303 3.7230 0.1961 1.6308 1.4309 -1.2095 0.0189
Car 0.0000 0 -0.9349 0.0000 177.1135 12.5838 237.9928 1.5619 1.5668 3.8594 -19.1512 1.4767 20.1421 -1.6854 0.0186
Pedestrian 0.0000 0 2.3729 833.4110 161.0635 877.2729 260.4804 1.6636 0.4807 0.5243 4.2577 1.3400 12.1556 2.7035 0.0185
Pedestrian 0.0000 0 -1.2873 81.2847 167.4981 126.9825 264.0570 1.7094 0.5045 0.6866 -9.1847 1.4809 12.9174 -1.8920 0.0177
Car 0.0000 0 -3.0753 0.0000 0.0000 1224.0000 370.0000 1.4823 1.5955 3.9563 0.2930 1.7177 1.2247 -2.8870 0.0176
Car 0.0000 0 -1.5988 0.0000 0.0000 1224.0000 370.0000 1.5647 1.5511 3.7244 5.6331 1.4351 -0.2168 -0.0455 0.0172
Pedestrian 0.0000 0 2.0247 863.2719 161.8251 905.2535 262.8311 1.6414 0.4790 0.5155 4.6317 1.3396 11.8358 2.3904 0.0168
Pedestrian 0.0000 0 1.8277 863.7330 159.6227 902.2128 261.7801 1.6591 0.4892 0.5127 4.6092 1.3217 11.8290 2.1920 0.0163
Car 0.0000 0 -1.5464 0.0000 181.7715 5.2388 240.8247 1.4742 1.6505 4.3537 -18.0352 1.5156 19.9359 -2.2721 0.0161
Car 0.0000 0 -2.0693 0.0000 0.0000 988.6631 370.0000 1.4873 1.6495 3.5186 0.7134 1.7118 1.0735 -1.5958 0.0161
Cyclist 0.0000 0 -2.2995 995.3245 162.4695 1085.7971 257.5489 1.6197 0.4438 1.5866 7.8350 1.3142 12.8611 -1.7616 0.0160
Car 0.0000 0 1.8744 0.0000 185.4326 30.2343 237.0452 1.4373 1.5919 3.9010 -19.7287 1.6084 22.1925 1.1565 0.0157
Pedestrian 0.0000 0 -0.4398 27.9712 169.4355 84.2116 270.9701 1.7622 0.4876 0.6533 -9.8763 1.5718 12.6691 -1.0881 0.0153
Car 0.0000 0 0.9549 253.4429 0.0000 1224.0000 370.0000 1.4593 1.5757 3.8477 0.6897 1.7088 0.2026 1.8756 0.0150
Car 0.0000 0 -0.8078 0.0000 177.0481 13.6008 237.1337 1.5654 1.5095 3.6761 -19.2899 1.4770 20.2620 -1.5590 0.0150
Car 0.0000 0 -1.8649 570.1929 157.0673 609.5535 185.4416 2.0212 1.7315 4.4051 -1.1709 0.3533 52.7220 -1.8851 0.0144
Pedestrian 0.0000 0 -0.2568 28.7521 171.4894 83.6508 271.7629 1.7380 0.4847 0.6803 -9.8756 1.5835 12.6675 -0.9051 0.0142
Car 0.0000 0 -3.3388 0.0000 0.0000 1224.0000 370.0000 1.4709 1.6653 3.4620 9.7010 1.4187 -0.1904 -1.7803 0.0138
Car 0.0000 0 -1.8568 565.9744 156.2609 605.7282 186.0290 2.1153 1.7683 4.4725 -1.4700 0.3942 52.6372 -1.8827 0.0137
Pedestrian 0.0000 0 3.5956 71.0214 165.0308 123.1416 261.9568 1.7613 0.5719 0.5964 -9.4974 1.4818 13.1725 2.9841 0.0137
Car 0.0000 0 -2.6785 0.0000 0.0000 1224.0000 370.0000 1.5065 1.5934 3.5609 5.7586 1.4161 -0.1271 -1.1404 0.0137
Cyclist 0.0000 0 -0.3851 11.9539 170.2924 140.6805 274.7436 1.7373 0.5149 1.7804 -9.4477 1.5692 12.6467 -1.0130 0.0136
Pedestrian 0.0000 0 0.3735 48.2362 171.8685 108.4395 271.8361 1.7440 0.5383 0.7172 -9.4782 1.5950 12.6806 -0.2547 0.0135
Car 0.0000 0 -1.9291 0.0000 0.0000 1224.0000 370.0000 1.5299 1.5776 3.5502 5.8981 1.5591 -0.0841 -0.3973 0.0135
Car 0.0000 0 -2.6032 0.0000 0.0000 1224.0000 370.0000 1.4365 1.5882 3.5646 9.1258 1.4960 -0.1888 -1.0457 0.0133
Cyclist 0.0000 0 -2.1860 835.8708 161.7133 919.4020 266.9395 1.6674 0.3580 1.7737 4.5758 1.3714 12.1021 -1.8314 0.0132
Car 0.0000 0 -1.8261 577.3751 160.4553 613.2582 184.6850 1.7252 1.6825 4.1115 -0.7565 0.2993 52.5424 -1.8386 0.0127
Pedestrian 0.0000 0 -0.2587 1146.5505 152.3748 1207.8788 257.9871 1.6965 0.4886 0.6828 9.4217 1.2463 11.7120 0.4072 0.0127
Car 0.0000 0 -1.7577 577.7598 157.6184 611.4406 184.9051 1.9473 1.7395 4.3210 -0.8141 0.3157 52.7439 -1.7712 0.0126
Car 0.0000 0 -2.8056 514.1473 161.4503 614.2972 197.6353 1.5979 1.6966 4.2955 -1.8845 0.7581 32.6274 -2.8608 0.0125
Cyclist 0.0000 0 -0.6694 0.0000 0.0000 1224.0000 370.0000 1.7005 0.4380 1.7521 -0.6288 1.7204 0.7657 -1.1918 0.0125
Car 0.0000 0 -1.8079 577.1532 159.5746 612.4969 184.5184 1.7774 1.6871 4.2181 -0.7954 0.2876 52.6285 -1.8210 0.0124
Car 0.0000 0 -1.6519 586.6802 159.5130 614.1996 184.1468 1.7565 1.7095 4.2413 -0.3711 0.2613 52.5972 -1.6570 0.0123
Pedestrian 0.0000 0 2.7964 836.0334 165.6932 876.7479 260.5131 1.5989 0.4501 0.5357 4.2693 1.3509 12.1461 3.1281 0.0121
Car 0.0000 0 -2.0135 0.0000 0.0000 1224.0000 370.0000 1.4215 1.6242 3.8504 9.0807 1.5401 -0.0625 -0.4699 0.0120
Car 0.0000 0 -1.6523 580.6294 157.7180 608.9871 184.9132 1.9451 1.7671 4.3971 -0.7957 0.3169 52.8381 -1.6654 0.0120
Car 0.0000 0 -2.7045 520.5201 162.2360 618.4480 197.6302 1.5719 1.7382 4.2277 -1.6753 0.7622 33.0009 -2.7528 0.0118
Car 0.0000 0 -1.8660 570.4861 158.7839 609.1382 184.8526 1.8568 1.7009 4.3000 -1.1721 0.3113 52.6649 -1.8863 0.0117
Car 0.0000 0 -2.8292 519.8859 161.9262 616.5635 197.6746 1.5799 1.7000 4.1296 -1.6946 0.7605 32.6007 -2.8788 0.0114
Car 0.0000 0 -2.9781 521.9525 162.2170 614.8020 197.5186 1.5592 1.6903 4.0127 -1.6514 0.7532 32.2936 -3.0268 0.0114
Car 0.0000 0 2.0895 165.0006 179.5157 296.7452 234.2374 1.4312 1.5939 3.9568 -10.7033 1.4071 20.5005 1.6165 0.0112
Car 0.0000 0 2.0392 115.2871 178.6002 242.4135 232.3855 1.4628 1.6082 4.0045 -12.6724 1.4127 21.2714 1.5103 0.0112
Cyclist 0.0000 0 0.5171 12.0032 172.8314 134.6084 274.9832 1.7691 0.5247 1.7179 -9.4907 1.6379 12.5986 -0.1147 0.0110
Pedestrian 0.0000 0 -0.9301 1146.1788 145.6790 1208.7684 256.0416 1.7776 0.5237 0.6518 9.4416 1.2184 11.7212 -0.2635 0.0110
Car 0.0000 0 2.0499 546.4022 164.3510 619.2103 201.2299 1.5363 1.7019 3.7461 -0.9409 0.8650 31.5052 2.0222 0.0109
Car 0.0000 0 -2.9709 514.4703 160.8691 612.4261 197.0686 1.5973 1.7119 4.2353 -1.8742 0.7325 32.2866 -3.0264 0.0108
Car 0.0000 0 -2.0348 0.0000 0.0000 1224.0000 370.0000 1.5705 1.5547 3.6521 5.7179 1.4456 -0.3108 -0.4649 0.0108
Car 0.0000 0 -0.7432 0.0000 174.8701 15.0638 236.2142 1.5938 1.4991 3.6561 -19.2874 1.4491 20.2451 -1.4947 0.0108
Car 0.0000 0 -1.6577 585.5016 157.1342 614.1833 184.9129 1.9830 1.7687 4.3354 -0.4186 0.3163 52.7083 -1.6637 0.0107
Car 0.0000 0 1.2740 603.1935 164.3091 664.1071 199.4945 1.4792 1.6816 3.8301 1.1985 0.8000 31.7864 1.3132 0.0105
Car 0.0000 0 0.8971 0.0000 0.0000 1224.0000 370.0000 1.4724 1.5277 3.4836 11.4251 0.8917 1.2715 2.3305 0.0105
Car 0.0000 0 -1.9388 568.7019 159.5110 610.4437 184.7330 1.7961 1.7267 4.1513 -1.1868 0.3027 52.5920 -1.9593 0.0104
Car 0.0000 0 -2.7536 0.0000 0.0000 1224.0000 370.0000 1.6088 1.6298 3.5775 5.7852 1.5551 -0.2195 -1.1992 0.0104
Car 0.0000 0 -2.7822 0.0000 0.0000 1224.0000 370.0000 1.5293 1.5306 3.3380 5.7395 1.4522 -0.1627 -1.2380 0.0103
Pedestrian 0.0000 0 1.5156 649.0370 180.1548 670.1907 255.8975 1.5238 0.3929 0.7190 1.0798 1.5184 14.5822 1.5895 0.0103
Car 0.0000 0 0.5657 574.2017 165.6733 660.8094 200.0968 1.4721 1.6703 3.5692 0.5279 0.8395 31.9117 0.5839 0.0102
Car 0.0000 0 -1.6705 609.0898 164.5078 655.6408 198.8826 1.4770 1.7621 3.6218 1.1716 0.7913 32.2372 -1.6326 0.0101
Car 0.0000 0 -2.5618 0.0000 0.0000 1224.0000 370.0000 1.4665 1.6742 3.6153 8.9670 1.5777 -0.2996 -0.9921 0.0099
Cyclist 0.0000 0 0.4933 24.6371 171.9869 138.8592 272.8365 1.7495 0.4813 1.6061 -9.3479 1.6035 12.6044 -0.1311 0.0097
Car 0.0000 0 -1.8733 557.0111 163.8393 615.2085 198.7824 1.5629 1.6863 3.9000 -0.9828 0.8192 33.7381 -1.9003 0.0097
Car 0.0000 0 -2.7347 0.0000 0.0000 1224.0000 370.0000 1.6062 1.6329 3.5182 5.7909 1.5713 -0.2330 -1.1780 0.0096
Cyclist 0.0000 0 3.7120 0.0000 0.0000 1224.0000 370.0000 1.7026 0.5955 1.7706 -1.3666 1.7076 0.4279 2.6453 0.0093
Car 0.0000 0 -1.6642 607.8356 163.3961 654.3466 198.1018 1.5076 1.7922 3.8052 1.1266 0.7661 32.6606 -1.6282 0.0093
Car 0.0000 0 -2.8636 0.0000 0.0000 1224.0000 370.0000 1.6257 1.7536 3.9071 5.9330 1.5017 -0.1427 -1.3218 0.0090
Car 0.0000 0 1.6899 613.2549 166.1615 662.9625 204.3331 1.4442 1.5775 3.7627 1.3831 0.9032 28.7335 1.7393 0.0088
Car 0.0000 0 -2.3884 0.0000 0.0000 1224.0000 370.0000 1.4320 1.6530 3.6317 8.9605 1.5923 -0.1475 -0.8357 0.0087
Pedestrian 0.0000 0 -0.4885 1153.4431 152.9442 1224.0000 261.0482 1.7021 0.4933 0.7613 9.4042 1.2699 11.4410 0.1875 0.0086
Car 0.0000 0 -1.2233 600.7972 163.8325 662.7344 198.0209 1.5201 1.7210 3.8569 1.3170 0.7805 33.5424 -1.1826 0.0086
Car 0.0000 0 1.6876 603.1345 166.0551 653.0673 204.3996 1.4440 1.5804 3.8274 0.9750 0.9016 28.6334 1.7231 0.0086
Car 0.0000 0 0.2555 564.7545 167.6524 649.2465 200.9360 1.4500 1.6381 3.5300 0.0920 0.8918 32.0438 0.2602 0.0086
Car 0.0000 0 1.2075 694.6056 166.2302 770.5253 206.1401 1.4641 1.6146 4.0501 4.9433 0.9421 28.0735 1.3817 0.0085
Car 0.0000 0 1.4170 594.5344 169.0308 644.4183 203.1564 1.4294 1.6805 3.6282 0.5665 0.9505 31.5210 1.4366 0.0085
Car 0.0000 0 -1.2837 572.2634 164.2380 631.9412 198.9350 1.5552 1.8088 3.9345 -0.0863 0.8278 33.8297 -1.2844 0.0085
Car 0.0000 0 0.3897 579.5137 165.5572 665.3577 199.0826 1.4446 1.6172 3.5238 0.7699 0.8022 31.9136 0.4155 0.0084
Car 0.0000 0 2.5502 528.1372 163.7119 621.2029 200.3168 1.5421 1.6562 3.8932 -1.3435 0.8364 31.6002 2.5100 0.0084
Pedestrian 0.0000 0 1.4805 84.3677 167.9118 123.2622 268.8411 1.7726 0.5234 0.6890 -9.1548 1.5531 12.8447 0.8746 0.0083
Cyclist 0.0000 0 1.1169 993.2925 162.8478 1055.1156 230.9475 1.5873 0.5796 1.7598 10.2263 1.1774 17.3733 1.6426 0.0083
Car 0.0000 0 3.1028 514.8974 160.1254 611.8040 197.0759 1.6139 1.7099 4.2568 -1.9194 0.7255 31.9322 3.0453 0.0083
Car 0.0000 0 1.1069 0.0000 0.0000 1224.0000 370.0000 1.6420 1.5718 4.3440 11.1343 0.8819 0.8891 2.5705 0.0082
Cyclist 0.0000 0 0.6634 48.0266 164.7747 150.5874 264.9361 1.7858 0.4523 1.5842 -9.2388 1.5071 12.8699 0.0542 0.0082
Car 0.0000 0 3.0471 522.8204 162.4699 616.4373 198.2381 1.5581 1.6843 4.0806 -1.6519 0.7742 31.9204 2.9978 0.0082
Car 0.0000 0 3.0105 535.3818 164.6256 624.1412 199.1655 1.5069 1.6854 3.8257 -1.1932 0.8158 31.9889 2.9754 0.0081
Car 0.0000 0 -1.2945 604.1760 164.2047 659.5414 198.2789 1.5345 1.6932 3.7284 1.3294 0.8021 33.8716 -1.2537 0.0081
Car 0.0000 0 0.8355 0.0000 0.0000 1224.0000 370.0000 1.5425 1.5389 3.5863 11.3961 0.8670 1.1587 2.2783 0.0080
Car 0.0000 0 -1.8537 604.0807 163.6756 663.0220 198.0878 1.4665 1.6984 3.7203 1.2125 0.7510 32.1357 -1.8145 0.0079
Pedestrian 0.0000 0 2.3926 89.1204 168.9609 143.6779 264.3636 1.7267 0.4937 0.6832 -9.1444 1.5195 13.1806 1.7991 0.0078
Cyclist 0.0000 0 0.2245 0.0000 165.7020 128.1197 273.3796 1.8342 0.5018 1.7990 -9.6880 1.5838 12.6322 -0.4159 0.0078
Car 0.0000 0 -1.7984 602.0305 168.2772 654.5284 200.5055 1.4059 1.6656 3.5488 1.0016 0.8742 32.7407 -1.7663 0.0078
Car 0.0000 0 -0.0793 588.0153 164.5171 673.5963 198.2641 1.4903 1.7325 3.7632 1.1081 0.7860 32.1666 -0.0434 0.0077
Car 0.0000 0 1.4054 593.4423 168.7540 643.7883 203.1351 1.4415 1.6714 3.5827 0.5291 0.9505 31.5350 1.4238 0.0077
Pedestrian 0.0000 0 2.2958 66.5906 171.0547 121.9257 265.9540 1.7126 0.5607 0.6197 -9.4944 1.5438 13.0935 1.6816 0.0077
Car 0.0000 0 -1.5191 572.1244 163.5172 612.7117 198.7320 1.5882 1.7381 3.8790 -0.5643 0.8237 33.8529 -1.5337 0.0077
Car 0.0000 0 1.3716 601.5612 166.5675 654.6588 201.7112 1.4596 1.6594 3.6070 0.9410 0.8824 31.2763 1.4032 0.0076
Cyclist 0.0000 0 -3.5798 961.6422 160.9908 1049.7852 243.4502 1.5791 0.5109 1.4195 7.7834 1.2071 13.8367 -3.0755 0.0076
Cyclist 0.0000 0 1.3680 984.5773 160.8993 1027.1775 230.9383 1.6391 0.5836 1.6179 9.8053 1.1820 17.4015 1.8750 0.0076
Car 0.0000 0 -2.9360 507.0630 159.4710 609.4189 195.3066 1.5802 1.6965 4.4157 -2.1185 0.6544 32.3258 -2.9988 0.0076
Car 0.0000 0 -0.0605 575.5786 166.5286 660.6245 199.6007 1.4570 1.7090 3.7594 0.5292 0.8430 32.0786 -0.0423 0.0076
Car 0.0000 0 2.6166 509.2452 158.9342 615.2911 196.3989 1.5491 1.6743 4.4183 -1.8639 0.6589 31.1451 2.5594 0.0075
Pedestrian 0.0000 0 2.1179 673.4078 155.1474 721.0768 276.6011 1.7546 0.4236 0.6726 1.3419 1.3900 10.6047 2.2420 0.0075
Car 0.0000 0 2.7728 0.0000 0.0000 1224.0000 370.0000 1.5168 1.7091 4.1740 -24.4397 1.8586 0.7760 1.2485 0.0074
Car 0.0000 0 3.1433 509.8311 159.4924 608.7406 195.7287 1.5849 1.6890 4.3358 -2.0699 0.6675 31.8940 3.0811 0.0074
Car 0.0000 0 -1.0549 552.8152 164.2079 625.0004 200.2188 1.5401 1.7361 3.5988 -0.6926 0.8448 32.2289 -1.0743 0.0074
Car 0.0000 0 2.5863 516.0903 159.0607 618.2459 197.1238 1.5790 1.6657 4.2676 -1.6526 0.6911 31.2252 2.5359 0.0074
Car 0.0000 0 0.2305 564.2089 167.6398 648.5548 201.0486 1.4588 1.6238 3.5486 0.0664 0.8987 32.0697 0.2344 0.0073
Cyclist 0.0000 0 -0.2292 0.0000 166.8503 130.9579 277.3968 1.8402 0.5147 1.9443 -9.7545 1.6146 12.6742 -0.8714 0.0073
Cyclist 0.0000 0 -0.7586 37.4268 168.9487 143.8081 268.2648 1.7005 0.5015 1.6881 -9.4300 1.5043 12.9777 -1.3736 0.0073
Car 0.0000 0 -2.9259 531.6849 164.5289 622.1411 199.2978 1.5345 1.7115 3.8629 -1.2732 0.8311 32.3860 -2.9629 0.0072
Car 0.0000 0 3.0140 633.8049 168.6291 733.4756 205.3725 1.4850 1.6507 3.9420 3.1963 1.0067 29.4323 3.1228 0.0071
Car 0.0000 0 0.2033 554.7772 167.2222 644.2952 201.9293 1.5163 1.7044 3.7972 -0.2375 0.9377 32.0941 0.1978 0.0071
Car 0.0000 0 -2.8732 530.1782 164.7943 621.6860 199.2997 1.5342 1.7207 3.9145 -1.3378 0.8373 32.7158 -2.9118 0.0071
Car 0.0000 0 1.2806 698.5296 164.5330 770.4893 206.6405 1.5012 1.6057 4.1164 4.8841 0.9335 27.3382 1.4572 0.0071
Car 0.0000 0 -2.9702 642.4946 170.0598 740.9032 207.4132 1.4631 1.6873 3.7810 3.5574 1.0557 29.0441 -2.8479 0.0071
Car 0.0000 0 -1.8177 552.1102 163.3370 606.1575 198.5928 1.5561 1.6310 3.9230 -1.2994 0.8001 33.3144 -1.8545 0.0070
Car 0.0000 0 0.6372 583.0287 166.0221 669.7874 200.2794 1.4469 1.5937 3.6431 0.9071 0.8369 31.6108 0.6675 0.0070
Car 0.0000 0 2.2289 534.9967 162.0205 618.2221 199.7697 1.5821 1.7082 3.8803 -1.2289 0.8091 31.7028 2.1924 0.0070
Car 0.0000 0 1.7666 599.8771 165.5302 655.3574 203.4442 1.4488 1.5656 3.7826 0.9714 0.8783 29.0337 1.8016 0.0070
Car 0.0000 0 1.3313 600.2411 163.6632 657.9709 200.9301 1.5330 1.6779 3.7957 0.9720 0.8419 31.1103 1.3641 0.0070
Car 0.0000 0 -0.0333 552.6188 167.6756 645.8666 202.1509 1.5684 1.8426 4.2559 -0.3131 0.9864 33.1681 -0.0409 0.0069
Car 0.0000 0 1.2185 694.8384 165.7650 771.7089 206.7204 1.4771 1.6119 4.1383 4.8941 0.9472 27.6744 1.3934 0.0069
Car 0.0000 0 1.4745 616.7563 164.9510 665.5541 203.1670 1.4724 1.6416 3.8148 1.4055 0.8748 29.1808 1.5239 0.0069
Cyclist 0.0000 0 -1.9517 962.6118 155.9765 1030.2964 248.2179 1.6678 0.4939 1.7980 7.5010 1.2260 13.7001 -1.4588 0.0069
Car 0.0000 0 -1.5388 633.7316 165.2161 675.8403 204.2811 1.5504 1.6598 3.9402 2.1544 0.9453 30.1026 -1.4663 0.0069
Car 0.0000 0 2.7691 627.3453 166.7369 733.5389 204.7974 1.5330 1.6689 4.1298 3.1414 0.9801 29.8231 2.8747 0.0068
Cyclist 0.0000 0 -2.5931 0.0000 0.0000 1224.0000 370.0000 1.7212 0.3717 1.7136 11.7634 0.9705 0.3896 -1.0816 0.0068
Car 0.0000 0 1.4162 594.7001 167.3286 644.7070 201.9928 1.4536 1.6675 3.7755 0.5762 0.9027 31.6260 1.4361 0.0068
Car 0.0000 0 2.3265 530.2582 161.2380 618.2259 199.1502 1.5642 1.5833 3.9667 -1.3159 0.7710 31.1833 2.2866 0.0068
Car 0.0000 0 1.4077 601.5073 167.5656 651.6915 202.2782 1.4518 1.6688 3.5525 0.8824 0.9123 31.4381 1.4373 0.0067
Cyclist 0.0000 0 -1.7621 671.1643 166.5099 689.7571 208.9161 1.6236 0.4027 1.7479 2.9485 1.0894 27.9530 -1.6565 0.0067
Car 0.0000 0 0.6712 575.0223 166.5716 660.7875 200.4743 1.4364 1.6512 3.6026 0.5292 0.8477 31.7338 0.6895 0.0067
Car 0.0000 0 0.1569 550.4941 167.1317 647.1497 200.5683 1.4568 1.7823 4.1452 -0.2595 0.8758 31.9934 0.1507 0.0066
Car 0.0000 0 -3.0335 541.4035 165.1511 626.7834 199.4030 1.5181 1.7399 3.7377 -0.9320 0.8393 32.3521 -3.0602 0.0066
Car 0.0000 0 2.7595 503.1570 158.6862 611.4115 195.6152 1.5344 1.6686 4.4486 -2.1024 0.6295 31.0873 2.6947 0.0066
Car 0.0000 0 2.9403 507.0697 159.0511 611.3812 195.2717 1.5419 1.6753 4.3890 -2.0750 0.6303 31.4769 2.8771 0.0066
Car 0.0000 0 1.4174 602.3110 167.0170 650.3389 201.3417 1.4602 1.6415 3.5272 0.8880 0.8881 31.9242 1.4468 0.0065
Cyclist 0.0000 0 0.5473 5.4408 153.8068 125.2268 258.3709 1.8606 0.5438 1.7153 -9.8835 1.3873 12.9256 -0.0918 0.0065
Car 0.0000 0 -1.4890 604.5411 165.3831 647.4865 198.2890 1.4791 1.7459 3.6964 1.0382 0.8011 33.7121 -1.4566 0.0065
Car 0.0000 0 -3.1242 620.0488 167.6580 713.2153 204.7810 1.4918 1.6015 3.7555 2.5411 0.9772 29.3999 -3.0371 0.0064
Car 0.0000 0 -1.3742 680.7858 164.8972 740.7844 204.2804 1.5408 1.7345 4.1223 4.5209 0.9319 29.8901 -1.2238 0.0064
Pedestrian 0.0000 0 2.8097 672.0187 160.0462 726.7247 276.3869 1.7051 0.3974 0.7241 1.3676 1.4070 10.6261 2.9358 0.0064
Car 0.0000 0 2.7755 518.2026 160.7957 618.7677 197.6346 1.5599 1.6789 4.1557 -1.6436 0.7270 31.5416 2.7259 0.0064
Car 0.0000 0 1.2267 684.5898 165.7976 758.8860 205.2080 1.4512 1.6573 3.9711 4.5274 0.9113 28.1335 1.3863 0.0063
Car 0.0000 0 0.0780 571.3649 167.7343 650.8067 200.9098 1.4604 1.7231 3.4856 0.2974 0.8999 32.1334 0.0890 0.0063
Car 0.0000 0 -1.6663 547.2697 161.5542 591.1631 197.5564 1.5730 1.6707 3.9474 -1.7429 0.7467 32.9611 -1.7168 0.0062
Car 0.0000 0 2.0691 522.8328 160.3967 599.9172 197.8542 1.5564 1.6696 4.1062 -1.8869 0.7226 31.5873 2.0120 0.0062
Car 0.0000 0 2.4572 540.0617 165.7967 624.1421 200.7067 1.4760 1.6454 3.5138 -1.0134 0.8558 31.6621 2.4274 0.0062
Car 0.0000 0 3.0330 541.2550 168.0605 631.0650 200.4885 1.4681 1.6186 4.0486 -0.9327 0.9064 33.0792 3.0069 0.0061
Car 0.0000 0 -1.4117 688.1174 165.3248 743.7867 203.8755 1.4562 1.6311 3.9921 4.5703 0.8845 28.8535 -1.2544 0.0061
Car 0.0000 0 -1.8402 540.6008 161.0824 597.8518 197.9536 1.5939 1.6646 3.8809 -1.7348 0.7560 32.6629 -1.8908 0.0061
Car 0.0000 0 -1.8621 612.3602 160.9605 682.1496 202.8097 1.6540 1.7363 4.5735 1.6942 0.8832 30.3654 -1.8051 0.0061
Car 0.0000 0 -0.1558 579.7742 167.4507 673.3823 200.5213 1.4555 1.9237 4.0254 0.9216 0.8826 32.3195 -0.1257 0.0061
Car 0.0000 0 0.1948 564.1452 168.4868 644.5738 202.1346 1.4703 1.6576 3.3868 -0.0204 0.9468 32.0332 0.1960 0.0060
Car 0.0000 0 -1.1964 674.1836 164.0071 747.9636 202.9184 1.5112 1.7168 3.9811 4.4881 0.8722 29.6080 -1.0457 0.0060
Car 0.0000 0 -0.9848 553.5485 164.0984 630.9105 200.5293 1.5669 1.7438 3.7888 -0.5434 0.8629 32.4697 -0.9995 0.0060
Car 0.0000 0 -3.3603 0.0000 0.0000 1224.0000 370.0000 1.5686 1.6443 3.4440 12.5783 0.7753 0.5661 -1.8589 0.0060
Car 0.0000 0 1.5733 618.8703 161.6198 660.8521 200.9230 1.5509 1.6570 4.3449 1.4665 0.8074 30.1073 1.6234 0.0059
Car 0.0000 0 -1.6882 564.0142 162.9151 610.2291 199.4203 1.6143 1.7136 4.0465 -0.9228 0.8381 33.3853 -1.7138 0.0059
Cyclist 0.0000 0 -1.6606 831.6960 162.3453 865.0890 264.9887 1.6896 0.3754 1.8599 4.2663 1.3924 12.5818 -1.3395 0.0059
Car 0.0000 0 0.0048 0.0000 0.0000 1224.0000 370.0000 1.4708 1.6572 3.8485 -24.4392 1.8751 0.3171 -1.5382 0.0059
Car 0.0000 0 -1.0865 556.3974 163.6323 628.9905 200.6058 1.6072 1.7363 3.9365 -0.5202 0.8754 32.8770 -1.1003 0.0059
Car 0.0000 0 -1.1707 675.2695 165.1523 748.9634 203.9303 1.5031 1.6853 3.8081 4.5040 0.9097 29.4653 -1.0188 0.0059
Car 0.0000 0 -3.1213 637.1846 169.9446 730.5518 206.1924 1.4411 1.6626 3.7211 3.2317 1.0229 29.1722 -3.0104 0.0059
Car 0.0000 0 0.1277 545.8920 166.8825 641.4042 201.7002 1.5436 1.7408 4.1940 -0.4971 0.9414 32.4458 0.1143 0.0059
Car 0.0000 0 -1.7312 542.3807 161.6729 591.0248 197.9518 1.5577 1.6319 3.8249 -1.8317 0.7508 32.3960 -1.7852 0.0058
Car 0.0000 0 3.0104 580.2030 165.6031 688.4454 202.8685 1.4742 1.6726 4.2502 1.1308 0.8864 28.9913 3.0508 0.0058
Car 0.0000 0 1.3660 612.0363 164.0406 672.1544 203.1145 1.5220 1.6974 4.1789 1.4560 0.8824 29.7304 1.4163 0.0058
Cyclist 0.0000 0 -2.1067 974.5573 152.1821 1062.4609 249.5295 1.7220 0.5342 1.8881 7.7688 1.2228 13.4519 -1.5914 0.0058
Cyclist 0.0000 0 -0.4969 11.6420 171.0189 129.6041 270.8781 1.6906 0.5399 1.6466 -9.6882 1.5318 12.8253 -1.1302 0.0057
Car 0.0000 0 -1.6120 635.3571 165.6434 679.2104 204.1647 1.5287 1.6879 3.8424 2.1369 0.9406 30.0003 -1.5398 0.0057
Car 0.0000 0 -1.3219 672.3599 165.2267 731.4932 202.9716 1.4799 1.6187 3.6175 4.1073 0.8826 29.6980 -1.1841 0.0057
Car 0.0000 0 -1.6499 605.6326 168.3133 649.2396 200.4193 1.3884 1.7260 3.3340 0.9558 0.8629 32.2784 -1.6188 0.0057
Cyclist 0.0000 0 -1.7825 975.6738 163.2541 1021.8530 245.8762 1.5464 0.4628 1.5763 7.7583 1.2253 14.0500 -1.2858 0.0057
Car 0.0000 0 2.1256 547.7259 164.7309 624.5835 200.3089 1.5045 1.7359 3.7842 -0.8063 0.8391 31.9652 2.1025 0.0057
Car 0.0000 0 1.5578 629.8340 168.0274 674.3055 207.2086 1.5090 1.7118 3.8427 1.8908 1.0301 29.1896 1.6236 0.0056
Car 0.0000 0 2.4832 542.3386 165.7582 628.9100 200.1283 1.4559 1.6671 3.6206 -0.8586 0.8329 31.7344 2.4583 0.0056
Car 0.0000 0 -0.7209 649.3602 166.0121 754.3630 205.2067 1.5631 1.7783 4.3398 4.1408 0.9868 30.1306 -0.5839 0.0056
Car 0.0000 0 2.8711 510.3659 159.3676 613.5333 196.5016 1.5790 1.6642 4.3074 -1.9470 0.6819 31.5439 2.8121 0.0056
Car 0.0000 0 1.4749 685.8209 170.0810 735.8961 206.6340 1.3821 1.6437 3.6934 4.1947 0.9896 28.6139 1.6207 0.0056
Car 0.0000 0 2.1360 556.0149 165.2640 626.0233 200.5615 1.5139 1.6429 3.3520 -0.6054 0.8619 32.1778 2.1192 0.0055
Cyclist 0.0000 0 -2.1418 968.7651 153.8935 1053.9139 251.6071 1.7018 0.4526 1.8157 7.5089 1.2401 13.2295 -1.6341 0.0055
Car 0.0000 0 2.0997 529.0019 161.5268 611.5787 200.3949 1.5572 1.6159 4.2912 -1.4341 0.7986 30.5976 2.0553 0.0055
Car 0.0000 0 1.9859 530.6842 159.7776 606.3067 199.8054 1.5801 1.6111 4.3192 -1.4890 0.7636 30.2104 1.9391 0.0055
Car 0.0000 0 -1.4835 632.3758 167.0875 679.5605 205.4262 1.5012 1.6552 3.6675 2.1697 0.9775 29.6231 -1.4093 0.0055
Cyclist 0.0000 0 0.1605 0.0000 0.0000 1224.0000 370.0000 1.7664 0.4050 1.7129 11.8838 1.0428 -0.0247 1.7075 0.0055
Car 0.0000 0 1.9573 553.9634 165.6695 619.5256 201.1836 1.4856 1.6710 3.6425 -0.7696 0.8667 31.5708 1.9351 0.0055
Car 0.0000 0 -1.3519 636.7173 167.2868 693.5159 204.8578 1.4773 1.6664 3.4432 2.5588 0.9593 29.6898 -1.2650 0.0055
Cyclist 0.0000 0 1.1660 989.4957 163.5710 1046.7841 229.1375 1.5576 0.6194 1.6563 10.2439 1.1571 17.6503 1.6857 0.0055
Car 0.0000 0 3.0099 576.8714 168.1115 661.8790 200.7067 1.4886 1.6069 3.8236 0.6246 0.9243 33.2966 3.0303 0.0054
Pedestrian 0.0000 0 -1.8613 95.3094 158.6317 142.1513 258.9347 1.8176 0.5465 0.7171 -9.1572 1.4229 13.2462 -2.4531 0.0054
Car 0.0000 0 2.0835 544.1671 163.1364 617.1330 200.1187 1.5362 1.6383 3.6762 -1.0359 0.8164 31.3743 2.0527 0.0054
Car 0.0000 0 -2.9854 615.8586 166.1059 713.2979 203.8335 1.5308 1.5760 3.9112 2.5202 0.9483 29.9159 -2.9004 0.0054
Car 0.0000 0 1.6917 192.1000 201.3559 250.6777 244.2374 1.4158 1.5361 3.5985 -14.7018 2.2773 27.1954 1.2024 0.0054
Car 0.0000 0 -2.7717 527.7456 164.8330 621.3104 199.1000 1.5170 1.6816 3.9908 -1.4190 0.8249 32.7359 -2.8127 0.0054
Car 0.0000 0 1.5395 189.2260 201.3769 238.8200 245.1573 1.4395 1.5619 3.6102 -15.0297 2.2976 27.0557 1.0388 0.0054
Car 0.0000 0 -1.8485 549.7249 161.9891 607.5934 198.2440 1.5862 1.6636 4.0205 -1.3183 0.7778 33.0975 -1.8860 0.0053
Cyclist 0.0000 0 -1.9215 973.0739 159.4697 1039.1703 247.9434 1.6231 0.5717 1.6566 7.7651 1.2389 13.8284 -1.4179 0.0053
Car 0.0000 0 -0.8747 550.0179 165.5551 631.9130 201.8029 1.5602 1.7398 3.7731 -0.6090 0.9184 32.4423 -0.8915 0.0053
Car 0.0000 0 2.4852 507.6777 158.2690 611.8098 195.8916 1.5275 1.6318 4.4497 -1.9285 0.6264 30.7777 2.4253 0.0053
Pedestrian 0.0000 0 -1.4822 971.8389 157.2784 1005.6568 243.1331 1.6325 0.5377 0.5815 7.4684 1.1926 13.8294 -0.9949 0.0052
Car 0.0000 0 -1.5179 543.3491 161.3901 583.0522 197.8441 1.5550 1.5882 3.8777 -1.8620 0.7413 32.0962 -1.5734 0.0052
Car 0.0000 0 1.5089 598.3736 168.4092 639.8565 202.8865 1.4361 1.6112 3.5326 0.5532 0.9339 31.2447 1.5283 0.0052
Car 0.0000 0 0.5584 0.0000 0.0000 1224.0000 370.0000 1.5509 1.4389 3.6136 -5.0484 1.6173 -0.0828 -0.9631 0.0052
Car 0.0000 0 0.2128 545.5483 166.3551 633.3304 200.6172 1.5069 1.6198 3.7448 -0.7013 0.8863 32.2470 0.1932 0.0052
Car 0.0000 0 -2.9637 0.0000 0.0000 1224.0000 370.0000 1.6293 1.6498 3.4132 5.9595 1.5922 -0.1641 -1.4181 0.0052
Pedestrian 0.0000 0 1.7327 1116.8645 177.4866 1206.1071 370.0000 1.5733 0.4355 0.7820 4.1865 1.5539 5.3728 2.3682 0.0052
Car 0.0000 0 0.6572 572.7081 166.8260 662.0550 200.9107 1.4435 1.7297 3.7365 0.5064 0.8659 31.7812 0.6748 0.0052
Car 0.0000 0 -1.1446 676.3240 164.9494 750.7360 203.1368 1.4721 1.6526 3.7212 4.5277 0.8741 29.2596 -0.9909 0.0051
Car 0.0000 0 1.1001 680.6368 162.5042 773.8494 206.1620 1.5280 1.7230 4.3219 4.5355 0.8997 27.0619 1.2661 0.0051
Car 0.0000 0 -2.6410 0.0000 0.0000 1224.0000 370.0000 1.6086 1.6876 3.8112 13.1383 0.6890 0.5716 -1.1369 0.0051
Car 0.0000 0 -0.0432 657.5314 167.1763 751.9526 203.2478 1.4356 1.6189 3.7479 4.0358 0.9068 29.1184 0.0948 0.0051
Car 0.0000 0 -1.8952 546.8843 161.8173 608.9178 198.9119 1.6104 1.6783 4.0358 -1.3476 0.8008 32.8750 -1.9339 0.0050
Cyclist 0.0000 0 0.1794 0.0000 0.0000 1224.0000 370.0000 1.5814 0.3938 1.6532 -6.6082 1.6064 0.5281 -1.2615 0.0050
Pedestrian 0.0000 0 1.6132 778.6515 175.4141 803.5519 241.5716 1.6273 0.5850 0.5089 4.6293 1.5038 17.7147 1.8660 0.0050
Car 0.0000 0 0.2460 0.0000 0.0000 1224.0000 370.0000 1.4714 1.7301 4.2870 -29.7048 1.9997 0.0506 -1.3106 0.0050
Car 0.0000 0 -1.8659 615.9154 165.9133 680.5571 204.9196 1.5279 1.6525 3.8652 1.7215 0.9580 29.7628 -1.8070 0.0050
Car 0.0000 0 1.5432 678.3433 171.9512 724.4018 208.9422 1.3929 1.7249 3.7128 3.8076 1.0725 28.5561 1.6760 0.0050
Car 0.0000 0 0.1246 651.9931 169.1907 746.3474 205.4571 1.4276 1.6591 3.6723 3.8757 0.9839 29.0969 0.2574 0.0050
Car 0.0000 0 -3.1764 0.0000 0.0000 1224.0000 370.0000 1.5233 1.4399 3.0764 12.3553 0.8101 1.1041 -1.7193 0.0050
Car 0.0000 0 2.9571 624.1768 171.2789 717.7192 206.5253 1.3986 1.6541 3.5803 2.6429 1.0342 29.0401 3.0487 0.0050
Car 0.0000 0 2.7852 0.0000 0.0000 1224.0000 370.0000 1.4612 1.5977 3.4529 -24.0962 1.8480 0.1274 1.2346 0.0050
Car 0.0000 0 0.0502 655.3600 154.1701 730.6286 183.5344 1.6429 1.7660 4.2226 5.0950 0.1712 40.7920 0.1755 0.0050
Car 0.0000 0 2.5645 525.4089 161.1922 620.0698 198.7434 1.5688 1.6225 3.9449 -1.4174 0.7636 31.3397 2.5216 0.0050
Car 0.0000 0 2.0393 599.3336 165.5574 681.3749 205.4357 1.4253 1.6046 3.8329 1.4150 0.8928 27.3277 2.0924 0.0050
Car 0.0000 0 1.8587 597.7476 164.2950 660.8834 202.5453 1.4855 1.5957 3.8775 1.0648 0.8576 29.5457 1.8962 0.0049
Pedestrian 0.0000 0 -1.4834 972.3494 158.0630 1005.8254 243.0333 1.6160 0.5335 0.5640 7.4719 1.1909 13.8240 -0.9957 0.0049
Cyclist 0.0000 0 -2.1982 1017.9844 159.3584 1095.7777 256.7933 1.6915 0.3981 1.4834 8.2432 1.3261 13.0235 -1.6432 0.0049
Car 0.0000 0 -1.1047 548.7259 162.5695 618.8447 199.6237 1.5792 1.7145 3.6731 -0.9193 0.8165 32.1556 -1.1311 0.0049
Car 0.0000 0 0.3118 672.4078 161.7442 800.6937 205.0903 1.5697 1.7624 4.5793 5.0574 0.8920 27.4611 0.4937 0.0049
Car 0.0000 0 -2.9660 545.5474 167.3624 632.5391 200.0561 1.4917 1.6748 3.8726 -0.7381 0.8937 33.3818 -2.9860 0.0049
Pedestrian 0.0000 0 -1.8220 983.2937 163.5172 1027.8494 244.7977 1.5468 0.6220 0.6039 7.7789 1.2253 13.8211 -1.3174 0.0049
Car 0.0000 0 -1.2771 672.4367 165.8234 734.9990 203.7316 1.4815 1.6361 3.5416 4.1642 0.9094 29.5778 -1.1369 0.0049
Pedestrian 0.0000 0 -1.8373 982.6527 163.0238 1027.7173 244.8255 1.5566 0.6193 0.6231 7.7734 1.2257 13.8253 -1.3332 0.0049
Car 0.0000 0 -0.2520 646.4059 169.1704 746.4166 205.4617 1.4594 1.6731 3.8401 3.7504 1.0053 29.4977 -0.1251 0.0048
Car 0.0000 0 2.2274 192.6113 201.7470 291.5966 245.3513 1.4523 1.5041 3.6025 -13.9346 2.3323 27.3177 1.7617 0.0048
Car 0.0000 0 2.8569 593.0888 167.1568 694.5682 204.1503 1.4355 1.6229 3.8034 1.5251 0.9192 28.6551 2.9114 0.0048
Car 0.0000 0 0.8232 135.7045 192.4884 258.2030 234.0367 1.4315 1.7355 4.0211 -15.3701 1.9087 26.6162 0.3062 0.0048
Car 0.0000 0 -0.4815 666.0704 163.2020 783.8937 203.0907 1.5548 1.7729 4.4670 4.9018 0.8821 29.0894 -0.3145 0.0048
Car 0.0000 0 -1.6001 567.7714 162.0439 606.1062 198.7398 1.6137 1.6744 4.0092 -0.9169 0.8035 33.1342 -1.6256 0.0048
Car 0.0000 0 1.7289 191.7568 201.4889 253.6094 244.5804 1.4278 1.5254 3.6458 -14.7111 2.2988 27.3148 1.2411 0.0047
Car 0.0000 0 0.9734 674.7948 164.6425 774.8052 206.3019 1.4920 1.7335 4.2728 4.5450 0.9256 27.6209 1.1365 0.0047
Car 0.0000 0 -0.6502 654.9298 163.9096 763.6910 202.9700 1.5457 1.7691 4.3532 4.3964 0.8907 29.7991 -0.5035 0.0047
Car 0.0000 0 0.2377 668.9159 162.4373 793.7999 204.5740 1.5575 1.7886 4.5529 4.9476 0.8914 27.8628 0.4133 0.0047
Car 0.0000 0 -3.1440 606.0613 168.2587 697.5451 204.2708 1.4361 1.5723 3.6549 1.8929 0.9494 29.0911 -3.0779 0.0047
Car 0.0000 0 2.9059 581.3214 166.2872 692.1692 204.2130 1.4706 1.6439 4.2143 1.2301 0.9210 28.6195 2.9502 0.0047
Car 0.0000 0 -2.8053 0.0000 0.0000 1224.0000 370.0000 1.6243 1.7650 3.8595 12.7885 1.0063 0.1788 -1.2724 0.0047
Car 0.0000 0 0.2656 655.1931 168.9554 753.6068 205.1427 1.3995 1.6002 3.6794 4.0271 0.9545 28.7991 0.4049 0.0047
Cyclist 0.0000 0 0.5251 25.2703 167.3557 146.5676 269.9550 1.8189 0.5126 1.7681 -9.4665 1.5876 12.8695 -0.0956 0.0047
Pedestrian 0.0000 0 1.2213 1111.4205 176.2863 1224.0000 370.0000 1.5736 0.4437 0.7227 4.2048 1.5457 5.3763 1.8586 0.0047
Car 0.0000 0 -1.6666 624.4097 163.5027 673.6430 203.6423 1.5938 1.6853 4.3046 1.7889 0.9204 30.2496 -1.6063 0.0047
Car 0.0000 0 1.2677 0.0000 188.0571 13.3834 238.0422 1.4026 1.6278 4.0002 -20.3777 1.6583 22.0673 0.5309 0.0046
Car 0.0000 0 1.1035 671.8695 169.0171 755.8135 206.6745 1.3790 1.7489 3.7878 4.1902 0.9600 27.9599 1.2524 0.0046
Cyclist 0.0000 0 -3.0506 0.0000 0.0000 1224.0000 370.0000 1.7332 0.3789 1.6605 12.2033 0.9089 0.4694 -1.5434 0.0046
Car 0.0000 0 -2.9038 0.0000 0.0000 1224.0000 370.0000 1.6276 1.7116 3.6158 5.8583 1.6186 -0.2089 -1.3510 0.0046
Cyclist 0.0000 0 -3.6052 965.4473 161.2217 1061.8704 245.6768 1.6112 0.6083 1.5225 7.9273 1.2450 13.8244 -3.0927 0.0046
Car 0.0000 0 1.7242 191.7462 201.1237 255.1146 244.5174 1.4323 1.5711 3.7975 -14.6866 2.2911 27.3335 1.2373 0.0046
Car 0.0000 0 0.0213 670.8752 162.3787 789.5120 203.2829 1.5579 1.8193 4.5216 4.9606 0.8693 28.2555 0.1951 0.0046
Car 0.0000 0 -0.5878 644.7487 165.1674 749.2596 204.2555 1.5588 1.7266 4.1131 3.8767 0.9489 29.8765 -0.4583 0.0046
Car 0.0000 0 1.8611 617.2676 169.3789 680.4122 207.2088 1.4217 1.5863 3.5563 1.8068 1.0053 28.5096 1.9255 0.0046
Pedestrian 0.0000 0 2.7014 664.9678 168.5271 696.2582 241.6422 1.8007 0.5732 0.5937 1.8604 1.5074 17.7769 2.8055 0.0045
Car 0.0000 0 2.6045 593.4417 165.1559 692.7416 203.4467 1.4459 1.6111 3.6531 1.5081 0.8680 28.2545 2.6591 0.0045
Car 0.0000 0 -0.5614 652.8199 163.1540 771.5468 203.0216 1.5816 1.7932 4.7202 4.5082 0.8950 29.8102 -0.4110 0.0045
Car 0.0000 0 2.1942 594.4586 166.2248 684.6346 205.1671 1.4133 1.5866 3.8204 1.3898 0.8967 27.6425 2.2458 0.0045
Car 0.0000 0 -1.3516 558.3124 162.0467 611.9539 200.1238 1.6532 1.6926 3.7779 -0.8731 0.8535 32.7106 -1.3761 0.0045
Car 0.0000 0 2.7834 0.0000 0.0000 1224.0000 370.0000 1.4748 1.7153 4.1307 -24.6447 1.8771 1.3329 1.2813 0.0045
Car 0.0000 0 2.2445 192.1350 201.7024 290.8622 245.3661 1.4550 1.5119 3.5129 -13.9285 2.3301 27.2509 1.7781 0.0045
Car 0.0000 0 -1.2438 543.3006 161.4265 604.7816 198.9592 1.6022 1.6312 3.8957 -1.3608 0.7894 32.2758 -1.2836 0.0045
Pedestrian 0.0000 0 -3.1055 778.7078 160.8378 790.2511 187.0406 1.8009 0.8142 0.7484 12.4671 0.4508 49.0862 -2.8566 0.0045
Car 0.0000 0 -4.1386 0.0000 0.0000 1224.0000 370.0000 1.4966 1.7026 3.6075 9.8073 1.3546 0.0326 -2.6026 0.0045
Car 0.0000 0 3.0862 589.9371 166.2515 692.1840 202.9240 1.4626 1.6535 4.0808 1.4112 0.8958 29.0326 3.1361 0.0045
Car 0.0000 0 -3.2202 0.0000 0.0000 1224.0000 370.0000 1.5712 1.5853 3.2284 12.5794 0.7789 0.9326 -1.7476 0.0045
Car 0.0000 0 2.6388 607.8137 170.1243 701.5676 206.6005 1.4096 1.5665 3.4804 1.9996 1.0101 28.7583 2.7092 0.0045
Car 0.0000 0 2.3021 591.1351 165.3605 686.5803 204.9690 1.4491 1.5652 3.8631 1.3617 0.8967 27.7855 2.3524 0.0044
Car 0.0000 0 1.9521 610.8596 168.9543 686.4797 209.9574 1.4645 1.6050 3.8219 1.7364 1.0537 27.3196 2.0166 0.0044
Car 0.0000 0 -1.3113 667.5753 168.1803 726.7535 204.8909 1.4108 1.6184 3.2797 3.8075 0.9389 28.9915 -1.1803 0.0044
Car 0.0000 0 1.7448 630.7643 171.1477 686.4172 209.1708 1.4531 1.6760 3.5761 2.2322 1.0972 28.9562 1.8227 0.0044
Car 0.0000 0 1.4248 595.4255 167.6357 647.4194 203.3497 1.5087 1.7924 3.8718 0.6554 0.9667 31.8952 1.4469 0.0044
Car 0.0000 0 -0.6945 656.1476 161.6409 766.7339 201.7450 1.5820 1.8196 4.4893 4.4993 0.8395 29.8264 -0.5445 0.0044
Car 0.0000 0 -2.4947 393.9211 168.6723 557.2155 229.0903 1.5744 1.7630 4.4239 -3.7578 1.2678 20.2034 -2.6739 0.0044
Car 0.0000 0 2.4117 589.6200 165.4598 690.1191 205.0791 1.4601 1.5855 3.8939 1.3945 0.9073 27.8907 2.4629 0.0044
Car 0.0000 0 -2.7813 538.3792 165.8374 636.2535 200.3005 1.5083 1.7566 4.1379 -0.8201 0.8680 32.4520 -2.8045 0.0044
Car 0.0000 0 1.9426 192.2410 202.6085 270.8354 245.8791 1.4439 1.4967 3.4868 -14.3223 2.3545 27.2538 1.4649 0.0043
Car 0.0000 0 0.9832 674.7452 162.5072 776.6647 206.0059 1.5390 1.7580 4.3409 4.5287 0.9040 27.3512 1.1472 0.0043
Car 0.0000 0 2.9042 638.0764 172.5635 743.1195 210.5620 1.4161 1.6495 3.7543 3.2470 1.1218 27.3866 3.0226 0.0043
Car 0.0000 0 -1.3974 0.0000 175.8878 28.0353 220.2912 1.5260 1.7529 3.8652 -23.0585 1.3690 26.4028 -2.1076 0.0043
Cyclist 0.0000 0 0.6171 35.2994 169.6883 145.6758 270.8183 1.8099 0.4915 1.6568 -9.4114 1.6180 12.8946 0.0000 0.0043
Car 0.0000 0 -2.8155 638.8019 170.2306 755.9349 208.2544 1.4242 1.7042 4.3128 3.6446 1.0411 28.1911 -2.6866 0.0043
Car 0.0000 0 1.1273 0.0000 0.0000 1224.0000 370.0000 1.4380 1.5736 3.9357 -29.5954 1.9865 0.0018 -0.4309 0.0043
Car 0.0000 0 -0.2699 670.2726 163.1602 790.6685 203.0124 1.5540 1.8166 4.4851 5.0098 0.8793 28.6863 -0.0970 0.0043
Car 0.0000 0 2.6548 580.2113 164.7426 691.5396 203.9371 1.4742 1.6301 4.1599 1.2206 0.8831 28.2160 2.6994 0.0043
Car 0.0000 0 -1.3186 661.2334 166.0416 723.4791 204.5371 1.5238 1.6964 3.9579 3.7698 0.9530 30.1356 -1.1936 0.0043
Car 0.0000 0 -2.5873 401.6816 166.1508 569.1614 230.4861 1.6781 1.7874 4.4195 -3.4366 1.3054 20.1034 -2.7521 0.0042
Car 0.0000 0 0.0485 0.0000 0.0000 1224.0000 370.0000 1.6094 1.5853 3.9547 -22.0566 1.6950 -0.2314 -1.5166 0.0042
Car 0.0000 0 -2.8249 652.6473 170.7125 752.9789 207.4355 1.4141 1.5775 3.7361 3.9469 1.0387 28.7482 -2.6882 0.0042
Car 0.0000 0 -4.4916 0.0000 0.0000 1224.0000 370.0000 1.4600 1.5094 3.8124 16.1150 0.8498 -0.1327 -2.9313 0.0042
Car 0.0000 0 -0.0618 663.0180 153.4010 741.7328 183.1570 1.6739 1.7875 4.3972 5.5569 0.1509 40.8240 0.0744 0.0042
Car 0.0000 0 0.0515 634.4741 157.9831 705.4870 187.3017 1.6520 1.6651 4.0144 3.7833 0.3846 40.9478 0.1448 0.0042
Car 0.0000 0 -2.8707 612.1761 167.7740 705.3782 204.5459 1.4601 1.5817 3.5751 2.2249 0.9563 29.4224 -2.7942 0.0042
Cyclist 0.0000 0 0.7172 80.2446 175.0365 179.6208 266.4471 1.6201 0.4462 1.6130 -8.6782 1.5249 12.8574 0.1366 0.0042
Car 0.0000 0 0.9881 669.1207 166.7076 761.4941 206.7452 1.4438 1.7175 3.8466 4.1912 0.9480 27.5983 1.1389 0.0042
Car 0.0000 0 0.9932 0.0000 187.8920 22.2629 236.4838 1.3938 1.5397 3.6478 -20.2363 1.6365 21.8478 0.2550 0.0041
Car 0.0000 0 1.1034 671.8790 162.4749 771.4281 206.5715 1.4975 1.8397 4.4474 4.2017 0.8869 26.4048 1.2612 0.0041
Car 0.0000 0 -2.5331 389.7831 173.0906 555.0651 231.4755 1.4935 1.7344 4.3305 -3.7539 1.3055 19.7650 -2.7160 0.0041
Car 0.0000 0 1.9782 552.1068 165.4505 620.3511 202.1767 1.5357 1.7271 3.6754 -0.7916 0.9079 31.5872 1.9553 0.0041
Car 0.0000 0 1.1023 671.6312 163.9536 761.0063 205.2848 1.4523 1.7026 4.0764 4.1274 0.8724 27.0422 1.2538 0.0041
Car 0.0000 0 -0.4347 889.5161 172.0619 1091.5179 231.7880 1.5072 1.6823 4.4199 10.0766 1.2958 18.7921 0.0521 0.0041
Car 0.0000 0 -0.2901 641.6707 171.2990 749.1308 210.0859 1.4366 1.6199 3.8092 3.4284 1.0973 27.2942 -0.1648 0.0041
Car 0.0000 0 1.7313 630.4126 167.7426 688.2979 208.3008 1.4260 1.6139 3.7236 2.1055 0.9790 26.8548 1.8105 0.0041
Car 0.0000 0 -0.3309 541.3586 166.5629 630.1542 200.7009 1.4766 1.5875 3.6987 -0.8952 0.8752 31.9665 -0.3567 0.0041
Car 0.0000 0 -2.9252 0.0000 0.0000 1224.0000 370.0000 1.5622 1.6691 3.3790 5.8726 1.4776 -0.1305 -1.3858 0.0041
Car 0.0000 0 -1.7156 622.8386 165.2399 676.0748 204.1734 1.5360 1.6646 4.1296 1.7913 0.9354 30.0162 -1.6548 0.0041
Car 0.0000 0 -2.0639 0.0000 186.1309 17.6514 236.7520 1.4404 1.5761 4.0323 -20.4047 1.6271 21.8343 -2.8066 0.0041
Car 0.0000 0 2.2858 590.9612 164.6354 687.0065 204.3904 1.4595 1.5800 3.9563 1.3780 0.8786 27.9258 2.3365 0.0041
Cyclist 0.0000 0 1.9016 61.4589 182.1210 125.8520 276.3528 1.6234 0.4498 1.6055 -9.4383 1.6568 13.0380 1.2882 0.0040
Pedestrian 0.0000 0 -1.2422 0.0000 0.0000 1224.0000 370.0000 1.8274 0.4856 0.5922 11.9250 1.2551 0.0784 0.2963 0.0040
Car 0.0000 0 1.2790 459.4223 170.0602 577.4942 236.1078 1.5363 1.8746 4.5722 -2.4938 1.2951 18.9114 1.1519 0.0040
Car 0.0000 0 1.1043 671.2151 165.2897 759.4721 206.9700 1.4765 1.7334 3.9825 4.1198 0.9392 27.2035 1.2547 0.0040
Pedestrian 0.0000 0 -1.5729 967.5718 159.0136 999.1947 241.7498 1.5992 0.5436 0.6093 7.4757 1.1855 14.0569 -1.0917 0.0040
Car 0.0000 0 -2.5648 398.1136 167.4756 567.6943 230.7791 1.6439 1.8013 4.4920 -3.5094 1.3072 20.0738 -2.7334 0.0040
Car 0.0000 0 2.0449 546.1050 164.2833 615.5287 201.1452 1.5269 1.5204 3.7530 -1.0234 0.8566 31.3035 2.0144 0.0040
Car 0.0000 0 -1.5589 604.1430 168.0904 642.9833 200.7148 1.4088 1.6785 3.2002 0.8443 0.8744 32.1585 -1.5311 0.0040
Car 0.0000 0 1.4478 666.7757 167.0970 726.6735 208.9261 1.4611 1.7413 4.0578 3.3556 0.9944 26.7229 1.5731 0.0040
Cyclist 0.0000 0 -1.9320 957.9871 160.8674 1017.3102 244.5737 1.5608 0.4305 1.7441 7.5382 1.1964 14.0710 -1.4478 0.0040
Car 0.0000 0 -2.7381 525.8937 165.3416 620.1901 199.2926 1.5166 1.7201 4.0616 -1.5078 0.8409 33.0999 -2.7813 0.0040
Car 0.0000 0 1.5372 934.6632 170.5550 1012.5015 237.1187 1.5975 1.6847 4.0237 9.8263 1.3604 19.1431 2.0063 0.0040
Car 0.0000 0 -1.3321 671.3638 165.5184 731.4641 203.7277 1.5018 1.6662 3.7784 4.1109 0.9145 29.8485 -1.1948 0.0040
Car 0.0000 0 2.4209 199.9822 201.5813 312.2284 245.7404 1.4622 1.5116 3.8655 -13.4603 2.3445 27.4617 1.9710 0.0039
Car 0.0000 0 2.0538 612.9042 169.4410 688.3739 207.9275 1.4288 1.5284 3.5370 1.8528 1.0198 28.1520 2.1206 0.0039
Car 0.0000 0 1.2620 460.2480 173.0899 574.1784 236.5816 1.4676 1.6979 4.4529 -2.4940 1.2980 18.7152 1.1335 0.0039
Car 0.0000 0 2.2037 194.5479 202.1535 294.4568 245.8759 1.4537 1.5079 3.7623 -13.8994 2.3566 27.4466 1.7409 0.0039
Car 0.0000 0 2.0208 554.4053 167.1553 620.5016 201.2813 1.4438 1.6061 3.5053 -0.7504 0.8807 31.8373 1.9993 0.0039
Car 0.0000 0 -1.3917 636.3343 165.1213 691.2155 203.8328 1.5350 1.6847 3.7248 2.5381 0.9267 30.0483 -1.3065 0.0039
Car 0.0000 0 -2.7652 521.1676 164.5387 625.9739 199.6026 1.5822 1.8067 4.6231 -1.4997 0.8635 33.5112 -2.8076 0.0039
Car 0.0000 0 -3.1439 638.3389 172.4094 735.7699 207.1648 1.3727 1.6300 3.8515 3.3185 1.0547 28.9466 -3.0292 0.0039
Car 0.0000 0 0.7104 146.3474 199.8646 269.0352 242.3944 1.4672 1.5893 3.9636 -14.9682 2.2309 26.6442 0.2050 0.0039
Car 0.0000 0 -0.3407 560.5245 169.3527 666.1950 203.7962 1.4845 1.9596 4.3960 0.3445 1.0055 32.1041 -0.3283 0.0039
Car 0.0000 0 -1.3803 635.9841 165.4357 692.0358 203.6401 1.5186 1.6867 3.8220 2.5607 0.9213 30.1674 -1.2947 0.0039
Car 0.0000 0 -2.9129 655.4161 169.4933 755.0007 206.7805 1.4370 1.6230 3.7288 4.0472 1.0143 28.6731 -2.7725 0.0039
Car 0.0000 0 1.8760 643.7171 168.8843 714.1239 207.1294 1.4470 1.7136 4.0944 3.0822 1.0090 28.9650 1.9827 0.0039
Car 0.0000 0 -1.3677 669.0355 166.7158 724.1695 204.3616 1.4782 1.6213 3.5012 3.8779 0.9385 29.6781 -1.2373 0.0039
Car 0.0000 0 -3.2527 650.3551 170.9899 744.2168 208.0929 1.4029 1.5975 3.4671 3.5177 1.0448 27.5555 -3.1253 0.0038
Car 0.0000 0 -2.5060 0.0000 0.0000 1224.0000 370.0000 1.5912 1.6800 4.2445 20.5892 0.6103 1.4513 -1.0198 0.0038
Car 0.0000 0 0.0156 592.3474 166.5317 680.2935 199.4422 1.4621 1.7944 3.9182 1.4244 0.8430 32.4206 0.0609 0.0038
Car 0.0000 0 -4.5600 0.0000 0.0000 1224.0000 370.0000 1.4357 1.5144 4.0245 16.2901 0.8792 -0.0599 -3.0040 0.0038
Car 0.0000 0 0.1950 664.5104 165.9488 768.9511 204.4107 1.4805 1.7240 3.9288 4.5223 0.9219 28.6971 0.3514 0.0038
Car 0.0000 0 -1.6403 605.4387 168.8578 648.2456 202.0789 1.4279 1.7013 3.4945 0.9233 0.9290 32.1640 -1.6101 0.0038
Car 0.0000 0 0.1362 0.0000 0.0000 1224.0000 370.0000 1.4312 1.5711 3.9182 -30.0649 1.8981 0.1056 -1.4187 0.0038
Car 0.0000 0 -2.4213 0.0000 0.0000 1224.0000 370.0000 1.6394 1.7171 3.9934 13.3300 0.7935 0.8075 -0.9338 0.0038
Car 0.0000 0 1.2489 584.0320 168.9639 640.1400 202.0764 1.3988 1.5484 3.2850 0.2455 0.9129 31.6645 1.2584 0.0038
Car 0.0000 0 1.0555 0.0000 182.4701 23.1778 235.1070 1.5319 1.6531 4.1045 -20.5520 1.5990 22.1002 0.3153 0.0038
Car 0.0000 0 1.2847 670.3215 166.6637 744.0949 207.9179 1.4551 1.7126 4.0080 3.7874 0.9686 27.0407 1.4241 0.0038
Car 0.0000 0 1.3627 673.4895 172.8844 734.0388 208.9735 1.3433 1.6977 3.4253 3.8289 1.0613 28.0820 1.4984 0.0038
Car 0.0000 0 -2.9434 585.1146 165.1874 693.7134 202.9848 1.5007 1.6923 4.2627 1.4323 0.8942 29.4110 -2.8934 0.0038
Car 0.0000 0 3.5851 104.0595 193.0929 260.1838 234.4894 1.4368 1.7626 4.6828 -15.6230 1.9256 26.2719 3.0555 0.0037
Car 0.0000 0 1.5363 672.5850 164.7699 723.7945 207.6694 1.4834 1.7485 4.0707 3.3980 0.9410 26.5523 1.6639 0.0037
Car 0.0000 0 -1.3767 653.3833 163.9502 713.9025 203.8985 1.5894 1.8090 4.1817 3.4337 0.9325 30.3932 -1.2636 0.0037
Car 0.0000 0 2.3157 0.0000 183.2286 111.1635 240.5009 1.4347 1.7847 4.8795 -17.0063 1.5247 20.4325 1.6310 0.0037
Car 0.0000 0 -1.6044 636.0228 164.6097 678.5815 203.5976 1.5503 1.6649 3.9134 2.1455 0.9199 30.0964 -1.5322 0.0037
Car 0.0000 0 -1.6740 555.6287 161.6826 600.1489 199.7601 1.6474 1.6605 3.8363 -1.3244 0.8347 32.6002 -1.7123 0.0037
Car 0.0000 0 1.1990 667.7718 171.0893 737.6218 208.1262 1.3703 1.6506 3.2633 3.7676 1.0236 27.9343 1.3333 0.0037
Car 0.0000 0 -0.4013 658.8685 164.4325 770.3911 203.0195 1.5321 1.7698 4.2349 4.5179 0.8956 29.4467 -0.2488 0.0037
Car 0.0000 0 2.3308 535.1575 164.2967 619.6631 200.0632 1.4897 1.6050 3.7475 -1.1922 0.8163 31.3787 2.2951 0.0037
Car 0.0000 0 -1.1390 573.1837 167.6473 635.0501 199.6319 1.4481 1.6978 3.3958 -0.0069 0.8676 33.9033 -1.1373 0.0037
Car 0.0000 0 2.9737 617.5895 170.7178 709.7779 205.4358 1.3828 1.6404 3.5582 2.3520 0.9947 29.1270 3.0552 0.0037
Car 0.0000 0 3.1295 372.8675 179.1537 570.4587 240.9679 1.4498 1.7955 4.6783 -3.3593 1.4198 17.9072 2.9491 0.0036
Car 0.0000 0 1.7863 565.9011 169.9782 619.5678 203.5397 1.4165 1.6820 3.5570 -0.5103 0.9739 31.7481 1.7722 0.0036
Car 0.0000 0 0.0876 639.5639 157.3762 712.6871 186.4224 1.6324 1.6937 4.0806 4.1354 0.3342 40.9467 0.1894 0.0036
Car 0.0000 0 1.0564 668.9047 165.0022 760.8574 206.7485 1.4878 1.7531 4.0201 4.1297 0.9370 27.3836 1.2062 0.0036
Car 0.0000 0 -2.7135 523.3693 164.4497 620.7132 199.2255 1.5505 1.7254 4.2186 -1.5602 0.8363 33.1074 -2.7582 0.0036
Car 0.0000 0 1.4050 589.2188 171.1471 637.2440 203.6437 1.3653 1.6103 3.2878 0.2956 0.9738 31.4486 1.4161 0.0036
Pedestrian 0.0000 0 -0.1437 779.2285 162.4188 790.9176 187.5854 1.7350 0.7737 0.6830 12.5212 0.4898 49.1593 0.1059 0.0036
Car 0.0000 0 1.9414 193.5214 203.7880 271.0789 246.8730 1.4367 1.4794 3.4651 -14.3296 2.3975 27.3198 1.4644 0.0036
Car 0.0000 0 -0.1642 544.6623 169.6522 636.1786 202.6126 1.4829 1.6573 4.0531 -0.7267 0.9963 32.9920 -0.1842 0.0036
Car 0.0000 0 2.1010 609.5475 170.6243 687.5229 208.2978 1.3953 1.4871 3.5703 1.7637 1.0310 28.0771 2.1648 0.0035
Car 0.0000 0 1.5829 657.7187 168.2807 707.4573 210.6963 1.4669 1.7171 4.0562 2.9088 1.0459 26.5657 1.6925 0.0035
Car 0.0000 0 -0.3376 553.0804 169.6810 638.6707 203.0748 1.4814 1.6926 3.6109 -0.4516 1.0029 32.7747 -0.3495 0.0035
Car 0.0000 0 2.1048 608.5384 170.9325 688.5183 209.4023 1.4073 1.5489 3.5339 1.7426 1.0588 27.7563 2.1686 0.0035
Cyclist 0.0000 0 -1.3027 0.0000 170.2325 34.9746 251.6389 1.6058 0.3451 1.5754 -12.3953 1.4049 14.7321 -1.9897 0.0035
Car 0.0000 0 -1.9012 455.2762 176.9546 569.9333 238.5230 1.4232 1.6773 4.2856 -2.5962 1.3428 18.6299 -2.0356 0.0035
Car 0.0000 0 -1.8938 450.3428 178.1893 566.6891 239.5676 1.3906 1.6722 4.3607 -2.6695 1.3399 18.3383 -2.0341 0.0035
Car 0.0000 0 -1.1587 668.8501 166.9735 741.8065 204.2616 1.4410 1.6518 3.6999 4.1985 0.9198 29.3269 -1.0163 0.0035
Car 0.0000 0 -1.5012 779.5839 156.6151 807.2869 180.4779 1.6275 1.6384 3.9047 13.4517 -0.0004 50.3339 -1.2397 0.0035
Car 0.0000 0 -1.4696 670.9726 166.1702 717.9337 203.3550 1.4713 1.6217 3.4993 3.8071 0.9058 29.8592 -1.3423 0.0035
Car 0.0000 0 -1.7199 602.9412 167.5524 650.9562 200.2377 1.4025 1.7085 3.2303 0.9249 0.8484 32.0394 -1.6895 0.0035
Car 0.0000 0 1.7325 642.4582 170.5544 702.1902 212.2223 1.4656 1.6867 3.6726 2.5979 1.1173 26.8557 1.8295 0.0035
Pedestrian 0.0000 0 -3.4819 0.0000 0.0000 1224.0000 370.0000 1.8646 0.5006 0.5061 11.8087 1.2786 0.2562 -1.9587 0.0034
Pedestrian 0.0000 0 2.5696 383.4955 157.6595 426.8312 230.1749 1.7724 0.5714 0.8812 -5.0643 1.2158 17.7960 2.2990 0.0034
Car 0.0000 0 -1.6650 666.1312 155.2650 700.4261 185.8717 1.7141 1.6380 3.9055 4.5474 0.3022 41.5583 -1.5549 0.0034
Car 0.0000 0 0.1111 649.1097 156.4397 719.8809 185.3577 1.6182 1.7439 3.8929 4.6061 0.2732 40.8429 0.2245 0.0034
Car 0.0000 0 1.4389 590.1418 170.7551 636.8547 203.9040 1.3896 1.6419 3.3528 0.3060 0.9826 31.3966 1.4503 0.0034
Car 0.0000 0 -2.2008 0.0000 0.0000 1224.0000 370.0000 1.6452 1.6199 3.8043 13.0427 1.0136 0.0622 -0.6582 0.0034
Car 0.0000 0 0.3901 134.6265 200.0029 269.0133 243.2402 1.4890 1.6434 4.0326 -14.9559 2.2467 26.3531 -0.1196 0.0034
Car 0.0000 0 0.1512 0.0000 0.0000 1224.0000 370.0000 1.4894 1.7471 4.1025 -29.4237 1.9829 -0.1360 -1.4117 0.0034
Car 0.0000 0 1.2234 668.1301 164.0980 750.9091 206.9400 1.4830 1.7707 4.1246 3.8096 0.9167 26.6687 1.3654 0.0034
Car 0.0000 0 2.0214 562.9044 165.7494 626.3808 200.0503 1.4829 1.6274 3.3077 -0.4414 0.8466 32.4043 2.0097 0.0034
Pedestrian 0.0000 0 -0.3964 682.2664 177.8151 709.0856 243.1205 1.6223 0.5048 0.5165 2.2521 1.5572 17.8716 -0.2717 0.0034
Car 0.0000 0 -1.6704 479.1059 176.9669 561.2632 239.1976 1.4461 1.7228 4.2423 -2.3872 1.3656 18.6844 -1.7936 0.0034
Car 0.0000 0 -2.4387 405.5981 166.9784 571.1292 231.3979 1.6897 1.7636 4.7152 -3.4710 1.3366 20.5085 -2.6020 0.0034
Car 0.0000 0 2.3878 607.1208 170.4586 695.2419 207.7109 1.4107 1.5499 3.3979 1.8647 1.0319 28.4469 2.4543 0.0034
Car 0.0000 0 -0.9129 551.4688 165.6562 629.8116 200.7319 1.5048 1.7360 3.5995 -0.6232 0.8694 32.2894 -0.9302 0.0033
Cyclist 0.0000 0 -0.6916 51.0451 157.6717 162.6742 263.7395 1.8244 0.4649 1.7964 -9.2021 1.4334 13.0841 -1.2913 0.0033
Cyclist 0.0000 0 -2.0169 939.1389 161.6785 1005.5234 243.9416 1.5853 0.4167 1.8977 7.4877 1.2242 14.5736 -1.5494 0.0033
Car 0.0000 0 0.4502 661.2646 168.1961 762.8076 208.6331 1.4677 1.6453 3.5147 4.0906 1.0227 27.3286 0.5989 0.0033
Cyclist 0.0000 0 0.4325 84.9990 159.9269 206.0368 258.6332 1.7635 0.4486 1.8503 -8.4467 1.3976 12.9710 -0.1317 0.0033
Car 0.0000 0 0.3494 669.7431 163.3433 787.8148 205.2238 1.5183 1.7364 4.1678 4.7522 0.8978 27.4175 0.5209 0.0033
Car 0.0000 0 -2.2369 0.0000 175.8782 25.5897 219.5536 1.5197 1.7496 3.9773 -23.7079 1.3604 25.7944 -2.9723 0.0033
Car 0.0000 0 -2.6960 657.3321 167.5793 766.8306 207.0094 1.4769 1.6874 3.9947 4.2298 0.9944 28.2950 -2.5475 0.0033
Car 0.0000 0 -0.3597 655.7108 167.1056 756.5279 204.9912 1.5146 1.7656 3.7890 4.1705 0.9806 29.5349 -0.2191 0.0032
Car 0.0000 0 0.1375 0.0000 173.4943 110.0858 216.9964 1.4658 1.5804 3.8656 -20.2912 1.2313 25.4740 -0.5272 0.0032
Car 0.0000 0 -0.0759 0.0000 0.0000 1224.0000 370.0000 1.5245 1.7556 4.3190 -29.4358 1.9098 0.2262 -1.6265 0.0032
Car 0.0000 0 1.8220 626.3226 172.0093 689.3306 210.7082 1.3882 1.6002 3.5046 2.0756 1.0852 27.2754 1.8989 0.0032
Cyclist 0.0000 0 0.7861 0.0000 0.0000 1224.0000 370.0000 1.6807 0.5368 1.8028 1.1032 1.6454 0.3808 1.7904 0.0032
Car 0.0000 0 0.4225 0.0000 175.3755 123.8740 217.2147 1.4973 1.6738 4.0397 -20.7566 1.3154 26.5779 -0.2329 0.0032
Car 0.0000 0 1.2224 0.0000 186.2142 17.8135 237.6840 1.4611 1.6101 4.0505 -20.3543 1.6546 22.0927 0.4868 0.0032
Car 0.0000 0 -1.3948 653.8612 163.9652 713.9290 204.2286 1.6017 1.8598 4.1727 3.4440 0.9455 30.3876 -1.2813 0.0032
Car 0.0000 0 -2.8431 596.3425 166.7454 699.7369 204.4727 1.4943 1.6124 4.0034 1.7750 0.9510 29.4587 -2.7818 0.0032
Car 0.0000 0 -1.8453 600.6189 170.7801 658.0693 202.5483 1.3705 1.7446 3.4889 1.0370 0.9527 32.4009 -1.8118 0.0032
Car 0.0000 0 1.8952 627.2636 171.6108 696.6971 209.9349 1.4589 1.6732 3.9329 2.3910 1.1221 29.0483 1.9782 0.0032
Car 0.0000 0 0.2971 0.0000 172.1925 110.0567 217.8666 1.5617 1.5859 3.5820 -20.2707 1.2791 25.5510 -0.3657 0.0032
Car 0.0000 0 1.9472 554.0172 165.4846 616.1732 200.1296 1.4444 1.5523 3.5676 -0.8423 0.8198 31.4141 1.9225 0.0031
Car 0.0000 0 1.9669 193.1067 203.8712 275.0872 246.9589 1.4334 1.5125 3.6312 -14.2994 2.4030 27.4132 1.4922 0.0031
Car 0.0000 0 -0.2675 546.1377 167.9395 636.5641 201.7589 1.4725 1.5711 3.8222 -0.6517 0.9271 32.0718 -0.2858 0.0031
Car 0.0000 0 0.8156 0.0000 0.0000 1224.0000 370.0000 1.4656 1.6992 3.5790 -24.5688 1.8485 -0.2244 -0.7496 0.0031
Car 0.0000 0 0.7589 145.2525 200.4430 261.7366 243.2491 1.4693 1.5913 3.7672 -15.1365 2.2574 26.6495 0.2488 0.0031
Car 0.0000 0 -0.5540 0.0000 0.0000 1224.0000 370.0000 1.6099 1.6605 4.1065 -21.9428 1.6640 0.2800 -2.0957 0.0031
Car 0.0000 0 2.9221 634.2188 173.9684 731.8594 209.6335 1.3473 1.5215 3.5482 2.9900 1.1020 27.6572 3.0303 0.0031
Car 0.0000 0 2.2207 0.0000 175.5571 28.5773 228.5681 1.5892 1.7519 4.3808 -21.6715 1.4426 23.4505 1.4832 0.0031
Car 0.0000 0 -1.6994 665.2833 154.9434 702.1880 185.1422 1.6847 1.6621 3.8400 4.5514 0.2604 41.3734 -1.5887 0.0031
Car 0.0000 0 -1.9053 892.9774 167.5098 1013.1097 233.7527 1.6280 1.6740 4.0863 9.3827 1.3103 19.4936 -1.4614 0.0031
Car 0.0000 0 -0.3230 0.0000 0.0000 1224.0000 370.0000 1.6240 1.6363 3.9510 -22.0141 1.6380 0.0100 -1.8770 0.0031
Pedestrian 0.0000 0 2.5048 678.1190 171.4735 709.0004 241.1302 1.7210 0.5339 0.5662 2.1953 1.4996 17.8356 2.6267 0.0031
Car 0.0000 0 0.2442 672.2415 163.8200 791.3460 204.9414 1.5202 1.8102 4.3075 4.9644 0.9051 27.8386 0.4205 0.0031
Car 0.0000 0 -2.8340 618.2768 156.1263 694.5658 185.4803 1.6473 1.7343 4.1059 2.9950 0.2809 41.2417 -2.7601 0.0030
Car 0.0000 0 -1.3598 643.8451 164.0194 703.6661 203.3725 1.5668 1.7390 4.0622 3.0009 0.9122 30.3456 -1.2604 0.0030
Car 0.0000 0 -2.2542 0.0000 0.0000 1224.0000 370.0000 1.4230 1.4392 3.2860 11.6568 0.7986 1.2309 -0.8146 0.0030
Car 0.0000 0 -0.8872 1188.3639 167.4212 1224.0000 265.2341 1.4980 1.7375 4.5267 12.6459 1.2994 11.8751 -0.0821 0.0030
Car 0.0000 0 -0.2982 656.2074 165.9235 761.4572 203.2081 1.4929 1.7358 4.0058 4.2656 0.9108 29.4715 -0.1542 0.0030
Car 0.0000 0 -0.0288 626.0679 156.7351 703.7419 186.3328 1.6722 1.6697 4.3876 3.4264 0.3309 40.8973 0.0560 0.0030
Car 0.0000 0 2.4707 609.4147 170.9579 705.4990 206.9736 1.3793 1.5823 3.7231 2.1385 1.0154 28.7729 2.5459 0.0030
Car 0.0000 0 -4.1124 0.0000 0.0000 1224.0000 370.0000 1.5232 1.7230 4.0302 10.0053 1.3071 -0.0794 -2.5646 0.0030
Car 0.0000 0 1.9421 466.3116 181.5479 587.5963 242.6784 1.3785 1.6261 4.3592 -1.8998 1.4107 18.3361 1.8423 0.0030
Car 0.0000 0 1.3219 0.0000 187.8233 8.0481 238.8638 1.4369 1.5733 3.8425 -20.3961 1.6853 22.1097 0.5856 0.0030
Car 0.0000 0 -4.5221 0.0000 0.0000 1224.0000 370.0000 1.5981 1.5956 3.5985 19.9412 0.5695 -0.2848 -2.9520 0.0029
Car 0.0000 0 0.3734 663.3924 165.0271 774.7557 204.4045 1.4812 1.7582 4.0503 4.5341 0.9007 28.3759 0.5320 0.0029
Car 0.0000 0 -1.4057 666.7439 166.5646 720.1631 204.7287 1.5113 1.6588 3.7267 3.7928 0.9610 30.0173 -1.2795 0.0029
Car 0.0000 0 3.8062 0.0000 175.2161 25.3942 219.8729 1.5420 1.7377 3.9087 -23.5844 1.3610 25.4223 3.0663 0.0029
Car 0.0000 0 1.0095 0.0000 0.0000 1224.0000 370.0000 1.6219 1.5664 3.5795 11.5264 0.9342 1.0580 2.4623 0.0029
Car 0.0000 0 1.1650 0.0000 0.0000 1224.0000 370.0000 1.4851 1.7509 3.4694 -24.5873 1.8818 -0.0149 -0.3917 0.0029
Car 0.0000 0 -2.5181 605.7188 166.0334 707.1998 204.5038 1.5152 1.6454 4.0640 2.0976 0.9469 29.7753 -2.4467 0.0029
Car 0.0000 0 0.5865 0.0000 176.5147 115.2604 218.8208 1.5023 1.4775 3.5861 -20.3488 1.3623 25.9658 -0.0705 0.0029
Car 0.0000 0 -0.4650 910.2345 174.5617 1090.4191 232.5457 1.4602 1.6701 3.8175 10.3071 1.3123 18.6988 0.0332 0.0029
Car 0.0000 0 1.7306 652.6658 167.1134 715.2735 210.0663 1.4745 1.7013 4.0423 3.0037 1.0165 26.4419 1.8442 0.0029
Car 0.0000 0 -1.2210 638.6184 165.7462 708.6135 203.9559 1.5164 1.7263 3.9429 2.9799 0.9323 30.2050 -1.1219 0.0029
Car 0.0000 0 0.6162 0.0000 176.7701 114.6888 219.0260 1.5056 1.4930 3.5729 -20.3855 1.3742 26.0060 -0.0409 0.0029
Pedestrian 0.0000 0 1.6506 0.0000 0.0000 1224.0000 370.0000 1.7120 0.5879 0.7770 3.8397 1.6561 0.1339 3.1045 0.0029
Car 0.0000 0 1.0530 0.0000 0.0000 1224.0000 370.0000 1.4862 1.6780 3.3170 -24.5860 1.8540 -0.2739 -0.5142 0.0029
Car 0.0000 0 0.4441 0.0000 176.1150 123.9437 217.4216 1.4853 1.6017 3.8565 -20.6522 1.3292 26.6018 -0.2085 0.0028
Car 0.0000 0 -4.5792 0.0000 0.0000 1224.0000 370.0000 1.4345 1.5866 3.4914 9.0314 1.4526 -0.0446 -3.0378 0.0028
Car 0.0000 0 -2.2536 0.0000 0.0000 1224.0000 370.0000 1.4589 1.3537 3.1560 11.4883 0.8209 1.1477 -0.8089 0.0028
Car 0.0000 0 -0.5364 649.6511 165.2050 755.7661 203.5465 1.5293 1.7456 4.1179 4.0971 0.9208 29.8022 -0.3994 0.0028
Car 0.0000 0 3.0545 368.4126 173.8732 585.6727 239.4588 1.5242 1.8262 5.1914 -3.2669 1.3718 17.9814 2.8796 0.0028
Car 0.0000 0 1.4071 666.9227 168.8578 727.5742 209.1336 1.4437 1.7351 3.5813 3.4439 1.0279 27.1617 1.5335 0.0028
Car 0.0000 0 3.0643 606.6212 157.2020 684.8549 186.2281 1.6406 1.6624 4.3942 2.3020 0.3252 40.8330 3.1221 0.0028
Pedestrian 0.0000 0 -0.4250 778.0031 161.3937 795.6879 187.1410 1.7600 0.9433 0.8716 12.5674 0.4553 48.8664 -0.1730 0.0028
Car 0.0000 0 1.8101 635.9910 168.7171 704.0288 210.7408 1.4505 1.6666 3.8652 2.4857 1.0454 26.4993 1.9043 0.0028
Car 0.0000 0 1.5639 663.2520 171.0772 710.7620 211.2362 1.4311 1.6877 3.5685 3.0935 1.0969 27.0561 1.6782 0.0028
Car 0.0000 0 1.5609 674.4939 172.0130 715.7432 208.3004 1.3645 1.5436 3.5838 3.5784 1.0469 28.4507 1.6865 0.0028
Car 0.0000 0 1.8710 628.5276 174.1556 689.3609 209.0405 1.3101 1.5665 3.1448 2.1861 1.0733 28.2980 1.9490 0.0028
Car 0.0000 0 -1.7317 599.5998 169.0075 646.4533 199.5014 1.3822 1.6906 3.5801 0.7939 0.8627 33.9310 -1.7067 0.0028
Car 0.0000 0 1.7423 566.6616 170.1391 617.6651 203.4124 1.3913 1.6810 3.5481 -0.5321 0.9595 31.4432 1.7274 0.0028
Car 0.0000 0 -1.8030 666.2547 172.3133 724.3181 207.1133 1.3254 1.5903 3.3815 3.5755 1.0151 28.6896 -1.6786 0.0028
Car 0.0000 0 -3.1564 628.8447 173.6583 725.2764 208.7354 1.3514 1.6395 3.7176 2.8269 1.0893 28.2103 -3.0559 0.0027
Car 0.0000 0 -1.4290 637.5986 165.2864 690.0790 203.4997 1.5162 1.6910 3.9056 2.5510 0.9141 30.1421 -1.3436 0.0027
Car 0.0000 0 2.7722 613.6661 172.3991 714.2995 207.1759 1.3590 1.5860 3.7848 2.3741 1.0440 28.9211 2.8549 0.0027
Car 0.0000 0 0.4781 666.3673 167.5563 768.4974 205.7322 1.4335 1.6779 3.6782 4.4489 0.9490 28.3095 0.6340 0.0027
Car 0.0000 0 -1.5277 778.9943 155.5085 805.2538 180.7061 1.7349 1.6567 3.9339 13.4820 0.0155 50.8013 -1.2680 0.0027
Car 0.0000 0 -2.7530 0.0000 0.0000 1224.0000 370.0000 1.5232 1.6542 4.0730 20.2493 0.5730 0.9588 -1.2441 0.0027
Car 0.0000 0 0.1781 0.0000 0.0000 1224.0000 370.0000 1.4730 1.7052 3.9987 -29.4530 2.0586 -0.2772 -1.3896 0.0027
Cyclist 0.0000 0 -1.1041 0.0000 165.0694 32.7125 254.8986 1.7037 0.3572 1.8360 -12.3699 1.4127 14.3395 -1.8031 0.0027
Car 0.0000 0 2.8930 370.9301 180.5517 572.1235 244.0950 1.4121 1.7459 4.5993 -3.3117 1.4151 17.4641 2.7107 0.0027
Car 0.0000 0 1.6667 477.4878 177.9116 555.2796 236.6400 1.3698 1.6142 4.1199 -2.2492 1.3110 18.5625 1.5499 0.0026
Car 0.0000 0 0.9928 0.0000 0.0000 1224.0000 370.0000 1.4457 1.7450 3.4890 -24.6466 1.9212 -0.0829 -0.5667 0.0026
Car 0.0000 0 0.0966 0.0000 0.0000 1224.0000 370.0000 1.5823 1.6584 4.0059 -21.8737 1.7128 0.0764 -1.4544 0.0026
Car 0.0000 0 1.2332 668.1390 169.0397 743.9478 209.6047 1.4446 1.7175 3.7757 3.7720 1.0380 27.1958 1.3713 0.0026
Car 0.0000 0 -2.8199 576.2336 161.2885 698.2661 201.8179 1.6111 1.8541 4.8042 1.3393 0.8489 29.8310 -2.7737 0.0026
Car 0.0000 0 0.5395 0.0000 0.0000 1224.0000 370.0000 1.5364 1.7636 4.0633 13.5411 0.8303 1.0703 2.0091 0.0026
Car 0.0000 0 -2.4767 0.0000 0.0000 1224.0000 370.0000 1.5590 1.7083 4.3576 20.5355 0.5589 1.2241 -0.9797 0.0026
Car 0.0000 0 -2.9942 0.0000 0.0000 1224.0000 370.0000 1.4570 1.4082 3.2436 12.5232 0.7830 1.2387 -1.5461 0.0026
Car 0.0000 0 1.8531 0.0000 178.3045 44.0830 219.9354 1.4537 1.5807 3.5255 -22.6860 1.3786 26.6164 1.1549 0.0025
Car 0.0000 0 0.4862 130.4640 200.4263 258.5565 243.3351 1.4934 1.6472 3.7976 -15.2225 2.2614 26.3077 -0.0318 0.0025
Car 0.0000 0 4.6380 0.0000 0.0000 1224.0000 370.0000 1.5873 1.9119 3.8731 -25.2652 1.8817 0.3741 3.0964 0.0025
Car 0.0000 0 -3.2190 0.0000 0.0000 1224.0000 370.0000 1.5802 1.6380 3.5418 20.0220 0.6266 0.1766 -1.6719 0.0025
Car 0.0000 0 1.9209 622.6945 173.9571 690.4515 210.3398 1.3317 1.5768 3.4088 2.0591 1.0938 27.7532 1.9959 0.0025
Car 0.0000 0 -3.0989 0.0000 0.0000 1224.0000 370.0000 1.4788 1.4143 3.1669 12.5054 0.8362 1.0147 -1.6334 0.0025
Car 0.0000 0 0.2725 0.0000 0.0000 1224.0000 370.0000 1.5171 1.7032 3.7895 -29.5001 1.9710 -0.3267 -1.2969 0.0025
Car 0.0000 0 -1.5041 0.0000 0.0000 1224.0000 370.0000 1.5994 1.7851 3.9362 20.0664 0.6887 0.0468 0.0496 0.0025
Car 0.0000 0 -0.1293 0.0000 0.0000 1224.0000 370.0000 1.4802 1.6225 3.5495 -19.7967 1.6280 1.7592 -1.5937 0.0025
Car 0.0000 0 1.8013 632.3298 173.6040 688.7493 208.3670 1.3130 1.5841 3.1466 2.2610 1.0540 28.4401 1.8815 0.0025
Car 0.0000 0 1.9073 475.3752 182.1722 588.5810 241.2642 1.3481 1.6303 4.1700 -1.7983 1.3986 18.4708 1.8137 0.0025
Car 0.0000 0 -0.3646 657.6409 164.9668 773.2188 203.7582 1.5482 1.8073 4.4198 4.5612 0.9297 29.5602 -0.2113 0.0025
Car 0.0000 0 2.2812 613.2945 172.9076 701.8839 208.7521 1.3490 1.5484 3.6482 2.1386 1.0647 28.4402 2.3573 0.0025
Car 0.0000 0 2.5186 41.3430 180.3380 192.8741 230.3529 1.5136 1.5608 3.9795 -16.0991 1.5103 23.5298 1.9265 0.0025
Car 0.0000 0 -2.8686 610.8842 156.7774 692.5918 186.8486 1.6908 1.6943 4.4707 2.7263 0.3584 41.2956 -2.8013 0.0025
Car 0.0000 0 -0.4757 933.5526 173.5474 1111.9058 231.9401 1.4730 1.7722 3.6807 10.9522 1.2992 18.8008 0.0460 0.0025
Car 0.0000 0 -1.6713 919.1341 165.3146 1006.1683 232.1596 1.6410 1.7007 4.0351 9.7171 1.2698 19.5405 -1.2147 0.0024
Car 0.0000 0 -2.7100 0.0000 0.0000 1224.0000 370.0000 1.5562 1.7010 4.4995 20.1941 0.6203 1.4278 -1.2243 0.0024
Car 0.0000 0 1.6080 0.0000 178.5802 19.5168 221.5669 1.4701 1.6068 4.1996 -22.9192 1.4060 26.3191 0.8993 0.0024
Cyclist 0.0000 0 -1.7812 972.3483 166.6927 1012.2214 242.5017 1.4777 0.4066 1.4635 7.9023 1.2102 14.5369 -1.2906 0.0024
Car 0.0000 0 -4.4463 0.0000 0.0000 1224.0000 370.0000 1.4346 1.2810 3.3351 15.8485 0.9261 -0.2204 -2.8807 0.0024
Car 0.0000 0 2.4389 552.5747 169.2197 639.1957 201.4988 1.3692 1.8075 3.5802 -0.3997 0.8922 31.8405 2.4283 0.0024
Cyclist 0.0000 0 1.1665 982.8148 162.2002 1042.2100 230.6723 1.6492 0.6177 1.8441 10.2860 1.2100 17.9753 1.6803 0.0024
Car 0.0000 0 0.6068 0.0000 175.5811 115.5330 216.6060 1.4701 1.4888 3.4802 -20.4124 1.2953 26.1584 -0.0482 0.0024
Car 0.0000 0 -1.7772 601.4315 170.1168 653.7406 202.6396 1.4226 1.7371 3.5084 0.9718 0.9699 32.8012 -1.7461 0.0024
Car 0.0000 0 -2.3785 0.0000 0.0000 1224.0000 370.0000 1.7413 1.6542 4.1353 13.3494 0.8568 1.1466 -0.9160 0.0024
Pedestrian 0.0000 0 -0.0805 0.0000 168.3186 10.3803 255.7588 1.6996 0.5172 0.5650 -12.3184 1.4645 14.1208 -0.7849 0.0024
Car 0.0000 0 2.0934 0.0000 167.7027 16.5605 228.0314 1.7927 1.7436 4.5691 -21.8918 1.4140 23.4253 1.3504 0.0024
Car 0.0000 0 -1.2484 640.9630 167.5972 708.4030 205.0226 1.4804 1.7535 3.7389 3.0025 0.9715 30.0270 -1.1480 0.0024
Car 0.0000 0 2.5260 39.2641 181.6106 194.4894 231.8413 1.5138 1.5536 4.1125 -16.1438 1.5558 23.5981 1.9339 0.0024
Car 0.0000 0 1.2192 0.0000 0.0000 1224.0000 370.0000 1.4571 1.7431 3.7142 -24.5936 1.9453 0.1520 -0.3308 0.0023
Car 0.0000 0 -0.8120 917.4108 174.4720 1116.4099 240.8001 1.4824 1.6485 4.3751 9.9740 1.3493 17.2188 -0.2933 0.0023
Car 0.0000 0 -0.8084 558.9954 167.5813 637.7195 201.5319 1.4955 1.7138 3.5252 -0.2890 0.9279 33.0101 -0.8152 0.0023
Car 0.0000 0 -1.5505 671.7953 169.3096 712.9426 204.9092 1.3998 1.6125 3.4566 3.6703 0.9613 29.6234 -1.4268 0.0023
Car 0.0000 0 1.1353 668.2155 170.3637 746.8484 209.3737 1.4112 1.7211 3.4403 3.8816 1.0460 27.4680 1.2758 0.0023
Car 0.0000 0 -2.1001 0.0000 0.0000 1224.0000 370.0000 1.6246 1.5647 3.5084 12.8669 0.9193 0.0389 -0.5562 0.0023
Car 0.0000 0 1.1283 0.0000 0.0000 1224.0000 370.0000 1.5242 1.7468 3.6814 -24.7663 1.8961 -0.1206 -0.4328 0.0023
Car 0.0000 0 2.3319 896.0366 168.9865 1053.6318 229.7575 1.4631 1.5673 3.6284 9.5506 1.1875 18.3544 2.8063 0.0023
Car 0.0000 0 -2.8619 601.8463 156.9215 687.5912 186.6685 1.6712 1.6655 4.7228 2.3129 0.3479 41.2849 -2.8044 0.0023
Car 0.0000 0 1.5643 484.4515 173.6288 561.0902 236.2587 1.4381 1.7597 4.6423 -2.2139 1.2819 18.6405 1.4499 0.0023
Car 0.0000 0 -1.0128 553.6627 164.6545 627.1008 199.8759 1.5085 1.7546 3.5041 -0.6305 0.8313 32.2316 -1.0303 0.0023
Car 0.0000 0 0.6126 0.0000 176.1055 113.1927 216.6100 1.4633 1.5202 3.5336 -20.6906 1.3061 26.3778 -0.0449 0.0023
Car 0.0000 0 0.3337 665.7518 165.1253 780.2108 204.6318 1.4868 1.7687 4.1836 4.6948 0.9097 28.3793 0.4976 0.0023
Car 0.0000 0 1.8495 627.1020 174.1601 685.3468 209.1192 1.3074 1.4980 3.1781 2.0694 1.0718 28.1868 1.9237 0.0022
Car 0.0000 0 -2.3532 0.0000 0.0000 1224.0000 370.0000 1.6880 1.7027 4.0127 13.4119 0.7960 0.4950 -0.8420 0.0022
Car 0.0000 0 -1.6142 0.0000 0.0000 1224.0000 370.0000 1.5506 1.7653 3.8324 20.1525 0.6613 -0.0217 -0.0570 0.0022
Car 0.0000 0 0.4202 672.8292 165.1163 786.2618 205.8663 1.4762 1.7272 3.9756 4.7771 0.9204 27.4347 0.5924 0.0022
Car 0.0000 0 -1.2848 0.0000 0.0000 1224.0000 370.0000 1.6892 1.6959 3.9632 12.9552 0.6909 0.7401 0.2054 0.0022
Car 0.0000 0 2.8601 363.7775 179.5450 573.9433 245.8402 1.4674 1.7689 4.8155 -3.3682 1.4479 17.5180 2.6752 0.0022
Car 0.0000 0 0.5908 669.0778 166.3368 773.0159 205.9836 1.4557 1.7331 3.6994 4.5014 0.9372 27.8507 0.7511 0.0022
Pedestrian 0.0000 0 -3.6528 0.0000 0.0000 1224.0000 370.0000 1.8526 0.5847 0.5551 11.8442 1.0882 0.3812 -2.1401 0.0022
Car 0.0000 0 0.6482 0.0000 178.1106 112.2930 218.7854 1.4704 1.4972 3.5523 -20.6730 1.3855 26.3209 -0.0100 0.0022
Car 0.0000 0 0.6041 0.0000 177.5968 113.8338 218.7731 1.4863 1.5189 3.4974 -20.6420 1.3830 26.3672 -0.0525 0.0022
Car 0.0000 0 -0.0896 665.9840 165.6786 766.2184 202.6778 1.4737 1.7199 3.9371 4.4873 0.8848 29.1397 0.0634 0.0022
Car 0.0000 0 1.4776 673.3323 174.3556 722.2403 209.8819 1.3162 1.5941 3.3756 3.5791 1.0901 27.9045 1.6055 0.0022
Car 0.0000 0 -0.2346 665.8991 165.1402 778.0619 203.5604 1.5315 1.8314 4.2654 4.7573 0.9207 29.2477 -0.0733 0.0022
Car 0.0000 0 1.2283 574.6519 167.5905 634.5507 201.8926 1.4665 1.6597 3.4351 -0.0935 0.9161 32.1208 1.2273 0.0022
Car 0.0000 0 -4.3814 0.0000 0.0000 1224.0000 370.0000 1.4544 1.4220 3.6037 16.0537 0.8877 -0.2221 -2.8155 0.0022
Car 0.0000 0 1.8598 473.5566 182.8927 581.4588 243.8248 1.3629 1.5853 4.2727 -1.8870 1.4338 18.2335 1.7602 0.0021
Car 0.0000 0 1.7017 0.0000 177.2550 28.9188 219.8046 1.4561 1.6078 3.8951 -22.7302 1.3466 26.2633 0.9961 0.0021
Car 0.0000 0 -0.7584 938.0442 172.7069 1144.9071 241.8217 1.5359 1.7715 4.1832 10.4112 1.3643 17.0211 -0.2161 0.0021
Car 0.0000 0 1.6671 479.5555 180.5334 557.1229 240.6399 1.3446 1.5385 4.0155 -2.1130 1.3471 17.8347 1.5530 0.0021
Car 0.0000 0 0.9568 1207.6313 156.9160 1224.0000 220.6732 1.4398 1.4373 4.4266 17.8627 0.9088 18.2586 1.7241 0.0021
Car 0.0000 0 -2.9625 0.0000 0.0000 1224.0000 370.0000 1.4967 1.6924 3.8379 19.8715 0.4677 0.8093 -1.4474 0.0021
Car 0.0000 0 -0.7695 927.1273 168.1501 1133.0718 238.6375 1.5738 1.7543 4.2829 10.2194 1.2997 17.1400 -0.2384 0.0021
Car 0.0000 0 0.6539 672.6093 165.7165 776.1107 206.3813 1.4635 1.6893 3.6760 4.5387 0.9330 27.3596 0.8182 0.0021
Car 0.0000 0 0.4868 670.5316 165.1093 779.4017 205.3133 1.4832 1.7622 3.8675 4.6831 0.9169 27.9533 0.6528 0.0021
Car 0.0000 0 2.7962 378.5667 182.9456 570.4048 244.2437 1.3133 1.6825 4.2389 -3.1460 1.3801 17.0725 2.6190 0.0020
Car 0.0000 0 -2.2523 0.0000 0.0000 1224.0000 370.0000 1.6955 1.6572 3.9795 13.4206 0.8119 0.4752 -0.7397 0.0020
Car 0.0000 0 -1.5002 0.0000 0.0000 1224.0000 370.0000 1.5410 1.7329 3.7815 20.4710 0.6407 -0.0390 0.0581 0.0020
Car 0.0000 0 -1.8438 583.0027 168.5797 636.2800 201.0078 1.3895 1.6186 3.1551 0.1421 0.8802 32.0266 -1.8376 0.0020
Car 0.0000 0 -0.2534 552.5554 168.0199 638.1879 202.2744 1.5144 1.7305 3.6261 -0.4833 0.9641 32.5665 -0.2663 0.0020
Car 0.0000 0 -0.3574 950.8803 178.1693 1178.4824 244.9194 1.4766 1.6493 4.2424 10.7342 1.4267 16.8704 0.2023 0.0020
Pedestrian 0.0000 0 0.3176 0.0000 175.3842 15.0888 257.1689 1.6018 0.4754 0.5477 -12.2990 1.5032 14.1659 -0.3845 0.0020
Car 0.0000 0 -1.1714 638.3213 165.6616 709.7997 203.7230 1.5174 1.7502 3.6648 2.9903 0.9273 30.2108 -1.0719 0.0020
Car 0.0000 0 -0.4529 921.4003 174.7071 1110.6244 234.1532 1.4958 1.7554 3.9805 10.7524 1.3516 18.7837 0.0613 0.0020
Car 0.0000 0 1.9355 0.0000 183.2344 1.8501 236.0017 1.5573 1.6550 3.8459 -21.6417 1.6565 23.1703 1.1927 0.0020
Car 0.0000 0 1.8701 475.6733 180.6872 583.8506 242.5279 1.4330 1.6267 4.2532 -1.8734 1.4401 18.6394 1.7733 0.0019
Car 0.0000 0 -1.7560 911.9664 167.4138 1009.8229 233.4944 1.6333 1.6808 3.9205 9.6788 1.3114 19.5838 -1.3018 0.0019
Pedestrian 0.0000 0 -1.5558 842.3856 163.7325 869.5928 235.0657 1.7581 0.6356 0.6453 6.2957 1.3464 17.8334 -1.2204 0.0019
Car 0.0000 0 1.6440 0.0000 178.7362 24.2472 221.8260 1.4730 1.6231 4.0363 -22.7958 1.4142 26.2716 0.9370 0.0019
Car 0.0000 0 -3.0041 0.0000 0.0000 1224.0000 370.0000 1.6021 1.7603 4.7395 19.8870 0.4656 1.4804 -1.5225 0.0019
Car 0.0000 0 -0.6470 0.0000 0.0000 1224.0000 370.0000 1.4826 1.6599 3.2909 -18.8506 1.6987 1.8226 -2.1029 0.0019
Car 0.0000 0 -1.7620 0.0000 0.0000 1224.0000 370.0000 1.6555 1.5370 3.7128 12.9384 0.9264 -0.0357 -0.2121 0.0019
Car 0.0000 0 -1.6747 769.6010 153.0493 801.3030 180.6647 1.9135 1.7740 4.4022 13.0468 0.0127 51.2934 -1.4253 0.0019
Car 0.0000 0 -1.0902 0.0000 0.0000 1224.0000 370.0000 1.5784 1.6193 3.7142 12.7605 0.7833 1.2386 0.3601 0.0019
Car 0.0000 0 2.2080 0.0000 177.5521 27.5308 229.8363 1.5676 1.7525 4.3399 -21.6656 1.4808 23.4411 1.4704 0.0019
Car 0.0000 0 -2.3991 0.0000 0.0000 1224.0000 370.0000 1.6260 1.6223 4.0910 13.3498 0.8767 1.1703 -0.9384 0.0018
Car 0.0000 0 1.9167 626.7499 173.4164 693.5732 209.8980 1.3714 1.5753 3.5458 2.2624 1.1066 28.5138 1.9968 0.0018
Car 0.0000 0 -1.4314 0.0000 0.0000 1224.0000 370.0000 1.4999 1.7101 3.8714 16.4068 0.5912 0.4500 0.0935 0.0018
Car 0.0000 0 -1.3981 657.0833 165.1339 715.2574 203.5997 1.5341 1.8275 3.9385 3.5297 0.9227 30.3413 -1.2817 0.0018
Car 0.0000 0 -0.9888 0.0000 0.0000 1224.0000 370.0000 1.5895 1.7513 4.2617 -19.3441 1.7562 1.9580 -2.4407 0.0018
Car 0.0000 0 -3.5351 939.5050 173.2529 1132.1499 234.9980 1.4173 1.4298 3.7389 10.3094 1.2525 17.1935 -3.0014 0.0018
Pedestrian 0.0000 0 -1.5653 842.0742 162.8183 868.9309 234.2112 1.7573 0.6266 0.6520 6.2720 1.3236 17.8102 -1.2306 0.0018
Car 0.0000 0 -4.3614 0.0000 0.0000 1224.0000 370.0000 1.4466 1.3087 3.4360 15.9856 0.8938 -0.2858 -2.7916 0.0018
Car 0.0000 0 2.8683 362.7611 180.0136 579.7288 245.3761 1.4441 1.7489 4.9935 -3.3012 1.4349 17.4983 2.6868 0.0018
Car 0.0000 0 0.0918 669.1656 165.8868 776.1758 204.7182 1.5047 1.8258 4.1517 4.7982 0.9399 28.8029 0.2569 0.0018
Car 0.0000 0 1.5031 673.4730 172.5901 721.2255 209.3139 1.3595 1.6370 3.2435 3.5561 1.0682 27.8383 1.6305 0.0018
Car 0.0000 0 2.8228 603.6165 173.1138 717.3942 210.4995 1.4240 1.7331 4.2035 2.1686 1.1442 28.2700 2.9003 0.0018
Car 0.0000 0 2.8925 0.0000 0.0000 1224.0000 370.0000 1.5166 1.7109 4.5920 -24.4060 1.8522 1.5736 1.4008 0.0018
Car 0.0000 0 1.7871 655.6708 171.4468 715.4202 210.4109 1.4226 1.6061 3.5395 3.1964 1.0936 27.7446 1.9022 0.0017
Car 0.0000 0 1.6272 645.1099 172.6366 693.3810 211.2126 1.4001 1.6730 3.5563 2.5340 1.1163 27.5405 1.7196 0.0017
Car 0.0000 0 -1.7618 971.8669 167.3846 1074.6500 233.1761 1.5828 1.6482 3.7938 11.0966 1.2689 19.0670 -1.2403 0.0017
Car 0.0000 0 1.7056 567.9393 170.1597 616.3109 203.1893 1.3821 1.6872 3.5118 -0.5358 0.9509 31.4255 1.6906 0.0017
Car 0.0000 0 1.6870 0.0000 176.2575 29.4933 220.8111 1.5209 1.6189 3.9528 -22.6525 1.3776 26.2237 0.9823 0.0017
Car 0.0000 0 1.8298 648.2430 171.6682 715.5297 209.8469 1.4111 1.6939 4.0559 3.1325 1.0862 28.3252 1.9405 0.0017
Car 0.0000 0 1.4384 671.5007 172.4692 722.7547 209.6280 1.3760 1.5777 3.1936 3.5381 1.0801 27.7785 1.5654 0.0017
Car 0.0000 0 1.8199 586.4270 169.3492 642.6346 203.0564 1.3930 1.6528 3.5210 0.4586 0.9336 31.1301 1.8363 0.0017
Car 0.0000 0 0.8422 592.0364 156.7834 705.2176 202.5988 1.7849 1.8143 5.1803 1.7210 0.8624 30.1341 0.9005 0.0017
Car 0.0000 0 0.2603 659.8371 168.7165 752.5544 207.1056 1.4209 1.5972 3.2755 3.9239 0.9862 27.5401 0.4020 0.0017
Car 0.0000 0 -0.6688 932.7184 171.5450 1141.3687 239.9372 1.5398 1.7550 4.1046 10.2970 1.3398 17.0537 -0.1322 0.0017
Car 0.0000 0 -1.7143 754.3936 154.9709 788.3101 181.9274 1.8701 1.7759 4.4171 12.0279 0.1003 51.3232 -1.4836 0.0017
Car 0.0000 0 2.9008 352.6862 176.1791 568.5198 244.5090 1.4766 1.7656 4.8371 -3.4968 1.3848 17.0975 2.7044 0.0016
Car 0.0000 0 -2.5249 0.0000 0.0000 1224.0000 370.0000 1.6077 1.6495 3.9845 13.1911 0.9467 0.8840 -1.0440 0.0016
Car 0.0000 0 -0.6010 898.7148 176.0222 1092.5703 235.5856 1.4715 1.5612 4.3176 10.0946 1.3624 18.4676 -0.1064 0.0016
Car 0.0000 0 2.8321 354.9015 178.4769 575.7439 244.9905 1.4281 1.7433 4.9557 -3.3571 1.3863 17.1252 2.6438 0.0016
Pedestrian 0.0000 0 2.9640 675.8688 157.8097 705.4240 235.5962 1.9582 0.5910 0.6556 2.1515 1.3886 18.1087 3.0819 0.0016
Car 0.0000 0 -2.9942 0.0000 0.0000 1224.0000 370.0000 1.5139 1.7567 4.0461 19.4516 0.4668 0.7625 -1.4779 0.0016
Car 0.0000 0 -2.9036 0.0000 0.0000 1224.0000 370.0000 1.5328 1.7035 3.7658 19.4353 0.2616 0.6132 -1.3797 0.0016
Pedestrian 0.0000 0 2.8467 675.7587 154.3985 707.1638 234.8009 2.0155 0.6086 0.6465 2.1685 1.3628 18.0749 2.9657 0.0016
Car 0.0000 0 3.0819 0.0000 0.0000 1224.0000 370.0000 1.5739 1.5838 4.0588 -27.1047 1.7546 0.9739 1.5605 0.0016
Car 0.0000 0 -0.8881 949.9119 172.8616 1142.4838 246.2066 1.4157 1.6504 3.4961 9.2988 1.2699 15.0048 -0.3411 0.0016
Cyclist 0.0000 0 1.8004 587.8045 161.5453 612.7746 200.6703 1.6822 0.6529 2.0887 -0.2127 0.8687 31.4866 1.7956 0.0016
Car 0.0000 0 -0.6072 1173.0875 160.4714 1224.0000 221.9608 1.4911 1.8140 5.4722 18.4653 1.0070 18.4979 0.1703 0.0016
Car 0.0000 0 2.8576 354.8168 179.1828 565.2567 245.3392 1.4162 1.7875 4.6456 -3.4824 1.3896 16.9973 2.6610 0.0015
Car 0.0000 0 -2.9440 0.0000 0.0000 1224.0000 370.0000 1.4968 1.8115 3.6633 19.8367 0.2470 0.5145 -1.4141 0.0015
Car 0.0000 0 1.9809 0.0000 178.4077 57.7186 220.2339 1.4675 1.5904 3.6202 -22.5188 1.3956 26.7614 1.2890 0.0015
Car 0.0000 0 0.8367 0.0000 186.4316 39.6224 236.8342 1.4723 1.5655 4.1282 -20.1113 1.6657 21.8707 0.1021 0.0015
Cyclist 0.0000 0 -3.8055 1220.9873 124.1594 1224.0000 301.5884 1.8910 0.4332 1.8258 7.9480 1.2922 7.8457 -3.0321 0.0015
Cyclist 0.0000 0 0.5275 0.0000 0.0000 1224.0000 370.0000 1.6308 0.5144 1.8678 1.4489 1.6738 0.4829 1.5921 0.0015
Car 0.0000 0 -2.6624 0.0000 0.0000 1224.0000 370.0000 1.4540 1.3184 2.9422 12.3829 0.8188 1.4859 -1.2353 0.0015
Car 0.0000 0 1.9142 457.8490 179.6731 576.4040 239.6385 1.3891 1.6871 4.4425 -2.1992 1.3715 18.7286 1.8011 0.0015
Car 0.0000 0 -0.5104 948.3459 171.7974 1131.0404 232.1887 1.5251 1.7759 3.7494 11.3987 1.3069 18.7920 0.0289 0.0015
Car 0.0000 0 -2.7237 590.6054 164.8065 702.9893 203.3437 1.5318 1.7491 4.4125 1.7268 0.9095 29.8890 -2.6648 0.0015
Car 0.0000 0 1.7449 656.1752 174.8773 715.8773 212.4599 1.3689 1.6898 3.8602 3.2345 1.1656 27.8397 1.8610 0.0014
Car 0.0000 0 -3.1144 0.0000 0.0000 1224.0000 370.0000 1.4708 1.6992 3.5402 20.0321 0.3209 0.1829 -1.5676 0.0014
Car 0.0000 0 1.3871 943.4849 175.9864 1053.4785 240.6846 1.3867 1.6547 3.5381 9.3224 1.2915 17.0860 1.8805 0.0014
Pedestrian 0.0000 0 -1.9760 0.0000 0.0000 1224.0000 370.0000 1.7266 0.7283 0.7445 4.1406 1.5300 -0.1760 -0.4394 0.0014
Cyclist 0.0000 0 -1.2651 0.0000 174.4778 43.8861 256.6941 1.5805 0.3678 1.7668 -12.0840 1.4664 14.4765 -1.9481 0.0014
Car 0.0000 0 -3.2126 0.0000 0.0000 1224.0000 370.0000 1.5203 1.5459 3.7405 14.3461 0.7379 1.8453 -1.7904 0.0014
Car 0.0000 0 1.7409 633.4019 174.9914 687.3269 211.0570 1.3481 1.5873 3.4536 2.2485 1.1437 28.2935 1.8211 0.0013
Car 0.0000 0 3.1323 0.0000 0.0000 1224.0000 370.0000 1.6031 1.5241 4.1945 -27.6117 1.8332 -0.2224 1.5667 0.0013
Car 0.0000 0 -2.5219 844.1324 170.6147 1056.4067 246.9690 1.4864 1.7796 3.9908 7.5489 1.2956 15.9344 -2.0855 0.0013
Car 0.0000 0 -0.1232 930.9120 176.8531 1115.4644 236.9732 1.4408 1.6206 3.9571 10.6818 1.3550 18.4502 0.3957 0.0013
Car 0.0000 0 2.1042 0.0000 176.2766 68.4027 217.9243 1.4668 1.6193 3.8739 -22.5167 1.3196 26.9360 1.4155 0.0013
Car 0.0000 0 -1.6954 924.9979 167.8236 1015.9653 232.1356 1.6209 1.7597 3.9304 10.1482 1.3030 19.9612 -1.2299 0.0013
Car 0.0000 0 -0.4549 952.9055 165.9797 1168.2003 230.8230 1.6217 1.8005 4.4825 11.9119 1.2602 18.8055 0.1037 0.0013
Car 0.0000 0 0.8695 977.2065 173.4626 1147.2103 237.1480 1.4101 1.5865 3.5602 11.0999 1.2559 17.5252 1.4275 0.0013
Car 0.0000 0 0.7504 982.0096 172.6562 1200.2500 241.9953 1.4698 1.7090 4.3762 11.5703 1.3052 17.3106 1.3327 0.0013
Car 0.0000 0 1.3668 939.4164 172.7600 1045.2654 236.7136 1.3914 1.5416 3.5167 9.2898 1.2247 17.2820 1.8541 0.0013
Car 0.0000 0 -1.0551 563.3771 169.4800 637.3662 204.1410 1.4791 1.7802 3.6867 -0.1682 1.0103 32.2098 -1.0585 0.0013
Car 0.0000 0 0.7325 970.8344 176.9351 1148.2393 238.4575 1.3633 1.5841 3.5395 11.0834 1.2859 17.5829 1.2884 0.0012
Car 0.0000 0 -1.9424 930.6174 174.2908 1079.3932 250.3191 1.4442 1.5939 3.4532 8.3925 1.3279 15.2385 -1.4462 0.0012
Car 0.0000 0 -2.5864 0.0000 0.0000 1224.0000 370.0000 1.6313 1.6006 3.9469 13.5313 0.7057 1.7226 -1.1644 0.0012
Car 0.0000 0 -2.1493 911.4298 176.2047 1083.3265 250.0059 1.3742 1.5575 3.3327 8.0322 1.2959 14.8907 -1.6619 0.0012
Car 0.0000 0 2.0606 0.0000 174.5058 65.8388 217.6593 1.5081 1.6188 3.9616 -22.4704 1.3001 26.8065 1.3706 0.0012
Car 0.0000 0 0.6462 1217.3981 156.0911 1224.0000 221.9756 1.4484 1.5696 4.2167 18.1100 0.9134 17.7339 1.4347 0.0012
Car 0.0000 0 -1.5764 955.7208 166.5134 1053.9966 246.3471 1.5346 1.6926 4.0143 8.8013 1.2674 15.7545 -1.0738 0.0012
Car 0.0000 0 0.8875 970.1707 181.3283 1124.2222 238.3859 1.2698 1.3814 3.3953 10.7740 1.2940 17.5584 1.4314 0.0012
Car 0.0000 0 1.6917 635.5356 173.9932 687.5352 211.2904 1.3735 1.6288 3.5564 2.2682 1.1354 27.9388 1.7735 0.0011
Car 0.0000 0 2.0593 0.0000 173.8309 69.5414 217.0341 1.5092 1.6244 4.1141 -22.4149 1.2778 26.8719 1.3717 0.0011
Car 0.0000 0 2.1237 0.0000 176.8583 77.3627 219.6593 1.5154 1.6512 4.1411 -22.4775 1.3880 27.1893 1.4403 0.0011
Car 0.0000 0 -1.2060 931.1148 172.7499 1110.7969 252.8438 1.5391 1.8606 4.9105 9.3895 1.3918 15.8469 -0.6783 0.0011
Car 0.0000 0 2.1882 0.0000 176.6810 82.1646 219.8556 1.5314 1.6384 4.2309 -22.4491 1.3975 27.2384 1.5064 0.0011
Pedestrian 0.0000 0 1.8579 680.6106 175.2697 708.9510 243.2736 1.6431 0.5405 0.6296 2.1855 1.5183 17.4751 1.9817 0.0011
Car 0.0000 0 1.7498 564.8512 168.4083 619.2712 203.2090 1.4483 1.7677 3.7749 -0.5287 0.9466 31.4276 1.7350 0.0011
Car 0.0000 0 3.4202 0.0000 0.0000 1224.0000 370.0000 1.5384 1.5126 3.9395 -27.3215 1.8090 0.7723 1.8910 0.0011
Car 0.0000 0 -2.3833 0.0000 0.0000 1224.0000 370.0000 1.6328 1.6251 3.8037 13.4657 0.7589 1.3249 -0.9330 0.0011
Car 0.0000 0 1.2016 940.2524 178.3827 1073.1880 241.9508 1.3782 1.5782 3.5869 9.5635 1.3339 17.2057 1.7027 0.0011
Car 0.0000 0 -1.9591 915.6629 173.9727 1062.3457 249.3102 1.4775 1.6087 3.4812 8.2848 1.3511 15.6683 -1.4794 0.0011
Car 0.0000 0 1.7277 657.5681 173.3344 715.1230 212.2769 1.4149 1.6721 3.7649 3.2302 1.1561 27.7226 1.8441 0.0011
Car 0.0000 0 2.4112 941.9742 173.1494 1116.6705 235.5970 1.4153 1.4520 3.5767 10.1744 1.2503 17.0857 2.9418 0.0010
Car 0.0000 0 -1.0922 943.6922 179.6474 1116.0790 253.7854 1.4396 1.6971 3.7851 9.2797 1.4247 15.4470 -0.5587 0.0010
Car 0.0000 0 0.0743 0.0000 0.0000 1224.0000 370.0000 1.6100 1.6443 3.6133 12.8708 0.8683 0.8935 1.5521 0.0010
Car 0.0000 0 3.1052 0.0000 0.0000 1224.0000 370.0000 1.5690 1.5745 3.8543 -27.2437 1.7586 1.4081 1.5994 0.0010
Car 0.0000 0 2.0801 0.0000 176.4520 76.2286 218.9736 1.5099 1.6318 3.9699 -22.3960 1.3677 27.1964 1.3987 0.0010
Car 0.0000 0 0.7635 0.0000 0.0000 1224.0000 370.0000 1.5442 1.5597 3.3153 12.3200 0.8847 1.6160 2.1795 0.0010
Car 0.0000 0 -1.0996 926.5458 174.1001 1116.5056 252.3894 1.5213 1.7855 4.5591 9.2892 1.3986 15.7205 -0.5731 0.0010
Car 0.0000 0 -0.7969 942.7308 174.5748 1130.2987 244.8638 1.3725 1.5169 3.3175 9.0522 1.2584 14.9609 -0.2605 0.0010
Car 0.0000 0 1.5731 953.1187 177.5352 1024.8883 240.8549 1.4139 1.4378 3.7831 9.5943 1.3493 17.7906 2.0619 0.0010
Car 0.0000 0 2.1143 0.0000 175.8520 82.1843 218.9187 1.5235 1.6644 4.3133 -22.3749 1.3606 27.2565 1.4344 0.0010
Car 0.0000 0 -1.1861 948.0956 175.3333 1101.9926 252.6418 1.4914 1.6165 3.7530 9.1786 1.3933 15.4205 -0.6567 0.0010
Car 0.0000 0 -1.6387 949.4938 168.6227 1059.7087 249.6096 1.5682 1.8154 4.1357 8.7980 1.3398 15.9439 -1.1412 0.0010
Car 0.0000 0 -1.7616 1171.0964 156.6572 1224.0000 219.5578 1.6653 1.6294 3.9836 18.0955 1.0357 20.8483 -1.0527 0.0009
Car 0.0000 0 -0.2676 944.2965 178.2580 1121.8344 236.8063 1.4195 1.7515 3.6176 10.9731 1.3667 18.4527 0.2630 0.0009
Car 0.0000 0 -1.0801 917.1718 167.5944 1118.5474 250.2795 1.6132 1.8374 4.8835 9.2972 1.3631 15.8607 -0.5570 0.0009
Car 0.0000 0 -1.9477 911.8345 171.7651 1059.7384 248.3986 1.5051 1.6337 3.6156 8.2547 1.3352 15.7617 -1.4719 0.0009
Car 0.0000 0 -2.2944 896.2437 176.6295 1070.1202 251.1334 1.4353 1.5645 3.2253 8.0158 1.3623 15.3718 -1.8205 0.0008
Cyclist 0.0000 0 1.3247 664.0008 157.6605 682.5521 190.5155 1.8051 0.5949 1.8958 3.8255 0.5517 39.8227 1.4216 0.0008
Car 0.0000 0 -1.8816 908.8478 173.7691 1044.1224 249.0679 1.4887 1.6226 3.5569 8.1137 1.3572 15.8564 -1.4151 0.0008
Car 0.0000 0 3.3523 0.0000 0.0000 1224.0000 370.0000 1.5728 1.5089 3.7807 -27.3040 1.8977 1.2031 1.8389 0.0008
Car 0.0000 0 0.8983 978.6310 175.7113 1144.2290 238.8708 1.3990 1.5697 3.5042 11.0609 1.2946 17.4871 1.4557 0.0008
Pedestrian 0.0000 0 1.4219 779.6141 180.9693 807.4614 245.3602 1.5538 0.5773 0.5897 4.5929 1.5671 17.3850 1.6773 0.0008
Car 0.0000 0 -1.0015 935.3926 177.7537 1121.6578 251.2653 1.4394 1.7641 3.7730 9.2450 1.3873 15.4811 -0.4706 0.0008
Car 0.0000 0 1.3857 977.1687 177.9546 1098.3801 248.9149 1.4936 1.7291 3.9661 10.2073 1.4416 17.0362 1.9188 0.0008
Car 0.0000 0 -0.2582 932.7985 179.6395 1118.0211 238.4466 1.4288 1.7191 3.8442 10.7953 1.4095 18.5052 0.2640 0.0008
Car 0.0000 0 1.4893 992.7619 177.1553 1091.1270 245.4725 1.4317 1.6169 4.2123 10.3509 1.3633 17.0594 2.0280 0.0008
Car 0.0000 0 -1.8459 901.7839 177.5630 1041.7247 250.2094 1.4472 1.7245 4.1683 8.1931 1.3903 16.2869 -1.3860 0.0007
Car 0.0000 0 -2.6468 0.0000 0.0000 1224.0000 370.0000 1.5478 1.5127 3.6704 12.4762 0.8102 1.7251 -1.2374 0.0007
Pedestrian 0.0000 0 -1.6429 666.5405 161.2351 678.7386 192.2356 1.7354 0.6409 0.6352 3.8061 0.6583 39.9001 -1.5467 0.0007
Car 0.0000 0 3.1660 0.0000 0.0000 1224.0000 370.0000 1.6342 1.5114 4.2837 -27.4278 1.8886 -0.3237 1.5968 0.0007
Car 0.0000 0 -2.2180 872.4813 172.5329 1058.4852 249.5197 1.5192 1.7231 3.8755 7.9001 1.3636 16.0154 -1.7660 0.0007
Pedestrian 0.0000 0 -1.6863 666.1269 160.8629 679.0483 192.1896 1.7521 0.6500 0.6918 3.8021 0.6552 39.8927 -1.5902 0.0007
Car 0.0000 0 1.3586 943.5276 180.1824 1044.8999 240.7324 1.3395 1.4386 3.5676 9.4882 1.3341 17.5489 1.8483 0.0007
Car 0.0000 0 -0.8829 1150.0490 157.9213 1224.0000 214.5818 1.4588 1.6463 4.6592 17.6790 0.8790 19.3590 -0.1493 0.0007
Cyclist 0.0000 0 -1.6130 682.6020 164.0928 701.9340 237.9349 1.7952 0.3969 2.1303 2.2031 1.3979 18.2616 -1.4933 0.0007
Cyclist 0.0000 0 0.1826 664.1567 154.5922 701.8903 189.7091 1.9293 0.7557 1.9907 4.3511 0.5073 39.4894 0.2934 0.0007
Car 0.0000 0 -0.8699 935.2325 177.0188 1101.0117 245.7441 1.3351 1.3614 3.0888 8.6555 1.2691 14.9007 -0.3512 0.0007
Cyclist 0.0000 0 1.1603 660.7468 159.5939 681.3081 190.0044 1.6859 0.4830 1.7991 3.7276 0.5283 40.1226 1.2541 0.0006
Car 0.0000 0 -2.2564 850.5059 174.0601 1057.9572 251.7436 1.5276 1.7938 4.4934 7.7257 1.4026 16.2971 -1.8196 0.0006
Car 0.0000 0 1.0590 980.3533 177.3387 1130.8605 237.9643 1.3323 1.5276 3.5541 10.8232 1.2644 17.3389 1.6105 0.0006
Car 0.0000 0 -0.2569 834.9384 168.6364 1111.1205 251.5530 1.5934 1.7260 4.8791 7.4643 1.3671 14.9136 0.2003 0.0006
Car 0.0000 0 -0.0137 934.5461 180.3979 1125.6290 239.4882 1.3684 1.6973 4.0206 10.6836 1.3677 18.0957 0.5136 0.0006
Car 0.0000 0 3.2400 0.0000 0.0000 1224.0000 370.0000 1.4974 1.4409 3.4307 -27.2786 2.0083 1.6958 1.7446 0.0006
Car 0.0000 0 -1.5223 932.3145 163.1113 1038.3613 245.5694 1.5939 1.8691 4.4868 8.6790 1.2594 16.0677 -1.0337 0.0006
Car 0.0000 0 -1.6848 957.6672 170.1482 1046.7676 235.8714 1.6087 1.6299 4.1863 10.8079 1.3569 19.5474 -1.1850 0.0006
Car 0.0000 0 1.0592 976.9619 174.7091 1134.2920 240.0724 1.4263 1.6317 3.6268 10.7650 1.3015 17.2673 1.6101 0.0006
Car 0.0000 0 3.0688 0.0000 0.0000 1224.0000 370.0000 1.5286 1.5743 4.2841 -27.3634 1.9969 1.8223 1.5778 0.0006
Car 0.0000 0 -2.3151 0.0000 0.0000 1224.0000 370.0000 1.4988 1.4453 3.4906 12.3292 0.7734 1.7917 -0.9128 0.0006
Pedestrian 0.0000 0 -1.7113 670.2429 161.1210 684.9715 190.9896 1.6699 0.7372 0.6868 4.0840 0.5879 39.8825 -1.6082 0.0005
Car 0.0000 0 3.1306 0.0000 0.0000 1224.0000 370.0000 1.4506 1.4284 3.4868 -27.3021 2.0543 1.5872 1.6312 0.0005
Pedestrian 0.0000 0 -1.6408 670.4397 161.6759 684.3348 191.2648 1.6558 0.7375 0.6264 4.0724 0.6038 39.8880 -1.5380 0.0005
Pedestrian 0.0000 0 -1.2751 669.8840 159.5939 687.4904 190.6953 1.7206 0.7867 0.7860 4.1240 0.5654 39.6269 -1.1704 0.0005
Cyclist 0.0000 0 -0.0329 662.9481 155.0353 700.7015 189.6336 1.9316 0.7183 2.0953 4.3164 0.5113 39.9069 0.0758 0.0005
Pedestrian 0.0000 0 -1.2593 669.7112 160.2309 688.0889 191.4655 1.7268 0.8215 0.7907 4.1344 0.6076 39.6127 -1.1543 0.0005
Car 0.0000 0 0.1334 940.0262 179.7832 1144.4620 243.3880 1.3909 1.7256 4.1026 10.6450 1.3768 17.4123 0.6756 0.0005
Car 0.0000 0 -2.1463 865.1355 171.1455 1050.3654 249.1574 1.5504 1.7593 4.1803 7.8070 1.3661 16.2354 -1.7040 0.0004
Pedestrian 0.0000 0 1.2438 99.0183 169.9004 145.0216 268.9727 1.7011 0.4724 0.7241 -8.6169 1.5208 12.5434 0.6554 0.0004
Pedestrian 0.0000 0 0.1356 108.4900 170.3539 155.8692 261.3635 1.6208 0.4454 0.6632 -8.6820 1.4417 12.9298 -0.4425 0.0004
Pedestrian 0.0000 0 -1.2927 665.3104 161.9204 682.0045 192.7513 1.7059 0.7170 0.8845 3.8460 0.6793 39.6596 -1.1950 0.0004
Pedestrian 0.0000 0 -1.2641 665.3210 161.8847 682.6406 192.6074 1.6989 0.7415 0.8599 3.8614 0.6709 39.6348 -1.1660 0.0004
Cyclist 0.0000 0 0.0457 654.1313 155.3768 694.9559 189.7195 1.9151 0.6633 2.2658 3.9227 0.5155 39.9157 0.1448 0.0003
Cyclist 0.0000 0 -1.4511 543.4792 166.0033 564.7168 222.1264 1.5650 0.4272 1.5896 -1.4994 1.1623 20.5159 -1.5211 0.0003
Cyclist 0.0000 0 -1.6423 528.8104 159.5088 550.8127 219.6693 1.6597 0.5043 1.8226 -1.9323 1.0821 20.4406 -1.7332 0.0002