Car 0.0000 0 2.2656 0.0000 198.1367 257.2616 375.0000 1.4826 1.6783 4.5002 -4.4419 1.7379 5.0179 1.5670 0.9997
Car 0.0000 0 2.2498 0.0000 199.5866 254.9350 375.0000 1.4629 1.6855 4.4228 -4.4385 1.7326 5.0430 1.5538 0.9997
Car 0.0000 0 2.2500 0.0000 199.7353 256.1743 375.0000 1.4587 1.6879 4.4197 -4.4363 1.7303 5.0567 1.5555 0.9996
Car 0.0000 0 2.2559 0.0000 198.8439 254.7113 375.0000 1.4639 1.6725 4.4348 -4.4487 1.7263 5.0468 1.5591 0.9996
Car 0.0000 0 2.2604 0.0000 198.5447 250.5764 375.0000 1.4811 1.6792 4.3868 -4.4503 1.7376 4.9872 1.5579 0.9996
Car 0.0000 0 2.2469 0.0000 199.5406 255.8400 375.0000 1.4728 1.6803 4.4119 -4.4270 1.7423 5.0519 1.5530 0.9995
Car 0.0000 0 2.2503 0.0000 200.4198 255.8175 375.0000 1.4516 1.6770 4.5441 -4.4604 1.7326 5.0579 1.5533 0.9995
Car 0.0000 0 1.8518 291.8812 179.5362 451.0898 287.3124 1.7152 1.7317 4.3069 -4.4144 1.8646 13.9208 1.5494 0.9994
Car 0.0000 0 1.8402 292.5118 179.3557 450.1707 288.8753 1.7336 1.7196 4.3754 -4.4066 1.8791 13.8961 1.5378 0.9992
Car 0.0000 0 1.8414 292.9818 179.3141 449.7604 288.2211 1.7281 1.7131 4.3295 -4.4103 1.8725 13.8971 1.5388 0.9992
Car 0.0000 0 1.8482 298.5120 179.5862 453.9296 287.3352 1.7217 1.6877 4.3216 -4.3459 1.8728 13.9756 1.5512 0.9991
Car 0.0000 0 1.8457 292.1176 179.3960 450.5960 287.3391 1.7160 1.7379 4.3072 -4.4132 1.8622 13.9081 1.5431 0.9989
Car 0.0000 0 1.8519 291.1682 179.4892 450.3630 287.9536 1.7227 1.7200 4.3304 -4.4228 1.8711 13.9082 1.5487 0.9989
Car 0.0000 0 1.8486 292.4200 178.5437 450.9431 287.5737 1.7350 1.7119 4.3603 -4.4047 1.8624 13.9092 1.5466 0.9987
Car 0.0000 0 2.2647 0.0000 198.8967 249.2806 375.0000 1.4669 1.6883 4.4059 -4.4686 1.7268 4.9751 1.5591 0.9986
Car 0.0000 0 1.8500 294.5652 179.4604 449.3500 286.8785 1.7203 1.6830 4.2479 -4.4275 1.8681 13.9589 1.5475 0.9976
Car 0.0000 0 2.2504 0.0000 201.2290 257.2731 375.0000 1.4577 1.6832 4.4647 -4.4288 1.7449 5.0459 1.5558 0.9970
Car 0.0000 0 1.9951 229.7835 185.4255 368.1498 254.0461 1.4460 1.6004 4.0886 -7.6264 1.7964 18.0252 1.5997 0.9895
Car 0.0000 0 2.0046 228.7343 185.1136 368.8295 253.9418 1.4496 1.5986 4.1164 -7.6280 1.7918 18.0250 1.6091 0.9866
Car 0.0000 0 2.0091 228.9326 185.4220 368.8900 254.2556 1.4499 1.5897 4.1032 -7.6324 1.8008 18.0401 1.6137 0.9852
Car 0.0000 0 2.0036 228.9930 185.3289 369.2538 254.0020 1.4432 1.6015 4.1211 -7.6122 1.7911 18.0093 1.6085 0.9850
Car 0.0000 0 2.0021 230.5226 185.5484 370.3091 254.4828 1.4488 1.5930 4.1391 -7.5897 1.8034 18.0326 1.6084 0.9850
Car 0.0000 0 1.9883 231.4480 185.1938 369.2262 253.9574 1.4481 1.5966 4.1139 -7.5860 1.7921 18.0125 1.5945 0.9826
Car 0.0000 0 2.2561 0.0000 201.8150 253.0236 375.0000 1.4476 1.6713 4.4425 -4.4382 1.7384 4.9995 1.5562 0.9802
Car 0.0000 0 2.0024 229.7539 185.3646 371.0320 254.1702 1.4428 1.6001 4.1979 -7.5839 1.7927 18.0293 1.6090 0.9798
Car 0.0000 0 2.2773 0.0000 197.6842 257.5753 375.0000 1.4894 1.7181 4.4463 -4.4628 1.7392 5.0184 1.5764 0.9774
Car 0.0000 0 1.8587 293.5242 177.5703 451.6468 286.9543 1.7587 1.6976 4.2866 -4.4025 1.8643 13.9387 1.5574 0.9754
Car 0.0000 0 1.8356 295.6066 178.3428 450.5782 287.5197 1.7442 1.7051 4.3710 -4.3986 1.8677 13.9618 1.5350 0.9729
Car 0.0000 0 2.2502 0.0000 201.9818 251.5906 375.0000 1.4233 1.6960 4.4110 -4.4451 1.7153 4.9995 1.5494 0.9724
Car 0.0000 0 2.0044 227.5028 184.8602 370.3646 254.0053 1.4529 1.6208 4.2249 -7.6234 1.7892 18.0446 1.6094 0.9723
Car 0.0000 0 1.8444 296.2168 179.2518 450.2575 288.3263 1.7459 1.6829 4.2775 -4.4026 1.8892 13.9608 1.5435 0.9672
Car 0.0000 0 2.2590 0.0000 199.6845 252.4205 375.0000 1.4927 1.6828 4.3645 -4.4519 1.7616 5.0271 1.5600 0.9173
Car 0.0000 0 2.0028 230.4711 185.4262 368.6548 254.4099 1.4550 1.5719 4.0970 -7.6221 1.8060 18.0485 1.6080 0.9145
Car 0.0000 0 1.9929 230.5795 185.6144 367.9597 254.8770 1.4526 1.5537 4.1371 -7.6018 1.8081 17.9881 1.5979 0.8906
Car 0.0000 0 1.8504 294.6538 179.2081 452.3329 287.1395 1.7278 1.7366 4.2372 -4.3866 1.8697 13.9356 1.5500 0.8502
Car 0.0000 0 1.8598 297.0856 179.6854 453.9930 285.9275 1.7073 1.6979 4.2599 -4.3706 1.8605 14.0048 1.5618 0.8399
Car 0.0000 0 1.8604 293.5470 179.8728 454.8393 288.0655 1.7126 1.7047 4.4261 -4.3556 1.8700 13.9270 1.5619 0.8303
Car 0.0000 0 1.9886 230.9402 186.0104 370.4384 254.4318 1.4357 1.6138 4.1914 -7.5938 1.8041 18.0657 1.5954 0.8283
Car 0.0000 0 2.0279 230.6875 185.1377 369.1537 254.0926 1.4605 1.5657 3.9497 -7.6093 1.8020 18.0191 1.6331 0.8238
Car 0.0000 0 2.0357 229.0224 184.7173 368.8867 254.0473 1.4683 1.5690 3.9539 -7.6231 1.7980 17.9986 1.6398 0.7963
Car 0.0000 0 2.2685 0.0000 198.8255 256.9882 375.0000 1.4617 1.6700 4.4773 -4.4565 1.7244 5.0472 1.5709 0.7742
Car 0.0000 0 1.6308 419.3342 185.7206 463.3255 225.1485 1.5757 1.6769 4.0208 -7.5359 2.1906 32.3398 1.4031 0.6915
Car 0.0000 0 1.6408 419.2109 185.3323 463.6536 225.2870 1.5983 1.6531 4.0989 -7.5346 2.1956 32.3607 1.4133 0.6879
Car 0.0000 0 1.6167 418.3326 185.4910 461.6614 225.0075 1.5780 1.7006 4.0842 -7.5995 2.1830 32.3570 1.3872 0.6499
Car 0.0000 0 1.8497 294.0294 178.7047 452.1432 287.9609 1.7435 1.7192 4.3119 -4.3840 1.8743 13.9182 1.5492 0.6463
Car 0.0000 0 2.0219 226.3466 184.2673 374.0835 254.2790 1.4656 1.6238 4.3495 -7.5794 1.7865 18.0436 1.6289 0.6367
Car 0.0000 0 1.8625 292.2330 178.5867 452.5862 287.5838 1.7458 1.7268 4.2728 -4.3990 1.8738 13.9242 1.5611 0.6348
Car 0.0000 0 2.0119 227.3775 184.6973 371.2745 253.0882 1.4357 1.6495 4.1425 -7.5900 1.7659 17.9817 1.6173 0.6222
Car 0.0000 0 2.2640 0.0000 196.0805 260.2816 375.0000 1.4939 1.6714 4.5316 -4.4164 1.7288 5.0156 1.5680 0.5919
Car 0.0000 0 1.9757 233.1957 185.9985 368.0506 254.8777 1.4516 1.5913 4.0645 -7.5889 1.8175 18.0234 1.5820 0.5807
Car 0.0000 0 1.5823 419.0427 184.6077 460.5783 225.8550 1.6479 1.6992 4.3320 -7.6590 2.2141 32.4334 1.3516 0.5793
Car 0.0000 0 1.6089 419.2958 185.3593 461.6382 225.4363 1.6044 1.6915 4.1090 -7.5942 2.2045 32.4198 1.3801 0.5708
Car 0.0000 0 1.6327 419.3230 185.4884 463.6393 225.0726 1.5810 1.6797 4.0763 -7.5271 2.1853 32.3364 1.4053 0.5574
Car 0.0000 0 1.9797 234.2201 185.6370 365.5496 254.6511 1.4516 1.5292 3.9114 -7.5527 1.8034 17.8679 1.5847 0.5354
Car 0.0000 0 1.7423 419.6165 185.5733 471.7228 224.6800 1.5740 1.6114 4.0489 -7.3550 2.1827 32.4425 1.5206 0.5227
Car 0.0000 0 1.9602 226.4744 185.0103 359.3224 254.9619 1.4574 1.5519 4.0121 -7.6640 1.7907 17.7469 1.5575 0.4782
Car 0.0000 0 1.6862 418.9740 184.9778 466.7604 226.0435 1.6537 1.6229 4.1472 -7.4912 2.2358 32.4725 1.4607 0.4578
Car 0.0000 0 1.6021 418.8368 185.6823 460.8843 225.0360 1.5691 1.7028 4.0953 -7.6079 2.1836 32.3603 1.3725 0.4341
Car 0.0000 0 1.6336 419.6792 185.9183 463.3339 224.6272 1.5483 1.6574 3.9019 -7.5231 2.1710 32.3086 1.4061 0.4245
Car 0.0000 0 1.7112 419.6539 185.4971 469.7325 224.4950 1.5682 1.6429 4.0086 -7.3956 2.1728 32.4158 1.4881 0.3597
Car 0.0000 0 1.7405 418.1314 185.6550 470.2376 224.5113 1.5660 1.6366 3.9169 -7.4129 2.1766 32.3940 1.5168 0.3235
Car 0.0000 0 1.5872 420.9290 186.5265 461.5063 226.0352 1.5682 1.6587 3.9838 -7.5397 2.2195 32.2273 1.3586 0.2912
Car 0.0000 0 1.7025 419.2945 186.0726 468.5108 225.5679 1.5760 1.6326 3.9257 -7.3789 2.2031 32.1779 1.4783 0.2048
Car 0.0000 0 1.8210 419.1670 185.8224 475.9303 225.5077 1.6066 1.5602 3.9529 -7.2842 2.2273 32.5138 1.6018 0.1901
Car 0.0000 0 1.6083 418.2216 184.5114 460.5972 226.9466 1.7048 1.6923 4.3630 -7.6695 2.2684 32.5536 1.3782 0.1854
Pedestrian 0.0000 0 -1.4390 855.6141 175.9882 885.3217 251.1772 1.7298 0.5858 0.6459 6.1106 1.8061 17.0527 -1.1013 0.1849
Pedestrian 0.0000 0 -1.3694 854.2546 176.6062 887.5524 251.8202 1.7262 0.6155 0.7151 6.1268 1.8178 17.0682 -1.0312 0.1782
Car 0.0000 0 1.6817 418.7392 187.4533 466.8549 227.5286 1.5651 1.6366 3.8201 -7.3015 2.2455 31.6174 1.4560 0.1763
Car 0.0000 0 1.4488 410.8807 185.8532 461.6866 224.9699 1.5485 1.7049 4.2312 -7.8901 2.1730 32.3570 1.2110 0.1706
Car 0.0000 0 -1.2978 318.8604 180.9196 456.0670 281.1215 1.7556 1.6404 4.1250 -4.4949 1.9474 15.0462 -1.5841 0.1473
Car 0.0000 0 2.7510 346.2686 192.3758 456.5994 237.2450 1.4784 1.6046 3.6395 -7.8279 2.2586 27.0607 2.4714 0.1412
Pedestrian 0.0000 0 -1.2020 666.0967 175.4695 683.6194 216.3727 1.8525 0.6167 0.6316 2.9420 1.9745 33.1477 -1.1149 0.1407
Car 0.0000 0 1.4992 414.5315 185.2679 461.0617 225.5938 1.6071 1.7271 4.2708 -7.8455 2.2055 32.4628 1.2634 0.1379
Pedestrian 0.0000 0 -1.1762 666.0248 175.1971 683.9849 216.3241 1.8629 0.6200 0.6527 2.9501 1.9723 33.1621 -1.0889 0.1348
Pedestrian 0.0000 0 -1.2358 850.9932 175.0774 884.9207 250.9436 1.7421 0.5726 0.6607 6.0412 1.7963 17.0281 -0.9012 0.1228
Car 0.0000 0 2.2209 359.4240 191.9357 455.3238 236.8776 1.4394 1.5825 3.5561 -7.4528 2.1974 26.7025 1.9507 0.1167
Pedestrian 0.0000 0 -1.9781 374.4472 179.8492 391.7165 214.8940 1.7454 0.6255 0.6584 -11.5389 2.1046 36.5669 -2.2821 0.1152
Car 0.0000 0 1.6699 415.5857 189.2559 463.1064 227.7492 1.4845 1.6533 3.6508 -7.3987 2.2417 31.3747 1.4397 0.1125
Car 0.0000 0 2.0839 360.6576 191.5213 451.2081 237.6098 1.4564 1.5839 3.6577 -7.3988 2.1895 26.3552 1.8122 0.1112
Car 0.0000 0 -0.8511 0.0000 0.0000 1242.0000 375.0000 1.4437 1.6355 3.6306 33.0206 2.0581 0.9724 0.6811 0.1102
Pedestrian 0.0000 0 -1.6990 375.5818 179.6729 390.4635 215.0647 1.7633 0.6363 0.6926 -11.5429 2.1135 36.5656 -2.0031 0.1097
Car 0.0000 0 2.3846 345.7086 190.9503 454.6513 237.0285 1.4707 1.5929 3.8111 -7.7092 2.1915 26.6785 2.1054 0.1089
Pedestrian 0.0000 0 -1.5410 855.7861 177.6635 883.7478 251.8967 1.7210 0.6136 0.6408 6.1429 1.8386 17.1870 -1.2041 0.1054
Car 0.0000 0 2.4911 346.1564 190.8910 456.2596 237.0864 1.4940 1.5927 3.7304 -7.7342 2.2148 26.8428 2.2126 0.1027
Car 0.0000 0 1.4963 415.3148 186.2314 461.4779 225.8056 1.5654 1.7015 4.0092 -7.7455 2.2026 32.1737 1.2614 0.1025
Car 0.0000 0 3.4038 210.1301 186.1738 387.2591 250.1257 1.4686 1.6420 3.7762 -7.7205 1.8226 18.0830 3.0051 0.0992
Car 0.0000 0 1.0786 395.3480 186.4903 474.1807 225.7010 1.5572 1.6707 4.1059 -7.9113 2.2054 32.1888 0.8390 0.0946
Pedestrian 0.0000 0 -1.6107 855.1199 178.1887 884.8906 251.8996 1.7117 0.6376 0.6192 6.1408 1.8421 17.1978 -1.2741 0.0930
Car 0.0000 0 3.3370 221.6592 185.6503 396.3167 250.6951 1.4855 1.6160 3.7926 -7.4542 1.8271 18.0827 2.9507 0.0903
Car 0.0000 0 2.7606 346.8860 193.1369 459.8008 237.5145 1.4482 1.6239 3.7185 -7.7244 2.2563 26.9505 2.4835 0.0892
Car 0.0000 0 3.0736 350.7975 192.1489 455.3364 235.4654 1.4856 1.6325 3.7125 -7.9086 2.2558 27.3884 2.7945 0.0876
Pedestrian 0.0000 0 -1.3174 849.7793 174.6028 883.8548 250.7152 1.7459 0.5994 0.7300 6.0199 1.7887 17.0401 -0.9841 0.0861
Car 0.0000 0 1.3749 404.4618 185.9492 461.8505 225.4094 1.5544 1.6958 4.1834 -7.9867 2.1796 32.1705 1.1330 0.0857
Car 0.0000 0 1.9297 378.0840 191.3877 455.9863 236.3113 1.4473 1.6252 3.5507 -7.0714 2.1788 26.6158 1.6719 0.0840
Car 0.0000 0 1.6477 418.8879 189.9724 463.3350 228.1433 1.4556 1.5902 3.6103 -7.2679 2.2396 31.1239 1.4196 0.0809
Car 0.0000 0 2.9443 351.0271 192.9839 455.9431 236.0527 1.4549 1.6048 3.5773 -7.8601 2.2607 27.3355 2.6663 0.0788
Car 0.0000 0 2.6642 331.5990 191.1927 450.6184 236.9024 1.4580 1.6102 3.8739 -8.0151 2.1805 26.4828 2.3725 0.0778
Car 0.0000 0 2.7083 340.6533 192.2578 456.6456 237.7962 1.4715 1.5978 3.8078 -7.8261 2.2410 26.7439 2.4257 0.0762
Car 0.0000 0 2.1490 375.1154 191.2550 467.3892 236.8038 1.5030 1.5668 3.8203 -7.1459 2.2580 27.5309 1.8967 0.0750
Car 0.0000 0 2.0434 373.1895 192.4217 460.5739 237.4239 1.4389 1.5992 3.7448 -7.1184 2.2205 26.8062 1.7856 0.0735
Car 0.0000 0 3.4627 199.8077 187.3018 387.8701 252.3178 1.4634 1.6106 3.8992 -7.6499 1.8361 17.6306 3.0584 0.0723
Car 0.0000 0 2.3080 343.5494 190.0107 451.6562 237.3089 1.4975 1.6052 3.8810 -7.7286 2.1768 26.4575 2.0259 0.0720
Cyclist 0.0000 0 -1.3245 0.0000 0.0000 1242.0000 375.0000 1.9049 0.6234 1.9855 8.1046 1.7779 -0.0979 0.2222 0.0703
Cyclist 0.0000 0 1.9609 374.6370 184.4817 396.0812 215.9442 1.5508 0.5282 1.4662 -11.5074 2.1575 36.8723 1.6600 0.0674
Car 0.0000 0 -0.9220 0.0000 0.0000 1242.0000 375.0000 1.3799 1.5619 3.6961 33.1564 2.0407 1.1147 0.6061 0.0664
Car 0.0000 0 1.9494 372.5825 190.6326 454.1524 237.2526 1.4763 1.6192 3.6379 -7.0869 2.1691 26.1969 1.6871 0.0661
Car 0.0000 0 0.9925 388.3490 187.1595 471.4145 225.9168 1.5298 1.6668 3.9545 -8.0401 2.2009 31.8748 0.7468 0.0659
Car 0.0000 0 0.8732 392.8048 187.3744 476.9565 225.1181 1.5076 1.5982 3.7207 -7.8119 2.1853 31.9079 0.6344 0.0658
Car 0.0000 0 1.9402 246.1405 186.2884 373.4571 257.5924 1.4837 1.5252 3.9934 -7.2682 1.8524 17.7744 1.5568 0.0650
Car 0.0000 0 1.6799 417.0963 191.3885 465.3503 229.0163 1.4070 1.6180 3.5077 -7.1439 2.2413 30.6248 1.4520 0.0650
Car 0.0000 0 2.4548 330.7766 186.5809 447.0993 231.8923 1.4439 1.6137 3.9205 -8.0152 1.9847 26.3258 2.1615 0.0650
Cyclist 0.0000 0 -1.1876 0.0000 0.0000 1242.0000 375.0000 1.9601 0.6053 2.0143 8.2604 1.7582 -0.1182 0.3620 0.0638
Car 0.0000 0 2.8089 342.1970 193.0532 463.8686 238.5258 1.4607 1.6362 3.9988 -7.6358 2.2568 26.6050 2.5314 0.0624
Car 0.0000 0 2.7746 332.4003 190.2688 449.4221 235.0569 1.4625 1.5906 3.8403 -8.1276 2.1526 26.7674 2.4820 0.0621
Car 0.0000 0 2.8855 352.9449 193.0242 465.4464 235.9541 1.4338 1.5857 3.8233 -7.6167 2.2430 27.2878 2.6152 0.0599
Car 0.0000 0 2.8051 326.3672 189.5940 447.5070 234.8220 1.4767 1.6266 3.9777 -8.2690 2.1402 26.7462 2.5075 0.0596
Car 0.0000 0 2.2366 359.9489 191.8261 459.4916 236.9381 1.4504 1.6081 3.7430 -7.4260 2.2129 26.9453 1.9696 0.0585
Car 0.0000 0 -1.3866 398.8577 188.7167 459.8758 233.0171 1.5662 1.6590 4.0728 -7.2343 2.2516 29.0778 -1.6289 0.0584
Car 0.0000 0 2.0508 358.3957 187.7770 450.0934 234.8445 1.4862 1.5876 3.8430 -7.3839 2.0691 26.1198 1.7774 0.0578
Car 0.0000 0 2.1596 370.9850 190.1066 465.9276 235.5144 1.5055 1.6192 3.8884 -7.2722 2.2166 27.6192 1.9039 0.0572
Car 0.0000 0 1.8177 387.1616 190.1045 457.3072 236.8636 1.4916 1.6120 3.6540 -6.7724 2.1621 26.1955 1.5666 0.0565
Car 0.0000 0 2.2348 364.7439 190.3281 465.3064 236.2426 1.4993 1.6181 3.8730 -7.3067 2.2106 27.2542 1.9747 0.0550
Car 0.0000 0 3.0067 329.8379 189.7606 445.6218 233.6526 1.4782 1.6408 3.9714 -8.3820 2.1503 27.0893 2.7089 0.0544
Car 0.0000 0 -0.8447 0.0000 0.0000 1242.0000 375.0000 1.4558 1.5921 3.4835 32.8026 2.0294 0.9294 0.6886 0.0544
Car 0.0000 0 2.2175 339.9951 186.8405 447.1023 234.5152 1.4959 1.6307 3.9714 -7.7403 2.0427 26.0417 1.9309 0.0541
Car 0.0000 0 2.0280 378.6468 192.6239 461.6396 236.4899 1.4237 1.5561 3.6543 -7.0852 2.2204 27.1164 1.7742 0.0531
Car 0.0000 0 2.2657 340.4700 187.2829 449.5113 234.7082 1.4962 1.5944 4.0084 -7.7455 2.0642 26.2284 1.9807 0.0517
Car 0.0000 0 -1.4777 390.6526 187.3726 444.3713 232.5437 1.5803 1.6903 4.0529 -7.6336 2.2022 28.7516 -1.7355 0.0516
Car 0.0000 0 -1.6992 387.0088 188.4236 444.3209 233.2402 1.5419 1.6813 3.9796 -7.7747 2.2035 28.4823 -1.9639 0.0500
Car 0.0000 0 2.6630 334.8643 187.5132 452.9247 234.0785 1.5279 1.6325 3.8913 -8.0178 2.1128 26.8304 2.3748 0.0495
Car 0.0000 0 2.5360 333.0799 188.4618 448.9418 234.8553 1.4916 1.6187 3.8395 -8.0226 2.1097 26.5501 2.2448 0.0492
Car 0.0000 0 -1.0516 0.0000 0.0000 1242.0000 375.0000 1.4231 1.5913 3.7309 33.3744 1.9716 1.4224 0.4676 0.0490
Car 0.0000 0 0.5198 396.2894 188.8937 484.8511 226.2094 1.5096 1.5795 3.4347 -7.4232 2.2381 31.5064 0.2898 0.0488
Car 0.0000 0 1.3783 424.4131 189.4941 487.4343 234.3640 1.4652 1.6234 3.7205 -5.8899 2.1372 27.0928 1.1656 0.0487
Car 0.0000 0 2.0348 355.7783 187.9546 449.0044 235.3643 1.4787 1.5996 3.9777 -7.3936 2.0662 25.9456 1.7594 0.0487
Car 0.0000 0 0.1207 0.0000 0.0000 1242.0000 375.0000 1.3673 1.5197 3.4725 32.2349 1.9950 0.8379 1.6562 0.0485
Car 0.0000 0 1.4050 426.5969 190.5328 486.3540 234.5578 1.4481 1.6285 3.6166 -5.9103 2.1660 27.3028 1.1932 0.0483
Car 0.0000 0 1.7272 408.0837 187.8115 462.8056 228.7798 1.5856 1.7157 3.9671 -7.5748 2.2806 31.4606 1.4923 0.0480
Car 0.0000 0 3.0025 322.0607 186.9726 445.7445 231.4163 1.4840 1.6745 4.1929 -8.4281 2.0410 26.7929 2.7001 0.0473
Car 0.0000 0 3.0024 338.4821 189.8961 449.5587 233.7164 1.4797 1.6277 3.8070 -8.1478 2.1561 27.0860 2.7124 0.0467
Pedestrian 0.0000 0 -4.5549 0.0000 0.0000 1242.0000 375.0000 2.1854 0.7104 0.9791 8.2089 1.7184 -0.0648 -3.0119 0.0462
Car 0.0000 0 1.7132 396.2425 192.8715 456.6220 237.5108 1.4203 1.6455 3.6450 -6.7209 2.2102 26.5554 1.4670 0.0457
Pedestrian 0.0000 0 -1.2269 660.9010 175.3900 679.0181 217.1446 1.8893 0.6436 0.6660 2.7163 2.0077 33.1349 -1.1466 0.0447
Pedestrian 0.0000 0 -2.9338 0.0000 0.0000 1242.0000 375.0000 2.1176 0.6937 0.9354 8.2167 1.7383 -0.0304 -1.3950 0.0447
Car 0.0000 0 1.9169 391.2303 189.9483 463.9211 235.0008 1.5536 1.6110 3.6336 -7.0865 2.2669 28.2016 1.6723 0.0441
Car 0.0000 0 1.8701 382.2338 188.3649 458.6225 235.5356 1.4870 1.5948 3.8152 -6.7672 2.0873 25.9631 1.6170 0.0441
Pedestrian 0.0000 0 -1.4283 1128.9858 153.0441 1177.9075 286.8836 1.7679 0.4719 0.5427 7.3960 1.5066 9.8871 -0.8008 0.0440
Car 0.0000 0 2.8030 323.1907 188.9103 450.9059 235.8955 1.5151 1.6538 4.1644 -8.1717 2.1468 26.4656 2.5058 0.0440
Car 0.0000 0 1.4621 431.5122 189.9184 485.0653 234.1875 1.4788 1.6074 3.7068 -5.9158 2.1810 27.6621 1.2527 0.0439
Car 0.0000 0 -1.4233 397.3463 189.3154 454.2462 233.6548 1.5561 1.6429 3.8782 -7.3225 2.2601 28.8251 -1.6705 0.0430
Car 0.0000 0 1.9199 371.9925 187.7953 453.0385 235.0792 1.4934 1.6071 3.7830 -7.0519 2.0721 25.9741 1.6568 0.0430
Pedestrian 0.0000 0 -4.3453 0.0000 0.0000 1242.0000 375.0000 2.1790 0.7200 0.9261 8.2749 1.6467 -0.2602 -2.7784 0.0429
Car 0.0000 0 1.7078 394.2537 189.6036 452.0954 234.7003 1.5469 1.6682 3.9268 -7.2919 2.2520 28.3116 1.4574 0.0424
Cyclist 0.0000 0 -3.4230 0.0000 0.0000 1242.0000 375.0000 1.9313 0.5492 1.7722 8.2556 1.7470 -0.0441 -1.8824 0.0421
Car 0.0000 0 2.5791 333.2793 187.9114 448.4626 233.9912 1.4944 1.6113 3.7934 -8.0622 2.0916 26.6374 2.2874 0.0421
Car 0.0000 0 0.5973 389.4203 188.9883 484.6439 227.2692 1.5121 1.6693 3.6994 -7.4991 2.2410 31.1440 0.3624 0.0418
Cyclist 0.0000 0 1.6902 375.2502 184.6927 390.1972 216.7980 1.5702 0.5480 1.5109 -11.5786 2.1851 36.6632 1.3860 0.0416
Car 0.0000 0 1.8794 372.1382 187.6648 451.0354 235.4595 1.4971 1.5913 3.9429 -7.0462 2.0691 25.8452 1.6153 0.0408
Car 0.0000 0 1.4635 424.5078 191.7728 477.0799 235.1299 1.4182 1.5568 3.5533 -6.1015 2.1829 27.2173 1.2444 0.0403
Car 0.0000 0 -2.5261 339.9135 190.1130 455.3420 233.5793 1.5185 1.6913 4.0336 -8.2183 2.2190 27.8133 -2.8114 0.0399
Car 0.0000 0 1.7384 394.3541 190.5201 457.2817 236.4565 1.4737 1.6535 3.5547 -6.7023 2.1654 26.3962 1.4915 0.0390
Car 0.0000 0 -0.5836 0.0000 0.0000 1242.0000 375.0000 1.5045 1.5836 3.9146 39.4710 0.9340 0.4005 0.9696 0.0389
Car 0.0000 0 3.4067 331.9897 190.9613 450.1812 231.9726 1.4665 1.6764 4.0073 -8.3070 2.1788 27.4755 3.1152 0.0388
Car 0.0000 0 -2.4640 341.8574 189.9096 454.6368 233.4597 1.5128 1.6856 3.9994 -8.2053 2.2072 27.8141 -2.7489 0.0388
Car 0.0000 0 2.4684 351.9333 189.3168 463.5955 236.0114 1.5371 1.6436 3.8802 -7.5973 2.2061 27.2491 2.1985 0.0386
Car 0.0000 0 1.4687 422.4947 192.0524 475.4226 235.5336 1.4106 1.5756 3.5252 -6.1274 2.1812 27.0233 1.2472 0.0380
Pedestrian 0.0000 0 -0.2730 801.9958 172.0148 830.1701 239.6978 1.8662 0.5730 0.6233 5.7110 1.8434 20.1786 -0.0019 0.0375
Car 0.0000 0 2.1669 386.5700 192.5051 475.1120 236.7766 1.4795 1.5670 3.5780 -6.8580 2.2899 27.7912 1.9265 0.0373
Pedestrian 0.0000 0 -0.1933 801.9348 172.6430 829.0226 239.8484 1.8526 0.5389 0.6338 5.6948 1.8472 20.1808 0.0771 0.0367
Car 0.0000 0 -3.3404 0.0000 0.0000 1242.0000 375.0000 1.4183 1.5932 3.5848 32.7385 1.9833 0.9036 -1.8064 0.0351
Car 0.0000 0 2.1650 372.8140 189.1355 466.5063 231.2495 1.5160 1.6939 4.2054 -7.8423 2.2442 29.9866 1.9108 0.0348
Car 0.0000 0 0.3293 381.0421 173.3654 463.8600 204.2784 1.6794 1.6762 4.1499 -10.4521 1.7089 40.2223 0.0763 0.0338
Car 0.0000 0 2.3610 324.7439 186.2589 449.9955 234.3253 1.4932 1.7010 4.3851 -7.9491 2.0208 26.0460 2.0671 0.0336
Car 0.0000 0 1.8082 397.0177 194.4568 462.5388 236.6678 1.3744 1.5863 3.5705 -6.7342 2.2401 27.1101 1.5664 0.0333
Car 0.0000 0 -1.5866 391.7514 189.0943 438.6485 233.6788 1.5195 1.6528 3.8491 -7.6774 2.2009 28.1795 -1.8507 0.0330
Car 0.0000 0 3.2923 372.6451 190.2279 482.5010 231.8542 1.5128 1.6607 3.9383 -7.0649 2.2136 28.0762 3.0474 0.0328
Car 0.0000 0 -0.0694 0.0000 0.0000 1242.0000 375.0000 1.5671 1.7546 4.0254 -2.9792 1.6597 0.9095 -1.2594 0.0328
Car 0.0000 0 -4.0575 0.0000 0.0000 1242.0000 375.0000 1.4485 1.5348 4.0066 33.5772 1.9800 1.5449 -2.5417 0.0325
Pedestrian 0.0000 0 2.3133 664.5572 174.0314 687.1979 217.1762 1.9677 0.6099 0.8828 3.0165 2.0235 33.4556 2.4017 0.0323
Car 0.0000 0 -0.8767 0.0000 0.0000 1242.0000 375.0000 1.5337 1.6922 4.2844 39.5481 0.9420 0.7748 0.6671 0.0323
Pedestrian 0.0000 0 -2.6605 780.9205 172.1613 806.9192 229.3983 1.8347 0.5284 0.6525 5.9553 1.8129 23.5402 -2.4164 0.0321
Car 0.0000 0 1.9815 354.0184 186.2307 446.0991 233.5147 1.4638 1.6358 4.0933 -7.3946 1.9800 25.6809 1.7033 0.0317
Car 0.0000 0 1.5719 428.5403 192.2298 472.5055 235.5350 1.4401 1.5425 3.6938 -6.1649 2.2379 27.7234 1.3544 0.0310
Pedestrian 0.0000 0 -2.5810 779.8474 171.4688 806.9458 228.9472 1.8428 0.5524 0.6666 5.9433 1.7988 23.5623 -2.3376 0.0310
Car 0.0000 0 0.3144 0.0000 0.0000 1242.0000 375.0000 1.4037 1.6510 4.0219 20.6772 1.7293 0.9467 1.8251 0.0308
Car 0.0000 0 -0.9518 0.0000 0.0000 1242.0000 375.0000 1.5380 1.6800 4.1426 39.6006 0.9933 1.0735 0.5846 0.0308
Cyclist 0.0000 0 1.8059 374.2889 184.4410 392.6456 216.3101 1.5648 0.5641 1.4709 -11.5592 2.1671 36.7261 1.5026 0.0307
Pedestrian 0.0000 0 -1.0514 665.2623 174.3028 685.9530 217.3088 1.9635 0.6205 0.8449 3.0093 2.0322 33.4997 -0.9632 0.0305
Car 0.0000 0 0.1031 362.4324 190.9253 480.4363 232.8349 1.4906 1.6552 4.2444 -7.2089 2.2150 27.7725 -0.1492 0.0300
Car 0.0000 0 0.4362 0.0000 0.0000 1242.0000 375.0000 1.4274 1.6209 4.0597 20.3415 1.7322 0.6338 1.9613 0.0298
Car 0.0000 0 -0.9391 0.0000 0.0000 1242.0000 375.0000 1.5955 1.6675 4.0776 39.4701 1.1576 1.2708 0.5921 0.0293
Car 0.0000 0 -0.7813 0.0000 0.0000 1242.0000 375.0000 1.5627 1.6401 3.9004 39.3041 0.9727 0.7029 0.7642 0.0290
Car 0.0000 0 1.6959 410.8616 190.2827 468.5466 236.0588 1.4749 1.6271 3.5276 -6.2215 2.1594 26.4839 1.4667 0.0290
Pedestrian 0.0000 0 0.8105 778.8947 172.7202 805.0884 227.9562 1.7889 0.5227 0.6641 5.9512 1.7849 23.7830 1.0521 0.0288
Car 0.0000 0 0.4225 381.0677 189.5548 492.0712 231.1422 1.5053 1.6343 3.8941 -6.7918 2.1858 28.2170 0.1879 0.0286
Car 0.0000 0 0.3007 381.7758 173.2809 463.2843 203.7500 1.6583 1.6504 4.0923 -10.4436 1.6830 40.2150 0.0479 0.0286
Car 0.0000 0 -2.5488 344.5999 192.4442 456.9141 234.8789 1.4791 1.6468 3.9046 -8.0929 2.2720 27.8060 -2.8301 0.0285
Car 0.0000 0 1.8494 369.2533 185.9721 448.0608 234.0349 1.4971 1.6210 4.1001 -7.0925 2.0014 25.6554 1.5817 0.0280
Pedestrian 0.0000 0 0.8579 780.0323 173.2493 804.9176 228.1168 1.7790 0.5140 0.6205 5.9693 1.7926 23.7910 1.1001 0.0280
Car 0.0000 0 -2.5483 351.6806 191.6667 461.2937 233.4703 1.4807 1.6453 3.8634 -7.9812 2.2523 28.1900 -2.8223 0.0277
Pedestrian 0.0000 0 -1.5250 788.5881 172.9140 806.2567 228.4122 1.8021 0.5397 0.6261 6.1417 1.8045 23.8057 -1.2762 0.0273
Car 0.0000 0 1.8442 384.3653 188.1100 458.6019 235.6304 1.4965 1.5941 3.8224 -6.7104 2.0850 25.8853 1.5924 0.0273
Car 0.0000 0 1.8001 385.1250 187.2389 456.5251 234.5249 1.4779 1.5965 3.9611 -6.7007 2.0318 25.7633 1.5476 0.0271
Car 0.0000 0 -3.2040 0.0000 0.0000 1242.0000 375.0000 1.4438 1.5649 3.6694 32.4297 1.9670 0.5274 -1.6587 0.0268
Car 0.0000 0 -1.1402 388.9348 190.9675 465.4823 230.9664 1.4621 1.6315 3.9015 -7.6278 2.2755 30.3134 -1.3853 0.0266
Car 0.0000 0 3.2899 334.0267 190.3828 449.2813 232.1052 1.4700 1.6484 3.9936 -8.2599 2.1637 27.4400 2.9996 0.0262
Pedestrian 0.0000 0 -1.6401 788.4550 172.4375 807.5294 228.3871 1.8172 0.5608 0.6600 6.1534 1.8041 23.8075 -1.3909 0.0259
Cyclist 0.0000 0 1.8747 368.6312 184.2754 389.1696 216.8369 1.5949 0.5581 1.5395 -11.7659 2.1876 36.6501 1.5657 0.0259
Car 0.0000 0 -0.6858 0.0000 0.0000 1242.0000 375.0000 1.5720 1.5991 4.0628 39.5379 0.9608 0.6560 0.8611 0.0258
Car 0.0000 0 -3.4979 0.0000 0.0000 1242.0000 375.0000 1.4399 1.5791 3.7826 33.0532 1.9159 0.6772 -1.9567 0.0255
Car 0.0000 0 -3.5655 0.0000 0.0000 1242.0000 375.0000 1.6078 1.6024 3.7182 38.7899 1.1708 0.8987 -2.0255 0.0255
Pedestrian 0.0000 0 -0.6184 786.6088 170.8505 815.3192 228.1739 1.8409 0.5549 0.7170 6.1871 1.7769 23.5561 -0.3654 0.0255
Car 0.0000 0 -0.8464 0.0000 0.0000 1242.0000 375.0000 1.5307 1.6359 3.9847 39.4076 0.9609 0.7926 0.6969 0.0253
Pedestrian 0.0000 0 -0.8605 786.8660 169.8147 815.2089 227.7800 1.8602 0.5760 0.7055 6.2003 1.7630 23.5899 -0.6072 0.0249
Car 0.0000 0 -0.2229 0.0000 0.0000 1242.0000 375.0000 1.3875 1.6276 3.3860 33.2161 1.9235 0.9708 1.3096 0.0248
Car 0.0000 0 -1.8608 369.3792 187.2344 440.7746 231.5934 1.5168 1.6208 3.9007 -8.0833 2.1187 28.0979 -2.1390 0.0247
Car 0.0000 0 -1.3800 390.0068 187.4830 453.3936 233.0017 1.6072 1.6940 4.1655 -7.5106 2.2383 28.9740 -1.6320 0.0247
Car 0.0000 0 2.1412 335.5189 185.7718 448.5036 234.2419 1.4841 1.7039 4.4628 -7.6719 1.9879 25.7388 1.8538 0.0245
Car 0.0000 0 -0.0918 368.2824 182.7113 443.6138 212.5097 1.4544 1.5769 3.6412 -10.6538 1.9865 37.5236 -0.3670 0.0242
Car 0.0000 0 -0.9070 0.0000 0.0000 1242.0000 375.0000 1.5534 1.6494 4.0150 39.4719 0.9826 1.0919 0.6287 0.0238
Car 0.0000 0 -4.2830 0.0000 0.0000 1242.0000 375.0000 1.5705 1.6113 3.6791 35.6139 1.4526 1.3849 -2.7594 0.0237
Car 0.0000 0 0.0967 353.0384 192.1519 471.0212 234.0769 1.4790 1.6707 4.2253 -7.5503 2.2520 27.7097 -0.1675 0.0236
Car 0.0000 0 0.3148 381.2431 173.6817 462.6814 204.0924 1.6549 1.6923 4.0768 -10.4936 1.7026 40.2837 0.0613 0.0235
Car 0.0000 0 0.8334 389.6382 188.7279 472.5836 226.5653 1.4967 1.6052 3.4658 -7.8775 2.2268 31.5381 0.5901 0.0233
Car 0.0000 0 0.2933 0.0000 0.0000 1242.0000 375.0000 1.3938 1.6133 3.7821 20.6955 1.7404 1.1423 1.7946 0.0232
Car 0.0000 0 0.0605 0.0000 0.0000 1242.0000 375.0000 1.3742 1.5870 3.4831 32.4684 2.0098 0.8885 1.5947 0.0231
Pedestrian 0.0000 0 -0.1865 0.0000 0.0000 1242.0000 375.0000 1.9278 0.6448 0.9043 -3.4460 1.7519 0.1782 -1.6227 0.0230
Car 0.0000 0 -0.3707 337.3625 190.1022 455.9447 236.9264 1.5109 1.6137 3.8424 -7.8144 2.1864 26.4256 -0.6560 0.0225
Car 0.0000 0 -4.0511 0.0000 0.0000 1242.0000 375.0000 1.4750 1.5683 4.1824 33.4676 1.9896 0.5871 -2.5068 0.0222
Car 0.0000 0 -3.3783 0.0000 0.0000 1242.0000 375.0000 1.4501 1.5641 3.7142 32.6268 1.9636 0.5541 -1.8338 0.0221
Cyclist 0.0000 0 -1.5378 435.6177 183.8695 451.2419 232.4632 1.7252 0.5120 1.7108 -6.2458 2.1500 26.9059 -1.7643 0.0220
Car 0.0000 0 0.4242 367.9164 192.0086 485.1551 235.8568 1.4924 1.6793 3.8631 -6.8037 2.2336 26.7398 0.1768 0.0218
Cyclist 0.0000 0 -0.9212 402.7795 186.7299 445.6639 235.6591 1.7324 0.5466 1.8542 -6.9863 2.2714 27.0492 -1.1722 0.0218
Car 0.0000 0 -0.0357 0.0000 0.0000 1242.0000 375.0000 1.6085 1.8223 4.2036 -3.2659 1.6974 0.3888 -1.4025 0.0217
Car 0.0000 0 3.2658 373.9202 193.8041 480.0851 233.9872 1.4066 1.6270 3.7284 -6.9081 2.2316 27.3648 3.0202 0.0216
Car 0.0000 0 1.7984 402.7786 189.9823 468.8951 235.9331 1.4795 1.5738 3.5801 -6.3254 2.1483 26.3619 1.5646 0.0216
Pedestrian 0.0000 0 -1.4035 696.2708 168.5075 711.3765 203.2331 1.9585 0.7503 0.6945 5.3165 1.7137 41.1322 -1.2763 0.0215
Car 0.0000 0 -0.2663 0.0000 0.0000 1242.0000 375.0000 1.5658 1.6163 3.4460 38.5351 1.3263 1.6873 1.2530 0.0211
Car 0.0000 0 2.0850 378.7412 190.3300 466.2108 230.8127 1.4487 1.6705 4.1791 -7.7253 2.2294 29.9817 1.8344 0.0210
Car 0.0000 0 -3.7199 0.0000 0.0000 1242.0000 375.0000 1.5851 1.5979 3.9443 39.0259 1.1453 1.1064 -2.1850 0.0210
Pedestrian 0.0000 0 -3.2002 798.8215 172.4844 823.2114 241.8591 1.9071 0.5786 0.6201 5.5692 1.8973 20.1791 -2.9355 0.0210
Car 0.0000 0 -0.2967 0.0000 0.0000 1242.0000 375.0000 1.3871 1.6830 3.7040 33.1500 1.9866 0.8699 1.2387 0.0209
Car 0.0000 0 -0.1571 364.5049 184.1913 440.2617 213.1829 1.4032 1.5384 3.5898 -10.8293 2.0160 37.5157 -0.4367 0.0208
Car 0.0000 0 0.1036 0.0000 0.0000 1242.0000 375.0000 1.3776 1.6030 3.5508 32.3889 1.9925 0.8054 1.6403 0.0207
Car 0.0000 0 0.5340 406.1881 192.0154 510.8528 233.6452 1.4366 1.6235 3.5722 -5.7978 2.2023 27.4756 0.3273 0.0206
Car 0.0000 0 1.4511 427.2678 189.5011 483.1782 235.0874 1.4763 1.6001 3.6040 -5.8408 2.1395 26.7629 1.2377 0.0203
Car 0.0000 0 -1.0396 0.0000 0.0000 1242.0000 375.0000 1.4475 1.4658 3.8072 33.5774 1.9724 1.4831 0.4781 0.0200
Car 0.0000 0 -4.1521 0.0000 0.0000 1242.0000 375.0000 1.5821 1.6390 3.5192 35.5816 1.4125 1.5039 -2.6319 0.0199
Car 0.0000 0 1.7814 396.9357 188.8014 463.9675 235.7097 1.4783 1.5922 3.6612 -6.3912 2.0910 25.8502 1.5408 0.0199
Car 0.0000 0 1.2794 396.5176 185.3008 463.3321 226.3707 1.6182 1.7529 4.1416 -8.0901 2.2092 32.0050 1.0333 0.0198
Car 0.0000 0 -2.9226 398.0562 189.8937 505.3070 230.3783 1.4796 1.5703 3.7901 -6.0924 2.1561 27.8310 -3.1367 0.0195
Car 0.0000 0 1.7233 400.2046 188.4462 461.9470 236.9349 1.5284 1.5859 3.8352 -6.4057 2.1333 25.9933 1.4834 0.0195
Pedestrian 0.0000 0 1.7106 0.0000 0.0000 1242.0000 375.0000 1.9034 0.6949 0.8933 -3.4077 1.7136 0.1876 0.2784 0.0194
Car 0.0000 0 -2.7042 388.1026 193.5024 499.7176 236.1111 1.4608 1.5821 3.7608 -6.2385 2.2685 27.0377 -2.9295 0.0194
Car 0.0000 0 -4.1455 0.0000 0.0000 1242.0000 375.0000 1.4611 1.4867 3.9248 33.6136 1.9794 0.9972 -2.6133 0.0192
Car 0.0000 0 0.1866 0.0000 0.0000 1242.0000 375.0000 1.5929 1.7670 4.2683 -3.2930 1.7313 0.2836 -1.2125 0.0191
Car 0.0000 0 -2.8503 365.4199 195.2702 486.7304 236.2948 1.4236 1.7080 4.0819 -6.8646 2.2924 27.0086 -3.0975 0.0191
Pedestrian 0.0000 0 -0.3600 805.8770 171.7956 835.3611 240.6571 1.8720 0.5533 0.6239 5.7610 1.8436 19.9140 -0.0832 0.0191
Car 0.0000 0 0.2452 362.3524 192.8572 480.7229 236.3073 1.5061 1.7192 3.9359 -6.9431 2.2706 26.6870 -0.0075 0.0191
Car 0.0000 0 1.1260 390.1505 186.9771 467.3009 226.5045 1.5533 1.6787 4.1860 -8.1460 2.2227 32.0321 0.8785 0.0191
Car 0.0000 0 -0.1791 332.4090 188.0333 456.2199 234.5699 1.4998 1.6046 4.0459 -7.7830 2.0803 25.9434 -0.4683 0.0189
Car 0.0000 0 -1.0093 0.0000 0.0000 1242.0000 375.0000 1.5502 1.6190 3.8617 39.2938 1.0449 0.1907 0.5492 0.0188
Car 0.0000 0 -0.3329 322.5303 186.7938 449.6933 233.1868 1.4823 1.6217 4.0758 -8.0715 2.0213 26.0239 -0.6313 0.0187
Car 0.0000 0 -0.4217 0.0000 0.0000 1242.0000 375.0000 1.5642 1.6633 3.6096 38.7528 1.2830 1.6270 1.0995 0.0187
Car 0.0000 0 -0.1668 61.9465 0.0000 1242.0000 375.0000 1.5982 1.7865 4.2863 -2.5592 1.7184 1.1397 -1.2307 0.0186
Car 0.0000 0 1.3937 423.4043 189.1276 483.2206 235.1320 1.4938 1.5635 3.4948 -5.8954 2.1394 26.6937 1.1778 0.0185
Car 0.0000 0 -3.3188 0.0000 0.0000 1242.0000 375.0000 1.4355 1.5904 3.5625 32.7238 1.9406 0.8805 -1.7841 0.0184
Car 0.0000 0 -0.0538 351.0778 184.4292 425.9815 213.7316 1.4202 1.4870 3.6314 -11.5014 2.0407 37.3350 -0.3511 0.0180
Pedestrian 0.0000 0 -3.0677 797.8306 171.9621 823.2090 241.4702 1.9089 0.5594 0.6482 5.5654 1.8848 20.1847 -2.8033 0.0178
Pedestrian 0.0000 0 -2.7957 438.0289 183.9193 458.9078 230.9280 1.7758 0.6547 0.5985 -6.2600 2.2079 27.7868 -3.0159 0.0178
Car 0.0000 0 -1.0805 395.1371 192.5090 475.5407 234.6567 1.4462 1.5672 3.6118 -6.8595 2.2764 28.5154 -1.3151 0.0176
Pedestrian 0.0000 0 -1.7177 698.9887 184.0671 715.6412 227.8872 1.7531 0.5880 0.5928 3.9093 2.2138 29.3185 -1.5873 0.0174
Cyclist 0.0000 0 -1.2017 438.3844 186.4505 472.6695 233.1714 1.6751 0.6490 1.8514 -5.8880 2.2099 27.3943 -1.4121 0.0174
Car 0.0000 0 -1.1091 207.9383 0.0000 1242.0000 375.0000 1.5670 1.6034 4.2236 -1.0708 1.6986 1.5138 -1.6513 0.0172
Car 0.0000 0 -2.6539 399.4510 192.0033 512.8156 234.8787 1.4868 1.6098 3.9314 -5.8906 2.2521 27.5052 -2.8636 0.0168
Cyclist 0.0000 0 1.6606 372.3550 184.3463 387.2453 216.5361 1.5778 0.5895 1.5013 -11.7481 2.1759 36.7289 1.3527 0.0168
Pedestrian 0.0000 0 -0.5846 742.6633 173.2865 773.0616 227.2821 1.8648 0.5427 0.8954 5.1481 1.8806 25.3438 -0.3872 0.0166
Pedestrian 0.0000 0 -1.6836 372.5889 179.3846 387.7039 214.6180 1.7594 0.6623 0.6494 -11.7054 2.0951 36.6190 -1.9913 0.0164
Pedestrian 0.0000 0 -0.5618 0.0000 0.0000 1242.0000 375.0000 1.8327 0.6741 0.7172 -8.2433 1.4701 -0.2610 -2.1295 0.0164
Car 0.0000 0 -0.9076 62.8431 0.0000 1242.0000 375.0000 1.5933 1.6275 4.1534 -1.4753 1.6825 1.2475 -1.6777 0.0163
Car 0.0000 0 0.6553 385.8977 189.4765 472.7960 227.3066 1.4931 1.6975 3.2892 -7.8384 2.2447 31.1705 0.4104 0.0162
Pedestrian 0.0000 0 -1.4255 693.7063 170.4231 708.7629 204.1408 1.9031 0.7638 0.6748 5.1710 1.7662 41.1488 -1.3019 0.0160
Car 0.0000 0 1.7310 349.7444 183.8479 394.4752 216.9596 1.5465 1.6244 3.4914 -12.1059 2.1354 36.7760 1.4147 0.0159
Car 0.0000 0 -0.7970 0.0000 0.0000 1242.0000 375.0000 1.5994 1.6908 4.1090 39.3641 1.0084 0.9970 0.7410 0.0158
Pedestrian 0.0000 0 -1.3294 693.2302 170.3749 709.1691 204.1178 1.9033 0.7661 0.6658 5.1681 1.7639 41.1448 -1.2058 0.0157
Car 0.0000 0 -3.1440 0.0000 0.0000 1242.0000 375.0000 1.4230 1.5037 3.7692 32.3968 1.8267 0.4277 -1.5957 0.0157
Car 0.0000 0 -4.1475 0.0000 0.0000 1242.0000 375.0000 1.5687 1.6544 4.2192 39.6301 0.9552 0.2283 -2.5898 0.0156
Pedestrian 0.0000 0 -0.8137 615.8058 180.4772 634.7973 217.9170 1.7487 0.6831 0.5924 0.6889 2.1166 34.3319 -0.7946 0.0155
Cyclist 0.0000 0 -1.5070 434.9295 187.3442 451.7162 234.8311 1.6857 0.5024 1.7730 -6.2899 2.2484 27.0844 -1.7336 0.0155
Car 0.0000 0 -3.1210 0.0000 0.0000 1242.0000 375.0000 1.4193 1.5275 3.7655 32.1491 1.9395 0.3090 -1.5692 0.0154
Car 0.0000 0 -0.3432 359.6206 184.8006 437.4157 213.8275 1.3919 1.4947 3.6013 -11.0419 2.0429 37.6276 -0.6272 0.0153
Cyclist 0.0000 0 -1.5489 445.3688 185.4510 462.6730 234.0345 1.7342 0.5993 1.6635 -5.8874 2.2226 27.0795 -1.7616 0.0152
Car 0.0000 0 -1.4352 433.0728 186.9776 489.8057 231.3670 1.5837 1.6824 4.3486 -6.0041 2.2027 29.3796 -1.6356 0.0151
Cyclist 0.0000 0 -1.5206 668.4397 178.5985 680.9684 218.0050 1.7667 0.5061 1.5176 2.9586 2.0389 33.3605 -1.4336 0.0149
Car 0.0000 0 -1.4270 433.1198 186.7012 490.5369 230.9124 1.5888 1.6974 4.2445 -6.0039 2.1959 29.4498 -1.6269 0.0148
Car 0.0000 0 0.0738 382.7176 190.7386 492.3956 233.6423 1.4671 1.6467 3.8362 -6.3441 2.1574 26.7146 -0.1577 0.0147
Pedestrian 0.0000 0 -2.5327 822.7806 165.1306 866.9759 251.9281 1.9364 0.6085 0.7537 5.3445 1.7645 16.5788 -2.2269 0.0146
Car 0.0000 0 0.3118 0.0000 0.0000 1242.0000 375.0000 1.5288 1.6194 3.5016 32.3905 1.9728 1.3162 1.8327 0.0146
Car 0.0000 0 -1.0679 380.5003 190.8445 464.2694 231.3080 1.4541 1.6292 4.0131 -7.7368 2.2555 29.9805 -1.3188 0.0144
Car 0.0000 0 2.2113 173.4540 0.0000 1242.0000 375.0000 1.5787 1.7269 4.1584 -1.4102 1.7471 1.6031 1.5656 0.0143
Car 0.0000 0 0.2138 384.2643 171.3466 468.0137 203.3604 1.7476 1.8150 4.2518 -10.2649 1.6657 40.3654 -0.0340 0.0141
Pedestrian 0.0000 0 1.8951 437.6382 183.3203 459.4873 230.9312 1.8006 0.6687 0.5859 -6.2496 2.2084 27.7553 1.6750 0.0141
Car 0.0000 0 -1.3488 410.9077 189.5084 471.5271 232.7936 1.5461 1.6050 3.6373 -6.7489 2.2579 28.9955 -1.5761 0.0141
Car 0.0000 0 0.3267 0.0000 0.0000 1242.0000 375.0000 1.3802 1.5999 3.6439 20.7681 1.7542 1.6010 1.8063 0.0139
Car 0.0000 0 -1.0780 0.0000 0.0000 1242.0000 375.0000 1.4620 1.5867 3.8261 39.4234 0.9416 0.2736 0.4785 0.0137
Pedestrian 0.0000 0 -0.1954 826.2337 166.0593 865.0641 253.5091 1.9634 0.5991 0.7393 5.3424 1.8112 16.5354 0.1109 0.0137
Pedestrian 0.0000 0 -0.7547 742.2935 172.4620 773.9111 226.1032 1.8474 0.5853 0.9446 5.1585 1.8342 25.3449 -0.5569 0.0136
Car 0.0000 0 1.7555 353.1278 182.2206 397.9841 214.6709 1.5477 1.5614 3.6666 -12.1416 2.0589 37.4345 1.4436 0.0135
Car 0.0000 0 0.6380 405.9081 192.0001 512.7581 235.8509 1.4700 1.6155 3.6745 -5.6844 2.2267 26.9993 0.4318 0.0134
Car 0.0000 0 -3.3172 0.0000 0.0000 1242.0000 375.0000 1.4321 1.5043 3.8050 32.6810 1.8162 0.3910 -1.7675 0.0133
Car 0.0000 0 0.2950 393.2083 192.4561 499.7149 231.2741 1.3976 1.5638 3.7108 -6.3010 2.1787 27.8179 0.0737 0.0132
Car 0.0000 0 -0.3998 0.0000 0.0000 1242.0000 375.0000 1.4115 1.6572 3.6674 33.8947 1.9527 0.6842 1.1419 0.0132
Pedestrian 0.0000 0 -1.0480 615.8757 180.0448 634.4308 217.4333 1.7489 0.6737 0.6005 0.6836 2.0959 34.3449 -1.0289 0.0131
Car 0.0000 0 1.8379 398.4877 191.3403 465.5493 231.2955 1.4221 1.6321 4.1679 -7.2811 2.2383 29.7339 1.5993 0.0130
Car 0.0000 0 -4.0591 0.0000 0.0000 1242.0000 375.0000 1.5364 1.5236 3.6437 35.0702 1.6220 1.3858 -2.5363 0.0130
Pedestrian 0.0000 0 0.3065 816.1970 164.1411 855.9999 253.4566 1.9919 0.6139 0.7229 5.1373 1.7979 16.5463 0.6015 0.0130
Car 0.0000 0 -1.0462 0.0000 0.0000 1242.0000 375.0000 1.5243 1.6828 4.2086 39.5906 1.1721 1.3726 0.4825 0.0129
Pedestrian 0.0000 0 -1.3371 699.7123 186.7407 718.2595 229.7439 1.6889 0.5905 0.7261 3.9488 2.2572 29.0660 -1.2043 0.0128
Car 0.0000 0 2.5283 297.5294 179.7275 392.3484 216.8685 1.6702 1.6546 4.1797 -12.9770 2.0290 35.4407 2.1793 0.0127
Car 0.0000 0 -0.3194 0.0000 0.0000 1242.0000 375.0000 1.3247 1.5564 3.5347 33.5636 1.9408 0.8692 1.2165 0.0127
Cyclist 0.0000 0 -0.3350 732.6924 176.7144 790.8621 231.6498 1.9003 0.5724 1.9253 5.2983 2.0390 25.4258 -0.1327 0.0127
Pedestrian 0.0000 0 0.3626 815.8627 164.8704 855.5425 252.4073 1.9533 0.6084 0.7015 5.1298 1.7755 16.5530 0.6572 0.0124
Car 0.0000 0 -0.6355 0.0000 0.0000 1242.0000 375.0000 1.5842 1.6261 4.1385 39.3061 0.9866 0.9443 0.9038 0.0123
Car 0.0000 0 -0.6608 0.0000 0.0000 1242.0000 375.0000 1.5827 1.6767 3.6879 38.9767 1.2265 1.5307 0.8631 0.0123
Car 0.0000 0 -4.0154 0.0000 0.0000 1242.0000 375.0000 1.4749 1.4970 3.8598 33.7249 2.0246 1.0037 -2.4833 0.0122
Car 0.0000 0 -0.6029 36.6104 0.0000 1242.0000 375.0000 1.5157 1.6020 3.9559 -1.3999 1.6040 0.6967 -1.5650 0.0121
Pedestrian 0.0000 0 -1.0641 698.6204 187.2476 719.2810 230.6723 1.7035 0.5462 0.7173 3.9442 2.2925 29.0520 -0.9314 0.0120
Car 0.0000 0 -3.8542 0.0000 0.0000 1242.0000 375.0000 1.4673 1.5341 4.1476 34.2621 1.8611 0.9578 -2.3202 0.0119
Car 0.0000 0 2.5962 299.3374 179.6633 391.5041 216.2655 1.6606 1.6413 3.9941 -13.0171 2.0163 35.5742 2.2475 0.0119
Car 0.0000 0 -0.7027 0.0000 0.0000 1242.0000 375.0000 1.5564 1.5987 4.3244 39.5947 0.9874 0.8267 0.8399 0.0119
Car 0.0000 0 0.5665 396.1241 190.6161 503.4185 234.3633 1.4730 1.5483 3.6143 -5.9712 2.1645 26.7278 0.3482 0.0119
Cyclist 0.0000 0 -1.3593 421.8195 185.3940 445.1864 233.8380 1.7162 0.4852 1.7738 -6.6132 2.1999 26.9144 -1.5986 0.0118
Car 0.0000 0 -1.0736 427.8807 189.6102 510.1385 231.4364 1.4421 1.5953 3.7417 -5.5283 2.1519 28.5218 -1.2640 0.0118
Car 0.0000 0 -1.0669 366.4901 188.1108 462.1983 233.6216 1.5953 1.7296 4.6309 -7.8775 2.2691 29.3919 -1.3270 0.0117
Cyclist 0.0000 0 3.1285 0.0000 0.0000 1242.0000 375.0000 2.2027 0.5310 1.7140 -3.4370 1.7963 0.1913 1.6964 0.0116
Car 0.0000 0 2.7455 302.2741 180.3166 394.7682 215.1125 1.5956 1.7090 3.9770 -13.0046 1.9878 35.9043 2.4000 0.0116
Car 0.0000 0 -0.7824 0.0000 0.0000 1242.0000 375.0000 1.5783 1.6418 4.3592 39.3994 1.1432 1.0815 0.7534 0.0116
Car 0.0000 0 -1.3109 386.5496 187.0364 460.6351 233.1979 1.6250 1.7462 4.6704 -7.4628 2.2451 29.1832 -1.5597 0.0116
Car 0.0000 0 -1.0532 309.8244 179.6636 387.4578 216.3236 1.6294 1.6786 4.2152 -12.6545 1.9822 35.1136 -1.3971 0.0115
Pedestrian 0.0000 0 -3.2635 796.3896 171.9054 823.9357 244.3833 1.9711 0.5575 0.6672 5.4794 1.9457 19.9430 -3.0000 0.0115
Car 0.0000 0 2.0840 123.2905 183.4228 271.0848 249.0676 1.4844 1.6036 3.9519 -10.6786 1.7911 18.9305 1.5760 0.0112
Car 0.0000 0 1.9055 319.5883 187.2175 401.6443 233.2602 1.4712 1.6143 3.9024 -9.0000 2.0327 26.2302 1.5776 0.0112
Car 0.0000 0 2.0615 97.6676 182.8451 250.2878 249.9369 1.4785 1.6225 4.0203 -11.0419 1.7639 18.5465 1.5305 0.0112
Car 0.0000 0 2.2662 157.8102 183.0061 305.6352 242.6517 1.4699 1.5967 3.8808 -10.6473 1.7885 20.5514 1.7932 0.0112
Car 0.0000 0 1.7474 335.2972 188.0066 409.8044 239.5072 1.4625 1.6365 4.0554 -7.7870 2.0084 23.8547 1.4346 0.0112
Car 0.0000 0 2.4499 166.7036 180.6262 325.0999 242.6393 1.5370 1.5947 3.8858 -10.2377 1.7809 20.5065 1.9917 0.0112
Car 0.0000 0 1.7195 332.7124 187.3210 404.7784 239.5931 1.4618 1.6279 4.0288 -7.7890 1.9755 23.4732 1.4020 0.0112
Car 0.0000 0 2.2057 127.1506 182.4524 283.6339 247.3066 1.4959 1.6058 3.9406 -10.6778 1.7805 19.3099 1.7061 0.0112
Car 0.0000 0 1.7829 320.2746 188.0061 398.6295 239.0483 1.4457 1.6071 4.0465 -8.1912 1.9897 23.7850 1.4542 0.0112
Car 0.0000 0 1.7952 324.5320 187.5624 402.8239 237.3428 1.4402 1.6110 4.0325 -8.1913 1.9763 24.1910 1.4715 0.0112
Car 0.0000 0 1.7934 99.2420 182.3509 223.6536 256.2122 1.4922 1.6354 4.0833 -10.6375 1.7496 17.3338 1.2495 0.0112
Car 0.0000 0 2.4840 157.4092 180.5842 319.6965 243.9279 1.5389 1.5749 3.8552 -10.2455 1.7770 20.1122 2.0178 0.0112
Car 0.0000 0 2.2722 135.7263 183.2309 293.0518 246.5896 1.4876 1.5964 3.9188 -10.6616 1.8013 19.7031 1.7815 0.0112
Car 0.0000 0 1.9261 322.7281 187.4386 405.7730 232.3720 1.4539 1.6286 3.9086 -8.9959 2.0321 26.6074 1.6026 0.0112
Car 0.0000 0 2.3806 176.8797 180.1327 329.2286 240.7400 1.5391 1.6158 3.9199 -10.2477 1.7722 20.9479 1.9303 0.0112
Car 0.0000 0 1.8137 85.8017 182.1544 218.0546 258.1751 1.4989 1.6405 4.1148 -10.6250 1.7466 16.9743 1.2612 0.0112
Car 0.0000 0 2.0929 107.1931 183.7979 259.0149 249.7430 1.4880 1.6211 4.0029 -11.0478 1.8061 18.9444 1.5707 0.0112
Car 0.0000 0 1.8219 108.0691 182.2192 233.4079 253.5143 1.4805 1.6335 4.0599 -10.6551 1.7392 17.7296 1.2871 0.0112
Car 0.0000 0 2.1201 116.8653 183.1525 266.9603 247.4483 1.4865 1.6178 3.9726 -11.0512 1.7916 19.3378 1.6066 0.0112
Car 0.0000 0 2.0056 76.9001 182.7898 231.6502 253.5300 1.4750 1.6231 4.0525 -11.0291 1.7487 17.7394 1.4558 0.0112
Car 0.0000 0 1.8528 68.4930 182.7268 212.2718 260.8099 1.4950 1.6362 4.1384 -10.6264 1.7526 16.5867 1.2900 0.0112
Car 0.0000 0 1.9704 119.7688 182.4585 258.1736 249.2819 1.4710 1.6174 3.9829 -10.6744 1.7458 18.5478 1.4541 0.0112
Car 0.0000 0 2.1277 77.9258 185.5618 238.1941 251.2522 1.4351 1.5915 3.9905 -11.4414 1.7973 18.5387 1.5809 0.0112
Car 0.0000 0 1.7285 327.1620 186.7808 401.8067 240.7968 1.4866 1.6287 4.0371 -7.7884 1.9734 23.0749 1.4059 0.0112
Car 0.0000 0 2.2920 146.0607 182.3012 300.5683 244.4188 1.4982 1.6064 3.8983 -10.6483 1.7893 20.1180 1.8103 0.0112
Car 0.0000 0 2.0355 87.3183 183.2536 241.4957 252.5667 1.4842 1.6256 4.0414 -11.0352 1.7760 18.1465 1.4953 0.0112
Car 0.0000 0 1.9836 65.5020 182.9878 222.3022 256.2038 1.4829 1.6250 4.0777 -11.0191 1.7568 17.3382 1.4242 0.0112
Car 0.0000 0 -0.1986 369.4934 189.6881 465.4749 229.2773 1.5114 1.6733 3.6535 -8.1570 2.2582 30.4294 -0.4589 0.0112
Car 0.0000 0 0.0156 386.2806 170.4479 464.9344 203.3219 1.7895 1.7483 4.2006 -10.3726 1.6589 40.6099 -0.2332 0.0112
Pedestrian 0.0000 0 -3.4352 1241.9440 110.4976 1242.0000 269.9252 2.0309 0.4966 0.9208 9.0449 1.2369 9.6112 -2.6955 0.0111
Car 0.0000 0 -0.6665 0.0000 0.0000 1242.0000 375.0000 1.5601 1.6262 4.0867 39.1858 1.1614 1.1764 0.8668 0.0110
Car 0.0000 0 1.6489 345.2511 186.8701 409.1188 240.2923 1.4635 1.6155 4.0257 -7.3837 1.9530 23.0330 1.3415 0.0110
Cyclist 0.0000 0 0.0240 426.4523 186.1181 469.9060 233.1219 1.7581 0.6577 1.6117 -6.2512 2.2772 27.7358 -0.1963 0.0108
Car 0.0000 0 -2.9698 0.0000 0.0000 1242.0000 375.0000 1.4252 1.5373 3.8200 32.0567 1.8239 0.2653 -1.4166 0.0107
Cyclist 0.0000 0 -2.0952 617.5684 182.0358 643.0884 217.7074 1.6467 0.4689 1.6225 0.9242 2.0973 34.5546 -2.0694 0.0107
Car 0.0000 0 1.7133 336.4957 185.7570 410.3777 239.8319 1.4642 1.6318 4.0394 -7.3731 1.9082 22.6780 1.4019 0.0106
Car 0.0000 0 -3.4023 0.0000 0.0000 1242.0000 375.0000 1.5096 1.5883 3.9428 32.7148 1.7982 -0.0160 -1.8401 0.0105
Car 0.0000 0 -0.3213 0.0000 0.0000 1242.0000 375.0000 1.4928 1.6015 3.8251 38.8214 1.0337 0.9819 1.2167 0.0105
Car 0.0000 0 1.6653 348.5617 187.1754 413.1035 238.9185 1.4429 1.6112 3.9992 -7.3886 1.9502 23.4159 1.3624 0.0105
Car 0.0000 0 -1.1588 379.0616 189.5063 463.5504 232.4330 1.5084 1.6845 4.4642 -7.6371 2.2437 29.5035 -1.4105 0.0105
Car 0.0000 0 -0.9273 369.5741 191.0384 464.6799 232.0505 1.4598 1.6434 4.1406 -7.9239 2.2694 29.8816 -1.1849 0.0105
Pedestrian 0.0000 0 -0.9940 622.6816 179.0042 641.1826 216.8651 1.7706 0.6602 0.5987 1.0050 2.0672 34.3158 -0.9656 0.0104
Car 0.0000 0 -0.3318 0.0000 0.0000 1242.0000 375.0000 1.5417 1.5982 3.8066 -1.3918 1.6009 0.2417 -1.5417 0.0104
Car 0.0000 0 2.3972 150.1854 181.2738 311.7347 245.3915 1.5208 1.5678 3.8587 -10.2464 1.7758 19.7393 1.9235 0.0104
Car 0.0000 0 -1.0891 377.1619 190.4286 464.0882 232.3750 1.4846 1.6726 4.2481 -7.7205 2.2631 29.6856 -1.3420 0.0103
Car 0.0000 0 0.3516 0.0000 0.0000 1242.0000 375.0000 1.3829 1.5544 3.7205 20.8418 1.7908 1.8366 1.8203 0.0103
Car 0.0000 0 1.6833 351.2415 187.5441 417.2952 238.5336 1.4432 1.6180 4.0781 -7.3978 1.9723 23.8140 1.3847 0.0103
Car 0.0000 0 1.7945 329.5302 187.4444 406.1685 235.4801 1.4143 1.6042 4.0451 -8.1905 1.9544 24.5996 1.4758 0.0103
Car 0.0000 0 1.7656 338.2740 187.6646 414.0262 238.2846 1.4622 1.6413 4.0871 -7.7796 2.0031 24.2058 1.4573 0.0103
Car 0.0000 0 0.0378 0.0000 0.0000 1242.0000 375.0000 1.6395 1.8210 4.4074 -2.9130 1.7161 0.8302 -1.1677 0.0102
Cyclist 0.0000 0 0.4937 607.2856 181.0728 645.5883 217.9431 1.7013 0.6597 1.7125 0.7393 2.1007 34.3157 0.5143 0.0102
Car 0.0000 0 -1.4457 665.5573 176.2743 703.6802 209.2431 1.7092 1.6703 3.4771 4.1076 1.9066 39.6764 -1.3439 0.0102
Cyclist 0.0000 0 1.9096 432.4871 186.7995 460.6756 233.4539 1.6961 0.5633 1.5573 -6.2613 2.2439 27.5163 1.6873 0.0102
Pedestrian 0.0000 0 -1.2725 702.4676 187.0524 722.0165 229.6604 1.6739 0.5946 0.7301 4.0852 2.2560 29.1046 -1.1353 0.0101
Car 0.0000 0 2.1053 0.0000 0.0000 1242.0000 375.0000 1.5811 1.7192 4.1717 -1.0246 1.7453 2.0104 1.6803 0.0100
Pedestrian 0.0000 0 -2.1278 581.8152 179.6899 600.2554 220.4048 1.9493 0.6189 0.7045 -0.9642 2.2873 35.1636 -2.1558 0.0100
Car 0.0000 0 -1.1303 400.4531 190.3311 477.1213 233.4267 1.5063 1.5763 3.6051 -6.7701 2.2488 28.7080 -1.3605 0.0100
Pedestrian 0.0000 0 -1.1843 615.6040 180.9129 632.2082 217.5617 1.7270 0.6311 0.5601 0.6287 2.1176 34.5484 -1.1670 0.0099
Car 0.0000 0 -4.0753 0.0000 0.0000 1242.0000 375.0000 1.5070 1.6010 4.4341 34.5059 1.7873 1.1356 -2.5460 0.0098
Car 0.0000 0 -1.3636 398.0488 188.0721 462.9770 232.3736 1.5709 1.6965 4.2994 -7.2219 2.2342 29.2543 -1.6041 0.0098
Car 0.0000 0 2.0002 318.7482 186.8785 420.6005 234.4914 1.4260 1.6833 4.3970 -8.3014 1.9611 25.2299 1.6850 0.0097
Car 0.0000 0 -1.9364 217.7655 0.0000 1034.9669 375.0000 1.5399 1.5876 3.7053 0.1972 1.5559 0.1248 -1.5207 0.0097
Car 0.0000 0 -0.0141 0.0000 0.0000 1242.0000 375.0000 1.4282 1.6260 3.2808 33.2359 2.0235 1.3657 1.5065 0.0097
Car 0.0000 0 -2.5536 291.4687 178.6095 374.7848 207.7793 1.4833 1.5558 3.9345 -14.7357 1.7991 38.3526 -2.9185 0.0096
Car 0.0000 0 2.4498 316.6589 188.6297 435.3925 235.1259 1.4827 1.6772 4.0131 -8.5688 2.1116 26.6014 2.1406 0.0096
Car 0.0000 0 2.3921 354.1267 182.1001 431.9073 213.5427 1.5101 1.5648 3.8923 -11.3791 2.0233 37.9441 2.1023 0.0096
Cyclist 0.0000 0 -1.3578 422.2850 188.5400 446.6901 235.5384 1.6642 0.5161 1.8238 -6.6149 2.2732 27.0770 -1.5957 0.0096
Car 0.0000 0 2.1721 310.2696 186.3396 422.7593 234.5579 1.4967 1.7294 4.2300 -8.6575 2.0243 25.9360 1.8525 0.0095
Pedestrian 0.0000 0 -1.1615 615.5312 180.9955 632.3233 217.3139 1.7128 0.6412 0.5452 0.6301 2.1077 34.5779 -1.1442 0.0095
Car 0.0000 0 2.1243 204.7248 180.2301 337.4991 239.4432 1.5244 1.6339 4.0319 -9.8292 1.7629 21.1972 1.6945 0.0094
Car 0.0000 0 -1.0046 0.0000 0.0000 1242.0000 375.0000 1.5571 1.6437 4.0070 39.5456 1.1521 1.3822 0.5238 0.0094
Car 0.0000 0 -0.1497 615.0521 181.4436 690.8677 214.6198 1.5644 1.6879 3.5116 2.0428 1.9999 35.5451 -0.0935 0.0094
Pedestrian 0.0000 0 -1.3853 703.7495 186.5696 722.4688 228.9432 1.6666 0.6264 0.7292 4.1214 2.2288 29.1100 -1.2469 0.0093
Car 0.0000 0 -1.5187 429.9217 192.4925 474.4539 232.6679 1.3849 1.5363 3.4785 -6.2215 2.2113 28.5085 -1.7323 0.0093
Car 0.0000 0 1.9368 322.2221 179.4352 391.1168 216.1956 1.6329 1.7479 4.2116 -12.2094 1.9715 34.9450 1.6026 0.0092
Car 0.0000 0 2.3617 185.4771 179.8716 336.4432 241.1773 1.5253 1.5629 3.8708 -9.8093 1.7455 20.5127 1.9203 0.0091
Car 0.0000 0 -0.1321 614.0725 181.5220 690.4607 214.1281 1.5398 1.6328 3.5665 2.0073 1.9784 35.5268 -0.0768 0.0091
Car 0.0000 0 1.7717 339.5866 187.3347 415.8193 237.0308 1.4559 1.6506 4.1973 -7.8430 1.9931 24.5758 1.4654 0.0091
Car 0.0000 0 2.3584 312.8186 188.2244 431.5856 236.1717 1.5085 1.7041 4.1034 -8.6046 2.1170 26.3318 2.0450 0.0091
Car 0.0000 0 0.2846 0.0000 0.0000 1242.0000 375.0000 1.3757 1.6434 3.7283 21.1619 1.7419 1.9153 1.7512 0.0091
Car 0.0000 0 -2.8505 0.0000 0.0000 1242.0000 375.0000 1.5267 1.6241 3.8000 1.4582 1.5444 0.0977 -1.5416 0.0090
Cyclist 0.0000 0 -1.8074 785.6525 178.3647 809.1534 232.4233 1.7399 0.3910 1.5897 6.2227 1.9310 24.1794 -1.5593 0.0090
Car 0.0000 0 1.7046 351.9568 187.5706 420.2117 237.6493 1.4368 1.6217 4.2412 -7.4598 1.9767 24.2293 1.4084 0.0089
Car 0.0000 0 0.8113 376.8072 188.5458 467.5202 227.0057 1.5144 1.6322 3.8482 -8.2650 2.2373 31.5119 0.5563 0.0089
Car 0.0000 0 -2.6418 0.0000 0.0000 1242.0000 375.0000 1.5239 1.6026 3.7922 1.4694 1.6076 0.4343 -1.5331 0.0089
Car 0.0000 0 -0.1604 0.0000 0.0000 1242.0000 375.0000 1.4487 1.5497 3.9173 34.0506 1.9917 0.6561 1.3823 0.0088
Car 0.0000 0 -0.8919 144.8382 181.2363 298.3264 246.3674 1.5200 1.5576 3.8218 -10.3010 1.7692 19.3841 -1.3751 0.0088
Car 0.0000 0 -2.3637 129.9840 186.2716 330.9609 255.5735 1.4507 1.6135 4.3246 -9.0015 1.7944 17.0525 -2.8434 0.0088
Pedestrian 0.0000 0 2.2368 0.0000 0.0000 1242.0000 375.0000 1.7706 0.5950 0.6559 -8.1875 1.4779 0.1609 0.7205 0.0088
Car 0.0000 0 1.7317 351.0310 186.8699 424.6238 235.9152 1.4310 1.6901 4.5312 -7.5478 1.9581 24.7549 1.4382 0.0087
Car 0.0000 0 -1.6267 0.0000 0.0000 1239.1908 375.0000 1.5535 1.6188 4.0264 0.2015 1.6531 1.1556 -1.4988 0.0087
Car 0.0000 0 1.6744 350.9719 185.7820 419.1048 240.0650 1.4588 1.6004 4.1722 -7.0010 1.9043 22.6379 1.3773 0.0086
Car 0.0000 0 2.7006 300.2318 181.4202 392.9117 216.4002 1.5845 1.6665 3.9714 -13.0032 2.0318 35.6537 2.3529 0.0086
Car 0.0000 0 1.7023 351.1793 186.0783 422.6436 240.3059 1.4812 1.6215 4.1889 -7.0418 1.9430 22.9764 1.4076 0.0085
Cyclist 0.0000 0 -1.7051 616.6397 180.4661 632.4705 216.0036 1.6152 0.5075 1.7960 0.6396 1.9851 34.1072 -1.6871 0.0085
Pedestrian 0.0000 0 -3.1146 872.2971 172.1128 925.8203 285.5904 1.6741 0.4583 0.7427 4.3507 1.6635 10.9956 -2.7480 0.0085
Car 0.0000 0 -0.9484 368.0372 190.4293 464.8009 232.2875 1.4827 1.6638 4.2859 -7.9188 2.2646 29.7842 -1.2066 0.0084
Car 0.0000 0 1.6718 431.8920 188.5188 485.6359 233.5280 1.5467 1.6607 4.0461 -5.9074 2.2082 28.3507 1.4676 0.0084
Car 0.0000 0 1.6864 360.1129 186.3940 429.0816 236.8961 1.4473 1.6927 4.6359 -7.2153 1.9512 24.4046 1.4013 0.0084
Car 0.0000 0 2.3333 361.7661 189.3611 464.3390 230.2380 1.4671 1.6645 4.1962 -8.1132 2.2039 29.9443 2.0704 0.0084
Pedestrian 0.0000 0 -2.0922 427.4842 184.3899 452.2991 233.2517 1.8324 0.7071 0.6344 -6.5863 2.2841 27.7526 -2.3237 0.0083
Car 0.0000 0 -0.6726 144.2798 0.0000 1242.0000 375.0000 1.5008 1.5645 3.8090 -1.0098 1.5852 0.6072 -1.5246 0.0083
Car 0.0000 0 -1.3943 399.2807 188.9747 461.4306 232.5711 1.5408 1.7065 4.3591 -7.2609 2.2475 29.3778 -1.6351 0.0083
Cyclist 0.0000 0 0.7317 608.7230 181.5495 642.4960 217.4367 1.6533 0.5866 1.6334 0.6970 2.0774 34.3840 0.7511 0.0082
Car 0.0000 0 -0.7895 359.0464 188.9384 464.5210 230.9413 1.5048 1.6930 4.2631 -8.1399 2.2214 29.8579 -1.0539 0.0081
Car 0.0000 0 -1.4264 430.4456 186.8745 487.0815 230.8878 1.5711 1.6564 4.1720 -6.0884 2.1812 29.2436 -1.6305 0.0081
Cyclist 0.0000 0 -0.8380 839.6605 173.2786 911.3970 249.3870 1.7263 0.6017 1.7205 6.2308 1.7371 17.0435 -0.4939 0.0081
Car 0.0000 0 -4.2560 0.0000 0.0000 1242.0000 375.0000 1.5249 1.5419 3.7701 35.5724 1.5588 1.4277 -2.7337 0.0081
Car 0.0000 0 -2.5576 289.1727 178.8447 373.8351 208.3538 1.5001 1.5922 3.9853 -14.8284 1.8291 38.3738 -2.9244 0.0081
Pedestrian 0.0000 0 -0.3859 743.6864 169.5344 773.2381 222.8442 1.8366 0.5745 0.8573 5.1406 1.7226 25.2170 -0.1878 0.0081
Car 0.0000 0 -2.5087 0.0000 0.0000 1217.6571 375.0000 1.5584 1.6815 4.0632 1.0864 1.6321 0.4388 -1.5355 0.0080
Pedestrian 0.0000 0 -0.2102 744.5590 170.4918 772.8057 223.5072 1.8293 0.5536 0.8669 5.1387 1.7482 25.1764 -0.0119 0.0080
Car 0.0000 0 -1.0896 374.8428 0.0000 1141.8053 375.0000 1.5764 1.6264 3.7742 -0.1824 1.5494 0.2240 -1.4559 0.0079
Car 0.0000 0 -2.8316 0.0000 0.0000 1242.0000 375.0000 1.5783 1.6701 4.1399 1.0431 1.5436 0.0600 -1.5881 0.0079
Car 0.0000 0 1.7222 352.9078 186.1307 425.9977 239.0573 1.4710 1.6257 4.2445 -7.0799 1.9423 23.3775 1.4307 0.0078
Car 0.0000 0 -1.3528 161.2478 0.0000 1242.0000 375.0000 1.5800 1.6160 4.1221 -0.1443 1.6626 1.3954 -1.4475 0.0078
Car 0.0000 0 -1.2241 318.1071 0.0000 1242.0000 375.0000 1.5832 1.5797 4.2240 -0.6588 1.6955 1.4559 -1.5928 0.0077
Car 0.0000 0 2.3136 366.0306 188.7402 465.4154 229.6507 1.4875 1.6690 4.1048 -8.0617 2.2003 30.1498 2.0540 0.0077
Car 0.0000 0 2.3508 355.4889 183.7173 429.3745 214.2627 1.4552 1.4737 3.7796 -11.3736 2.0553 37.8190 2.0602 0.0077
Car 0.0000 0 -3.4624 0.0000 0.0000 1242.0000 375.0000 1.5060 1.6486 3.9930 23.3774 1.9526 0.3177 -1.9180 0.0077
Car 0.0000 0 2.3768 182.3874 180.8719 331.6299 242.0305 1.5003 1.5122 3.7469 -9.8000 1.7481 20.2464 1.9308 0.0076
Car 0.0000 0 -0.4308 55.3452 0.0000 1242.0000 375.0000 1.5348 1.5793 3.7854 -1.0064 1.5853 0.2320 -1.5297 0.0076
Car 0.0000 0 1.4373 200.2275 189.4341 295.6526 257.0724 1.3820 1.6218 3.5763 -8.9607 1.8318 17.6223 0.9726 0.0076
Car 0.0000 0 -1.0393 140.4241 182.7044 283.1119 248.2674 1.4925 1.5447 3.7878 -10.3091 1.7775 18.9222 -1.5326 0.0076
Car 0.0000 0 -2.5696 0.0000 0.0000 1219.0760 375.0000 1.5401 1.5748 3.8188 1.5465 1.6579 0.7911 -1.6139 0.0076
Pedestrian 0.0000 0 -0.0467 626.5831 181.5571 639.2576 217.3427 1.6786 0.6241 0.5723 1.0485 2.0967 34.3135 -0.0171 0.0075
Pedestrian 0.0000 0 0.7315 583.7152 179.7817 602.6281 219.6905 1.9242 0.6716 0.6444 -0.8636 2.2691 35.4124 0.7066 0.0075
Car 0.0000 0 1.7290 356.4821 186.3530 429.9008 238.5975 1.4776 1.6426 4.3246 -7.0881 1.9657 23.8166 1.4422 0.0075
Pedestrian 0.0000 0 -2.8679 882.9891 169.4916 941.8980 288.0565 1.7430 0.5014 0.7260 4.5682 1.6939 11.0245 -2.4855 0.0075
Cyclist 0.0000 0 0.3666 613.9158 181.0957 649.1321 216.9615 1.6657 0.5399 1.5859 0.9835 2.0643 34.3151 0.3943 0.0075
Car 0.0000 0 -3.4626 0.0000 0.0000 1242.0000 375.0000 1.4684 1.6273 4.1781 23.3547 1.7717 0.2790 -1.9165 0.0074
Cyclist 0.0000 0 1.0113 769.2537 174.9659 807.9718 229.3154 1.7392 0.4374 1.6424 5.8778 1.8123 24.0012 1.2479 0.0074
Car 0.0000 0 -2.5646 0.0000 0.0000 1242.0000 375.0000 1.5756 1.6814 3.7757 1.7574 1.6853 0.7923 -1.5503 0.0074
Car 0.0000 0 1.8354 710.1979 188.7647 770.8412 226.7247 1.4207 1.6241 3.7671 5.5825 2.1448 30.7702 2.0125 0.0073
Car 0.0000 0 1.7308 720.9262 188.1765 772.1539 225.6306 1.4218 1.6141 3.6213 5.8733 2.1221 30.9822 1.9157 0.0073
Car 0.0000 0 -2.5710 284.8134 179.8050 371.2985 208.9868 1.4798 1.5930 4.0657 -14.9946 1.8609 38.3354 -2.9418 0.0073
Car 0.0000 0 -2.6350 0.0000 0.0000 997.8723 375.0000 1.5710 1.5916 3.8458 0.5274 1.5705 0.0884 -1.6992 0.0073
Car 0.0000 0 0.2731 417.1190 191.9624 509.1072 231.9020 1.4195 1.5597 3.1166 -5.5769 2.1689 27.3879 0.0735 0.0072
Car 0.0000 0 1.6291 431.3344 187.3802 478.2721 231.6770 1.5649 1.6072 3.8803 -6.1850 2.1875 28.8646 1.4193 0.0072
Car 0.0000 0 2.0861 352.4984 182.8234 416.1971 213.9167 1.4836 1.4937 3.8059 -11.7644 2.0333 37.7369 1.7855 0.0072
Cyclist 0.0000 0 0.7380 609.4451 181.3979 641.4866 217.8752 1.6922 0.5328 1.5866 0.6942 2.1105 34.5537 0.7572 0.0071
Car 0.0000 0 0.1138 364.9574 185.7501 431.6205 213.6351 1.3642 1.4603 3.1516 -10.9060 2.0470 37.1950 -0.1700 0.0070
Car 0.0000 0 -0.6128 244.3311 0.0000 1242.0000 375.0000 1.5622 1.5917 3.7294 -0.5938 1.5607 0.2519 -1.4568 0.0070
Pedestrian 0.0000 0 2.3523 0.0000 0.0000 1242.0000 375.0000 1.7994 0.6985 0.7742 -8.2389 1.4884 -0.2474 0.7862 0.0070
Car 0.0000 0 -3.4339 0.0000 0.0000 1242.0000 375.0000 1.4988 1.5736 3.8974 23.0752 1.9626 0.3308 -1.8904 0.0069
Pedestrian 0.0000 0 -3.0063 883.3593 171.6684 940.2653 289.1812 1.7286 0.4816 0.7484 4.5525 1.7116 11.0056 -2.6246 0.0069
Car 0.0000 0 0.5088 674.2083 177.4455 749.3850 214.1563 1.6633 1.6175 3.1961 4.8406 1.8947 34.6984 0.6456 0.0069
Pedestrian 0.0000 0 -0.6163 828.2367 164.7523 874.8457 252.4147 1.9366 0.6443 0.7707 5.4213 1.7580 16.3594 -0.3026 0.0069
Cyclist 0.0000 0 -0.3440 732.4290 175.7319 790.9301 230.9200 1.9100 0.5552 1.9446 5.2952 2.0134 25.4236 -0.1418 0.0069
Car 0.0000 0 1.9363 354.4539 188.2674 432.9752 231.7144 1.4584 1.6474 3.6812 -8.1803 2.0861 27.4648 1.6490 0.0068
Car 0.0000 0 -3.3348 0.0000 0.0000 1242.0000 375.0000 1.5345 1.5774 3.8830 22.8658 1.9364 0.2722 -1.7889 0.0068
Car 0.0000 0 -2.8585 0.0000 0.0000 1242.0000 375.0000 1.5191 1.6806 3.7458 1.7716 1.5437 0.2335 -1.5769 0.0067
Car 0.0000 0 -0.7468 172.5732 181.2616 326.3134 243.9860 1.5118 1.5314 3.7507 -9.8644 1.7683 19.9561 -1.2010 0.0067
Cyclist 0.0000 0 -1.5258 818.7952 168.2910 845.7457 255.3510 1.8768 0.5222 1.8419 5.0509 1.7788 16.5076 -1.2348 0.0067
Cyclist 0.0000 0 -1.6611 608.8865 179.7859 621.3240 215.3906 1.6961 0.4624 1.6407 0.2064 2.0459 35.5319 -1.6560 0.0066
Car 0.0000 0 -3.3841 0.0000 0.0000 1242.0000 375.0000 1.5154 1.5693 3.7064 22.8535 1.9897 0.3498 -1.8417 0.0066
Car 0.0000 0 -1.6570 66.3904 0.0000 1127.8237 375.0000 1.5268 1.6080 3.6229 0.2088 1.6267 0.7137 -1.4666 0.0066
Pedestrian 0.0000 0 -1.5108 429.4969 185.0507 449.2838 233.5472 1.8267 0.7039 0.6317 -6.5960 2.3022 27.7331 -1.7428 0.0065
Car 0.0000 0 1.8240 347.8739 188.5037 417.4298 232.4875 1.4659 1.5812 3.9267 -8.6022 2.1055 27.4672 1.5228 0.0065
Car 0.0000 0 0.1634 386.2460 172.1094 473.0299 203.7585 1.7230 1.7308 4.4825 -10.0517 1.6828 40.3187 -0.0797 0.0065
Car 0.0000 0 0.8716 333.1357 178.4462 398.3806 209.2686 1.5091 1.4559 3.2366 -12.6802 1.8101 37.3185 0.5459 0.0065
Car 0.0000 0 -3.5463 0.0000 0.0000 1242.0000 375.0000 1.5046 1.5765 3.8343 23.1203 1.9799 0.3606 -2.0041 0.0064
Car 0.0000 0 2.1052 328.2965 189.4292 423.9846 234.5987 1.4563 1.6295 3.8800 -8.6353 2.1213 26.8556 1.7965 0.0064
Car 0.0000 0 1.7960 712.5736 188.0848 768.9158 225.4855 1.4194 1.6041 3.7215 5.6419 2.1182 31.0572 1.9733 0.0063
Car 0.0000 0 1.6968 723.3805 187.8935 772.5777 225.1806 1.4128 1.6375 3.6118 5.9176 2.0982 30.8953 1.8835 0.0063
Car 0.0000 0 -3.7561 0.0000 0.0000 1242.0000 375.0000 1.6187 1.7103 3.9223 35.2798 1.4995 1.6865 -2.2415 0.0063
Car 0.0000 0 -3.6954 0.0000 0.0000 1242.0000 375.0000 1.6289 1.5356 3.5653 35.2992 1.4808 1.1977 -2.1670 0.0062
Car 0.0000 0 -2.3371 370.1420 186.8402 466.2612 226.1181 1.5606 1.6658 4.1588 -8.4996 2.2107 31.7289 -2.5973 0.0062
Car 0.0000 0 1.7692 430.6870 185.9019 493.0071 230.0451 1.5877 1.6763 4.1964 -5.9657 2.1557 29.2887 1.5694 0.0062
Car 0.0000 0 -2.4976 368.0158 187.8651 464.6995 226.0312 1.5323 1.6419 3.8858 -8.5253 2.2216 31.6221 -2.7594 0.0062
Cyclist 0.0000 0 -2.6663 599.6386 181.0860 641.4285 217.3699 1.6700 0.6426 1.9004 0.4567 2.0697 34.2672 -2.6538 0.0062
Car 0.0000 0 0.6195 327.8288 188.3780 457.8217 235.2701 1.4727 1.6958 4.1100 -7.5856 2.0445 25.0933 0.3283 0.0062
Cyclist 0.0000 0 -1.4317 451.4495 186.4524 467.0033 225.7478 1.6410 0.4180 1.8477 -6.6578 2.2568 31.7132 -1.6376 0.0061
Car 0.0000 0 1.7151 721.8477 188.2579 775.1658 226.5941 1.4179 1.6793 3.9034 5.8731 2.1147 30.5047 1.9027 0.0061
Cyclist 0.0000 0 -2.5787 607.0328 183.0169 643.6696 220.0250 1.7141 0.5919 1.6976 0.6902 2.2108 34.5224 -2.5596 0.0061
Cyclist 0.0000 0 -1.7119 852.1865 176.0045 889.1166 251.6585 1.7038 0.5683 1.7785 6.1599 1.7835 17.2513 -1.3752 0.0061
Car 0.0000 0 0.0097 704.8689 183.1650 800.2657 226.6413 1.5478 1.7051 3.4482 5.3564 1.9568 27.4205 0.1998 0.0060
Car 0.0000 0 -2.6680 0.0000 0.0000 1242.0000 375.0000 1.5018 1.6534 3.6633 1.7455 1.5986 0.4992 -1.5251 0.0060
Car 0.0000 0 1.7412 341.9823 187.2705 418.5587 240.6898 1.4158 1.5778 4.0808 -7.0646 1.9062 22.3953 1.4384 0.0060
Car 0.0000 0 -3.3257 0.0000 0.0000 1242.0000 375.0000 1.4749 1.5608 4.0923 22.8310 1.7275 0.1844 -1.7760 0.0059
Car 0.0000 0 -3.4261 0.0000 0.0000 1242.0000 375.0000 1.5120 1.6575 4.4234 23.0474 1.7186 0.2023 -1.8769 0.0059
Car 0.0000 0 -3.3196 0.0000 0.0000 1242.0000 375.0000 1.5217 1.6322 4.2203 22.7923 1.7039 0.1944 -1.7703 0.0059
Car 0.0000 0 1.8114 423.9797 186.9360 487.1544 229.0725 1.5255 1.6254 3.9249 -6.2582 2.1393 29.4368 1.6032 0.0059
Car 0.0000 0 0.0435 707.7311 183.5570 807.1295 227.2304 1.5447 1.5620 3.5828 5.5336 1.9674 27.2840 0.2408 0.0058
Car 0.0000 0 -0.2433 422.3798 189.7060 527.0423 230.8469 1.4357 1.6214 3.6986 -5.2754 2.1233 27.9169 -0.4290 0.0058
Car 0.0000 0 -3.4617 0.0000 0.0000 1242.0000 375.0000 1.4661 1.5895 4.1836 23.0769 1.7473 0.1745 -1.9113 0.0058
Car 0.0000 0 -1.0604 678.1552 175.1847 740.2263 211.1502 1.6786 1.6153 3.3594 4.9121 1.8003 35.7377 -0.9255 0.0057
Car 0.0000 0 -0.1710 0.0000 0.0000 1242.0000 375.0000 1.4934 1.5973 3.8866 39.3583 1.2159 1.3717 1.3574 0.0057
Cyclist 0.0000 0 -0.2185 0.0000 0.0000 1242.0000 375.0000 1.6956 0.4093 1.8553 -8.1639 1.4975 0.1904 -1.7311 0.0057
Pedestrian 0.0000 0 -0.5044 747.2902 173.1857 781.4545 229.9351 1.9652 0.5003 1.0669 5.3853 1.9774 25.3845 -0.2985 0.0056
Car 0.0000 0 3.1099 365.6414 189.7873 461.6192 228.6785 1.5152 1.6656 3.8342 -8.3727 2.2667 30.6474 2.8449 0.0055
Car 0.0000 0 -1.5174 433.4032 186.5423 481.5974 231.0796 1.5946 1.6939 3.9841 -6.1480 2.1892 29.2189 -1.7236 0.0054
Car 0.0000 0 0.0223 704.9919 183.6253 798.8789 226.5184 1.5258 1.6809 3.3984 5.3458 1.9534 27.4359 0.2119 0.0054
Car 0.0000 0 -3.0781 0.0000 0.0000 1242.0000 375.0000 1.4582 1.5624 4.1844 22.4727 1.6858 0.1351 -1.5264 0.0054
Pedestrian 0.0000 0 -0.4335 827.4703 166.4804 875.3880 254.0793 1.9393 0.6444 0.8332 5.4097 1.7985 16.3406 -0.1201 0.0053
Car 0.0000 0 -1.6512 0.0000 0.0000 1242.0000 375.0000 1.5007 1.5843 4.0272 4.9075 1.6980 0.1570 -0.1719 0.0053
Pedestrian 0.0000 0 -0.6967 0.0000 0.0000 1242.0000 375.0000 1.8081 0.6084 0.6409 -8.1915 1.5164 0.1358 -2.2160 0.0053
Car 0.0000 0 -0.9944 0.0000 190.2620 4.2692 350.2706 1.4967 1.7202 4.0615 -10.1353 1.7762 9.3939 -1.8035 0.0052
Car 0.0000 0 0.1870 372.3142 185.2017 438.4384 213.8588 1.4140 1.5032 3.0572 -10.5590 2.0668 37.2419 -0.0878 0.0052
Car 0.0000 0 -1.2239 678.4337 173.6103 732.2444 210.3603 1.7258 1.6690 3.1729 4.7241 1.7655 35.7478 -1.0941 0.0052
Pedestrian 0.0000 0 -0.1780 814.4329 169.0466 863.1987 256.3363 1.9304 0.6222 0.9518 5.1139 1.8466 16.3196 0.1196 0.0051
Car 0.0000 0 1.7007 0.0000 0.0000 1242.0000 375.0000 1.6193 1.7364 4.0128 3.1975 1.7131 0.1414 3.1363 0.0051
Car 0.0000 0 1.7186 720.1142 187.9061 770.1733 225.5111 1.4304 1.6038 3.6583 5.8217 2.1195 31.0259 1.9016 0.0051
Car 0.0000 0 -3.0295 0.0000 0.0000 1242.0000 375.0000 1.5693 1.6062 4.0600 22.4524 1.8688 0.2516 -1.4832 0.0051
Pedestrian 0.0000 0 2.0218 0.0000 0.0000 1242.0000 375.0000 1.6957 0.6499 0.7316 -7.8897 1.4561 -0.2301 0.4581 0.0051
Car 0.0000 0 1.5358 727.4357 189.3568 767.3021 227.1655 1.4368 1.5371 3.9116 5.8529 2.1988 31.2512 1.7185 0.0051
Car 0.0000 0 2.1034 352.9810 180.8734 418.3625 212.5971 1.5338 1.5559 3.8193 -11.7604 1.9786 37.9505 1.8045 0.0051
Car 0.0000 0 0.4390 678.2802 176.6097 754.8685 212.9883 1.6533 1.6130 3.2668 5.0731 1.8424 34.6864 0.5824 0.0051
Car 0.0000 0 -0.4288 425.5549 189.6928 533.4636 231.6411 1.4361 1.6592 3.7501 -5.0522 2.1275 27.8567 -0.6072 0.0050
Car 0.0000 0 -2.3821 0.0000 0.0000 1110.6636 375.0000 1.5297 1.5663 3.7052 1.0008 1.6544 0.7004 -1.5996 0.0050
Pedestrian 0.0000 0 -0.5674 747.5287 172.4464 781.9323 229.9824 1.9899 0.5383 1.0614 5.3997 1.9761 25.3908 -0.3610 0.0050
Car 0.0000 0 0.8560 0.0000 0.0000 982.1436 375.0000 1.6202 1.7702 4.9708 1.5900 1.7851 1.8993 1.4786 0.0050
Car 0.0000 0 -2.3562 0.0000 0.0000 1242.0000 375.0000 1.6076 1.6879 3.9501 1.6976 1.7307 1.1717 -1.5016 0.0050
Car 0.0000 0 1.7479 430.4750 188.3603 487.0139 228.2821 1.4618 1.6535 3.6709 -6.1992 2.1408 29.7175 1.5434 0.0050
Car 0.0000 0 -2.6478 351.2141 188.3170 461.3708 226.9184 1.5453 1.6751 4.3061 -8.8236 2.2420 31.2003 -2.9217 0.0050
Car 0.0000 0 0.0984 0.0000 0.0000 1242.0000 375.0000 1.5359 1.6731 3.9895 33.3160 2.0586 1.8595 1.6043 0.0049
Car 0.0000 0 -2.2477 325.5205 179.1711 401.9571 210.6815 1.5388 1.6273 4.0103 -12.9253 1.8846 37.6999 -2.5762 0.0049
Car 0.0000 0 -2.3615 0.0000 0.0000 1192.5270 375.0000 1.5558 1.5926 3.9110 1.5202 1.7219 1.0961 -1.5358 0.0048
Car 0.0000 0 -0.0121 710.9349 182.9734 816.1570 226.3560 1.5429 1.5555 3.7868 5.7276 1.9421 27.3080 0.1917 0.0048
Car 0.0000 0 0.8419 334.2447 184.0122 399.2097 213.9605 1.4464 1.4447 3.1626 -12.6231 2.0456 37.3064 0.5174 0.0048
Car 0.0000 0 -2.2473 0.0000 0.0000 1104.8531 375.0000 1.5417 1.7318 3.9326 0.9747 1.7154 0.8624 -1.5540 0.0047
Car 0.0000 0 1.6217 433.9313 186.4361 482.3445 232.7330 1.6261 1.6755 4.1820 -6.0357 2.2104 28.8234 1.4165 0.0047
Car 0.0000 0 0.0262 707.4626 183.6913 803.9874 227.0932 1.5410 1.5709 3.4848 5.4697 1.9692 27.3365 0.2208 0.0047
Car 0.0000 0 -1.7992 0.0000 0.0000 960.8072 375.0000 1.4964 1.5015 3.8502 0.4291 1.6780 1.0973 -1.5099 0.0046
Car 0.0000 0 1.4257 355.5810 177.4636 394.4140 209.4417 1.5737 1.4584 3.4269 -12.4143 1.8281 37.9005 1.1109 0.0045
Cyclist 0.0000 0 1.0120 772.2793 175.4132 811.2001 230.3419 1.7379 0.4673 1.5796 5.9131 1.8253 23.7258 1.2525 0.0045
Car 0.0000 0 -2.3752 1108.2899 102.7665 1242.0000 205.6255 2.1435 1.6834 4.2229 14.3186 0.6833 17.2303 -1.6901 0.0045
Car 0.0000 0 0.8071 332.2311 179.3629 400.3705 209.7068 1.4946 1.4411 3.3556 -12.7303 1.8465 37.5599 0.4821 0.0044
Car 0.0000 0 -0.2150 613.8109 180.8172 697.9364 213.3568 1.5396 1.7148 3.8916 2.2092 1.9482 35.8444 -0.1545 0.0044
Car 0.0000 0 -2.9665 607.6401 182.9445 678.9349 215.0364 1.4796 1.5399 3.2446 1.5990 1.9858 35.0635 -2.9220 0.0044
Car 0.0000 0 -1.3213 0.0000 0.0000 1242.0000 375.0000 1.6086 1.6614 3.9807 -10.6422 1.2289 0.6571 -2.8041 0.0044
Car 0.0000 0 -3.0901 0.0000 0.0000 1242.0000 375.0000 1.6442 1.7810 4.0653 35.6997 1.4693 2.0353 -1.5846 0.0044
Pedestrian 0.0000 0 2.0786 0.0000 0.0000 1242.0000 375.0000 1.9493 0.7286 0.7397 -8.5247 1.4627 -0.2723 0.5095 0.0044
Car 0.0000 0 -1.1824 675.8918 174.7389 732.9404 210.7126 1.6811 1.6442 3.4069 4.6896 1.7800 35.8016 -1.0538 0.0044
Car 0.0000 0 -2.8029 0.0000 0.0000 1242.0000 375.0000 1.7153 1.7258 4.4406 3.3109 1.8160 0.3560 -1.4265 0.0043
Car 0.0000 0 0.7077 335.2224 179.9349 407.1068 210.3724 1.5036 1.4627 3.4284 -12.4771 1.8858 37.5840 0.3890 0.0043
Car 0.0000 0 -1.1327 617.5868 150.6673 671.9170 182.3694 1.8640 1.7379 4.2188 2.1751 0.5598 44.6924 -1.0846 0.0043
Car 0.0000 0 0.3926 678.5336 177.1429 754.7912 213.4280 1.6488 1.6175 3.2546 5.0798 1.8643 34.6711 0.5362 0.0043
Car 0.0000 0 -2.2631 1096.6182 112.9233 1242.0000 195.7517 1.8778 1.8480 4.0900 14.7185 0.5195 18.4232 -1.5966 0.0043
Car 0.0000 0 -0.5667 1099.0769 131.8535 1242.0000 203.4291 1.6622 1.7670 4.4881 14.9890 0.7104 17.9042 0.1223 0.0042
Car 0.0000 0 1.9917 0.0000 189.8184 267.3810 329.8999 1.4542 1.7030 4.0245 -6.4284 1.7418 10.1063 1.4367 0.0042
Car 0.0000 0 -1.4614 681.4377 175.0745 722.4065 211.4549 1.6970 1.6498 3.5028 4.5637 1.8133 35.7812 -1.3362 0.0042
Pedestrian 0.0000 0 -2.8654 813.3448 165.9772 861.6619 258.1162 2.0177 0.6929 0.8918 5.1019 1.8675 16.3309 -2.5687 0.0042
Car 0.0000 0 1.1955 0.0000 0.0000 980.4008 375.0000 1.6520 1.7925 5.4397 1.0610 1.7745 1.7761 1.6630 0.0042
Pedestrian 0.0000 0 -3.0580 754.8842 171.5740 769.3870 212.5259 1.8759 0.7202 0.6030 7.0229 1.8176 33.4796 -2.8536 0.0041
Car 0.0000 0 1.8376 354.9562 179.1110 402.6119 210.4423 1.5358 1.4813 3.6129 -12.1328 1.8810 37.9338 1.5297 0.0041
Car 0.0000 0 2.9680 610.1378 183.3934 681.2191 215.5450 1.4950 1.6157 3.2307 1.6736 2.0244 35.2127 3.0144 0.0041
Car 0.0000 0 1.5351 215.2026 189.4545 295.9728 257.0162 1.3912 1.6298 3.5822 -8.8338 1.8459 17.7832 1.0796 0.0041
Car 0.0000 0 -2.2356 1098.3130 93.7864 1242.0000 198.6917 2.2270 1.8363 4.3421 14.1679 0.5489 17.4931 -1.5629 0.0041
Car 0.0000 0 -2.2729 1104.0416 110.8251 1242.0000 201.6758 2.0053 1.7992 4.2002 14.6874 0.6365 18.0466 -1.5976 0.0040
Cyclist 0.0000 0 -2.9107 415.7067 187.4617 467.1179 234.2070 1.7193 0.6048 1.7848 -6.3487 2.2731 27.0293 -3.1399 0.0040
Car 0.0000 0 -2.5886 0.0000 0.0000 1242.0000 375.0000 1.6562 1.6312 4.2091 2.2430 1.7147 1.2196 -1.6141 0.0040
Car 0.0000 0 0.6734 364.1492 187.8438 464.5467 226.6865 1.5456 1.6515 4.0936 -8.5848 2.2329 31.4925 0.4089 0.0039
Car 0.0000 0 3.0655 609.3745 185.1951 676.3696 216.0435 1.4423 1.5507 3.1538 1.5330 2.0594 35.2239 3.1080 0.0039
Car 0.0000 0 -2.9431 0.0000 0.0000 1242.0000 375.0000 1.5361 1.6912 3.8692 2.1711 1.5314 0.3294 -1.6518 0.0039
Pedestrian 0.0000 0 -3.0806 754.5694 171.6815 769.6819 212.3878 1.8641 0.7377 0.6452 7.0229 1.8108 33.4805 -2.8762 0.0039
Car 0.0000 0 -1.3130 0.0000 0.0000 1242.0000 375.0000 1.6866 1.6142 3.8759 -10.5560 1.2657 0.6518 -2.7955 0.0038
Car 0.0000 0 -2.1539 1092.4242 120.3725 1242.0000 196.1333 1.7454 1.8030 4.1810 14.6891 0.5367 18.7712 -1.4973 0.0038
Car 0.0000 0 2.8168 629.5178 186.7418 719.6568 226.1395 1.5002 1.6504 3.3165 2.5744 2.0916 29.5098 2.9022 0.0038
Car 0.0000 0 1.9580 0.0000 191.9596 261.9796 329.0659 1.4376 1.6298 3.9442 -6.4657 1.7637 10.2216 1.4053 0.0038
Cyclist 0.0000 0 -0.0590 582.2595 180.6153 616.8273 217.9821 1.8155 0.5729 1.6710 -0.5587 2.2021 35.5479 -0.0753 0.0038
Car 0.0000 0 -2.0654 189.9244 187.0658 338.0053 253.4926 1.3778 1.5827 3.8978 -8.5027 1.7584 17.5155 -2.5118 0.0038
Car 0.0000 0 -2.1922 1097.5192 95.7848 1242.0000 193.9591 2.1183 1.8706 4.2086 14.2072 0.4558 17.7119 -1.5240 0.0038
Car 0.0000 0 3.2467 356.4611 189.2098 460.3560 227.7029 1.5234 1.6663 4.1025 -8.5340 2.2458 30.6932 2.9772 0.0038
Car 0.0000 0 1.7578 713.5081 189.1215 766.1754 226.3265 1.4039 1.5499 3.8939 5.6217 2.1538 31.1509 1.9339 0.0037
Car 0.0000 0 1.2828 718.0479 187.2699 777.2118 224.7014 1.4880 1.5704 3.7347 6.0130 2.1688 32.1134 1.4655 0.0037
Car 0.0000 0 -0.1041 427.1315 191.9577 519.3943 233.1013 1.4204 1.6324 3.2798 -5.2419 2.1775 27.3260 -0.2925 0.0037
Pedestrian 0.0000 0 -1.1294 589.7772 177.3921 605.5270 215.5485 1.8530 0.5935 0.5592 -0.6443 2.0790 35.5038 -1.1481 0.0037
Car 0.0000 0 1.3839 726.7584 189.6071 779.1769 226.9606 1.4360 1.5360 3.7697 6.0964 2.2074 31.3163 1.5737 0.0037
Car 0.0000 0 0.1950 0.0000 0.0000 1242.0000 375.0000 1.5205 1.7591 4.3057 22.5887 1.9321 0.4201 1.7340 0.0036
Car 0.0000 0 -0.8766 1081.5106 144.7642 1242.0000 245.0822 1.5846 1.6652 4.2457 10.7051 1.1413 12.6015 -0.1841 0.0036
Car 0.0000 0 -1.4612 687.4941 175.5917 726.9254 211.1336 1.6564 1.6061 3.0790 4.7902 1.7982 35.5716 -1.3290 0.0036
Car 0.0000 0 0.0886 705.0768 184.9122 794.7833 226.8773 1.4854 1.5975 3.2258 5.2993 1.9645 27.4398 0.2766 0.0036
Pedestrian 0.0000 0 -1.0992 589.9814 178.2344 605.7808 216.0714 1.8354 0.5888 0.5568 -0.6329 2.1032 35.4846 -1.1176 0.0036
Car 0.0000 0 -2.2044 1089.3580 101.1142 1242.0000 200.0912 2.1353 1.7902 4.0008 13.8254 0.5880 17.5851 -1.5461 0.0035
Car 0.0000 0 3.0509 617.9349 180.6499 700.7656 212.5730 1.5277 1.6717 3.9654 2.3690 1.9250 35.8472 3.1158 0.0035
Car 0.0000 0 2.9753 628.1364 188.9928 718.6961 228.2677 1.5189 1.6347 3.4791 2.5222 2.2039 29.6477 3.0585 0.0035
Car 0.0000 0 0.0297 704.1891 183.0982 799.7926 226.6775 1.5513 1.7083 3.4628 5.3581 1.9587 27.4613 0.2196 0.0035
Car 0.0000 0 -1.1882 674.7885 175.4944 733.0996 211.3326 1.6652 1.7005 3.4584 4.6586 1.8034 35.7307 -1.0602 0.0034
Car 0.0000 0 -1.2807 0.0000 0.0000 1242.0000 375.0000 1.6917 1.6501 3.8706 -10.5592 1.2175 0.6694 -2.7617 0.0034
Car 0.0000 0 1.9780 0.0000 187.4985 240.0177 360.6622 1.4854 1.6841 4.0305 -6.0552 1.7054 8.6850 1.3832 0.0034
Car 0.0000 0 -2.1866 1087.8092 101.9416 1242.0000 189.1998 1.9330 1.8286 4.0340 14.0879 0.3625 18.0330 -1.5310 0.0034
Car 0.0000 0 -2.7272 0.0000 0.0000 1242.0000 375.0000 1.5478 1.6907 3.8328 2.1974 1.5897 0.6668 -1.5696 0.0033
Car 0.0000 0 -2.8416 359.2381 188.5257 463.3084 226.6661 1.5565 1.6546 4.0112 -8.5443 2.2511 31.0704 -3.1083 0.0033
Car 0.0000 0 1.5903 731.7208 188.0938 772.2593 224.9699 1.4029 1.6098 3.5721 6.0734 2.0974 30.9454 1.7816 0.0033
Car 0.0000 0 -0.5215 1097.2990 123.5078 1242.0000 194.7596 1.6794 1.7451 4.3897 15.1060 0.5167 18.2212 0.1630 0.0032
Car 0.0000 0 2.0818 0.0000 190.1642 248.8056 375.0000 1.4861 1.7071 4.3368 -5.9639 1.7392 8.2890 1.4730 0.0032
Car 0.0000 0 1.5800 731.7511 188.6192 773.3759 226.1829 1.4134 1.6393 3.6925 6.0445 2.1293 30.7744 1.7714 0.0032
Car 0.0000 0 -1.2778 0.0000 0.0000 1242.0000 375.0000 1.5889 1.6300 3.9764 -10.8195 1.2593 0.7352 -2.7548 0.0032
Car 0.0000 0 -0.2501 1097.1178 113.1457 1242.0000 188.5396 1.7476 1.7517 4.0128 14.9048 0.3640 18.3472 0.4246 0.0032
Car 0.0000 0 1.7573 357.0025 179.4395 398.0625 210.2126 1.5068 1.4173 3.5590 -12.2195 1.8707 37.9743 1.4476 0.0032
Car 0.0000 0 0.9514 1112.3849 114.5120 1242.0000 211.3123 1.9681 1.8408 4.2547 13.9859 0.7823 16.8498 1.6357 0.0032
Car 0.0000 0 0.2424 371.1226 183.1871 449.2476 213.1548 1.4832 1.6211 3.5934 -10.2815 2.0280 37.1576 -0.0261 0.0032
Car 0.0000 0 -3.6387 0.0000 0.0000 1242.0000 375.0000 1.7358 1.7801 4.5146 2.5304 1.7481 0.9807 -2.5365 0.0032
Car 0.0000 0 1.4215 659.7780 182.9244 714.2438 223.5079 1.5579 1.6819 4.2714 3.1835 2.0205 30.9477 1.5223 0.0032
Car 0.0000 0 -2.6844 0.0000 0.0000 1242.0000 375.0000 1.5964 1.6496 3.6975 2.1541 1.6753 0.9287 -1.6320 0.0032
Car 0.0000 0 -0.4844 1091.0880 130.4033 1242.0000 200.7345 1.6550 1.7916 4.3894 14.9913 0.6564 18.2801 0.1947 0.0031
Car 0.0000 0 -2.1213 1082.5101 108.2195 1242.0000 189.8272 1.8509 1.8303 4.0204 14.1237 0.3853 18.4501 -1.4753 0.0031
Car 0.0000 0 2.0309 0.0000 189.8421 242.5198 375.0000 1.4649 1.7093 4.2950 -5.9706 1.7143 8.3250 1.4235 0.0031
Car 0.0000 0 -1.0370 675.9554 174.6347 741.5548 210.6049 1.6775 1.7033 3.4500 4.8880 1.7706 35.7141 -0.9027 0.0031
Cyclist 0.0000 0 1.2374 786.2204 177.8811 817.6084 232.4720 1.7148 0.4715 1.6479 6.2303 1.8859 23.6575 1.4910 0.0031
Car 0.0000 0 -1.8383 709.1105 187.7814 770.3618 224.2601 1.4522 1.6962 3.9954 5.7204 2.1675 32.4846 -1.6663 0.0031
Car 0.0000 0 -1.2029 673.2568 176.1543 731.9453 211.9698 1.6592 1.7321 3.5416 4.5980 1.8322 35.7570 -1.0766 0.0031
Cyclist 0.0000 0 0.0904 0.0000 0.0000 1242.0000 375.0000 1.9399 0.3963 2.1564 -9.0702 1.5170 0.4862 -1.3955 0.0031
Car 0.0000 0 -1.3355 0.0000 0.0000 1242.0000 375.0000 1.5759 1.5580 3.8215 -10.7033 1.2200 0.4170 -2.8410 0.0030
Car 0.0000 0 -1.8727 1089.9236 118.3172 1232.4274 192.7419 1.7186 1.8365 3.8408 14.0861 0.4596 18.7740 -1.2363 0.0030
Pedestrian 0.0000 0 -1.9821 582.2188 179.1106 600.3707 219.7244 1.9662 0.6724 0.6912 -0.9613 2.2786 35.5250 -2.0097 0.0030
Car 0.0000 0 0.0938 703.0451 183.6135 817.8554 227.0993 1.5193 1.6703 4.1192 5.6649 1.9476 27.2964 0.2956 0.0030
Car 0.0000 0 -2.7836 354.6242 189.1042 461.0891 226.6771 1.5329 1.6486 4.1324 -8.7629 2.2608 31.2996 -3.0550 0.0029
Car 0.0000 0 0.3857 676.8103 176.8468 754.7338 213.3230 1.6537 1.6526 3.3203 5.0270 1.8541 34.5992 0.5281 0.0029
Car 0.0000 0 -2.2169 1086.3555 100.8653 1242.0000 191.4457 1.9488 1.6841 4.1378 13.7649 0.4004 17.5980 -1.5609 0.0029
Car 0.0000 0 -1.0523 674.3177 175.0703 740.1194 210.5916 1.6542 1.7314 3.4955 4.8192 1.7703 35.7536 -0.9199 0.0029
Cyclist 0.0000 0 1.8299 695.3054 185.7030 718.8789 228.4657 1.6433 0.5424 1.6551 3.8870 2.1777 29.1153 1.9605 0.0029
Car 0.0000 0 1.5922 0.0000 0.0000 1242.0000 375.0000 1.7014 1.8226 4.5668 2.5992 1.8052 0.0008 3.0499 0.0029
Car 0.0000 0 -2.7875 0.0000 0.0000 1242.0000 375.0000 1.6785 1.6690 4.2455 2.5400 1.6989 0.3515 -1.4661 0.0029
Car 0.0000 0 -0.4927 1109.6611 111.2661 1242.0000 191.4095 1.8643 1.7384 4.2065 15.2223 0.4320 18.0514 0.2001 0.0028
Car 0.0000 0 -1.8162 1086.2200 123.6716 1214.1460 193.3136 1.6044 1.7322 3.8010 13.7733 0.4717 18.7063 -1.1888 0.0028
Car 0.0000 0 -2.0519 1087.5076 107.4644 1242.0000 192.5123 1.8820 1.7807 3.8206 13.7717 0.4354 17.9943 -1.4062 0.0028
Car 0.0000 0 2.9269 619.8419 185.9909 716.8484 225.4964 1.5148 1.7216 3.6669 2.3038 2.0725 29.5040 3.0032 0.0028
Car 0.0000 0 -2.1623 1090.7512 103.3277 1242.0000 197.6267 2.0628 1.6526 3.8963 13.8321 0.5423 17.7766 -1.5089 0.0028
Car 0.0000 0 -0.6249 1090.0481 128.5977 1242.0000 193.1402 1.6029 1.6907 4.2277 15.2000 0.5042 18.8584 0.0461 0.0027
Car 0.0000 0 -1.7323 1088.2433 125.3393 1198.8076 191.4865 1.5839 1.7337 3.9114 14.1442 0.4465 19.4122 -1.1096 0.0027
Car 0.0000 0 -1.3708 0.0000 0.0000 1242.0000 375.0000 1.6218 1.5620 3.8264 -10.6866 1.2087 0.4881 -2.8697 0.0026
Car 0.0000 0 -0.1537 697.5009 181.9919 789.7606 225.8282 1.5943 1.7688 3.2219 5.0000 1.9552 27.5452 0.0233 0.0026
Car 0.0000 0 1.4488 353.9183 178.3502 389.9513 209.9683 1.5512 1.3871 3.4480 -12.5729 1.8544 37.8968 1.1302 0.0026
Car 0.0000 0 3.0483 615.2040 181.4864 686.0402 214.0647 1.5359 1.6161 3.3244 1.9159 1.9698 35.3526 3.1014 0.0026
Car 0.0000 0 -2.7127 358.6369 187.4542 463.4165 225.8210 1.5614 1.6503 4.0759 -8.6572 2.2197 31.3717 -2.9803 0.0026
Car 0.0000 0 -2.1024 1088.2531 103.9513 1242.0000 186.4674 1.8293 1.7169 3.7290 13.7786 0.3022 17.9440 -1.4551 0.0026
Car 0.0000 0 0.4673 361.0995 185.2489 442.7053 213.8002 1.3819 1.5114 3.7371 -10.6745 2.0359 36.9570 0.1876 0.0026
Car 0.0000 0 1.7295 0.0000 0.0000 1242.0000 375.0000 1.7271 1.9469 5.0175 2.5786 1.7938 0.2125 3.1058 0.0026
Cyclist 0.0000 0 1.7258 433.7438 188.9293 457.5433 235.0718 1.6433 0.6129 1.7493 -6.2271 2.2698 27.2098 1.5022 0.0025
Car 0.0000 0 -0.6111 1109.0243 128.3909 1242.0000 199.4950 1.6638 1.7055 4.1034 15.0061 0.6237 17.8925 0.0788 0.0025
Pedestrian 0.0000 0 2.5475 432.0585 188.3320 456.4016 234.7551 1.6904 0.6825 0.6116 -6.2544 2.2804 27.0310 2.3216 0.0025
Car 0.0000 0 2.0236 0.0000 189.3555 247.9602 351.8841 1.4716 1.7755 4.2800 -6.3910 1.7344 9.2286 1.4310 0.0024
Car 0.0000 0 1.0145 331.4142 179.4146 390.9779 209.6957 1.4743 1.4340 3.2196 -12.9468 1.8289 37.3810 0.6829 0.0024
Cyclist 0.0000 0 -1.3858 764.1681 178.0143 784.2903 222.9819 1.6527 0.4819 1.5257 6.2240 1.8554 27.4943 -1.1661 0.0024
Car 0.0000 0 -2.1476 1081.9319 111.1612 1242.0000 188.4906 1.7646 1.6371 3.5231 13.7950 0.3572 18.2713 -1.5083 0.0024
Car 0.0000 0 -0.4281 1087.0609 126.9118 1242.0000 195.0930 1.6330 1.6772 4.2706 15.0047 0.5330 18.6062 0.2430 0.0024
Cyclist 0.0000 0 -0.2935 0.0000 0.0000 1242.0000 375.0000 1.7049 0.3494 1.8347 -8.6202 1.5474 0.3868 -1.7864 0.0024
Car 0.0000 0 -0.6805 1089.9988 132.5044 1242.0000 198.9649 1.6340 1.7252 4.3872 15.1000 0.6423 18.6137 -0.0066 0.0024
Car 0.0000 0 -1.0624 672.5353 176.1512 739.8376 211.7505 1.6476 1.7687 3.6246 4.7700 1.8203 35.7399 -0.9314 0.0024
Car 0.0000 0 -2.0505 1082.5883 115.3996 1237.7601 191.7846 1.7390 1.6844 3.4461 13.6768 0.4313 18.2563 -1.4150 0.0024
Car 0.0000 0 -1.0305 0.0000 185.9934 260.4943 328.2442 1.4976 1.6397 3.9407 -6.5991 1.7157 9.9587 -1.6038 0.0024
Car 0.0000 0 -0.0857 705.7574 182.6724 791.8471 225.7394 1.5522 1.7590 3.0720 5.1857 1.9407 27.4961 0.0980 0.0024
Car 0.0000 0 -0.8078 1088.0044 132.7454 1242.0000 198.5032 1.6260 1.6941 4.4347 15.1969 0.6346 18.9874 -0.1402 0.0023
Car 0.0000 0 -1.0762 0.0000 188.5632 264.8112 323.5906 1.4750 1.5463 3.7274 -6.5183 1.7397 10.2306 -1.6321 0.0023
Cyclist 0.0000 0 -0.2459 0.0000 0.0000 1242.0000 375.0000 1.9570 0.4321 1.9331 -8.9502 1.5329 0.7667 -1.6997 0.0023
Car 0.0000 0 -0.2168 658.5479 187.1695 764.0375 226.3384 1.5344 1.6322 4.0783 4.1177 2.1487 29.9612 -0.0824 0.0023
Cyclist 0.0000 0 3.3031 421.9405 186.8653 466.7193 232.8260 1.7062 0.6837 1.5690 -6.3257 2.2465 27.4126 3.0778 0.0023
Car 0.0000 0 -2.7853 357.3576 188.4944 463.4686 226.6875 1.5499 1.6536 4.0896 -8.5979 2.2463 31.1035 -3.0534 0.0023
Car 0.0000 0 1.5141 669.1495 184.1257 713.9794 225.2701 1.5664 1.6405 4.2227 3.3737 2.0815 30.7954 1.6214 0.0023
Cyclist 0.0000 0 1.9294 408.9146 188.9484 441.6548 236.2535 1.6880 0.6267 1.7415 -7.0027 2.3165 27.2562 1.6796 0.0023
Car 0.0000 0 -2.7584 0.0000 0.0000 1242.0000 375.0000 1.7305 1.7625 4.5415 2.4689 1.7123 1.0065 -1.6743 0.0022
Car 0.0000 0 1.5640 730.6035 188.8832 769.9354 226.4279 1.4390 1.5745 3.5927 5.9974 2.1747 31.1899 1.7514 0.0022
Car 0.0000 0 -2.1592 1088.6659 100.5241 1242.0000 190.4895 1.9625 1.6219 3.8921 13.7256 0.3851 17.7298 -1.5081 0.0022
Car 0.0000 0 -2.7420 0.0000 0.0000 1242.0000 375.0000 1.7086 1.7013 4.5738 2.9003 1.7596 0.3985 -1.4062 0.0022
Car 0.0000 0 -2.0263 1080.0443 120.1631 1233.7278 195.1149 1.7294 1.7418 3.5039 13.7938 0.5140 18.5241 -1.3936 0.0022
Car 0.0000 0 -0.5677 690.9047 179.4782 786.9573 224.6759 1.6229 1.6643 3.2469 4.8988 1.8904 27.7060 -0.3952 0.0022
Pedestrian 0.0000 0 -0.7698 597.0117 174.6502 613.6617 211.7282 1.8020 0.5690 0.5898 -0.2676 1.8918 35.5129 -0.7779 0.0022
Car 0.0000 0 0.9949 1103.6108 108.0959 1242.0000 209.7660 2.1118 1.8729 4.2445 13.9451 0.7671 17.1879 1.6683 0.0021
Cyclist 0.0000 0 -0.2645 735.4877 170.8364 787.6132 228.7501 2.0058 0.5941 1.6941 5.2690 1.9362 25.3361 -0.0626 0.0021
Car 0.0000 0 2.5259 0.0000 191.4696 275.2165 375.0000 1.4853 1.8019 4.5879 -6.3257 1.7617 8.2343 1.8861 0.0021
Car 0.0000 0 3.3555 352.6719 189.4935 458.0753 227.4582 1.5351 1.6632 4.0908 -8.7521 2.2714 30.9593 3.0817 0.0021
Car 0.0000 0 -3.1429 608.0228 181.9068 676.5209 214.5307 1.5245 1.5772 3.2489 1.5226 1.9753 35.0434 -3.1004 0.0021
Car 0.0000 0 -0.5959 1087.1061 127.4803 1242.0000 191.2459 1.5788 1.7029 4.0218 15.0199 0.4557 18.8510 0.0695 0.0021
Car 0.0000 0 2.6334 614.9080 187.2564 715.1407 228.6492 1.5354 1.6412 3.7429 2.2005 2.1525 29.3611 2.7066 0.0020
Car 0.0000 0 -1.3128 674.7069 176.1976 726.4767 213.0927 1.7071 1.7113 3.4909 4.4878 1.8818 35.6725 -1.1893 0.0020
Car 0.0000 0 2.8339 0.0000 0.0000 1242.0000 375.0000 1.5403 1.5599 3.7399 -22.3247 1.3272 0.2737 1.2880 0.0020
Car 0.0000 0 -1.3558 0.0000 0.0000 1242.0000 375.0000 1.6325 1.5291 3.7845 -10.6215 1.2519 0.4914 -2.8539 0.0020
Car 0.0000 0 -1.3911 0.0000 0.0000 1242.0000 375.0000 1.5419 1.5166 3.7659 -10.7317 1.2594 0.3445 -2.9035 0.0020
Cyclist 0.0000 0 1.8975 423.2291 189.2539 450.1253 235.5163 1.6832 0.5438 1.5108 -6.6545 2.3281 27.5771 1.6622 0.0020
Car 0.0000 0 2.6109 0.0000 0.0000 1242.0000 375.0000 1.6462 1.7057 3.8749 -25.4596 1.0195 0.3267 1.0638 0.0020
Car 0.0000 0 2.8781 608.4116 181.2997 680.1331 214.1622 1.5260 1.6333 3.1802 1.6128 1.9522 35.2325 2.9228 0.0020
Car 0.0000 0 -1.1719 671.4197 176.4578 735.3633 212.8124 1.6729 1.8011 3.8237 4.6393 1.8622 35.7228 -1.0444 0.0020
Car 0.0000 0 -2.6349 0.0000 0.0000 1242.0000 375.0000 1.6821 1.6928 4.3613 2.5264 1.7250 0.6842 -1.4349 0.0020
Car 0.0000 0 -1.2420 671.9404 175.5675 729.3378 212.3626 1.7018 1.7397 3.6398 4.4949 1.8440 35.6841 -1.1183 0.0020
Car 0.0000 0 1.6202 664.2089 184.8040 706.5397 225.4476 1.5481 1.6112 3.6257 3.1962 2.0856 30.5192 1.7228 0.0020
Pedestrian 0.0000 0 -0.9134 596.9961 175.2260 612.7123 211.8879 1.7813 0.5419 0.5637 -0.2907 1.8996 35.4930 -0.9222 0.0019
Car 0.0000 0 -2.6572 0.0000 0.0000 1242.0000 375.0000 1.6849 1.7266 4.6210 2.9837 1.8244 0.7958 -1.4381 0.0019
Car 0.0000 0 -0.2062 636.7222 186.2762 723.1229 225.4438 1.5293 1.4603 3.3087 2.8055 2.0994 29.7095 -0.1138 0.0019
Cyclist 0.0000 0 1.4817 592.5488 180.5494 604.9830 215.1720 1.6480 0.4710 1.5607 -0.5974 2.0355 35.4986 1.4643 0.0019
Car 0.0000 0 0.9885 1113.3137 114.4151 1242.0000 202.1911 1.7998 1.6914 3.9369 13.7730 0.6019 16.8323 1.6659 0.0018
Car 0.0000 0 -1.1842 669.4301 177.2064 732.5027 215.1905 1.7432 1.7400 3.9652 4.5276 1.9722 35.7588 -1.0599 0.0018
Car 0.0000 0 2.4032 0.0000 187.2292 272.0096 375.0000 1.5211 1.8024 4.3540 -6.1907 1.7333 8.3144 1.7782 0.0018
Car 0.0000 0 2.9700 612.5787 180.4624 678.7205 213.5353 1.5512 1.5886 2.9978 1.6765 1.9337 35.2629 3.0165 0.0018
Car 0.0000 0 3.2514 354.9468 190.4007 456.0081 228.7569 1.5138 1.6524 3.9719 -8.6511 2.2873 30.6537 2.9780 0.0017
Car 0.0000 0 -0.4606 1099.2256 122.7529 1242.0000 192.7392 1.6794 1.7201 3.9334 15.1392 0.4775 18.5729 0.2158 0.0017
Car 0.0000 0 -1.2777 673.7552 176.7860 728.0852 214.2146 1.7227 1.7227 3.5084 4.4915 1.9275 35.5695 -1.1537 0.0017
Car 0.0000 0 -2.2403 1071.5819 118.2889 1242.0000 192.9264 1.7243 1.6245 3.6203 13.8076 0.4641 18.5050 -1.6067 0.0017
Car 0.0000 0 1.5768 670.9155 185.1804 711.7095 226.4127 1.5700 1.6183 3.9827 3.4303 2.1317 30.7814 1.6860 0.0017
Car 0.0000 0 1.5780 666.2132 184.7484 707.8452 225.4312 1.5541 1.6568 4.0315 3.2608 2.0981 30.8800 1.6814 0.0017
Car 0.0000 0 2.7418 636.1800 186.4150 731.7090 227.1449 1.5541 1.6620 3.5477 2.9875 2.1380 29.7277 2.8402 0.0017
Car 0.0000 0 1.1843 644.0187 183.9744 712.7367 223.1301 1.4935 1.6302 3.6573 2.7903 1.9967 30.6344 1.2736 0.0017
Cyclist 0.0000 0 -1.2744 441.0516 189.2372 467.1095 229.7530 1.6280 0.5370 1.9660 -6.6805 2.3506 30.8022 -1.4868 0.0017
Car 0.0000 0 -1.3539 0.0000 0.0000 1242.0000 375.0000 1.7193 1.5917 3.7660 -10.5976 1.2496 0.7433 -2.8282 0.0017
Car 0.0000 0 -1.3946 0.0000 0.0000 1242.0000 375.0000 1.7471 1.6046 3.8826 -10.4938 1.2551 1.0396 -2.8401 0.0017
Cyclist 0.0000 0 -1.4530 449.9957 188.5166 463.9185 226.9136 1.5808 0.3824 1.8158 -6.6875 2.2823 31.3763 -1.6619 0.0016
Car 0.0000 0 4.6871 0.0000 0.0000 1242.0000 375.0000 1.6833 1.6076 4.0131 -10.5947 1.2324 -0.0384 3.1394 0.0016
Car 0.0000 0 0.0127 977.8158 123.6353 1172.8324 196.0689 1.6779 1.4720 4.0435 11.6846 0.5381 18.4231 0.5708 0.0016
Car 0.0000 0 1.4574 663.2482 182.5314 715.0010 223.8735 1.5929 1.7075 4.2970 3.2781 2.0375 30.9634 1.5611 0.0016
Car 0.0000 0 0.3301 345.7985 155.1580 425.5172 181.9352 1.6662 1.7029 4.5270 -14.2343 0.5654 45.8146 0.0304 0.0015
Car 0.0000 0 -0.9944 0.0000 189.0202 254.4945 352.6733 1.4841 1.6917 4.3589 -6.4521 1.7393 9.1734 -1.5941 0.0015
Car 0.0000 0 -1.0728 0.0000 189.3404 266.6050 334.6068 1.5003 1.5443 4.1347 -6.4774 1.7784 10.0406 -1.6341 0.0015
Car 0.0000 0 -1.1113 669.3271 177.1753 738.3612 213.2070 1.6589 1.7271 4.2191 4.7040 1.8882 35.9866 -0.9830 0.0015
Car 0.0000 0 4.4019 0.0000 0.0000 1242.0000 375.0000 1.5845 1.8323 4.7570 -25.2026 1.1377 -0.0772 2.8392 0.0015
Car 0.0000 0 1.7725 663.5346 187.6250 716.9840 230.0402 1.5729 1.5791 3.2626 3.3220 2.2201 29.7996 1.8816 0.0015
Car 0.0000 0 -1.5700 1067.1160 118.3644 1152.3867 193.9853 1.6554 1.5771 3.5392 12.1623 0.4629 17.6993 -0.9755 0.0015
Car 0.0000 0 1.5982 670.7353 186.0953 711.1641 227.6493 1.5794 1.6026 3.7060 3.4365 2.1772 30.6063 1.7082 0.0015
Car 0.0000 0 4.4474 0.0000 0.0000 1242.0000 375.0000 1.6169 1.7881 4.7324 -25.0798 1.1562 -0.1132 2.8832 0.0015
Cyclist 0.0000 0 1.7675 772.4696 169.0241 797.2404 218.9699 1.8319 0.5676 1.8760 6.6180 1.6918 27.4323 2.0012 0.0015
Car 0.0000 0 -0.2909 963.3817 119.1201 1180.7267 192.6892 1.7629 1.6484 4.4417 11.6950 0.4756 18.6582 0.2621 0.0014
Cyclist 0.0000 0 1.4822 600.9153 176.8362 612.8953 212.6101 1.7189 0.4554 1.5179 -0.1970 1.9202 35.6173 1.4761 0.0013
Cyclist 0.0000 0 1.2086 1092.8397 118.7374 1150.5469 195.4774 1.8760 0.5247 2.0012 13.1527 0.5534 18.6705 1.8151 0.0013
Car 0.0000 0 -2.1381 1067.4694 120.8120 1237.1022 193.5970 1.6994 1.6623 3.9040 13.8803 0.4847 18.8426 -1.5105 0.0013
Car 0.0000 0 2.9632 0.0000 0.0000 1242.0000 375.0000 1.6019 1.6920 3.7709 -25.3515 1.1851 0.1465 1.4092 0.0013
Car 0.0000 0 1.6290 673.0242 188.4357 714.1728 230.1833 1.5884 1.5485 3.2153 3.5282 2.2835 30.4483 1.7424 0.0013
Cyclist 0.0000 0 -1.9451 1084.2015 122.1986 1135.6915 192.9535 1.7844 0.4890 1.7802 13.1664 0.5073 19.1163 -1.3490 0.0013
Car 0.0000 0 0.1440 702.8688 183.5096 799.7296 227.8886 1.5633 1.5963 3.4152 5.3281 1.9871 27.3585 0.3336 0.0012
Car 0.0000 0 1.1824 763.9235 187.3849 837.8871 225.6560 1.4201 1.6072 3.9698 7.9139 2.0750 30.4239 1.4338 0.0012
Car 0.0000 0 1.0112 1103.8931 103.6008 1242.0000 202.4328 2.0027 1.8642 4.4143 13.7797 0.5997 16.9179 1.6864 0.0012
Car 0.0000 0 1.2138 647.4210 183.1313 714.2145 223.9091 1.5549 1.6418 3.5731 2.8754 2.0163 30.4267 1.3063 0.0012
Car 0.0000 0 1.0931 755.7989 186.0469 845.4267 225.2217 1.4505 1.8813 4.2978 7.9187 2.0520 30.5708 1.3436 0.0012
Car 0.0000 0 0.7977 0.0000 0.0000 1242.0000 375.0000 1.4820 1.6603 3.6142 -24.4287 0.8790 0.6687 -0.7344 0.0012
Cyclist 0.0000 0 -1.4042 633.2104 184.3558 647.2026 217.6952 1.5418 0.4334 1.4966 1.4198 2.1073 34.6772 -1.3644 0.0012
Cyclist 0.0000 0 -1.5676 446.5201 187.8984 456.2918 226.3066 1.5886 0.4050 1.8223 -6.9632 2.2653 31.5045 -1.7840 0.0012
Pedestrian 0.0000 0 -0.6010 589.8480 182.7688 605.6648 219.8370 1.7747 0.5266 0.5722 -0.6350 2.2630 35.1266 -0.6197 0.0012
Car 0.0000 0 -1.8367 1086.7250 118.4370 1211.4174 192.0576 1.6955 1.6507 3.5470 13.6550 0.4426 18.5648 -1.2098 0.0011
Cyclist 0.0000 0 1.4765 765.4587 174.3844 785.1463 221.3919 1.7355 0.5639 1.7347 6.2662 1.7962 27.5899 1.6969 0.0011
Cyclist 0.0000 0 -1.6744 774.4274 174.8616 793.6245 221.9418 1.7366 0.5131 1.8852 6.6167 1.8167 27.6627 -1.4427 0.0011
Car 0.0000 0 1.0154 757.0496 185.1498 849.1542 225.5358 1.5039 1.8719 4.0621 7.9981 2.0607 30.4330 1.2693 0.0011
Car 0.0000 0 0.3345 0.0000 0.0000 1242.0000 375.0000 1.4010 1.5525 4.2527 12.6552 1.7716 2.0043 1.7254 0.0011
Car 0.0000 0 -1.5543 0.0000 0.0000 1242.0000 375.0000 1.6103 1.5345 3.9420 -10.7922 1.2546 0.0632 -3.0930 0.0011
Pedestrian 0.0000 0 -1.1668 697.1325 185.3975 718.6707 231.4606 1.7934 0.5869 0.8037 3.8761 2.3040 28.8536 -1.0355 0.0011
Car 0.0000 0 -2.1701 1088.1555 116.2914 1242.0000 195.0053 1.6905 1.5720 4.1657 13.7061 0.4761 17.6153 -1.5167 0.0011
Cyclist 0.0000 0 1.0464 1101.8062 118.9645 1170.5709 197.5136 1.8710 0.4907 1.9125 13.1493 0.5877 18.1588 1.6656 0.0010
Car 0.0000 0 -0.2339 952.8296 129.5229 1131.1052 198.2972 1.6695 1.4858 3.7248 11.0295 0.6180 18.7583 0.2908 0.0010
Car 0.0000 0 -2.1104 640.6613 183.9949 712.7748 224.9589 1.5590 1.5819 3.1896 2.6975 2.0533 30.2063 -2.0230 0.0010
Car 0.0000 0 1.0421 759.8724 183.9726 853.0827 225.0510 1.5191 1.8188 4.3155 8.0805 2.0215 30.2591 1.2999 0.0010
Car 0.0000 0 -3.7199 1034.0786 116.2327 1242.0000 187.7951 1.7351 1.6498 4.3043 13.4287 0.3626 18.4114 -3.0971 0.0010
Pedestrian 0.0000 0 -0.6922 589.3887 183.3800 605.2849 220.1241 1.7572 0.5161 0.5766 -0.6547 2.2753 35.1063 -0.7115 0.0010
Pedestrian 0.0000 0 -0.2676 749.6436 167.9820 779.0248 227.1933 2.0458 0.5080 0.9001 5.3436 1.8779 25.2090 -0.0619 0.0009
Pedestrian 0.0000 0 -0.1077 750.2103 168.7498 780.7491 228.0987 2.0479 0.4952 0.9926 5.3781 1.9067 25.1908 0.0995 0.0009
Car 0.0000 0 0.3214 691.6596 174.0427 776.0536 206.0606 1.6332 1.6650 4.1407 6.5824 1.7000 38.6354 0.4884 0.0008
Car 0.0000 0 0.2946 692.6181 174.7291 779.0906 206.3518 1.6092 1.6693 4.2592 6.6876 1.7144 38.6170 0.4643 0.0008
Car 0.0000 0 1.1023 760.5228 183.9007 845.7468 225.3679 1.5501 1.8019 4.0424 7.9620 2.0474 30.2905 1.3562 0.0008
Car 0.0000 0 1.0652 756.0515 185.4005 845.9521 225.5227 1.4954 1.8855 4.1409 7.9321 2.0657 30.5332 1.3163 0.0008
Car 0.0000 0 -1.7058 1105.0903 105.6424 1221.8516 187.3537 1.8085 1.7522 3.9613 13.6817 0.3213 18.1247 -1.0667 0.0008
Pedestrian 0.0000 0 -1.8430 717.3152 174.8346 730.7790 206.5460 1.7156 0.5881 0.5891 6.1899 1.8250 39.4000 -1.6889 0.0008
Car 0.0000 0 -1.6750 1083.1172 120.0408 1191.8243 195.8980 1.7421 1.7867 4.4346 13.6198 0.5296 18.9384 -1.0588 0.0007
Car 0.0000 0 -1.6727 1055.4100 124.0933 1152.9941 196.6662 1.6249 1.6181 3.5453 12.2170 0.5335 18.0975 -1.0863 0.0007
Car 0.0000 0 1.0957 760.7059 183.8748 844.5439 224.6225 1.5228 1.7357 4.0048 7.9368 2.0182 30.2656 1.3491 0.0007
Pedestrian 0.0000 0 2.8943 433.6139 185.4708 454.1962 231.5147 1.7014 0.7561 0.5942 -6.3517 2.1890 27.3901 2.6679 0.0007
Pedestrian 0.0000 0 2.5296 432.1130 185.8510 457.3499 232.5579 1.7225 0.7605 0.6057 -6.3097 2.2243 27.3538 2.3044 0.0007
Pedestrian 0.0000 0 -2.3425 399.5481 180.5147 449.5499 269.8756 1.7436 0.6139 0.7765 -3.8070 1.9041 14.6193 -2.5937 0.0007
Car 0.0000 0 1.1488 762.8393 184.4659 840.0219 224.5230 1.5156 1.7155 3.8262 7.9595 2.0395 30.5043 1.4009 0.0007
Cyclist 0.0000 0 -1.6996 772.3340 175.0605 790.3741 221.4442 1.7239 0.4123 2.0248 6.5804 1.8129 27.9402 -1.4713 0.0006
Cyclist 0.0000 0 1.6894 425.3802 190.5354 447.0346 236.5542 1.6448 0.6031 1.6793 -6.6119 2.3360 27.3228 1.4535 0.0006
Car 0.0000 0 0.8076 0.0000 0.0000 1242.0000 375.0000 1.4030 1.7454 4.2466 -21.7016 1.3649 1.8600 -0.6649 0.0006
Pedestrian 0.0000 0 -2.3686 425.7886 186.8493 449.9707 233.8502 1.7403 0.7026 0.5640 -6.5835 2.2813 27.4258 -2.6026 0.0006
Pedestrian 0.0000 0 -0.7408 696.2665 183.8661 722.7770 230.7871 1.8250 0.5994 0.8726 3.9291 2.2723 28.7892 -0.6074 0.0005
Pedestrian 0.0000 0 1.6320 704.0691 179.1457 724.2913 238.2029 1.9378 0.6335 0.6618 3.4447 2.1520 24.1420 1.7711 0.0005
Cyclist 0.0000 0 0.2141 414.4774 189.9994 461.4037 236.0343 1.7108 0.6789 1.6289 -6.5738 2.3715 27.4323 -0.0196 0.0005
Pedestrian 0.0000 0 -2.7669 423.9326 189.0637 445.8972 235.7847 1.7115 0.6778 0.5942 -6.6071 2.3284 27.0657 -3.0047 0.0005
Car 0.0000 0 0.9890 1088.0516 106.6893 1242.0000 196.1147 1.8684 1.7268 4.4974 13.6866 0.4863 17.3812 1.6481 0.0005
Pedestrian 0.0000 0 -1.3079 423.4839 186.8043 445.3145 232.9699 1.7038 0.6710 0.5735 -6.6351 2.2339 27.1000 -1.5463 0.0005
Cyclist 0.0000 0 -1.8078 759.1387 175.6707 783.3451 223.1140 1.7707 0.4749 1.8969 6.1978 1.8841 27.9937 -1.5929 0.0004
Pedestrian 0.0000 0 -1.7496 427.3279 186.9681 448.1587 234.2282 1.7550 0.6830 0.5484 -6.5895 2.2992 27.4114 -1.9840 0.0004
Pedestrian 0.0000 0 -1.9140 717.0134 175.0143 732.2936 207.5242 1.7464 0.6431 0.6318 6.1873 1.8652 39.1782 -1.7590 0.0004
Pedestrian 0.0000 0 -1.7408 717.9253 175.1751 731.7126 207.6537 1.7474 0.6427 0.6155 6.1954 1.8748 39.1738 -1.5857 0.0004
Pedestrian 0.0000 0 -1.1592 750.0956 166.1901 766.4575 198.8902 1.9006 0.7605 0.6141 8.6812 1.5136 42.4047 -0.9590 0.0003
Pedestrian 0.0000 0 -1.1415 749.4625 166.5283 766.2880 198.8971 1.8794 0.7783 0.6272 8.6512 1.5125 42.3741 -0.9419 0.0003
Cyclist 0.0000 0 -1.2412 443.3359 190.5847 466.5956 228.7508 1.5540 0.4517 1.7065 -6.7023 2.3392 31.0615 -1.4526 0.0002