Pedestrian 0.0000 0 3.1947 507.5670 138.3290 616.0765 304.7141 2.0426 0.5847 1.3323 -0.5814 1.5265 8.9723 3.1340 0.9045
Pedestrian 0.0000 0 -3.0723 509.0554 136.8434 611.8371 302.6971 2.0336 0.6049 1.2615 -0.5939 1.5000 8.9716 -3.1343 0.8677
Pedestrian 0.0000 0 -3.0154 499.9659 140.7927 613.3546 304.6376 2.0051 0.5647 1.3761 -0.6431 1.5209 8.9701 -3.0828 0.8252
Pedestrian 0.0000 0 3.1431 508.6115 139.2542 619.4658 306.0037 2.0414 0.5714 1.3611 -0.5663 1.5382 8.9755 3.0840 0.7863
Pedestrian 0.0000 0 3.1117 512.5508 139.7540 616.5785 304.3308 2.0095 0.5799 1.2773 -0.5678 1.5137 8.9740 3.0524 0.7469
Pedestrian 0.0000 0 3.2053 506.7661 141.8751 603.6282 301.9479 1.9632 0.5954 1.1880 -0.6617 1.4912 8.9677 3.1360 0.6680
Pedestrian 0.0000 0 0.3803 0.0000 0.0000 1224.0000 370.0000 1.9589 0.7185 0.5642 -4.4919 1.6757 0.1253 -1.0893 0.6436
Pedestrian 0.0000 0 1.1488 0.0000 0.0000 1224.0000 370.0000 2.0103 0.6943 0.5907 -4.4868 1.6916 0.1221 -0.3215 0.6323
Pedestrian 0.0000 0 3.1620 511.4995 139.1044 614.3817 304.5943 2.0321 0.6175 1.2650 -0.5775 1.5255 9.0106 3.1020 0.5223
Cyclist 0.0000 0 1.9679 1112.0652 167.5468 1224.0000 365.1196 1.6218 0.5896 1.7955 5.4100 1.5172 6.4886 2.6407 0.4279
Car 0.0000 0 -4.2778 0.0000 0.0000 1224.0000 370.0000 1.4724 1.5954 3.5883 1.7904 1.6460 0.3270 -3.0538 0.4260
Car 0.0000 0 -0.0729 0.0000 0.0000 1224.0000 370.0000 1.4565 1.5913 3.5523 1.7374 1.6036 -0.0565 1.3469 0.4225
Pedestrian 0.0000 0 4.4825 0.0000 0.0000 1224.0000 370.0000 1.7521 0.6423 0.6891 -3.0558 1.6368 -0.0245 3.0109 0.3808
Car 0.0000 0 -0.1643 0.0000 0.0000 1224.0000 370.0000 1.4918 1.5790 3.6679 1.7456 1.5963 -0.2670 1.3756 0.3721
Pedestrian 0.0000 0 0.6726 0.0000 0.0000 1224.0000 370.0000 1.9911 0.7206 0.6640 -4.3884 1.6915 0.0957 -0.8014 0.3679
Car 0.0000 0 -4.0192 0.0000 0.0000 1224.0000 370.0000 1.5162 1.6332 3.7235 1.4147 1.6774 0.3517 -2.8920 0.3574
Car 0.0000 0 0.1429 0.0000 0.0000 1224.0000 370.0000 1.4617 1.5788 3.4853 1.5094 1.6069 -0.0740 1.5514 0.3416
Pedestrian 0.0000 0 2.4173 0.0000 0.0000 1224.0000 370.0000 1.7544 0.6247 0.6514 -3.0397 1.6286 -0.0665 0.9325 0.3412
Car 0.0000 0 0.1737 0.0000 0.0000 1224.0000 370.0000 1.4847 1.5578 3.5729 1.5394 1.6725 0.0024 1.5376 0.3303
Pedestrian 0.0000 0 0.5282 0.0000 0.0000 1224.0000 370.0000 1.9837 0.7200 0.6632 -4.3764 1.6826 0.1065 -0.9430 0.3300
Car 0.0000 0 0.1885 0.0000 0.0000 1224.0000 370.0000 1.4625 1.5966 3.8018 1.6461 1.6482 0.0411 1.5430 0.2985
Car 0.0000 0 -0.2385 0.0000 0.0000 1224.0000 370.0000 1.5101 1.5773 3.8680 1.9515 1.5718 -0.1790 1.2598 0.2717
Car 0.0000 0 -0.2275 0.0000 0.0000 1224.0000 370.0000 1.4807 1.5793 3.7267 1.9462 1.5756 -0.1525 1.2570 0.2715
Car 0.0000 0 -0.9407 0.0000 0.0000 1019.9959 370.0000 1.5015 1.5647 3.5968 1.9553 1.5828 -0.1166 0.5262 0.2507
Car 0.0000 0 -4.1367 0.0000 0.0000 1224.0000 370.0000 1.4785 1.6235 3.5271 1.5946 1.5953 0.1524 -2.8544 0.2412
Car 0.0000 0 -0.9198 0.0000 0.0000 1224.0000 370.0000 1.4653 1.5445 3.3389 1.9134 1.5775 0.1302 0.4197 0.2320
Pedestrian 0.0000 0 0.6883 0.0000 0.0000 1224.0000 370.0000 2.0140 0.6658 0.6666 -4.3537 1.7376 0.2742 -0.7446 0.2026
Pedestrian 0.0000 0 0.5663 0.0000 0.0000 1224.0000 370.0000 2.0050 0.6419 0.6411 -4.3462 1.7304 0.2426 -0.8735 0.2025
Pedestrian 0.0000 0 2.7724 0.0000 0.0000 1224.0000 370.0000 1.7799 0.7011 0.6136 -3.0595 1.6415 -0.2268 1.2348 0.1871
Car 0.0000 0 0.5278 0.0000 0.0000 1224.0000 370.0000 1.4601 1.5197 3.4953 1.4201 1.6677 0.2598 1.7106 0.1760
Car 0.0000 0 -0.0525 0.0000 0.0000 1224.0000 370.0000 1.4846 1.6083 3.7607 1.9207 1.6323 0.0602 1.3227 0.1659
Car 0.0000 0 0.4849 0.0000 0.0000 1224.0000 370.0000 1.4636 1.5924 3.5714 1.5455 1.6247 0.3698 1.6356 0.1607
Car 0.0000 0 -0.3407 0.0000 0.0000 1224.0000 370.0000 1.5720 1.4706 2.9219 -3.5095 1.6198 0.4014 -1.7061 0.1550
Cyclist 0.0000 0 2.0886 0.0000 0.0000 1224.0000 370.0000 1.9469 0.5720 1.8311 -4.2486 1.6634 -0.0534 0.5829 0.1544
Car 0.0000 0 -0.8269 0.0000 0.0000 932.0729 370.0000 1.4916 1.5950 3.7306 1.7423 1.5867 -0.1124 0.6248 0.1417
Car 0.0000 0 0.5358 0.0000 0.0000 1224.0000 370.0000 1.5163 1.6039 3.6085 1.2515 1.6871 0.0467 1.8207 0.1408
Car 0.0000 0 -1.0771 0.0000 0.0000 1224.0000 370.0000 1.4788 1.5461 3.3819 2.0604 1.6257 0.4470 0.1375 0.1391
Car 0.0000 0 0.9809 0.0000 0.0000 1224.0000 370.0000 1.4668 1.5956 3.8120 -1.4300 1.6023 -0.0594 -0.4054 0.1372
Car 0.0000 0 0.5206 197.4080 0.0000 1224.0000 370.0000 1.5330 1.6521 3.4842 -1.1999 1.6238 -0.2929 -1.0230 0.1316
Car 0.0000 0 0.2468 27.3076 0.0000 1224.0000 370.0000 1.4951 1.5962 3.7463 1.1830 1.6269 -0.1996 1.7149 0.1260
Pedestrian 0.0000 0 2.3799 0.0000 0.0000 1224.0000 370.0000 2.0263 0.7237 0.6610 -4.5255 1.6875 -0.0846 0.8634 0.1239
Pedestrian 0.0000 0 -1.5781 0.0000 0.0000 1224.0000 370.0000 1.7663 0.7080 0.6808 -3.0318 1.6473 -0.2014 -3.1071 0.1131
Car 0.0000 0 3.5806 143.7257 0.0000 1224.0000 370.0000 1.4848 1.5374 3.4053 -1.2058 1.6301 -0.2747 2.0519 0.1053
Car 0.0000 0 -1.1351 84.3881 0.0000 1224.0000 370.0000 1.4841 1.5440 3.4254 1.7637 1.6623 0.6536 -0.0686 0.0963
Car 0.0000 0 1.0354 0.0000 0.0000 1224.0000 370.0000 1.5420 1.5499 3.8657 -1.9011 1.5777 -0.2829 -0.5123 0.0951
Pedestrian 0.0000 0 1.6595 82.8479 167.4214 121.1691 260.5111 1.6994 0.5341 0.5611 -9.4830 1.4623 13.2788 1.0525 0.0863
Pedestrian 0.0000 0 1.7896 80.1424 166.4941 122.3310 260.2603 1.7101 0.5289 0.5708 -9.4796 1.4563 13.2545 1.1819 0.0849
Car 0.0000 0 -1.6975 1197.7229 156.1226 1224.0000 217.1852 1.5719 1.6934 3.9801 18.3524 0.9460 20.3161 -0.9690 0.0830
Car 0.0000 0 -4.1175 0.0000 0.0000 1224.0000 370.0000 1.5285 1.6708 3.9191 1.1876 1.6029 0.0897 -2.8799 0.0823
Pedestrian 0.0000 0 1.1322 1004.2401 214.7832 1100.1741 370.0000 1.2022 0.3881 0.5932 3.3236 1.4796 5.3679 1.6625 0.0813
Car 0.0000 0 0.0493 0.0000 169.6676 12.7048 203.5617 1.6416 1.7226 4.0569 -32.9917 1.1184 36.1888 -0.6837 0.0796
Pedestrian 0.0000 0 0.5728 0.0000 0.0000 1224.0000 370.0000 2.0313 0.7705 0.7581 -4.2918 1.7034 -0.0914 -0.9425 0.0786
Car 0.0000 0 1.3419 0.0000 0.0000 1224.0000 370.0000 1.5119 1.5755 4.1728 -1.9916 1.6099 0.2886 0.0711 0.0750
Pedestrian 0.0000 0 1.8598 272.8367 180.5121 313.5507 273.6514 1.4417 0.4366 0.6030 -5.0063 1.4436 11.2646 1.4538 0.0742
Car 0.0000 0 1.1770 0.0000 0.0000 1224.0000 370.0000 1.5127 1.5827 4.0841 -2.1326 1.6623 0.4482 -0.0450 0.0733
Car 0.0000 0 -4.0852 0.0000 0.0000 1224.0000 370.0000 1.4888 1.6355 3.6861 1.1016 1.6012 0.2355 -2.9822 0.0731
Car 0.0000 0 -2.0084 0.0000 0.0000 1224.0000 370.0000 1.4473 1.5316 3.7060 -1.0956 1.6361 0.4113 -2.9865 0.0691
Car 0.0000 0 2.8332 0.0000 0.0000 1224.0000 370.0000 1.4538 1.5324 3.6408 -1.6624 1.6655 0.3682 1.6584 0.0686
Pedestrian 0.0000 0 -0.7337 0.0000 0.0000 1224.0000 370.0000 1.9870 0.6525 0.7380 -4.8567 1.6755 0.1203 -2.2118 0.0685
Pedestrian 0.0000 0 3.3240 0.0000 0.0000 1224.0000 370.0000 1.9944 0.7183 0.8010 -4.2693 1.7182 -0.0770 1.8124 0.0681
Car 0.0000 0 0.0639 0.0000 170.0709 12.0890 203.3482 1.6053 1.6466 4.1726 -32.9926 1.1037 36.0456 -0.6711 0.0675
Car 0.0000 0 0.0337 0.0000 169.3941 11.3946 202.3857 1.5951 1.7031 3.8771 -32.8385 1.0596 36.0790 -0.6985 0.0674
Cyclist 0.0000 0 1.9703 242.9960 180.2914 319.4265 284.3226 1.5015 0.4946 1.5726 -5.0388 1.5002 10.9906 1.5530 0.0665
Car 0.0000 0 0.2191 0.0000 0.0000 1224.0000 370.0000 1.4864 1.5939 4.0033 -1.9874 1.5802 -0.1714 -1.2734 0.0664
Cyclist 0.0000 0 1.6669 0.0000 0.0000 1224.0000 370.0000 1.9160 0.5849 1.7981 -3.9980 1.7344 0.0512 0.1910 0.0629
Car 0.0000 0 3.5495 0.0000 0.0000 1224.0000 370.0000 1.4744 1.5858 4.0760 -0.3579 1.5911 0.1812 2.9360 0.0610
Car 0.0000 0 2.5550 0.0000 0.0000 1224.0000 370.0000 1.5243 1.6029 4.0831 0.2645 1.6036 0.2227 3.0088 0.0604
Pedestrian 0.0000 0 -3.3664 1118.3451 69.2821 1224.0000 370.0000 1.7745 0.6094 0.8543 1.3859 1.6610 1.2028 -2.6276 0.0604
Car 0.0000 0 -3.9239 0.0000 0.0000 1224.0000 370.0000 1.5155 1.6429 4.0677 0.5951 1.6020 0.2628 -3.1289 0.0594
Car 0.0000 0 2.3498 0.0000 0.0000 1224.0000 370.0000 1.5394 1.6414 4.0328 0.5554 1.6141 0.2287 3.1403 0.0593
Pedestrian 0.0000 0 1.0443 0.0000 0.0000 1224.0000 370.0000 2.0306 0.6190 0.6214 -4.5520 1.7116 0.3213 -0.3843 0.0571
Car 0.0000 0 -0.3009 0.0000 0.0000 1224.0000 370.0000 1.6342 1.5429 3.4837 -3.5348 1.6766 0.1629 -1.7334 0.0571
Car 0.0000 0 -1.3553 0.0000 0.0000 1224.0000 370.0000 1.4513 1.5290 3.2421 2.0118 1.6468 0.8720 -0.3191 0.0570
Car 0.0000 0 2.3092 0.0000 0.0000 1224.0000 370.0000 1.6043 1.6407 4.1790 0.4578 1.5741 0.1024 3.1332 0.0564
Car 0.0000 0 -4.0797 0.0000 0.0000 1224.0000 370.0000 1.5613 1.6503 4.1236 0.6766 1.5631 0.1357 -3.1031 0.0559
Cyclist 0.0000 0 1.9085 0.0000 0.0000 1224.0000 370.0000 1.8974 0.6307 1.8486 -3.8708 1.6840 -0.1293 0.3893 0.0550
Pedestrian 0.0000 0 -0.4208 0.0000 0.0000 1224.0000 370.0000 1.9868 0.6353 0.7118 -4.8636 1.6795 0.1557 -1.8918 0.0547
Car 0.0000 0 -1.8808 1180.2599 159.1355 1224.0000 218.6294 1.5241 1.6363 3.7310 18.0197 0.9784 20.1453 -1.1573 0.0545
Pedestrian 0.0000 0 1.2772 1010.9631 211.1310 1099.6815 370.0000 1.2475 0.3929 0.6066 3.3425 1.4965 5.3607 1.8106 0.0522
Cyclist 0.0000 0 1.9327 251.1896 179.4267 321.9511 281.0892 1.4826 0.4928 1.5186 -4.9984 1.4686 11.0769 1.5213 0.0521
Car 0.0000 0 3.8809 522.1053 0.0000 1224.0000 370.0000 1.5091 1.5990 4.0948 -1.3229 1.6254 -0.1478 2.4440 0.0520
Car 0.0000 0 -1.3319 0.0000 0.0000 1224.0000 370.0000 1.4394 1.5734 3.2796 2.0987 1.6213 0.8997 -0.2871 0.0519
Car 0.0000 0 2.3269 0.0000 0.0000 1224.0000 370.0000 1.5437 1.6732 4.2061 0.6377 1.6996 0.3344 3.0982 0.0516
Car 0.0000 0 -0.1692 1.9761 0.0000 1224.0000 370.0000 1.5109 1.6546 3.8374 -1.8579 1.5913 0.4671 -1.3357 0.0514
Pedestrian 0.0000 0 1.9888 268.0198 179.5389 314.6834 274.1227 1.4596 0.4457 0.6595 -5.0226 1.4465 11.2384 1.5808 0.0514
Cyclist 0.0000 0 0.1982 0.0000 0.0000 1224.0000 370.0000 1.6725 0.5390 1.9239 -1.1299 1.5660 -0.0112 -1.1006 0.0504
Car 0.0000 0 -2.0236 1152.5343 156.7122 1224.0000 217.3392 1.5793 1.6535 4.1172 17.9182 0.9612 20.6145 -1.3141 0.0494
Car 0.0000 0 3.1583 140.8331 0.0000 1224.0000 370.0000 1.4361 1.5867 3.5438 -1.1626 1.6471 0.0399 1.8922 0.0494
Car 0.0000 0 2.7469 0.0000 0.0000 1224.0000 370.0000 1.4180 1.5142 3.5319 -1.4916 1.6530 0.1638 1.4935 0.0492
Pedestrian 0.0000 0 0.7401 865.3663 162.1633 911.8333 264.6757 1.6551 0.4810 0.5317 4.6677 1.3607 11.7555 1.1107 0.0490
Car 0.0000 0 1.1243 0.0000 0.0000 1224.0000 370.0000 1.5345 1.5964 4.0507 -2.2034 1.6470 0.5292 -0.0755 0.0489
Car 0.0000 0 1.1594 0.0000 0.0000 1224.0000 370.0000 1.5018 1.5695 4.0073 -1.5568 1.6684 0.4961 0.0748 0.0478
Car 0.0000 0 -2.4645 0.0000 0.0000 1216.7841 370.0000 1.4878 1.5582 3.6698 1.2330 1.6646 0.6225 -1.5465 0.0474
Car 0.0000 0 0.0677 0.0000 169.9802 9.9135 202.3326 1.5566 1.6541 4.0672 -32.9411 1.0519 35.9235 -0.6682 0.0470
Car 0.0000 0 0.0283 0.0000 169.6379 15.9634 203.4399 1.6356 1.7279 4.2663 -33.0011 1.1115 36.2476 -0.7041 0.0466
Pedestrian 0.0000 0 0.6338 866.7720 163.3784 912.1661 264.5142 1.6343 0.4711 0.5247 4.6886 1.3593 11.7685 1.0055 0.0458
Car 0.0000 0 -1.5414 1209.6052 156.1107 1224.0000 218.2526 1.5986 1.6998 4.2442 18.6078 0.9728 20.3033 -0.8057 0.0455
Car 0.0000 0 -1.8615 1174.9735 156.2216 1224.0000 216.7926 1.5765 1.6435 4.0571 18.2343 0.9462 20.5839 -1.1425 0.0453
Car 0.0000 0 -1.8027 1179.4956 156.1129 1224.0000 216.4877 1.5706 1.6546 4.0759 18.2459 0.9378 20.5760 -1.0833 0.0450
Pedestrian 0.0000 0 -3.0724 971.6479 175.5624 1013.6354 272.3286 1.5250 0.4109 0.5750 6.2430 1.4488 11.4640 -2.5836 0.0444
Car 0.0000 0 2.8152 0.0000 0.0000 1224.0000 370.0000 1.5242 1.6040 4.0019 0.2012 1.6882 0.3569 3.1042 0.0441
Car 0.0000 0 2.8637 0.0000 0.0000 1224.0000 370.0000 1.5132 1.5823 3.9233 0.0968 1.6873 0.4092 2.9965 0.0438
Pedestrian 0.0000 0 0.8744 885.0264 163.7822 933.7973 266.8301 1.6602 0.4881 0.5725 5.0012 1.3925 11.7323 1.2693 0.0437
Car 0.0000 0 -0.0436 0.0000 170.6874 10.8788 203.9237 1.6039 1.6306 3.6446 -32.6990 1.1318 35.9730 -0.7752 0.0434
Car 0.0000 0 0.0444 0.0000 169.1670 12.9753 202.0576 1.5914 1.6873 4.0102 -32.8931 1.0445 36.1306 -0.6879 0.0433
Car 0.0000 0 0.0331 0.0000 168.6624 16.1316 202.0150 1.6154 1.6985 4.1200 -32.8620 1.0435 36.2139 -0.6977 0.0423
Car 0.0000 0 0.8248 841.7863 0.0000 1224.0000 370.0000 1.5530 1.6249 3.9580 -0.9577 1.6433 -0.0366 -0.4532 0.0419
Car 0.0000 0 2.4002 0.0000 0.0000 1224.0000 370.0000 1.6011 1.6167 4.0385 0.2967 1.5524 0.0671 3.0533 0.0404
Car 0.0000 0 0.0176 0.0000 170.2752 19.8362 201.4201 1.5122 1.7113 3.9956 -32.6507 1.0172 36.2749 -0.7091 0.0401
Pedestrian 0.0000 0 0.9119 884.4375 165.2423 933.0894 266.7552 1.6410 0.5004 0.5656 5.0035 1.3960 11.7630 1.3061 0.0394
Car 0.0000 0 3.3691 0.0000 0.0000 1224.0000 370.0000 1.5624 1.6476 3.8059 -0.1413 1.5960 -0.0578 2.8858 0.0393
Cyclist 0.0000 0 -1.4679 0.0000 171.9589 5.8623 254.9470 1.5993 0.3550 1.5455 -12.5453 1.4364 14.3585 -2.1733 0.0388
Car 0.0000 0 -0.8599 47.3396 0.0000 1224.0000 370.0000 1.5138 1.5861 3.7994 0.9197 1.7050 0.6367 -0.0945 0.0386
Car 0.0000 0 0.0734 0.0000 170.0485 9.9416 203.5390 1.6108 1.6845 4.2169 -33.0761 1.1095 35.9639 -0.6640 0.0385
Car 0.0000 0 3.2025 0.0000 170.1732 12.4787 202.0506 1.5396 1.6683 4.0028 -32.8570 1.0423 36.0416 2.4695 0.0376
Car 0.0000 0 -1.9475 1159.9481 156.9635 1224.0000 217.3739 1.5690 1.6865 4.0309 17.9389 0.9593 20.5395 -1.2356 0.0375
Car 0.0000 0 3.9296 619.0419 0.0000 1224.0000 370.0000 1.4369 1.5766 3.9071 -1.3653 1.6198 0.0745 2.6443 0.0369
Car 0.0000 0 4.0395 369.5806 0.0000 1224.0000 370.0000 1.4960 1.5865 4.0948 -1.6922 1.6462 -0.3242 2.4700 0.0366
Cyclist 0.0000 0 -0.0452 0.0000 0.0000 1224.0000 370.0000 1.6457 0.4819 1.8386 -1.3990 1.6559 0.2937 -1.1988 0.0361
Pedestrian 0.0000 0 1.2246 0.0000 0.0000 1224.0000 370.0000 2.0144 0.6045 0.6965 -4.5324 1.7171 0.3391 -0.1995 0.0351
Cyclist 0.0000 0 -1.5111 0.0000 170.2893 13.0874 255.7869 1.6424 0.3676 1.6285 -12.3518 1.4479 14.3408 -2.2094 0.0350
Car 0.0000 0 3.2477 0.0000 171.1212 13.7907 203.5253 1.5661 1.6913 4.2665 -33.0534 1.1142 36.1049 2.5126 0.0343
Pedestrian 0.0000 0 0.7281 967.0779 173.9026 1017.4172 272.0149 1.5419 0.4237 0.5790 6.2223 1.4399 11.4520 1.2159 0.0340
Car 0.0000 0 0.0210 351.3147 0.0000 1224.0000 370.0000 1.5367 1.6704 3.4744 -0.7536 1.6368 0.0161 -1.1245 0.0338
Car 0.0000 0 3.2600 0.0000 170.8247 11.4130 203.3250 1.5725 1.6601 4.3190 -33.2476 1.1058 36.1346 2.5224 0.0329
Cyclist 0.0000 0 1.6756 0.0000 0.0000 1224.0000 370.0000 1.9133 0.5166 1.7481 -4.3289 1.6552 0.0548 0.1935 0.0328
Car 0.0000 0 3.2311 0.0000 170.5170 19.3907 203.3883 1.5944 1.7473 4.6052 -33.1786 1.1116 36.3701 2.4977 0.0326
Car 0.0000 0 3.0447 0.0000 0.0000 1224.0000 370.0000 1.4845 1.5486 3.9505 -0.0401 1.6765 0.3676 2.9885 0.0321
Car 0.0000 0 3.1968 0.0000 171.6987 14.0849 203.4530 1.5338 1.6716 4.2761 -33.0246 1.1102 36.1411 2.4626 0.0313
Car 0.0000 0 0.2573 0.0000 170.9661 7.4922 203.4182 1.5666 1.6142 3.7362 -32.8082 1.1078 35.7053 -0.4796 0.0312
Car 0.0000 0 0.4406 352.7130 0.0000 1224.0000 370.0000 1.4842 1.6516 3.9687 0.8070 1.6273 -0.2862 1.9667 0.0305
Car 0.0000 0 0.2757 0.0000 0.0000 1224.0000 370.0000 1.6039 1.6804 4.1850 -2.2350 1.5689 -0.1623 -1.2212 0.0305
Car 0.0000 0 3.2827 0.0000 170.3310 14.2412 203.1152 1.5807 1.6814 4.4672 -33.1300 1.0919 36.0364 2.5455 0.0301
Car 0.0000 0 1.4772 1211.7167 155.2850 1224.0000 216.7148 1.5474 1.6124 3.1716 17.9528 0.9138 19.5576 2.2134 0.0301
Car 0.0000 0 -2.1937 0.0000 0.0000 1121.1200 370.0000 1.5435 1.7270 3.8880 0.9224 1.7230 0.8038 -1.5065 0.0299
Car 0.0000 0 0.0692 0.0000 169.8478 17.0668 202.1594 1.5669 1.6488 4.1640 -32.8670 1.0518 36.2118 -0.6616 0.0294
Car 0.0000 0 -0.1721 0.0000 170.2537 18.6696 202.8177 1.5627 1.7126 3.9589 -32.6252 1.0725 36.0102 -0.9020 0.0291
Pedestrian 0.0000 0 0.9998 894.5095 166.3425 944.3879 267.8278 1.5952 0.4933 0.5909 5.0358 1.3743 11.4406 1.4060 0.0286
Cyclist 0.0000 0 1.7746 238.4424 178.1086 297.0089 283.4441 1.5274 0.4901 1.6549 -5.3119 1.4944 11.1089 1.3414 0.0286
Cyclist 0.0000 0 2.1872 0.0000 0.0000 1224.0000 370.0000 1.9490 0.5393 1.8026 -4.3012 1.6745 -0.0483 0.6818 0.0285
Car 0.0000 0 -1.8630 1170.9014 157.3739 1224.0000 218.7364 1.5765 1.6914 4.0559 17.9591 0.9840 20.3569 -1.1463 0.0282
Car 0.0000 0 3.2486 0.0000 170.5384 22.5667 203.4122 1.5974 1.7422 4.7189 -33.1546 1.1148 36.4399 2.5165 0.0280
Cyclist 0.0000 0 2.1655 0.0000 0.0000 1224.0000 370.0000 1.9449 0.4959 1.6715 -4.3235 1.6882 0.0239 0.6764 0.0276
Car 0.0000 0 -1.9074 0.0000 174.0343 32.0799 208.8593 1.4578 1.6499 4.1757 -27.3820 1.1886 31.3503 -2.6185 0.0275
Car 0.0000 0 -1.7309 1195.9647 156.1397 1224.0000 217.4936 1.5932 1.6631 4.0230 18.5149 0.9622 20.4981 -1.0024 0.0266
Pedestrian 0.0000 0 0.9231 893.8838 164.7944 946.1948 268.9315 1.6282 0.4853 0.6324 5.0336 1.3843 11.4152 1.3299 0.0266
Car 0.0000 0 -0.4020 280.4621 0.0000 1224.0000 370.0000 1.4711 1.6400 3.4474 -0.7282 1.6904 0.2630 -1.2934 0.0263
Car 0.0000 0 -1.6956 1206.5789 155.4723 1224.0000 216.8222 1.5748 1.7152 3.9848 18.5841 0.9340 20.2684 -0.9597 0.0263
Car 0.0000 0 -1.8351 0.0000 175.1496 34.0093 210.2793 1.4795 1.6219 4.0928 -27.2952 1.2557 31.5993 -2.5408 0.0258
Cyclist 0.0000 0 2.4727 0.0000 0.0000 1224.0000 370.0000 1.9661 0.4987 1.7400 -4.3266 1.7327 0.1547 1.0135 0.0256
Car 0.0000 0 -0.0527 0.0000 172.3345 10.5145 207.1061 1.6809 1.7158 3.8143 -32.9752 1.2876 36.1307 -0.7863 0.0256
Car 0.0000 0 -0.1544 0.0000 170.0103 16.4202 201.9742 1.5390 1.6992 3.7780 -32.6387 1.0354 36.0381 -0.8841 0.0255
Car 0.0000 0 -1.4510 1211.3362 156.9417 1224.0000 218.8782 1.5921 1.7015 4.2670 18.8351 0.9881 20.2022 -0.7068 0.0254
Car 0.0000 0 -1.4108 0.0000 169.8082 21.6495 200.8308 1.5714 1.6595 4.0675 -32.7879 1.0312 37.9778 -2.1170 0.0251
Cyclist 0.0000 0 1.8076 264.0840 168.9570 325.5364 277.3512 1.6205 0.5128 1.6950 -5.0300 1.4496 11.4436 1.4055 0.0248
Car 0.0000 0 -1.6981 1200.7567 156.2724 1224.0000 217.4920 1.5878 1.6692 3.9970 18.5455 0.9610 20.4521 -0.9677 0.0243
Car 0.0000 0 -1.7421 0.0000 175.2839 33.4880 210.5146 1.4817 1.6105 4.1181 -27.1487 1.2638 31.6703 -2.4440 0.0240
Car 0.0000 0 0.8339 248.3947 0.0000 1224.0000 370.0000 1.4831 1.6652 3.7727 0.8528 1.6925 0.0943 1.9509 0.0234
Car 0.0000 0 -1.3279 1223.3396 155.2113 1224.0000 217.8402 1.5978 1.7264 3.9741 19.1541 0.9542 19.8276 -0.5662 0.0233
Car 0.0000 0 0.0130 0.0000 170.0299 17.0948 202.1382 1.5529 1.7405 4.1335 -32.8347 1.0479 36.2049 -0.7174 0.0226
Car 0.0000 0 -1.9018 0.0000 174.9278 33.5317 209.0232 1.4303 1.6229 3.8651 -27.2007 1.1980 31.3348 -2.6098 0.0226
Car 0.0000 0 1.6281 0.0000 0.0000 1224.0000 370.0000 1.5416 1.5221 3.4706 -15.8666 1.4419 0.2935 0.0978 0.0225
Car 0.0000 0 -1.8112 0.0000 173.5111 36.3264 208.3287 1.4651 1.6608 4.1720 -27.2076 1.1725 31.6436 -2.5146 0.0223
Car 0.0000 0 0.1440 0.0000 170.4557 11.9440 201.6525 1.5044 1.7376 3.9074 -32.7847 1.0215 35.8995 -0.5898 0.0223
Car 0.0000 0 2.6127 0.0000 0.0000 1224.0000 370.0000 1.5282 1.5866 3.9602 0.1884 1.6192 0.1468 2.9966 0.0222
Car 0.0000 0 -1.6060 1223.9535 157.2274 1224.0000 216.4550 1.5181 1.6845 3.6493 18.6710 0.9232 20.0513 -0.8626 0.0219
Car 0.0000 0 2.6616 0.0000 0.0000 1224.0000 370.0000 1.5275 1.5795 3.9444 0.3831 1.7037 0.5551 3.0741 0.0216
Car 0.0000 0 -2.1231 0.0000 170.7743 32.5578 201.2223 1.5631 1.7039 4.2595 -33.0009 1.0652 37.7460 -2.8355 0.0212
Car 0.0000 0 -1.8598 0.0000 174.6899 30.9992 209.0287 1.4406 1.5995 3.8181 -27.2287 1.1983 31.3650 -2.5679 0.0209
Car 0.0000 0 -1.3604 1207.0426 157.7346 1224.0000 217.7069 1.5429 1.6904 3.9311 18.7226 0.9588 20.0087 -0.6145 0.0209
Car 0.0000 0 -1.4443 1209.8961 156.5377 1224.0000 220.4910 1.6546 1.7211 4.1844 18.8947 1.0363 20.2952 -0.7008 0.0209
Car 0.0000 0 -1.7011 579.9032 162.4639 610.1150 186.8829 1.7432 1.7106 4.2782 -0.7795 0.4569 52.7077 -1.7140 0.0207
Car 0.0000 0 3.4593 0.0000 170.9152 21.5471 203.6431 1.6124 1.7070 4.5284 -33.2796 1.1416 36.5235 2.7265 0.0204
Cyclist 0.0000 0 -1.5975 0.0000 166.4688 2.0389 255.6286 1.7108 0.3786 1.5472 -12.4864 1.4432 14.2635 -2.3037 0.0204
Cyclist 0.0000 0 -1.3231 62.9691 167.4718 119.4076 265.3762 1.6796 0.4257 1.6648 -9.4444 1.4578 12.9782 -1.9387 0.0202
Car 0.0000 0 -2.0223 1213.5608 158.3135 1224.0000 217.7809 1.4943 1.5950 3.1315 18.5360 0.9384 19.4938 -1.2686 0.0201
Car 0.0000 0 2.9011 0.0000 0.0000 1224.0000 370.0000 1.4935 1.5565 3.8682 0.0473 1.6915 0.3936 2.9684 0.0201
Car 0.0000 0 -1.9010 0.0000 174.4449 31.3687 208.6721 1.4369 1.5995 3.8003 -27.2633 1.1841 31.3291 -2.6103 0.0200
Car 0.0000 0 -1.6261 587.0594 162.2264 613.2809 186.7971 1.7557 1.7234 4.2050 -0.3898 0.4512 52.6669 -1.6317 0.0198
Cyclist 0.0000 0 -1.4963 0.0000 170.8018 18.7272 253.5223 1.6098 0.3667 1.5552 -12.3743 1.4227 14.4943 -2.1903 0.0195
Car 0.0000 0 -1.6182 582.4819 161.8775 608.0319 186.8437 1.7846 1.7024 4.3502 -0.7573 0.4547 52.7581 -1.6307 0.0190
Car 0.0000 0 -1.7960 0.0000 171.7432 33.0070 208.0510 1.5258 1.6839 4.4496 -27.4384 1.1593 31.7104 -2.5025 0.0190
Car 0.0000 0 -2.1008 0.0000 175.5447 32.8197 209.4735 1.4197 1.6278 3.7984 -27.2698 1.2138 30.9589 -2.8160 0.0190
Car 0.0000 0 0.1081 0.0000 169.7180 21.4807 201.8541 1.5707 1.7135 4.1401 -32.8543 1.0452 36.4524 -0.6192 0.0188
Cyclist 0.0000 0 -0.0998 163.3691 0.0000 1224.0000 370.0000 1.6466 0.4516 1.7983 -1.0994 1.6983 0.4061 -1.0834 0.0188
Car 0.0000 0 -2.3646 0.0000 171.5404 30.9568 201.6469 1.5515 1.7016 4.1235 -33.0801 1.0912 37.4016 -3.0827 0.0188
Cyclist 0.0000 0 -1.4404 0.0000 168.9095 1.9076 254.3878 1.6381 0.3740 1.5716 -12.6208 1.4176 14.3047 -2.1505 0.0187
Car 0.0000 0 3.6511 0.0000 172.3963 29.0435 203.0942 1.5490 1.7518 4.4038 -33.1991 1.1415 37.0002 2.9259 0.0186
Car 0.0000 0 -1.4717 590.0042 159.4843 619.2336 184.6070 1.7917 1.7569 4.2606 0.0215 0.2942 52.6295 -1.4694 0.0186
Car 0.0000 0 -0.2219 0.0000 169.3278 16.5661 202.1020 1.5689 1.6324 3.8322 -32.5554 1.0355 35.8760 -0.9525 0.0185
Car 0.0000 0 3.7149 0.0000 171.5188 24.1204 202.9155 1.5855 1.7568 4.4288 -33.3875 1.1334 36.9129 2.9857 0.0183
Car 0.0000 0 -2.4186 0.0000 171.5530 33.9012 201.9053 1.5672 1.7408 4.4259 -33.1211 1.1067 37.3816 -3.1377 0.0183
Car 0.0000 0 -2.1022 0.0000 175.3088 33.8126 209.4166 1.4300 1.6053 3.7139 -27.2128 1.2139 30.9939 -2.8159 0.0180
Car 0.0000 0 -2.1047 0.0000 175.3003 35.4259 209.7469 1.4466 1.5961 3.6193 -27.1276 1.2297 31.0225 -2.8163 0.0178
Car 0.0000 0 2.0575 0.0000 0.0000 1224.0000 370.0000 1.5301 1.6396 3.4081 -16.1253 1.3797 0.3748 0.5317 0.0174
Car 0.0000 0 -2.0544 0.0000 169.8041 32.6788 200.2824 1.5623 1.7037 4.1317 -32.8637 1.0154 37.7901 -2.7642 0.0170
Car 0.0000 0 0.0379 0.0000 170.4269 18.3759 202.3156 1.5547 1.7276 3.8760 -32.7086 1.0650 36.3646 -0.6885 0.0169
Car 0.0000 0 -1.7923 572.6528 162.1843 608.0317 187.2109 1.7823 1.7236 4.3372 -1.1314 0.4792 52.6592 -1.8118 0.0168
Car 0.0000 0 1.6234 0.0000 0.0000 1224.0000 370.0000 1.5163 1.5540 3.2774 -15.8984 1.4271 0.3088 0.0941 0.0167
Car 0.0000 0 -1.9750 0.0000 170.0836 33.3607 200.6809 1.5660 1.6740 4.0763 -32.6791 1.0343 37.8376 -2.6814 0.0163
Car 0.0000 0 -2.1428 0.0000 175.2077 33.3177 209.1921 1.4221 1.6466 4.1454 -27.4416 1.2021 30.9466 -2.8614 0.0160
Car 0.0000 0 -1.2960 0.0000 170.1610 34.4977 201.1452 1.5789 1.6268 3.9186 -32.4378 1.0535 38.1461 -1.9947 0.0160
Pedestrian 0.0000 0 1.7543 0.0000 171.1196 15.4976 256.3166 1.6596 0.5642 0.5740 -12.2767 1.4785 14.1574 1.0528 0.0158
Car 0.0000 0 -1.3651 1213.4019 155.7104 1224.0000 218.4117 1.6143 1.7202 4.1093 19.0147 0.9777 20.0849 -0.6133 0.0156
Cyclist 0.0000 0 0.8803 939.6852 165.9650 1035.7828 276.6720 1.6950 0.4407 1.6295 6.2197 1.4741 11.6629 1.3606 0.0156
Car 0.0000 0 -1.8571 1219.8250 155.4595 1224.0000 220.7212 1.6423 1.7450 4.2095 19.2125 1.0137 20.0590 -1.0995 0.0155
Car 0.0000 0 -0.1400 0.0000 169.5991 21.0216 203.4137 1.6334 1.7486 4.4372 -33.1237 1.1083 36.4107 -0.8720 0.0153
Car 0.0000 0 1.8088 0.0000 0.0000 1224.0000 370.0000 1.5611 1.5671 3.3811 -15.9995 1.4452 0.2637 0.2764 0.0153
Car 0.0000 0 -1.3292 1208.9650 156.3941 1224.0000 216.7877 1.5584 1.6795 3.9002 18.8409 0.9380 20.0109 -0.5802 0.0153
Car 0.0000 0 -1.2938 0.0000 172.1479 36.8686 203.4469 1.5969 1.6271 4.0232 -32.4025 1.1722 38.2389 -1.9909 0.0149
Car 0.0000 0 -0.9307 0.0000 171.5007 73.4251 203.2779 1.6374 1.6657 4.1873 -31.3459 1.1751 38.5507 -1.6075 0.0148
Car 0.0000 0 3.6540 0.0000 171.6383 28.6184 202.3626 1.5518 1.7298 4.2048 -33.0934 1.1056 36.9919 2.9302 0.0147
Car 0.0000 0 -0.4428 0.0000 169.7578 14.8573 203.7621 1.6037 1.6590 4.0101 -32.4699 1.0985 35.5097 -1.1773 0.0147
Car 0.0000 0 -1.6341 1215.9398 155.0060 1224.0000 218.8407 1.6296 1.7034 4.2349 18.6802 0.9804 20.2300 -0.8947 0.0146
Pedestrian 0.0000 0 1.6753 72.2356 166.1077 113.8326 260.9315 1.6923 0.5590 0.5615 -9.4453 1.4370 12.9947 1.0602 0.0145
Car 0.0000 0 -1.4728 591.1490 161.6952 619.7375 184.9563 1.6562 1.7116 4.2391 0.0816 0.3186 52.5311 -1.4694 0.0142
Car 0.0000 0 -1.5346 1212.7394 155.9613 1224.0000 219.3636 1.6381 1.7011 4.3519 18.8193 1.0057 20.4122 -0.7960 0.0140
Car 0.0000 0 3.3931 0.0000 171.6024 6.9374 203.2894 1.5312 1.5874 3.5970 -32.7399 1.1027 35.7024 2.6572 0.0138
Car 0.0000 0 2.8953 0.0000 0.0000 1224.0000 370.0000 1.5113 1.6278 3.9870 0.0549 1.6111 0.2199 2.9990 0.0138
Cyclist 0.0000 0 -2.3100 844.9953 165.2102 936.4247 270.0348 1.6199 0.3581 1.6793 4.6661 1.3853 11.7690 -1.9400 0.0138
Car 0.0000 0 -1.6595 586.9807 164.7256 614.3730 187.6164 1.6341 1.6816 4.0903 -0.3516 0.5093 52.5847 -1.6643 0.0137
Car 0.0000 0 -0.3082 580.7675 163.9945 639.7231 185.7706 1.5577 1.6676 4.0165 0.3840 0.3783 51.9608 -0.2990 0.0137
Car 0.0000 0 -1.6776 580.7943 164.4891 609.4707 187.7648 1.6605 1.6960 4.2028 -0.7668 0.5196 52.6246 -1.6903 0.0137
Car 0.0000 0 -1.1814 0.0000 169.4639 48.0530 201.0740 1.6134 1.6663 4.0314 -32.0536 1.0516 38.2566 -1.8729 0.0136
Car 0.0000 0 -1.8087 572.5197 164.0719 608.0636 187.5783 1.6718 1.6941 4.2186 -1.1310 0.5047 52.5353 -1.8283 0.0135
Car 0.0000 0 1.7571 0.0000 0.0000 1224.0000 370.0000 1.5012 1.5681 3.2224 -15.8556 1.4465 0.2373 0.2233 0.0134
Car 0.0000 0 -1.1321 0.0000 171.3328 52.7094 203.1005 1.6295 1.6438 4.1096 -32.0526 1.1607 38.4572 -1.8211 0.0132
Car 0.0000 0 -2.3502 0.0000 169.8036 33.9902 200.1858 1.5641 1.7278 4.1471 -32.9304 1.0148 37.4115 -3.0660 0.0129
Car 0.0000 0 -2.7523 0.0000 0.0000 1224.0000 370.0000 1.5131 1.5625 3.6143 19.4717 0.5666 1.0775 -1.2520 0.0129
Car 0.0000 0 -0.3028 584.5856 160.4541 649.1740 183.1846 1.6247 1.7483 4.4294 0.8708 0.1932 51.9914 -0.2843 0.0128
Pedestrian 0.0000 0 1.7891 70.6280 163.1762 115.0208 259.4426 1.7182 0.5452 0.5719 -9.4410 1.4107 12.9839 1.1739 0.0127
Car 0.0000 0 -0.2763 583.3969 163.0471 643.7344 185.3991 1.6004 1.6938 4.1301 0.6247 0.3521 51.9742 -0.2625 0.0126
Car 0.0000 0 -1.6573 0.0000 172.9455 25.5477 208.9520 1.5085 1.6287 3.9560 -27.2247 1.1935 31.5862 -2.3619 0.0126
Car 0.0000 0 2.1503 0.0000 171.6305 17.8239 203.1204 1.4871 1.6697 3.7798 -31.6016 1.0697 35.3741 1.4275 0.0125
Car 0.0000 0 2.6135 0.0000 0.0000 1224.0000 370.0000 1.5678 1.5765 3.8452 0.1242 1.5684 -0.0272 3.0155 0.0123
Cyclist 0.0000 0 -0.8701 29.3505 165.9793 127.8155 264.6665 1.6542 0.4125 1.6932 -9.4500 1.4124 12.7061 -1.4958 0.0123
Car 0.0000 0 -1.0119 0.0000 171.0619 63.9868 203.1792 1.6511 1.6557 4.1897 -31.7204 1.1673 38.5246 -1.6949 0.0122
Car 0.0000 0 3.0321 585.4429 165.0224 640.3816 186.8347 1.5615 1.6869 3.8512 0.5592 0.4548 51.6376 3.0447 0.0121
Car 0.0000 0 -3.1537 0.0000 0.0000 1224.0000 370.0000 1.4371 1.6613 3.4345 9.5234 1.5317 -0.1947 -1.5949 0.0121
Car 0.0000 0 -0.0750 587.1721 160.8534 646.0767 183.5649 1.6283 1.7118 4.1872 0.8255 0.2210 51.6615 -0.0572 0.0120
Pedestrian 0.0000 0 1.7629 244.8517 178.7528 285.0639 277.9348 1.4928 0.4460 0.6367 -5.3285 1.4682 11.0000 1.3249 0.0120
Car 0.0000 0 -0.3613 0.0000 170.3555 15.6708 203.5138 1.5732 1.6186 3.8919 -32.4678 1.0934 35.6419 -1.0939 0.0119
Car 0.0000 0 2.0358 0.0000 169.1152 34.2171 200.9388 1.5804 1.7665 3.8147 -32.0893 1.0165 37.1720 1.3297 0.0118
Car 0.0000 0 -1.8632 571.2161 164.2827 609.3029 187.8476 1.6757 1.7135 4.1156 -1.1324 0.5238 52.4937 -1.8828 0.0116
Car 0.0000 0 -1.8173 744.6326 153.3127 779.5644 178.8587 2.0138 1.8066 4.3007 12.8922 -0.1389 58.1865 -1.5986 0.0116
Car 0.0000 0 -2.0907 1139.6385 159.2614 1224.0000 219.5987 1.5697 1.7577 3.9101 17.5365 1.0188 20.4718 -1.3885 0.0113
Car 0.0000 0 1.7835 509.8240 173.3042 568.5696 210.8124 1.4492 1.6301 3.9040 -2.6781 1.1727 29.3510 1.6953 0.0112
Car 0.0000 0 1.7969 508.2456 173.9410 569.2470 211.6913 1.4358 1.6354 3.9330 -2.6567 1.1879 28.9478 1.7082 0.0112
Car 0.0000 0 3.6899 0.0000 175.5937 34.8623 210.1750 1.4350 1.6571 4.2380 -27.5381 1.2329 30.5268 2.9629 0.0112
Car 0.0000 0 -1.0524 0.0000 0.0000 1224.0000 370.0000 1.4974 1.6461 3.3174 -16.0870 1.4046 0.4584 -2.5729 0.0112
Car 0.0000 0 -1.2239 1209.8484 154.5495 1224.0000 219.3369 1.6551 1.7432 4.3072 19.0668 0.9938 19.8010 -0.4638 0.0108
Car 0.0000 0 0.4037 0.0000 172.1423 30.8030 201.9396 1.4945 1.7051 3.9053 -32.7024 1.0767 36.8742 -0.3157 0.0108
Car 0.0000 0 -2.1721 1145.7999 161.0534 1224.0000 220.3085 1.5374 1.7130 3.8212 17.6917 1.0344 20.3320 -1.4622 0.0108
Pedestrian 0.0000 0 1.6983 243.5274 177.2389 283.6908 278.1306 1.5116 0.4749 0.6735 -5.3397 1.4644 10.9815 1.2588 0.0108
Car 0.0000 0 -1.8277 1181.9094 166.6067 1224.0000 223.5878 1.4436 1.6828 3.6185 17.7775 1.0932 19.9023 -1.1050 0.0107
Car 0.0000 0 -1.7609 578.9282 165.5262 611.8002 188.4937 1.6363 1.7058 4.0575 -0.7503 0.5708 52.5260 -1.7733 0.0107
Car 0.0000 0 3.5817 0.0000 170.1904 31.1667 201.1287 1.5567 1.7317 4.0978 -32.8837 1.0394 36.9699 2.8608 0.0107
Cyclist 0.0000 0 0.6824 0.0000 173.5035 24.1269 213.6168 1.7157 0.6721 1.8642 -26.3749 1.4179 30.5926 -0.0223 0.0104
Car 0.0000 0 -2.4964 0.0000 0.0000 1224.0000 370.0000 1.5344 1.6876 4.0407 17.5570 0.5488 1.7616 -1.0424 0.0103
Car 0.0000 0 -1.8396 744.7703 152.5034 780.7781 179.0719 2.1080 1.8311 4.2865 13.0209 -0.1214 58.5162 -1.6200 0.0102
Car 0.0000 0 2.3215 0.0000 185.5997 114.6701 241.5736 1.4889 1.5471 3.4495 -16.6054 1.6542 20.9141 1.6595 0.0102
Car 0.0000 0 -1.6052 0.0000 173.2754 19.6774 209.4753 1.5078 1.6500 3.8647 -27.2375 1.2084 31.4277 -2.3125 0.0102
Car 0.0000 0 -2.1681 490.2107 0.0000 1224.0000 370.0000 1.5577 1.7591 3.7250 0.4265 1.5605 -0.1086 -1.0619 0.0102
Car 0.0000 0 -0.9256 0.0000 0.0000 1224.0000 370.0000 1.5659 1.7435 4.1382 20.4921 0.5533 1.4765 0.5589 0.0101
Cyclist 0.0000 0 0.7405 0.0000 0.0000 1224.0000 370.0000 1.6774 0.5339 1.9074 1.0849 1.7091 0.3516 1.7563 0.0101
Car 0.0000 0 0.4792 0.0000 176.2194 35.9695 210.9289 1.4395 1.6401 3.7947 -27.2775 1.2634 30.5695 -0.2424 0.0101
Car 0.0000 0 -1.3281 0.0000 169.3179 28.5806 200.5079 1.5794 1.6235 3.9338 -32.5121 1.0146 37.9211 -2.0309 0.0099
Car 0.0000 0 3.0473 583.8392 166.9429 641.4170 188.2749 1.5268 1.7192 4.0604 0.5355 0.5578 51.6260 3.0594 0.0099
Car 0.0000 0 0.2751 0.0000 172.3578 33.0795 201.8278 1.4666 1.6872 4.1071 -32.6244 1.0628 36.8261 -0.4438 0.0098
Car 0.0000 0 0.4076 0.0000 177.4812 43.2821 212.9521 1.4694 1.6448 3.6215 -26.8802 1.3458 30.6148 -0.3060 0.0098
Car 0.0000 0 1.8638 696.1352 165.8799 761.5363 205.4061 1.4676 1.5370 3.8338 4.9979 0.9263 28.3060 2.0385 0.0097
Car 0.0000 0 -2.7417 0.0000 0.0000 1224.0000 370.0000 1.5226 1.6695 3.9190 19.3196 0.6024 1.1834 -1.2474 0.0097
Car 0.0000 0 2.0068 0.0000 172.7071 49.8602 203.5592 1.5794 1.5870 3.9334 -32.0029 1.1819 38.2940 1.3165 0.0097
Car 0.0000 0 0.8628 0.0000 0.0000 1224.0000 370.0000 1.5734 1.6576 4.1110 17.9278 0.6605 1.9042 2.3113 0.0097
Car 0.0000 0 -2.6367 0.0000 0.0000 1224.0000 370.0000 1.6080 1.6357 3.7767 19.0502 0.4567 0.6252 -1.1144 0.0096
Car 0.0000 0 -1.2774 1210.5651 154.1643 1224.0000 218.8428 1.6492 1.7444 4.2298 18.9706 0.9793 19.8324 -0.5206 0.0096
Car 0.0000 0 0.1515 0.0000 177.6042 34.0844 213.4924 1.4519 1.5995 3.7076 -26.9485 1.3363 30.2727 -0.5689 0.0095
Car 0.0000 0 -2.8132 0.0000 0.0000 1224.0000 370.0000 1.4784 1.6038 3.6925 19.5338 0.5783 1.1559 -1.3167 0.0095
Car 0.0000 0 1.8773 0.0000 0.0000 1224.0000 370.0000 1.5236 1.6150 3.7780 -16.0343 1.3664 0.4225 0.3547 0.0095
Cyclist 0.0000 0 -2.3140 830.4221 153.9386 925.1746 265.5518 1.7761 0.3914 1.7966 4.5950 1.3551 12.1518 -1.9593 0.0094
Car 0.0000 0 2.0024 0.0000 0.0000 1224.0000 370.0000 1.5143 1.6541 3.5120 -16.1301 1.3905 0.4427 0.4808 0.0094
Car 0.0000 0 -2.1132 64.7873 0.0000 1158.6438 370.0000 1.5351 1.7621 3.5936 0.4482 1.7326 0.2805 -1.4737 0.0093
Car 0.0000 0 2.1569 517.6002 169.6334 600.7755 207.7379 1.5166 1.6125 3.9828 -1.9048 1.0856 30.2637 2.0965 0.0093
Car 0.0000 0 -0.0058 0.0000 171.4922 22.6498 202.4497 1.5026 1.7380 4.1059 -32.6452 1.0668 36.3311 -0.7317 0.0093
Car 0.0000 0 0.0802 0.0000 171.9827 23.9095 210.1490 1.5169 1.6053 4.0031 -27.2627 1.1799 29.9473 -0.6512 0.0092
Car 0.0000 0 1.9341 697.8760 164.2763 773.9653 205.7067 1.5229 1.6287 4.0986 5.2622 0.9280 28.1579 2.1186 0.0092
Car 0.0000 0 -0.3018 0.0000 169.8104 5.9757 203.0719 1.6053 1.6711 3.9451 -33.5257 1.0909 36.2450 -1.0420 0.0092
Car 0.0000 0 0.5910 0.0000 170.0198 86.8370 200.2505 1.5635 1.6349 3.8087 -30.0570 1.0229 37.5272 -0.0783 0.0092
Car 0.0000 0 0.8320 0.0000 0.0000 1224.0000 370.0000 1.5014 1.6483 4.0370 17.9800 0.5677 1.7239 2.2908 0.0092
Car 0.0000 0 -1.8299 0.0000 174.8362 34.6831 210.2527 1.4832 1.6129 3.9853 -27.0696 1.2475 31.4043 -2.5345 0.0091
Car 0.0000 0 0.2528 0.0000 175.6120 32.5500 211.9410 1.4655 1.6433 4.3725 -27.4848 1.2698 30.2526 -0.4777 0.0091
Car 0.0000 0 -0.0888 0.0000 175.6447 38.3481 213.5424 1.5289 1.6970 3.4830 -26.7094 1.3345 30.3622 -0.8033 0.0091
Car 0.0000 0 1.9276 699.9198 164.8635 773.5953 205.5527 1.4945 1.5941 3.9551 5.2745 0.9217 28.0697 2.1131 0.0090
Car 0.0000 0 -0.7620 0.0000 170.4016 1.1632 203.7397 1.6211 1.7430 4.2729 -34.0224 1.1315 36.5639 -1.5052 0.0089
Car 0.0000 0 2.0882 0.0000 170.8453 33.2298 201.8545 1.5536 1.5305 3.5228 -32.1084 1.0713 37.2913 1.3834 0.0089
Car 0.0000 0 -0.6040 0.0000 170.8572 24.3411 202.6603 1.5191 1.8049 3.8226 -32.1291 1.0599 35.8391 -1.3286 0.0088
Car 0.0000 0 -0.6014 0.0000 171.1783 37.2632 202.3541 1.5355 1.7352 3.9047 -32.3398 1.0778 36.9275 -1.3146 0.0088
Car 0.0000 0 0.4123 0.0000 176.5287 40.3366 211.3192 1.4413 1.6411 3.5265 -26.9413 1.2783 30.5960 -0.3027 0.0088
Car 0.0000 0 1.0994 0.0000 177.0470 35.9008 212.2056 1.4705 1.5817 3.6953 -27.0097 1.3276 31.0002 0.3895 0.0088
Car 0.0000 0 0.0161 0.0000 170.3515 27.6353 210.7787 1.6070 1.6566 3.9555 -27.1189 1.2051 30.0192 -0.7115 0.0088
Car 0.0000 0 0.6235 0.0000 0.0000 1224.0000 370.0000 1.5019 1.6014 3.9610 18.2144 0.5343 1.5926 2.0908 0.0088
Car 0.0000 0 -2.3423 0.0000 0.0000 1224.0000 370.0000 1.4874 1.6497 3.8927 18.0071 0.6032 1.5532 -0.8740 0.0087
Car 0.0000 0 -0.6398 0.0000 169.6464 18.0553 203.1119 1.5806 1.7288 3.8743 -32.1196 1.0694 35.4606 -1.3696 0.0086
Car 0.0000 0 0.3630 0.0000 171.2020 90.0948 200.8347 1.5290 1.6397 3.9771 -30.2378 1.0507 37.8578 -0.3051 0.0085
Car 0.0000 0 1.7135 0.0000 177.2455 30.0283 221.6042 1.4790 1.6033 4.0689 -22.2797 1.3720 25.7171 1.0075 0.0085
Car 0.0000 0 -3.1638 0.0000 0.0000 1224.0000 370.0000 1.4522 1.7153 3.3727 9.9213 1.4961 -0.2640 -1.5975 0.0084
Car 0.0000 0 0.1582 0.0000 176.4347 30.6438 212.0937 1.4370 1.6338 3.7701 -27.0810 1.2747 30.1892 -0.5659 0.0083
Car 0.0000 0 -1.5504 0.0000 172.7755 27.2527 208.9129 1.5146 1.6215 3.9649 -26.9728 1.1923 31.6810 -2.2490 0.0083
Car 0.0000 0 -1.1144 712.1407 0.0000 1224.0000 370.0000 1.5051 1.7739 3.9510 0.2465 1.7492 0.9679 -0.9249 0.0083
Car 0.0000 0 -2.8960 0.0000 0.0000 1224.0000 370.0000 1.5769 1.7114 3.8041 5.7141 1.6274 -0.2589 -1.3350 0.0082
Car 0.0000 0 -0.2116 0.0000 0.0000 1224.0000 370.0000 1.5548 1.5421 3.2069 -15.7250 1.5638 -0.1069 -1.7670 0.0082
Pedestrian 0.0000 0 -1.9416 0.0000 171.5925 17.9185 256.0556 1.6486 0.5575 0.5808 -12.2955 1.4763 14.1789 -2.6431 0.0082
Car 0.0000 0 2.1721 0.0000 173.0071 62.4835 203.5522 1.5707 1.5737 3.9717 -31.6628 1.1868 38.3974 1.4883 0.0082
Car 0.0000 0 -0.5113 0.0000 169.0089 19.5449 201.3890 1.5443 1.7276 3.7054 -32.2556 0.9977 35.7499 -1.2391 0.0081
Car 0.0000 0 2.8703 0.0000 0.0000 1224.0000 370.0000 1.5387 1.5605 3.9520 0.1463 1.6843 0.5190 3.0438 0.0081
Car 0.0000 0 -2.6780 0.0000 0.0000 1224.0000 370.0000 1.5906 1.5482 3.5620 19.3718 0.5092 0.8188 -1.1648 0.0080
Car 0.0000 0 -2.6586 0.0000 0.0000 1224.0000 370.0000 1.6002 1.6263 3.6697 19.1723 0.5210 0.8479 -1.1475 0.0080
Car 0.0000 0 2.6623 0.0000 179.2956 72.7838 214.2928 1.4529 1.4957 3.6203 -26.0174 1.4043 31.3056 1.9756 0.0080
Car 0.0000 0 2.2433 0.0000 173.6374 71.9415 203.8273 1.5568 1.5567 3.9845 -31.2740 1.2043 38.4502 1.5663 0.0080
Car 0.0000 0 1.8578 0.0000 0.0000 1224.0000 370.0000 1.4792 1.4532 3.4849 -15.8003 1.5022 0.1958 0.3215 0.0079
Car 0.0000 0 0.3040 0.0000 172.7964 82.8866 202.0533 1.5076 1.6082 3.7449 -30.4738 1.1120 37.8520 -0.3680 0.0079
Car 0.0000 0 -1.3956 0.0000 173.5966 32.7185 209.6494 1.5053 1.6698 3.6647 -26.9583 1.2186 31.5206 -2.0964 0.0079
Car 0.0000 0 2.3215 0.0000 183.8721 112.7317 239.9501 1.4915 1.5884 3.5081 -16.6505 1.6011 20.8337 1.6564 0.0079
Car 0.0000 0 -1.5377 0.0000 174.0216 30.0869 210.4412 1.5289 1.5981 4.0246 -26.9209 1.2584 31.7552 -2.2342 0.0078
Car 0.0000 0 0.7985 0.0000 171.4702 38.1761 201.2831 1.5375 1.6756 4.0134 -32.6543 1.0733 37.4701 0.0877 0.0077
Car 0.0000 0 -0.1303 0.0000 175.4610 33.3599 211.9553 1.4631 1.5805 3.4358 -26.7520 1.2626 30.1540 -0.8490 0.0077
Car 0.0000 0 -0.6373 0.0000 175.5284 91.0343 210.2298 1.4619 1.6589 4.0984 -25.8760 1.2539 31.9749 -1.3110 0.0077
Car 0.0000 0 0.1505 0.0000 173.1124 29.8930 211.2994 1.5316 1.6658 3.9225 -27.1504 1.2368 30.1198 -0.5760 0.0077
Car 0.0000 0 -3.1697 0.0000 0.0000 1224.0000 370.0000 1.4107 1.6006 3.1808 9.7332 1.5198 -0.1924 -1.6108 0.0077
Car 0.0000 0 -1.0025 0.0000 173.6160 68.7277 209.6116 1.5165 1.6942 4.1573 -26.4897 1.2280 31.9472 -1.6881 0.0076
Car 0.0000 0 -0.5462 0.0000 170.2203 10.6279 204.0690 1.6319 1.7421 4.3658 -33.6385 1.1378 36.4233 -1.2858 0.0076
Car 0.0000 0 1.5135 588.5358 166.1679 612.9462 188.0960 1.5663 1.5895 3.9647 -0.3420 0.5439 52.5271 1.5089 0.0076
Car 0.0000 0 1.6833 0.0000 176.7776 23.7588 221.4061 1.4830 1.5731 3.9478 -22.2912 1.3608 25.5642 0.9741 0.0076
Car 0.0000 0 0.0604 0.0000 171.7391 29.6499 211.2412 1.5762 1.6679 3.9936 -27.1067 1.2281 30.0972 -0.6657 0.0076
Car 0.0000 0 0.0870 0.0000 172.0773 24.7110 211.0234 1.5448 1.6270 4.1306 -27.3025 1.2122 29.9320 -0.6454 0.0076
Car 0.0000 0 0.2052 0.0000 175.2057 28.1378 211.7853 1.4742 1.6387 3.9225 -27.3144 1.2624 30.1804 -0.5233 0.0075
Car 0.0000 0 0.4349 0.0000 175.9996 39.0978 210.9989 1.4481 1.6573 3.7024 -27.0802 1.2633 30.5613 -0.2832 0.0075
Car 0.0000 0 -0.9885 0.0000 0.0000 1224.0000 370.0000 1.5712 1.6356 3.5927 -16.4497 1.3849 0.6719 -2.4972 0.0075
Car 0.0000 0 0.3296 0.0000 168.6777 102.3739 200.4258 1.6319 1.7390 4.4849 -29.8895 1.0256 37.8917 -0.3323 0.0075
Car 0.0000 0 -1.4872 0.0000 173.9861 34.7261 210.5218 1.5349 1.5888 3.9816 -26.8475 1.2627 31.7845 -2.1819 0.0074
Car 0.0000 0 -3.0197 0.0000 0.0000 1224.0000 370.0000 1.6030 1.7143 3.9113 5.8063 1.6419 -0.2627 -1.4578 0.0074
Car 0.0000 0 -3.0673 0.0000 0.0000 1224.0000 370.0000 1.4149 1.6161 3.2710 9.5284 1.5615 -0.2179 -1.5060 0.0074
Car 0.0000 0 0.5791 0.0000 168.5628 97.0975 200.5266 1.6493 1.7231 4.3939 -29.8383 1.0348 37.5268 -0.0867 0.0073
Car 0.0000 0 0.3142 0.0000 169.6320 97.2271 200.6300 1.5939 1.7041 4.2539 -30.0216 1.0365 37.8808 -0.3501 0.0072
Car 0.0000 0 -1.1209 0.0000 174.6812 62.7398 210.7235 1.5163 1.6254 4.0683 -26.4682 1.2729 31.9074 -1.8067 0.0071
Car 0.0000 0 -2.8327 0.0000 0.0000 1224.0000 370.0000 1.4712 1.5298 3.4356 19.6716 0.5335 1.2391 -1.3398 0.0071
Car 0.0000 0 -0.4642 0.0000 176.5498 57.4064 213.3167 1.5166 1.6002 3.3812 -26.4159 1.3552 31.0304 -1.1626 0.0071
Car 0.0000 0 -2.9563 0.0000 0.0000 1224.0000 370.0000 1.5724 1.6577 3.5436 5.7410 1.5244 -0.2451 -1.3976 0.0070
Car 0.0000 0 -1.6487 0.0000 0.0000 1224.0000 370.0000 1.5547 1.6972 4.2769 -12.5267 1.4733 0.6953 -3.1367 0.0070
Car 0.0000 0 -1.3598 0.0000 0.0000 1224.0000 370.0000 1.4128 1.5745 3.9404 9.8031 1.5683 0.6670 0.1119 0.0070
Car 0.0000 0 -0.3659 0.0000 169.1960 16.1646 204.1028 1.6523 1.7577 4.0195 -32.5635 1.1187 35.6536 -1.0998 0.0070
Car 0.0000 0 -0.1970 0.0000 174.0404 31.0945 211.7041 1.5005 1.5743 3.4325 -26.7651 1.2446 30.0044 -0.9183 0.0069
Car 0.0000 0 -2.8012 0.0000 0.0000 1224.0000 370.0000 1.4508 1.5605 3.5462 19.6811 0.5708 1.2754 -1.3101 0.0069
Car 0.0000 0 1.7405 590.6089 163.9796 621.2677 186.0943 1.5752 1.6192 3.9911 0.1169 0.3998 52.4633 1.7445 0.0068
Car 0.0000 0 0.1490 0.0000 174.7265 30.2971 210.9344 1.4584 1.6213 3.7951 -27.1018 1.2273 30.1863 -0.5756 0.0068
Car 0.0000 0 -3.4391 0.0000 0.0000 1224.0000 370.0000 1.5374 1.6201 3.9247 21.4590 0.3906 1.7369 -1.9627 0.0067
Car 0.0000 0 2.5544 0.0000 182.8516 117.8057 241.3995 1.5038 1.7337 4.3549 -17.0162 1.5819 20.6801 1.8751 0.0067
Car 0.0000 0 -2.8781 0.0000 0.0000 1224.0000 370.0000 1.4792 1.6794 3.9617 19.2746 0.5703 1.3199 -1.3910 0.0067
Car 0.0000 0 2.2747 0.0000 173.0373 70.1441 202.4690 1.5144 1.5167 3.8935 -31.2803 1.1318 38.3406 1.5962 0.0067
Car 0.0000 0 0.5786 0.0000 171.2084 81.9607 200.6557 1.5237 1.6058 3.5880 -30.2157 1.0444 37.5468 -0.0931 0.0066
Car 0.0000 0 2.0805 0.0000 172.1207 17.2383 202.2259 1.4456 1.6546 3.2872 -31.6619 1.0447 35.7261 1.3616 0.0066
Car 0.0000 0 2.0216 0.0000 172.6356 18.3762 204.6375 1.5094 1.6208 3.7585 -31.3281 1.1399 35.3708 1.3030 0.0066
Car 0.0000 0 0.4967 0.0000 173.2137 81.3439 202.5169 1.5138 1.5786 3.4963 -30.2484 1.1388 37.6027 -0.1748 0.0066
Car 0.0000 0 -2.6584 0.0000 0.0000 1224.0000 370.0000 1.5171 1.6535 3.9415 18.9013 0.6121 1.3346 -1.1737 0.0065
Car 0.0000 0 -0.5025 0.0000 170.0325 27.8690 201.8421 1.5499 1.7209 4.1959 -32.8721 1.0413 36.7099 -1.2267 0.0065
Car 0.0000 0 0.1200 0.0000 174.2508 28.2890 213.4101 1.5494 1.6289 4.5529 -27.4552 1.3037 29.9498 -0.6149 0.0065
Car 0.0000 0 -1.9906 0.0000 175.1453 22.0954 218.8775 1.4482 1.6654 4.1013 -22.7964 1.2724 25.0050 -2.7217 0.0064
Cyclist 0.0000 0 1.5836 0.0000 0.0000 1224.0000 370.0000 1.9222 0.4921 1.7134 -4.3821 1.6717 0.1160 0.1144 0.0064
Car 0.0000 0 1.9819 701.1169 165.8603 777.3417 205.6320 1.4618 1.5580 3.8519 5.3569 0.9252 28.0123 2.1705 0.0063
Car 0.0000 0 -2.3168 1114.9055 160.9898 1224.0000 220.8360 1.5684 1.7599 3.9923 17.1964 1.0587 20.5670 -1.6264 0.0063
Car 0.0000 0 0.1143 0.0000 174.4356 25.1983 211.1350 1.4671 1.5725 3.8973 -27.2328 1.2262 30.0273 -0.6153 0.0063
Car 0.0000 0 2.0671 0.0000 171.0100 57.2295 201.3345 1.5539 1.5744 3.8676 -31.6588 1.0690 38.2726 1.3819 0.0062
Car 0.0000 0 1.4926 688.1052 168.3402 733.1450 206.5846 1.4495 1.5062 3.7584 4.2066 0.9902 28.7194 1.6383 0.0062
Car 0.0000 0 -2.6601 0.0000 0.0000 1224.0000 370.0000 1.4827 1.7035 3.7528 18.6418 0.5712 1.4858 -1.1847 0.0062
Car 0.0000 0 2.8336 0.0000 179.7916 40.6763 216.4119 1.4722 1.6158 3.3920 -26.5895 1.4452 30.2872 2.1200 0.0062
Pedestrian 0.0000 0 -3.2413 850.2558 155.4372 891.5130 257.0407 1.7004 0.4772 0.6136 4.5115 1.2826 12.1349 -2.8920 0.0062
Car 0.0000 0 -3.5471 0.0000 0.0000 1224.0000 370.0000 1.5655 1.6642 3.9043 21.0142 0.4934 1.7739 -2.0744 0.0062
Car 0.0000 0 -0.1381 0.0000 0.0000 1224.0000 370.0000 1.3420 1.5056 3.2087 9.6837 1.5196 0.0184 1.3990 0.0062
Car 0.0000 0 -2.4771 0.0000 0.0000 1224.0000 370.0000 1.5467 1.6576 3.9296 18.3175 0.6070 1.5300 -1.0057 0.0061
Car 0.0000 0 -2.8147 0.0000 0.0000 1224.0000 370.0000 1.5288 1.6621 3.7231 19.5975 0.6947 1.2160 -1.3209 0.0061
Cyclist 0.0000 0 0.7734 866.9610 154.7155 965.0065 269.6628 1.7527 0.4165 1.6345 5.0167 1.3612 11.6102 1.1731 0.0060
Car 0.0000 0 1.7025 0.0000 0.0000 1224.0000 370.0000 1.6217 1.4943 3.9865 -15.4403 1.4512 -0.2024 0.1412 0.0060
Car 0.0000 0 -1.0846 0.0000 174.1563 66.9543 210.3099 1.5222 1.6164 4.1708 -26.4060 1.2566 31.9671 -1.7683 0.0060
Pedestrian 0.0000 0 2.6259 850.4332 151.7771 895.4626 256.0375 1.7393 0.4809 0.5519 4.5260 1.2618 12.0724 2.9778 0.0060
Pedestrian 0.0000 0 1.9875 257.1052 179.7277 307.9055 277.1387 1.4659 0.4750 0.6924 -5.0448 1.4559 10.9814 1.5696 0.0060
Car 0.0000 0 2.4247 0.0000 174.2792 23.5124 212.3610 1.4699 1.6425 3.7247 -26.5492 1.2313 29.2351 1.6946 0.0059
Car 0.0000 0 1.5274 0.0000 0.0000 1224.0000 370.0000 1.4297 1.5680 3.7850 9.3477 1.4558 0.7416 2.9862 0.0059
Car 0.0000 0 0.1916 0.0000 178.2597 33.7895 214.3770 1.4756 1.5637 3.3321 -26.8490 1.3856 30.3945 -0.5250 0.0059
Car 0.0000 0 -2.7118 0.0000 0.0000 1224.0000 370.0000 1.5974 1.5558 3.6126 19.2546 0.4934 0.6977 -1.1926 0.0059
Cyclist 0.0000 0 -2.1449 860.3321 160.1553 943.8969 268.1191 1.7072 0.4071 1.7589 4.9837 1.3872 12.0775 -1.7611 0.0059
Car 0.0000 0 0.1555 635.6968 156.7131 710.8225 186.4545 1.6632 1.7149 4.1072 3.9564 0.3344 40.8785 0.2532 0.0059
Car 0.0000 0 1.6944 694.3500 167.5108 743.9677 206.3862 1.4524 1.5214 3.7220 4.6194 0.9686 28.4099 1.8556 0.0058
Cyclist 0.0000 0 2.3348 0.0000 169.8421 18.9685 204.0688 1.7372 0.6572 1.8265 -31.6503 1.1977 36.8138 1.6307 0.0058
Car 0.0000 0 1.9283 0.0000 177.9389 56.8439 221.6432 1.4748 1.5609 3.9873 -21.9199 1.3899 25.9940 1.2355 0.0058
Car 0.0000 0 1.9900 702.6283 168.3571 780.1260 207.7180 1.4332 1.5690 3.8191 5.3910 0.9926 27.7545 2.1815 0.0058
Cyclist 0.0000 0 -1.3586 0.0000 0.0000 1224.0000 370.0000 1.8497 0.6075 1.7251 -3.3254 1.6875 -0.2514 -2.9061 0.0058
Cyclist 0.0000 0 0.2751 0.0000 175.0210 29.3078 214.8676 1.6847 0.6755 1.8475 -26.1835 1.4545 30.5775 -0.4261 0.0058
Car 0.0000 0 2.6001 0.0000 183.3501 44.3994 218.8616 1.3829 1.6869 3.8553 -26.4202 1.5135 29.9573 1.8843 0.0057
Car 0.0000 0 -0.6364 0.0000 175.8069 90.7285 211.6089 1.5085 1.6741 4.0974 -25.9011 1.3122 31.9812 -1.3106 0.0057
Pedestrian 0.0000 0 2.4769 663.2367 154.2039 723.6126 279.7392 1.8175 0.4459 0.7965 1.2840 1.4385 10.6292 2.5954 0.0057
Car 0.0000 0 -0.6934 0.0000 174.9255 90.1960 210.8245 1.5130 1.6799 4.1892 -25.9456 1.2795 32.0149 -1.3678 0.0056
Car 0.0000 0 3.0982 0.0000 180.0851 32.8637 215.5402 1.4264 1.5319 3.4995 -26.7882 1.4112 30.2032 2.3797 0.0056
Car 0.0000 0 -0.1095 0.0000 165.3840 34.2904 210.1201 1.7636 1.6861 4.1306 -27.0023 1.1692 29.9655 -0.8358 0.0056
Car 0.0000 0 -2.5461 0.0000 0.0000 1224.0000 370.0000 1.4648 1.6003 3.6090 18.4323 0.7135 1.7000 -1.0832 0.0056
Car 0.0000 0 -1.1879 0.0000 0.0000 1224.0000 370.0000 1.6059 1.5778 3.5120 -16.3956 1.4134 0.7592 -2.6911 0.0056
Car 0.0000 0 -3.6365 0.0000 0.0000 1224.0000 370.0000 1.5146 1.6646 3.8595 21.0565 0.5576 1.8183 -2.1657 0.0055
Car 0.0000 0 1.8783 697.0339 166.1334 761.9907 205.2516 1.4494 1.5027 3.6915 4.9979 0.9186 28.1762 2.0538 0.0055
Car 0.0000 0 -1.1984 0.0000 0.0000 1224.0000 370.0000 1.5730 1.6112 3.4145 -16.4262 1.3827 0.6933 -2.7057 0.0055
Car 0.0000 0 1.7242 0.0000 0.0000 1224.0000 370.0000 1.5876 1.5570 3.5430 -15.8501 1.4034 -0.0290 0.1737 0.0054
Car 0.0000 0 -3.0187 0.0000 0.0000 1224.0000 370.0000 1.5535 1.7010 3.8388 19.0619 0.6624 1.3815 -1.5357 0.0054
Car 0.0000 0 2.8975 0.0000 179.8072 54.5354 216.1212 1.4919 1.6763 3.2352 -26.3015 1.4649 30.8446 2.1983 0.0053
Car 0.0000 0 1.8832 0.0000 177.0815 49.3804 220.9384 1.4735 1.5608 3.8840 -21.9759 1.3602 25.8428 1.1864 0.0053
Car 0.0000 0 4.3724 0.0000 0.0000 1224.0000 370.0000 1.5848 1.6147 3.7951 -16.2420 1.4142 0.2767 2.8402 0.0053
Car 0.0000 0 -1.1692 0.0000 0.0000 1224.0000 370.0000 1.6397 1.7710 4.4864 20.9527 0.4546 1.4679 0.3176 0.0053
Car 0.0000 0 3.1272 0.0000 173.6715 20.5364 211.4557 1.4965 1.4965 3.7375 -27.1456 1.2275 29.8157 2.3958 0.0053
Car 0.0000 0 -2.0524 0.0000 174.2544 26.0052 218.9588 1.4825 1.7003 4.3332 -22.8611 1.2770 24.9958 -2.7851 0.0052
Cyclist 0.0000 0 2.8335 0.0000 172.9160 34.4461 214.9438 1.7524 0.6651 1.9942 -25.9834 1.4376 30.4960 2.1347 0.0052
Car 0.0000 0 -0.4050 0.0000 170.6171 8.2548 203.6632 1.5933 1.6861 4.1494 -33.5963 1.1182 36.3217 -1.1453 0.0052
Car 0.0000 0 -0.3947 0.0000 177.7645 97.2072 213.1265 1.4925 1.6690 3.9686 -25.6346 1.3786 31.9778 -1.0639 0.0052
Car 0.0000 0 -2.7974 0.0000 0.0000 1224.0000 370.0000 1.5710 1.5462 3.6764 19.5274 0.5170 0.8623 -1.2860 0.0051
Car 0.0000 0 2.0518 0.0000 0.0000 1224.0000 370.0000 1.6263 1.6886 4.0928 -11.7401 1.4363 0.3250 0.5379 0.0051
Car 0.0000 0 -0.5085 0.0000 175.8723 100.5878 212.1556 1.5265 1.7201 4.2569 -25.6532 1.3333 32.0368 -1.1771 0.0051
Car 0.0000 0 1.6118 0.0000 0.0000 1224.0000 370.0000 1.5249 1.4957 3.7946 -15.8199 1.4617 -0.0808 0.0580 0.0050
Car 0.0000 0 1.4878 0.0000 0.0000 1224.0000 370.0000 1.4294 1.5395 3.2807 -12.3934 1.4492 0.7615 0.0060 0.0050
Car 0.0000 0 -2.9261 0.0000 0.0000 1224.0000 370.0000 1.3720 1.6236 3.4730 9.8549 1.5155 -0.1706 -1.3693 0.0050
Cyclist 0.0000 0 0.9214 74.5933 161.1813 162.9653 260.6299 1.7519 0.4703 1.6015 -8.9427 1.4132 12.9324 0.3297 0.0049
Car 0.0000 0 -4.6400 0.0000 0.0000 1224.0000 370.0000 1.4123 1.6067 3.4486 9.6521 1.5235 0.1338 -3.1150 0.0049
Car 0.0000 0 1.4998 0.0000 0.0000 1224.0000 370.0000 1.5525 1.5151 3.6735 -15.9312 1.4468 -0.1532 -0.0586 0.0049
Car 0.0000 0 1.4677 676.3130 166.9797 727.2757 207.1922 1.5167 1.6066 4.3102 3.8476 1.0083 28.8417 1.6007 0.0049
Car 0.0000 0 -0.3955 0.0000 177.7512 33.5750 214.3440 1.4631 1.5266 3.2687 -26.6436 1.3547 30.0680 -1.1136 0.0049
Car 0.0000 0 2.0228 0.0000 0.0000 1224.0000 370.0000 1.5626 1.6599 3.8865 -11.8063 1.3745 0.3537 0.5110 0.0048
Car 0.0000 0 1.5028 0.0000 0.0000 1224.0000 370.0000 1.5110 1.5704 3.2259 -12.1134 1.4476 0.8079 0.0268 0.0048
Car 0.0000 0 1.9807 0.0000 0.0000 1224.0000 370.0000 1.5315 1.6366 3.5871 -12.0239 1.3945 0.4742 0.4779 0.0048
Car 0.0000 0 1.8316 0.0000 176.9283 42.7329 221.2284 1.4788 1.5603 3.8775 -21.9927 1.3611 25.6831 1.1314 0.0048
Car 0.0000 0 4.0086 0.0000 0.0000 1224.0000 370.0000 1.5012 1.8229 3.9787 -16.7404 1.4671 -0.0053 2.4585 0.0048
Car 0.0000 0 -0.7031 0.0000 0.0000 1224.0000 370.0000 1.5484 1.6167 3.6059 -16.3338 1.4844 0.7236 -2.2082 0.0048
Car 0.0000 0 2.1480 0.0000 178.6762 78.2420 222.1128 1.4799 1.5537 3.9101 -21.5568 1.4193 26.1108 1.4656 0.0048
Car 0.0000 0 2.1160 0.0000 178.8764 72.5842 222.3172 1.4716 1.5565 3.8710 -21.6099 1.4182 25.9734 1.4298 0.0047
Car 0.0000 0 1.8424 698.3324 166.1048 762.3121 205.5831 1.4479 1.5192 3.8397 5.0008 0.9215 27.9868 2.0191 0.0047
Cyclist 0.0000 0 -1.4477 0.0000 171.8171 4.1565 264.6231 1.7294 0.4171 1.7840 -12.3756 1.5692 14.0284 -2.1577 0.0047
Pedestrian 0.0000 0 1.5520 968.8971 161.8810 1002.1600 267.9599 1.7028 0.4669 0.5301 6.2387 1.4056 11.6860 2.0328 0.0047
Cyclist 0.0000 0 -0.8778 0.0000 0.0000 1224.0000 370.0000 1.9878 0.5077 1.7325 -4.4412 1.7102 0.0351 -2.3665 0.0047
Car 0.0000 0 2.5440 0.0000 182.0000 71.3413 218.2221 1.4871 1.5773 3.7167 -26.0240 1.5590 31.1943 1.8555 0.0047
Car 0.0000 0 -2.9200 0.0000 0.0000 1224.0000 370.0000 1.6159 1.8317 4.3059 20.0438 0.5809 1.8766 -1.4571 0.0047
Pedestrian 0.0000 0 1.8186 262.4633 181.0748 305.6714 277.2119 1.4467 0.4645 0.6427 -5.0281 1.4576 10.9948 1.4024 0.0047
Car 0.0000 0 -1.7888 817.7253 149.0287 863.0901 179.2092 1.6353 1.6619 3.8355 13.4035 -0.0762 40.4682 -1.4694 0.0047
Car 0.0000 0 -1.1129 0.0000 0.0000 1224.0000 370.0000 1.5195 1.5803 3.4960 -16.2937 1.3778 0.6565 -2.6220 0.0046
Car 0.0000 0 0.1435 630.1168 156.9497 707.7789 187.5669 1.7166 1.7634 4.2758 3.7205 0.3976 40.9925 0.2352 0.0046
Car 0.0000 0 -2.8809 0.0000 0.0000 1224.0000 370.0000 1.6287 1.8260 4.0408 20.0129 0.6437 1.5439 -1.4018 0.0046
Cyclist 0.0000 0 -0.5815 0.0000 176.4301 51.4124 248.0689 1.6161 0.4701 1.7247 -14.2940 1.5259 16.8385 -1.2743 0.0046
Car 0.0000 0 2.8281 0.0000 180.1012 38.9998 215.5363 1.4179 1.5656 3.4188 -26.5648 1.4034 30.1552 2.1129 0.0046
Car 0.0000 0 2.8305 0.0000 180.4037 89.8466 215.3122 1.4694 1.4768 3.8814 -25.7467 1.4668 31.7822 2.1563 0.0046
Car 0.0000 0 -0.0517 0.0000 175.2104 33.0747 211.9006 1.4763 1.6325 3.4899 -26.8191 1.2650 30.2453 -0.7701 0.0046
Car 0.0000 0 -1.4854 0.0000 0.0000 1224.0000 370.0000 1.3953 1.6961 3.6860 10.5396 1.4792 -0.1502 0.0705 0.0045
Car 0.0000 0 -1.0380 1136.9639 165.0041 1224.0000 225.8403 1.5128 1.6094 3.9691 16.4760 1.1290 18.9806 -0.3298 0.0045
Car 0.0000 0 2.6290 0.0000 182.7223 40.1233 218.9586 1.4041 1.7024 3.8566 -26.4620 1.5057 29.7498 1.9091 0.0045
Pedestrian 0.0000 0 1.8237 965.8279 163.8200 1003.9216 264.3115 1.6177 0.4444 0.5248 6.2560 1.3509 11.7210 2.3044 0.0045
Car 0.0000 0 -2.7888 0.0000 0.0000 1224.0000 370.0000 1.5143 1.6436 3.7394 19.8070 0.6854 1.2876 -1.2978 0.0045
Car 0.0000 0 2.4598 0.0000 184.0233 113.0341 240.8591 1.4810 1.5872 3.7717 -16.7681 1.5957 20.6809 1.7877 0.0044
Car 0.0000 0 -2.4137 1120.1481 165.5727 1224.0000 222.8049 1.4892 1.7025 3.8922 17.3040 1.1023 20.4416 -1.7173 0.0044
Car 0.0000 0 0.0006 656.3858 152.6791 729.7856 183.1506 1.7107 1.7523 4.1148 5.0645 0.1502 40.8148 0.1250 0.0044
Car 0.0000 0 -2.8480 0.0000 0.0000 1224.0000 370.0000 1.5737 1.6841 3.6559 19.7226 0.6505 1.2561 -1.3557 0.0044
Car 0.0000 0 0.3887 670.6949 168.9063 793.4246 211.7669 1.5301 1.8526 4.2549 4.8250 1.1177 27.1560 0.5643 0.0044
Car 0.0000 0 2.5391 0.0000 177.9927 30.5359 216.3404 1.4983 1.6476 3.6582 -26.5898 1.4018 29.5939 1.8142 0.0044
Car 0.0000 0 -0.7281 0.0000 0.0000 1224.0000 370.0000 1.4880 1.5514 3.2556 -16.0856 1.4001 0.4321 -2.2502 0.0044
Car 0.0000 0 1.5354 0.0000 0.0000 1224.0000 370.0000 1.4490 1.5335 3.1702 -12.2690 1.4249 0.7754 0.0556 0.0044
Car 0.0000 0 -3.1605 678.5932 166.5832 774.0467 206.2133 1.4930 1.5627 3.5798 4.6886 0.9702 27.6709 -2.9928 0.0043
Car 0.0000 0 1.7162 625.5751 171.5876 680.5548 209.9945 1.4578 1.6599 4.1841 2.0253 1.1210 29.0543 1.7868 0.0043
Car 0.0000 0 -0.4432 0.0000 187.0970 114.0522 245.9619 1.5246 1.7103 3.9250 -17.1573 1.7414 20.9257 -1.1209 0.0042
Car 0.0000 0 2.1036 0.0000 179.4792 67.3343 223.0595 1.4679 1.5413 3.7840 -21.6244 1.4350 25.7988 1.4138 0.0042
Pedestrian 0.0000 0 -0.0996 743.9586 159.8663 756.5631 182.5408 1.8896 0.7136 0.9694 12.2014 0.1713 59.3216 0.1039 0.0042
Car 0.0000 0 -2.8125 0.0000 0.0000 1224.0000 370.0000 1.5690 1.8321 4.1139 19.9463 0.5719 1.3977 -1.3265 0.0042
Car 0.0000 0 -4.3905 0.0000 0.0000 1224.0000 370.0000 1.3809 1.6417 3.6001 9.4302 1.4686 0.5733 -2.9130 0.0042
Cyclist 0.0000 0 2.2595 0.0000 163.9786 9.7006 200.2977 1.8155 0.5684 1.9181 -31.6578 0.9911 36.3040 1.5486 0.0041
Car 0.0000 0 -0.6099 0.0000 0.0000 1224.0000 370.0000 1.5584 1.6167 3.4093 -15.9842 1.4031 0.2611 -2.1424 0.0041
Cyclist 0.0000 0 2.8976 0.0000 173.7789 28.7727 215.1438 1.7090 0.6591 2.0660 -26.0656 1.4328 30.2388 2.1931 0.0041
Cyclist 0.0000 0 0.3727 0.0000 0.0000 1224.0000 370.0000 1.6538 0.5317 1.8851 1.4573 1.6964 0.4794 1.4416 0.0041
Car 0.0000 0 -1.3507 0.0000 0.0000 1224.0000 370.0000 1.5584 1.5899 3.4723 -16.4128 1.4288 0.7630 -2.8537 0.0041
Car 0.0000 0 -1.8502 806.4486 146.0078 856.4652 176.6755 1.6642 1.7205 3.9443 13.0100 -0.2305 40.8586 -1.5422 0.0041
Car 0.0000 0 -0.3341 0.0000 178.0223 97.9035 212.9940 1.4788 1.5718 3.9910 -25.6086 1.3755 31.9974 -1.0025 0.0041
Car 0.0000 0 -0.8501 0.0000 0.0000 1224.0000 370.0000 1.6105 1.6688 3.7786 -16.5189 1.4513 0.5938 -2.3637 0.0040
Car 0.0000 0 1.8741 0.0000 0.0000 1224.0000 370.0000 1.4720 1.6027 3.3772 -12.4133 1.4000 0.4467 0.3670 0.0040
Pedestrian 0.0000 0 -0.1813 743.8474 159.8832 756.2939 182.4466 1.8821 0.7080 0.9101 12.1891 0.1636 59.3371 0.0220 0.0040
Car 0.0000 0 1.9422 696.5664 167.2888 769.9919 207.2077 1.4602 1.5634 3.8427 5.1030 0.9785 27.9041 2.1228 0.0040
Pedestrian 0.0000 0 0.2837 743.0570 157.9063 755.2106 181.3695 1.9585 0.8267 0.8039 12.1623 0.0738 59.5666 0.4859 0.0040
Car 0.0000 0 -0.0364 0.0000 172.8978 39.4920 211.3063 1.5528 1.7417 3.8255 -26.9660 1.2469 30.5233 -0.7530 0.0040
Car 0.0000 0 -1.5554 0.0000 0.0000 1224.0000 370.0000 1.3291 1.7122 3.7112 10.3625 1.5682 -0.2214 0.0071 0.0040
Car 0.0000 0 -1.5236 0.0000 0.0000 1224.0000 370.0000 1.3071 1.6464 3.5091 10.3312 1.5479 -0.1608 0.0330 0.0039
Car 0.0000 0 3.3995 0.0000 0.0000 1224.0000 370.0000 1.5868 1.7125 4.3845 -27.2903 1.5740 2.3368 1.9275 0.0039
Car 0.0000 0 -1.4948 628.8592 168.4734 677.2780 207.9748 1.5381 1.7080 4.2904 2.0710 1.0713 29.7723 -1.4243 0.0039
Car 0.0000 0 -1.9003 610.6144 167.4985 685.0850 207.3563 1.5677 1.7221 4.7676 1.7088 1.0578 30.3329 -1.8428 0.0038
Car 0.0000 0 2.1661 0.0000 172.9519 19.5362 202.5640 1.4450 1.6108 3.0240 -31.8450 1.0781 36.0967 1.4494 0.0038
Car 0.0000 0 -0.8970 0.0000 0.0000 1224.0000 370.0000 1.5252 1.6191 3.3612 -16.2654 1.4710 0.6085 -2.4089 0.0038
Cyclist 0.0000 0 1.2015 68.1276 165.2379 138.5501 264.7023 1.7310 0.4774 1.7283 -9.2720 1.4670 12.9816 0.5946 0.0038
Car 0.0000 0 0.1412 619.6352 170.9742 734.5406 208.0389 1.4811 1.6977 4.5977 3.0211 1.1020 29.6274 0.2435 0.0038
Cyclist 0.0000 0 0.1180 0.0000 174.2537 22.4109 215.3319 1.7121 0.7031 1.8908 -26.2395 1.4532 30.2813 -0.5891 0.0037
Car 0.0000 0 1.7072 649.3137 165.1933 698.4985 204.7105 1.5853 1.5961 3.8382 3.0018 0.9728 30.4125 1.8063 0.0037
Car 0.0000 0 -1.3646 0.0000 0.0000 1224.0000 370.0000 1.3555 1.6159 3.5847 10.2916 1.5719 0.1479 0.1620 0.0037
Car 0.0000 0 -0.6508 0.0000 187.3281 116.8058 247.0772 1.5660 1.6259 3.6535 -16.8232 1.7889 20.9483 -1.3184 0.0037
Car 0.0000 0 3.7861 0.0000 172.5342 19.6835 219.8583 1.5490 1.7224 4.1495 -22.9382 1.2898 24.2129 3.0361 0.0037
Cyclist 0.0000 0 2.7562 0.0000 176.3783 35.6132 218.9186 1.7667 0.6481 1.8899 -25.7400 1.5970 30.3449 2.0596 0.0037
Car 0.0000 0 -2.9437 0.0000 0.0000 1224.0000 370.0000 1.6283 1.8954 4.1300 20.0753 0.7136 1.8369 -1.4787 0.0036
Car 0.0000 0 -2.9762 0.0000 0.0000 1224.0000 370.0000 1.5744 1.6297 3.8805 18.9139 0.6549 1.5565 -1.5031 0.0036
Car 0.0000 0 1.2174 684.1296 165.0333 762.1637 206.2334 1.4999 1.7384 4.0014 4.5336 0.9384 27.8655 1.3787 0.0036
Car 0.0000 0 -0.6616 0.0000 186.0594 115.7902 244.9928 1.5384 1.6510 3.7762 -16.8538 1.7200 20.8645 -1.3320 0.0036
Car 0.0000 0 -2.6577 0.0000 0.0000 1224.0000 370.0000 1.6557 1.7400 3.7908 18.9142 0.5745 1.0068 -1.1557 0.0036
Car 0.0000 0 -1.5921 659.8014 152.2454 690.4642 184.4807 1.8196 1.7213 4.0712 4.1154 0.2261 42.0027 -1.4932 0.0036
Car 0.0000 0 -1.9407 806.3654 150.8665 859.7053 179.5210 1.5637 1.6088 3.9077 13.0537 -0.0578 40.7152 -1.6308 0.0036
Car 0.0000 0 -2.7531 0.0000 0.0000 1224.0000 370.0000 1.3683 1.5020 3.4156 9.6676 1.4694 0.1863 -1.2335 0.0036
Car 0.0000 0 -0.4460 0.0000 170.1889 29.8678 209.3259 1.5397 1.5647 3.5049 -26.6749 1.1355 29.7291 -1.1702 0.0036
Car 0.0000 0 1.6751 0.0000 0.0000 1224.0000 370.0000 1.4449 1.5870 3.2428 -12.4402 1.4369 0.6955 0.1877 0.0036
Car 0.0000 0 -2.9634 0.0000 0.0000 1224.0000 370.0000 1.5491 1.4719 3.7185 19.5650 0.5237 0.5736 -1.4371 0.0036
Car 0.0000 0 3.1585 0.0000 0.0000 1224.0000 370.0000 1.5793 1.6701 4.2963 -26.9513 1.5592 2.0194 1.6760 0.0035
Car 0.0000 0 -2.3359 0.0000 182.0997 24.6580 233.2966 1.4982 1.5512 3.2132 -19.9861 1.5507 21.6253 -3.0728 0.0035
Car 0.0000 0 3.7492 0.0000 172.4816 19.6461 219.7120 1.5422 1.6795 4.0219 -22.8589 1.2819 24.1966 3.0006 0.0035
Car 0.0000 0 1.6434 661.0651 165.1856 704.8063 204.2705 1.5633 1.5979 3.6150 3.3584 0.9522 30.1979 1.7548 0.0035
Pedestrian 0.0000 0 -1.3989 0.0000 174.8819 18.2041 215.9380 1.7506 0.7210 0.7255 -25.9922 1.5126 30.6383 -2.0957 0.0035
Car 0.0000 0 -3.0690 0.0000 0.0000 1224.0000 370.0000 1.4861 1.6522 3.8254 20.0302 0.4504 0.2234 -1.5242 0.0035
Cyclist 0.0000 0 0.3135 0.0000 177.7179 34.6432 218.3427 1.7148 0.7302 2.0360 -26.0642 1.5988 30.5611 -0.3858 0.0034
Car 0.0000 0 2.3609 0.0000 0.0000 1224.0000 370.0000 1.5181 1.5739 3.4710 -11.7639 1.4118 -0.0322 0.8166 0.0034
Car 0.0000 0 -3.2613 0.0000 0.0000 1224.0000 370.0000 1.5537 1.8647 4.0632 20.6062 0.6333 2.0677 -1.8046 0.0033
Car 0.0000 0 -1.4919 1134.1064 162.5389 1223.3151 222.8000 1.5068 1.6358 4.1645 16.0559 1.0593 19.7512 -0.8156 0.0033
Car 0.0000 0 -1.2049 1148.1326 163.9798 1224.0000 224.2673 1.4492 1.6309 3.9924 16.2662 1.0537 18.6570 -0.4947 0.0033
Car 0.0000 0 -2.8793 610.7592 156.3627 690.7502 186.8957 1.7168 1.7117 4.3642 2.6698 0.3610 41.2638 -2.8133 0.0033
Car 0.0000 0 3.7462 0.0000 171.9723 20.4897 219.8564 1.5608 1.7399 4.0824 -22.8842 1.2844 24.1967 2.9970 0.0032
Car 0.0000 0 1.7073 0.0000 0.0000 1224.0000 370.0000 1.4866 1.5965 3.4418 -12.2104 1.4376 0.7226 0.2237 0.0032
Car 0.0000 0 -0.5770 0.0000 0.0000 1224.0000 370.0000 1.5902 1.6064 3.4572 -16.0280 1.4921 0.1978 -2.1136 0.0032
Car 0.0000 0 4.1493 0.0000 0.0000 1224.0000 370.0000 1.5101 1.8261 3.8688 -16.3023 1.4329 -0.0254 2.5984 0.0032
Car 0.0000 0 1.6281 0.0000 0.0000 1224.0000 370.0000 1.4386 1.5662 3.2162 -12.5783 1.4667 0.6524 0.1365 0.0032
Pedestrian 0.0000 0 0.3759 84.5849 162.0976 143.3243 264.4841 1.8292 0.5653 0.7272 -9.0481 1.5020 12.9818 -0.2196 0.0032
Cyclist 0.0000 0 -1.5484 0.0000 0.0000 1224.0000 370.0000 1.7850 0.5845 1.6929 -3.0449 1.6740 -0.2530 -3.0945 0.0032
Car 0.0000 0 -1.5440 630.4171 166.8549 673.7379 206.4410 1.5634 1.7127 4.2925 2.0430 1.0260 30.1380 -1.4752 0.0031
Car 0.0000 0 1.2182 659.8369 167.9297 736.5214 208.4525 1.5122 1.6050 4.5386 3.6592 1.0447 28.7724 1.3450 0.0031
Car 0.0000 0 -2.8099 619.0612 155.2864 693.1403 185.8720 1.7160 1.7464 3.9572 2.9756 0.3028 41.2455 -2.7365 0.0031
Car 0.0000 0 -3.1968 608.8336 156.9427 683.1353 186.2518 1.6607 1.6806 4.2036 2.3195 0.3273 40.9039 -3.1387 0.0031
Car 0.0000 0 -0.6679 0.0000 184.7824 115.9747 245.2153 1.5711 1.6840 3.9457 -16.8781 1.7114 20.7883 -1.3408 0.0031
Cyclist 0.0000 0 2.8787 0.0000 179.1293 39.7180 219.5383 1.6895 0.6304 1.9230 -25.7219 1.6336 30.5234 2.1853 0.0031
Car 0.0000 0 -1.9301 599.7084 168.0116 679.2255 209.5677 1.6146 1.7498 4.8950 1.3287 1.1309 30.0639 -1.8847 0.0030
Car 0.0000 0 1.0820 684.3506 165.2854 786.9955 211.7100 1.6122 1.9212 4.5504 4.8314 1.0854 27.0089 1.2587 0.0030
Car 0.0000 0 -2.1911 0.0000 174.2028 21.8597 219.4023 1.4938 1.7116 4.0845 -22.8565 1.2872 24.6259 -2.9310 0.0029
Car 0.0000 0 3.2164 0.0000 169.9121 24.7368 209.9386 1.5830 1.5501 4.2201 -27.2881 1.1658 29.8622 2.4832 0.0029
Car 0.0000 0 -2.1559 0.0000 173.6834 31.1396 219.6625 1.5400 1.7490 4.5381 -23.0388 1.3133 25.0878 -2.8906 0.0029
Car 0.0000 0 -3.3129 0.0000 0.0000 1224.0000 370.0000 1.5408 1.7279 3.8665 21.1348 0.4342 1.4247 -1.8233 0.0029
Car 0.0000 0 0.4887 439.7685 176.3251 603.2838 234.6266 1.4379 1.6789 4.0393 -2.2686 1.3365 18.9512 0.3733 0.0029
Car 0.0000 0 -3.4161 0.0000 0.0000 1224.0000 370.0000 1.5200 1.8433 3.8881 20.6036 0.6197 1.8495 -1.9490 0.0028
Car 0.0000 0 -0.5526 0.0000 187.8530 116.2330 247.4656 1.5457 1.7025 3.8974 -17.0609 1.7874 20.9725 -1.2265 0.0028
Car 0.0000 0 1.8453 0.0000 0.0000 1224.0000 370.0000 1.5673 1.6452 3.7496 -11.8326 1.3845 0.6338 0.3570 0.0028
Car 0.0000 0 -2.6521 604.6989 155.6577 691.0565 187.7115 1.7918 1.7407 4.8076 2.4801 0.4045 41.5193 -2.5910 0.0028
Car 0.0000 0 2.2146 1022.0723 165.2907 1192.9796 229.4056 1.5366 1.7759 3.6891 12.9842 1.1737 18.3605 2.8236 0.0028
Car 0.0000 0 -0.7666 1116.8060 165.7841 1224.0000 225.3818 1.5301 1.6563 3.9979 16.3501 1.1538 19.1042 -0.0654 0.0028
Car 0.0000 0 2.3251 0.0000 177.5567 36.9817 217.3498 1.5306 1.7914 4.1531 -26.1655 1.4189 29.2957 1.6032 0.0028
Car 0.0000 0 1.0960 682.9322 164.9591 780.8455 209.2377 1.5578 1.8354 4.5214 4.7452 1.0126 27.3021 1.2679 0.0028
Car 0.0000 0 0.3593 0.0000 180.8366 113.8716 225.1449 1.5155 1.6167 3.8247 -20.2874 1.5298 25.5426 -0.3042 0.0028
Car 0.0000 0 -3.3333 0.0000 0.0000 1224.0000 370.0000 1.5255 1.7130 3.7716 20.4504 0.5811 1.3042 -1.8406 0.0028
Car 0.0000 0 -2.9319 418.8636 183.2170 586.9182 238.6873 1.3386 1.7483 3.9963 -2.5760 1.4140 18.1749 -3.0685 0.0028
Car 0.0000 0 0.0260 621.2776 156.0950 696.0845 186.6284 1.7239 1.6556 4.2354 3.1127 0.3474 40.9554 0.1032 0.0027
Car 0.0000 0 -3.4324 0.0000 0.0000 1224.0000 370.0000 1.5654 1.6535 3.6099 20.7805 0.4273 0.9965 -1.9237 0.0027
Car 0.0000 0 -1.6626 659.5727 153.5277 693.9006 185.5790 1.8063 1.6645 3.8842 4.1871 0.2876 41.7914 -1.5616 0.0027
Car 0.0000 0 -2.0594 599.2977 165.7617 689.7166 206.6631 1.6146 1.7551 4.9680 1.5650 1.0343 30.5276 -2.0069 0.0027
Car 0.0000 0 -0.6251 0.0000 185.3323 119.9140 245.6339 1.5503 1.7622 4.3102 -17.0298 1.7102 20.8544 -1.3007 0.0027
Car 0.0000 0 -1.5852 632.1038 166.7296 675.1730 206.2917 1.5700 1.7080 4.3058 2.0230 1.0250 30.2491 -1.5173 0.0027
Pedestrian 0.0000 0 -4.5453 0.0000 0.0000 1224.0000 370.0000 1.6974 0.6116 0.6951 4.1337 1.5735 0.0746 -3.0689 0.0027
Car 0.0000 0 -3.4260 0.0000 0.0000 1224.0000 370.0000 1.5189 1.6468 3.6745 20.4685 0.5869 1.6267 -1.9488 0.0027
Car 0.0000 0 -0.8274 1119.4031 164.9211 1224.0000 224.7409 1.5309 1.6810 3.9064 16.3865 1.1338 19.1700 -0.1267 0.0027
Cyclist 0.0000 0 0.7627 0.0000 0.0000 1224.0000 370.0000 1.6287 0.5276 1.7764 1.1275 1.7733 0.6716 1.6118 0.0027
Car 0.0000 0 -1.0055 1134.8159 163.9575 1224.0000 225.4076 1.5332 1.6597 4.0125 16.5342 1.1221 19.0159 -0.2964 0.0027
Car 0.0000 0 -1.2984 0.0000 0.0000 1224.0000 370.0000 1.3468 1.4944 3.1582 10.1581 1.4511 0.6190 0.1814 0.0026
Car 0.0000 0 1.3495 650.2953 166.4575 714.7424 206.5160 1.5545 1.7817 4.2424 3.1372 1.0111 29.6427 1.4556 0.0026
Car 0.0000 0 -1.3774 0.0000 0.0000 1224.0000 370.0000 1.3672 1.4815 3.4741 10.0679 1.3625 0.7095 0.0927 0.0026
Car 0.0000 0 -1.4999 1142.0797 165.9963 1224.0000 223.2390 1.4250 1.5524 3.7807 15.9968 1.0656 19.5081 -0.8195 0.0026
Car 0.0000 0 1.6535 697.1264 166.6700 743.8535 205.5821 1.4470 1.5426 3.7302 4.6508 0.9343 28.2850 1.8165 0.0025
Car 0.0000 0 2.1713 0.0000 0.0000 1224.0000 370.0000 1.5751 1.6773 4.0810 -11.2303 1.3737 -0.2555 0.6082 0.0025
Car 0.0000 0 -1.4644 663.1993 152.7842 698.7949 185.6422 1.8385 1.6664 4.0278 4.5217 0.2891 41.7027 -1.3553 0.0025
Car 0.0000 0 -4.1097 0.0000 0.0000 1224.0000 370.0000 1.4398 1.5453 3.8077 16.0311 0.9057 0.0865 -2.5632 0.0025
Car 0.0000 0 1.5080 0.0000 0.0000 1224.0000 370.0000 1.3752 1.5217 3.6445 8.9860 1.7072 0.1712 3.0255 0.0024
Car 0.0000 0 -1.8590 603.6548 168.5782 674.2175 209.7455 1.5899 1.6690 4.7673 1.3042 1.1310 29.8156 -1.8140 0.0024
Car 0.0000 0 -1.0141 1133.5541 160.4171 1224.0000 221.1007 1.5114 1.7090 4.0947 16.5572 1.0128 19.0350 -0.3049 0.0024
Car 0.0000 0 1.0774 687.7631 175.0907 788.3206 217.9985 1.4891 1.9249 4.3096 4.9085 1.3029 26.8797 1.2576 0.0024
Car 0.0000 0 -0.5219 0.0000 186.9101 114.2596 246.0211 1.5154 1.7095 4.0452 -17.0883 1.7254 20.7917 -1.2007 0.0024
Car 0.0000 0 -2.7970 0.0000 0.0000 1224.0000 370.0000 1.5991 1.6233 3.9610 19.4729 0.6581 1.1213 -1.2989 0.0024
Car 0.0000 0 1.7439 0.0000 179.6685 7.8988 233.3155 1.5551 1.6412 4.0634 -20.6059 1.5325 22.6487 1.0144 0.0024
Car 0.0000 0 0.6534 617.1636 168.8758 726.3615 210.8976 1.5144 1.7692 3.9609 2.5160 1.0970 27.4696 0.7454 0.0024
Car 0.0000 0 -0.2639 0.0000 0.0000 1224.0000 370.0000 1.4064 1.5261 3.3615 -12.3939 1.3984 0.9541 -1.7302 0.0024
Car 0.0000 0 1.8373 0.0000 179.5603 16.6460 232.0524 1.5149 1.7333 4.2709 -20.6527 1.4893 22.6975 1.1077 0.0024
Car 0.0000 0 0.5745 665.3442 164.8830 778.1078 208.7205 1.5773 1.8175 3.9635 4.4534 1.0169 27.4379 0.7353 0.0024
Car 0.0000 0 -2.0424 0.0000 189.4075 118.1483 241.3511 1.5026 1.6281 3.7299 -17.5232 1.8073 22.5155 -2.6953 0.0024
Car 0.0000 0 0.1413 601.6171 171.4657 714.5397 208.4828 1.4832 1.7069 4.5266 2.2315 1.1227 29.6460 0.2174 0.0024
Car 0.0000 0 -2.9043 603.2003 156.5906 688.3800 186.8927 1.7059 1.7017 4.6988 2.3837 0.3613 41.2983 -2.8451 0.0024
Car 0.0000 0 -2.1497 0.0000 174.6926 19.0565 219.5463 1.4784 1.6762 4.0789 -22.8704 1.2885 24.6192 -2.8900 0.0024
Car 0.0000 0 -1.5579 667.8007 153.1258 697.8543 185.6071 1.8101 1.6691 4.0719 4.5891 0.2860 41.5214 -1.4468 0.0024
Car 0.0000 0 -1.7715 616.0543 168.0265 675.8690 207.1434 1.5375 1.6742 4.4527 1.6352 1.0487 30.1092 -1.7160 0.0023
Car 0.0000 0 1.7099 0.0000 180.1602 7.0598 233.3280 1.5370 1.6847 4.1863 -20.5833 1.5287 22.6424 0.9808 0.0023
Cyclist 0.0000 0 -0.3180 0.0000 170.2479 19.3565 215.8338 1.8573 0.5348 2.1349 -26.1764 1.4411 29.8554 -1.0308 0.0023
Car 0.0000 0 -1.7298 624.9423 166.3523 681.3943 206.4638 1.5961 1.7161 4.5280 1.9680 1.0346 30.4632 -1.6642 0.0023
Car 0.0000 0 1.8728 0.0000 174.8174 38.5885 209.0658 1.6269 1.7550 4.0751 -30.4924 1.3584 35.8008 1.1734 0.0023
Car 0.0000 0 1.6027 633.0149 173.8425 675.6248 210.8674 1.3875 1.5878 3.8706 2.0203 1.1395 28.4981 1.6744 0.0023
Car 0.0000 0 -1.5639 639.9083 165.4828 683.5131 206.2718 1.6346 1.7464 4.4585 2.4481 1.0343 30.6273 -1.4831 0.0023
Pedestrian 0.0000 0 -0.9663 742.2416 158.0672 755.4236 181.7069 1.9726 0.8162 0.7320 12.1297 0.1019 59.5409 -0.7646 0.0023
Car 0.0000 0 0.0988 608.9736 172.9047 717.8609 209.4218 1.4672 1.7150 4.4026 2.4620 1.1635 29.6457 0.1825 0.0023
Car 0.0000 0 -2.8705 0.0000 0.0000 1224.0000 370.0000 1.6317 1.9384 3.8664 19.9260 0.5507 0.5674 -1.3430 0.0022
Car 0.0000 0 -2.3058 0.0000 180.0170 21.3245 231.1199 1.4956 1.5837 3.3159 -20.1413 1.4831 21.6343 -3.0464 0.0022
Car 0.0000 0 -2.6469 0.0000 0.0000 1224.0000 370.0000 1.4193 1.6619 2.9307 9.7444 1.4377 1.2383 -1.2336 0.0022
Car 0.0000 0 1.8300 643.0932 164.8696 702.5045 204.3647 1.5879 1.6217 3.8254 2.9674 0.9610 30.4976 1.9278 0.0022
Car 0.0000 0 1.8225 0.0000 0.0000 1224.0000 370.0000 1.6731 1.7146 4.0758 -11.5158 1.4486 0.5837 0.3320 0.0021
Car 0.0000 0 1.8934 0.0000 184.3114 33.0016 220.0534 1.3869 1.5499 3.2960 -25.5737 1.5579 29.6356 1.1885 0.0021
Car 0.0000 0 1.4252 679.4941 170.1507 729.1414 207.9135 1.4340 1.4713 3.6090 3.9394 1.0425 28.6547 1.5621 0.0021
Car 0.0000 0 -1.6122 677.2753 163.8900 719.4633 203.4140 1.5683 1.6053 3.8814 3.8882 0.9107 30.0539 -1.4831 0.0020
Car 0.0000 0 -1.7546 656.2734 153.8143 696.9105 185.6538 1.7852 1.6878 3.9266 4.1587 0.2904 41.6647 -1.6539 0.0020
Car 0.0000 0 3.1009 0.0000 177.1403 33.3971 213.6664 1.4625 1.4559 3.7609 -26.8696 1.3295 30.1305 2.3797 0.0020
Car 0.0000 0 2.1913 0.0000 176.6013 22.8043 232.2115 1.6221 1.6902 4.2080 -21.2045 1.5100 22.8092 1.4511 0.0020
Car 0.0000 0 -1.8799 1130.6044 165.9422 1224.0000 224.5005 1.4756 1.7889 4.1341 16.6306 1.1103 20.0624 -1.1939 0.0020
Car 0.0000 0 1.3953 683.5765 169.3843 739.2986 207.2126 1.4253 1.5737 3.7796 4.2012 1.0080 28.5467 1.5416 0.0020
Car 0.0000 0 -1.7526 615.6722 168.5526 675.3911 208.3588 1.5511 1.7126 4.5477 1.6026 1.0871 29.9105 -1.6978 0.0019
Car 0.0000 0 -1.4696 492.3716 178.3567 577.4840 239.1763 1.4123 1.7644 4.4344 -1.7512 1.3641 18.6399 -1.5599 0.0019
Car 0.0000 0 -2.5987 0.0000 0.0000 1224.0000 370.0000 1.3926 1.6970 3.2781 9.6838 1.4267 0.6368 -1.1253 0.0019
Car 0.0000 0 -0.7861 0.0000 0.0000 1224.0000 370.0000 1.5332 1.6235 3.4016 -16.2181 1.4830 0.5792 -2.2996 0.0019
Car 0.0000 0 -2.3285 656.7652 168.7724 757.1671 209.4998 1.4876 1.6472 3.9546 3.9209 1.0608 27.9096 -2.1887 0.0019
Car 0.0000 0 3.5479 0.0000 169.8625 18.5466 221.8669 1.6528 1.7831 4.2106 -22.9210 1.3163 24.0209 2.7944 0.0018
Car 0.0000 0 -1.3697 629.8766 166.3337 690.0715 206.2039 1.5789 1.7387 4.3217 2.4143 1.0194 30.3129 -1.2892 0.0018
Car 0.0000 0 -0.2946 0.0000 0.0000 1224.0000 370.0000 1.3769 1.4859 3.3478 -12.3939 1.4201 1.0143 -1.7561 0.0018
Car 0.0000 0 0.4107 0.0000 179.8527 121.7559 226.7696 1.5960 1.5996 3.8661 -19.8493 1.5755 25.2947 -0.2468 0.0018
Car 0.0000 0 -1.4878 634.9451 165.9025 683.7048 206.3176 1.6142 1.7379 4.3644 2.3946 1.0326 30.5280 -1.4085 0.0018
Car 0.0000 0 -1.3010 627.4864 168.1387 693.3752 207.9311 1.5557 1.6802 4.3469 2.4098 1.0739 29.9668 -1.2198 0.0018
Car 0.0000 0 0.5199 0.0000 181.8822 111.6128 228.2785 1.5828 1.7243 3.9221 -20.3119 1.6361 25.3263 -0.1483 0.0017
Car 0.0000 0 -0.8033 602.3013 170.9432 704.2186 209.8562 1.4751 1.6876 4.2218 2.0022 1.1143 28.8372 -0.7330 0.0017
Car 0.0000 0 -1.6884 470.9043 180.9722 553.9829 240.4108 1.3809 1.6712 4.3151 -2.6024 1.3965 18.7545 -1.8222 0.0017
Car 0.0000 0 2.1458 0.0000 184.0917 22.4921 233.4154 1.4345 1.5869 3.9036 -21.0710 1.5629 22.9103 1.4108 0.0017
Car 0.0000 0 -1.6545 491.4362 181.6779 570.3521 240.9333 1.3840 1.7299 4.0497 -2.1032 1.4204 18.7468 -1.7626 0.0017
Pedestrian 0.0000 0 0.0948 599.2659 170.6727 615.3578 209.3523 1.6844 0.6656 0.6490 0.0853 1.2579 31.1485 0.0992 0.0017
Car 0.0000 0 0.4474 665.0858 166.8688 789.5463 210.5007 1.5554 1.8604 4.3418 4.6399 1.0710 27.2133 0.6162 0.0017
Car 0.0000 0 -1.6240 665.0903 163.9881 710.3640 203.8211 1.6040 1.7138 4.1204 3.4898 0.9406 30.5756 -1.5098 0.0017
Car 0.0000 0 2.2757 0.0000 176.6300 28.3895 231.5079 1.6259 1.6599 4.0405 -21.2130 1.5128 22.9883 1.5391 0.0016
Car 0.0000 0 3.5749 0.0000 172.3905 16.0347 222.4690 1.5997 1.7492 4.0595 -22.9394 1.3422 24.0494 2.8215 0.0016
Car 0.0000 0 0.0427 585.8289 170.3646 709.9548 209.4403 1.5548 1.8309 4.9792 1.7712 1.1530 29.2969 0.1042 0.0016
Car 0.0000 0 0.1576 615.9684 174.8869 740.1158 210.9311 1.4187 1.7952 4.9017 3.0281 1.1993 29.3246 0.2611 0.0015
Car 0.0000 0 -1.7380 672.4957 170.3889 731.0271 210.0791 1.4872 1.7092 3.7794 3.7876 1.1098 28.4060 -1.6052 0.0015
Car 0.0000 0 0.4169 0.0000 182.6207 116.8000 228.9095 1.5694 1.6569 3.5065 -19.8486 1.6505 25.3011 -0.2406 0.0015
Car 0.0000 0 -0.4038 0.0000 0.0000 1224.0000 370.0000 1.3542 1.4405 3.1995 -12.4400 1.4293 0.9996 -1.8669 0.0015
Car 0.0000 0 1.9113 641.6399 165.5409 707.5366 204.2605 1.5608 1.6376 3.8666 3.0560 0.9593 30.5939 2.0116 0.0015
Car 0.0000 0 -1.7373 673.8807 168.4021 729.0025 208.1618 1.4851 1.5909 3.6120 3.7590 1.0347 28.2362 -1.6046 0.0015
Car 0.0000 0 0.8817 667.4558 165.7597 784.4544 210.7028 1.5876 1.9451 4.6620 4.5498 1.0684 27.4758 1.0457 0.0015
Car 0.0000 0 -1.8471 671.6415 168.4056 734.8575 208.6392 1.4994 1.5572 3.6291 3.8271 1.0502 28.2504 -1.7122 0.0014
Car 0.0000 0 0.4232 657.9167 165.9140 767.0362 207.7191 1.5233 1.6384 3.8625 4.1277 0.9934 27.4938 0.5724 0.0014
Car 0.0000 0 0.9468 673.4645 174.3646 791.3261 219.3471 1.5622 1.8713 5.0001 4.7248 1.3507 27.2084 1.1184 0.0013
Car 0.0000 0 3.5597 0.0000 171.6526 22.2345 222.8006 1.6372 1.7560 4.1327 -22.8255 1.3555 24.1288 2.8104 0.0013
Car 0.0000 0 1.8725 0.0000 178.3486 24.0934 211.2353 1.5536 1.8056 4.2363 -31.2182 1.4534 35.6982 1.1601 0.0013
Car 0.0000 0 0.4567 0.0000 181.3955 105.8099 227.9926 1.5851 1.7691 3.8058 -20.5057 1.6204 25.3665 -0.2154 0.0013
Pedestrian 0.0000 0 2.4351 1082.2650 186.4398 1224.0000 370.0000 1.6216 0.4298 0.8613 4.1474 1.6706 5.3761 3.0657 0.0013
Car 0.0000 0 2.2350 0.0000 181.0997 25.8313 233.9059 1.5554 1.6133 3.9111 -21.0787 1.5780 22.8741 1.4991 0.0012
Cyclist 0.0000 0 1.2200 587.4021 170.7420 616.0355 207.1661 1.5621 0.7040 1.7589 -0.1792 1.1451 31.2652 1.2161 0.0012
Pedestrian 0.0000 0 0.0026 600.7978 170.8560 614.3012 209.1747 1.6739 0.6286 0.5899 0.0933 1.2541 31.1980 0.0073 0.0012
Car 0.0000 0 1.3663 14.9390 190.7197 100.1614 241.9337 1.4688 1.4847 3.5946 -17.6511 1.8237 22.7041 0.7139 0.0011
Car 0.0000 0 2.1139 0.0000 180.5544 23.7202 233.5339 1.5692 1.6311 3.6922 -20.9362 1.5727 22.9076 1.3820 0.0011
Car 0.0000 0 0.6576 0.0000 179.5266 111.8889 223.4389 1.5305 1.5635 3.8474 -20.2397 1.4981 25.4326 -0.0067 0.0011
Car 0.0000 0 0.9756 668.5926 163.1702 771.4465 208.8386 1.6323 1.8194 4.3593 4.3549 1.0144 27.6261 1.1320 0.0011
Car 0.0000 0 0.3593 0.0000 182.7066 117.1069 229.5634 1.5751 1.6852 3.6358 -19.8536 1.6596 25.2306 -0.2996 0.0011
Car 0.0000 0 1.1921 662.7330 172.0316 727.7200 208.9369 1.3940 1.3581 3.6137 3.5572 1.0756 28.6214 1.3162 0.0011
Pedestrian 0.0000 0 1.4883 1121.1277 173.0762 1216.6460 370.0000 1.7064 0.4679 0.8568 4.1946 1.6568 5.3630 2.1255 0.0010
Cyclist 0.0000 0 0.8362 0.0000 0.0000 1224.0000 370.0000 1.6349 0.5194 1.8402 1.4019 1.7229 0.7133 1.7718 0.0010
Car 0.0000 0 1.3775 12.6544 191.4758 98.2680 242.7717 1.4605 1.5195 3.6119 -17.6733 1.8410 22.6452 0.7232 0.0010
Car 0.0000 0 -2.3966 634.2433 171.0399 745.6075 212.5619 1.5101 1.5923 4.4585 3.2375 1.1675 27.9186 -2.2807 0.0010
Car 0.0000 0 -0.0413 605.8234 172.2479 719.9372 209.5406 1.4968 1.8599 4.5833 2.3359 1.1671 29.3926 0.0388 0.0010
Car 0.0000 0 0.5111 0.0000 182.7294 110.2421 228.6681 1.5643 1.6743 3.7069 -20.2095 1.6491 25.2931 -0.1552 0.0010
Car 0.0000 0 0.0886 0.0000 0.0000 1224.0000 370.0000 1.9064 1.7039 3.9311 -4.3347 1.6761 1.5131 -1.0798 0.0010
Car 0.0000 0 1.2364 1033.6990 170.7354 1191.7664 245.1879 1.4796 1.6030 4.1804 11.4018 1.2872 16.2743 1.8400 0.0009
Car 0.0000 0 1.3006 680.6376 166.7896 743.9199 206.7979 1.4828 1.5683 3.5949 4.1617 0.9762 28.0796 1.4479 0.0009
Pedestrian 0.0000 0 1.0172 1071.4242 201.0388 1193.7781 370.0000 1.3865 0.3532 0.7959 3.8779 1.5544 5.3108 1.6216 0.0009
Car 0.0000 0 1.5975 639.8211 173.7113 684.8757 213.4920 1.4657 1.6608 4.8587 2.3574 1.2171 28.5513 1.6807 0.0009
Car 0.0000 0 0.0592 605.4927 174.8807 725.9121 212.1051 1.4795 1.8074 4.8361 2.5206 1.2577 29.3430 0.1457 0.0009
Cyclist 0.0000 0 1.2633 595.1936 171.3636 621.4393 207.4523 1.5507 0.6589 1.7630 0.1133 1.1596 31.3160 1.2686 0.0009
Car 0.0000 0 1.4264 673.4915 172.6556 718.7437 208.7373 1.3699 1.3353 3.3186 3.5987 1.0736 28.5104 1.5523 0.0009
Car 0.0000 0 0.5710 0.0000 182.5994 109.8090 228.7049 1.5822 1.6412 3.8604 -20.3311 1.6620 25.3537 -0.0971 0.0009
Pedestrian 0.0000 0 -1.6285 666.0274 162.4111 678.1305 193.0408 1.7150 0.6457 0.6083 3.7745 0.7036 39.8994 -1.5331 0.0009
Car 0.0000 0 1.6461 44.3144 186.7064 113.8808 238.3321 1.5112 1.5346 3.4185 -17.0466 1.7309 22.9950 1.0164 0.0009
Cyclist 0.0000 0 0.4151 663.0792 153.7944 703.8533 188.8328 1.9144 0.7929 2.1247 4.3698 0.4567 39.5028 0.5263 0.0009
Car 0.0000 0 1.1055 671.6855 163.6058 750.4501 205.7281 1.5514 1.6129 3.6393 4.0975 0.9307 28.0168 1.2509 0.0008
Pedestrian 0.0000 0 -1.6221 666.0589 162.6592 678.0500 192.9346 1.6960 0.6453 0.5644 3.7734 0.6980 39.9005 -1.5268 0.0008
Car 0.0000 0 0.1494 0.0000 188.8997 114.7663 233.5487 1.4633 1.5537 3.4658 -19.7343 1.7830 25.2579 -0.5062 0.0008
Car 0.0000 0 0.4411 614.8400 173.6479 716.8378 210.7617 1.3741 1.5252 3.6918 2.3453 1.1219 27.7591 0.5262 0.0008
Car 0.0000 0 2.1706 0.0000 181.6236 26.5443 233.9689 1.5446 1.6562 3.7515 -20.9606 1.5857 22.9119 1.4382 0.0008
Car 0.0000 0 -0.4554 613.5553 175.5131 721.7252 211.6583 1.4100 1.6578 4.1251 2.5525 1.2170 29.0908 -0.3672 0.0007
Car 0.0000 0 0.6797 628.9815 173.6286 723.8044 211.8255 1.4006 1.5817 3.4708 2.7292 1.1501 27.7018 0.7786 0.0007
Cyclist 0.0000 0 0.1834 662.1218 155.1503 699.4489 189.8880 1.9292 0.7286 1.9950 4.2700 0.5228 39.8978 0.2911 0.0007
Car 0.0000 0 0.3569 623.8658 171.4999 715.3369 208.8980 1.3997 1.4259 3.2932 2.5128 1.0644 27.8135 0.4477 0.0007
Pedestrian 0.0000 0 0.2812 591.5252 171.1732 610.8199 210.2496 1.6963 0.7043 0.6807 -0.1852 1.2929 31.1188 0.2770 0.0007
Car 0.0000 0 1.1726 672.3902 167.8621 735.8168 207.0028 1.4628 1.3837 3.1276 3.8570 0.9920 28.1097 1.3093 0.0007
Car 0.0000 0 1.2250 630.0468 173.6458 709.4997 213.5038 1.4530 1.6751 4.6064 2.4480 1.2047 28.2115 1.3123 0.0007
Car 0.0000 0 0.1914 638.0900 173.4865 731.4756 211.1728 1.4121 1.4709 3.4194 3.1145 1.1508 27.7015 0.3038 0.0006
Car 0.0000 0 1.0620 663.1055 165.2384 740.1130 207.3575 1.5591 1.4550 3.5961 3.7407 0.9957 28.1074 1.1947 0.0006
Car 0.0000 0 0.5972 657.2601 168.9876 756.2798 209.2705 1.4727 1.5923 3.5453 3.9102 1.0533 27.6254 0.7380 0.0006
Pedestrian 0.0000 0 -1.5872 669.4341 161.0658 684.2540 191.7098 1.7137 0.8210 0.6448 4.0415 0.6283 39.8911 -1.4852 0.0006
Car 0.0000 0 1.5310 677.2498 169.9987 714.6194 207.3134 1.4058 1.3457 3.2419 3.5732 1.0117 28.3059 1.6570 0.0006
Car 0.0000 0 -2.5635 629.9615 173.9731 751.0691 212.3576 1.4477 1.7022 4.7382 3.3909 1.2031 28.8339 -2.4460 0.0005
Car 0.0000 0 1.5070 675.4444 169.8038 715.1713 207.4717 1.4216 1.3677 3.1815 3.5469 1.0194 28.3085 1.6321 0.0005
Car 0.0000 0 0.3292 626.7126 172.4937 725.1096 210.4910 1.4210 1.5356 3.5549 2.7689 1.1231 27.8740 0.4289 0.0005
Car 0.0000 0 0.2834 631.7089 173.8973 718.6694 211.2655 1.3975 1.4015 3.1197 2.7269 1.1521 27.6686 0.3823 0.0005
Car 0.0000 0 0.6280 621.1243 175.1257 748.5955 213.3722 1.4237 1.7293 5.0803 3.1184 1.2251 28.6613 0.7369 0.0005
Pedestrian 0.0000 0 -1.3314 665.2921 162.7129 680.9938 192.9166 1.6745 0.7167 0.7629 3.8178 0.6898 39.6731 -1.2344 0.0005
Pedestrian 0.0000 0 -1.5669 669.8289 160.8053 684.3188 191.7152 1.7267 0.8060 0.6974 4.0580 0.6279 39.8813 -1.4645 0.0005
Car 0.0000 0 1.2556 658.3505 175.1852 717.9801 210.6268 1.3329 1.3151 3.6260 3.2593 1.1345 28.4939 1.3699 0.0005
Pedestrian 0.0000 0 -0.0615 601.7338 170.7989 612.1760 209.9871 1.7256 0.6478 0.4256 0.0651 1.2999 31.4649 -0.0577 0.0005
Car 0.0000 0 0.7140 628.1547 173.0009 726.8864 211.5677 1.4115 1.6147 3.7000 2.7694 1.1385 27.7711 0.8140 0.0005
Pedestrian 0.0000 0 -1.3320 665.2149 162.6161 681.3929 192.9125 1.6783 0.7452 0.7570 3.8239 0.6890 39.6431 -1.2348 0.0005
Pedestrian 0.0000 0 -0.0960 600.3105 171.4927 612.1656 209.5413 1.6751 0.6130 0.4706 0.0331 1.2800 31.4507 -0.0933 0.0005
Car 0.0000 0 1.4294 671.2151 169.7728 719.0813 208.3612 1.4473 1.4463 3.1580 3.5070 1.0465 28.1045 1.5539 0.0004
Car 0.0000 0 -2.5474 619.0280 173.0266 740.2819 213.8325 1.4834 1.6689 4.5910 2.8413 1.2132 27.8111 -2.4450 0.0004
Car 0.0000 0 1.1683 654.8525 173.2883 725.3491 210.6113 1.3964 1.3606 3.9837 3.3281 1.1281 28.5523 1.2848 0.0004
Car 0.0000 0 1.3703 662.4371 166.7394 717.9988 208.0395 1.5075 1.4614 3.5729 3.2404 1.0068 27.6448 1.4874 0.0004
Car 0.0000 0 0.3335 601.8759 174.0483 730.5301 212.6443 1.4767 1.7948 4.9171 2.4598 1.2314 28.8679 0.4193 0.0004
Car 0.0000 0 0.8858 640.3016 168.9008 722.1308 209.0518 1.4617 1.5340 3.1082 2.8844 1.0410 27.4558 0.9910 0.0003
Pedestrian 0.0000 0 -3.8050 1145.3662 154.5561 1214.4340 247.4782 1.6747 0.5183 0.8472 10.5180 1.2088 13.0001 -3.1350 0.0003
Car 0.0000 0 0.9039 624.8261 173.2437 725.2795 212.5253 1.4296 1.5973 4.3489 2.6501 1.1670 27.9870 0.9990 0.0003
Pedestrian 0.0000 0 -1.4342 590.7719 171.5754 607.6085 209.6942 1.6640 0.6688 0.5907 -0.2733 1.2759 31.1965 -1.4412 0.0003
Car 0.0000 0 1.3008 655.5446 169.2987 713.5129 208.2041 1.4501 1.4298 3.3872 3.0774 1.0341 28.1352 1.4103 0.0003
Car 0.0000 0 1.3567 663.6153 172.7014 716.5588 210.2874 1.4099 1.3955 3.4259 3.3199 1.1188 28.2889 1.4739 0.0003
Pedestrian 0.0000 0 0.0821 596.5995 171.7464 606.8007 210.8335 1.7202 0.6246 0.4039 -0.1642 1.3364 31.4386 0.0786 0.0003
Pedestrian 0.0000 0 0.1752 596.6887 170.6197 606.4015 210.7621 1.7654 0.6294 0.3272 -0.1713 1.3323 31.4279 0.1715 0.0003
Car 0.0000 0 -2.4815 623.1594 173.1792 741.8875 212.8170 1.4446 1.6244 4.6376 2.9559 1.1793 27.9567 -2.3757 0.0002
Car 0.0000 0 1.0369 641.6425 169.4940 713.8642 208.7350 1.4541 1.4621 3.0853 2.7915 1.0478 27.9021 1.1373 0.0002