Car 0.0000 0 -1.5718 627.2772 189.4209 657.0490 217.5931 1.4302 1.6069 3.8808 1.7816 2.4155 40.9195 -1.5293 0.9938
Car 0.0000 0 -1.5664 626.8158 189.3967 656.2789 217.8266 1.4442 1.5898 3.8519 1.7563 2.4272 40.8933 -1.5245 0.9899
Car 0.0000 0 -1.5621 626.5975 189.4858 656.4850 217.9395 1.4454 1.6131 3.8339 1.7645 2.4335 40.8922 -1.5200 0.9848
Car 0.0000 0 -1.5677 626.5252 189.4263 656.7771 217.8537 1.4457 1.6330 3.8010 1.7591 2.4296 40.8837 -1.5257 0.9734
Car 0.0000 0 -1.5700 626.8571 189.3371 656.8176 217.9528 1.4573 1.6183 3.8085 1.7663 2.4366 40.9112 -1.5279 0.9659
Car 0.0000 0 -1.5699 627.0893 189.2301 656.7737 217.8850 1.4577 1.6027 3.8818 1.7727 2.4319 40.9315 -1.5276 0.9568
Car 0.0000 0 -1.5625 627.2806 188.8900 657.3878 217.8916 1.4748 1.6256 4.0156 1.8141 2.4320 41.0008 -1.5193 0.9435
Car 0.0000 0 -1.5861 627.7809 189.4096 657.5592 217.6740 1.4395 1.6097 3.8298 1.7832 2.4239 40.9482 -1.5436 0.9156
Car 0.0000 0 -1.4953 0.0000 0.0000 1242.0000 375.0000 1.5241 1.6169 3.8900 19.3215 1.4628 -0.1824 0.0697 0.9052
Car 0.0000 0 -1.5680 626.2480 189.3660 656.5225 217.7241 1.4428 1.6351 3.8150 1.7446 2.4239 40.9103 -1.5264 0.9033
Car 0.0000 0 -1.5781 627.1313 189.2430 657.0425 217.9421 1.4654 1.6165 3.7326 1.7641 2.4377 40.8951 -1.5360 0.8965
Car 0.0000 0 -1.4693 0.0000 0.0000 1242.0000 375.0000 1.5245 1.6259 3.9421 19.3299 1.4659 -0.2120 0.0973 0.8796
Car 0.0000 0 -1.5782 626.8385 189.3038 656.9534 217.6749 1.4399 1.6250 3.9559 1.7542 2.4195 40.9464 -1.5364 0.8742
Car 0.0000 0 -1.5683 626.5670 189.4060 656.5969 217.8595 1.4440 1.6208 3.9339 1.7568 2.4296 40.9439 -1.5264 0.8742
Car 0.0000 0 -1.5307 0.0000 0.0000 1242.0000 375.0000 1.5333 1.5763 4.0136 19.3868 1.4635 -0.0910 0.0297 0.8712
Car 0.0000 0 -1.4936 0.0000 0.0000 1242.0000 375.0000 1.4881 1.6442 3.8307 19.3523 1.4856 -0.1809 0.0714 0.8372
Car 0.0000 0 -1.5250 0.0000 0.0000 1242.0000 375.0000 1.5023 1.6297 3.9032 19.3908 1.4964 -0.1762 0.0398 0.8301
Car 0.0000 0 -1.5021 0.0000 0.0000 1242.0000 375.0000 1.4999 1.6481 3.9145 19.3967 1.4855 -0.1809 0.0629 0.8001
Car 0.0000 0 -1.6292 0.0000 0.0000 1242.0000 375.0000 1.4697 1.6687 4.1387 19.4949 1.4809 0.0309 -0.0751 0.7724
Car 0.0000 0 -1.5654 626.9371 189.2314 656.9854 217.5132 1.4366 1.6220 3.8969 1.7837 2.4111 40.9320 -1.5228 0.7689
Car 0.0000 0 -1.4739 0.0000 0.0000 1242.0000 375.0000 1.5114 1.6208 3.8357 19.3249 1.4863 -0.1849 0.0913 0.7687
Car 0.0000 0 -0.5439 1109.9347 183.4478 1242.0000 338.3484 1.4052 1.6215 4.0344 8.1122 1.5410 7.9663 0.2317 0.7629
Car 0.0000 0 -1.5524 626.3896 189.4592 656.8349 217.7584 1.4371 1.6430 3.7923 1.7859 2.4225 40.8605 -1.5098 0.7555
Car 0.0000 0 -1.4434 0.0000 0.0000 1242.0000 375.0000 1.5441 1.6115 3.9732 19.3459 1.4853 -0.2711 0.1263 0.7536
Car 0.0000 0 -1.5329 0.0000 0.0000 1242.0000 375.0000 1.5437 1.5600 3.8878 19.3511 1.4761 -0.0604 0.0259 0.7398
Car 0.0000 0 -0.5852 1112.0448 182.4436 1242.0000 336.5879 1.4110 1.6358 4.1022 8.1683 1.5330 7.9508 0.1948 0.7147
Car 0.0000 0 -1.5887 626.8210 189.0117 657.0601 217.7197 1.4681 1.6331 3.7197 1.7359 2.4262 40.8884 -1.5473 0.6979
Car 0.0000 0 -0.5627 1100.9078 185.0756 1242.0000 340.4593 1.4143 1.5986 4.1199 8.0374 1.5701 7.9631 0.2084 0.6818
Car 0.0000 0 -1.6026 626.7421 188.7749 657.6071 217.6835 1.4743 1.6118 3.9167 1.7482 2.4211 40.9263 -1.5609 0.6764
Car 0.0000 0 -1.5517 0.0000 0.0000 1242.0000 375.0000 1.5020 1.6167 3.8310 19.3518 1.4970 -0.0323 0.0056 0.6741
Car 0.0000 0 -0.5975 1113.1371 185.2720 1242.0000 338.5048 1.4085 1.5549 4.0058 8.0938 1.5647 7.9327 0.1789 0.6402
Car 0.0000 0 -1.5510 627.2774 188.6365 657.2330 217.5498 1.4747 1.6179 3.8431 1.8284 2.4133 40.9184 -1.5073 0.6309
Car 0.0000 0 -1.5319 0.0000 0.0000 1242.0000 375.0000 1.5621 1.6009 4.0406 19.4147 1.4970 -0.1222 0.0301 0.5339
Car 0.0000 0 -0.5259 1115.7483 183.0348 1242.0000 336.2258 1.3890 1.5579 3.9714 8.1276 1.5193 7.9542 0.2514 0.5288
Car 0.0000 0 -1.5620 627.4042 188.8678 656.6707 216.6933 1.4161 1.5786 3.7426 1.7895 2.3649 40.8241 -1.5192 0.5156
Car 0.0000 0 -1.5820 0.0000 0.0000 1242.0000 375.0000 1.5492 1.6766 4.1789 19.5008 1.5125 -0.0498 -0.0237 0.5112
Car 0.0000 0 -0.5874 1104.2200 184.6163 1242.0000 337.6405 1.4138 1.5544 3.9967 7.9964 1.5623 7.9610 0.1812 0.4672
Car 0.0000 0 -1.5859 626.5057 188.9993 654.9925 216.5447 1.4098 1.5373 3.4059 1.6666 2.3588 40.6671 -1.5459 0.4464
Car 0.0000 0 -0.6066 1084.9746 183.1650 1242.0000 338.4584 1.4435 1.6202 4.2436 7.9169 1.5741 7.9835 0.1557 0.4412
Car 0.0000 0 -0.5168 1106.6873 184.7934 1242.0000 337.0966 1.3703 1.5604 4.0716 8.0736 1.5235 7.9602 0.2568 0.4328
Car 0.0000 0 1.7381 687.7665 183.0958 717.7994 204.7124 1.5019 1.6009 4.0264 6.9957 2.3042 54.3333 1.8650 0.3324
Car 0.0000 0 -1.4937 627.8543 189.0741 658.7010 217.4021 1.4467 1.4933 3.1084 1.8569 2.3909 40.3497 -1.4487 0.3267
Car 0.0000 0 1.7870 686.4553 184.2192 719.1060 206.3557 1.5318 1.6216 4.0062 6.9929 2.4216 54.3033 1.9138 0.3089
Car 0.0000 0 1.7915 686.3834 184.3172 718.7306 206.3130 1.5229 1.6050 3.8913 6.9675 2.4186 54.2490 1.9180 0.2795
Pedestrian 0.0000 0 1.7014 178.4700 181.2254 215.2179 277.2864 1.7605 0.5108 0.7499 -7.9099 1.9254 13.7411 1.1871 0.2592
Pedestrian 0.0000 0 1.6842 178.1784 180.3742 215.3669 277.5665 1.7784 0.5263 0.7751 -7.9048 1.9267 13.7307 1.1698 0.2524
Pedestrian 0.0000 0 1.5005 180.1904 184.8099 210.2007 274.9481 1.7002 0.4712 0.5678 -8.1446 1.9399 14.0715 0.9836 0.2450
Car 0.0000 0 -0.4313 1156.0165 183.8361 1242.0000 344.8128 1.3780 1.5182 3.6747 8.2753 1.5169 7.7309 0.3687 0.2377
Car 0.0000 0 1.7810 686.6263 184.9884 718.5242 206.9806 1.5186 1.6150 3.8483 6.9623 2.4656 54.2032 1.9075 0.2374
Car 0.0000 0 -0.6369 1089.2330 186.5304 1242.0000 345.1827 1.4795 1.5756 4.0983 7.8431 1.6500 7.9381 0.1233 0.2205
Car 0.0000 0 -0.6027 1090.3502 183.8909 1242.0000 337.9173 1.4570 1.7008 4.1099 8.0440 1.5998 8.1513 0.1575 0.2138
Car 0.0000 0 1.6911 686.5035 184.6569 713.6985 206.6226 1.5209 1.5820 3.8709 6.7797 2.4425 54.2486 1.8142 0.1959
Car 0.0000 0 -0.6562 1084.8323 185.7033 1242.0000 342.2248 1.4809 1.6294 4.1478 7.8724 1.6422 8.0120 0.1014 0.1853
Car 0.0000 0 1.6976 686.7308 184.7988 713.8217 206.6308 1.5142 1.5722 3.6749 6.7816 2.4441 54.1753 1.8209 0.1851
Car 0.0000 0 1.8217 688.5228 183.2850 721.9451 204.7049 1.4873 1.5921 3.8354 7.1613 2.3013 54.1971 1.9518 0.1819
Pedestrian 0.0000 0 -1.0322 233.7969 186.3106 266.3898 242.3398 1.6870 0.6961 0.5840 -11.1122 2.1073 22.1940 -1.4920 0.1785
Car 0.0000 0 1.6181 687.5572 183.2071 711.4023 204.9777 1.5135 1.5991 4.0072 6.7351 2.3230 54.2770 1.7404 0.1778
Pedestrian 0.0000 0 -1.0160 233.9671 186.0701 265.7637 242.4251 1.6976 0.6779 0.5674 -11.1200 2.1103 22.1947 -1.4761 0.1765
Car 0.0000 0 -3.7835 1105.8489 179.5428 1242.0000 336.6735 1.4399 1.5563 4.1666 7.9594 1.5219 7.7547 -3.0044 0.1757
Car 0.0000 0 -0.4654 1096.6335 180.8164 1242.0000 339.1775 1.4503 1.7297 4.1722 8.1848 1.5570 8.1947 0.3010 0.1715
Car 0.0000 0 -3.8020 1099.1265 178.5877 1242.0000 334.1120 1.4404 1.5407 4.0828 7.8116 1.5102 7.7428 -3.0316 0.1689
Car 0.0000 0 0.3704 1239.3115 182.3272 1242.0000 372.6003 1.3751 1.5594 3.4364 8.7910 1.4958 7.2792 1.2295 0.1640
Car 0.0000 0 1.6560 687.1127 185.5610 712.2722 207.3402 1.5083 1.5759 3.6588 6.7391 2.4975 54.1971 1.7785 0.1466
Car 0.0000 0 1.7298 609.1585 188.6994 631.6247 206.3361 1.5544 1.5629 3.9161 1.0094 3.1233 69.3600 1.7438 0.1447
Car 0.0000 0 1.6779 609.6014 187.9554 630.3900 204.4405 1.4487 1.5745 4.1127 0.9728 2.9474 69.4543 1.6913 0.1407
Car 0.0000 0 0.3513 1184.7063 186.1447 1242.0000 360.6376 1.3443 1.5360 3.5652 8.6264 1.5240 7.7927 1.1683 0.1379
Pedestrian 0.0000 0 2.3863 23.3831 199.2507 75.5922 293.5295 1.5251 0.4109 0.5669 -9.4902 1.9818 12.1578 1.7340 0.1376
Pedestrian 0.0000 0 3.3378 27.6006 199.1950 73.6819 293.6638 1.5327 0.4103 0.5431 -9.4849 1.9888 12.1771 2.6864 0.1303
Car 0.0000 0 1.7056 609.2655 187.8731 630.9445 204.8505 1.4989 1.5752 3.9323 0.9821 2.9869 69.4067 1.7191 0.1298
Car 0.0000 0 -3.6684 1124.0933 180.9065 1242.0000 339.7394 1.3922 1.5639 4.0283 8.1080 1.4931 7.7302 -2.8784 0.1294
Car 0.0000 0 -1.0492 0.0000 0.0000 1242.0000 375.0000 1.4642 1.6658 4.4653 35.4578 1.2071 1.2948 0.4768 0.1289
Car 0.0000 0 -3.6695 1067.3314 183.0070 1242.0000 340.0153 1.4401 1.7423 4.4256 7.9164 1.5739 8.1331 -2.9161 0.1268
Car 0.0000 0 -0.4536 1203.4689 183.2122 1242.0000 345.6653 1.3895 1.5046 3.3659 8.6125 1.5185 7.6480 0.3716 0.1241
Car 0.0000 0 -0.5373 1167.6091 184.0525 1242.0000 338.5995 1.3765 1.5504 3.7779 8.6054 1.5185 7.8637 0.2742 0.1238
Car 0.0000 0 1.6286 687.8773 185.7146 711.2673 207.0497 1.4748 1.5428 3.5184 6.7025 2.4710 53.9967 1.7508 0.1212
Car 0.0000 0 1.7997 611.6127 188.5571 636.8157 206.0711 1.5396 1.5762 3.9113 1.3766 3.0928 69.2595 1.8189 0.1210
Car 0.0000 0 0.4125 1201.7437 183.6063 1242.0000 362.2067 1.3551 1.5350 3.5674 8.6972 1.4982 7.6406 1.2431 0.1180
Car 0.0000 0 1.6159 607.2903 187.9320 625.6170 205.8996 1.5957 1.5930 3.9020 0.6276 3.0881 69.4082 1.6243 0.1125
Cyclist 0.0000 0 1.7178 172.5011 184.3397 217.6166 283.2256 1.7350 0.5021 1.6181 -7.9044 1.9669 13.6985 1.2024 0.1125
Car 0.0000 0 1.6032 686.2363 186.3290 710.0266 208.4795 1.5004 1.6292 3.8253 6.5168 2.5345 53.3357 1.7236 0.1125
Car 0.0000 0 0.4906 1229.4564 183.7652 1242.0000 366.1382 1.3697 1.5461 3.4599 8.8312 1.5117 7.5009 1.3376 0.1123
Car 0.0000 0 0.1989 1148.4727 181.8737 1242.0000 356.7032 1.3897 1.5509 3.7855 8.4313 1.5146 7.9498 0.9949 0.1114
Car 0.0000 0 1.6309 611.0154 188.6066 630.2312 206.2821 1.5599 1.6173 3.8897 1.0269 3.1155 69.2375 1.6451 0.1089
Car 0.0000 0 1.4961 685.4386 185.7543 710.0890 207.3586 1.4886 1.5510 3.5284 6.4690 2.4804 53.6558 1.6149 0.1084
Car 0.0000 0 1.7921 687.0254 185.2925 719.1679 206.9154 1.4881 1.5793 3.9150 7.0006 2.4591 54.1912 1.9193 0.1057
Car 0.0000 0 -0.5075 1103.5042 181.2310 1242.0000 337.7923 1.4484 1.7286 4.1718 8.2876 1.5601 8.2004 0.2648 0.1045
Car 0.0000 0 1.6019 607.3518 188.2325 625.1564 206.1590 1.5885 1.5939 3.8694 0.6063 3.1071 69.2684 1.6101 0.1044
Car 0.0000 0 1.7705 611.8058 188.5323 636.3951 206.2192 1.5550 1.6179 3.9136 1.3647 3.1047 69.2155 1.7896 0.1039
Car 0.0000 0 1.4998 602.9902 188.5771 622.5287 206.2240 1.5642 1.6094 3.7235 0.2230 3.1159 69.2749 1.5024 0.1026
Car 0.0000 0 1.6705 701.4261 185.0840 735.3986 214.8734 1.5722 1.5844 3.7775 6.2800 2.3149 41.7659 1.8180 0.1011
Car 0.0000 0 1.8615 687.8022 185.2082 722.0527 206.9211 1.4937 1.5930 3.5217 7.0772 2.4477 53.7644 1.9911 0.1007
Cyclist 0.0000 0 1.7740 166.4641 183.8475 218.7446 285.6933 1.7575 0.5009 1.7290 -7.8543 1.9779 13.5419 1.2565 0.0998
Car 0.0000 0 -0.5806 1224.1042 184.4607 1242.0000 342.9972 1.3846 1.5336 3.3730 8.8879 1.5269 7.6461 0.2604 0.0965
Car 0.0000 0 -0.7002 1140.1382 182.9175 1242.0000 330.2603 1.3972 1.6493 4.1869 8.5926 1.5238 8.0128 0.1014 0.0947
Car 0.0000 0 -2.8924 1133.2891 183.9408 1242.0000 354.4947 1.4138 1.6538 3.6662 8.4030 1.5714 8.2342 -2.1152 0.0938
Car 0.0000 0 -1.1113 0.0000 0.0000 1242.0000 375.0000 1.4465 1.6449 4.2646 35.4485 1.2638 1.3724 0.4125 0.0934
Car 0.0000 0 -2.8846 1130.7671 182.8367 1242.0000 348.9202 1.3767 1.6213 3.6515 8.3294 1.5180 8.1998 -2.1097 0.0918
Car 0.0000 0 0.5472 1214.3199 183.0659 1242.0000 358.5553 1.3838 1.5672 3.4560 8.8315 1.5200 7.7476 1.3787 0.0910
Car 0.0000 0 -1.8367 595.6943 188.4095 622.4360 206.0013 1.5510 1.6445 3.6930 -0.1362 3.0853 69.1470 -1.8392 0.0897
Pedestrian 0.0000 0 1.3593 211.6340 165.7082 246.4556 245.5608 1.9192 0.6081 0.8062 -9.4742 1.7479 17.8436 0.8770 0.0888
Car 0.0000 0 1.5067 603.5293 188.1004 622.6088 206.2048 1.6100 1.5880 3.7985 0.2532 3.1175 69.3810 1.5097 0.0885
Car 0.0000 0 -2.7270 1164.5421 184.2595 1242.0000 351.4218 1.3552 1.6053 3.5615 8.5854 1.5138 8.0619 -1.9287 0.0883
Car 0.0000 0 1.5879 607.8177 187.3878 625.1478 204.4187 1.5130 1.6060 3.9283 0.6301 2.9527 69.4686 1.5964 0.0880
Car 0.0000 0 1.5896 702.1721 185.5118 730.5757 215.4051 1.5868 1.5613 3.7177 6.1745 2.3570 41.9194 1.7342 0.0873
Car 0.0000 0 1.6041 701.9449 185.4023 731.2520 215.5846 1.5978 1.5653 3.8340 6.1926 2.3622 41.9047 1.7492 0.0871
Pedestrian 0.0000 0 1.5882 214.2758 164.3174 243.8917 244.3914 1.9258 0.6315 0.8005 -9.4634 1.7209 17.8497 1.1065 0.0864
Car 0.0000 0 -0.5592 1067.7778 185.8793 1242.0000 347.2503 1.5349 1.6933 4.0707 7.7919 1.7058 8.2491 0.1792 0.0851
Pedestrian 0.0000 0 1.7955 167.0732 183.9408 207.3657 277.0130 1.7100 0.5189 0.6927 -8.1035 1.9281 13.7588 1.2713 0.0836
Car 0.0000 0 1.5178 686.0516 184.9587 709.2105 206.6377 1.5110 1.5293 3.5579 6.5208 2.4504 54.1498 1.6365 0.0831
Car 0.0000 0 -4.4954 0.0000 0.0000 1242.0000 375.0000 1.4211 1.5764 4.0165 23.9868 1.6014 0.1591 -2.9435 0.0823
Car 0.0000 0 1.4939 684.1482 183.2547 710.1746 205.1836 1.5303 1.6255 4.1158 6.5099 2.3452 54.4197 1.6117 0.0823
Car 0.0000 0 1.7515 699.7778 184.4299 739.5969 214.9303 1.6056 1.6158 3.8351 6.3378 2.3073 41.6326 1.9008 0.0806
Car 0.0000 0 1.2577 595.5208 187.7584 623.4926 206.0271 1.6187 1.6107 3.7216 -0.0944 3.0911 69.2412 1.2558 0.0793
Car 0.0000 0 1.5073 685.2253 184.5462 709.5846 206.5285 1.5301 1.5673 3.8493 6.5152 2.4418 54.2750 1.6256 0.0782
Car 0.0000 0 -0.3935 0.0000 0.0000 1242.0000 375.0000 1.4641 1.6601 3.8004 35.1513 1.2484 1.3110 1.1316 0.0782
Car 0.0000 0 -3.3214 0.0000 0.0000 1242.0000 375.0000 1.3678 1.5416 3.6312 23.0481 1.5508 -0.1044 -1.7589 0.0774
Car 0.0000 0 1.9323 687.2949 183.9705 725.9679 205.6433 1.4969 1.5873 3.9449 7.2572 2.3636 54.1137 2.0643 0.0773
Car 0.0000 0 -0.8104 1215.4457 187.4894 1242.0000 332.1490 1.3770 1.5606 3.7000 9.0711 1.5537 7.8637 0.0272 0.0767
Car 0.0000 0 1.5516 687.0229 186.1470 709.7968 208.1735 1.4992 1.5898 3.7015 6.4795 2.5178 53.3478 1.6712 0.0766
Car 0.0000 0 1.9496 612.1246 188.8563 642.8618 206.0868 1.5086 1.6031 3.9588 1.6940 3.0926 69.2699 1.9734 0.0764
Car 0.0000 0 1.5233 604.2068 187.4444 622.7952 204.5225 1.5185 1.6017 3.8615 0.2953 2.9635 69.4743 1.5270 0.0754
Car 0.0000 0 1.7488 678.0591 184.9260 703.9684 202.8957 1.4875 1.6145 4.1376 7.2999 2.6110 64.9127 1.8598 0.0753
Car 0.0000 0 1.7718 611.6005 187.6972 636.0046 204.5864 1.4887 1.5931 3.9562 1.3399 2.9602 69.4018 1.7904 0.0740
Car 0.0000 0 0.4399 1223.4192 182.8851 1242.0000 375.0000 1.3658 1.5777 3.6834 8.7353 1.4953 7.2960 1.2947 0.0736
Pedestrian 0.0000 0 -1.5026 530.6710 182.3458 546.3824 219.3754 1.7366 0.7092 0.5185 -3.4284 2.1910 34.2446 -1.6022 0.0727
Car 0.0000 0 1.5989 678.7027 185.6658 697.7268 203.5018 1.4755 1.5926 4.1130 7.0421 2.6666 64.9124 1.7060 0.0716
Pedestrian 0.0000 0 -1.5727 531.1157 182.1501 546.1766 219.4518 1.7466 0.7057 0.5417 -3.4259 2.1921 34.2402 -1.6723 0.0716
Car 0.0000 0 1.5280 604.3101 187.5826 622.5530 204.2547 1.4761 1.5804 4.0148 0.2883 2.9371 69.5167 1.5316 0.0715
Pedestrian 0.0000 0 2.5635 313.2587 179.3900 376.5178 299.1908 1.7946 0.5921 0.7273 -4.2102 1.9018 11.3254 2.2143 0.0698
Pedestrian 0.0000 0 1.5006 220.1073 166.2868 250.6817 244.6542 1.9118 0.6321 0.7349 -9.4387 1.7519 18.0772 1.0250 0.0693
Pedestrian 0.0000 0 1.6670 219.5103 165.4665 250.7812 244.3738 1.9249 0.6239 0.7441 -9.4227 1.7450 18.0598 1.1918 0.0676
Car 0.0000 0 1.6078 607.3339 187.4252 625.2834 203.9180 1.4572 1.5829 4.0893 0.6153 2.9032 69.5004 1.6161 0.0672
Car 0.0000 0 -1.9834 589.4075 188.0343 621.2122 206.4046 1.6171 1.6437 3.8196 -0.4974 3.1136 69.0291 -1.9912 0.0667
Car 0.0000 0 0.2680 1175.0046 179.9735 1242.0000 364.5293 1.3985 1.5836 3.6790 8.4544 1.4938 7.6155 1.0860 0.0667
Car 0.0000 0 1.7747 611.1572 187.4423 636.0479 203.8570 1.4424 1.5987 4.1197 1.3239 2.8915 69.4689 1.7932 0.0664
Car 0.0000 0 1.3012 596.7693 186.9236 622.9384 203.7654 1.4948 1.5934 3.6504 -0.0596 2.8851 69.3045 1.2998 0.0655
Car 0.0000 0 -3.7980 1056.1248 187.4087 1242.0000 341.8952 1.4738 1.6098 3.9141 7.3679 1.6544 7.9957 -3.0724 0.0653
Car 0.0000 0 1.4624 673.6730 185.8625 696.6172 203.5615 1.4690 1.6096 4.1220 6.7155 2.6782 64.9861 1.5644 0.0651
Car 0.0000 0 1.6164 699.3566 184.8557 729.6808 214.8951 1.5898 1.5766 3.6659 6.0397 2.3161 41.6893 1.7586 0.0640
Car 0.0000 0 -2.8670 0.0000 0.0000 1242.0000 375.0000 1.4284 1.5800 3.4026 8.5418 1.4312 1.5844 -1.5125 0.0637
Car 0.0000 0 1.6596 685.1406 186.7315 712.2491 209.7161 1.5301 1.6260 3.9703 6.4831 2.5846 52.6922 1.7807 0.0621
Car 0.0000 0 1.6655 698.0400 185.9351 731.4595 215.7464 1.5573 1.5777 3.4231 5.9757 2.3375 41.1621 1.8079 0.0618
Car 0.0000 0 1.7825 678.2709 184.5795 704.7362 203.0798 1.5371 1.5786 3.9033 7.3189 2.6232 64.7107 1.8941 0.0597
Cyclist 0.0000 0 1.6590 182.8853 187.5014 217.7904 281.5858 1.6718 0.4386 1.5750 -7.9128 1.9703 13.8780 1.1486 0.0594
Pedestrian 0.0000 0 1.7436 166.2005 182.8832 205.8726 277.3091 1.7290 0.5296 0.7356 -8.1137 1.9265 13.7387 1.2182 0.0593
Car 0.0000 0 2.2279 673.8844 185.2053 714.8949 203.5885 1.5294 1.5816 3.9270 7.5616 2.6694 64.6158 2.3434 0.0589
Pedestrian 0.0000 0 2.5439 311.9871 178.9327 377.9509 299.6494 1.8061 0.6231 0.7527 -4.2096 1.9060 11.3290 2.1949 0.0576
Car 0.0000 0 1.6081 685.5405 186.8262 709.7610 209.3932 1.5104 1.6250 3.8674 6.4226 2.5736 52.8481 1.7277 0.0575
Pedestrian 0.0000 0 -1.8755 226.3687 184.6431 256.2552 242.7657 1.7362 0.6862 0.5463 -11.3714 2.1059 22.1627 -2.3450 0.0574
Car 0.0000 0 -1.6765 0.0000 0.0000 1242.0000 375.0000 1.4274 1.6720 4.0427 24.0293 1.5994 0.8799 -0.1546 0.0571
Car 0.0000 0 0.4509 0.0000 0.0000 1242.0000 375.0000 1.3758 1.5216 3.7262 22.2706 1.5907 -0.1295 2.0143 0.0556
Car 0.0000 0 -1.1381 1204.7247 183.3730 1242.0000 334.6399 1.4150 1.6389 3.8569 9.0369 1.5575 8.3431 -0.3308 0.0550
Car 0.0000 0 1.4327 683.2034 185.6525 710.1955 207.5291 1.5230 1.5306 3.5072 6.4380 2.5139 54.0699 1.5500 0.0544
Car 0.0000 0 -2.4440 1167.7992 184.3149 1242.0000 341.4667 1.3909 1.6279 3.5753 8.8131 1.5559 8.5058 -1.6586 0.0538
Car 0.0000 0 0.0460 0.0000 0.0000 1242.0000 375.0000 1.4728 1.7081 3.4638 34.5635 1.3081 1.6491 1.5605 0.0536
Pedestrian 0.0000 0 -1.6329 227.5889 185.1407 254.3052 242.8955 1.7266 0.6984 0.5652 -11.3871 2.1116 22.1672 -2.1030 0.0518
Car 0.0000 0 1.9204 678.8757 184.3947 711.1226 203.0344 1.5460 1.6066 3.9823 7.6255 2.6144 64.6319 2.0367 0.0510
Car 0.0000 0 1.9020 678.4818 184.0840 711.1782 202.9490 1.5645 1.6449 4.1940 7.6280 2.6077 64.7555 2.0182 0.0508
Car 0.0000 0 -0.0159 0.0000 0.0000 1242.0000 375.0000 1.4255 1.6716 3.3275 8.2326 1.4381 1.5252 1.3375 0.0506
Car 0.0000 0 -0.0383 0.0000 0.0000 1242.0000 375.0000 1.4578 1.6912 3.2591 8.1935 1.4522 1.7114 1.2926 0.0502
Car 0.0000 0 1.5953 699.0159 185.0598 728.8872 214.9996 1.5816 1.6248 3.6442 5.9966 2.3188 41.6200 1.7367 0.0499
Car 0.0000 0 1.6823 677.7358 184.6536 699.5071 202.9059 1.5207 1.5362 3.7782 7.0579 2.6125 64.7245 1.7899 0.0497
Car 0.0000 0 -2.5592 1159.4042 184.7485 1242.0000 346.9557 1.3904 1.6367 3.6138 8.7311 1.5611 8.3998 -1.7724 0.0478
Car 0.0000 0 -1.1403 0.0000 0.0000 1242.0000 375.0000 1.4443 1.6090 4.2002 35.3903 1.2595 1.3623 0.3838 0.0475
Pedestrian 0.0000 0 -1.0240 564.8438 184.1408 580.3060 218.6263 1.6684 0.5992 0.4767 -1.8783 2.2295 35.4882 -1.0772 0.0467
Car 0.0000 0 -4.2898 0.0000 0.0000 1242.0000 375.0000 1.4325 1.5473 3.9452 23.9210 1.5810 -0.0669 -2.7286 0.0466
Car 0.0000 0 -3.7485 1012.2305 192.3591 1242.0000 347.0089 1.4704 1.5986 3.8532 6.8166 1.7138 8.0421 -3.0642 0.0460
Car 0.0000 0 0.1797 0.0000 0.0000 1242.0000 375.0000 1.3600 1.5202 3.5601 22.6388 1.6168 -0.0746 1.7408 0.0458
Car 0.0000 0 -4.1700 0.0000 0.0000 1242.0000 375.0000 1.4302 1.5760 3.9595 23.6149 1.6002 -0.2017 -2.6032 0.0452
Car 0.0000 0 1.5508 699.8868 184.7541 727.7820 214.4940 1.5840 1.5151 3.6672 5.9544 2.3065 41.8691 1.6905 0.0444
Car 0.0000 0 -1.5546 0.0000 0.0000 1242.0000 375.0000 1.4228 1.6546 4.0930 24.1620 1.6275 0.4787 -0.0158 0.0444
Cyclist 0.0000 0 -1.5663 237.7505 182.8802 253.6102 239.4914 1.6861 0.4295 1.6701 -11.4662 2.0127 22.6299 -2.0309 0.0442
Car 0.0000 0 1.8340 675.6909 184.1119 703.6568 202.1515 1.4951 1.5814 3.6672 7.1055 2.5296 64.2828 1.9431 0.0442
Car 0.0000 0 1.5592 700.1751 184.6714 727.7702 214.5739 1.5947 1.5167 3.6064 5.9672 2.3114 41.8524 1.6992 0.0441
Car 0.0000 0 -1.0481 0.0000 0.0000 1242.0000 375.0000 1.4924 1.5586 4.0707 35.3339 1.3075 1.2430 0.4792 0.0441
Car 0.0000 0 1.8810 672.9531 184.9704 702.4705 202.9002 1.4792 1.5913 3.5979 6.9158 2.5899 64.1499 1.9874 0.0426
Cyclist 0.0000 0 1.2182 691.0076 178.9252 709.1475 207.9240 1.8794 0.6528 1.6849 5.9564 2.2914 48.0284 1.3403 0.0424
Pedestrian 0.0000 0 -1.2821 565.6377 183.5362 580.0322 218.1376 1.6777 0.5892 0.5019 -1.8644 2.2081 35.4872 -1.3349 0.0417
Car 0.0000 0 1.2660 0.0000 0.0000 1242.0000 375.0000 1.4239 1.5835 3.9956 21.5759 1.5876 0.0676 2.8200 0.0416
Car 0.0000 0 1.7318 677.3256 184.6942 700.8904 203.1223 1.5340 1.5341 3.6601 7.0834 2.6261 64.5579 1.8401 0.0412
Car 0.0000 0 1.3064 677.3120 185.1118 710.5524 206.9702 1.5155 1.5503 3.7230 6.2358 2.4695 54.1754 1.4198 0.0405
Car 0.0000 0 1.6984 675.1108 184.7612 697.4507 202.7938 1.4975 1.5384 3.6414 6.8171 2.5935 64.4405 1.8028 0.0404
Pedestrian 0.0000 0 1.0931 4.8707 191.5549 52.3197 295.2793 1.6932 0.4115 0.5687 -9.8746 2.0175 12.1897 0.4227 0.0403
Car 0.0000 0 -1.5438 0.0000 0.0000 1242.0000 375.0000 1.4299 1.6375 4.0177 24.1327 1.6287 0.4941 -0.0057 0.0402
Pedestrian 0.0000 0 2.5219 306.4184 181.2022 375.8425 303.4904 1.7915 0.6241 0.7890 -4.1972 1.9266 11.1379 2.1685 0.0390
Car 0.0000 0 2.2609 675.2169 184.8970 714.9715 203.0497 1.5126 1.4957 3.7265 7.5928 2.6181 64.3778 2.3772 0.0389
Pedestrian 0.0000 0 1.7953 170.7270 182.4777 212.9763 280.4491 1.7592 0.5220 0.7684 -7.8547 1.9454 13.4843 1.2760 0.0387
Pedestrian 0.0000 0 1.7987 171.0571 183.3904 212.8787 280.9590 1.7536 0.5208 0.7347 -7.8533 1.9572 13.4846 1.2795 0.0386
Car 0.0000 0 -1.6346 0.0000 0.0000 1242.0000 375.0000 1.4570 1.6818 4.1070 24.1435 1.5978 0.8762 -0.1124 0.0383
Car 0.0000 0 1.9399 679.3661 184.0973 711.4087 202.6589 1.5421 1.5648 3.8540 7.6447 2.5801 64.5182 2.0568 0.0377
Car 0.0000 0 2.2815 671.5106 184.8501 712.1741 203.0227 1.5161 1.5425 3.7460 7.3117 2.6189 64.4633 2.3934 0.0377
Car 0.0000 0 2.2461 670.5953 184.9003 711.7040 203.4108 1.5450 1.5886 3.8784 7.2763 2.6574 64.6702 2.3572 0.0377
Car 0.0000 0 1.7503 703.9834 185.8442 744.1456 215.4810 1.5491 1.6206 3.9576 6.6058 2.3390 41.7187 1.9056 0.0376
Car 0.0000 0 1.5056 701.0159 185.7326 733.1949 215.5238 1.5892 1.6003 3.7793 6.1747 2.3761 42.1170 1.6495 0.0375
Cyclist 0.0000 0 -2.1536 158.7693 188.7566 235.9394 284.2429 1.7150 0.4981 1.5693 -7.9119 2.0308 13.7291 -2.6685 0.0374
Car 0.0000 0 1.1355 673.8727 185.9605 712.8896 208.1118 1.5288 1.5078 3.6266 6.1819 2.5469 54.0707 1.2481 0.0374
Car 0.0000 0 1.7838 678.9448 184.7525 704.6406 203.1663 1.5304 1.5324 3.7537 7.3308 2.6296 64.6053 1.8957 0.0373
Car 0.0000 0 2.2733 676.6198 185.0397 718.0447 203.1551 1.5052 1.5852 3.8088 7.7892 2.6241 64.3517 2.3926 0.0371
Car 0.0000 0 -2.7019 1122.1254 183.8624 1242.0000 343.9168 1.3932 1.6262 3.6508 8.4330 1.5544 8.5483 -1.9410 0.0370
Car 0.0000 0 1.9316 677.7209 184.1122 709.6180 202.4327 1.5154 1.5917 3.7850 7.4584 2.5501 64.2423 2.0462 0.0369
Car 0.0000 0 -2.2328 1203.8599 183.4659 1242.0000 344.2238 1.4152 1.6543 3.6400 9.1053 1.5691 8.5192 -1.4318 0.0368
Car 0.0000 0 0.0336 0.0000 0.0000 1242.0000 375.0000 1.4696 1.7054 3.3724 8.0013 1.4776 1.7525 1.3540 0.0367
Car 0.0000 0 0.6562 1225.3680 180.3331 1242.0000 375.0000 1.4137 1.6279 3.8950 8.5538 1.5084 7.1086 1.5130 0.0366
Car 0.0000 0 1.7811 676.5163 184.5819 702.0726 202.9395 1.5245 1.5490 3.6270 7.0826 2.6035 64.3934 1.8896 0.0365
Pedestrian 0.0000 0 1.2144 5.9153 190.4398 52.6653 295.7492 1.7144 0.4483 0.5693 -9.8691 2.0204 12.1964 0.5446 0.0363
Pedestrian 0.0000 0 -1.3776 525.9413 181.8878 542.6553 218.8502 1.7315 0.6981 0.5448 -3.6296 2.1645 34.2481 -1.4830 0.0361
Car 0.0000 0 1.5896 701.1867 186.9839 732.4352 216.3267 1.5480 1.7222 3.9111 6.2316 2.4139 42.1252 1.7348 0.0358
Car 0.0000 0 0.2286 0.0000 0.0000 1242.0000 375.0000 1.4754 1.7367 3.9190 35.4364 1.2376 1.9597 1.7358 0.0354
Car 0.0000 0 1.7492 676.9867 184.3519 701.0614 202.8804 1.5446 1.5260 3.6265 7.0726 2.6045 64.5292 1.8573 0.0352
Car 0.0000 0 -2.3010 1201.7664 185.1928 1242.0000 341.4153 1.3509 1.6090 3.5670 8.9877 1.5258 8.3645 -1.4976 0.0351
Car 0.0000 0 1.9084 612.4174 187.4984 642.6035 204.3687 1.4812 1.6452 4.0825 1.6999 2.9341 69.3670 1.9323 0.0351
Car 0.0000 0 -0.3889 0.0000 0.0000 1242.0000 375.0000 1.4507 1.6519 3.8299 34.8350 1.2843 1.2204 1.1384 0.0350
Car 0.0000 0 -3.8200 1043.2864 189.8683 1242.0000 342.9450 1.4616 1.5820 3.9147 7.1596 1.6695 7.9395 -3.1053 0.0343
Car 0.0000 0 1.4037 669.1758 185.2885 693.5653 202.9777 1.4722 1.5508 3.8644 6.3597 2.6238 64.8172 1.5005 0.0342
Car 0.0000 0 -2.8291 1091.3181 184.7390 1242.0000 357.1245 1.4122 1.6469 3.8065 7.9426 1.5826 8.2555 -2.0813 0.0341
Car 0.0000 0 1.3806 0.0000 0.0000 1242.0000 375.0000 1.4265 1.5969 3.7057 22.2802 1.6107 0.2664 2.9261 0.0334
Car 0.0000 0 1.7868 673.6130 184.8623 699.3046 202.5448 1.4658 1.5594 3.5476 6.8251 2.5693 64.3573 1.8915 0.0333
Car 0.0000 0 1.5598 676.4487 185.0362 694.4465 203.1275 1.5070 1.5561 3.8598 6.7288 2.6348 64.7796 1.6623 0.0332
Pedestrian 0.0000 0 -1.9225 564.4825 170.3259 583.3535 210.6113 1.8624 0.6222 0.8699 -1.7370 1.7459 33.8769 -1.9739 0.0331
Car 0.0000 0 0.0792 0.0000 0.0000 1242.0000 375.0000 1.4736 1.7003 3.3916 7.9938 1.4721 1.5644 1.4217 0.0331
Car 0.0000 0 2.5238 674.5818 185.3392 719.6123 203.1879 1.4924 1.5230 3.7925 7.7255 2.6293 64.1071 2.6427 0.0331
Car 0.0000 0 -2.9029 507.3860 185.9072 581.7870 218.3298 1.4879 1.5201 3.3207 -3.1773 2.1378 34.9077 -2.9936 0.0329
Car 0.0000 0 1.8284 678.4987 184.3417 705.4468 202.8392 1.5408 1.5077 3.7030 7.3440 2.6012 64.5811 1.9406 0.0329
Car 0.0000 0 1.4013 0.0000 0.0000 1242.0000 375.0000 1.3934 1.6045 3.9720 22.2866 1.6144 0.1619 2.9516 0.0327
Car 0.0000 0 -2.3945 1147.7905 184.0373 1242.0000 339.7271 1.4119 1.6382 3.7872 8.7706 1.5780 8.7541 -1.6254 0.0324
Car 0.0000 0 1.6803 684.0180 184.9000 712.2934 208.7635 1.5934 1.6189 4.0119 6.4181 2.5056 52.4724 1.8008 0.0324
Car 0.0000 0 0.4333 1134.7169 182.3356 1242.0000 359.1634 1.4269 1.5301 3.4983 8.0435 1.5565 7.9309 1.2068 0.0318
Car 0.0000 0 0.4384 0.0000 0.0000 1242.0000 375.0000 1.4298 1.5718 3.8098 22.3211 1.5686 -0.2492 2.0072 0.0317
Pedestrian 0.0000 0 2.8763 309.8158 182.3133 374.8246 304.0214 1.7794 0.6364 0.8013 -4.1785 1.9320 11.1142 2.5236 0.0316
Pedestrian 0.0000 0 -1.7918 565.2593 170.3629 582.5524 210.4215 1.8520 0.6249 0.9114 -1.7383 1.7372 33.8779 -1.8433 0.0314
Car 0.0000 0 1.2048 0.0000 0.0000 1242.0000 375.0000 1.4774 1.6280 4.0974 21.7761 1.5762 -0.0571 2.7647 0.0311
Pedestrian 0.0000 0 -1.5986 530.6314 181.6332 546.1099 218.2311 1.7054 0.7124 0.5163 -3.4234 2.1239 34.0656 -1.6986 0.0311
Car 0.0000 0 1.6679 675.1043 184.8852 696.0404 203.1915 1.5274 1.5296 3.5832 6.7707 2.6370 64.6144 1.7713 0.0310
Pedestrian 0.0000 0 -0.0675 509.7358 175.4872 518.5112 200.7856 1.9573 0.7371 0.6304 -7.5133 2.1649 56.3349 -0.1998 0.0310
Car 0.0000 0 -1.5917 0.0000 0.0000 1242.0000 375.0000 1.4144 1.6433 3.9577 23.9493 1.6254 0.5355 -0.0556 0.0307
Car 0.0000 0 -1.8798 0.0000 0.0000 1242.0000 375.0000 1.4415 1.5921 3.9713 21.8003 1.6281 0.2830 -0.3355 0.0300
Car 0.0000 0 1.8674 678.5468 184.5280 707.6143 203.0694 1.5392 1.5680 3.7101 7.4283 2.6149 64.4454 1.9811 0.0299
Car 0.0000 0 1.3188 0.0000 0.0000 1242.0000 375.0000 1.4053 1.6031 4.0063 21.9395 1.6139 0.0980 2.8717 0.0291
Car 0.0000 0 1.2297 0.0000 0.0000 1242.0000 375.0000 1.4649 1.6718 4.2104 22.0941 1.6014 -0.0929 2.7913 0.0291
Car 0.0000 0 -2.7071 1073.8909 185.6094 1242.0000 347.5051 1.4131 1.6523 3.6831 7.8652 1.6018 8.6315 -1.9857 0.0288
Pedestrian 0.0000 0 -1.4630 525.9714 181.7543 542.0883 218.8740 1.7396 0.7042 0.5691 -3.6405 2.1658 34.2342 -1.5687 0.0287
Car 0.0000 0 1.5827 685.6664 184.6581 709.0778 208.1772 1.5777 1.6292 3.9473 6.3519 2.4713 52.5335 1.7018 0.0287
Car 0.0000 0 1.6817 675.1728 184.6584 696.3606 202.9188 1.5231 1.5063 3.5468 6.7781 2.6100 64.5208 1.7853 0.0284
Cyclist 0.0000 0 -2.0869 210.6277 181.6189 261.5445 242.4536 1.7978 0.6539 1.6802 -11.5926 2.0776 22.2655 -2.5625 0.0284
Car 0.0000 0 1.9987 675.5862 184.4106 707.4360 202.3913 1.4913 1.5257 3.4408 7.2461 2.5485 64.1113 2.1102 0.0281
Car 0.0000 0 -2.1863 1191.3374 181.3075 1242.0000 340.9567 1.4481 1.6794 3.7226 9.0834 1.5740 8.7293 -1.3983 0.0277
Car 0.0000 0 -2.2088 1184.8345 181.8477 1242.0000 341.5017 1.4352 1.6639 3.8377 9.0544 1.5696 8.7316 -1.4225 0.0273
Car 0.0000 0 1.8387 1226.1246 166.3239 1242.0000 213.8668 1.5022 1.5587 3.5640 22.4694 1.2963 24.4086 2.5765 0.0271
Car 0.0000 0 0.2861 496.9582 186.1740 581.0922 218.6600 1.4849 1.6227 3.7657 -3.4624 2.1540 35.0694 0.1878 0.0267
Car 0.0000 0 2.6523 675.9800 185.3835 722.0314 203.1400 1.4908 1.5736 3.7538 7.8691 2.6265 63.9725 2.7736 0.0265
Car 0.0000 0 -1.5258 0.0000 0.0000 1242.0000 375.0000 1.4127 1.6383 3.8916 23.7244 1.6214 0.4640 0.0130 0.0265
Car 0.0000 0 -2.0924 1226.0745 182.2048 1242.0000 345.2455 1.4433 1.6498 3.6814 9.2845 1.5812 8.6120 -1.2869 0.0262
Cyclist 0.0000 0 2.0420 133.8956 182.3668 215.9644 285.0517 1.7615 0.5263 1.8370 -8.1291 1.9520 13.4813 1.5077 0.0253
Car 0.0000 0 -0.2339 0.0000 0.0000 1242.0000 375.0000 1.4381 1.6616 3.6877 34.5238 1.3452 1.3242 1.2900 0.0250
Cyclist 0.0000 0 1.5453 814.3635 188.2220 845.8589 286.6432 1.6169 0.4789 1.6459 3.8885 1.9119 12.9754 1.8290 0.0250
Car 0.0000 0 0.2756 0.0000 0.0000 1242.0000 375.0000 1.4865 1.6757 3.5148 7.7217 1.4901 1.7278 1.5903 0.0248
Pedestrian 0.0000 0 1.9435 386.1287 175.9656 420.1333 259.8813 1.8222 0.5333 0.6304 -4.6398 1.8932 16.0297 1.6654 0.0247
Pedestrian 0.0000 0 1.4742 305.7662 181.4575 350.8109 301.9310 1.8098 0.5947 0.7303 -4.4961 1.9512 11.3621 1.1045 0.0242
Pedestrian 0.0000 0 -1.0212 508.1238 176.3116 519.9273 201.6443 1.9520 0.6981 0.6032 -7.4904 2.2233 56.1265 -1.1537 0.0242
Car 0.0000 0 1.8928 1211.5444 161.9026 1242.0000 211.1672 1.5400 1.6156 3.7378 21.9536 1.1981 24.1801 2.6237 0.0242
Pedestrian 0.0000 0 -0.1563 515.9996 179.1465 528.8423 210.1825 1.8673 0.6807 0.6792 -5.3760 2.2551 44.0000 -0.2776 0.0240
Pedestrian 0.0000 0 -0.7751 507.8088 176.7129 519.8622 202.1054 1.9537 0.6845 0.6302 -7.5041 2.2567 56.1120 -0.9078 0.0238
Pedestrian 0.0000 0 1.8053 184.5906 183.1595 226.5294 280.1150 1.7312 0.5110 0.7755 -7.5607 1.9295 13.4167 1.3001 0.0237
Pedestrian 0.0000 0 -1.5656 530.4781 181.6863 545.8892 218.3219 1.7068 0.7182 0.5180 -3.4265 2.1275 34.0444 -1.6658 0.0235
Car 0.0000 0 -1.8091 663.3588 185.3105 691.3271 203.3426 1.4991 1.6144 3.9287 6.0013 2.6554 64.8933 -1.7179 0.0234
Car 0.0000 0 1.5442 686.6175 183.2574 710.7318 208.0421 1.6692 1.6202 3.7843 6.3543 2.4504 52.1955 1.6641 0.0232
Car 0.0000 0 -1.6688 0.0000 0.0000 1242.0000 375.0000 1.4379 1.7091 4.1092 24.3197 1.5849 0.8689 -0.1459 0.0232
Pedestrian 0.0000 0 1.7001 187.2053 183.5613 224.6133 280.9005 1.7374 0.5124 0.7392 -7.5521 1.9433 13.4101 1.1952 0.0230
Car 0.0000 0 2.3870 667.0037 184.6559 713.6938 203.1252 1.5525 1.6566 4.1857 7.2400 2.6478 65.0204 2.4968 0.0229
Pedestrian 0.0000 0 -0.4272 515.3256 177.7214 528.7704 208.3894 1.8590 0.6959 0.5837 -5.4377 2.1614 44.3267 -0.5490 0.0225
Car 0.0000 0 -0.5048 0.0000 0.0000 1242.0000 375.0000 1.4507 1.6571 4.0428 35.0801 1.2492 1.0006 1.0291 0.0223
Car 0.0000 0 -3.5244 1170.7893 165.0025 1242.0000 210.5089 1.4900 1.5683 3.8364 22.0015 1.2333 24.9909 -2.8086 0.0216
Cyclist 0.0000 0 1.8440 153.9830 187.0373 210.8564 284.9982 1.7051 0.4974 1.6216 -8.1079 1.9904 13.6487 1.3161 0.0215
Pedestrian 0.0000 0 -0.6524 505.5481 176.1989 516.6657 200.8504 1.9049 0.7506 0.5084 -7.7456 2.1685 56.3196 -0.7888 0.0215
Pedestrian 0.0000 0 -0.2010 509.1394 175.1695 518.5283 200.3631 1.9481 0.7470 0.5887 -7.5340 2.1306 56.3215 -0.3337 0.0212
Car 0.0000 0 1.2932 677.6175 185.5361 709.8069 207.7556 1.5371 1.5140 3.3423 6.1706 2.5127 53.7093 1.4064 0.0210
Pedestrian 0.0000 0 -0.9677 559.2700 183.3656 577.7845 217.9553 1.6693 0.7061 0.5789 -2.0785 2.1933 35.5102 -1.0264 0.0210
Car 0.0000 0 -0.3488 676.1133 184.6844 727.5676 202.9459 1.5456 1.7029 4.2010 8.1184 2.6174 64.0439 -0.2238 0.0209
Car 0.0000 0 -4.3954 0.0000 0.0000 1242.0000 375.0000 1.4060 1.5505 3.8107 23.7387 1.6005 0.1014 -2.8413 0.0208
Pedestrian 0.0000 0 -1.2084 559.7932 183.4742 576.6038 217.5392 1.6465 0.6603 0.5886 -2.0922 2.1748 35.4879 -1.2675 0.0206
Pedestrian 0.0000 0 1.5412 19.0126 197.1270 53.7622 301.7353 1.6393 0.4336 0.5863 -9.4675 2.0502 11.8374 0.8774 0.0205
Car 0.0000 0 2.0992 678.7203 184.3855 719.7466 203.1470 1.5504 1.7269 4.2787 8.0007 2.6185 64.5843 2.2214 0.0204
Car 0.0000 0 -2.6859 503.0287 187.1007 578.1860 219.5385 1.4643 1.5137 3.2985 -3.3969 2.1810 34.9878 -2.7826 0.0203
Cyclist 0.0000 0 -2.3049 147.1813 190.5035 232.5869 283.0789 1.6903 0.4961 1.5690 -8.1073 2.0407 13.8323 -2.8271 0.0200
Pedestrian 0.0000 0 -1.5127 506.4147 177.3894 515.9975 202.4894 1.9357 0.7037 0.6261 -7.7056 2.2909 56.1044 -1.6490 0.0200
Car 0.0000 0 -2.6392 1065.7329 182.9413 1242.0000 362.3810 1.4317 1.6727 3.9360 7.5225 1.5756 8.1284 -1.9111 0.0198
Car 0.0000 0 1.5625 0.0000 0.0000 1242.0000 375.0000 1.4246 1.6361 4.0525 23.6917 1.6112 0.4349 3.1024 0.0198
Pedestrian 0.0000 0 -1.2701 248.8921 171.1224 287.8068 256.4120 1.8143 0.5497 0.8198 -7.5159 1.7778 15.7896 -1.7083 0.0198
Pedestrian 0.0000 0 -2.1439 197.0341 172.5264 240.0714 249.1314 1.8402 0.5945 0.8012 -9.6965 1.8327 17.7838 -2.6371 0.0198
Pedestrian 0.0000 0 -2.0014 523.3246 179.5791 543.0371 218.5263 1.8039 0.7650 0.5469 -3.6593 2.1252 33.9961 -2.1084 0.0198
Pedestrian 0.0000 0 -1.9892 371.2036 177.2608 406.3713 260.1671 1.7673 0.5213 0.6448 -4.9080 1.8669 15.8365 -2.2858 0.0198
Car 0.0000 0 1.5160 695.8859 185.1472 726.3288 215.1478 1.5826 1.5251 3.4915 5.7206 2.3181 41.3394 1.6519 0.0197
Pedestrian 0.0000 0 2.5496 330.1649 182.2235 395.7396 301.0943 1.7744 0.6456 0.7412 -3.9306 1.9284 11.3356 2.2221 0.0197
Car 0.0000 0 2.4894 664.6457 184.9574 710.2990 203.3700 1.5544 1.5992 3.9139 6.9530 2.6710 64.8441 2.5952 0.0195
Pedestrian 0.0000 0 2.7306 240.0526 171.8037 283.5196 257.9086 1.7925 0.5246 0.6869 -7.5051 1.7710 15.4497 2.2847 0.0193
Car 0.0000 0 0.4230 1122.0127 177.8498 1242.0000 356.7710 1.4458 1.5467 3.4237 7.7685 1.5133 7.8095 1.1866 0.0192
Car 0.0000 0 0.6960 1163.1555 176.7869 1242.0000 369.8850 1.4583 1.5702 3.7311 7.9601 1.5098 7.4446 1.4948 0.0190
Car 0.0000 0 1.3513 677.3735 184.6363 710.0970 206.6203 1.5244 1.5905 4.0758 6.2433 2.4477 54.4042 1.4644 0.0187
Pedestrian 0.0000 0 -0.4626 515.0441 178.8254 529.9672 209.9344 1.8688 0.6849 0.6675 -5.3688 2.2371 43.9917 -0.5838 0.0185
Pedestrian 0.0000 0 -1.8698 373.9975 176.5161 404.4849 259.3890 1.7703 0.4796 0.6173 -4.8983 1.8530 15.8347 -2.1658 0.0185
Cyclist 0.0000 0 1.4498 804.7972 185.8749 844.7572 283.4692 1.6596 0.4870 1.7065 3.9083 1.9174 13.3825 1.7268 0.0185
Car 0.0000 0 -3.2213 671.1969 183.8009 720.5341 201.8500 1.5429 1.6424 4.2021 7.5251 2.5229 63.6660 -3.1047 0.0184
Cyclist 0.0000 0 -1.6898 215.1864 179.8756 246.2614 239.6454 1.7670 0.6671 1.6422 -11.8317 1.9938 22.3981 -2.1712 0.0184
Pedestrian 0.0000 0 1.8911 154.3265 187.5240 199.8198 282.1195 1.6977 0.5251 0.7240 -8.1304 1.9806 13.4833 1.3568 0.0184
Car 0.0000 0 -2.7663 503.3999 187.2361 577.3419 219.4134 1.4630 1.5063 3.2469 -3.4040 2.1848 35.0210 -2.8631 0.0183
Pedestrian 0.0000 0 -0.2975 515.6640 177.2676 528.2260 208.2025 1.8764 0.7239 0.5790 -5.4460 2.1507 44.3390 -0.4195 0.0182
Car 0.0000 0 -3.7391 1172.0557 166.5487 1242.0000 209.5826 1.4304 1.6158 3.7920 22.0242 1.2212 25.0065 -3.0230 0.0181
Car 0.0000 0 -3.0290 653.0212 185.5057 698.1078 203.2221 1.4985 1.5479 3.8223 5.7883 2.6376 63.7987 -2.9394 0.0181
Car 0.0000 0 1.4607 692.9490 184.6613 725.5242 214.1987 1.5748 1.4672 3.5913 5.6640 2.2877 41.7272 1.5940 0.0179
Car 0.0000 0 1.1294 1220.1996 180.7344 1242.0000 375.0000 1.4014 1.5179 3.8627 7.7747 1.5026 7.1556 1.9354 0.0178
Car 0.0000 0 1.9229 679.5070 184.9330 721.5977 209.4005 1.6362 1.6971 4.2537 6.6400 2.5582 52.7767 2.0468 0.0178
Cyclist 0.0000 0 -1.7550 516.0808 180.5518 527.0419 207.9558 1.6400 0.3741 1.6446 -5.4918 2.1240 44.4908 -1.8776 0.0177
Car 0.0000 0 -2.0846 1218.7311 181.3562 1242.0000 343.4503 1.4534 1.6707 3.7550 9.2933 1.5805 8.7174 -1.2846 0.0177
Car 0.0000 0 1.8132 677.3275 184.1649 708.9673 203.4717 1.5656 1.8141 4.2028 7.3296 2.5968 63.4707 1.9272 0.0175
Pedestrian 0.0000 0 1.6717 252.1968 170.9093 285.2693 257.9747 1.8444 0.5712 0.8189 -7.4960 1.8035 15.7631 1.2338 0.0175
Car 0.0000 0 1.9577 680.3057 184.3449 713.4832 202.9366 1.5383 1.5996 3.8716 7.7595 2.5966 64.3504 2.0766 0.0175
Pedestrian 0.0000 0 1.4127 202.0820 166.4707 236.1776 246.2063 1.9091 0.6178 0.8366 -9.6926 1.7566 17.7929 0.9198 0.0174
Car 0.0000 0 0.6464 652.7388 185.3041 698.9242 203.8478 1.5409 1.5946 3.9392 5.8353 2.6861 64.4349 0.7358 0.0173
Car 0.0000 0 1.4455 670.6503 185.1705 692.8087 203.0945 1.4983 1.5250 3.6467 6.3831 2.6344 64.6887 1.5428 0.0173
Cyclist 0.0000 0 0.0704 232.9757 175.6288 296.6748 239.6330 1.9107 0.7555 1.7226 -10.6671 1.9992 22.2600 -0.3722 0.0172
Car 0.0000 0 -2.1914 1172.0946 180.0516 1242.0000 338.2928 1.4447 1.6380 4.0797 9.0611 1.5555 8.9218 -1.4152 0.0172
Pedestrian 0.0000 0 1.9137 152.7569 186.6674 200.1380 282.3154 1.7143 0.5265 0.7741 -8.1410 1.9810 13.4835 1.3788 0.0172
Cyclist 0.0000 0 1.7243 305.4365 190.9271 357.8408 311.1194 1.7091 0.5061 1.7488 -4.4338 2.0188 11.4384 1.3614 0.0171
Car 0.0000 0 -2.0872 1217.1617 180.7331 1242.0000 342.3251 1.4434 1.6709 3.8438 9.3033 1.5618 8.7241 -1.2869 0.0170
Pedestrian 0.0000 0 -1.4268 506.4358 177.6154 516.5192 202.8092 1.9442 0.6977 0.6049 -7.6839 2.3168 56.0987 -1.5628 0.0168
Car 0.0000 0 1.1307 1198.4438 177.0972 1242.0000 375.0000 1.4247 1.6017 3.9240 7.6063 1.4797 7.1832 1.9240 0.0168
Pedestrian 0.0000 0 -1.9459 301.4875 184.5419 358.1155 303.6345 1.7829 0.6137 0.7139 -4.4683 1.9749 11.3617 -2.3136 0.0167
Cyclist 0.0000 0 -1.7632 796.1703 182.7226 841.6352 279.6215 1.7060 0.4929 1.7196 3.9043 1.9065 13.7554 -1.4934 0.0166
Pedestrian 0.0000 0 -0.2976 517.0830 178.0111 530.1237 207.6608 1.8127 0.6863 0.6282 -5.3875 2.1358 44.7045 -0.4173 0.0166
Car 0.0000 0 0.6725 1128.2588 176.4401 1242.0000 375.0000 1.4791 1.6364 3.8758 7.6507 1.5265 7.4451 1.4514 0.0165
Cyclist 0.0000 0 1.9218 313.2726 191.0399 384.8332 307.0746 1.6796 0.5438 1.6189 -4.1758 1.9906 11.5082 1.5802 0.0165
Car 0.0000 0 2.1027 680.2617 184.2581 720.1271 202.8736 1.5385 1.6975 4.0830 8.0585 2.5903 64.3841 2.2261 0.0164
Car 0.0000 0 0.3952 676.0420 184.5245 724.0439 203.5143 1.5582 1.6124 3.8246 7.8169 2.6022 62.8739 0.5178 0.0164
Car 0.0000 0 2.5650 663.8246 184.4811 711.0117 202.8660 1.5514 1.6185 3.9560 6.9117 2.6181 64.5510 2.6707 0.0163
Car 0.0000 0 1.5519 672.7264 185.1040 690.3228 202.9382 1.4854 1.4892 3.6017 6.3503 2.6122 64.4930 1.6490 0.0161
Car 0.0000 0 1.6755 684.3256 183.7934 712.2525 208.7200 1.6622 1.5936 4.0801 6.3924 2.4866 52.1808 1.7962 0.0161
Car 0.0000 0 -1.2618 1214.2894 180.9218 1242.0000 332.7383 1.4496 1.6617 3.9972 9.2663 1.5655 8.6951 -0.4619 0.0161
Pedestrian 0.0000 0 2.5737 238.7361 170.8525 284.8051 257.7092 1.8066 0.5392 0.7105 -7.5026 1.7653 15.4489 2.1279 0.0160
Car 0.0000 0 1.7766 681.1789 183.5441 720.3849 209.6797 1.5837 1.7413 4.3431 6.0529 2.3293 47.9657 1.9008 0.0159
Car 0.0000 0 -2.0773 1206.5708 178.4977 1242.0000 334.3580 1.4475 1.6447 4.0273 9.4198 1.5354 9.0186 -1.2868 0.0159
Car 0.0000 0 1.7452 674.4437 184.3765 701.8485 203.5073 1.5458 1.7181 4.0039 6.8412 2.5879 63.0651 1.8522 0.0154
Car 0.0000 0 0.3813 0.0000 0.0000 1242.0000 375.0000 1.4102 1.6252 3.0082 34.1296 1.3153 1.5609 1.8978 0.0153
Car 0.0000 0 0.1922 500.7134 184.5233 581.8658 217.1660 1.5043 1.5929 3.6735 -3.3290 2.0850 34.9134 0.0973 0.0152
Car 0.0000 0 -0.4034 0.0000 0.0000 1242.0000 375.0000 1.4488 1.6364 4.0134 34.8533 1.3093 0.9283 1.1323 0.0151
Car 0.0000 0 -2.9665 671.1209 184.0530 720.0338 202.4024 1.5349 1.5802 4.0513 7.4961 2.5390 63.3284 -2.8497 0.0151
Car 0.0000 0 -2.8925 647.6029 185.7979 695.3141 203.7393 1.5079 1.6439 3.9415 5.4448 2.6840 64.1119 -2.8087 0.0151
Cyclist 0.0000 0 -2.1336 200.4430 176.5022 255.6547 239.0537 1.8580 0.7234 1.6790 -11.8293 1.9746 22.2486 -2.6176 0.0150
Car 0.0000 0 1.9689 678.9994 183.8417 712.6199 202.8624 1.5740 1.6371 3.7698 7.6328 2.5818 64.1097 2.0864 0.0150
Cyclist 0.0000 0 -1.5499 821.1060 186.3275 846.8044 279.0941 1.6195 0.4390 1.6158 4.2008 1.8909 13.6731 -1.2590 0.0149
Car 0.0000 0 1.9048 665.7707 185.4365 696.7441 203.3934 1.4759 1.6165 3.7158 6.3455 2.6306 64.1667 2.0024 0.0147
Car 0.0000 0 2.0624 679.6071 184.0873 717.1828 202.5413 1.5225 1.6470 3.9595 7.8706 2.5545 64.1675 2.1833 0.0146
Car 0.0000 0 -0.0614 677.5346 185.1034 726.7552 202.9740 1.5191 1.7017 4.2074 8.0758 2.6169 63.6609 0.0636 0.0145
Cyclist 0.0000 0 -2.6352 187.8556 177.8353 257.9952 240.9834 1.8743 0.7249 1.7398 -11.7529 2.0281 21.8503 -3.1240 0.0143
Car 0.0000 0 2.6465 669.9402 184.4380 717.0958 202.7707 1.5463 1.6009 3.8708 7.4064 2.6004 64.1686 2.7603 0.0143
Car 0.0000 0 1.3821 721.3199 185.6295 794.8511 238.8521 1.5910 1.6965 3.9840 4.8865 2.0609 24.5205 1.5756 0.0143
Pedestrian 0.0000 0 2.2988 379.9512 173.7214 416.7127 260.4346 1.8528 0.4949 0.6061 -4.6824 1.8727 15.8022 2.0145 0.0142
Car 0.0000 0 -4.4045 0.0000 0.0000 1242.0000 375.0000 1.4344 1.6122 4.1005 23.5674 1.6154 0.1238 -2.8515 0.0139
Car 0.0000 0 1.3783 720.9965 185.8952 793.5806 238.4158 1.5664 1.6541 3.9460 4.8514 2.0447 24.4693 1.5709 0.0139
Car 0.0000 0 -0.2142 680.1794 183.5033 732.0521 201.7581 1.5542 1.6762 4.2735 8.4311 2.5086 63.6240 -0.0835 0.0138
Car 0.0000 0 1.3534 505.2894 182.2276 544.4152 208.3976 1.5367 1.6468 4.0178 -5.5146 2.1639 46.0861 1.2344 0.0138
Car 0.0000 0 0.0692 678.2435 184.4179 728.3303 202.8548 1.5459 1.6755 4.2535 8.1753 2.5804 63.2850 0.1965 0.0138
Car 0.0000 0 -2.9520 660.9098 185.3352 712.7987 203.5396 1.5221 1.6045 4.3272 6.7626 2.6475 63.6370 -2.8471 0.0137
Car 0.0000 0 -2.8053 653.3538 186.1556 698.2037 203.5632 1.4592 1.4813 3.6867 5.8216 2.6680 64.1119 -2.7157 0.0137
Car 0.0000 0 -0.4488 679.0395 183.3646 731.5635 201.8278 1.5571 1.6769 4.3196 8.4286 2.5113 64.0008 -0.3189 0.0137
Pedestrian 0.0000 0 -0.6222 516.0910 177.9298 530.8082 207.6074 1.8128 0.6653 0.6365 -5.3937 2.1308 44.6888 -0.7421 0.0137
Cyclist 0.0000 0 -1.8015 516.1417 179.7210 528.4051 207.3105 1.6616 0.4001 1.5852 -5.4697 2.0949 44.6701 -1.9231 0.0134
Car 0.0000 0 -3.0340 653.8221 186.1429 700.7772 203.6333 1.4749 1.5354 3.9896 5.9355 2.6702 63.7330 -2.9421 0.0134
Cyclist 0.0000 0 1.9780 233.6820 185.3604 274.6338 244.5591 1.7432 0.5334 1.6369 -11.0831 2.1466 22.4245 1.5233 0.0132
Car 0.0000 0 1.3931 692.0095 184.3635 728.1378 214.7745 1.6193 1.4499 3.5120 5.6861 2.3110 41.5540 1.5274 0.0131
Car 0.0000 0 1.3352 673.3120 182.7345 707.8416 205.0483 1.5637 1.6391 4.2792 6.0406 2.3444 54.7574 1.4440 0.0131
Car 0.0000 0 -2.5161 891.9750 194.2585 1242.0000 369.2543 1.5144 1.6516 3.5912 5.3366 1.8316 8.7008 -1.9821 0.0130
Pedestrian 0.0000 0 -1.5601 573.4470 165.6056 587.8027 207.6903 1.9492 0.6646 0.9922 -1.4158 1.6139 33.9226 -1.6020 0.0129
Pedestrian 0.0000 0 2.1872 379.9207 173.6232 414.7729 260.2799 1.8530 0.4741 0.5967 -4.7003 1.8706 15.7920 1.9017 0.0127
Car 0.0000 0 1.4686 671.0219 185.0066 692.2296 203.0108 1.5058 1.5200 3.6266 6.3675 2.6251 64.6154 1.5659 0.0127
Car 0.0000 0 1.4191 679.6274 185.5397 709.0769 209.1147 1.6128 1.6137 3.6512 6.1570 2.5814 53.2105 1.5331 0.0127
Car 0.0000 0 2.8960 674.7991 184.7068 721.0786 202.6490 1.5262 1.5724 3.7879 7.7300 2.5903 63.7361 3.0156 0.0127
Cyclist 0.0000 0 -0.6729 235.6063 178.5803 297.5404 242.2670 1.8829 0.6443 1.7053 -10.6824 2.0683 22.4001 -1.1137 0.0124
Cyclist 0.0000 0 -2.0126 890.4656 182.7810 1002.9625 345.9655 1.6780 0.4438 1.7533 3.8022 1.8062 8.4073 -1.6023 0.0123
Car 0.0000 0 -2.4292 1120.5204 184.2447 1242.0000 336.5244 1.4028 1.6343 3.9735 8.6898 1.5781 9.0159 -1.6790 0.0123
Car 0.0000 0 -1.8029 1035.3138 178.1780 1242.0000 304.2701 1.4341 1.6230 3.7941 7.3894 1.5268 10.4401 -1.2008 0.0123
Pedestrian 0.0000 0 -1.4277 571.9554 165.6748 589.3560 207.6355 1.9454 0.6948 0.9241 -1.4146 1.6129 33.9442 -1.4695 0.0123
Car 0.0000 0 -0.1553 678.1711 184.4777 729.7710 202.7499 1.5598 1.6878 4.3012 8.2398 2.6000 63.6415 -0.0277 0.0123
Cyclist 0.0000 0 1.4321 231.5517 186.1826 258.7501 245.2714 1.7338 0.5325 1.6526 -11.3714 2.1629 22.3747 0.9663 0.0122
Car 0.0000 0 1.5919 671.6379 185.2764 689.2625 202.8619 1.4687 1.5020 3.3057 6.2898 2.6082 64.4317 1.6883 0.0122
Cyclist 0.0000 0 2.3621 191.5137 168.8567 264.0701 245.7529 1.8055 0.5387 1.6901 -9.4564 1.7120 17.8255 1.8802 0.0122
Car 0.0000 0 1.8820 489.4727 187.9743 537.0032 217.0400 1.4537 1.5481 3.7413 -5.3600 2.3363 40.1204 1.7494 0.0121
Car 0.0000 0 2.2990 1088.0219 183.3133 1242.0000 322.7954 1.4492 1.7272 4.2742 8.3665 1.5913 8.7158 3.0465 0.0119
Car 0.0000 0 1.4652 681.1978 185.6781 710.8595 209.8424 1.6137 1.6937 4.2671 6.1999 2.5871 52.5989 1.5813 0.0118
Car 0.0000 0 2.3553 238.9686 185.9347 370.5158 239.8315 1.5293 1.6213 3.9878 -9.9196 1.9978 23.6675 1.9619 0.0118
Cyclist 0.0000 0 -1.1848 507.9939 176.9991 520.4423 201.0223 1.8342 0.3379 1.7277 -7.4885 2.1628 56.2685 -1.3169 0.0118
Car 0.0000 0 1.4759 955.7266 181.7409 1079.1740 274.0149 1.4680 1.6181 4.4004 7.8081 1.6730 14.2696 1.9671 0.0117
Car 0.0000 0 -1.7603 1036.0809 176.0593 1242.0000 303.8644 1.4573 1.6235 3.9639 7.3553 1.5137 10.4734 -1.1618 0.0116
Car 0.0000 0 0.1677 0.0000 0.0000 1242.0000 375.0000 1.3989 1.5603 3.2024 34.0411 1.3437 1.3396 1.6905 0.0116
Cyclist 0.0000 0 -1.4688 819.2603 188.0522 852.8995 282.8570 1.6180 0.4428 1.7329 4.1895 1.9209 13.4797 -1.1748 0.0115
Pedestrian 0.0000 0 -1.2791 565.2571 183.0038 581.4543 218.4649 1.7024 0.6357 0.6332 -1.8255 2.2038 35.2379 -1.3312 0.0114
Car 0.0000 0 2.9775 677.3884 184.9025 723.0408 202.3027 1.4860 1.5860 3.7883 7.9205 2.5645 63.6936 3.1001 0.0114
Car 0.0000 0 1.5443 519.5475 182.9705 547.1485 209.2445 1.5400 1.6370 4.1464 -4.9686 2.2173 46.1188 1.4370 0.0112
Car 0.0000 0 -3.5266 1168.7168 164.0172 1242.0000 209.3385 1.4868 1.5364 3.7406 21.8673 1.1973 24.9969 -2.8139 0.0112
Car 0.0000 0 0.2858 0.0000 0.0000 1242.0000 375.0000 1.4671 1.6344 4.0492 27.9548 1.5062 2.0583 1.7725 0.0112
Car 0.0000 0 -2.4422 1069.5308 185.3675 1242.0000 332.6642 1.4002 1.6539 4.0948 8.2724 1.6006 9.3774 -1.7354 0.0112
Car 0.0000 0 -2.8046 648.9012 185.5238 697.0152 203.7728 1.5289 1.5983 3.9541 5.5720 2.6823 64.1246 -2.7188 0.0111
Car 0.0000 0 1.5396 696.9760 186.2945 728.2888 214.7704 1.5060 1.6730 3.9791 5.9205 2.3305 42.1749 1.6775 0.0110
Pedestrian 0.0000 0 -0.9899 564.6176 183.4187 582.8693 218.8083 1.6939 0.6551 0.6246 -1.8073 2.2165 35.2278 -1.0415 0.0109
Car 0.0000 0 0.3247 0.0000 0.0000 1242.0000 375.0000 1.4644 1.6444 4.0317 27.9428 1.5399 1.6602 1.8255 0.0108
Car 0.0000 0 1.9744 685.4887 183.3836 721.8845 202.1447 1.5417 1.7437 4.0743 8.3166 2.5074 63.9533 2.1026 0.0108
Car 0.0000 0 1.6633 514.9451 182.9135 546.7346 209.0859 1.5401 1.6450 4.1669 -5.0504 2.2133 46.1641 1.5544 0.0107
Car 0.0000 0 -1.5562 0.0000 0.0000 1242.0000 375.0000 1.4880 1.6081 3.8288 0.1907 1.6693 1.1368 -1.4343 0.0106
Car 0.0000 0 1.4719 935.3155 184.0784 1056.5796 274.4375 1.4391 1.6132 4.3952 7.4621 1.7001 14.4110 1.9406 0.0105
Car 0.0000 0 1.3843 720.5324 185.9163 794.6468 238.8047 1.5667 1.7030 4.0200 4.8395 2.0450 24.3824 1.5770 0.0105
Car 0.0000 0 1.7034 674.3820 183.7045 702.3091 204.6798 1.6528 1.7793 4.7401 6.7471 2.6228 61.9663 1.8108 0.0104
Car 0.0000 0 1.7375 1219.7909 159.8244 1242.0000 212.0901 1.5940 1.5711 4.1738 21.7106 1.1970 23.9178 2.4682 0.0104
Car 0.0000 0 -2.5343 910.4241 203.4803 1242.0000 371.2086 1.4153 1.5002 3.4556 5.4685 1.8632 8.6571 -1.9874 0.0104
Car 0.0000 0 1.4749 517.9751 182.5292 549.8379 209.3608 1.5753 1.6316 4.0979 -4.9340 2.2229 46.0963 1.3684 0.0103
Car 0.0000 0 1.4020 516.2391 182.8679 552.6795 209.4979 1.5618 1.6546 4.0316 -4.9023 2.2321 46.1058 1.2962 0.0101
Car 0.0000 0 1.7529 686.7725 183.3500 714.8585 202.9322 1.6061 1.7511 4.1261 8.0428 2.5671 63.8008 1.8772 0.0101
Car 0.0000 0 -3.0746 677.6047 184.8241 720.6827 202.8845 1.5207 1.5527 3.6587 7.8152 2.5900 63.3240 -2.9529 0.0101
Car 0.0000 0 -2.8362 501.7529 185.4557 577.2692 217.6559 1.4690 1.5165 3.3290 -3.4225 2.0970 34.8490 -2.9340 0.0101
Car 0.0000 0 3.4960 188.2586 187.3496 349.2571 241.5100 1.5975 1.7002 4.2858 -10.7382 2.0774 22.8462 3.0607 0.0100
Car 0.0000 0 -2.5997 912.1641 202.6201 1242.0000 368.0362 1.3891 1.4873 3.4436 5.4977 1.8216 8.6009 -2.0475 0.0100
Car 0.0000 0 2.1717 1186.3491 162.3009 1242.0000 208.7809 1.4954 1.6207 3.9246 21.8542 1.1562 24.4770 2.8944 0.0099
Pedestrian 0.0000 0 -1.0618 548.7294 179.8004 568.4612 216.8945 1.8070 0.7242 0.7073 -2.5862 2.1566 35.7972 -1.1340 0.0099
Car 0.0000 0 2.0909 681.4310 184.1166 721.9818 203.2729 1.5765 1.7291 4.1853 8.1651 2.6124 64.1474 2.2164 0.0098
Car 0.0000 0 -0.5455 986.0324 185.5744 1242.0000 349.1379 1.5952 1.7143 4.4062 6.9641 1.7629 8.3501 0.1315 0.0098
Car 0.0000 0 1.3393 663.4329 185.2692 690.2164 203.3281 1.5019 1.5536 3.8033 5.9423 2.6504 64.7338 1.4299 0.0098
Car 0.0000 0 1.4488 958.2867 180.9899 1085.4025 273.2043 1.4717 1.5708 4.2431 7.8412 1.6574 14.1735 1.9446 0.0098
Car 0.0000 0 0.6555 0.0000 0.0000 1242.0000 375.0000 1.4905 1.7219 4.2953 27.4777 1.5446 2.2656 2.1333 0.0098
Car 0.0000 0 0.1736 677.2800 184.6452 724.4612 203.1821 1.5482 1.6330 3.8867 7.9618 2.6056 63.3297 0.2975 0.0097
Car 0.0000 0 1.3020 716.6442 184.7141 801.6833 237.9831 1.5919 1.7868 4.0704 4.9235 2.0310 24.5898 1.4964 0.0096
Car 0.0000 0 0.3820 676.6950 183.7820 726.5435 203.1308 1.5904 1.6567 3.9805 7.9579 2.5691 62.9035 0.5067 0.0096
Car 0.0000 0 -2.9582 0.0000 0.0000 1242.0000 375.0000 1.4296 1.6323 3.9155 25.0671 1.5440 -0.0356 -1.3977 0.0096
Cyclist 0.0000 0 -2.2034 516.2849 180.4496 538.8091 208.5068 1.6819 0.4499 1.7162 -5.1206 2.1585 44.4555 -2.3179 0.0095
Car 0.0000 0 0.7815 188.2489 185.8602 327.2629 240.5995 1.5811 1.7213 3.9027 -11.2447 2.0216 22.9727 0.3305 0.0095
Car 0.0000 0 0.1428 677.9404 184.8069 727.2766 203.1633 1.5316 1.6672 4.0998 8.1133 2.6031 63.3065 0.2691 0.0095
Pedestrian 0.0000 0 -2.2743 872.0442 185.2824 946.7722 336.3224 1.7076 0.5468 0.6239 3.5051 1.8627 8.6014 -1.9007 0.0095
Car 0.0000 0 1.4468 696.3745 185.5350 730.8459 215.6185 1.6152 1.5385 3.6474 5.9705 2.3881 42.1186 1.5859 0.0095
Car 0.0000 0 -1.0741 1202.5282 167.4842 1242.0000 212.6868 1.4541 1.4440 3.4964 22.0205 1.2817 24.4830 -0.3479 0.0095
Car 0.0000 0 -3.1141 659.3314 184.6894 706.8666 203.3153 1.5946 1.6270 4.1564 6.4962 2.6656 64.2005 -3.0142 0.0094
Car 0.0000 0 1.5797 704.8087 186.7590 735.8845 216.1356 1.5546 1.7128 3.8244 6.4166 2.4057 42.1198 1.7292 0.0093
Car 0.0000 0 1.4748 919.7197 193.3801 1032.4875 284.8228 1.4376 1.5527 4.0968 7.1440 1.9133 14.5149 1.9232 0.0093
Car 0.0000 0 1.4954 928.0534 181.2788 1039.9343 267.2903 1.4268 1.6111 4.5213 7.4538 1.6284 14.8345 1.9523 0.0092
Car 0.0000 0 1.1525 500.2296 182.4202 548.8458 208.6009 1.5431 1.6607 3.8483 -5.5361 2.1825 46.1205 1.0332 0.0091
Cyclist 0.0000 0 -2.9703 526.4575 178.6644 564.3929 216.8956 1.7895 0.6285 1.7132 -3.0997 2.0689 34.2687 -3.0605 0.0091
Cyclist 0.0000 0 1.5172 0.0000 0.0000 1242.0000 375.0000 1.8889 0.5480 1.6198 -3.8171 1.6192 -0.2440 -0.0418 0.0090
Car 0.0000 0 -2.8649 649.2568 185.4011 695.3674 203.3240 1.5074 1.6391 3.7799 5.5208 2.6480 64.1284 -2.7799 0.0090
Car 0.0000 0 -1.9409 506.1239 183.7278 561.4906 217.7469 1.5430 1.5764 3.4813 -3.8696 2.1125 35.8522 -2.0483 0.0090
Car 0.0000 0 -2.5396 205.1092 186.4136 350.2513 241.7876 1.6048 1.6809 3.8696 -10.4258 2.0525 22.6413 -2.9670 0.0089
Car 0.0000 0 0.7236 193.4650 185.1099 338.5435 240.8798 1.6079 1.7010 4.0219 -10.8828 2.0187 22.7821 0.2821 0.0088
Car 0.0000 0 0.3077 678.1400 184.5574 730.2346 203.4572 1.5520 1.6721 4.1963 8.1886 2.5997 62.9269 0.4360 0.0088
Car 0.0000 0 1.4741 520.8923 183.7423 553.0403 209.2244 1.4909 1.6510 4.1433 -4.7580 2.2228 46.2812 1.3717 0.0087
Car 0.0000 0 2.0876 1209.4606 167.6087 1242.0000 213.2175 1.4966 1.6030 3.4384 22.7739 1.3248 24.9760 2.8208 0.0086
Cyclist 0.0000 0 1.6365 716.5245 183.9745 731.7585 237.9414 1.7735 0.4201 1.6429 3.9036 2.1708 24.9056 1.7892 0.0086
Car 0.0000 0 -2.6627 648.9162 185.5201 697.3577 203.7619 1.5214 1.6643 3.9885 5.6031 2.6835 64.4050 -2.5768 0.0086
Car 0.0000 0 1.4427 940.6068 182.4083 1067.3932 273.3028 1.4481 1.5780 4.1690 7.5027 1.6659 14.1894 1.9198 0.0085
Car 0.0000 0 2.2058 237.2396 186.2281 356.2198 238.4922 1.4963 1.5967 3.8763 -10.2324 1.9759 23.7838 1.8031 0.0084
Car 0.0000 0 -2.0429 1236.5626 175.5511 1242.0000 335.7772 1.4523 1.6962 4.0408 9.6140 1.4937 8.7986 -1.2302 0.0084
Cyclist 0.0000 0 0.4030 271.5262 186.7518 400.4722 302.7380 1.7559 0.6039 1.8045 -4.3387 1.9814 11.3446 0.0446 0.0084
Car 0.0000 0 1.1012 204.1361 186.3135 321.9823 241.8497 1.5719 1.7040 4.2369 -11.3179 2.0443 23.3365 0.6537 0.0084
Car 0.0000 0 1.7016 669.2437 184.0898 695.2416 203.9219 1.5676 1.6613 4.4819 6.2307 2.5717 62.0876 1.8006 0.0082
Car 0.0000 0 1.6368 669.1548 183.4576 691.6573 202.8715 1.5661 1.6865 4.0848 6.1268 2.5197 62.7067 1.7332 0.0082
Car 0.0000 0 1.6311 512.5697 183.6417 541.9594 208.8569 1.4799 1.6310 3.9546 -5.2758 2.1996 46.0897 1.5173 0.0081
Cyclist 0.0000 0 0.5847 192.1811 184.1553 262.5650 245.3586 1.8095 0.7181 1.7946 -11.6707 2.1606 21.9422 0.1005 0.0081
Car 0.0000 0 1.4044 664.6329 184.9103 687.8880 203.0687 1.5170 1.5045 3.4878 5.8721 2.6245 64.4591 1.4943 0.0081
Car 0.0000 0 2.2810 235.5382 185.7708 356.5790 238.5906 1.5156 1.5675 3.7584 -10.2368 1.9769 23.7203 1.8772 0.0080
Car 0.0000 0 -1.9397 505.5079 183.4742 560.8956 218.1759 1.5777 1.5733 3.5103 -3.9049 2.1347 35.8965 -2.0478 0.0079
Pedestrian 0.0000 0 0.3917 568.0818 164.5633 592.1517 208.5950 2.0249 0.7371 0.9110 -1.4312 1.6440 33.6814 0.3490 0.0079
Car 0.0000 0 1.1712 198.8530 186.9305 304.7811 241.8049 1.5771 1.6660 4.0703 -11.8624 2.0780 23.6988 0.7112 0.0079
Car 0.0000 0 1.3676 664.0356 185.0325 689.2379 203.2169 1.5171 1.5434 3.6034 5.9148 2.6393 64.5852 1.4580 0.0079
Car 0.0000 0 -2.7073 647.8743 185.1971 697.1579 203.3937 1.5205 1.6966 4.0427 5.5495 2.6522 64.3897 -2.6222 0.0078
Car 0.0000 0 1.5637 686.7640 183.5144 709.1993 204.0741 1.6645 1.8806 4.4694 7.6563 2.6322 63.1496 1.6833 0.0078
Car 0.0000 0 -2.4290 493.2877 181.7459 565.7806 216.6721 1.5964 1.5527 3.3228 -3.9968 2.0520 35.3594 -2.5413 0.0078
Car 0.0000 0 3.6026 0.0000 0.0000 1242.0000 375.0000 1.6152 1.6603 4.1779 -1.0364 1.6957 0.4813 2.6645 0.0077
Car 0.0000 0 0.5373 918.1635 200.8019 1242.0000 374.6181 1.4107 1.5159 3.4676 5.4876 1.8078 8.3502 1.1015 0.0077
Cyclist 0.0000 0 -1.2251 506.2505 179.7995 519.1290 202.9682 1.7478 0.4345 1.7121 -7.5498 2.2941 55.8390 -1.3593 0.0077
Car 0.0000 0 -2.6051 0.0000 0.0000 1242.0000 375.0000 1.4622 1.6732 4.2249 27.5967 1.5458 1.8733 -1.1128 0.0077
Car 0.0000 0 -3.6782 1046.1559 185.3441 1242.0000 327.5851 1.4313 1.7584 4.3775 7.9926 1.6052 8.7503 -2.9553 0.0077
Car 0.0000 0 -3.2539 935.8161 195.5776 1242.0000 357.0956 1.4562 1.5180 3.8525 5.9446 1.7737 8.5057 -2.6611 0.0076
Car 0.0000 0 -2.2760 487.7466 181.7823 564.1785 217.1174 1.6099 1.6299 3.8835 -4.2415 2.0766 35.7593 -2.3938 0.0076
Car 0.0000 0 -0.0098 307.9187 0.0000 1242.0000 375.0000 1.6335 1.6832 4.0840 -1.4103 1.5952 0.4939 -1.0781 0.0076
Car 0.0000 0 3.2306 0.0000 0.0000 1242.0000 375.0000 1.6255 1.6810 4.5686 -0.9258 1.7453 0.8194 2.5269 0.0075
Car 0.0000 0 1.4341 944.4644 182.4292 1074.8433 276.5215 1.4835 1.5847 4.0584 7.5048 1.6985 13.9943 1.9168 0.0075
Car 0.0000 0 1.2797 715.5743 184.9592 802.8200 237.5849 1.5728 1.7755 4.1415 4.9429 2.0235 24.6959 1.4741 0.0075
Cyclist 0.0000 0 1.1324 518.4413 180.8779 538.7471 210.1785 1.7320 0.5254 1.7759 -5.0097 2.2320 44.0316 1.0192 0.0073
Car 0.0000 0 1.4753 966.7361 182.3670 1085.6656 275.2550 1.4768 1.5473 3.9867 7.8749 1.6906 14.0436 1.9767 0.0072
Car 0.0000 0 2.3583 226.0381 184.3091 359.0233 238.6171 1.5339 1.5881 3.9813 -10.2096 1.9402 23.4234 1.9510 0.0071
Car 0.0000 0 1.6294 512.3738 182.1469 541.8923 208.3974 1.5505 1.6433 4.0098 -5.2858 2.1711 46.1108 1.5154 0.0070
Car 0.0000 0 2.3080 232.9974 183.9480 355.8495 236.8252 1.5159 1.5622 3.7302 -10.2168 1.9094 23.5468 1.9023 0.0069
Car 0.0000 0 1.3450 718.9315 185.0982 798.9119 238.8108 1.5969 1.7502 4.0842 4.8926 2.0475 24.4604 1.5393 0.0069
Car 0.0000 0 2.1622 225.9432 185.4091 339.1772 238.4826 1.5215 1.5212 3.7609 -10.6227 1.9671 23.6029 1.7431 0.0069
Cyclist 0.0000 0 -2.8225 532.8212 176.7794 571.1376 215.7440 1.8226 0.6197 1.7106 -2.7988 2.0126 34.3519 -2.9038 0.0068
Car 0.0000 0 -0.2682 1054.6504 181.5556 1242.0000 340.2506 1.4900 1.7547 4.2464 7.8797 1.6157 8.6760 0.4517 0.0068
Cyclist 0.0000 0 2.0474 300.2068 187.6919 385.5491 307.5763 1.7124 0.5475 1.6784 -4.2218 1.9648 11.3853 1.6990 0.0067
Car 0.0000 0 -1.8609 1048.9376 179.7395 1242.0000 327.1387 1.4918 1.6958 4.3944 7.4516 1.6089 9.8741 -1.2294 0.0066
Car 0.0000 0 2.0711 231.5321 185.4182 339.2649 238.0392 1.5261 1.5957 3.8137 -10.6304 1.9758 23.8304 1.6553 0.0066
Car 0.0000 0 -2.4843 0.0000 0.0000 1242.0000 375.0000 1.4641 1.7204 4.2903 27.5074 1.5599 2.1950 -1.0039 0.0066
Car 0.0000 0 2.1668 695.6520 186.2159 759.4757 213.9440 1.5244 1.7245 4.2936 7.1620 2.3775 43.8930 2.3268 0.0065
Car 0.0000 0 -1.5444 426.1819 190.0568 483.7444 242.7182 1.4277 1.6494 4.1279 -4.9575 2.0323 23.1623 -1.7536 0.0065
Car 0.0000 0 -2.0928 0.0000 0.0000 1242.0000 375.0000 1.4713 1.7044 4.3116 27.5493 1.5791 1.7642 -0.5967 0.0064
Car 0.0000 0 0.0063 403.4544 0.0000 1242.0000 375.0000 1.5824 1.6679 3.9488 -1.1154 1.5578 0.4040 -1.0144 0.0064
Car 0.0000 0 2.1370 228.1364 185.2593 339.7304 238.9642 1.5519 1.5717 3.7331 -10.6302 1.9938 23.7158 1.7194 0.0064
Car 0.0000 0 -2.5340 899.8182 197.1031 1242.0000 375.0000 1.4898 1.6027 3.9000 5.4735 1.8477 8.5258 -1.9800 0.0064
Pedestrian 0.0000 0 -1.9931 0.0000 0.0000 1242.0000 375.0000 2.0548 0.7014 0.7375 3.7427 1.5111 -0.2380 -0.4361 0.0063
Car 0.0000 0 -2.6214 502.5287 186.6425 570.4187 219.4276 1.4838 1.4403 2.9471 -3.5990 2.1764 34.9654 -2.7238 0.0063
Car 0.0000 0 -1.5435 430.8327 189.6569 487.7980 242.0907 1.4382 1.6510 4.1945 -4.8675 2.0353 23.4137 -1.7469 0.0063
Car 0.0000 0 -2.0334 502.6175 182.7565 564.0375 217.9262 1.5984 1.5856 3.6016 -3.8916 2.1171 35.8271 -2.1414 0.0063
Cyclist 0.0000 0 0.0767 295.2822 184.5508 420.0225 301.8708 1.7456 0.5917 1.8107 -3.9788 1.9383 11.3496 -0.2542 0.0063
Pedestrian 0.0000 0 -1.5387 573.9818 163.2225 589.1815 207.7011 2.0500 0.6816 0.9514 -1.3629 1.6065 33.7316 -1.5793 0.0062
Car 0.0000 0 2.1693 222.6133 185.3641 337.3434 239.0554 1.5273 1.5316 3.7407 -10.6222 1.9679 23.4179 1.7474 0.0062
Car 0.0000 0 -2.3625 495.7277 182.9724 566.8592 217.4241 1.5618 1.5102 3.3683 -3.9120 2.0803 35.3053 -2.4726 0.0062
Car 0.0000 0 -1.6980 983.2338 193.9492 1135.3969 308.9573 1.4287 1.5475 3.5126 6.9598 1.8239 11.5834 -1.1691 0.0061
Cyclist 0.0000 0 1.7303 386.2363 180.7880 421.9529 263.5969 1.7064 0.5074 1.5818 -4.5501 1.8899 15.8368 1.4542 0.0061
Car 0.0000 0 0.0817 696.3743 186.5516 762.2184 212.7869 1.4647 1.6763 3.7384 7.0704 2.3028 42.8644 0.2435 0.0061
Car 0.0000 0 -1.4902 0.0000 0.0000 1242.0000 375.0000 1.4650 1.7368 4.0445 27.6722 1.5911 0.8983 0.0375 0.0061
Car 0.0000 0 -1.6470 0.0000 0.0000 1242.0000 375.0000 1.4550 1.7041 4.3299 27.7025 1.5774 0.9847 -0.1224 0.0061
Cyclist 0.0000 0 1.6613 385.9830 180.5693 415.5774 264.1561 1.7198 0.4833 1.5409 -4.6139 1.8976 15.7928 1.3808 0.0061
Car 0.0000 0 -1.4994 511.9660 183.7965 552.0283 220.6380 1.6740 1.7014 4.2077 -3.8903 2.2554 36.1814 -1.6064 0.0060
Cyclist 0.0000 0 1.9268 360.6326 179.3433 408.2884 262.3204 1.7167 0.4994 1.5111 -4.9696 1.8662 15.8133 1.6264 0.0060
Car 0.0000 0 -2.1153 0.0000 0.0000 1242.0000 375.0000 1.4459 1.7284 4.1282 27.5265 1.5916 1.7699 -0.6194 0.0060
Car 0.0000 0 -1.9030 0.0000 0.0000 1242.0000 375.0000 1.4437 1.6795 4.3609 27.5609 1.5929 1.3808 -0.3930 0.0060
Car 0.0000 0 1.8863 225.8155 185.6650 315.6313 239.3307 1.5461 1.5672 3.7305 -11.0493 2.0010 23.6566 1.4533 0.0060
Car 0.0000 0 0.8315 179.5074 185.6565 318.6445 240.6130 1.5737 1.6538 4.0468 -11.4799 2.0065 22.8627 0.3704 0.0059
Cyclist 0.0000 0 1.9749 297.2025 189.0899 382.2377 310.0482 1.7064 0.5942 1.7667 -4.2413 1.9816 11.3149 1.6230 0.0058
Car 0.0000 0 1.8317 226.5618 185.1017 310.3661 239.0074 1.5435 1.5259 3.8098 -11.0909 1.9782 23.5786 1.3959 0.0058
Car 0.0000 0 -1.8923 0.0000 0.0000 1242.0000 375.0000 1.4383 1.7114 4.1034 27.6049 1.5789 1.4125 -0.3833 0.0058
Car 0.0000 0 1.3672 516.7526 183.8815 554.9172 210.3076 1.5473 1.6477 4.0057 -4.8250 2.2868 46.2042 1.2632 0.0058
Car 0.0000 0 1.6307 228.5754 185.3712 289.2799 239.4031 1.5443 1.5460 3.7263 -11.4307 1.9886 23.5711 1.1832 0.0058
Car 0.0000 0 1.9018 533.7183 184.5561 583.1675 211.5370 1.5456 1.7508 4.5517 -3.2412 2.3291 45.8586 1.8311 0.0057
Car 0.0000 0 1.2146 203.0836 186.9046 302.1099 242.0708 1.5693 1.6261 3.8998 -11.7058 2.0636 23.4342 0.7555 0.0056
Car 0.0000 0 1.8748 226.7084 186.1161 318.2769 239.7918 1.5443 1.6221 3.9068 -11.0522 2.0197 23.8050 1.4440 0.0056
Car 0.0000 0 0.9507 184.8397 188.1249 308.8320 242.1245 1.5395 1.6067 3.8578 -11.6861 2.0628 23.0916 0.4865 0.0056
Car 0.0000 0 1.7190 659.9742 182.9759 689.6752 202.4745 1.5608 1.9430 4.3933 5.6393 2.4721 62.5699 1.8079 0.0055
Pedestrian 0.0000 0 -1.4623 0.0000 0.0000 1242.0000 375.0000 2.0941 0.6824 0.7618 3.5005 1.4629 -0.1757 0.0760 0.0055
Cyclist 0.0000 0 1.7267 385.8793 178.0752 417.9669 263.7202 1.7594 0.4380 1.5236 -4.5607 1.8791 15.6984 1.4477 0.0055
Car 0.0000 0 0.4842 224.8344 187.1222 347.9996 237.3371 1.4844 1.5933 3.1655 -10.1864 1.9523 22.7398 0.0670 0.0053
Car 0.0000 0 3.8096 0.0000 0.0000 1242.0000 375.0000 1.6094 1.6576 4.3328 -1.0223 1.6824 0.4042 2.8283 0.0053
Car 0.0000 0 0.8538 227.1180 181.8912 369.5132 240.2242 1.6034 1.7826 4.0338 -9.5693 1.9007 22.0265 0.4479 0.0052
Car 0.0000 0 1.7252 223.4519 185.5356 293.7661 238.8120 1.5316 1.5196 3.5663 -11.4387 1.9804 23.5846 1.2777 0.0052
Car 0.0000 0 0.6690 230.8373 183.6602 370.2455 238.5180 1.5589 1.7039 3.7125 -9.5921 1.9133 22.3292 0.2671 0.0052
Cyclist 0.0000 0 1.5883 374.6167 177.2286 399.3961 260.7870 1.7358 0.4924 1.5379 -4.9443 1.8374 15.8781 1.2904 0.0052
Car 0.0000 0 -3.6710 1042.3501 151.3544 1242.0000 255.5110 1.5405 1.6386 3.7520 9.3633 1.2229 11.7277 -3.0097 0.0052
Car 0.0000 0 -1.9190 506.3137 185.8195 561.1969 219.4692 1.5171 1.6235 3.4697 -3.8793 2.1973 35.9178 -2.0264 0.0052
Car 0.0000 0 0.8361 175.3582 188.0287 301.1452 241.9290 1.5599 1.5992 3.5633 -11.9060 2.0738 23.0364 0.3634 0.0051
Cyclist 0.0000 0 1.7742 711.1677 184.4099 733.2999 238.5833 1.7906 0.4345 1.6931 3.8690 2.2067 25.0861 1.9245 0.0051
Car 0.0000 0 2.4088 694.0685 188.4420 760.5114 214.3092 1.4471 1.7222 3.8683 7.1793 2.4422 44.2715 2.5678 0.0050
Car 0.0000 0 -1.9177 428.0143 190.6293 520.3199 242.7506 1.4485 1.6642 4.1382 -4.6046 2.0885 23.7563 -2.1078 0.0050
Car 0.0000 0 1.6471 228.8506 186.2166 293.3269 240.0289 1.5376 1.6029 3.8319 -11.4244 2.0157 23.7206 1.2022 0.0050
Car 0.0000 0 -2.6232 366.9952 187.7403 514.2300 238.3403 1.4581 1.6783 4.3140 -5.4363 1.9631 23.0419 -2.8530 0.0050
Cyclist 0.0000 0 -1.8871 878.1211 192.7245 966.7573 350.5448 1.6355 0.4236 1.6868 3.5945 1.8948 8.5457 -1.5028 0.0050
Car 0.0000 0 -1.5205 745.1799 191.5683 823.0383 264.1283 1.5188 1.7376 4.3483 4.5410 2.0629 18.6330 -1.2861 0.0049
Car 0.0000 0 -1.8172 507.5243 183.4269 557.6309 217.9869 1.5678 1.6153 3.7330 -3.9523 2.1255 36.0023 -1.9263 0.0049
Car 0.0000 0 1.1370 193.2985 186.5087 297.1215 240.8455 1.5601 1.5831 3.7359 -11.9106 2.0368 23.3889 0.6702 0.0049
Car 0.0000 0 -2.0848 423.8538 191.3835 526.9991 244.2557 1.4829 1.6631 3.7839 -4.5134 2.1404 23.6048 -2.2724 0.0049
Car 0.0000 0 1.7101 472.0041 185.8983 504.8301 210.0656 1.5043 1.6857 3.7682 -8.2224 2.4227 48.8725 1.5438 0.0049
Car 0.0000 0 1.8950 533.9248 184.5781 582.7917 211.8743 1.5658 1.7639 4.4692 -3.2457 2.3495 45.8204 1.8241 0.0049
Car 0.0000 0 0.9837 1124.7604 133.3768 1242.0000 270.6377 1.6836 1.6926 3.9345 9.7851 1.1997 10.9079 1.7013 0.0048
Car 0.0000 0 1.3101 515.3130 183.7168 556.3773 210.2807 1.5583 1.6639 3.8740 -4.8184 2.2853 46.1541 1.2062 0.0048
Car 0.0000 0 1.2689 1223.1165 160.9823 1242.0000 208.6401 1.5697 1.5630 3.9744 23.6506 1.1790 25.8936 2.0032 0.0047
Car 0.0000 0 1.7344 223.6351 185.0654 295.7996 239.0358 1.5530 1.5296 3.6879 -11.4244 1.9870 23.6409 1.2882 0.0047
Car 0.0000 0 1.0554 183.7317 186.2167 295.9843 240.5091 1.5669 1.6045 3.7354 -12.0560 2.0313 23.3553 0.5831 0.0047
Car 0.0000 0 0.2523 228.9170 187.1676 358.9510 239.5177 1.5388 1.6731 3.4696 -9.9790 2.0151 22.8983 -0.1548 0.0047
Car 0.0000 0 -1.8231 510.5962 187.3229 560.5326 220.0138 1.4599 1.6121 3.6277 -3.7964 2.2210 35.9546 -1.9282 0.0046
Car 0.0000 0 1.0309 174.0185 185.8326 294.8937 240.2616 1.5667 1.6573 3.9955 -12.2325 2.0188 23.3569 0.5528 0.0046
Car 0.0000 0 -2.0533 490.9803 179.8614 563.0428 216.6684 1.6697 1.7071 4.3973 -4.2338 2.0410 35.8993 -2.1704 0.0045
Car 0.0000 0 -3.2053 704.2419 187.7969 766.8968 213.6960 1.4739 1.6952 3.5958 7.4545 2.3920 43.2811 -3.0366 0.0045
Car 0.0000 0 1.4548 219.8981 185.6249 289.2083 239.9611 1.5526 1.5991 3.8985 -11.7595 2.0084 23.6588 0.9976 0.0045
Car 0.0000 0 -2.5904 491.0308 183.3696 558.0218 216.7460 1.5324 1.4476 2.9191 -4.2055 2.0642 35.1928 -2.7091 0.0045
Car 0.0000 0 1.1754 516.3638 183.1055 565.9844 210.0050 1.5680 1.7216 4.0148 -4.4564 2.2514 45.8918 1.0786 0.0045
Car 0.0000 0 -1.5057 748.4603 193.1994 825.1710 263.8464 1.4802 1.6673 3.9441 4.5660 2.0617 18.4737 -1.2681 0.0045
Car 0.0000 0 0.6343 156.8555 188.6533 296.8599 240.4107 1.5177 1.5567 3.7217 -12.1305 2.0413 22.8446 0.1507 0.0045
Car 0.0000 0 -1.7104 511.1221 185.5747 553.2925 219.3307 1.5251 1.5878 3.7047 -3.9758 2.1969 36.0889 -1.8199 0.0045
Car 0.0000 0 -1.8388 508.7265 188.1327 557.1281 221.2761 1.4877 1.5823 3.2400 -3.9072 2.2850 35.8386 -1.9472 0.0045
Car 0.0000 0 1.9845 513.1162 186.9541 591.5144 229.3488 1.5066 1.6336 4.1878 -2.2982 2.1251 29.3798 1.9064 0.0044
Car 0.0000 0 -1.8473 437.7896 190.4081 522.9764 244.3413 1.5054 1.6768 4.1797 -4.4177 2.1405 23.8431 -2.0293 0.0044
Car 0.0000 0 0.3616 695.7885 187.0758 767.6132 214.2109 1.4672 1.7163 3.8108 7.1228 2.3386 42.4910 0.5259 0.0044
Car 0.0000 0 -3.0916 703.7881 187.1826 762.1935 214.3736 1.5227 1.7153 3.3427 7.2921 2.3980 42.8612 -2.9249 0.0044
Car 0.0000 0 1.5960 227.5487 187.2628 279.6101 239.5865 1.4879 1.4125 3.4065 -11.5259 1.9918 23.3726 1.1420 0.0043
Car 0.0000 0 2.7410 699.4362 187.7182 765.9449 213.4209 1.4678 1.6296 3.6341 7.4021 2.3960 43.8234 2.9066 0.0043
Car 0.0000 0 -1.9906 421.9021 191.7627 521.5936 244.4815 1.4602 1.6850 4.0773 -4.6646 2.1375 23.6784 -2.1837 0.0043
Car 0.0000 0 2.1912 696.2881 187.6218 758.5851 214.7948 1.5110 1.7461 4.0766 7.2342 2.4629 44.4242 2.3509 0.0043
Car 0.0000 0 1.2040 516.1281 183.1596 565.1799 209.5672 1.5368 1.7272 4.1623 -4.5022 2.2262 45.9905 1.1065 0.0042
Car 0.0000 0 1.3214 515.6602 183.7751 556.5360 210.4446 1.5623 1.6691 3.9598 -4.8051 2.2940 46.1688 1.2178 0.0042
Car 0.0000 0 4.2845 0.0000 0.0000 1242.0000 375.0000 1.6249 1.6290 4.3571 -0.9151 1.7498 0.0646 3.0783 0.0042
Car 0.0000 0 1.3716 1237.1337 158.2992 1242.0000 206.7561 1.5914 1.5574 3.9102 23.8235 1.1137 25.7700 2.1119 0.0042
Cyclist 0.0000 0 1.5322 702.9641 180.7861 712.0176 207.1377 1.6876 0.5252 1.6012 6.3854 2.2194 47.5220 1.6644 0.0042
Car 0.0000 0 1.1275 518.3018 183.0548 567.0835 209.9890 1.5759 1.6552 3.6802 -4.3378 2.2513 45.7372 1.0330 0.0042
Car 0.0000 0 -0.7450 694.0281 187.4039 762.8502 213.2401 1.4510 1.6379 4.1831 7.2824 2.3843 44.4247 -0.5843 0.0042
Car 0.0000 0 -0.3059 694.8868 184.3772 773.8085 212.4625 1.6175 1.7224 4.3894 7.4608 2.3335 43.6560 -0.1384 0.0042
Car 0.0000 0 2.9327 701.4160 187.6355 766.8630 213.1411 1.4624 1.6268 3.6071 7.3809 2.3678 43.2859 3.0999 0.0042
Pedestrian 0.0000 0 -2.1258 527.5256 182.1827 543.5063 212.7112 1.8270 0.7191 0.6780 -4.5723 2.4021 43.9651 -2.2294 0.0042
Car 0.0000 0 0.4601 227.5544 185.0323 359.9286 237.2857 1.5419 1.6971 3.4100 -9.9100 1.9406 22.6606 0.0517 0.0042
Car 0.0000 0 -1.9712 422.0701 191.4567 519.5968 244.1562 1.4612 1.6863 4.0407 -4.6912 2.1270 23.6635 -2.1655 0.0042
Car 0.0000 0 1.3218 492.8363 185.6394 530.4856 209.7056 1.4893 1.6013 3.9729 -6.7577 2.3971 49.0665 1.1852 0.0042
Car 0.0000 0 0.2084 233.6790 186.2266 384.8242 239.3276 1.5556 1.7746 4.1678 -9.5064 2.0055 23.0077 -0.1798 0.0042
Cyclist 0.0000 0 -0.6476 17.8250 186.3169 146.6413 299.7875 1.8140 0.4588 1.9507 -9.3165 2.0713 12.7685 -1.2683 0.0042
Car 0.0000 0 0.8618 230.6738 181.8025 353.6707 238.8378 1.5962 1.6540 3.3808 -9.7958 1.8894 22.1329 0.4491 0.0041
Car 0.0000 0 1.4929 223.2304 185.0112 285.1302 239.3138 1.5598 1.5357 3.6350 -11.7119 1.9900 23.5528 1.0356 0.0041
Car 0.0000 0 -0.6067 695.2261 187.2277 766.9482 213.8503 1.5013 1.6483 4.1178 7.3698 2.4120 44.0684 -0.4427 0.0041
Car 0.0000 0 0.4914 230.6665 185.1239 371.5800 238.1294 1.5533 1.7191 3.6928 -9.6718 1.9561 22.6399 0.0915 0.0041
Car 0.0000 0 -1.9043 432.5352 191.0465 522.5516 244.2891 1.4861 1.6757 4.0350 -4.4956 2.1409 23.7854 -2.0899 0.0041
Car 0.0000 0 1.9375 533.7653 184.8594 583.2692 212.1651 1.5727 1.7320 4.2431 -3.2421 2.3739 45.8437 1.8667 0.0041
Car 0.0000 0 1.4784 221.8591 185.2209 285.7543 239.6398 1.5624 1.5421 3.6615 -11.7335 2.0005 23.5698 1.0206 0.0041
Car 0.0000 0 1.6133 219.8619 186.0767 275.2599 239.3228 1.5374 1.4617 3.4242 -11.8383 2.0047 23.6165 1.1528 0.0041
Car 0.0000 0 1.2975 491.9418 186.6755 531.0833 211.0623 1.5086 1.6286 3.9678 -6.7873 2.4927 49.2071 1.1606 0.0041
Car 0.0000 0 1.2805 491.7363 186.5344 531.2047 210.7315 1.4965 1.6097 3.8907 -6.7749 2.4678 49.1040 1.1437 0.0040
Car 0.0000 0 -1.9816 428.8143 191.5525 524.4691 244.3653 1.4779 1.6542 3.9279 -4.5136 2.1481 23.7572 -2.1681 0.0040
Car 0.0000 0 1.9019 222.1873 184.7427 311.8133 238.7195 1.5522 1.5216 3.6171 -11.0792 1.9700 23.4534 1.4645 0.0040
Car 0.0000 0 2.0633 504.4002 187.6998 588.7667 232.5771 1.5544 1.6848 3.8771 -2.4630 2.1847 28.5004 1.9771 0.0040
Car 0.0000 0 1.3557 1235.3119 161.8604 1242.0000 209.2969 1.5613 1.5577 4.1279 23.9499 1.1998 25.9214 2.0957 0.0040
Car 0.0000 0 1.3143 492.8612 186.4451 531.0385 210.7841 1.5052 1.6271 3.9248 -6.7445 2.4708 49.1173 1.1781 0.0040
Car 0.0000 0 1.1639 516.0067 183.2192 566.5214 209.2636 1.5170 1.7156 4.1011 -4.4617 2.2098 45.9920 1.0672 0.0040
Car 0.0000 0 1.3847 1237.3218 160.0095 1242.0000 208.2187 1.5860 1.5653 3.9568 23.8616 1.1638 25.8288 2.1247 0.0040
Car 0.0000 0 -1.8964 506.7346 187.1727 560.2477 220.4802 1.4920 1.6079 3.4900 -3.8903 2.2428 35.8920 -2.0042 0.0040
Car 0.0000 0 -1.9838 418.5103 191.6920 515.8815 244.0993 1.4473 1.6533 3.9568 -4.7790 2.1166 23.5238 -2.1828 0.0040
Car 0.0000 0 0.6400 228.0492 184.4147 351.2980 238.8267 1.5689 1.6583 3.1394 -9.9767 1.9476 22.4537 0.2259 0.0040
Car 0.0000 0 -0.7280 693.9717 187.2039 764.5370 213.1957 1.4617 1.6689 4.2648 7.3379 2.3831 44.4625 -0.5662 0.0040
Car 0.0000 0 0.9616 1117.0089 143.1214 1242.0000 260.7867 1.5109 1.6911 3.6270 9.7757 1.1295 11.1496 1.6683 0.0040
Car 0.0000 0 0.1008 699.1876 186.6964 760.6257 213.4497 1.4926 1.6878 3.4482 7.0988 2.3388 42.8233 0.2633 0.0040
Car 0.0000 0 1.9865 508.6249 188.0261 590.9458 233.2284 1.5760 1.7421 4.1938 -2.3610 2.2326 28.9418 1.9050 0.0039
Car 0.0000 0 -1.3139 1227.9261 161.5812 1242.0000 208.4849 1.5592 1.6425 3.8349 23.7338 1.1848 25.7142 -0.5744 0.0039
Car 0.0000 0 0.2542 234.0083 186.4497 374.9843 238.2952 1.5304 1.6990 3.8292 -9.6712 1.9848 22.9864 -0.1403 0.0039
Car 0.0000 0 0.2083 229.7516 185.8259 386.5283 239.0427 1.5604 1.7564 4.3412 -9.5411 1.9972 23.0197 -0.1810 0.0039
Car 0.0000 0 0.8974 176.7849 188.1052 299.4359 242.2277 1.5606 1.5615 3.6448 -11.9502 2.0799 23.0879 0.4241 0.0039
Car 0.0000 0 0.7116 227.9650 184.4289 375.8897 240.7072 1.5825 1.7823 4.0346 -9.5684 1.9650 22.3546 0.3110 0.0038
Car 0.0000 0 0.6952 229.0767 183.7029 358.0926 238.7104 1.5732 1.6914 3.3765 -9.8525 1.9302 22.4277 0.2852 0.0038
Car 0.0000 0 -0.1894 238.5486 188.9782 389.5096 241.0477 1.4870 1.7114 4.3429 -9.7106 2.0590 23.6778 -0.5751 0.0038
Car 0.0000 0 -1.5022 511.2078 186.9712 549.1555 221.8898 1.5783 1.6320 3.7672 -3.9785 2.3221 36.0754 -1.6119 0.0038
Car 0.0000 0 2.1295 524.3648 183.2437 580.9112 209.6953 1.5453 1.7618 3.9657 -3.6373 2.2395 46.0169 2.0505 0.0037
Car 0.0000 0 2.1042 507.5309 188.1680 596.2407 232.1810 1.5499 1.7350 4.0874 -2.3018 2.2164 29.1654 2.0254 0.0037
Cyclist 0.0000 0 1.5931 717.2403 184.2474 731.7076 239.2813 1.7919 0.4599 1.7434 3.8924 2.1975 24.7614 1.7462 0.0037
Car 0.0000 0 0.7972 225.5250 188.0836 339.3373 240.5232 1.4955 1.5148 3.0963 -10.2883 1.9993 22.5821 0.3738 0.0037
Car 0.0000 0 4.2423 0.0000 0.0000 1242.0000 375.0000 1.6182 1.6158 4.3463 -0.8939 1.7198 0.0238 3.0043 0.0037
Car 0.0000 0 0.6344 160.4435 187.5100 294.9229 239.4077 1.5253 1.5487 3.5320 -12.0915 2.0101 22.8183 0.1516 0.0037
Car 0.0000 0 -0.4586 692.3797 184.6820 771.4157 212.7099 1.6029 1.7078 4.4533 7.3846 2.3479 43.9592 -0.2939 0.0036
Car 0.0000 0 -1.5164 747.2861 192.6293 824.2490 264.1492 1.4960 1.7118 4.1051 4.5567 2.0648 18.5251 -1.2800 0.0036
Car 0.0000 0 2.0593 526.3918 182.8211 580.2565 209.0624 1.5305 1.7146 4.0642 -3.5855 2.1963 45.9618 1.9814 0.0036
Car 0.0000 0 2.2097 522.5953 182.6566 586.2392 208.6941 1.5211 1.7431 4.4807 -3.5344 2.1824 46.2869 2.1334 0.0036
Car 0.0000 0 2.1889 692.4561 187.0319 754.4059 213.3950 1.4785 1.7495 4.1022 7.0445 2.3997 44.7797 2.3432 0.0036
Car 0.0000 0 -0.1043 238.1138 185.6159 390.7234 239.3969 1.5478 1.7618 4.4345 -9.6241 1.9951 23.4481 -0.4903 0.0035
Car 0.0000 0 -0.5823 695.2094 187.2705 769.2050 213.7132 1.4952 1.6267 4.2786 7.4536 2.4101 44.1617 -0.4169 0.0035
Car 0.0000 0 2.0707 526.7879 183.0002 579.4410 209.5929 1.5555 1.7329 3.7923 -3.5989 2.2304 45.8783 1.9923 0.0035
Car 0.0000 0 -0.7372 697.4266 184.5995 768.9163 213.0974 1.6122 1.6811 4.3140 7.5408 2.3631 44.2309 -0.5701 0.0035
Car 0.0000 0 0.0887 697.0364 184.2972 768.0412 212.4077 1.5737 1.7199 4.0213 7.2548 2.2744 42.8196 0.2548 0.0035
Car 0.0000 0 0.6495 472.4077 186.5724 534.2592 210.6337 1.5093 1.6371 3.9556 -7.2594 2.4699 48.8318 0.5022 0.0035
Car 0.0000 0 0.1621 328.1306 189.6458 525.8066 250.9309 1.5152 1.8076 4.9554 -4.8534 1.9957 19.5334 -0.0790 0.0035
Car 0.0000 0 1.9991 507.4694 188.6677 587.9730 233.2542 1.5484 1.7030 3.9524 -2.4341 2.2254 28.7250 1.9146 0.0035
Cyclist 0.0000 0 3.1599 521.6943 181.9456 555.6049 219.0723 1.7304 0.6846 1.5854 -3.4167 2.1672 34.2297 3.0606 0.0034
Pedestrian 0.0000 0 -0.8682 534.3098 182.7099 549.2936 213.0799 1.8216 0.7174 0.5603 -4.1910 2.4288 43.9915 -0.9632 0.0034
Pedestrian 0.0000 0 2.2617 377.7838 188.9683 418.5448 273.8442 1.7520 0.5154 0.6929 -4.5872 2.1073 15.4709 1.9773 0.0034
Pedestrian 0.0000 0 0.8521 528.4961 182.5875 543.6405 213.5110 1.8506 0.6943 0.5995 -4.5335 2.4497 43.9246 0.7493 0.0034
Car 0.0000 0 -1.7578 516.3776 180.9437 552.4498 209.0682 1.6704 1.5932 3.8829 -4.9064 2.2115 46.1420 -1.8636 0.0034
Car 0.0000 0 -0.1222 698.2747 186.5738 766.9365 213.2504 1.5301 1.6861 3.8767 7.2737 2.3706 43.2589 0.0426 0.0034
Car 0.0000 0 -0.2810 700.6755 184.1283 772.7916 212.1206 1.6095 1.7169 3.9507 7.5615 2.3051 43.4183 -0.1103 0.0034
Car 0.0000 0 -0.7447 694.6536 184.5252 764.9879 212.1992 1.5738 1.6490 4.3027 7.3784 2.3240 44.4805 -0.5820 0.0034
Car 0.0000 0 2.1031 696.4116 186.6096 754.1135 215.0825 1.5675 1.7248 3.8894 6.9940 2.4410 43.7483 2.2599 0.0034
Car 0.0000 0 0.8210 163.9781 187.0400 296.0708 240.8475 1.5628 1.6172 3.7561 -12.1853 2.0441 23.0729 0.3395 0.0034
Car 0.0000 0 -1.8258 517.6826 183.0586 556.8803 209.8207 1.5588 1.6202 3.4919 -4.6453 2.2285 45.4060 -1.9276 0.0033
Car 0.0000 0 1.3016 524.7363 181.1495 566.6072 208.6219 1.6153 1.7678 3.4637 -4.1287 2.1613 45.5215 1.2111 0.0033
Car 0.0000 0 1.5843 210.2179 185.7386 265.1836 239.5000 1.5507 1.4939 3.5277 -12.1966 2.0073 23.6376 1.1122 0.0032
Pedestrian 0.0000 0 -1.0015 533.9326 182.1531 549.0618 212.6593 1.8320 0.7258 0.5703 -4.2100 2.4049 44.0038 -1.0969 0.0032
Car 0.0000 0 0.9463 232.0819 183.5018 354.2558 241.7069 1.6059 1.7203 3.4863 -9.7764 1.9568 22.1277 0.5343 0.0032
Car 0.0000 0 1.5211 501.4366 186.6591 528.4912 210.8531 1.5066 1.6351 4.0241 -6.5820 2.4945 49.4836 1.3890 0.0032
Car 0.0000 0 0.0922 321.6336 187.9064 502.6431 251.5199 1.5613 1.8310 4.5463 -5.2812 1.9973 19.5968 -0.1683 0.0032
Car 0.0000 0 -0.5237 697.8393 183.6778 773.0386 212.5837 1.6487 1.7151 4.2092 7.5842 2.3297 43.8348 -0.3542 0.0031
Car 0.0000 0 2.0242 528.8882 184.0349 584.8207 210.7806 1.5372 1.7547 4.5002 -3.3445 2.2863 45.9005 1.9514 0.0031
Car 0.0000 0 0.1670 313.8313 188.9484 509.2544 251.7579 1.5504 1.8047 4.8575 -5.2627 2.0112 19.5109 -0.0937 0.0030
Car 0.0000 0 -3.6331 1017.0035 131.7891 1196.2135 183.5993 1.7112 1.8929 4.7977 17.0248 0.3553 25.0114 -3.0408 0.0030
Car 0.0000 0 2.0860 693.9086 188.2157 751.5936 214.5914 1.4681 1.8202 3.9708 7.0010 2.4665 44.7530 2.2395 0.0030
Car 0.0000 0 1.4311 1235.7444 158.8139 1242.0000 206.1847 1.5626 1.5437 3.7554 23.6286 1.0998 25.7850 2.1671 0.0030
Car 0.0000 0 -1.9422 512.7225 181.6387 559.0518 209.7517 1.6584 1.6439 3.8500 -4.7951 2.2437 45.9540 -2.0461 0.0030
Car 0.0000 0 2.1095 527.7286 183.5424 588.5498 210.4790 1.5542 1.7411 4.6324 -3.2705 2.2730 46.0399 2.0384 0.0030
Car 0.0000 0 -0.4078 697.1678 185.8418 769.8359 212.8372 1.5402 1.6660 4.0047 7.4287 2.3502 43.6893 -0.2411 0.0029
Car 0.0000 0 2.0601 528.9844 184.1739 585.3129 210.9495 1.5462 1.7957 4.2340 -3.3333 2.3029 45.9077 1.9875 0.0029
Car 0.0000 0 0.5116 230.8739 184.3936 379.1729 238.0258 1.5700 1.7523 3.9460 -9.5719 1.9508 22.6904 0.1161 0.0029
Car 0.0000 0 0.8965 477.2990 186.9849 532.8647 210.7847 1.4734 1.6048 3.9570 -7.1706 2.4694 48.9024 0.7512 0.0029
Car 0.0000 0 -0.3224 695.7358 186.5511 769.8282 213.1945 1.5279 1.6676 4.1052 7.3768 2.3794 43.6943 -0.1569 0.0029
Car 0.0000 0 -2.9401 0.0000 0.0000 1242.0000 375.0000 1.4844 1.7250 4.6763 24.6535 1.5666 2.1610 -1.4687 0.0029
Car 0.0000 0 2.0314 530.0046 184.4248 583.6271 211.2296 1.5484 1.7433 4.1355 -3.3534 2.3202 45.8587 1.9582 0.0028
Car 0.0000 0 1.3862 1230.5604 159.1926 1242.0000 207.0998 1.5800 1.5598 3.8323 23.5989 1.1298 25.8355 2.1205 0.0028
Cyclist 0.0000 0 -0.8458 348.3454 185.2261 421.0636 263.9723 1.5912 0.4585 1.7654 -4.9358 1.8773 15.7585 -1.1453 0.0028
Car 0.0000 0 0.5436 530.4120 184.2138 592.6203 211.4197 1.5709 1.6770 3.4571 -3.0237 2.2958 44.4803 0.4756 0.0027
Cyclist 0.0000 0 -1.4804 691.6233 181.5039 700.2993 208.4511 1.7764 0.4254 1.8508 5.8278 2.3771 49.1212 -1.3636 0.0027
Cyclist 0.0000 0 -1.8579 757.0914 184.7825 804.7562 276.3854 1.7312 0.4025 1.9426 3.4412 1.9937 14.8716 -1.6361 0.0027
Car 0.0000 0 1.4072 493.6929 185.6851 528.0052 211.3431 1.6023 1.6764 4.1182 -6.8711 2.5221 49.4863 1.2694 0.0026
Car 0.0000 0 2.0485 162.2519 186.5331 290.9886 247.6636 1.6121 1.6400 4.3783 -11.6455 2.0748 22.1951 1.5699 0.0026
Cyclist 0.0000 0 -1.7048 774.8010 190.1810 803.6666 275.3844 1.5661 0.3553 1.4022 3.4789 1.9263 14.2658 -1.4715 0.0026
Car 0.0000 0 -3.5492 1020.0684 136.0002 1173.8608 184.7643 1.6049 1.7661 4.0412 16.6769 0.3923 24.9668 -2.9656 0.0026
Car 0.0000 0 3.0920 527.9685 184.5194 578.7378 209.8172 1.5161 1.5221 3.0878 -3.5906 2.2606 45.0712 3.0125 0.0026
Car 0.0000 0 2.0007 696.2416 188.9494 749.9694 215.4902 1.4689 1.7971 3.9845 7.0189 2.5146 44.7039 2.1548 0.0026
Car 0.0000 0 2.0524 530.1661 184.4169 584.0421 211.1978 1.5485 1.7406 4.0377 -3.3345 2.3184 45.8148 1.9796 0.0026
Car 0.0000 0 -3.7178 1021.7335 133.6896 1205.8500 185.1359 1.7272 1.8689 5.0911 17.4365 0.4127 25.2154 -3.1181 0.0025
Car 0.0000 0 -2.7277 222.4885 189.1100 397.2023 249.7298 1.4733 1.5593 3.9106 -7.7857 1.9162 18.8090 -3.1157 0.0025
Cyclist 0.0000 0 1.5827 703.1034 182.4316 713.1033 208.8371 1.6805 0.6352 1.5248 6.4051 2.3193 47.2974 1.7159 0.0024
Cyclist 0.0000 0 3.1372 524.9050 182.8257 558.0686 219.4131 1.7029 0.6664 1.5505 -3.2880 2.1817 34.2118 3.0415 0.0023
Car 0.0000 0 1.3342 491.1859 185.8970 528.1805 210.5856 1.5334 1.6138 3.9385 -6.9082 2.4614 49.1880 1.1948 0.0023
Car 0.0000 0 2.1308 527.2113 183.0404 581.2211 209.8555 1.5702 1.7102 3.7149 -3.5294 2.2466 45.8410 2.0539 0.0023
Car 0.0000 0 1.5747 406.4358 191.9198 475.9449 259.5697 1.4900 1.6268 4.2401 -4.5709 2.0625 19.4043 1.3456 0.0022
Car 0.0000 0 1.5908 700.9452 186.0905 731.7072 214.5311 1.5972 1.8026 4.2008 6.6050 2.4603 44.8045 1.7355 0.0022
Car 0.0000 0 2.0640 697.3635 187.4992 753.0997 214.4991 1.5039 1.7526 3.9286 7.1227 2.4510 44.5515 2.2209 0.0022
Car 0.0000 0 1.2963 490.4218 185.9659 529.5457 210.7508 1.5436 1.6458 3.9032 -6.9025 2.4783 49.2936 1.1574 0.0021
Car 0.0000 0 1.5927 484.5765 186.7450 512.5276 210.6191 1.4860 1.8026 3.7803 -7.5936 2.4723 49.2168 1.4399 0.0021
Pedestrian 0.0000 0 -0.4339 766.0480 184.3084 799.8989 278.2440 1.8599 0.5235 0.4920 3.4607 2.0980 14.6654 -0.2080 0.0020
Pedestrian 0.0000 0 -0.9462 557.7969 182.3044 577.2802 218.0436 1.7353 0.6671 0.7244 -2.1416 2.2106 35.7719 -1.0062 0.0020
Car 0.0000 0 -1.7387 511.1940 188.1294 557.1108 221.6048 1.4904 1.6593 3.8064 -3.8794 2.2977 36.0558 -1.8458 0.0020
Car 0.0000 0 1.7145 679.9178 185.8615 713.6354 211.9788 1.5130 1.6162 3.7087 5.5123 2.3749 45.7895 1.8330 0.0020
Car 0.0000 0 -1.6761 0.0000 0.0000 1242.0000 375.0000 1.5735 1.6719 3.8221 13.9632 1.5355 0.0683 -0.1311 0.0020
Car 0.0000 0 1.3091 490.0561 185.9475 529.0206 210.6497 1.5367 1.6599 3.9768 -6.9380 2.4712 49.3215 1.1696 0.0020
Car 0.0000 0 -2.7577 238.0581 188.6424 418.6860 248.3531 1.4642 1.4960 4.1494 -7.3335 1.8951 18.8900 -3.1238 0.0020
Cyclist 0.0000 0 -1.7883 529.3199 181.0918 541.2314 210.0626 1.7351 0.3857 1.6335 -4.6498 2.2534 44.5231 -1.8923 0.0020
Cyclist 0.0000 0 -1.1772 564.5451 185.8805 583.8861 218.4338 1.5767 0.3988 1.5873 -1.8344 2.2492 36.4112 -1.2278 0.0020
Car 0.0000 0 1.9550 532.8987 183.0206 582.7061 210.9764 1.6186 1.7567 4.0234 -3.2704 2.2916 45.5467 1.8832 0.0019
Car 0.0000 0 1.2412 486.6802 185.3858 529.4691 210.0394 1.5231 1.6088 4.1807 -7.0058 2.4144 49.0664 1.0997 0.0019
Car 0.0000 0 1.5136 492.6180 186.3829 521.4611 212.1718 1.5999 1.7038 4.4164 -7.1394 2.5730 49.5427 1.3707 0.0019
Pedestrian 0.0000 0 -0.3457 765.9054 185.2064 798.5928 278.1992 1.8438 0.5087 0.5002 3.4446 2.1000 14.6609 -0.1208 0.0019
Cyclist 0.0000 0 -1.2338 266.9422 190.0345 314.2825 273.0021 1.5882 0.3697 1.6479 -6.6600 1.9654 14.9904 -1.6459 0.0018
Car 0.0000 0 -1.1149 262.5833 184.3730 384.8920 247.8890 1.5621 1.7636 3.6323 -7.9601 1.9169 20.3118 -1.4844 0.0018
Car 0.0000 0 -2.7062 214.8204 188.4024 401.6319 253.1567 1.5545 1.7994 4.1155 -7.8041 1.9812 18.7897 -3.0953 0.0018
Car 0.0000 0 1.5540 703.7123 187.2944 734.0766 215.9638 1.5577 1.7192 3.7927 6.4448 2.4626 43.1998 1.7004 0.0018
Car 0.0000 0 1.2307 483.5095 184.9472 526.2264 210.2325 1.5808 1.6698 3.9165 -7.2471 2.4424 49.2582 1.0849 0.0017
Car 0.0000 0 1.8766 531.8353 181.3565 575.9955 209.5450 1.6561 1.7891 3.5571 -3.5214 2.2153 45.4901 1.7993 0.0017
Car 0.0000 0 2.7560 630.9152 186.8860 707.2310 214.0122 1.5443 1.6840 4.3264 3.5644 2.4293 44.0341 2.8356 0.0017
Car 0.0000 0 1.3238 488.1779 185.6526 526.0430 210.8730 1.5790 1.6489 3.9525 -7.1261 2.4951 49.4845 1.1810 0.0017
Car 0.0000 0 -0.9632 402.1205 191.2690 545.4890 260.1545 1.5649 1.8248 4.1470 -3.6479 2.1301 19.8647 -1.1433 0.0017
Pedestrian 0.0000 0 -0.9417 699.5812 179.4726 715.1702 207.5226 1.8021 0.6734 0.7902 6.3285 2.2394 47.1162 -0.8096 0.0017
Pedestrian 0.0000 0 1.2116 363.7869 185.3947 401.6821 264.7893 1.6337 0.5276 0.8013 -4.9289 1.9113 15.4731 0.9074 0.0016
Car 0.0000 0 1.4876 484.4186 186.0001 516.2209 211.8925 1.6015 1.7874 4.3280 -7.5641 2.5421 49.2877 1.3356 0.0016
Car 0.0000 0 0.6295 532.5809 185.4950 593.7951 213.1775 1.5737 1.7208 3.3675 -2.9032 2.3756 44.1268 0.5636 0.0016
Car 0.0000 0 1.8015 525.5090 185.9460 589.8848 232.2222 1.6804 1.7581 3.9874 -2.0988 2.2543 29.4993 1.7304 0.0016
Pedestrian 0.0000 0 -0.3432 533.7238 183.6343 550.4538 212.6278 1.7212 0.6634 0.8329 -4.1445 2.3811 43.6637 -0.4379 0.0015
Car 0.0000 0 0.5037 532.7161 186.9586 591.2145 212.7435 1.4833 1.6131 3.2177 -2.9905 2.3804 44.4586 0.4363 0.0015
Car 0.0000 0 0.4195 238.9190 187.9564 396.0515 248.7339 1.4878 1.5874 3.4814 -7.6536 1.9029 18.9515 0.0400 0.0015
Pedestrian 0.0000 0 -0.2304 533.7714 183.4717 550.4345 212.6778 1.7347 0.6515 0.8770 -4.1409 2.3838 43.6292 -0.3250 0.0015
Pedestrian 0.0000 0 -1.4326 577.7371 165.3937 595.2073 207.3371 1.9413 0.6996 0.9360 -1.1392 1.5963 33.8938 -1.4665 0.0015
Car 0.0000 0 1.2946 486.5053 187.1581 524.9685 211.2830 1.5007 1.6400 3.7431 -7.1973 2.5199 49.3462 1.1500 0.0015
Car 0.0000 0 -1.0110 397.5242 194.1494 537.3920 259.9887 1.4558 1.7775 4.1877 -3.7816 2.1047 19.6960 -1.1990 0.0015
Car 0.0000 0 0.2752 331.3282 189.2484 505.6534 252.2500 1.5566 1.8729 4.1559 -5.0676 2.0182 19.3153 0.0213 0.0015
Car 0.0000 0 -1.0137 234.0656 181.4231 364.5670 249.4860 1.6989 1.7538 3.5598 -8.6781 1.9639 20.3814 -1.4120 0.0015
Cyclist 0.0000 0 0.3489 361.6264 175.0917 442.6635 257.3316 1.7718 0.4653 1.6515 -4.6065 1.8222 15.8479 0.0698 0.0015
Car 0.0000 0 -0.9519 233.1660 181.7898 367.3325 248.6499 1.6563 1.7400 3.5092 -8.6147 1.9315 20.2831 -1.3493 0.0014
Car 0.0000 0 -1.0742 243.9109 182.3495 372.7071 248.5419 1.6447 1.7609 3.7862 -8.4483 1.9405 20.4705 -1.4615 0.0014
Car 0.0000 0 -1.0585 240.2538 182.6680 369.7912 249.2380 1.6524 1.7808 3.6842 -8.5225 1.9568 20.4139 -1.4498 0.0014
Car 0.0000 0 -1.1437 248.8804 181.6178 369.3938 246.7791 1.6336 1.7617 3.7039 -8.4366 1.9057 20.4800 -1.5304 0.0014
Car 0.0000 0 1.4945 485.3239 187.1629 515.5955 211.4959 1.5066 1.7449 3.8779 -7.5368 2.5243 49.2122 1.3428 0.0013
Pedestrian 0.0000 0 -0.9515 699.2347 179.1314 715.1335 207.1250 1.7990 0.7018 0.7897 6.3181 2.2141 47.1325 -0.8196 0.0013
Car 0.0000 0 -1.4320 401.8095 191.9766 492.1127 260.3248 1.5565 1.8256 4.3359 -4.4073 2.1437 19.9090 -1.6479 0.0013
Car 0.0000 0 0.6105 213.1018 180.0065 401.1975 247.4249 1.6399 1.6905 4.4363 -8.0330 1.8428 19.1287 0.2174 0.0013
Car 0.0000 0 -2.6884 220.2904 186.5995 399.0300 251.3032 1.5553 1.7578 3.9219 -7.7706 1.9324 18.7721 -3.0764 0.0013
Car 0.0000 0 -1.2885 259.9721 183.2099 368.5436 247.5764 1.5916 1.7622 4.1692 -8.3681 1.9200 20.6949 -1.6688 0.0013
Car 0.0000 0 -1.0346 1057.3226 132.0333 1187.4301 181.4300 1.5678 1.7618 4.1358 17.3955 0.2726 24.5512 -0.4236 0.0012
Cyclist 0.0000 0 -1.7516 529.1836 179.6368 539.9412 208.5756 1.7550 0.4062 1.4691 -4.7293 2.1844 44.8755 -1.8565 0.0012
Car 0.0000 0 -0.9438 230.0259 182.1371 368.6205 248.9962 1.6484 1.7715 3.6373 -8.6411 1.9354 20.3060 -1.3419 0.0012
Car 0.0000 0 0.6517 532.3124 185.1821 592.8298 212.5725 1.5592 1.7451 3.3202 -2.9461 2.3429 44.1964 0.5850 0.0012
Pedestrian 0.0000 0 -0.6993 382.4143 182.8803 421.7201 263.8318 1.6906 0.5011 0.6441 -4.5356 1.9130 15.5735 -0.9789 0.0011
Car 0.0000 0 1.7840 527.7498 186.0452 591.3983 234.0670 1.7544 1.8196 3.8709 -2.0270 2.3321 29.5285 1.7152 0.0011
Car 0.0000 0 -4.6302 0.0000 0.0000 1242.0000 375.0000 1.5766 1.7032 3.8998 13.9471 1.5116 0.0655 -3.0851 0.0011
Car 0.0000 0 0.4447 325.8465 192.4745 487.4486 255.2147 1.4950 1.8217 3.7107 -5.3869 2.0498 19.1694 0.1736 0.0011
Car 0.0000 0 -1.0897 258.7549 187.1429 386.6074 250.8059 1.5565 1.7866 3.8458 -8.0708 2.0036 20.5498 -1.4601 0.0011
Car 0.0000 0 0.5525 224.5798 181.4550 409.3320 248.7683 1.6441 1.6474 4.3140 -7.7503 1.8862 19.1014 0.1714 0.0010
Car 0.0000 0 0.4082 327.7436 192.2267 494.8601 255.1820 1.5114 1.8266 3.8890 -5.2715 2.0598 19.2283 0.1434 0.0010
Car 0.0000 0 -1.0118 251.6891 182.8849 387.7547 249.5049 1.6462 1.8255 3.8055 -8.1268 1.9597 20.4792 -1.3856 0.0010
Car 0.0000 0 -0.9886 406.1696 192.6917 553.8791 259.5674 1.4866 1.8577 4.4238 -3.4559 2.0990 19.8585 -1.1595 0.0010
Car 0.0000 0 -0.7914 1031.2004 140.0590 1217.4471 191.1530 1.6651 1.9510 5.5221 17.6942 0.5967 24.9669 -0.1803 0.0010
Cyclist 0.0000 0 0.5004 358.0610 175.7825 440.0153 258.0317 1.7535 0.5260 1.6825 -4.6806 1.8200 15.8491 0.2170 0.0010
Car 0.0000 0 1.5703 702.3491 188.0157 734.5502 216.3838 1.5869 1.8888 4.0745 6.6933 2.5743 44.8155 1.7170 0.0010
Cyclist 0.0000 0 -1.5908 539.1374 184.9312 545.3387 213.0387 1.6797 0.3479 1.5934 -4.2270 2.4406 44.6251 -1.6852 0.0010
Car 0.0000 0 1.5370 688.3415 184.1482 716.1412 212.6507 1.6573 1.5974 3.7243 5.7356 2.3985 45.4043 1.6612 0.0010
Car 0.0000 0 1.8112 525.1124 188.1842 589.6522 234.6424 1.6663 1.7649 3.7271 -2.0940 2.3287 29.1718 1.7394 0.0009
Car 0.0000 0 -4.6756 0.0000 0.0000 1242.0000 375.0000 1.5307 1.5014 3.6938 13.9343 1.5256 0.0018 -3.1259 0.0009
Car 0.0000 0 0.4526 235.0002 184.3048 385.7717 244.8242 1.4966 1.4916 3.3573 -7.8788 1.8123 19.0151 0.0643 0.0009
Car 0.0000 0 -4.6056 0.0000 0.0000 1242.0000 375.0000 1.5409 1.4903 4.0434 13.8424 1.5058 0.3548 -3.0815 0.0008
Car 0.0000 0 0.3395 247.0690 185.3753 420.5669 245.2762 1.4669 1.6664 3.9130 -7.1796 1.8104 18.9016 -0.0194 0.0008
Car 0.0000 0 1.5965 701.9736 189.1689 734.9590 216.7639 1.5224 1.9187 4.1037 6.7112 2.5802 44.5764 1.7442 0.0008
Car 0.0000 0 -0.7484 1033.3171 133.0391 1199.8888 184.1357 1.6802 1.9578 4.6553 17.4568 0.3713 25.0279 -0.1448 0.0008
Car 0.0000 0 0.4923 222.2070 181.2258 391.1133 244.7896 1.5653 1.5150 3.8345 -7.9542 1.7967 18.9593 0.0996 0.0008
Car 0.0000 0 -1.0450 227.0939 180.6196 362.5909 245.8683 1.6217 1.7338 4.0054 -8.8363 1.8655 20.5235 -1.4473 0.0008
Car 0.0000 0 1.6774 699.0361 188.8239 736.9993 216.5318 1.5364 1.9092 4.1679 6.7311 2.5797 44.8643 1.8247 0.0008
Car 0.0000 0 -0.6430 1036.2815 136.2882 1201.0720 185.3325 1.6236 1.9226 4.3862 17.4312 0.4135 24.9281 -0.0381 0.0008
Car 0.0000 0 -0.2293 1041.9384 136.8248 1169.0873 184.2925 1.5500 1.6445 3.3236 16.9490 0.3739 24.9167 0.3627 0.0007
Car 0.0000 0 -1.4542 0.0000 0.0000 1242.0000 375.0000 1.5822 1.6318 4.3041 13.8605 1.5139 -0.0788 0.1012 0.0007
Car 0.0000 0 0.6513 332.6282 192.4783 498.7852 260.2832 1.5446 1.7817 3.9317 -5.1328 2.1022 18.9130 0.3890 0.0007
Car 0.0000 0 0.5731 329.4622 189.7268 501.0674 259.5227 1.6142 1.8412 3.9762 -5.1151 2.0911 18.8885 0.3115 0.0007
Car 0.0000 0 -0.8315 1212.7909 153.7330 1242.0000 212.2025 1.8192 1.6099 4.8852 22.5453 1.2246 23.4248 -0.0717 0.0007
Pedestrian 0.0000 0 2.0464 399.2562 178.7824 432.3040 257.3912 1.6789 0.4727 0.6094 -4.3004 1.8120 15.8082 1.7843 0.0007
Car 0.0000 0 -0.6609 1033.1609 143.8450 1225.8881 192.8879 1.6293 1.8797 5.4346 17.8737 0.6659 25.0337 -0.0464 0.0007
Car 0.0000 0 0.6835 334.9777 191.1362 505.3983 259.7563 1.5587 1.7848 4.1267 -5.0362 2.0812 18.9399 0.4263 0.0007
Car 0.0000 0 1.8082 524.1553 188.4356 586.2309 233.2887 1.5942 1.6836 3.5659 -2.1645 2.2587 28.8561 1.7333 0.0007
Car 0.0000 0 1.3572 692.0544 186.5164 733.5067 215.8080 1.5972 1.6670 3.8262 6.0605 2.4520 43.1505 1.4952 0.0007
Car 0.0000 0 -1.0902 1061.1697 131.6365 1176.4510 182.7606 1.6310 1.6220 3.8840 17.3439 0.3164 24.6354 -0.4822 0.0006
Car 0.0000 0 -2.1048 357.8733 191.6028 508.8549 266.5790 1.5255 1.6205 4.3594 -4.5241 2.0451 17.8584 -2.3502 0.0006
Car 0.0000 0 1.6785 698.1016 188.7483 736.4711 216.4308 1.5196 1.9152 4.0450 6.6045 2.5449 44.3284 1.8248 0.0006
Cyclist 0.0000 0 -2.2300 733.3433 185.1202 800.2881 275.1906 1.6930 0.4063 1.6180 3.0926 1.9554 14.5973 -2.0265 0.0006
Car 0.0000 0 1.3426 684.3859 184.1443 725.4369 213.8754 1.7174 1.7240 3.7735 5.8540 2.4548 45.1331 1.4701 0.0006
Pedestrian 0.0000 0 -1.0778 534.5321 180.6892 549.6816 211.4587 1.8652 0.7462 0.5708 -4.2051 2.3517 44.3519 -1.1724 0.0005
Car 0.0000 0 -2.7923 528.9356 184.6219 586.0511 210.7912 1.5301 1.7112 3.1217 -3.2596 2.2776 44.5582 -2.8655 0.0005
Pedestrian 0.0000 0 -0.6920 534.9208 180.8781 549.2538 211.9807 1.8834 0.7211 0.5418 -4.2095 2.3821 44.3664 -0.7866 0.0005
Car 0.0000 0 -1.6594 0.0000 0.0000 1242.0000 375.0000 1.5568 1.6786 4.1153 14.4477 1.5105 -0.1904 -0.0957 0.0005
Car 0.0000 0 1.4570 696.3751 185.8628 732.8633 215.4121 1.6759 1.7685 4.1644 6.4220 2.5234 44.8791 1.5975 0.0005
Pedestrian 0.0000 0 -0.7470 699.5670 179.8650 714.3295 207.1813 1.7684 0.6730 0.6873 6.3410 2.2343 47.4255 -0.6154 0.0005
Car 0.0000 0 0.5994 264.5686 185.6414 437.3252 250.6530 1.5504 1.6898 4.0530 -6.8577 1.9123 19.0637 0.2579 0.0005
Pedestrian 0.0000 0 0.2805 529.6394 184.6387 546.4846 212.8603 1.6764 0.6214 0.8748 -4.3741 2.3946 43.5624 0.1805 0.0004
Pedestrian 0.0000 0 -0.3471 689.3463 179.2306 703.2665 209.9281 2.0482 0.6982 0.7392 5.7979 2.4831 48.7409 -0.2300 0.0004
Car 0.0000 0 1.4072 693.5740 186.1531 733.7834 216.1851 1.6985 1.7834 4.3000 6.3602 2.5664 44.8981 1.5463 0.0004
Pedestrian 0.0000 0 -1.8117 528.7831 180.6384 542.6994 212.3773 1.9232 0.7039 0.7018 -4.6032 2.4073 44.3867 -1.9150 0.0004
Car 0.0000 0 1.4516 690.3845 186.3976 726.8292 215.7014 1.6591 1.7767 3.7805 6.0024 2.5307 44.5091 1.5841 0.0004
Car 0.0000 0 0.7556 298.2094 187.0353 477.3128 257.9168 1.6134 1.8549 4.4312 -5.9054 2.0219 18.9549 0.4569 0.0004
Car 0.0000 0 1.5757 699.5532 186.0725 730.9664 215.6872 1.6414 1.8141 4.2366 6.4178 2.4925 44.2067 1.7182 0.0004
Car 0.0000 0 0.8313 332.8173 186.9135 504.0465 257.6942 1.5728 1.6942 4.5071 -5.0799 1.9756 18.7243 0.5692 0.0003
Car 0.0000 0 0.6765 328.0843 188.4015 511.6341 257.3719 1.5470 1.7229 4.4997 -4.9798 1.9859 18.6491 0.4184 0.0003
Pedestrian 0.0000 0 -1.0206 699.7300 179.2792 714.3276 206.7581 1.7783 0.6858 0.7010 6.3451 2.2051 47.4070 -0.8889 0.0003
Car 0.0000 0 0.9396 300.8483 185.4689 453.3944 251.8796 1.4852 1.6894 4.0667 -6.1454 1.8457 18.7218 0.6260 0.0003
Car 0.0000 0 0.5807 324.1378 187.3446 510.5832 255.7920 1.5601 1.8327 4.3732 -5.0090 1.9667 18.6640 0.3213 0.0003
Car 0.0000 0 1.0132 334.5657 186.6527 491.6171 260.5114 1.5546 1.6690 4.4855 -5.0903 1.9421 18.1115 0.7423 0.0003
Car 0.0000 0 0.8838 327.6240 185.5287 510.8912 263.3947 1.6298 1.7504 4.7738 -4.8635 1.9812 17.8841 0.6212 0.0003
Car 0.0000 0 1.5139 695.9695 186.5088 726.0857 215.6121 1.6663 1.6389 3.7107 6.2314 2.5549 45.0185 1.6498 0.0002
Car 0.0000 0 1.5432 699.3599 189.2572 732.3132 217.4648 1.5593 1.8839 4.1438 6.4557 2.6222 44.5683 1.6854 0.0002