Car 0.0000 0 2.2141 0.0000 192.5701 153.4392 249.6250 1.4495 1.6306 3.9960 -15.9019 2.0987 21.7302 1.5880 0.9987
Car 0.0000 0 2.2123 0.0000 192.1932 153.6256 249.7973 1.4664 1.6554 4.0076 -15.9117 2.1034 21.7346 1.5860 0.9987
Car 0.0000 0 2.2109 0.0000 192.1925 153.7886 249.9537 1.4717 1.6525 3.9917 -15.8971 2.1084 21.7328 1.5850 0.9987
Car 0.0000 0 2.2091 0.0000 192.2086 153.2524 249.7140 1.4640 1.6442 4.0063 -15.9133 2.1015 21.7348 1.5827 0.9987
Car 0.0000 0 2.2117 0.0000 192.2121 152.6347 249.5133 1.4568 1.6611 4.0080 -15.9342 2.0940 21.7178 1.5844 0.9980
Car 0.0000 0 2.2215 0.0000 192.1550 152.7756 249.7275 1.4639 1.6557 3.9907 -15.9296 2.0990 21.7089 1.5941 0.9976
Car 0.0000 0 2.2118 1.0595 191.9481 153.1694 249.8251 1.4783 1.6236 3.9512 -15.8876 2.1063 21.7265 1.5861 0.9975
Car 0.0000 0 2.2084 0.5190 192.2746 152.2120 249.6345 1.4625 1.6249 3.9375 -15.8995 2.1005 21.7109 1.5820 0.9916
Car 0.0000 0 2.0284 241.4024 187.6950 312.4155 220.0626 1.4047 1.6888 3.5937 -16.0184 2.1584 34.8013 1.5996 0.9863
Car 0.0000 0 2.0373 241.3264 187.8551 312.7554 220.2055 1.4014 1.6697 3.6248 -16.0129 2.1637 34.8052 1.6087 0.9854
Car 0.0000 0 2.0355 241.5406 187.8674 313.3701 220.3895 1.4099 1.6907 3.6393 -16.0053 2.1736 34.8342 1.6073 0.9845
Car 0.0000 0 2.0368 241.2040 187.5206 313.1772 219.9963 1.4099 1.7009 3.6241 -16.0160 2.1557 34.8290 1.6083 0.9822
Car 0.0000 0 2.2021 0.0000 192.4112 152.2784 249.7073 1.4615 1.6719 3.9421 -15.9216 2.1043 21.7250 1.5753 0.9817
Car 0.0000 0 2.0329 242.7396 187.4298 313.7606 220.2625 1.4277 1.6586 3.6484 -15.9840 2.1700 34.8699 1.6057 0.9797
Car 0.0000 0 2.0302 241.6255 187.8695 312.6814 220.0427 1.3933 1.6623 3.6450 -16.0123 2.1567 34.8164 1.6017 0.9771
Car 0.0000 0 2.2161 0.0000 193.0715 151.0173 249.8832 1.4421 1.6126 3.9420 -15.9428 2.1065 21.7102 1.5884 0.9706
Car 0.0000 0 2.0256 241.3220 187.6017 312.5955 220.0076 1.4056 1.6937 3.6242 -16.0122 2.1547 34.7958 1.5969 0.9703
Car 0.0000 0 2.2111 0.3072 192.3826 151.3318 249.5986 1.4608 1.6320 3.8900 -15.9188 2.1018 21.7098 1.5840 0.9577
Car 0.0000 0 2.2033 0.0000 192.6467 153.6020 250.1219 1.4589 1.6775 4.0153 -15.8975 2.1101 21.7107 1.5769 0.9511
Car 0.0000 0 2.0374 241.7669 187.7792 313.6317 219.7447 1.3809 1.6514 3.7054 -15.9810 2.1404 34.8104 1.6096 0.9355
Car 0.0000 0 2.0193 241.8582 187.3990 312.9899 219.9991 1.4154 1.6883 3.6646 -16.0009 2.1550 34.8223 1.5911 0.9333
Car 0.0000 0 2.2064 0.3828 192.5106 152.0464 249.8043 1.4610 1.6373 3.9299 -15.9129 2.1070 21.7225 1.5798 0.9249
Car 0.0000 0 3.0268 0.0000 0.0000 1242.0000 375.0000 1.5022 1.7360 3.8278 -16.2488 2.0090 1.0240 1.5366 0.9188
Car 0.0000 0 2.0350 241.1529 187.1881 312.8314 219.7576 1.4118 1.6427 3.7180 -16.0200 2.1414 34.8215 1.6063 0.9123
Car 0.0000 0 3.0475 0.0000 0.0000 1242.0000 375.0000 1.4869 1.6863 3.9040 -16.1909 2.0121 0.9819 1.5550 0.8976
Car 0.0000 0 3.0203 0.0000 0.0000 1242.0000 375.0000 1.5047 1.7230 4.0520 -16.2614 2.0076 0.9861 1.5277 0.8353
Car 0.0000 0 2.0470 242.0634 187.4639 313.1555 219.7479 1.4003 1.6285 3.6248 -15.9922 2.1432 34.8179 1.6190 0.8237
Car 0.0000 0 3.0465 0.0000 0.0000 1242.0000 375.0000 1.4994 1.6843 3.8257 -16.1885 2.0274 1.0149 1.5560 0.8142
Cyclist 0.0000 0 -3.0890 0.0000 0.0000 1242.0000 375.0000 1.8192 0.5982 1.7278 5.9677 1.4898 0.1544 -1.5927 0.8141
Car 0.0000 0 2.0281 241.8999 187.8392 313.9866 219.9376 1.3894 1.6961 3.7015 -15.9896 2.1527 34.8560 1.6005 0.8084
Car 0.0000 0 3.0383 0.0000 0.0000 1242.0000 375.0000 1.4941 1.6696 3.7250 -16.1940 2.0150 1.0299 1.5488 0.8024
Car 0.0000 0 3.0442 0.0000 0.0000 1242.0000 375.0000 1.4991 1.6961 3.8898 -16.2298 2.0151 0.9756 1.5511 0.7957
Cyclist 0.0000 0 -3.1662 0.0000 0.0000 1242.0000 375.0000 1.8208 0.6538 1.7101 6.0272 1.4633 0.1440 -1.6674 0.7907
Car 0.0000 0 3.0326 0.0000 0.0000 1242.0000 375.0000 1.5105 1.6709 3.7077 -16.1881 2.0140 1.0519 1.5445 0.7872
Car 0.0000 0 3.0249 0.0000 0.0000 1242.0000 375.0000 1.5149 1.6862 3.9080 -16.2012 2.0197 0.9668 1.5314 0.7748
Car 0.0000 0 2.0299 242.1779 187.6678 314.5154 220.1725 1.4095 1.6974 3.7214 -15.9857 2.1650 34.8914 1.6029 0.7734
Pedestrian 0.0000 0 -3.0163 0.0000 0.0000 1242.0000 375.0000 1.7901 0.7425 1.1253 5.9934 1.4583 0.1105 -1.5123 0.7616
Cyclist 0.0000 0 1.8064 300.2783 177.5373 316.6277 205.2709 1.7820 0.5940 1.7851 -19.9153 2.0974 47.6019 1.4118 0.7312
Cyclist 0.0000 0 -3.1135 0.0000 0.0000 1242.0000 375.0000 1.8238 0.5754 1.7109 5.9680 1.4813 0.1260 -1.6124 0.7044
Car 0.0000 0 3.0468 0.0000 0.0000 1242.0000 375.0000 1.4762 1.7092 4.0830 -16.2132 2.0116 0.9148 1.5501 0.6806
Cyclist 0.0000 0 1.8570 299.6414 177.9398 316.8635 205.4023 1.7645 0.5684 1.7788 -19.9324 2.1070 47.6121 1.4622 0.6705
Car 0.0000 0 2.0040 240.1475 187.3449 312.1270 219.6782 1.3999 1.7237 3.7611 -16.0523 2.1372 34.8081 1.5745 0.6686
Car 0.0000 0 3.0480 0.0000 0.0000 1242.0000 375.0000 1.4852 1.6754 3.8303 -16.2301 2.0150 1.0118 1.5571 0.6534
Car 0.0000 0 3.0654 0.0000 0.0000 1242.0000 375.0000 1.5279 1.6773 3.9412 -16.2234 2.0002 0.9422 1.5703 0.6474
Car 0.0000 0 3.0317 0.0000 0.0000 1242.0000 375.0000 1.4795 1.6885 3.8554 -16.2208 2.0189 0.9936 1.5398 0.6434
Car 0.0000 0 3.0319 0.0000 0.0000 1242.0000 375.0000 1.5254 1.6971 3.7268 -16.2402 2.0088 1.0569 1.5438 0.6412
Car 0.0000 0 2.0163 241.4607 187.3653 312.4767 219.6348 1.3941 1.6535 3.7213 -15.9783 2.1306 34.7287 1.5877 0.6168
Car 0.0000 0 3.0785 0.0000 0.0000 1242.0000 375.0000 1.5129 1.6602 3.8191 -16.2294 1.9824 0.9246 1.5823 0.6130
Car 0.0000 0 3.0296 0.0000 0.0000 1242.0000 375.0000 1.4985 1.6537 3.6928 -16.2535 2.0164 1.0801 1.5428 0.6028
Cyclist 0.0000 0 1.8448 299.9678 177.9450 317.0297 205.3892 1.7645 0.5887 1.7421 -19.9210 2.1073 47.6231 1.4503 0.5963
Cyclist 0.0000 0 -3.1218 0.0000 0.0000 1242.0000 375.0000 1.8311 0.5939 1.7638 5.9523 1.4892 0.1228 -1.6204 0.5801
Car 0.0000 0 2.0108 237.9384 186.2754 310.1642 220.1439 1.4683 1.6842 3.7944 -16.0974 2.1494 34.6907 1.5789 0.5432
Car 0.0000 0 3.1107 0.0000 0.0000 1242.0000 375.0000 1.5508 1.6281 3.6803 -16.3667 2.0321 1.2018 1.6308 0.5233
Car 0.0000 0 -1.2525 380.6608 171.8754 415.8398 198.6416 2.3659 1.7250 4.6434 -19.3699 2.2797 66.1242 -1.5367 0.5174
Car 0.0000 0 3.0968 0.0000 0.0000 1242.0000 375.0000 1.4796 1.7053 3.9761 -16.3275 2.0161 0.8534 1.5959 0.5150
Pedestrian 0.0000 0 -2.1202 0.0000 0.0000 1242.0000 375.0000 1.7557 0.7296 1.0489 5.9839 1.4543 0.0779 -0.6109 0.4882
Car 0.0000 0 -1.2432 379.9063 171.4955 416.4068 199.4815 2.4724 1.7625 4.7889 -19.3883 2.3527 66.1702 -1.5275 0.4748
Car 0.0000 0 1.4016 1161.5048 164.3789 1219.7970 196.3996 1.4688 1.6108 3.5349 28.0758 1.0804 35.0303 2.0730 0.4613
Car 0.0000 0 2.5441 0.0000 188.9063 51.9849 230.7258 1.5305 1.7020 4.4179 -26.5542 2.2633 30.5652 1.8330 0.4524
Car 0.0000 0 -1.2434 380.0885 171.4709 415.9349 198.7262 2.4080 1.7296 4.7026 -19.3923 2.2862 66.1316 -1.5279 0.4457
Car 0.0000 0 3.0084 0.0000 0.0000 1242.0000 375.0000 1.5004 1.6845 3.5421 -16.3264 2.0153 1.2188 1.5296 0.4411
Car 0.0000 0 1.9034 376.5345 174.4353 411.8437 198.3413 2.0772 1.7981 4.1339 -19.4351 2.2248 65.0746 1.6140 0.4340
Car 0.0000 0 -1.2748 381.1026 173.1651 415.3040 198.3965 2.2269 1.7255 4.6354 -19.3583 2.2568 66.0660 -1.5590 0.3995
Car 0.0000 0 2.5219 0.0000 188.3843 50.3804 228.9285 1.4995 1.6304 4.2090 -26.5315 2.2075 30.6357 1.8124 0.3971
Car 0.0000 0 2.5914 0.0000 189.4224 51.3294 230.6900 1.5173 1.7040 4.2951 -26.6472 2.2752 30.6820 1.8805 0.3916
Car 0.0000 0 3.1991 0.0000 0.0000 1242.0000 375.0000 1.4549 1.7565 4.0413 -16.5523 2.0204 0.9761 1.7045 0.3853
Car 0.0000 0 -1.2500 379.7009 171.2554 415.6714 199.5268 2.4965 1.7640 4.7094 -19.4115 2.3557 66.0968 -1.5349 0.3800
Car 0.0000 0 1.9185 377.9901 174.8081 413.3856 198.4610 2.0543 1.7762 4.0793 -19.3084 2.2367 65.1000 1.6310 0.3746
Car 0.0000 0 2.5537 0.0000 188.8765 51.7157 230.1312 1.5183 1.7094 4.2880 -26.5616 2.2498 30.6295 1.8435 0.3697
Car 0.0000 0 2.5296 0.0000 188.3153 49.5679 229.1460 1.5054 1.6072 4.2720 -26.5567 2.2098 30.5853 1.8188 0.3589
Car 0.0000 0 -1.2633 379.8452 171.9232 415.2849 199.1800 2.4053 1.7428 4.7927 -19.4188 2.3235 66.0856 -1.5484 0.3485
Car 0.0000 0 3.1284 0.0000 0.0000 1242.0000 375.0000 1.4754 1.7536 3.9454 -16.5297 2.0062 1.0209 1.6366 0.3451
Cyclist 0.0000 0 1.6995 300.1735 177.6721 313.3642 205.3415 1.7786 0.5835 1.7354 -20.0325 2.1030 47.6112 1.3029 0.3315
Car 0.0000 0 1.9462 375.4333 175.5832 412.1701 198.6429 1.9799 1.7604 4.1189 -19.3207 2.2325 64.5777 1.6563 0.3235
Cyclist 0.0000 0 1.8220 302.6714 177.9606 318.6667 204.9433 1.7466 0.5842 1.6655 -19.8915 2.0921 47.8952 1.4301 0.3173
Car 0.0000 0 2.5340 0.0000 188.6673 52.7784 230.5234 1.5371 1.6955 4.4091 -26.5421 2.2599 30.6148 1.8239 0.3120
Car 0.0000 0 2.5702 0.0000 189.6025 51.7976 231.0309 1.5145 1.7217 4.3754 -26.6034 2.2798 30.6101 1.8589 0.3087
Cyclist 0.0000 0 0.6683 293.3293 177.0077 322.0296 204.7505 1.8034 0.5619 1.7807 -19.9603 2.0805 47.5637 0.2726 0.2883
Car 0.0000 0 3.1447 0.0000 0.0000 1242.0000 375.0000 1.5217 1.6183 3.5314 -16.5283 2.0154 1.3166 1.6707 0.2873
Car 0.0000 0 -1.2202 379.4940 169.7425 416.8029 196.7616 2.3828 1.7588 4.7243 -19.3519 2.1087 66.0432 -1.5045 0.2750
Car 0.0000 0 1.4365 1163.8433 162.9296 1220.5499 196.0121 1.5058 1.6177 3.7811 28.0254 1.0544 34.8772 2.1092 0.2730
Car 0.0000 0 3.1666 0.0000 0.0000 1242.0000 375.0000 1.4575 1.7580 4.1852 -16.6606 2.0166 0.8117 1.6618 0.2418
Car 0.0000 0 1.9488 373.0345 175.4370 411.1031 199.3852 2.0556 1.8446 4.1859 -19.4687 2.2949 64.5629 1.6568 0.2188
Cyclist 0.0000 0 1.8953 301.7117 177.0423 319.8869 205.3885 1.8271 0.5765 1.7625 -19.7877 2.1094 47.6696 1.5035 0.2100
Pedestrian 0.0000 0 3.1851 301.5293 176.6636 316.8857 204.5135 1.8142 0.6254 0.9080 -19.8590 2.0681 47.5723 2.7913 0.2039
Car 0.0000 0 2.5664 0.0000 189.7294 50.0474 231.5323 1.5183 1.7382 4.4609 -26.6519 2.2881 30.5126 1.8526 0.1994
Car 0.0000 0 -1.2521 378.3803 170.1060 415.3768 199.5701 2.6016 1.8287 4.8316 -19.4985 2.3593 66.1518 -1.5380 0.1992
Car 0.0000 0 -1.2449 379.6412 170.0536 416.1595 197.6974 2.4400 1.7765 4.7615 -19.3915 2.1932 66.1003 -1.5295 0.1862
Car 0.0000 0 1.4439 1164.4990 161.3720 1221.4082 195.6528 1.5551 1.6294 3.9127 28.0163 1.0346 34.8238 2.1171 0.1816
Car 0.0000 0 1.4404 1161.3619 164.8347 1216.1281 197.6866 1.5010 1.5856 3.6413 27.9098 1.1350 34.9343 2.1102 0.1721
Car 0.0000 0 2.5684 0.0000 189.2010 55.6530 230.4397 1.5211 1.7547 4.3417 -26.5651 2.2720 30.7909 1.8607 0.1579
Car 0.0000 0 1.4310 1161.5334 164.8628 1218.1998 198.3690 1.5194 1.5906 3.7899 27.8137 1.1574 34.7538 2.1016 0.1553
Car 0.0000 0 2.4778 0.0000 190.4786 101.4446 226.3755 1.4610 1.4383 3.6429 -25.7183 2.3202 33.2146 1.8227 0.1549
Car 0.0000 0 2.5565 0.0000 191.7073 46.2805 234.1710 1.5214 1.7465 4.4648 -26.6892 2.3772 30.3503 1.8394 0.1541
Car 0.0000 0 -1.2355 378.3980 168.3838 416.7277 197.7919 2.5906 1.7851 5.1143 -19.4319 2.1972 66.1576 -1.5204 0.1473
Cyclist 0.0000 0 0.5181 293.6220 177.1270 323.6092 204.3450 1.7748 0.5765 1.7719 -19.8961 2.0592 47.5652 0.1236 0.1467
Car 0.0000 0 2.5476 0.0000 189.7624 51.5805 232.2805 1.5479 1.7037 4.4797 -26.5920 2.3200 30.5468 1.8355 0.1462
Car 0.0000 0 -1.2498 378.6921 170.5438 415.4087 199.9884 2.5984 1.8081 4.7775 -19.4654 2.3949 66.0891 -1.5355 0.1423
Car 0.0000 0 2.5371 0.0000 188.7788 49.8924 230.1081 1.5171 1.6067 4.3172 -26.5363 2.2422 30.5409 1.8259 0.1371
Car 0.0000 0 1.0452 144.9181 185.8643 213.6932 214.2723 1.4794 1.6603 3.7907 -24.3588 2.2440 40.7308 0.5089 0.1327
Car 0.0000 0 2.4982 1.5391 189.9886 106.0540 225.2469 1.4417 1.4738 3.6780 -25.6640 2.2818 33.3863 1.8466 0.1290
Car 0.0000 0 1.4460 1161.3130 164.4821 1215.0222 198.0500 1.5306 1.5573 3.6752 27.8333 1.1492 34.8724 2.1153 0.1286
Car 0.0000 0 0.6149 118.2962 184.6980 205.9632 213.2552 1.4945 1.6403 3.8346 -24.4973 2.1583 39.4743 0.0623 0.1262
Car 0.0000 0 2.5520 0.0000 192.4326 42.2267 233.6553 1.4810 1.6553 4.2092 -26.6644 2.3647 30.3029 1.8347 0.1254
Pedestrian 0.0000 0 3.1669 303.6086 176.1718 317.3812 204.7197 1.8613 0.6031 0.8235 -19.7742 2.0824 47.5711 2.7746 0.1245
Pedestrian 0.0000 0 -1.6014 301.2852 176.2053 312.2043 204.8817 1.8652 0.6383 0.8632 -20.0298 2.0890 47.5763 -1.9982 0.1229
Cyclist 0.0000 0 0.4244 294.2036 176.6749 324.3534 204.2505 1.8026 0.5592 1.7608 -19.8464 2.0564 47.5545 0.0307 0.1204
Car 0.0000 0 1.4558 1164.2812 163.5437 1221.1833 198.4325 1.5673 1.6446 4.0027 27.7778 1.1494 34.5438 2.1287 0.1111
Car 0.0000 0 1.4100 1161.5907 163.8972 1220.5800 197.3625 1.5230 1.6214 3.7179 27.9494 1.1157 34.8526 2.0816 0.1080
Car 0.0000 0 2.5107 0.0000 190.6123 100.8751 226.7513 1.4522 1.5403 3.8061 -25.7616 2.3161 33.0403 1.8522 0.1067
Car 0.0000 0 -2.8099 366.5811 175.7379 417.1560 197.6148 1.9210 1.7567 3.9773 -19.5115 2.1833 64.5630 -3.1026 0.1053
Car 0.0000 0 1.9729 375.1576 175.6275 413.0248 198.9507 1.9967 1.7375 4.1931 -19.2603 2.2533 64.4684 1.6834 0.0989
Car 0.0000 0 1.0937 144.1319 185.6650 209.8326 214.9904 1.5255 1.6511 3.7341 -24.4693 2.2784 40.6907 0.5550 0.0984
Car 0.0000 0 -1.3006 379.4265 172.2238 412.6970 199.5031 2.3999 1.7570 4.5407 -19.4656 2.3448 65.7590 -1.5877 0.0984
Pedestrian 0.0000 0 0.7821 298.0723 176.3589 314.9550 205.1311 1.8764 0.5943 0.8571 -20.0501 2.1101 47.5962 0.3851 0.0980
Car 0.0000 0 2.4913 0.0000 190.4466 102.3505 226.5183 1.4659 1.4658 3.6840 -25.7122 2.3241 33.2108 1.8362 0.0971
Car 0.0000 0 -1.9371 0.0000 0.0000 1242.0000 375.0000 1.4718 1.5929 3.8545 23.3009 1.4374 1.1000 -0.4260 0.0964
Car 0.0000 0 1.4515 1160.4708 164.8448 1212.7817 198.3574 1.5323 1.5385 3.5948 27.8033 1.1665 34.9238 2.1196 0.0962
Car 0.0000 0 2.5874 0.0000 192.9211 40.8515 235.5930 1.4967 1.7339 4.5956 -26.7852 2.4013 30.0600 1.8639 0.0959
Car 0.0000 0 4.5496 0.0000 0.0000 1242.0000 375.0000 1.4644 1.6356 3.7888 -17.3251 2.0695 0.2375 3.0092 0.0936
Car 0.0000 0 1.4172 1164.4153 161.7470 1226.3970 197.2057 1.5925 1.6758 4.0811 27.9326 1.0940 34.5888 2.0922 0.0913
Car 0.0000 0 0.9974 141.5130 185.4311 211.6570 214.5810 1.5269 1.6465 3.7103 -24.4861 2.2638 40.6960 0.4584 0.0897
Car 0.0000 0 -1.7444 0.0000 0.0000 1242.0000 375.0000 1.4839 1.5998 3.8337 23.4535 1.3970 0.7570 -0.2184 0.0868
Car 0.0000 0 1.9443 373.5432 175.4855 411.0862 199.6806 2.0731 1.7811 4.2550 -19.4243 2.3166 64.4895 1.6525 0.0838
Car 0.0000 0 0.6879 132.2735 185.1080 213.2970 213.0377 1.4959 1.6195 3.7275 -24.6418 2.2050 40.6552 0.1456 0.0827
Car 0.0000 0 -2.0180 0.0000 0.0000 1242.0000 375.0000 1.4921 1.6113 3.7812 23.3162 1.3765 1.0739 -0.5058 0.0824
Car 0.0000 0 1.4078 1161.5466 163.8066 1221.0671 197.2221 1.5201 1.6264 3.7622 27.9640 1.1089 34.8593 2.0795 0.0810
Car 0.0000 0 1.8557 376.3294 174.5706 409.1003 198.6247 2.0832 1.7500 4.0469 -19.4905 2.2426 64.8050 1.5643 0.0770
Car 0.0000 0 2.6938 0.0000 189.6401 53.1077 229.8772 1.4957 1.6809 4.1800 -26.7545 2.2685 30.9483 1.9851 0.0766
Car 0.0000 0 2.5344 0.0000 189.5820 54.4923 230.4632 1.5151 1.6775 4.1916 -26.5039 2.2817 30.8111 1.8281 0.0717
Car 0.0000 0 -1.8663 0.0000 0.0000 1242.0000 375.0000 1.4720 1.5800 3.9680 23.1795 1.4567 1.0370 -0.3528 0.0701
Car 0.0000 0 0.4716 118.7318 185.6023 204.8511 214.4260 1.5094 1.6337 3.6756 -24.5769 2.2264 39.5968 -0.0811 0.0693
Car 0.0000 0 2.4001 0.0000 185.8590 102.7185 224.9075 1.6135 1.6607 4.0725 -25.9925 2.2545 33.3908 1.7423 0.0690
Car 0.0000 0 0.6837 118.2981 185.6924 202.7161 214.6157 1.5046 1.6294 3.7386 -24.6183 2.2267 39.5111 0.1293 0.0671
Car 0.0000 0 2.5396 0.0000 188.3261 98.9397 225.9627 1.5212 1.6057 3.9402 -25.9503 2.2752 33.0244 1.8774 0.0671
Car 0.0000 0 1.9519 372.5774 176.0649 409.2289 199.3602 1.9963 1.7649 4.0184 -19.5526 2.2929 64.4822 1.6583 0.0669
Pedestrian 0.0000 0 -1.0549 300.7659 176.8463 318.4928 204.6361 1.8108 0.6916 0.9730 -19.8789 2.0779 47.6887 -1.4482 0.0668
Car 0.0000 0 -1.9969 0.0000 0.0000 1242.0000 375.0000 1.4866 1.6324 3.9814 23.3664 1.3806 1.0056 -0.4816 0.0666
Car 0.0000 0 0.9558 145.5596 185.4311 216.4504 214.3297 1.5296 1.6570 3.6635 -24.4151 2.2710 41.0036 0.4214 0.0661
Car 0.0000 0 0.2952 0.0000 0.0000 1242.0000 375.0000 1.4762 1.6726 4.0719 -16.4045 1.9993 0.3040 -1.2395 0.0649
Car 0.0000 0 1.4050 1162.0306 163.0242 1224.7738 197.6389 1.5586 1.6631 4.1089 27.9133 1.1164 34.6858 2.0783 0.0638
Car 0.0000 0 -1.8979 0.0000 0.0000 899.0688 375.0000 1.5867 1.6384 3.9362 0.3106 1.6521 0.7312 -1.6167 0.0632
Car 0.0000 0 2.4968 0.0000 188.8394 100.8449 226.6562 1.5417 1.5625 3.8126 -25.8676 2.3226 33.1862 1.8385 0.0628
Car 0.0000 0 2.5042 0.0000 186.9229 101.7478 225.3910 1.5712 1.6330 4.0083 -25.9515 2.2607 33.1908 1.8443 0.0613
Car 0.0000 0 2.0090 371.4203 175.9965 410.9534 200.1466 2.0607 1.7190 4.2850 -19.4950 2.3513 64.3947 1.7158 0.0570
Car 0.0000 0 2.5116 0.0000 190.5984 66.9287 230.1537 1.4945 1.7125 4.1188 -26.3871 2.3224 31.4439 1.8175 0.0562
Car 0.0000 0 1.6057 0.0000 0.0000 1242.0000 375.0000 1.4775 1.5699 3.9825 23.1276 1.4210 0.7392 3.1319 0.0562
Car 0.0000 0 1.0842 139.7561 185.0969 206.9034 214.1194 1.5022 1.6660 3.7459 -24.5227 2.2173 40.4402 0.5418 0.0552
Car 0.0000 0 1.4715 153.4915 185.5822 195.2295 215.4485 1.5225 1.6470 3.7196 -24.4896 2.2715 40.4526 0.9298 0.0547
Car 0.0000 0 2.4694 0.0000 191.1958 55.9346 230.7542 1.4875 1.5684 3.7221 -26.2237 2.3249 30.9452 1.7705 0.0544
Pedestrian 0.0000 0 -0.0149 302.0109 177.1425 318.3095 204.8706 1.8098 0.6859 0.9868 -19.8802 2.0971 47.7601 -0.4076 0.0537
Car 0.0000 0 2.5888 0.0000 187.7408 95.6139 226.4716 1.5602 1.6952 4.0521 -26.1677 2.2856 32.9444 1.9213 0.0531
Car 0.0000 0 1.5312 1134.1202 164.9926 1179.9093 198.9375 1.5686 1.6111 3.9457 26.7508 1.2056 35.4203 2.1739 0.0527
Car 0.0000 0 4.4799 0.0000 0.0000 1242.0000 375.0000 1.4484 1.6262 4.0705 -17.3979 2.0378 -0.1594 2.9166 0.0526
Car 0.0000 0 1.5494 1136.7727 165.5220 1180.3264 199.7761 1.5815 1.5911 3.8771 26.7767 1.2434 35.3494 2.1934 0.0518
Car 0.0000 0 0.8550 135.9879 184.0201 213.7377 213.4594 1.5607 1.6225 3.8578 -24.5444 2.2114 40.6540 0.3145 0.0517
Car 0.0000 0 1.4548 154.2715 185.0957 196.6479 215.1501 1.5383 1.6208 3.7361 -24.4627 2.2595 40.5103 0.9142 0.0504
Car 0.0000 0 4.5525 0.0000 0.0000 1242.0000 375.0000 1.4606 1.5900 3.9462 -17.3307 2.0457 -0.0710 2.9943 0.0486
Car 0.0000 0 1.5962 1156.4658 164.5620 1201.9604 199.9350 1.6016 1.6371 3.8878 27.3587 1.2265 34.6872 2.2597 0.0481
Car 0.0000 0 1.4368 151.7701 185.5163 195.8086 215.0041 1.5044 1.6418 3.6531 -24.4964 2.2481 40.4127 0.8945 0.0476
Car 0.0000 0 -0.6503 4.2008 188.9654 108.8902 225.0826 1.4925 1.5208 3.6942 -25.6741 2.2867 33.5662 -1.2996 0.0472
Car 0.0000 0 2.5013 0.0000 189.2411 101.6333 226.6813 1.5178 1.5380 3.8933 -25.8377 2.3185 33.1523 1.8430 0.0472
Car 0.0000 0 2.5277 0.0000 189.9618 98.8423 227.4726 1.5031 1.5951 3.9494 -25.9060 2.3355 32.9662 1.8655 0.0470
Car 0.0000 0 -2.2404 0.0000 0.0000 1242.0000 375.0000 1.5414 1.6515 3.8366 23.3376 1.4002 0.9666 -0.7235 0.0467
Car 0.0000 0 1.1524 141.9491 186.1765 204.0847 215.3333 1.5024 1.6440 3.6503 -24.5606 2.2817 40.4668 0.6096 0.0466
Car 0.0000 0 -0.6925 0.0000 188.2892 102.0884 225.4165 1.5284 1.5882 3.7616 -25.8952 2.2859 33.3805 -1.3486 0.0465
Car 0.0000 0 1.0911 137.5238 183.8490 203.0293 213.1455 1.5109 1.6444 3.5792 -24.4645 2.1467 40.0659 0.5457 0.0452
Car 0.0000 0 1.4014 152.9854 183.6710 199.9530 213.5493 1.5302 1.6481 3.7330 -24.2897 2.1643 40.3170 0.8618 0.0436
Car 0.0000 0 -1.6967 0.0000 0.0000 1242.0000 375.0000 1.4991 1.6343 4.0002 23.5166 1.3795 0.7249 -0.1692 0.0431
Car 0.0000 0 1.1228 140.7441 185.9094 204.9467 215.1342 1.5092 1.6446 3.7004 -24.5766 2.2728 40.4798 0.5799 0.0417
Car 0.0000 0 3.3075 360.4061 175.9437 410.9744 198.0857 1.9267 1.6852 4.0744 -19.9405 2.2067 64.1983 3.0072 0.0415
Car 0.0000 0 2.4937 0.0000 188.8781 101.1283 226.6144 1.5334 1.5599 3.8910 -25.8729 2.3166 33.1660 1.8350 0.0408
Car 0.0000 0 2.0240 370.3603 175.5842 410.4288 199.7751 2.0703 1.7692 4.1839 -19.5837 2.3228 64.4499 1.7298 0.0397
Car 0.0000 0 -2.0832 0.0000 0.0000 1242.0000 375.0000 1.4863 1.6164 3.9579 23.3034 1.4098 1.1767 -0.5754 0.0392
Car 0.0000 0 -1.6740 153.6756 185.2151 196.1278 214.8751 1.5211 1.6620 3.9561 -24.6813 2.2564 40.8163 -2.2152 0.0391
Car 0.0000 0 -0.7631 2.1963 186.7335 106.9159 222.3552 1.4837 1.5758 3.8381 -25.8103 2.1700 33.6416 -1.4138 0.0383
Car 0.0000 0 0.9227 131.9949 185.0806 205.1179 214.1817 1.5101 1.6446 3.5707 -24.5356 2.2132 40.0518 0.3758 0.0382
Pedestrian 0.0000 0 -0.9746 983.6897 163.5281 1013.8172 223.4619 1.7501 0.5195 0.6418 11.5078 1.4781 21.4459 -0.4883 0.0376
Car 0.0000 0 3.3997 361.0705 175.8009 412.3283 197.8048 1.9316 1.7151 4.0770 -19.9578 2.1993 64.5275 3.1006 0.0365
Car 0.0000 0 -1.6793 157.3825 185.0632 199.7288 214.4904 1.5160 1.6577 3.8415 -24.5160 2.2427 40.8881 -2.2167 0.0364
Car 0.0000 0 2.5758 0.0000 188.4935 98.5486 226.6636 1.5282 1.6306 4.0617 -25.9455 2.2883 32.8626 1.9112 0.0363
Pedestrian 0.0000 0 -1.2954 985.4024 162.5464 1012.3550 223.7068 1.7820 0.5496 0.6633 11.5161 1.4820 21.4496 -0.8089 0.0361
Car 0.0000 0 -2.3030 0.0000 0.0000 1242.0000 375.0000 1.5040 1.5861 3.5962 23.1543 1.4393 1.0449 -0.7899 0.0353
Pedestrian 0.0000 0 0.0339 300.3277 175.5947 307.0676 194.4512 1.7519 0.7925 0.5548 -28.7314 2.0110 67.6396 -0.3666 0.0353
Car 0.0000 0 -4.5727 0.0000 0.0000 1242.0000 375.0000 1.4936 1.6035 4.0823 21.8933 1.5518 0.8359 -3.0535 0.0341
Car 0.0000 0 2.5255 0.0000 191.5675 92.7827 228.4250 1.4540 1.6057 3.8635 -25.9305 2.3553 32.6540 1.8582 0.0334
Car 0.0000 0 1.5879 1138.2540 164.0670 1180.8063 199.5820 1.6348 1.5807 3.8604 26.8010 1.2307 35.2178 2.2342 0.0329
Car 0.0000 0 0.9285 131.2988 184.5984 205.2016 214.1375 1.5333 1.6491 3.6419 -24.5464 2.2089 40.0400 0.3813 0.0327
Car 0.0000 0 2.4146 0.0000 186.3845 96.3068 225.7576 1.6067 1.6826 4.1799 -26.2078 2.2703 33.1631 1.7496 0.0327
Car 0.0000 0 1.6435 1136.1483 163.3429 1185.4697 200.2534 1.6856 1.6431 3.7947 26.6485 1.2516 34.9166 2.2911 0.0314
Pedestrian 0.0000 0 -0.3353 1021.4329 159.4916 1062.7235 245.1996 1.7062 0.4442 0.6032 8.7078 1.4406 14.6368 0.1921 0.0311
Car 0.0000 0 -2.1284 0.0000 0.0000 1242.0000 375.0000 1.4481 1.6083 3.9880 23.0155 1.4736 1.4393 -0.6328 0.0311
Car 0.0000 0 2.0929 207.1678 181.6450 268.7076 210.0443 1.6159 1.6905 3.7653 -22.7296 2.1778 44.1650 1.6197 0.0306
Car 0.0000 0 2.6019 0.0000 190.2511 63.1697 231.0246 1.5197 1.7643 4.3410 -26.5842 2.3294 31.2258 1.9007 0.0306
Car 0.0000 0 1.4517 151.5139 185.1984 194.7303 214.7202 1.5100 1.6616 3.5891 -24.5496 2.2352 40.4400 0.9088 0.0300
Car 0.0000 0 -1.9198 0.0000 0.0000 1242.0000 375.0000 1.5357 1.6641 4.1237 23.5494 1.3892 0.8447 -0.3973 0.0296
Cyclist 0.0000 0 1.3648 138.6767 181.2965 155.0424 212.1705 1.6966 0.4404 1.7168 -26.2534 2.1838 40.8356 0.7961 0.0295
Car 0.0000 0 1.8643 121.3974 183.4625 176.7412 211.4535 1.4872 1.5777 4.1855 -26.9410 2.1416 42.2509 1.2993 0.0294
Car 0.0000 0 -4.5146 0.0000 0.0000 1242.0000 375.0000 1.4443 1.6041 4.0309 20.7570 1.5829 0.8876 -3.0007 0.0293
Car 0.0000 0 1.5457 1143.3021 165.9482 1186.2743 199.6822 1.5556 1.5463 3.7519 27.0035 1.2375 35.2434 2.1952 0.0288
Car 0.0000 0 -1.6459 153.1578 184.6963 194.0489 215.1968 1.5592 1.6808 3.9753 -24.6399 2.2610 40.6259 -2.1885 0.0287
Cyclist 0.0000 0 -1.2992 190.8316 182.1291 205.9128 212.4491 1.6461 0.3543 1.4532 -23.0624 2.1751 40.3751 -1.8156 0.0286
Car 0.0000 0 1.4523 293.7211 182.1960 326.3440 206.7734 1.5856 1.6310 4.1012 -21.0134 2.2668 50.3972 1.0588 0.0285
Car 0.0000 0 2.6897 0.0000 188.5851 86.5844 228.8261 1.5723 1.7725 4.2485 -26.2892 2.3268 32.2866 2.0103 0.0284
Car 0.0000 0 1.5470 160.7037 184.5842 196.5969 214.2648 1.5175 1.6445 3.6629 -24.2452 2.2078 40.4482 1.0096 0.0281
Car 0.0000 0 1.5728 1151.6045 165.2912 1194.3322 199.4576 1.5639 1.5639 3.7391 27.2348 1.2181 34.9821 2.2300 0.0279
Car 0.0000 0 1.3627 292.3654 181.5750 329.5378 205.9221 1.5690 1.5949 3.9897 -20.8225 2.2001 50.0924 0.9703 0.0278
Car 0.0000 0 2.4966 0.0000 189.8249 81.2239 229.8209 1.5509 1.7526 4.1523 -26.2325 2.3584 32.0910 1.8153 0.0274
Car 0.0000 0 -4.5548 0.0000 0.0000 1242.0000 375.0000 1.5036 1.5784 4.1496 22.6756 1.4788 0.7476 -3.0300 0.0271
Car 0.0000 0 -2.1592 0.0000 0.0000 1242.0000 375.0000 1.4918 1.6010 3.9427 23.2746 1.4805 1.2320 -0.6539 0.0270
Car 0.0000 0 -2.0260 0.0000 0.0000 1242.0000 375.0000 1.4718 1.6007 3.9357 23.0028 1.5885 1.1709 -0.5189 0.0269
Cyclist 0.0000 0 -1.2846 191.2562 182.0281 207.2742 211.8253 1.6239 0.3769 1.4842 -23.1151 2.1497 40.5569 -1.8000 0.0269
Car 0.0000 0 -1.5519 153.6376 184.2311 190.5946 214.8325 1.5546 1.6823 3.8061 -24.4161 2.2224 40.2588 -2.0944 0.0269
Car 0.0000 0 -4.2246 0.0000 0.0000 1242.0000 375.0000 1.4659 1.5579 3.7893 22.9044 1.4543 0.3391 -2.6814 0.0260
Car 0.0000 0 -2.0255 0.0000 0.0000 1242.0000 375.0000 1.5194 1.6830 4.2780 23.3413 1.4021 1.3577 -0.5254 0.0259
Car 0.0000 0 2.5139 0.0000 191.0941 75.8036 229.0116 1.4594 1.6376 3.8842 -26.1558 2.3181 31.8635 1.8305 0.0259
Pedestrian 0.0000 0 -1.8045 139.2236 181.1867 155.6289 212.4269 1.7143 0.6291 0.6938 -25.8778 2.1855 40.3071 -2.3725 0.0251
Car 0.0000 0 -4.3597 0.0000 0.0000 1242.0000 375.0000 1.4581 1.5808 3.7026 21.6033 1.5822 0.7965 -2.8394 0.0242
Car 0.0000 0 1.5291 1166.3768 164.8229 1215.6599 200.8187 1.6057 1.6299 4.0621 27.5144 1.2478 34.3043 2.2007 0.0242
Pedestrian 0.0000 0 -1.6746 139.7696 181.4234 155.0729 212.2235 1.6900 0.6544 0.6785 -25.8855 2.1748 40.3179 -2.2426 0.0229
Car 0.0000 0 1.6820 126.6399 182.0627 166.9629 211.2230 1.5589 1.5481 3.8246 -26.8939 2.1206 41.9269 1.1143 0.0228
Car 0.0000 0 -1.5988 155.5180 185.2308 192.7125 215.1930 1.5290 1.6886 3.7570 -24.5557 2.2598 40.5392 -2.1408 0.0226
Car 0.0000 0 2.5939 0.0000 188.6170 92.4955 227.6413 1.5471 1.6791 4.0632 -26.0522 2.3071 32.5732 1.9231 0.0225
Car 0.0000 0 1.4184 292.1013 181.6063 327.0825 206.2934 1.5922 1.6624 3.9738 -20.9498 2.2270 50.1719 1.0245 0.0219
Car 0.0000 0 1.4035 292.4565 181.6246 328.0970 206.6426 1.6169 1.6513 3.9937 -20.9365 2.2541 50.2541 1.0104 0.0215
Car 0.0000 0 -0.8890 1159.5157 155.6399 1242.0000 187.0866 1.5266 1.7076 4.2766 30.1788 0.6913 36.2848 -0.1992 0.0214
Car 0.0000 0 1.6609 127.2624 182.1577 166.4374 211.3184 1.5557 1.5606 3.9164 -26.8925 2.1238 41.9282 1.0933 0.0214
Car 0.0000 0 1.7327 124.8352 182.6474 170.1964 211.6522 1.5423 1.5809 4.0551 -26.8938 2.1424 42.0085 1.1659 0.0208
Car 0.0000 0 -1.9964 0.0000 0.0000 1242.0000 375.0000 1.5117 1.6634 4.2643 23.4628 1.4371 1.1766 -0.4883 0.0206
Pedestrian 0.0000 0 0.5640 143.1238 180.6802 159.8216 210.7351 1.6738 0.6833 0.5081 -25.8978 2.1194 40.7012 0.0001 0.0203
Car 0.0000 0 -4.0300 0.0000 0.0000 1242.0000 375.0000 1.4909 1.5319 3.9431 22.6817 1.4575 0.3622 -2.4881 0.0202
Car 0.0000 0 -2.3122 0.0000 0.0000 1242.0000 375.0000 1.4865 1.5645 3.5355 23.0513 1.4913 1.1792 -0.8053 0.0201
Cyclist 0.0000 0 -1.8085 775.6171 171.1580 793.4727 205.3300 1.6603 0.4658 1.7185 8.6399 1.5782 35.9137 -1.5747 0.0200
Car 0.0000 0 1.5179 0.0000 0.0000 1242.0000 375.0000 1.4883 1.5678 4.0700 22.6810 1.5207 0.9969 3.0318 0.0200
Car 0.0000 0 2.0975 208.2371 181.3459 269.6970 210.1747 1.6522 1.7394 3.6822 -22.7616 2.1967 44.3457 1.6255 0.0197
Car 0.0000 0 1.3559 292.2136 182.1796 331.1873 206.5596 1.5660 1.6579 4.1552 -20.8133 2.2432 50.1899 0.9643 0.0195
Car 0.0000 0 -2.5801 0.0000 0.0000 1242.0000 375.0000 1.4419 1.5386 3.5612 22.9462 1.4389 1.1775 -1.0733 0.0191
Car 0.0000 0 1.4818 1136.3734 165.5946 1186.0641 199.5237 1.5696 1.5720 3.9373 26.9838 1.2341 35.4627 2.1280 0.0190
Cyclist 0.0000 0 -1.9312 129.0927 178.5180 156.5321 211.6472 1.8196 0.7303 1.7563 -26.4087 2.1461 40.7228 -2.5037 0.0190
Car 0.0000 0 2.0545 366.7934 176.0417 408.8146 200.4794 2.0751 1.7404 4.3636 -19.7260 2.3692 64.1739 1.7571 0.0190
Car 0.0000 0 -0.7883 1156.2639 158.1023 1242.0000 189.0379 1.5121 1.6773 4.2897 30.1455 0.7914 36.3139 -0.0995 0.0190
Car 0.0000 0 -2.2557 0.0000 0.0000 1242.0000 375.0000 1.5217 1.6209 3.8978 23.2813 1.4228 1.0497 -0.7426 0.0189
Car 0.0000 0 1.3435 292.0076 182.1277 332.0407 206.6445 1.5736 1.6533 4.2818 -20.8032 2.2480 50.2158 0.9523 0.0189
Car 0.0000 0 -2.1138 0.0000 0.0000 1242.0000 375.0000 1.5014 1.6713 4.1907 23.3755 1.4159 1.3478 -0.6131 0.0187
Car 0.0000 0 -3.9799 0.0000 0.0000 1242.0000 375.0000 1.5249 1.6037 4.1113 22.3656 1.5370 0.4493 -2.4424 0.0186
Car 0.0000 0 -2.1391 0.0000 0.0000 1242.0000 375.0000 1.4970 1.6483 4.1407 23.3149 1.4806 1.3927 -0.6406 0.0184
Car 0.0000 0 -2.2087 0.0000 0.0000 1242.0000 375.0000 1.4655 1.5630 3.9308 23.2171 1.4954 1.2160 -0.7029 0.0183
Pedestrian 0.0000 0 0.2021 1117.8800 169.3680 1166.5804 262.9581 1.5640 0.4660 0.5990 9.1190 1.5061 12.4334 0.8231 0.0183
Car 0.0000 0 1.4629 291.2907 182.0042 323.5928 206.2995 1.5595 1.6504 3.9561 -21.0461 2.2215 50.0467 1.0664 0.0181
Car 0.0000 0 -2.3577 0.0000 0.0000 1242.0000 375.0000 1.5330 1.6557 3.9205 23.3817 1.4150 0.8582 -0.8362 0.0178
Car 0.0000 0 0.5527 121.4463 184.4780 214.5920 213.0961 1.5535 1.6354 4.2559 -24.8983 2.2226 40.6716 0.0061 0.0177
Car 0.0000 0 -0.1241 1160.9635 156.9629 1242.0000 190.6133 1.5689 1.7134 4.3945 29.9518 0.8284 35.5482 0.5719 0.0174
Car 0.0000 0 -4.1551 0.0000 0.0000 1242.0000 375.0000 1.4381 1.5641 3.8316 21.4237 1.6301 1.1590 -2.6521 0.0172
Car 0.0000 0 1.3614 292.4651 181.8030 330.9774 206.0611 1.5609 1.6520 4.1424 -20.8180 2.2109 50.2052 0.9699 0.0170
Car 0.0000 0 -2.6587 0.0000 0.0000 1242.0000 375.0000 1.4056 1.5092 3.6528 22.6994 1.4820 1.2480 -1.1558 0.0169
Car 0.0000 0 -0.4842 1157.4617 158.0534 1242.0000 189.4324 1.5082 1.6675 4.2121 30.0625 0.7972 35.9278 0.2085 0.0168
Pedestrian 0.0000 0 0.1715 1118.4714 171.0667 1166.1738 263.4583 1.5470 0.4534 0.5990 9.1340 1.5174 12.4512 0.7926 0.0166
Car 0.0000 0 1.4989 0.0000 0.0000 1242.0000 375.0000 1.4829 1.5822 4.3850 20.4135 1.5555 0.6392 3.0240 0.0166
Car 0.0000 0 1.3675 0.0000 0.0000 1242.0000 375.0000 1.4114 1.5490 4.3662 20.4318 1.5398 0.4850 2.9001 0.0165
Car 0.0000 0 -1.5637 125.6948 183.4227 159.9811 212.1977 1.5229 1.6022 3.9399 -27.0776 2.1665 41.8154 -2.1356 0.0165
Car 0.0000 0 -2.1160 0.0000 0.0000 1242.0000 375.0000 1.4918 1.6498 4.1819 23.4346 1.4203 1.2187 -0.6096 0.0165
Car 0.0000 0 -1.4262 124.8349 182.2164 168.0018 211.3058 1.5475 1.5783 3.6506 -26.7361 2.1141 41.6495 -1.9941 0.0164
Car 0.0000 0 3.3753 0.0000 190.6210 68.0963 227.0320 1.4760 1.6632 3.6174 -26.7094 2.3094 32.2887 2.6881 0.0162
Car 0.0000 0 -2.3136 0.0000 0.0000 1242.0000 375.0000 1.4751 1.5625 3.6394 23.0530 1.4882 1.2169 -0.8083 0.0162
Pedestrian 0.0000 0 -2.6869 369.6843 177.6880 381.6032 200.7297 1.8185 0.6915 0.6676 -18.6981 2.2067 57.4966 -3.0002 0.0162
Car 0.0000 0 -1.6768 0.0000 0.0000 1242.0000 375.0000 1.5233 1.6536 4.1694 23.7817 1.4140 0.6742 -0.1467 0.0161
Cyclist 0.0000 0 1.1824 138.1726 181.3857 159.8241 212.1394 1.6929 0.4541 1.6163 -26.0644 2.1826 40.7306 0.6159 0.0160
Car 0.0000 0 2.9426 0.0000 189.8298 94.0880 227.9752 1.5532 1.6319 3.7543 -26.1736 2.3779 33.0775 2.2769 0.0160
Car 0.0000 0 -4.4944 0.0000 0.0000 1242.0000 375.0000 1.5203 1.5624 4.2446 22.3153 1.5668 0.7176 -2.9690 0.0160
Car 0.0000 0 1.5952 290.5575 181.4812 317.3176 205.5261 1.5397 1.6018 3.7932 -21.0896 2.1594 49.7361 1.1958 0.0157
Car 0.0000 0 2.2391 0.0000 185.0406 91.4048 224.4803 1.6320 1.6816 4.1573 -26.2576 2.2287 33.2220 1.5740 0.0155
Car 0.0000 0 -1.5403 124.9574 183.5750 160.7910 211.9757 1.5009 1.6147 3.9866 -27.0819 2.1548 41.8573 -2.1118 0.0155
Car 0.0000 0 1.5753 0.0000 0.0000 1242.0000 375.0000 1.4574 1.5766 4.3085 20.7468 1.5932 0.7397 3.0963 0.0153
Cyclist 0.0000 0 -1.4157 301.3150 175.1788 307.9509 193.3355 1.6802 0.3346 1.5722 -28.6997 1.9015 67.7756 -1.8150 0.0152
Pedestrian 0.0000 0 -1.6871 176.2514 179.6927 192.5157 213.3690 1.7613 0.6813 0.5952 -22.6640 2.1294 38.3566 -2.2180 0.0152
Cyclist 0.0000 0 -1.6348 299.1339 174.8429 304.8597 193.7141 1.7527 0.3814 1.8325 -29.0941 1.9432 68.1045 -2.0374 0.0152
Car 0.0000 0 -2.4878 0.0000 0.0000 1242.0000 375.0000 1.4043 1.4889 3.5845 22.7654 1.5662 1.3712 -0.9901 0.0152
Cyclist 0.0000 0 0.9111 125.4175 180.1481 159.1730 212.6338 1.7806 0.6198 1.7925 -26.2253 2.1954 40.4011 0.3381 0.0151
Car 0.0000 0 -4.4575 0.0000 0.0000 1242.0000 375.0000 1.4648 1.5532 4.0364 20.9383 1.6145 0.8862 -2.9431 0.0151
Car 0.0000 0 1.3899 514.9705 178.5147 545.0133 198.9905 1.5550 1.6590 4.3246 -6.5362 2.0315 58.3808 1.2785 0.0151
Car 0.0000 0 -4.3645 0.0000 0.0000 1242.0000 375.0000 1.5158 1.5474 4.2423 21.9858 1.5312 0.7176 -2.8397 0.0150
Car 0.0000 0 -3.2834 0.0000 0.0000 1242.0000 375.0000 1.4475 1.5019 3.5867 22.4825 1.5413 0.1892 -1.7341 0.0149
Car 0.0000 0 2.9670 0.0000 189.8602 89.0437 228.2523 1.5448 1.6379 3.8547 -26.2462 2.3646 32.7756 2.2956 0.0148
Pedestrian 0.0000 0 1.1825 181.0758 180.9565 199.5932 214.7873 1.7666 0.6851 0.5732 -22.3333 2.2025 38.3348 0.6577 0.0147
Car 0.0000 0 1.2899 294.8848 181.9406 336.1448 206.2868 1.5719 1.6150 3.9913 -20.5459 2.2304 50.1918 0.9029 0.0146
Pedestrian 0.0000 0 -0.3314 299.0504 175.2308 308.2585 194.3664 1.7772 0.8010 0.5649 -28.7282 2.0019 67.6156 -0.7319 0.0146
Car 0.0000 0 -4.6339 0.0000 0.0000 1242.0000 375.0000 1.4852 1.5971 4.2545 20.9809 1.6175 0.7273 -3.1118 0.0145
Car 0.0000 0 1.5290 0.0000 0.0000 1242.0000 375.0000 1.4703 1.6026 4.5370 20.4402 1.5889 0.7437 3.0490 0.0144
Car 0.0000 0 -2.3938 0.0000 0.0000 1242.0000 375.0000 1.4422 1.5427 3.5162 22.9787 1.5099 1.2055 -0.8882 0.0144
Car 0.0000 0 -1.1334 140.7489 182.5855 203.8724 211.2216 1.5399 1.6434 3.9228 -25.5571 2.1372 42.2193 -1.6752 0.0143
Car 0.0000 0 -1.6073 124.5365 182.6904 160.3066 211.9588 1.5496 1.5949 4.0572 -27.1169 2.1480 41.7433 -2.1807 0.0143
Pedestrian 0.0000 0 1.1858 181.1922 180.9021 199.6369 214.7058 1.7653 0.6784 0.5837 -22.3308 2.1983 38.3376 0.6611 0.0142
Pedestrian 0.0000 0 -1.6804 176.5689 179.2964 192.6089 212.9528 1.7608 0.6723 0.6181 -22.6594 2.1078 38.3671 -2.2110 0.0140
Car 0.0000 0 1.6249 1132.3372 163.9607 1179.4011 199.9085 1.6482 1.6417 3.6784 26.4836 1.2408 35.0164 2.2682 0.0139
Car 0.0000 0 -2.2526 0.0000 0.0000 1242.0000 375.0000 1.5111 1.6287 3.9513 23.3215 1.4282 1.1032 -0.7416 0.0137
Car 0.0000 0 -2.7764 0.0000 0.0000 1242.0000 375.0000 1.4608 1.5806 3.7768 22.8346 1.4478 0.8303 -1.2548 0.0136
Pedestrian 0.0000 0 -2.7726 369.6742 177.7669 381.5361 200.7860 1.8181 0.6732 0.7037 -18.7003 2.2124 57.4943 -3.0861 0.0136
Car 0.0000 0 -2.5744 0.0000 0.0000 1242.0000 375.0000 1.4668 1.5905 3.7413 23.1174 1.4581 0.9216 -1.0562 0.0133
Pedestrian 0.0000 0 -1.4867 134.9385 183.2209 151.0617 213.4786 1.6393 0.6825 0.8148 -25.8978 2.2214 39.9648 -2.0588 0.0133
Cyclist 0.0000 0 -1.7741 136.1711 180.6202 154.6915 212.6285 1.7551 0.5506 1.6983 -26.2781 2.2026 40.7482 -2.3442 0.0132
Car 0.0000 0 3.1354 0.0000 190.4471 79.4117 229.0798 1.5410 1.6672 3.8562 -26.2674 2.3755 32.3425 2.4571 0.0132
Car 0.0000 0 1.2938 295.6499 181.4425 336.1539 205.8274 1.5782 1.5901 3.9477 -20.5137 2.2002 50.1803 0.9072 0.0131
Car 0.0000 0 3.5720 0.0000 189.9592 76.2747 225.3959 1.4791 1.6622 3.7325 -26.7020 2.2827 32.6091 2.8898 0.0131
Car 0.0000 0 -1.6847 117.7047 184.2116 161.4678 212.3921 1.4914 1.6773 4.1854 -27.4913 2.1877 42.0618 -2.2609 0.0131
Car 0.0000 0 1.4379 293.8755 180.3613 325.9756 204.8704 1.5795 1.5534 3.8228 -20.7658 2.1192 49.7908 1.0444 0.0130
Cyclist 0.0000 0 1.8679 128.5787 180.1592 152.4351 212.7254 1.8156 0.5883 2.0203 -27.1836 2.2493 41.7481 1.2934 0.0128
Cyclist 0.0000 0 0.8210 128.1013 180.1667 161.1522 211.7704 1.7404 0.5920 1.6520 -26.1241 2.1557 40.4498 0.2503 0.0126
Car 0.0000 0 1.8060 494.4031 179.7009 523.8191 197.8285 1.4577 1.6050 3.9847 -8.6017 2.0625 61.6338 1.6675 0.0126
Car 0.0000 0 1.8088 495.1253 179.6523 524.4528 197.6826 1.4600 1.6063 3.9764 -8.5997 2.0643 62.0361 1.6712 0.0125
Cyclist 0.0000 0 -1.5753 149.0180 181.9845 156.1370 211.0565 1.5971 0.3350 1.5159 -25.9183 2.1233 40.8223 -2.1382 0.0125
Car 0.0000 0 1.8017 396.3668 180.5153 435.8608 205.5000 1.5654 1.6436 4.2347 -13.0475 2.1052 48.6588 1.5407 0.0124
Car 0.0000 0 1.8983 404.2924 179.6993 437.6333 198.0508 1.5238 1.6142 4.0782 -16.6290 2.1471 63.5626 1.6431 0.0124
Cyclist 0.0000 0 -1.6877 298.6336 175.5315 304.5145 193.9441 1.7072 0.3255 1.5980 -29.0448 1.9624 67.8964 -2.0907 0.0124
Car 0.0000 0 1.7756 497.2370 179.4001 524.7086 196.8041 1.4293 1.5987 3.9569 -8.6054 2.0179 62.8080 1.6396 0.0124
Car 0.0000 0 1.8042 495.9039 179.5205 524.6943 197.0692 1.4304 1.5962 3.9552 -8.6082 2.0264 62.4111 1.6673 0.0124
Pedestrian 0.0000 0 -1.3716 142.8745 180.8046 158.8209 211.1310 1.6860 0.6653 0.5347 -25.9150 2.1386 40.6729 -1.9362 0.0123
Car 0.0000 0 1.7392 498.7922 179.4800 524.4224 196.4515 1.4025 1.5867 3.9412 -8.6027 2.0014 63.1802 1.6040 0.0122
Car 0.0000 0 1.2742 293.6724 181.7647 337.1317 206.6562 1.6061 1.6410 4.2191 -20.5808 2.2537 50.2506 0.8870 0.0122
Cyclist 0.0000 0 -1.5510 301.8908 176.4246 306.1429 193.3251 1.5501 0.3355 1.4497 -28.5253 1.8868 67.2234 -1.9511 0.0120
Car 0.0000 0 -2.3269 0.0000 0.0000 1242.0000 375.0000 1.3995 1.4833 3.4390 22.9312 1.4998 1.2742 -0.8244 0.0119
Car 0.0000 0 1.3219 644.9121 177.2143 678.9112 197.1929 1.4418 1.6008 4.2016 3.9033 1.7894 55.2432 1.3916 0.0119
Car 0.0000 0 1.6253 517.2043 178.4584 540.4846 198.5966 1.5493 1.6625 4.1813 -6.6069 2.0233 58.8316 1.5136 0.0119
Car 0.0000 0 -3.1775 0.0000 0.0000 1242.0000 375.0000 1.4716 1.4996 3.5842 22.7550 1.5397 0.2535 -1.6308 0.0119
Car 0.0000 0 1.9733 125.4914 181.6905 187.8491 211.3580 1.5974 1.6282 4.0437 -26.4804 2.1411 42.2364 1.4160 0.0118
Car 0.0000 0 1.5889 435.6632 180.4344 457.4852 200.1069 1.4645 1.6237 4.1382 -13.0359 2.0929 57.5891 1.3669 0.0117
Car 0.0000 0 1.6899 433.9524 180.1107 460.9973 199.8887 1.4861 1.6350 4.1609 -13.0365 2.0909 57.9439 1.4693 0.0117
Car 0.0000 0 1.7081 500.2679 179.2310 524.5026 196.1377 1.4083 1.5914 3.9510 -8.5888 1.9881 63.5723 1.5740 0.0116
Car 0.0000 0 1.7135 436.8852 180.4445 463.9127 199.9994 1.5016 1.6007 4.0556 -13.0584 2.1456 59.1017 1.4966 0.0116
Car 0.0000 0 1.7850 398.1979 180.5173 436.0535 205.4692 1.5766 1.6354 4.1531 -13.0728 2.1198 48.9977 1.5252 0.0115
Car 0.0000 0 1.9211 402.6040 180.3728 436.9084 198.4132 1.4837 1.6107 4.0523 -16.6334 2.1643 63.1773 1.6643 0.0115
Cyclist 0.0000 0 -2.1194 1097.5181 170.2223 1189.7190 269.3740 1.5875 0.4022 1.7484 9.0905 1.5458 12.4363 -1.5000 0.0115
Car 0.0000 0 1.6891 490.6544 179.5068 516.7007 199.5172 1.5251 1.6229 4.0108 -8.5883 2.0823 58.3639 1.5433 0.0114
Cyclist 0.0000 0 3.5595 133.9576 180.4102 169.6647 212.7674 1.7836 0.5915 1.5834 -25.6616 2.2110 40.3686 2.9960 0.0114
Car 0.0000 0 3.1099 0.0000 190.4501 68.7986 229.5087 1.5324 1.7006 3.8746 -26.5026 2.3588 31.9499 2.4214 0.0114
Car 0.0000 0 1.7384 36.5378 189.1922 113.6628 236.4812 1.5149 1.6217 4.0934 -19.8107 2.1722 26.8198 1.1067 0.0114
Car 0.0000 0 1.6698 122.8036 183.2960 163.7520 211.6568 1.5025 1.5933 4.1295 -27.1693 2.1432 42.0438 1.0987 0.0113
Car 0.0000 0 1.8590 128.4581 180.8015 182.8310 210.7623 1.6111 1.6097 3.9737 -26.4384 2.0982 42.0559 1.3004 0.0112
Car 0.0000 0 1.6514 502.3045 179.3500 523.9570 196.0647 1.3990 1.5906 3.9602 -8.5804 1.9936 63.9797 1.5182 0.0112
Car 0.0000 0 1.6709 569.7050 179.4681 595.1791 199.3091 1.4564 1.6008 3.9861 -2.1438 1.9921 56.3587 1.6326 0.0112
Car 0.0000 0 1.6822 429.4779 180.4171 456.1089 200.1210 1.4809 1.6376 4.1143 -13.4272 2.1116 58.0036 1.4554 0.0112
Car 0.0000 0 1.6908 430.3614 180.6487 457.0545 199.9512 1.4595 1.6260 4.0916 -13.4421 2.1136 58.3874 1.4651 0.0112
Car 0.0000 0 1.6876 431.5283 180.4104 457.8543 199.6292 1.4652 1.6268 4.0670 -13.4517 2.1032 58.7746 1.4632 0.0112
Car 0.0000 0 1.4817 433.5323 179.6785 459.4337 199.6395 1.4809 1.6437 4.0813 -13.0236 2.0432 57.2217 1.2586 0.0112
Car 0.0000 0 1.8512 516.6149 179.0082 547.3824 197.0771 1.4554 1.5920 3.9101 -6.6419 1.9987 61.5845 1.7439 0.0112
Car 0.0000 0 1.5834 432.2637 179.3224 454.5497 199.7250 1.4948 1.6377 4.0652 -13.0163 2.0200 56.3895 1.3573 0.0112
Car 0.0000 0 1.5925 638.0349 176.6706 659.8644 196.8242 1.4842 1.6093 3.9635 3.0232 1.7912 55.9407 1.6458 0.0112
Car 0.0000 0 1.7453 422.8622 179.4645 452.4619 199.1044 1.4832 1.6299 4.0698 -13.8276 2.0337 57.9665 1.5119 0.0112
Car 0.0000 0 1.6896 640.6633 176.5552 667.3418 196.9235 1.4984 1.6102 3.9640 3.4189 1.7964 55.9325 1.7499 0.0112
Car 0.0000 0 1.7442 425.5100 179.7287 454.2982 198.4326 1.4309 1.6110 4.0238 -13.8359 2.0107 58.7608 1.5136 0.0112
Car 0.0000 0 1.4008 636.1968 177.8116 666.0184 197.7780 1.4299 1.6056 3.9436 3.0539 1.8205 54.7405 1.4558 0.0112
Car 0.0000 0 1.4790 432.4459 179.7791 458.5385 199.9621 1.4870 1.6363 4.0499 -13.0133 2.0538 56.8316 1.2545 0.0112
Car 0.0000 0 1.4506 637.1530 177.3496 664.2852 197.3928 1.4508 1.5994 3.9521 3.0506 1.8074 55.1559 1.5051 0.0112
Car 0.0000 0 1.6151 637.1309 176.5425 660.0770 196.7979 1.5034 1.6201 3.9790 3.0203 1.8024 56.3597 1.6679 0.0112
Car 0.0000 0 1.6780 511.7393 178.6811 537.1785 198.5569 1.5418 1.6464 4.0969 -7.0100 2.0372 59.2328 1.5603 0.0112
Car 0.0000 0 1.6811 425.6977 179.9954 452.8325 200.4116 1.5051 1.6381 4.0843 -13.4270 2.0887 56.8035 1.4497 0.0112
Car 0.0000 0 1.7465 426.7470 180.4627 455.2999 199.1479 1.4357 1.5995 4.0256 -13.8391 2.0816 59.1628 1.5174 0.0112
Car 0.0000 0 1.6733 433.0556 180.9698 458.4904 200.3747 1.4868 1.6249 4.0745 -13.4558 2.1767 59.1759 1.4504 0.0112
Car 0.0000 0 1.6926 640.2449 176.3828 666.9849 196.7441 1.5104 1.6188 3.9677 3.4141 1.7966 56.3450 1.7524 0.0112
Car 0.0000 0 1.7540 489.8946 179.4548 518.8152 199.3620 1.5287 1.6289 4.0102 -8.5928 2.0856 58.7913 1.6091 0.0112
Car 0.0000 0 1.8543 385.3808 181.7595 427.0179 206.5373 1.5660 1.6479 4.0864 -13.8471 2.1980 49.1238 1.5806 0.0112
Car 0.0000 0 1.6556 511.6805 178.8123 536.2932 198.9990 1.5531 1.6519 4.1045 -7.0002 2.0564 58.8165 1.5373 0.0112
Car 0.0000 0 1.5005 632.8734 177.4541 657.7000 197.8581 1.4765 1.6083 4.0055 2.6365 1.8413 55.1405 1.5476 0.0112
Car 0.0000 0 1.7514 421.4669 179.6299 451.4063 199.3935 1.4813 1.6178 4.0634 -13.8308 2.0418 57.5708 1.5163 0.0112
Car 0.0000 0 1.6283 503.3552 178.9561 523.9885 195.7557 1.4169 1.5997 3.9862 -8.5873 1.9791 64.3852 1.4959 0.0112
Car 0.0000 0 1.8802 377.5307 180.2803 421.4107 205.2659 1.5358 1.6382 3.9829 -13.8479 2.0464 47.5573 1.5980 0.0112
Car 0.0000 0 1.3881 635.9066 177.9710 666.5828 198.0068 1.4226 1.6064 3.9506 3.0404 1.8230 54.3434 1.4432 0.0112
Car 0.0000 0 1.9004 380.3263 180.5733 425.0245 205.8000 1.5730 1.6523 4.0488 -13.8530 2.1124 48.3165 1.6222 0.0112
Car 0.0000 0 1.9018 378.7370 180.6997 423.6017 205.9490 1.5621 1.6446 4.0185 -13.8507 2.1063 47.9587 1.6218 0.0112
Car 0.0000 0 1.6327 428.3884 179.8818 452.9323 200.0661 1.4984 1.6439 4.1011 -13.4191 2.0772 57.2251 1.4030 0.0112
Car 0.0000 0 1.5519 639.1202 177.0963 661.0568 197.1513 1.4647 1.6025 3.9567 3.0300 1.8035 55.5483 1.6057 0.0112
Car 0.0000 0 1.8852 382.6413 181.6562 426.1411 206.5463 1.5591 1.6448 4.0654 -13.8524 2.1789 48.7150 1.6093 0.0112
Car 0.0000 0 1.6438 429.3943 180.6400 454.1853 200.4072 1.4730 1.6320 4.1093 -13.4210 2.1184 57.6196 1.4156 0.0112
Car 0.0000 0 1.7440 424.3593 179.9161 453.2591 198.7192 1.4270 1.6023 4.0334 -13.8313 2.0189 58.3657 1.5120 0.0112
Car 0.0000 0 1.7435 427.9966 180.2712 456.2876 198.8497 1.4387 1.6065 4.0227 -13.8410 2.0725 59.5647 1.5159 0.0112
Car 0.0000 0 1.6139 643.0310 177.0526 665.9628 197.1247 1.4639 1.5974 3.9579 3.4288 1.7994 55.5308 1.6748 0.0112
Car 0.0000 0 1.5130 649.2429 177.1728 673.1532 197.0347 1.4492 1.5955 4.0538 3.8833 1.7944 55.5656 1.5820 0.0112
Pedestrian 0.0000 0 0.1284 300.1284 175.0818 307.7846 194.2546 1.7751 0.8358 0.5557 -28.6010 1.9850 67.3897 -0.2717 0.0111
Car 0.0000 0 -1.5892 124.1416 184.6442 159.4533 212.3536 1.4758 1.6712 4.0125 -27.5591 2.2034 42.3705 -2.1632 0.0110
Pedestrian 0.0000 0 0.1189 371.1428 177.0793 384.3283 200.3526 1.8313 0.5969 0.9326 -18.4651 2.1694 57.2935 -0.1919 0.0110
Car 0.0000 0 1.7303 435.2651 180.0190 463.4150 199.3391 1.4750 1.6122 4.0450 -13.0505 2.0786 58.6812 1.5120 0.0110
Car 0.0000 0 -2.6388 0.0000 0.0000 1242.0000 375.0000 1.6723 1.6608 4.0302 3.8131 1.6610 -0.2682 -1.0741 0.0110
Pedestrian 0.0000 0 2.2268 300.6380 176.4379 317.4544 204.6238 1.8340 0.5971 0.9025 -19.8772 2.0733 47.5891 1.8329 0.0109
Car 0.0000 0 1.5976 512.6085 178.9468 534.3785 199.1960 1.5441 1.6422 4.0790 -6.9935 2.0554 58.3926 1.4785 0.0108
Car 0.0000 0 2.2191 248.8203 182.4336 315.5106 208.7895 1.4976 1.6543 4.0409 -20.2681 2.1202 44.7157 1.7955 0.0108
Car 0.0000 0 1.8409 391.0364 181.0902 432.2054 205.8284 1.5658 1.6565 4.1334 -13.4751 2.1504 49.1140 1.5741 0.0106
Car 0.0000 0 2.1437 121.3142 182.7404 193.1661 211.1695 1.5353 1.6300 4.0627 -26.5600 2.1451 42.4305 1.5870 0.0106
Car 0.0000 0 1.7157 644.6860 176.2813 672.7073 196.7302 1.5151 1.6284 3.9757 3.8076 1.7929 56.2821 1.7825 0.0106
Car 0.0000 0 1.0628 784.8600 167.2420 848.5921 200.9011 1.6459 1.5060 3.7738 10.5740 1.3718 37.2893 1.3367 0.0105
Car 0.0000 0 1.9327 385.0789 180.3370 431.6594 205.4792 1.5666 1.6532 4.1141 -13.4768 2.0904 48.3434 1.6619 0.0105
Pedestrian 0.0000 0 0.4002 1124.0647 172.5339 1179.5667 267.8675 1.5630 0.4609 0.6238 9.1150 1.5581 12.2131 1.0293 0.0105
Car 0.0000 0 -2.2118 0.0000 187.0748 50.3481 222.6878 1.4807 1.6181 4.2732 -27.5813 2.1423 32.2785 -2.9149 0.0105
Car 0.0000 0 1.6827 46.6577 188.9512 115.1497 235.1363 1.4978 1.6069 4.0828 -19.8023 2.1509 27.0836 1.0559 0.0104
Car 0.0000 0 1.9194 386.8837 181.0391 432.5764 205.9666 1.5608 1.6529 4.1437 -13.4864 2.1379 48.7060 1.6503 0.0104
Car 0.0000 0 0.1630 0.0000 0.0000 1242.0000 375.0000 1.4068 1.5004 3.8913 19.1291 1.5817 0.1984 1.7080 0.0103
Car 0.0000 0 -4.4256 0.0000 0.0000 1242.0000 375.0000 1.5250 1.5889 4.1488 21.6906 1.6247 0.7549 -2.9032 0.0102
Car 0.0000 0 1.7029 645.8486 176.4367 673.2353 196.6402 1.4845 1.6129 3.9541 3.8434 1.7726 55.8565 1.7708 0.0102
Car 0.0000 0 1.2998 292.9977 181.3781 335.2411 205.7236 1.5807 1.6587 4.2658 -20.8041 2.2045 50.5758 0.9111 0.0102
Car 0.0000 0 1.7189 396.7254 180.9606 430.4492 205.0203 1.5312 1.6392 4.1268 -13.4565 2.1119 49.5062 1.4544 0.0102
Car 0.0000 0 1.8693 128.5114 180.6012 183.8936 210.7710 1.6246 1.5965 4.0924 -26.4639 2.1010 42.1538 1.3113 0.0102
Car 0.0000 0 1.5058 643.6656 177.3614 668.1863 197.2501 1.4404 1.6068 3.9569 3.4497 1.7976 55.1336 1.5675 0.0101
Pedestrian 0.0000 0 0.3702 1124.9208 174.1670 1180.4871 267.7993 1.5340 0.4368 0.6399 9.1325 1.5573 12.2165 1.0001 0.0100
Car 0.0000 0 1.9000 384.7685 180.6345 429.5681 205.5728 1.5427 1.6445 4.0499 -13.4606 2.0829 47.9903 1.6276 0.0100
Car 0.0000 0 1.6208 257.4063 183.1135 293.1232 211.4669 1.4985 1.6710 4.2381 -19.4905 2.1293 42.0578 1.1890 0.0099
Pedestrian 0.0000 0 -1.6575 1035.4260 150.5858 1062.2356 218.1412 1.9351 0.6218 0.5087 12.7378 1.2976 21.0296 -1.1195 0.0099
Pedestrian 0.0000 0 -0.2789 300.6068 174.5633 309.8839 194.1914 1.8150 0.7231 0.6223 -28.4369 1.9759 67.2787 -0.6777 0.0099
Pedestrian 0.0000 0 0.1108 300.3496 174.9558 307.6130 194.1268 1.7749 0.8184 0.5370 -28.5911 1.9729 67.3714 -0.2894 0.0098
Car 0.0000 0 -1.7675 121.0245 182.7342 169.0135 212.8507 1.5978 1.5720 4.0330 -26.8645 2.1949 41.5843 -2.3384 0.0096
Car 0.0000 0 1.4166 641.9585 177.5928 671.1464 197.5759 1.4329 1.6109 3.9675 3.4680 1.8063 54.7554 1.4791 0.0095
Car 0.0000 0 -2.6481 1161.8495 157.5284 1242.0000 196.3259 1.6563 1.6767 4.1482 28.0135 1.0024 33.0371 -1.9493 0.0095
Car 0.0000 0 1.5372 261.1912 183.2066 295.1341 211.2575 1.4846 1.6602 4.3899 -19.5000 2.1246 42.2420 1.1068 0.0094
Car 0.0000 0 -1.8275 120.4601 181.7016 172.0204 210.0862 1.5153 1.6235 3.6600 -26.7313 2.0470 41.4976 -2.3970 0.0093
Car 0.0000 0 1.4612 808.2441 167.4341 845.7040 201.6498 1.6622 1.4581 3.3336 10.9894 1.3993 36.8191 1.7486 0.0093
Car 0.0000 0 1.4623 527.5366 178.7161 553.9263 199.7111 1.6023 1.6751 4.2623 -5.6833 2.0970 58.5817 1.3657 0.0092
Pedestrian 0.0000 0 -1.7678 777.5112 166.8484 792.7872 205.5211 1.8220 0.5782 0.7017 8.2971 1.5394 34.3534 -1.5332 0.0091
Car 0.0000 0 1.1349 789.4280 167.5346 847.8053 201.5278 1.6605 1.4891 3.6038 10.6346 1.4010 37.1400 1.4113 0.0091
Car 0.0000 0 1.3098 549.8286 179.5265 584.2188 200.1744 1.4913 1.6549 4.0497 -3.3833 2.0270 55.7031 1.2490 0.0090
Pedestrian 0.0000 0 -1.7401 1055.0338 158.8597 1083.5050 222.7845 1.8053 0.5895 0.6274 13.1708 1.4104 20.7758 -1.1819 0.0090
Pedestrian 0.0000 0 -1.8491 1052.8784 157.5054 1083.6779 221.4407 1.8082 0.5946 0.6304 13.1497 1.3744 20.7880 -1.2919 0.0090
Car 0.0000 0 1.7215 51.3191 188.8626 124.5689 234.7225 1.4800 1.6141 3.9876 -19.4156 2.1253 26.9220 1.1012 0.0089
Car 0.0000 0 2.5715 0.0000 189.2233 89.4971 226.1723 1.5003 1.4872 3.3727 -25.9030 2.2856 32.7603 1.9062 0.0088
Pedestrian 0.0000 0 1.1952 132.4755 180.7659 154.3066 212.2645 1.7076 0.7232 0.9377 -25.8815 2.1524 39.9645 0.6233 0.0088
Car 0.0000 0 1.8619 139.2451 181.3400 192.3920 210.6304 1.5766 1.5579 3.9918 -25.9339 2.0983 42.1969 1.3134 0.0088
Car 0.0000 0 1.7279 51.7733 187.9139 124.8785 233.2542 1.4981 1.6107 4.1411 -19.8296 2.1191 27.5194 1.1079 0.0088
Car 0.0000 0 1.6452 404.6074 179.9912 435.4499 204.9851 1.5453 1.6773 4.2121 -12.6478 2.0435 48.1001 1.3891 0.0087
Car 0.0000 0 -1.7701 118.8120 182.5931 168.7411 211.0338 1.5124 1.6866 3.9246 -27.0268 2.1029 41.7275 -2.3422 0.0087
Car 0.0000 0 -1.7212 117.5096 182.3580 162.4789 211.0409 1.5202 1.6179 3.8252 -27.1043 2.0933 41.5112 -2.2969 0.0087
Car 0.0000 0 1.7790 121.4708 183.3387 170.8023 211.3706 1.4967 1.6087 4.1353 -27.2182 2.1455 42.4002 1.2109 0.0086
Car 0.0000 0 3.7942 0.0000 188.7652 72.4109 223.7774 1.5001 1.6678 4.0415 -27.0228 2.2402 32.6382 3.1065 0.0086
Car 0.0000 0 1.5750 560.6041 178.6087 582.4960 198.8787 1.4685 1.6218 4.1898 -2.9827 1.9295 55.6154 1.5212 0.0085
Car 0.0000 0 0.1973 195.0481 0.0000 1242.0000 375.0000 1.6286 1.7889 4.5616 -2.4375 1.6718 0.7716 -0.9651 0.0085
Pedestrian 0.0000 0 -2.9936 0.0000 0.0000 1242.0000 375.0000 1.7757 0.6475 0.5671 13.1020 1.4532 -0.2617 -1.4250 0.0085
Pedestrian 0.0000 0 -0.0964 300.8541 174.4224 309.4845 194.2240 1.8311 0.7329 0.6743 -28.4447 1.9788 67.2795 -0.4952 0.0085
Car 0.0000 0 1.7001 568.9426 179.5965 595.6619 199.0832 1.4475 1.6089 4.0410 -2.1820 2.0012 57.1238 1.6617 0.0084
Cyclist 0.0000 0 3.2819 140.2810 182.1804 172.3400 212.4412 1.6691 0.4642 1.4777 -25.5686 2.2012 40.6235 2.7229 0.0084
Car 0.0000 0 1.9203 531.8951 177.9800 579.3532 203.8011 1.5059 1.6274 4.1949 -3.3800 1.8433 45.2051 1.8456 0.0084
Car 0.0000 0 -1.1358 0.0000 0.0000 1242.0000 375.0000 1.4587 1.6309 3.9245 23.2053 1.4646 0.2787 0.4103 0.0083
Car 0.0000 0 1.7167 436.6487 181.1921 464.8090 201.1168 1.4814 1.6055 4.1585 -12.6888 2.1715 57.5570 1.5003 0.0083
Car 0.0000 0 -2.8902 0.0000 0.0000 1242.0000 375.0000 1.4393 1.5033 3.8552 22.6189 1.5353 0.6912 -1.3630 0.0082
Car 0.0000 0 -1.9760 120.0073 182.1727 180.8744 210.5744 1.5232 1.6190 3.7372 -26.5159 2.0825 41.5492 -2.5413 0.0082
Car 0.0000 0 1.8684 369.3636 181.4854 411.9486 204.2486 1.4849 1.6424 4.4508 -15.4632 2.1219 50.9852 1.5750 0.0082
Car 0.0000 0 1.7457 54.4923 187.5265 132.2846 233.2649 1.4974 1.6552 4.3052 -19.5355 2.1017 27.3950 1.1306 0.0082
Cyclist 0.0000 0 -0.8274 148.4332 181.2003 176.9851 211.4792 1.6680 0.3746 1.6301 -25.4636 2.1528 41.0416 -1.3800 0.0082
Pedestrian 0.0000 0 3.4247 368.1261 177.0782 381.0724 200.4293 1.8427 0.5920 0.8469 -18.7353 2.1806 57.3560 3.1100 0.0082
Car 0.0000 0 0.2004 0.0000 0.0000 1242.0000 375.0000 1.3623 1.4432 3.7000 18.8484 1.6020 -0.0708 1.7593 0.0081
Car 0.0000 0 3.5964 0.0000 190.3817 66.2472 226.6954 1.4943 1.6849 4.0129 -27.0565 2.3091 32.2322 2.9020 0.0081
Pedestrian 0.0000 0 -1.3933 179.7660 179.8453 194.9661 213.8453 1.7973 0.6119 0.5663 -22.6805 2.1759 38.6632 -1.9211 0.0081
Car 0.0000 0 1.6186 262.0000 182.5906 297.6776 211.5838 1.5233 1.6661 4.3050 -19.0896 2.1185 41.7654 1.1920 0.0080
Car 0.0000 0 1.2845 797.2238 167.8399 845.5471 201.6724 1.6506 1.4589 3.3862 10.7165 1.4063 36.8970 1.5646 0.0080
Car 0.0000 0 1.6110 265.0597 182.2431 300.3262 211.2240 1.5370 1.6912 4.5146 -19.1352 2.1183 42.2349 1.1877 0.0080
Pedestrian 0.0000 0 -1.6435 1047.3566 151.9713 1076.3572 220.5016 1.9554 0.6695 0.5890 13.0980 1.3599 21.0009 -1.0925 0.0080
Car 0.0000 0 -2.0455 127.0766 181.1195 192.4641 210.0787 1.5620 1.6262 3.8369 -25.9821 2.0577 41.5599 -2.6015 0.0080
Car 0.0000 0 1.7402 247.8874 182.9805 294.7847 211.5624 1.5136 1.7354 4.5866 -19.8465 2.1430 42.3778 1.3043 0.0080
Car 0.0000 0 -1.3758 0.0000 0.0000 1242.0000 375.0000 1.4599 1.6196 4.1552 23.5778 1.4780 0.3314 0.1685 0.0079
Pedestrian 0.0000 0 1.9905 1132.2057 169.7133 1180.4684 264.6453 1.5651 0.4344 0.6438 9.2175 1.5137 12.2411 2.6239 0.0079
Car 0.0000 0 1.7346 376.8333 181.4168 411.7912 204.7841 1.5111 1.6708 4.2435 -15.0679 2.1368 50.4859 1.4456 0.0079
Pedestrian 0.0000 0 -0.9421 144.6118 179.1548 163.8531 209.9498 1.7280 0.6556 0.6698 -25.9227 2.0894 40.9876 -1.5033 0.0078
Car 0.0000 0 1.7477 246.6575 182.7337 293.8065 211.6429 1.5287 1.7205 4.4927 -19.8188 2.1394 42.1785 1.3105 0.0078
Car 0.0000 0 1.8105 434.5552 180.6539 467.5840 200.8949 1.5175 1.6267 4.2384 -12.7255 2.1666 57.8773 1.5946 0.0078
Pedestrian 0.0000 0 0.4634 145.7291 179.5868 164.1013 210.5476 1.7374 0.7125 0.6317 -25.9163 2.1243 41.0403 -0.0971 0.0077
Car 0.0000 0 -2.8579 0.0000 0.0000 1242.0000 375.0000 1.5377 1.6428 4.2135 31.5850 1.6710 1.4617 -1.3428 0.0077
Pedestrian 0.0000 0 3.4008 367.7971 177.3763 381.1703 200.5626 1.8287 0.5728 0.8934 -18.7380 2.1904 57.3364 3.0860 0.0077
Car 0.0000 0 -1.4035 0.0000 0.0000 1242.0000 375.0000 1.4537 1.6839 4.3345 23.6782 1.4461 0.4099 0.1376 0.0077
Cyclist 0.0000 0 1.8173 140.0134 180.9353 159.1977 211.2251 1.6481 0.5387 1.5724 -25.8871 2.1117 40.5303 1.2517 0.0076
Car 0.0000 0 1.6713 482.2336 181.3424 502.0277 196.9155 1.4178 1.5171 3.7800 -11.3816 2.2612 69.7263 1.5098 0.0075
Car 0.0000 0 1.6718 116.5366 181.6478 160.9017 212.8107 1.5766 1.6492 3.9716 -26.0027 2.0888 39.8542 1.0966 0.0074
Pedestrian 0.0000 0 -0.2428 775.0599 164.4591 794.7097 204.3659 1.8850 0.6129 0.7841 8.2929 1.4888 34.3895 -0.0086 0.0074
Car 0.0000 0 1.5716 622.6985 180.7313 641.9169 199.2099 1.4780 1.5811 3.8366 1.8712 2.1689 61.3054 1.6015 0.0074
Car 0.0000 0 1.8109 129.2293 179.9352 180.7710 210.3163 1.6358 1.6448 3.9004 -26.4079 2.0685 41.9401 1.2516 0.0074
Cyclist 0.0000 0 -1.0894 148.0604 181.8627 169.1928 211.5996 1.6301 0.3823 1.4489 -25.5080 2.1483 40.7341 -1.6461 0.0074
Car 0.0000 0 -0.1908 525.9025 177.5210 596.8694 202.8490 1.5514 1.6730 4.2785 -3.1474 1.8584 46.0499 -0.2591 0.0074
Car 0.0000 0 1.4202 802.7540 167.9902 843.2028 202.0236 1.6447 1.4716 3.3105 10.7188 1.4100 36.6029 1.7025 0.0073
Pedestrian 0.0000 0 1.9776 1131.9774 168.0005 1181.8705 264.4461 1.5886 0.4551 0.6659 9.2319 1.5090 12.2469 2.6115 0.0073
Car 0.0000 0 1.8988 477.2715 179.0228 515.0826 199.6693 1.5801 1.7128 4.4364 -9.2692 2.1044 58.9435 1.7432 0.0073
Car 0.0000 0 1.5057 479.0469 181.0082 497.8490 197.0291 1.4555 1.5391 3.8845 -11.7854 2.2672 69.7210 1.3385 0.0073
Car 0.0000 0 1.7510 260.4799 182.5978 307.5206 213.5938 1.5802 1.6594 4.2604 -18.2489 2.1578 40.4734 1.3295 0.0073
Car 0.0000 0 1.5740 479.4516 181.2791 496.1830 197.5333 1.4759 1.5478 3.7459 -11.7862 2.3113 69.5367 1.4064 0.0072
Car 0.0000 0 -1.8123 122.0470 181.5085 175.4626 210.3918 1.5430 1.6859 4.0687 -26.7637 2.0685 41.7647 -2.3795 0.0072
Car 0.0000 0 1.7533 388.7423 182.4738 421.1032 203.8377 1.4659 1.6164 3.9122 -15.1460 2.2045 53.3501 1.4777 0.0072
Pedestrian 0.0000 0 -3.0967 1129.4805 173.4862 1175.5919 266.5219 1.5601 0.4651 0.6236 9.3320 1.5717 12.4783 -2.4664 0.0071
Car 0.0000 0 -2.1204 105.9447 181.5805 177.2272 209.9221 1.5292 1.5530 4.0546 -26.9713 2.0503 41.4767 -2.6942 0.0071
Pedestrian 0.0000 0 -1.6887 1047.0541 151.7456 1077.1884 220.2966 1.9551 0.6714 0.6076 13.1000 1.3534 20.9925 -1.1374 0.0071
Car 0.0000 0 1.7546 47.5315 187.9993 123.7729 232.0855 1.4807 1.6454 4.1181 -20.2512 2.1146 27.9663 1.1322 0.0070
Pedestrian 0.0000 0 0.3477 1129.0797 178.8418 1183.8140 270.6390 1.5246 0.4842 0.6279 9.3573 1.6314 12.4281 0.9811 0.0070
Cyclist 0.0000 0 -1.6015 143.7818 179.6922 152.3858 211.1384 1.7427 0.3715 1.3787 -26.2558 2.1376 40.9515 -2.1689 0.0070
Car 0.0000 0 1.9442 641.0622 176.1609 681.8221 197.5993 1.5095 1.6313 4.1427 3.8452 1.7662 53.7072 2.0148 0.0070
Car 0.0000 0 0.5402 116.4141 182.4061 208.1163 210.1895 1.5166 1.7346 4.1123 -25.3527 2.0701 40.8890 -0.0121 0.0070
Car 0.0000 0 -1.7416 116.3771 183.0780 165.0717 212.2903 1.5535 1.6741 4.3143 -27.4050 2.1800 42.0287 -2.3167 0.0069
Pedestrian 0.0000 0 -1.3023 959.8992 160.2237 990.7751 232.6345 1.8647 0.5826 0.6338 9.5789 1.5398 19.0089 -0.8423 0.0069
Car 0.0000 0 0.3610 243.4211 178.6484 322.8600 203.9519 1.6878 1.7658 4.6541 -22.4534 2.0950 49.6223 -0.0622 0.0068
Car 0.0000 0 1.4642 658.3144 177.3888 684.8276 197.8966 1.5024 1.6145 4.0143 4.6978 1.8661 55.7796 1.5474 0.0068
Car 0.0000 0 1.7439 623.3890 180.5399 649.1761 199.1176 1.4843 1.5556 3.8568 2.2447 2.1605 61.3893 1.7798 0.0068
Car 0.0000 0 2.1075 552.7133 179.0328 600.1766 199.3884 1.5430 1.7115 4.6625 -2.6970 2.0666 58.6433 2.0613 0.0067
Car 0.0000 0 -1.8316 126.7624 181.5099 180.3044 210.7088 1.5661 1.6585 3.9732 -26.5177 2.0916 41.8161 -2.3941 0.0066
Car 0.0000 0 1.8458 479.3951 178.8939 514.7587 199.2597 1.5697 1.7118 4.5143 -9.2589 2.0864 59.3422 1.6913 0.0066
Car 0.0000 0 1.8286 477.8248 179.2058 512.9830 199.8770 1.5699 1.7296 4.4889 -9.2701 2.1061 58.5428 1.6719 0.0066
Car 0.0000 0 1.6948 481.1117 181.5768 502.1436 197.6655 1.4634 1.5489 3.7714 -11.4110 2.3286 69.6171 1.5326 0.0066
Pedestrian 0.0000 0 -1.0869 961.4391 162.0538 996.1406 232.2284 1.7744 0.5703 0.6385 9.4893 1.5017 18.6599 -0.6234 0.0066
Car 0.0000 0 1.5135 126.2581 184.2444 161.4963 211.7128 1.4530 1.5178 3.2839 -26.8091 2.1351 41.4098 0.9416 0.0066
Car 0.0000 0 1.7745 52.0058 187.5797 132.2193 232.1808 1.4891 1.6579 4.3360 -19.9674 2.1070 27.9365 1.1583 0.0066
Car 0.0000 0 1.6523 263.8083 181.5916 302.7406 211.7348 1.5774 1.6818 4.3118 -18.7242 2.1072 41.4090 1.2297 0.0065
Car 0.0000 0 2.0361 366.3160 181.1599 419.8823 204.9304 1.5620 1.7452 4.6896 -15.4577 2.1846 51.5906 1.7461 0.0065
Car 0.0000 0 1.3157 0.0000 0.0000 1242.0000 375.0000 1.4699 1.5400 4.0774 -5.7243 1.5962 -0.1871 -0.2374 0.0065
Cyclist 0.0000 0 -1.1251 115.1633 181.8389 142.7176 215.5523 1.6607 0.4272 1.8239 -24.6699 2.1331 36.9703 -1.7104 0.0065
Car 0.0000 0 1.8776 139.6072 180.8602 192.0775 210.0502 1.5759 1.5377 3.7433 -25.8480 2.0651 42.0503 1.3290 0.0064
Car 0.0000 0 1.2098 112.6176 180.9423 172.5322 209.9986 1.5516 1.5867 3.9719 -26.8517 2.0360 41.3585 0.6367 0.0064
Car 0.0000 0 -3.1253 0.0000 0.0000 1242.0000 375.0000 1.5619 1.6471 4.1535 31.1643 1.5018 1.1618 -1.6013 0.0064
Car 0.0000 0 1.7471 378.3307 181.9319 413.8078 205.1093 1.5045 1.6504 4.3952 -15.0623 2.1738 50.8905 1.4604 0.0064
Car 0.0000 0 -1.3668 0.0000 183.2186 51.2603 216.8530 1.6148 1.8262 4.1143 -31.2763 2.1972 38.2691 -2.0487 0.0064
Car 0.0000 0 1.8030 481.4002 178.9214 514.6719 199.0726 1.5644 1.7121 4.5978 -9.2507 2.0874 59.7921 1.6498 0.0064
Pedestrian 0.0000 0 -1.1102 961.9494 162.7652 996.0094 232.9151 1.7732 0.5684 0.6244 9.4896 1.5185 18.6507 -0.6465 0.0064
Car 0.0000 0 -2.9764 0.0000 0.0000 1242.0000 375.0000 1.5877 1.6685 4.0536 28.7346 1.2245 0.2318 -1.4238 0.0063
Cyclist 0.0000 0 2.2173 127.1411 180.2688 156.9496 212.7690 1.7487 0.5777 1.5319 -25.9407 2.1679 39.9641 1.6444 0.0062
Pedestrian 0.0000 0 -0.7378 855.1535 164.1958 879.1547 212.9628 1.9110 0.6690 0.6062 10.1831 1.5720 28.6972 -0.4005 0.0062
Car 0.0000 0 -0.8583 0.0000 182.6616 27.1140 213.6713 1.6926 1.7243 3.9434 -36.9079 2.2989 42.6026 -1.5692 0.0062
Car 0.0000 0 2.0048 375.1025 180.5590 423.6493 204.2912 1.5983 1.7641 4.2121 -15.2140 2.1803 52.2449 1.7224 0.0061
Car 0.0000 0 1.8403 120.5423 180.0170 181.2421 211.3961 1.6297 1.7131 4.7092 -26.0924 2.0631 41.1151 1.2775 0.0061
Car 0.0000 0 1.8610 483.0617 181.5052 509.4732 197.2017 1.4264 1.4976 3.7995 -10.9772 2.2867 69.7359 1.7051 0.0060
Cyclist 0.0000 0 3.3410 119.4011 181.5935 160.0545 213.2266 1.7092 0.6416 1.7946 -26.0620 2.2011 39.9569 2.7658 0.0060
Car 0.0000 0 1.8283 375.8904 181.8925 416.2350 205.4298 1.5409 1.6806 4.3702 -15.1307 2.2096 51.1396 1.5416 0.0060
Cyclist 0.0000 0 3.4014 123.9101 180.3982 161.1869 212.5651 1.7491 0.5986 1.6366 -25.9500 2.1735 40.0193 2.8289 0.0059
Car 0.0000 0 -2.6388 0.0000 0.0000 1242.0000 375.0000 1.5437 1.5971 4.2040 31.2697 1.6766 1.3737 -1.1214 0.0059
Car 0.0000 0 1.4277 805.6481 166.9036 845.6577 200.9108 1.6619 1.4750 3.4564 10.9939 1.3715 37.0740 1.7135 0.0059
Pedestrian 0.0000 0 -0.7411 854.6686 164.3247 878.8661 212.9630 1.9061 0.6644 0.6206 10.1694 1.5722 28.7016 -0.4043 0.0059
Car 0.0000 0 1.8893 139.9570 181.5721 195.0853 210.5068 1.5619 1.5701 4.0223 -25.9366 2.1000 42.3691 1.3426 0.0059
Car 0.0000 0 -4.6118 0.0000 0.0000 1242.0000 375.0000 1.5187 1.5685 3.6148 21.6498 1.6751 0.6487 -3.0846 0.0058
Car 0.0000 0 2.0127 372.6592 180.8182 422.4778 204.6056 1.5880 1.8046 4.2135 -15.2352 2.1855 51.8763 1.7281 0.0058
Car 0.0000 0 -0.2537 525.3198 177.3179 599.2527 203.0836 1.5846 1.7442 4.4517 -3.1086 1.8817 46.4323 -0.3206 0.0058
Car 0.0000 0 1.5362 461.9433 179.4818 490.2914 203.7095 1.5166 1.7307 3.9413 -9.0514 1.9813 48.4313 1.3520 0.0058
Car 0.0000 0 -0.4528 534.5114 177.8353 604.6226 203.1995 1.5734 1.6933 4.2734 -2.6635 1.9122 47.2369 -0.5093 0.0058
Car 0.0000 0 1.7358 485.1029 179.4570 514.5122 198.9078 1.5350 1.7024 4.7215 -9.2793 2.1147 60.9234 1.5849 0.0057
Pedestrian 0.0000 0 -0.9894 834.5004 164.2094 858.1528 211.6217 1.8791 0.6843 0.6077 9.4726 1.5368 29.0507 -0.6777 0.0057
Car 0.0000 0 -1.3101 532.3439 176.9280 574.2033 203.0718 1.5918 1.6887 4.1784 -3.6576 1.8690 46.8239 -1.3880 0.0057
Car 0.0000 0 2.2496 252.2499 182.3539 327.2613 213.1898 1.5770 1.7056 3.9883 -17.8647 2.1371 40.3680 1.8350 0.0056
Car 0.0000 0 1.7434 263.9364 180.7234 309.6954 210.9960 1.6201 1.6691 4.6389 -18.9223 2.1091 42.3408 1.3252 0.0056
Car 0.0000 0 1.4930 389.7659 183.1371 416.6381 204.0200 1.4376 1.6220 4.0382 -15.5306 2.2384 53.9866 1.2139 0.0056
Car 0.0000 0 0.3838 1157.6904 152.4570 1242.0000 196.4974 1.8253 2.0292 4.5465 27.6708 0.9803 32.3861 1.0862 0.0056
Car 0.0000 0 1.0905 1152.0637 161.5754 1242.0000 202.8124 1.7078 1.8654 4.5607 26.5045 1.2411 32.3006 1.7729 0.0055
Car 0.0000 0 1.3856 381.8638 182.3452 416.0421 204.0210 1.4889 1.6697 4.3922 -15.8424 2.2295 53.9400 1.1009 0.0055
Car 0.0000 0 0.5513 1168.9299 149.4460 1242.0000 190.0890 1.6721 1.8786 4.3676 27.7385 0.7094 32.0478 1.2602 0.0055
Car 0.0000 0 1.9283 372.3144 181.2970 418.9664 205.2125 1.5773 1.7620 4.3808 -15.2368 2.2057 51.4199 1.6412 0.0055
Car 0.0000 0 -0.2047 534.2260 177.1699 604.9244 202.5309 1.6030 1.7311 4.3841 -2.7045 1.8958 47.4843 -0.2617 0.0055
Car 0.0000 0 -0.3053 527.1755 177.3258 603.8779 203.2758 1.6047 1.7993 4.6469 -2.9204 1.9059 46.8682 -0.3677 0.0055
Pedestrian 0.0000 0 -1.7851 1057.1465 153.0749 1089.8750 220.1358 1.9082 0.6563 0.7253 13.4224 1.3457 20.9808 -1.2227 0.0055
Car 0.0000 0 -0.0330 549.0370 179.5656 605.8941 199.6068 1.5217 1.7029 4.3830 -2.5953 2.0571 56.4896 -0.0791 0.0054
Car 0.0000 0 -0.8457 0.0000 0.0000 1242.0000 375.0000 1.4888 1.6212 4.0916 23.2693 1.4991 -0.2792 0.7245 0.0054
Car 0.0000 0 2.1449 548.7812 179.2507 595.8963 199.6330 1.5376 1.6761 4.4013 -3.0144 2.0747 58.2147 2.0929 0.0054
Car 0.0000 0 1.6916 485.2996 179.0539 512.6885 198.8468 1.5470 1.7065 4.7054 -9.2490 2.0856 60.2593 1.5395 0.0054
Car 0.0000 0 1.4119 804.0884 166.0858 845.1746 200.3904 1.6777 1.4665 3.5494 10.9581 1.3471 37.1378 1.6964 0.0054
Pedestrian 0.0000 0 -1.4526 843.6022 162.8878 863.4768 212.3487 1.9624 0.6928 0.6195 9.7667 1.5673 29.0524 -1.1318 0.0054
Car 0.0000 0 1.8709 0.0000 179.8637 58.6546 214.4431 1.7038 1.7715 4.3897 -31.5631 2.1049 38.8760 1.1922 0.0053
Pedestrian 0.0000 0 -1.8357 1055.8262 153.4122 1089.2075 220.6713 1.9171 0.6578 0.6798 13.3964 1.3633 20.9845 -1.2743 0.0053
Car 0.0000 0 0.0834 523.4672 177.2153 592.2210 202.6463 1.5814 1.7483 4.2488 -3.3216 1.8656 46.0705 0.0113 0.0053
Car 0.0000 0 -0.1375 526.4362 177.6382 601.1946 203.4122 1.5929 1.7786 4.5976 -3.0241 1.9099 46.4195 -0.2027 0.0053
Car 0.0000 0 -3.1074 0.0000 0.0000 1242.0000 375.0000 1.5786 1.6047 3.6683 29.0699 1.3856 0.0903 -1.5499 0.0053
Pedestrian 0.0000 0 -1.4968 843.6991 163.1059 863.2253 212.2723 1.9524 0.7051 0.6092 9.7683 1.5656 29.0660 -1.1762 0.0052
Car 0.0000 0 1.7240 484.9608 179.1079 514.1761 198.7949 1.5475 1.7138 4.8061 -9.2566 2.0944 60.6468 1.5728 0.0052
Car 0.0000 0 1.6599 408.1979 179.6618 439.1225 204.8449 1.5612 1.6395 3.9962 -12.3748 2.0341 47.9707 1.4084 0.0052
Car 0.0000 0 1.5473 813.5649 168.0283 845.5703 202.2999 1.6485 1.4569 3.0332 10.9908 1.4167 36.3592 1.8382 0.0052
Car 0.0000 0 2.1593 637.9495 176.6988 687.5051 198.0256 1.4974 1.6521 4.1405 3.9265 1.7946 53.5700 2.2316 0.0052
Car 0.0000 0 1.2322 521.2127 178.9738 556.8357 199.5677 1.5645 1.6049 4.0479 -5.7939 2.0776 58.2766 1.1331 0.0051
Car 0.0000 0 1.8381 437.4353 179.5175 472.3298 201.0519 1.6197 1.6553 4.3026 -12.4049 2.1744 57.8214 1.6273 0.0051
Car 0.0000 0 0.3804 1162.5807 151.8230 1242.0000 196.3652 1.8293 1.9539 4.4660 27.5853 0.9659 32.0605 1.0863 0.0050
Pedestrian 0.0000 0 -1.0029 108.9600 182.7362 128.6623 214.7032 1.5867 0.5991 0.5840 -24.7439 2.0883 36.2958 -1.5981 0.0050
Pedestrian 0.0000 0 -0.9502 108.4268 182.8659 128.3822 214.6015 1.5749 0.6050 0.5800 -24.7605 2.0830 36.2898 -1.5457 0.0050
Car 0.0000 0 1.2510 521.8882 178.7510 557.1071 199.6786 1.5943 1.6184 4.1247 -5.7712 2.0902 58.4250 1.1526 0.0049
Car 0.0000 0 -1.2191 529.5587 176.7246 577.6300 202.9928 1.6002 1.7301 4.3403 -3.6407 1.8650 46.9603 -1.2965 0.0049
Cyclist 0.0000 0 -1.4135 148.6912 180.0865 159.4413 209.9637 1.6536 0.3039 1.3631 -25.9078 2.0713 40.9506 -1.9748 0.0049
Car 0.0000 0 1.4811 454.7164 179.5666 487.2898 204.7501 1.5452 1.7096 4.7339 -9.3465 2.0166 48.1187 1.2899 0.0048
Pedestrian 0.0000 0 -0.9509 148.0403 180.9693 167.6307 211.5414 1.7024 0.6622 0.6853 -25.5573 2.1650 40.7313 -1.5085 0.0048
Car 0.0000 0 1.9692 0.0000 181.5254 63.8808 215.0465 1.6364 1.6885 4.3106 -31.3049 2.1298 38.7170 1.2925 0.0048
Car 0.0000 0 1.1072 1151.0341 161.4930 1242.0000 202.1060 1.6934 1.8333 4.3578 26.4353 1.2201 32.4077 1.7868 0.0048
Car 0.0000 0 1.4707 455.5683 179.1041 488.4562 204.1228 1.5527 1.7101 4.6274 -9.3450 1.9943 48.4693 1.2809 0.0048
Car 0.0000 0 1.6353 683.4528 173.9757 712.4154 198.7729 1.5762 1.6636 4.1833 5.8906 1.6550 48.2682 1.7556 0.0047
Cyclist 0.0000 0 -2.2628 1237.0359 164.4125 1242.0000 228.2476 1.7064 0.3929 1.6213 18.3000 1.4811 20.1022 -1.5319 0.0046
Car 0.0000 0 -0.0045 0.0000 0.0000 1242.0000 375.0000 1.5208 1.6139 3.7403 30.8585 1.4848 0.9805 1.5250 0.0046
Cyclist 0.0000 0 1.0621 978.7051 165.4732 1030.3945 226.1184 1.7134 0.5108 1.8052 11.5643 1.5053 21.2902 1.5534 0.0046
Car 0.0000 0 -2.6784 1161.3960 157.4205 1242.0000 198.7647 1.7430 1.8063 4.2189 27.8328 1.0927 32.7115 -1.9780 0.0045
Car 0.0000 0 -4.4481 0.0000 0.0000 1242.0000 375.0000 1.4868 1.5916 3.9407 21.6167 1.6914 0.4822 -2.9133 0.0045
Car 0.0000 0 1.9705 259.2114 181.2073 321.5596 212.0081 1.6768 1.6887 4.6915 -18.9418 2.2012 42.9127 1.5568 0.0045
Car 0.0000 0 2.1356 260.1711 181.7423 332.3891 211.0145 1.6082 1.7224 4.7481 -18.8913 2.1765 43.6239 1.7289 0.0045
Car 0.0000 0 1.7404 392.8924 183.4153 423.7320 204.3713 1.4551 1.6192 3.6927 -15.0677 2.2733 53.9524 1.4690 0.0045
Car 0.0000 0 1.8057 329.5489 180.1648 375.5952 208.3892 1.5709 1.6858 4.1431 -15.4560 2.0329 43.4171 1.4653 0.0045
Car 0.0000 0 2.1734 258.9091 181.2717 334.8401 210.3751 1.5998 1.7551 4.8796 -18.8856 2.1401 43.7084 1.7675 0.0044
Car 0.0000 0 1.3747 656.9698 177.5260 687.1139 197.6181 1.4674 1.5781 3.8998 4.7221 1.8414 55.6639 1.4584 0.0044
Car 0.0000 0 0.3636 1159.6394 153.2635 1242.0000 195.4040 1.7566 2.0037 4.3586 27.7093 0.9404 32.4663 1.0655 0.0044
Car 0.0000 0 1.9331 304.0770 181.5728 363.3303 210.2194 1.5452 1.7694 4.5173 -16.2366 2.0871 42.5522 1.5703 0.0044
Car 0.0000 0 1.4873 457.3759 178.9152 488.8824 204.6246 1.6251 1.7342 4.4760 -9.3901 2.0581 49.1201 1.2990 0.0044
Car 0.0000 0 -1.9395 0.0000 188.1421 1.2688 218.2476 1.6212 1.7589 4.2565 -37.9339 2.5571 42.3918 -2.6665 0.0044
Car 0.0000 0 0.4738 90.1427 181.3526 186.7585 211.9204 1.6601 1.5055 4.3578 -26.5662 2.1512 40.6932 -0.1018 0.0044
Car 0.0000 0 1.6541 453.6277 178.3686 485.0397 204.5952 1.6770 1.7403 4.5528 -9.6255 2.0735 49.4819 1.4625 0.0044
Car 0.0000 0 -2.5615 0.0000 0.0000 1242.0000 375.0000 1.4943 1.6005 3.4663 30.4161 1.6548 1.0393 -1.0347 0.0044
Pedestrian 0.0000 0 -0.6399 147.1563 179.9172 166.2081 210.8842 1.7192 0.6602 0.6427 -25.5838 2.1218 40.6666 -1.1987 0.0043
Car 0.0000 0 1.5530 686.6717 174.2736 714.5102 199.1352 1.5779 1.7582 3.8949 5.9638 1.6768 48.0526 1.6753 0.0043
Cyclist 0.0000 0 -0.7352 1032.5616 153.9850 1101.9189 216.4651 1.7832 0.5407 1.8213 13.2687 1.2450 21.0178 -0.1787 0.0043
Car 0.0000 0 1.6239 683.8152 175.9373 713.6558 200.2747 1.5322 1.7686 4.0654 5.9264 1.7474 48.1235 1.7452 0.0043
Car 0.0000 0 0.9779 0.0000 0.0000 1242.0000 375.0000 1.4414 1.5391 3.5058 11.6776 1.3949 -0.1287 2.5348 0.0043
Pedestrian 0.0000 0 -0.7824 0.0000 0.0000 1242.0000 375.0000 2.0721 0.6683 0.8636 16.3438 1.5361 -0.2630 0.7865 0.0043
Car 0.0000 0 -0.9302 0.0000 0.0000 1242.0000 375.0000 1.5096 1.6611 4.1591 23.4094 1.4169 -0.2446 0.6385 0.0042
Car 0.0000 0 1.5461 459.7299 178.6507 487.1447 204.3000 1.6161 1.7099 4.4001 -9.3123 2.0276 48.8430 1.3583 0.0042
Car 0.0000 0 -0.0437 0.0000 186.6310 15.1838 220.7331 1.4531 1.5106 4.1957 -31.1713 2.1482 34.3740 -0.7766 0.0041
Cyclist 0.0000 0 0.9338 970.9773 169.6438 1019.3288 226.8408 1.6612 0.4501 1.5382 11.5397 1.5683 21.7482 1.4155 0.0041
Car 0.0000 0 2.2086 547.3971 178.8704 596.6201 199.5195 1.5679 1.6649 4.4424 -3.0540 2.0748 58.4410 2.1562 0.0041
Cyclist 0.0000 0 -1.1832 122.1951 181.2091 143.2077 214.1420 1.6483 0.3390 1.5610 -24.7103 2.0900 37.3137 -1.7651 0.0041
Car 0.0000 0 2.0435 391.5222 183.4367 434.7118 204.3801 1.4527 1.5871 3.7507 -14.7300 2.2754 54.0649 1.7784 0.0041
Car 0.0000 0 0.5256 511.7806 179.7093 566.1331 200.0880 1.5645 1.6350 4.0822 -5.7441 2.1315 58.0502 0.4269 0.0041
Pedestrian 0.0000 0 -1.7431 1038.0444 147.0634 1072.5385 219.6720 2.0899 0.7520 0.6857 13.0408 1.3480 21.2219 -1.1986 0.0041
Car 0.0000 0 2.2306 546.3578 178.6928 597.0015 199.3954 1.5746 1.6717 4.5413 -3.0845 2.0677 58.5399 2.1777 0.0041
Pedestrian 0.0000 0 -1.0912 835.1025 163.5952 857.7895 211.7874 1.9108 0.6776 0.5805 9.4782 1.5441 29.0512 -0.7793 0.0041
Car 0.0000 0 2.1538 317.2063 179.0785 379.7673 204.5270 1.5723 1.7435 4.4731 -17.3862 2.0083 48.1187 1.8085 0.0041
Car 0.0000 0 1.8068 391.4834 183.9668 426.4681 204.7237 1.4379 1.6537 3.9216 -15.0516 2.3022 54.0988 1.5364 0.0040
Cyclist 0.0000 0 -1.6193 1133.8918 165.5067 1171.7361 267.4825 1.6559 0.4069 1.9147 9.4241 1.5369 12.6254 -0.9897 0.0040
Pedestrian 0.0000 0 -1.8616 143.6661 181.7030 159.8758 212.6249 1.6971 0.5823 0.7253 -25.6423 2.1976 40.3184 -2.4253 0.0040
Car 0.0000 0 2.0343 260.8172 181.4330 327.2225 211.6254 1.6563 1.7189 4.7150 -18.9103 2.2006 43.3451 1.6249 0.0040
Cyclist 0.0000 0 0.9499 1042.3268 152.1529 1101.7461 220.0241 1.8719 0.5126 1.7414 13.2270 1.3013 20.7817 1.5100 0.0040
Car 0.0000 0 1.7012 119.5273 181.1599 168.8455 213.4206 1.6332 1.7600 4.1203 -25.7300 2.1188 39.9161 1.1315 0.0039
Car 0.0000 0 -0.0044 0.0000 0.0000 1242.0000 375.0000 1.5131 1.6319 3.9906 22.6179 1.5284 0.5654 1.5284 0.0039
Car 0.0000 0 2.0002 390.3858 182.4663 432.1561 204.0371 1.4963 1.5849 3.7460 -14.7914 2.2395 53.7842 1.7327 0.0039
Car 0.0000 0 1.9890 393.0024 182.7136 433.5069 203.8642 1.4747 1.5686 3.6755 -14.7174 2.2401 54.0477 1.7240 0.0039
Car 0.0000 0 -2.9275 0.0000 0.0000 1242.0000 375.0000 1.5436 1.6874 4.1054 1.5303 1.7463 0.0024 -1.5485 0.0039
Pedestrian 0.0000 0 1.0870 136.6469 181.2542 158.4122 212.8562 1.7173 0.6641 0.9225 -25.6729 2.1893 39.9977 0.5191 0.0039
Car 0.0000 0 1.4076 667.6331 175.8092 695.1074 196.1819 1.5036 1.5053 3.8078 5.4553 1.7404 55.7656 1.5042 0.0039
Pedestrian 0.0000 0 3.1387 190.4607 177.7841 207.2748 220.8200 1.8286 0.5304 0.6258 -17.7779 2.0443 31.1285 2.6232 0.0038
Car 0.0000 0 1.8306 391.4769 183.6126 426.8008 204.2955 1.4402 1.6318 3.7927 -15.0489 2.2761 54.1273 1.5603 0.0038
Car 0.0000 0 -0.7751 0.0000 181.9188 31.5978 213.5588 1.7310 1.6871 4.0059 -36.8402 2.2941 42.7259 -1.4837 0.0038
Car 0.0000 0 1.5906 456.2830 177.9382 483.5630 204.2220 1.6955 1.7590 4.4041 -9.6459 2.0628 49.7575 1.3997 0.0038
Car 0.0000 0 1.7334 662.0909 173.6155 696.8925 199.3244 1.6448 1.7466 3.7059 4.6589 1.6982 48.2928 1.8286 0.0038
Car 0.0000 0 0.5298 0.0000 0.0000 1242.0000 375.0000 1.5256 1.7371 4.5089 31.6549 1.7313 1.9200 2.0306 0.0038
Cyclist 0.0000 0 -1.8746 1232.2252 156.6533 1242.0000 219.6835 1.7647 0.4030 1.6358 18.6600 1.3115 21.0281 -1.1560 0.0038
Car 0.0000 0 0.7571 0.0000 0.0000 1242.0000 375.0000 1.5242 1.7005 4.2520 31.2438 1.6787 1.6327 2.2661 0.0037
Car 0.0000 0 1.7564 683.1577 175.8219 719.2304 200.1258 1.5295 1.6401 4.2641 6.1119 1.7377 48.2437 1.8812 0.0037
Car 0.0000 0 1.8885 474.4167 178.6124 513.1349 199.8743 1.6286 1.7078 4.8364 -9.4925 2.1213 59.1560 1.7297 0.0037
Car 0.0000 0 0.4972 1160.5670 159.4414 1242.0000 199.1480 1.6904 1.7075 3.8079 27.5969 1.1198 32.7994 1.1920 0.0037
Cyclist 0.0000 0 -0.0768 0.0000 0.0000 1242.0000 375.0000 1.7015 0.5632 2.1314 -12.3309 2.0079 0.5016 -1.5835 0.0037
Car 0.0000 0 1.6574 683.6415 176.1606 711.9722 199.9714 1.5307 1.5697 4.1631 5.9934 1.7665 49.1896 1.7774 0.0037
Car 0.0000 0 -0.0885 0.0000 185.7175 5.7972 219.5745 1.4282 1.6287 4.3005 -31.5958 2.0763 34.1949 -0.8306 0.0037
Pedestrian 0.0000 0 2.5083 188.0049 178.2257 209.6660 220.8624 1.8114 0.5234 0.6239 -17.7856 2.0465 31.1415 1.9929 0.0036
Car 0.0000 0 0.3900 1168.7710 152.7029 1242.0000 196.3792 1.8113 1.8590 4.0273 27.6542 0.9760 32.1357 1.0960 0.0036
Car 0.0000 0 0.2966 239.0247 177.7684 313.2809 203.3371 1.7014 1.7416 4.3132 -22.9237 2.0475 49.6060 -0.1345 0.0036
Car 0.0000 0 -1.1456 0.0000 185.0168 19.4070 217.2923 1.7313 1.7437 4.3234 -37.1663 2.4918 42.7711 -1.8580 0.0036
Car 0.0000 0 1.7088 533.1563 176.8846 561.3646 199.2260 1.7242 1.6975 4.4222 -5.0900 2.0653 58.7461 1.6223 0.0035
Car 0.0000 0 3.3570 64.8384 182.2688 168.8435 213.3475 1.6245 1.8973 4.5132 -27.5747 2.1754 40.4713 2.7618 0.0035
Cyclist 0.0000 0 1.2155 1045.4178 150.5450 1090.5271 219.0773 1.8961 0.4876 1.8140 13.1892 1.2792 20.8973 1.7719 0.0035
Car 0.0000 0 1.3373 0.0000 0.0000 1242.0000 375.0000 1.4693 1.4658 3.8089 -6.2449 1.5489 -0.0543 -0.1962 0.0035
Car 0.0000 0 1.6974 452.9050 178.6805 486.9021 204.5397 1.6470 1.7268 4.4674 -9.5424 2.0637 49.2674 1.5067 0.0035
Car 0.0000 0 -2.3266 0.0000 190.0708 1.0439 219.2552 1.5919 1.8456 4.1344 -38.0141 2.6135 41.7142 -3.0626 0.0035
Car 0.0000 0 1.3603 528.9989 179.5521 559.1587 200.2129 1.5732 1.6031 4.1418 -5.4136 2.1381 58.5907 1.2682 0.0035
Car 0.0000 0 -1.7346 0.0000 0.0000 1242.0000 375.0000 1.4585 1.6104 4.0279 11.5675 1.3773 0.0975 -0.1973 0.0034
Car 0.0000 0 1.7628 680.2497 172.7741 715.8312 198.4619 1.6450 1.6062 4.1939 5.9243 1.6402 48.4443 1.8833 0.0034
Car 0.0000 0 0.2202 0.0000 0.0000 1242.0000 375.0000 1.7320 1.5818 3.7908 28.8132 1.2251 0.8981 1.7497 0.0034
Car 0.0000 0 1.3350 656.0429 177.1936 687.7748 197.4466 1.4787 1.5687 3.8547 4.7028 1.8254 55.5679 1.4185 0.0034
Car 0.0000 0 1.7222 666.8453 176.6779 694.5265 197.4026 1.5262 1.5711 3.9100 5.4924 1.8343 55.9900 1.8191 0.0034
Car 0.0000 0 -1.8779 0.0000 0.0000 1242.0000 375.0000 1.4813 1.5418 4.0773 11.6070 1.3483 -0.0428 -0.3284 0.0034
Car 0.0000 0 2.1801 543.6627 178.6815 592.2022 199.6232 1.5883 1.6363 4.5084 -3.3778 2.0792 58.3787 2.1221 0.0033
Cyclist 0.0000 0 1.0489 1034.5229 160.5973 1094.4774 224.7901 1.7756 0.5087 2.0435 13.1298 1.4369 20.9838 1.6013 0.0033
Car 0.0000 0 -2.0847 0.0000 190.0979 1.2368 220.2384 1.6243 1.7824 4.1407 -37.9670 2.6672 42.1138 -2.8153 0.0033
Car 0.0000 0 1.9736 343.1953 175.4814 389.3320 202.0523 1.8224 1.7190 3.9857 -17.5153 2.0194 51.9466 1.6496 0.0033
Car 0.0000 0 -2.0809 0.0000 187.7762 0.6919 217.6413 1.6220 1.7281 4.0093 -37.9209 2.5238 42.1189 -2.8109 0.0032
Cyclist 0.0000 0 2.1282 143.3418 180.8034 169.4232 212.2653 1.7197 0.5616 1.4406 -25.4986 2.1744 40.5210 1.5693 0.0032
Car 0.0000 0 1.5935 685.3113 174.9349 710.6967 199.0300 1.5213 1.5935 3.5551 5.8227 1.6648 47.7510 1.7137 0.0032
Car 0.0000 0 2.0740 392.5340 183.6252 437.7776 204.4613 1.4516 1.6399 3.8563 -14.6842 2.2960 54.4715 1.8116 0.0032
Car 0.0000 0 0.7971 0.0000 0.0000 1242.0000 375.0000 1.5743 1.7483 4.3754 31.2180 1.7926 1.7850 2.3012 0.0032
Car 0.0000 0 0.5063 0.0000 0.0000 1242.0000 375.0000 1.5053 1.5695 3.9607 19.5693 1.4679 0.7087 2.0259 0.0032
Car 0.0000 0 1.2267 0.0000 0.0000 1242.0000 375.0000 1.4259 1.5894 3.5836 11.5802 1.4152 0.1251 2.7616 0.0032
Car 0.0000 0 1.8798 362.4232 181.4663 409.4342 206.2007 1.6271 1.7746 5.0058 -16.0102 2.2748 51.7227 1.5807 0.0031
Car 0.0000 0 1.2931 0.0000 0.0000 1242.0000 375.0000 1.4790 1.4639 3.7329 -6.4602 1.5311 -0.1568 -0.2575 0.0031
Car 0.0000 0 -1.9042 0.0000 186.3264 0.1163 216.0410 1.6051 1.7186 4.1116 -37.8035 2.4284 42.3191 -2.6303 0.0031
Pedestrian 0.0000 0 -1.0113 843.7508 165.7132 868.8748 215.4423 1.9468 0.7323 0.6152 9.7621 1.6676 28.7224 -0.6874 0.0031
Car 0.0000 0 1.7744 678.9319 173.7368 712.5609 198.7139 1.6234 1.5522 3.7360 5.8356 1.6863 49.0543 1.8917 0.0031
Car 0.0000 0 2.0044 294.5981 178.3591 351.9673 207.7994 1.6658 1.7008 3.9867 -17.2925 2.0146 43.6253 1.6287 0.0031
Car 0.0000 0 1.7381 665.8685 176.6745 694.0165 197.2781 1.5148 1.5380 3.9695 5.4314 1.8226 55.9480 1.8339 0.0030
Car 0.0000 0 1.8324 472.4640 178.1112 510.4707 203.8920 1.6705 1.6856 3.6353 -8.1024 2.0447 49.4147 1.6703 0.0030
Car 0.0000 0 1.9864 297.6496 179.7127 360.4041 210.4713 1.6958 1.7461 4.7014 -16.7688 2.1298 43.2313 1.6181 0.0030
Car 0.0000 0 1.6019 456.0209 178.2339 483.7982 204.3195 1.6419 1.7013 4.5801 -9.4589 2.0240 48.7983 1.4111 0.0029
Car 0.0000 0 -1.2152 0.0000 184.3627 12.8413 217.1340 1.7658 1.7480 4.0982 -37.2831 2.4822 42.6641 -1.9305 0.0029
Car 0.0000 0 1.6354 451.9572 178.5994 482.8310 204.4160 1.6053 1.7273 4.7673 -9.5518 2.0111 48.4407 1.4413 0.0029
Pedestrian 0.0000 0 -1.8434 144.0200 181.9618 160.8297 212.6719 1.6846 0.6183 0.7404 -25.6185 2.2002 40.3386 -2.4064 0.0029
Car 0.0000 0 0.8830 0.0000 0.0000 1242.0000 375.0000 1.5336 1.7591 4.4139 31.3459 1.8030 2.1589 2.3755 0.0029
Car 0.0000 0 1.9098 345.6563 178.9202 392.1392 203.9709 1.6264 1.7357 4.2570 -16.6780 2.0654 50.0248 1.5892 0.0029
Car 0.0000 0 0.4650 1165.1033 158.2727 1242.0000 200.4129 1.7736 1.8373 3.7858 27.5914 1.1603 32.4672 1.1647 0.0028
Car 0.0000 0 1.9723 300.0099 179.6174 361.5898 210.0777 1.7027 1.7621 4.7501 -16.8835 2.1362 43.8022 1.6061 0.0028
Pedestrian 0.0000 0 -0.9106 843.6102 164.9952 868.7598 215.3159 1.9716 0.7331 0.6019 9.7621 1.6641 28.7399 -0.5868 0.0028
Car 0.0000 0 1.6577 483.7567 179.0582 509.9340 199.8941 1.6285 1.7387 5.0169 -9.4616 2.1710 60.4800 1.5028 0.0028
Car 0.0000 0 0.6910 0.0000 0.0000 1242.0000 375.0000 1.5303 1.7045 3.7454 30.8955 1.6948 1.2941 2.2103 0.0028
Car 0.0000 0 1.6320 684.3821 175.5792 714.7036 199.5815 1.5192 1.7833 3.8559 5.9869 1.7093 48.1918 1.7544 0.0028
Car 0.0000 0 1.9512 420.4755 174.5394 467.2512 202.2999 1.7905 1.6967 4.0784 -11.2383 1.9102 48.9406 1.7263 0.0028
Car 0.0000 0 1.7277 678.7617 173.4767 710.6806 199.3712 1.6804 1.5398 4.1148 5.7768 1.7251 49.1157 1.8436 0.0028
Car 0.0000 0 1.8432 476.4763 178.3182 513.7061 199.9362 1.6679 1.7388 5.0597 -9.4533 2.1394 59.6003 1.6862 0.0028
Cyclist 0.0000 0 0.9354 1108.9089 176.2239 1202.3032 270.0968 1.4711 0.4260 1.5004 9.0581 1.5315 12.1096 1.5654 0.0028
Car 0.0000 0 1.5227 685.8267 176.7625 713.9242 200.1075 1.4725 1.6770 3.4101 5.8969 1.7416 47.8598 1.6441 0.0028
Car 0.0000 0 1.5472 533.9238 179.1075 555.2857 199.8084 1.5829 1.6252 4.1570 -5.3673 2.1101 58.6304 1.4559 0.0027
Car 0.0000 0 1.8938 469.1684 178.3029 510.8831 204.0995 1.6546 1.7338 3.6275 -8.1334 2.0398 49.0202 1.7298 0.0027
Car 0.0000 0 0.7974 0.0000 0.0000 1242.0000 375.0000 1.4951 1.7066 3.9916 30.9199 1.6929 1.6199 2.3062 0.0027
Car 0.0000 0 2.3382 541.3470 178.0693 595.3804 199.2503 1.6225 1.7061 4.5515 -3.3661 2.0634 58.6733 2.2807 0.0027
Car 0.0000 0 1.6564 535.2118 178.7179 559.2947 200.0334 1.6359 1.6054 4.0807 -5.0808 2.1286 58.5370 1.5698 0.0027
Car 0.0000 0 1.9857 540.4545 177.1885 577.0671 198.7739 1.6631 1.5465 3.8364 -4.1384 2.0272 58.4853 1.9150 0.0027
Pedestrian 0.0000 0 -1.5385 140.3980 183.6950 154.7875 214.0135 1.6446 0.6448 0.8122 -25.6777 2.2540 40.0174 -2.1062 0.0027
Car 0.0000 0 2.2337 542.5822 178.6126 592.8930 199.4700 1.5870 1.6509 4.5047 -3.4027 2.0728 58.5023 2.1754 0.0027
Car 0.0000 0 1.9689 300.2818 179.2377 361.0655 209.5329 1.6893 1.7493 4.6507 -16.8063 2.0960 43.5743 1.6025 0.0026
Car 0.0000 0 1.4803 535.1973 178.7958 559.3072 200.0016 1.6217 1.5715 4.2077 -5.1547 2.1230 58.6242 1.3926 0.0026
Car 0.0000 0 1.7683 680.6535 174.7162 716.3874 200.5280 1.6572 1.5917 4.3421 6.0225 1.7899 48.9654 1.8895 0.0025
Car 0.0000 0 1.6609 484.0273 179.2165 510.3310 199.9721 1.6404 1.7876 4.5449 -9.4836 2.1972 60.7745 1.5064 0.0025
Car 0.0000 0 1.1804 0.0000 0.0000 1242.0000 375.0000 1.5233 1.5520 3.7234 -6.9548 1.5858 -0.1862 -0.3758 0.0025
Car 0.0000 0 -0.9128 0.0000 0.0000 1242.0000 375.0000 1.4512 1.5640 3.9036 11.4429 1.2962 0.9790 0.5475 0.0025
Car 0.0000 0 2.2421 336.4699 180.7962 403.8852 207.0463 1.6511 1.7333 4.8723 -16.4012 2.2252 49.5326 1.9236 0.0025
Car 0.0000 0 -1.8630 0.0000 0.0000 1242.0000 375.0000 1.5466 1.6407 4.4593 11.6974 1.3450 0.0234 -0.3190 0.0025
Car 0.0000 0 0.8106 0.0000 0.0000 1242.0000 375.0000 1.5632 1.7077 4.0650 30.8749 1.7276 1.6614 2.3180 0.0025
Car 0.0000 0 0.9956 1163.3619 160.1084 1242.0000 199.8822 1.7120 1.6851 3.7302 27.3957 1.1638 33.0037 1.6839 0.0024
Car 0.0000 0 -1.4163 111.8353 180.3547 168.1935 215.3795 1.7720 1.8746 5.0082 -26.1918 2.2192 40.3137 -1.9897 0.0024
Car 0.0000 0 -0.5161 0.0000 182.5950 37.1871 213.3239 1.6781 1.5784 3.8379 -36.6181 2.2841 42.7870 -1.2210 0.0024
Car 0.0000 0 1.7434 811.2125 167.5105 856.9609 200.1001 1.7243 1.8307 3.7489 12.5085 1.4419 40.2588 2.0422 0.0024
Car 0.0000 0 2.1426 541.8619 178.2227 586.4927 200.0149 1.6657 1.5719 4.2306 -3.6928 2.1178 58.4791 2.0794 0.0023
Car 0.0000 0 -2.0208 0.0000 0.0000 1242.0000 375.0000 1.5889 1.6800 4.6732 11.6962 1.3925 -0.0165 -0.4734 0.0023
Car 0.0000 0 -1.2440 0.0000 0.0000 1242.0000 375.0000 1.4845 1.6482 4.1136 11.5549 1.2996 0.5301 0.2560 0.0023
Car 0.0000 0 1.9297 337.7466 175.9302 384.9540 202.5457 1.7857 1.8084 4.1482 -17.5346 2.0124 50.9906 1.5998 0.0023
Car 0.0000 0 -1.4721 81.2287 181.5330 132.6266 215.8188 1.7144 1.8892 4.2616 -27.5463 2.2187 39.5733 -2.0773 0.0023
Car 0.0000 0 -2.0025 0.0000 0.0000 1242.0000 375.0000 1.4419 1.4780 3.5870 11.7066 1.3430 -0.0186 -0.4549 0.0023
Car 0.0000 0 0.4121 1178.0916 152.9352 1242.0000 194.2970 1.6927 1.6524 4.1260 27.7751 0.8779 31.7435 1.1263 0.0023
Car 0.0000 0 2.0100 323.7627 177.2376 377.3323 203.1557 1.7023 1.7599 4.5443 -18.1176 2.0238 50.5264 1.6671 0.0022
Car 0.0000 0 -1.1885 0.0000 188.7973 0.7210 220.5048 1.6932 1.6298 3.4049 -37.5327 2.6697 42.2932 -1.9113 0.0022
Car 0.0000 0 1.6264 540.4050 178.1485 562.0859 199.7973 1.6651 1.5397 3.8425 -4.7494 2.1081 58.3835 1.5452 0.0022
Car 0.0000 0 -1.5361 86.7402 185.9612 124.0479 214.3926 1.4119 1.5434 3.2539 -27.4490 2.1580 39.2614 -2.1432 0.0022
Car 0.0000 0 1.2355 0.0000 0.0000 1242.0000 375.0000 1.4133 1.4798 3.6713 -6.3867 1.5581 0.0892 -0.2765 0.0021
Car 0.0000 0 -1.3932 82.9011 186.4939 127.4747 214.7969 1.4017 1.4328 3.1981 -27.3904 2.1758 39.1729 -2.0004 0.0021
Car 0.0000 0 -0.8819 0.0000 187.1826 17.4713 220.2690 1.7793 1.7295 3.7189 -37.1419 2.6574 42.3145 -1.5993 0.0021
Car 0.0000 0 -1.6935 0.0000 0.0000 1242.0000 375.0000 1.4713 1.5835 4.0799 11.5010 1.3340 0.1566 -0.1615 0.0021
Car 0.0000 0 -2.4073 0.0000 0.0000 1242.0000 375.0000 1.5805 1.6977 3.9556 24.9982 1.2430 0.1860 -0.8556 0.0020
Car 0.0000 0 -1.3669 81.3526 183.6138 132.3725 214.3499 1.5442 1.6231 3.4102 -27.4829 2.1610 39.4543 -1.9724 0.0019
Car 0.0000 0 2.0099 272.3531 181.6836 330.6383 209.8734 1.5691 1.6129 4.1682 -18.5918 2.1289 43.5965 1.6087 0.0019
Car 0.0000 0 1.3267 1097.0796 167.0175 1231.6305 235.1164 1.3945 1.5151 3.9985 12.7449 1.2753 16.9096 1.9640 0.0019
Car 0.0000 0 2.1001 335.8498 178.8930 395.4757 205.0378 1.6680 1.7938 4.6137 -16.7409 2.1040 49.5999 1.7758 0.0019
Car 0.0000 0 -1.1634 88.9891 181.0608 172.4148 215.9185 1.7444 1.9115 5.2938 -26.5689 2.2333 40.1824 -1.7447 0.0019
Car 0.0000 0 2.1405 288.2715 179.2892 363.4302 211.3386 1.7385 1.7374 4.9599 -16.7660 2.1437 42.7843 1.7688 0.0019
Car 0.0000 0 1.7986 0.0000 184.8825 2.2695 218.9405 1.5217 1.6968 3.5591 -31.5812 2.1483 35.5954 1.0764 0.0019
Car 0.0000 0 0.8349 0.0000 0.0000 1242.0000 375.0000 1.5492 1.6755 4.2769 30.8755 1.7082 2.0023 2.3312 0.0019
Car 0.0000 0 -1.1631 0.0000 0.0000 1242.0000 375.0000 1.4961 1.6708 4.1594 11.4791 1.2777 0.6747 0.3239 0.0019
Car 0.0000 0 -1.5806 0.0000 0.0000 1242.0000 375.0000 1.4986 1.5843 3.8478 11.6705 1.2957 0.2138 -0.0529 0.0018
Car 0.0000 0 1.9296 408.0512 178.6469 449.1754 203.3969 1.5574 1.5002 3.5719 -12.0825 1.9591 48.1306 1.6846 0.0018
Car 0.0000 0 2.2098 270.5631 180.9407 342.4505 209.3743 1.5919 1.6888 4.5165 -18.5064 2.1140 44.1524 1.8147 0.0018
Car 0.0000 0 -0.9430 0.0000 0.0000 1242.0000 375.0000 1.4536 1.5749 3.8563 11.2692 1.2985 1.0222 0.5119 0.0018
Car 0.0000 0 1.6197 1098.6091 162.7036 1189.9377 233.4876 1.4808 1.5820 4.0098 12.7185 1.2688 17.1493 2.2494 0.0018
Car 0.0000 0 -1.0743 0.0000 0.0000 1242.0000 375.0000 1.4976 1.6407 4.3642 11.3597 1.2994 0.7517 0.4050 0.0018
Car 0.0000 0 -2.3982 0.0000 0.0000 1242.0000 375.0000 1.5144 1.6554 3.9916 25.0684 1.2890 0.1081 -0.8434 0.0018
Car 0.0000 0 2.0648 414.7404 177.5234 460.3747 202.4344 1.5798 1.4732 3.5369 -11.5419 1.9054 48.3654 1.8315 0.0018
Car 0.0000 0 1.7506 418.6992 176.9644 453.0508 202.8591 1.6562 1.5639 4.0284 -11.7711 1.9466 48.8525 1.5150 0.0018
Car 0.0000 0 -4.2978 0.0000 0.0000 1242.0000 375.0000 1.4861 1.7656 4.4553 11.4366 1.3113 0.6193 -2.8063 0.0018
Car 0.0000 0 1.9107 327.6742 176.8013 376.8640 202.6847 1.7168 1.8173 4.6442 -18.1273 2.0083 50.8871 1.5698 0.0018
Car 0.0000 0 0.3567 0.0000 0.0000 1242.0000 375.0000 1.5024 1.5864 3.6460 19.6227 1.4655 1.2929 1.8468 0.0017
Pedestrian 0.0000 0 3.4261 319.7691 180.2761 332.6268 200.4120 1.7900 0.9107 0.8567 -25.5799 2.4639 64.9915 3.0522 0.0017
Car 0.0000 0 2.1704 424.8904 175.5259 484.1641 202.8127 1.7012 1.6562 4.3729 -10.2558 1.8872 47.7772 1.9597 0.0017
Car 0.0000 0 -0.7664 86.5982 182.6944 175.2833 214.9850 1.5914 1.6249 3.9670 -25.7964 2.1519 38.9588 -1.3483 0.0017
Car 0.0000 0 1.5929 1107.0000 161.0905 1197.4000 234.4596 1.5131 1.5370 3.9365 12.6548 1.2708 16.9059 2.2268 0.0016
Car 0.0000 0 1.7451 507.3542 177.8503 542.0664 203.5620 1.6135 1.6361 3.9599 -5.6684 1.9608 48.0858 1.6279 0.0016
Car 0.0000 0 1.6858 299.3348 180.9670 330.9400 206.9736 1.5880 1.4663 4.0663 -19.4184 2.1473 47.5549 1.2998 0.0016
Pedestrian 0.0000 0 -1.4688 70.9340 184.0592 97.3045 222.5714 1.7671 0.9366 0.6846 -24.7715 2.3029 33.9448 -2.0957 0.0016
Car 0.0000 0 -1.4655 87.1482 183.2088 130.8695 213.8260 1.5473 1.6166 3.3742 -27.4730 2.1428 39.5946 -2.0691 0.0015
Car 0.0000 0 -1.7282 0.0000 0.0000 1242.0000 375.0000 1.5160 1.5688 4.1634 11.6928 1.3503 0.1660 -0.1964 0.0015
Car 0.0000 0 2.0959 808.0455 165.6323 870.5472 197.7454 1.6844 1.7506 3.5265 12.5987 1.3060 39.6802 2.4009 0.0015
Car 0.0000 0 1.9873 419.4838 176.1463 466.3102 203.0295 1.7129 1.6523 3.8423 -11.2100 1.9439 48.5133 1.7611 0.0015
Car 0.0000 0 1.9982 331.3298 176.7561 381.2961 202.8395 1.7579 1.7431 4.2799 -18.0648 2.0488 51.4984 1.6622 0.0015
Car 0.0000 0 1.8259 0.0000 183.4786 1.6525 219.4193 1.5995 1.7421 3.8615 -31.6369 2.1535 35.4758 1.1012 0.0015
Car 0.0000 0 1.8249 0.0000 185.1799 1.5314 220.1185 1.5502 1.7564 3.7599 -31.6954 2.1932 35.5473 1.1003 0.0015
Car 0.0000 0 1.6045 415.9594 180.4350 443.0033 205.6533 1.5807 1.6333 3.8870 -12.1359 2.1128 48.5392 1.3604 0.0015
Car 0.0000 0 0.5065 0.0000 0.0000 1242.0000 375.0000 1.6442 1.7253 4.7809 22.9227 1.5429 0.4709 2.0439 0.0014
Car 0.0000 0 1.8117 813.5034 167.2084 856.9678 198.2703 1.6511 1.6249 3.0819 12.5069 1.3513 40.0890 2.1117 0.0014
Car 0.0000 0 -1.2413 1093.2035 160.7333 1242.0000 234.6355 1.5324 1.6864 3.8141 12.9611 1.2814 16.7212 -0.5907 0.0014
Car 0.0000 0 -1.2370 0.0000 186.1724 6.0737 221.4120 1.5411 1.6669 3.8743 -31.3465 2.2311 35.2529 -1.9602 0.0014
Car 0.0000 0 -1.2338 0.0000 183.5686 5.9666 219.6378 1.5994 1.6772 4.0673 -31.6083 2.1597 35.4995 -1.9576 0.0014
Car 0.0000 0 2.1422 269.6406 180.2989 337.2669 209.5348 1.6361 1.6878 4.3562 -18.5636 2.1125 43.8344 1.7434 0.0014
Car 0.0000 0 1.7721 506.5827 177.3598 542.3212 203.5597 1.6504 1.6201 3.9117 -5.6943 1.9642 48.1606 1.6546 0.0014
Car 0.0000 0 1.4278 1091.1639 165.7539 1210.7703 236.3529 1.4676 1.6453 4.1087 12.6639 1.3203 17.1975 2.0541 0.0014
Car 0.0000 0 -1.3092 1100.9885 163.7276 1234.8989 235.4514 1.4880 1.6283 3.4952 12.8916 1.2991 16.6815 -0.6600 0.0013
Car 0.0000 0 -1.3680 1089.9442 160.8542 1207.3148 231.7720 1.4952 1.5333 3.6982 12.7114 1.2425 17.0183 -0.7350 0.0013
Car 0.0000 0 0.5239 0.0000 187.9246 5.1048 222.3084 1.8582 1.6896 4.3940 -37.8035 2.7505 41.4116 -0.2129 0.0013
Car 0.0000 0 1.6865 413.5387 180.0732 444.1494 204.4467 1.5302 1.5760 3.6584 -12.1291 2.0335 48.3479 1.4417 0.0012
Car 0.0000 0 1.8085 1090.6173 166.9993 1212.2305 235.8754 1.4430 1.4737 3.6944 12.6602 1.3207 16.8653 2.4438 0.0012
Car 0.0000 0 2.1461 418.4648 175.6839 470.9638 202.3689 1.7013 1.6086 3.8422 -11.0901 1.9001 48.5206 1.9222 0.0012
Car 0.0000 0 -1.5089 1101.5066 161.1850 1192.3730 231.6064 1.4871 1.5398 3.5335 12.7212 1.2410 17.0850 -0.8773 0.0012
Car 0.0000 0 -0.6695 79.8451 184.8823 160.2978 216.5385 1.5867 1.5314 3.4262 -26.7426 2.2757 39.4445 -1.2624 0.0012
Car 0.0000 0 0.6195 0.0000 0.0000 1242.0000 375.0000 1.5728 1.7524 3.8519 30.5000 1.5505 1.3961 2.1349 0.0012
Pedestrian 0.0000 0 0.4257 1133.7828 169.9782 1190.5879 266.4492 1.5447 0.3968 0.6405 9.0697 1.4990 11.9267 1.0634 0.0012
Car 0.0000 0 -0.6350 66.1677 180.7028 176.8957 216.7349 1.7950 1.7329 4.9883 -26.7778 2.2563 39.7321 -1.2252 0.0012
Cyclist 0.0000 0 1.3034 856.1320 168.5514 883.1776 209.5693 1.6414 0.6013 1.7437 10.6532 1.4696 29.7629 1.6435 0.0012
Cyclist 0.0000 0 -1.8601 858.5515 171.5693 886.8718 214.0913 1.6824 0.5849 1.8105 10.6694 1.6319 29.4652 -1.5164 0.0012
Pedestrian 0.0000 0 -2.6658 319.7821 180.4280 333.4380 200.2249 1.7602 0.8971 0.8263 -25.5521 2.4482 65.0138 -3.0392 0.0011
Car 0.0000 0 1.6138 415.5789 181.7048 442.6695 206.2076 1.5266 1.6005 3.8203 -12.1383 2.1462 48.4501 1.3692 0.0011
Pedestrian 0.0000 0 0.3184 1135.7677 171.9413 1191.3026 266.0996 1.5077 0.3806 0.6439 9.0911 1.4935 11.9238 0.9575 0.0011
Car 0.0000 0 1.7348 451.8478 177.4079 479.0926 198.7139 1.6663 1.6261 3.5537 -11.8088 2.0505 59.0017 1.5378 0.0010
Car 0.0000 0 2.1084 418.5793 176.3247 470.7698 202.9566 1.6911 1.6099 3.9759 -11.0869 1.9351 48.5119 1.8846 0.0010
Car 0.0000 0 -2.7845 0.0000 0.0000 1242.0000 375.0000 1.5664 1.6035 3.9020 30.4484 1.7301 1.6562 -1.2779 0.0010
Car 0.0000 0 1.7513 416.6714 178.1949 450.5140 203.5029 1.6052 1.5622 3.7331 -11.8377 1.9785 48.4752 1.5127 0.0009
Car 0.0000 0 1.7486 812.8871 168.2622 851.5751 198.6251 1.6182 1.5201 3.2501 12.3903 1.3738 40.2447 2.0449 0.0009
Car 0.0000 0 1.9236 809.9001 166.3937 858.8026 197.9150 1.6678 1.6302 3.0639 12.3917 1.3263 39.8856 2.2224 0.0009
Car 0.0000 0 1.5067 425.8257 174.8317 454.3981 201.3380 1.7525 1.6853 3.8415 -11.8571 1.8959 50.0978 1.2751 0.0008
Pedestrian 0.0000 0 -1.0185 60.8696 186.4201 89.2659 225.3280 1.7882 0.7971 0.7459 -25.1259 2.4326 33.8459 -1.6535 0.0008
Pedestrian 0.0000 0 -0.5551 849.1580 165.1980 877.2665 212.4835 1.9300 0.5946 0.9217 10.4274 1.6179 29.8395 -0.2225 0.0008
Car 0.0000 0 1.9428 412.6904 178.7121 453.8081 203.4797 1.5688 1.5203 3.4674 -11.8362 1.9767 48.3797 1.7038 0.0008
Car 0.0000 0 -0.6142 0.0000 188.1369 16.1990 222.3317 1.8051 1.7133 3.9427 -37.3810 2.7419 42.0929 -1.3374 0.0008
Pedestrian 0.0000 0 -0.5359 849.8078 165.2375 877.8409 212.4250 1.9263 0.5781 0.9279 10.4487 1.6157 29.8282 -0.2025 0.0007
Car 0.0000 0 1.9800 805.4240 167.1812 860.0216 198.4411 1.6491 1.6690 3.4216 12.3116 1.3502 39.9040 2.2768 0.0007
Car 0.0000 0 1.7894 90.5094 185.2552 138.3113 214.6441 1.4971 1.4696 3.4782 -27.6099 2.2215 40.2346 1.1909 0.0007
Car 0.0000 0 1.7681 416.0414 179.4592 450.4261 204.1595 1.5577 1.5369 3.7344 -11.8459 2.0186 48.4117 1.5290 0.0007
Pedestrian 0.0000 0 1.6027 65.2560 180.1144 87.5950 221.6539 1.9100 0.8202 0.6886 -25.0804 2.2564 33.8706 0.9689 0.0007
Pedestrian 0.0000 0 -1.1661 88.7033 179.4165 116.6299 222.5945 1.8034 0.7444 0.7289 -21.6187 2.0869 30.6972 -1.7758 0.0007
Pedestrian 0.0000 0 -1.7034 958.0549 165.8548 978.2878 208.6015 1.6260 0.6064 0.7185 13.7922 1.3601 27.8803 -1.2486 0.0006
Pedestrian 0.0000 0 -1.5574 956.2312 166.3446 974.4034 208.5530 1.6192 0.6285 0.7277 13.8190 1.3699 28.1437 -1.1055 0.0006
Pedestrian 0.0000 0 -1.0439 88.4572 179.7377 117.2900 222.5089 1.7915 0.7549 0.6993 -21.6272 2.0886 30.7207 -1.6534 0.0006
Pedestrian 0.0000 0 -0.1342 72.6356 184.0750 94.2555 223.6120 1.8110 0.9092 0.7086 -24.8158 2.3483 33.9470 -0.7618 0.0006
Pedestrian 0.0000 0 -1.7649 956.8645 165.5935 979.3075 208.7621 1.6411 0.6352 0.7743 13.7890 1.3654 27.8825 -1.3102 0.0006
Car 0.0000 0 1.7968 452.0802 177.1084 481.7987 198.3837 1.6788 1.5940 3.8202 -11.8100 2.0422 59.6394 1.6018 0.0005
Pedestrian 0.0000 0 -1.4824 955.6302 166.4942 975.1099 208.4240 1.6106 0.6273 0.6941 13.8360 1.3667 28.1725 -1.0304 0.0005
Cyclist 0.0000 0 -1.4535 21.2777 182.4585 38.4751 217.8128 1.7350 0.4572 1.9318 -29.6634 2.2386 36.8590 -2.1277 0.0005
Pedestrian 0.0000 0 -1.4034 86.0345 174.5382 110.5331 217.9522 1.8174 0.7391 0.7256 -21.8264 1.8906 30.7270 -2.0171 0.0005
Pedestrian 0.0000 0 -0.9885 83.3222 173.9552 113.0511 217.8312 1.8427 0.7616 0.7185 -21.8052 1.8905 30.6904 -1.6023 0.0004
Pedestrian 0.0000 0 -1.6613 21.6564 171.9485 40.0745 210.0386 1.8888 0.6549 0.7994 -29.1699 1.8443 36.2918 -2.3349 0.0004
Pedestrian 0.0000 0 -0.9023 855.1652 167.4594 882.5840 212.6372 1.8365 0.6095 0.9534 10.6653 1.6175 29.8398 -0.5627 0.0003
Pedestrian 0.0000 0 -0.8436 854.8135 166.6948 883.1816 212.3119 1.8554 0.6351 0.9503 10.6741 1.6053 29.8526 -0.5039 0.0003
Pedestrian 0.0000 0 1.1470 12.2169 174.8651 36.2962 210.1991 1.7533 0.6556 0.8400 -29.5371 1.8563 36.3377 0.4679 0.0002
Pedestrian 0.0000 0 0.5493 17.7742 174.1766 45.9375 210.3939 1.8018 0.6765 0.8829 -29.1279 1.8694 36.3120 -0.1233 0.0002
Pedestrian 0.0000 0 0.8532 11.3121 174.1902 37.6038 209.8240 1.7730 0.6364 0.8347 -29.5040 1.8413 36.3127 0.1743 0.0001
Cyclist 0.0000 0 1.5656 18.7296 180.7359 31.2283 215.1855 1.6710 0.4787 1.9687 -29.4974 2.0782 36.3287 0.8870 0.0001