Car 0.0000 0 -1.6500 558.4044 180.9673 607.3180 223.0964 1.4851 1.6047 3.5969 -1.1547 1.8220 28.0397 -1.6915 0.9980
Car 0.0000 0 -1.6502 558.3105 181.0878 607.2398 223.2231 1.4834 1.6028 3.6085 -1.1577 1.8252 28.0257 -1.6918 0.9975
Car 0.0000 0 -1.6536 558.5798 180.9223 608.4045 223.3056 1.4928 1.6238 3.6463 -1.1322 1.8281 28.0466 -1.6942 0.9973
Car 0.0000 0 -1.6622 557.0681 181.3635 607.2582 222.9999 1.4611 1.6036 3.6893 -1.1846 1.8151 28.0444 -1.7047 0.9968
Car 0.0000 0 -1.6526 558.6429 181.0578 608.2236 223.5920 1.4973 1.6173 3.6464 -1.1341 1.8382 28.0414 -1.6933 0.9968
Car 0.0000 0 -1.6582 558.1395 181.0265 608.2170 223.4660 1.4921 1.6134 3.6782 -1.1447 1.8318 28.0348 -1.6994 0.9967
Car 0.0000 0 -1.6502 558.8713 181.1210 608.3901 223.2949 1.4824 1.6206 3.6654 -1.1262 1.8259 28.0272 -1.6907 0.9921
Car 0.0000 0 -1.6543 558.6151 181.0319 607.7937 223.4212 1.4944 1.5975 3.6653 -1.1446 1.8349 28.0917 -1.6953 0.9612
Car 0.0000 0 -1.6637 558.5444 180.9447 608.8680 223.7850 1.5133 1.6171 3.5716 -1.1237 1.8495 28.0716 -1.7040 0.9495
Car 0.0000 0 -1.6723 542.5140 177.6954 572.7605 203.6461 1.5433 1.5495 3.4696 -3.3629 1.8610 45.4396 -1.7462 0.9456
Car 0.0000 0 -1.6708 542.8119 177.8686 572.8441 203.6502 1.5316 1.5406 3.4642 -3.3489 1.8604 45.4158 -1.7444 0.9441
Car 0.0000 0 -1.6684 543.0522 177.8650 572.6827 203.5160 1.5267 1.5330 3.3761 -3.3466 1.8551 45.4363 -1.7420 0.9436
Car 0.0000 0 -1.6768 542.1303 177.6845 573.0864 203.6786 1.5455 1.5768 3.5003 -3.3665 1.8626 45.4518 -1.7507 0.9430
Car 0.0000 0 1.6051 457.5316 178.0820 488.4352 208.6104 1.6370 1.6116 3.6784 -7.8349 1.9506 41.2927 1.4183 0.9267
Car 0.0000 0 1.6137 457.0802 177.7765 488.3552 208.4233 1.6446 1.5995 3.7280 -7.8519 1.9402 41.3070 1.4266 0.9156
Car 0.0000 0 1.5962 457.3654 177.7154 487.6892 208.3939 1.6474 1.6115 3.6670 -7.8626 1.9391 41.2969 1.4088 0.9133
Car 0.0000 0 1.6123 457.4209 177.9816 488.7354 208.3855 1.6303 1.6078 3.7035 -7.8288 1.9380 41.2930 1.4256 0.9105
Car 0.0000 0 1.6153 457.2971 177.8596 488.6042 208.4941 1.6426 1.5946 3.7431 -7.8359 1.9431 41.2939 1.4285 0.9061
Car 0.0000 0 -1.6230 560.2182 181.0790 606.8167 223.3062 1.4858 1.6046 3.6132 -1.1258 1.8266 27.9887 -1.6635 0.9002
Car 0.0000 0 1.6105 457.6546 177.9358 488.7267 208.4485 1.6366 1.6003 3.7255 -7.8259 1.9418 41.3115 1.4240 0.8983
Car 0.0000 0 1.6027 457.6567 177.5476 487.9168 208.3655 1.6567 1.5850 3.7017 -7.8542 1.9387 41.3320 1.4156 0.8821
Car 0.0000 0 -1.6664 557.8381 180.8169 607.2958 223.3981 1.5037 1.5756 3.5228 -1.1644 1.8338 28.0226 -1.7083 0.8739
Car 0.0000 0 1.6075 457.1968 178.0896 487.8585 208.3020 1.6208 1.5896 3.7133 -7.8694 1.9353 41.3370 1.4201 0.8690
Car 0.0000 0 -1.6951 541.9836 177.5062 573.9169 203.8638 1.5681 1.5905 3.3751 -3.3386 1.8726 45.3727 -1.7685 0.8615
Car 0.0000 0 1.6058 457.1997 178.1255 487.6048 208.4539 1.6272 1.5816 3.7103 -7.8781 1.9439 41.3430 1.4183 0.8604
Car 0.0000 0 1.5850 457.7160 178.1805 487.4576 208.4715 1.6238 1.6002 3.7211 -7.8782 1.9439 41.3396 1.3974 0.8604
Car 0.0000 0 -1.6297 560.9421 180.6508 608.7759 223.5939 1.5132 1.6267 3.7080 -1.0786 1.8375 28.0462 -1.6684 0.8572
Car 0.0000 0 1.6148 457.4999 177.8223 488.9444 208.6205 1.6534 1.6061 3.7287 -7.8260 1.9518 41.3241 1.4283 0.8447
Car 0.0000 0 -1.6934 541.8001 177.6720 573.0564 203.6074 1.5432 1.5461 3.4598 -3.3783 1.8595 45.4638 -1.7676 0.8320
Car 0.0000 0 -1.6388 560.0439 180.9916 607.4401 222.8778 1.4780 1.5876 3.5433 -1.1176 1.8153 28.0223 -1.6790 0.8290
Car 0.0000 0 -1.6542 559.8208 180.9892 609.3442 223.9836 1.5132 1.6039 3.7466 -1.0928 1.8524 28.0905 -1.6934 0.8199
Car 0.0000 0 -1.6530 553.4691 178.1338 587.1135 208.3260 1.5814 1.5881 3.4354 -2.2868 1.8894 40.2343 -1.7100 0.8173
Car 0.0000 0 -1.6739 542.2108 178.0750 572.1691 203.6470 1.5213 1.5373 3.3670 -3.3901 1.8635 45.4465 -1.7484 0.8028
Car 0.0000 0 -1.6455 553.6965 178.1101 586.8109 208.1597 1.5722 1.5751 3.5642 -2.2920 1.8795 40.2716 -1.7025 0.8016
Car 0.0000 0 -1.6517 553.5944 178.2538 587.2495 208.2889 1.5729 1.5947 3.4203 -2.2794 1.8879 40.2362 -1.7084 0.7935
Car 0.0000 0 -1.6367 553.8880 177.9642 586.2103 208.1236 1.5810 1.5682 3.4377 -2.2991 1.8790 40.2330 -1.6940 0.7591
Car 0.0000 0 -1.6370 553.8732 177.8096 586.1287 208.1208 1.5895 1.5622 3.4633 -2.3026 1.8788 40.2430 -1.6943 0.7531
Car 0.0000 0 -1.7051 541.5638 177.5831 573.4394 203.8440 1.5627 1.5508 3.4232 -3.3711 1.8728 45.4289 -1.7792 0.7482
Car 0.0000 0 1.6201 457.3170 177.8492 489.2885 208.3284 1.6356 1.6159 3.7367 -7.8200 1.9356 41.3204 1.4338 0.7380
Car 0.0000 0 -1.6570 552.9297 177.5850 587.3922 207.8749 1.5878 1.6091 3.6056 -2.3011 1.8650 40.3135 -1.7142 0.7369
Car 0.0000 0 -1.6510 543.0764 178.4594 572.1232 203.9170 1.5085 1.5436 3.4571 -3.3601 1.8756 45.3822 -1.7249 0.7349
Car 0.0000 0 -1.6350 553.9049 178.2154 586.4324 208.4223 1.5822 1.5850 3.4512 -2.2934 1.8951 40.2422 -1.6921 0.7336
Car 0.0000 0 1.6195 457.1578 177.7520 488.8925 208.3945 1.6449 1.6043 3.7493 -7.8370 1.9391 41.3254 1.4328 0.7254
Car 0.0000 0 -1.6593 553.1339 176.8113 587.1986 207.6420 1.6208 1.5840 3.5315 -2.2971 1.8523 40.2698 -1.7164 0.7173
Car 0.0000 0 -1.6236 554.3915 177.7268 585.8971 207.8096 1.5785 1.5652 3.4836 -2.2953 1.8630 40.2629 -1.6807 0.6861
Car 0.0000 0 -1.6859 540.1940 177.9356 570.9129 203.7255 1.5323 1.5427 3.3775 -3.4891 1.8650 45.3837 -1.7627 0.6854
Car 0.0000 0 -1.7091 540.7014 177.3426 573.6873 204.0630 1.5909 1.5918 3.5645 -3.3987 1.8862 45.5083 -1.7837 0.6752
Car 0.0000 0 1.6073 456.5345 177.7200 487.7343 208.1047 1.6322 1.6196 3.8029 -7.9020 1.9253 41.3992 1.4195 0.6594
Car 0.0000 0 -1.6733 543.0895 177.7923 574.0202 203.7749 1.5425 1.5809 3.5468 -3.3060 1.8667 45.4316 -1.7460 0.6523
Car 0.0000 0 -1.6460 553.4391 177.8468 585.7075 207.7819 1.5717 1.5416 3.3436 -2.3241 1.8626 40.2271 -1.7038 0.6447
Car 0.0000 0 1.5977 457.3265 177.9587 488.1454 208.4788 1.6369 1.6334 3.7897 -7.8617 1.9441 41.3657 1.4106 0.6445
Car 0.0000 0 1.6908 455.7264 178.9626 492.1189 207.4761 1.5253 1.5950 3.9304 -7.8053 1.8938 41.4703 1.5055 0.6219
Car 0.0000 0 -1.6695 543.2837 177.9402 574.0248 203.7100 1.5282 1.5805 3.5554 -3.2986 1.8620 45.4154 -1.7420 0.6051
Car 0.0000 0 1.6319 455.6978 177.9754 488.9200 207.8595 1.5923 1.6282 3.8291 -7.8382 1.8988 41.1308 1.4444 0.5664
Car 0.0000 0 -1.6727 543.1529 177.6306 574.6653 203.8160 1.5552 1.6128 3.6336 -3.2888 1.8694 45.4826 -1.7450 0.5614
Car 0.0000 0 -1.5874 556.1592 178.2243 586.9388 207.9044 1.5532 1.6409 3.7356 -2.2213 1.8684 40.3735 -1.6425 0.5590
Pedestrian 0.0000 0 1.4360 834.4828 178.7039 874.7062 262.1394 1.6938 0.7237 0.5283 5.0312 1.8185 15.0153 1.7524 0.5579
Pedestrian 0.0000 0 1.3086 834.0150 178.2518 875.6313 262.0691 1.7052 0.6984 0.5449 5.0332 1.8200 15.0051 1.6253 0.5551
Car 0.0000 0 -1.6040 555.5024 177.9944 586.6118 207.8247 1.5619 1.6080 3.4621 -2.2403 1.8614 40.1919 -1.6598 0.5508
Car 0.0000 0 -1.5825 542.9296 177.5277 570.1199 204.1635 1.5821 1.6394 3.7926 -3.4290 1.8899 45.5025 -1.6577 0.5462
Car 0.0000 0 1.6082 455.3098 177.6909 486.5220 208.3314 1.6383 1.6086 3.7686 -7.9317 1.9281 41.1878 1.4188 0.5421
Car 0.0000 0 -1.6385 544.2537 178.2169 573.0313 203.6037 1.5045 1.5630 3.5506 -3.2976 1.8562 45.4126 -1.7111 0.5416
Car 0.0000 0 1.6154 457.0479 178.6617 489.1866 208.6810 1.5966 1.6308 3.8409 -7.8006 1.9446 41.1695 1.4289 0.5347
Car 0.0000 0 -1.6196 544.4429 177.1695 573.4882 204.0771 1.6028 1.6410 3.7492 -3.2905 1.8874 45.5657 -1.6918 0.5260
Car 0.0000 0 -1.5755 556.0388 178.7111 587.2161 208.1434 1.5367 1.6601 3.6793 -2.1902 1.8796 40.3056 -1.6300 0.4982
Car 0.0000 0 1.5679 454.6754 178.1786 485.5619 208.0312 1.5930 1.6558 3.8651 -8.0435 1.9132 41.2892 1.3762 0.4588
Car 0.0000 0 -1.5581 556.0607 178.2431 586.6765 207.5860 1.5346 1.6306 3.8042 -2.1744 1.8510 40.3770 -1.6121 0.4548
Car 0.0000 0 -1.5845 546.0255 178.5724 572.2663 204.0389 1.5031 1.5780 3.6047 -3.2512 1.8771 45.2844 -1.6563 0.4489
Car 0.0000 0 -1.6890 550.3665 176.9386 586.1386 207.4807 1.6056 1.5820 3.5230 -2.4068 1.8447 40.3028 -1.7488 0.4477
Car 0.0000 0 -1.5218 555.9225 178.5228 588.4034 208.0454 1.5426 1.6361 3.5411 -2.1012 1.8724 40.1542 -1.5742 0.4066
Car 0.0000 0 -1.4532 541.0101 178.8719 573.2541 204.2286 1.4912 1.6025 3.5979 -3.3001 1.8833 45.1333 -1.5263 0.3957
Car 0.0000 0 -1.6954 549.8191 176.6410 586.2203 207.1199 1.6081 1.6119 3.4189 -2.4216 1.8299 40.3494 -1.7554 0.3878
Car 0.0000 0 1.5908 453.5260 177.6428 484.6663 208.0784 1.6111 1.6521 3.9306 -7.9833 1.8969 40.9238 1.3989 0.3839
Car 0.0000 0 -1.6897 549.2561 177.5305 585.1046 207.6684 1.5766 1.5730 3.5836 -2.4636 1.8501 40.2374 -1.7510 0.3834
Car 0.0000 0 -1.5135 554.4921 177.7487 586.8910 207.3787 1.5608 1.6082 3.6841 -2.1981 1.8481 40.4577 -1.5680 0.3800
Car 0.0000 0 -1.6642 551.8005 177.4910 585.5893 207.8226 1.5878 1.5576 3.3968 -2.3684 1.8575 40.1148 -1.7233 0.3749
Car 0.0000 0 -1.4935 536.5726 177.3353 567.2896 203.9434 1.5849 1.6366 3.9684 -3.6623 1.8810 45.6315 -1.5736 0.3583
Car 0.0000 0 1.6917 455.5613 178.3218 493.5268 208.0208 1.5727 1.6565 3.9086 -7.6698 1.8986 40.9476 1.5073 0.3476
Car 0.0000 0 -1.0051 551.8341 179.2499 609.7869 208.5236 1.5037 1.5993 3.4395 -1.6011 1.8734 39.7755 -1.0456 0.3278
Car 0.0000 0 1.8050 553.7338 178.6184 605.8427 213.3820 1.5086 1.5956 3.9076 -1.4019 1.7977 34.0672 1.7636 0.3209
Car 0.0000 0 1.8328 552.2499 178.2086 606.8712 213.1798 1.5172 1.6082 3.9475 -1.4093 1.7859 34.0471 1.7911 0.3196
Car 0.0000 0 1.7231 451.9313 178.2108 491.9328 208.3686 1.5871 1.6375 3.9116 -7.7604 1.9040 40.6574 1.5352 0.3154
Car 0.0000 0 -1.5315 556.7116 177.4564 588.6471 207.0883 1.5571 1.6412 3.7552 -2.0825 1.8271 40.3867 -1.5832 0.3081
Car 0.0000 0 -1.3087 552.3545 178.5160 597.6783 208.0328 1.5248 1.6502 3.5140 -1.9212 1.8530 39.8880 -1.3570 0.2994
Car 0.0000 0 1.8926 552.3646 178.4733 610.8943 213.2934 1.5065 1.6360 3.7892 -1.3086 1.7871 33.9239 1.8538 0.2968
Car 0.0000 0 -1.7617 545.5255 176.4403 585.9753 207.4464 1.6321 1.6090 3.5244 -2.5506 1.8423 40.3259 -1.8249 0.2934
Car 0.0000 0 -1.6993 536.8209 177.5374 568.5735 203.5478 1.5491 1.5630 3.4185 -3.6763 1.8565 45.4658 -1.7800 0.2868
Car 0.0000 0 -1.3841 543.1450 178.5744 579.7980 204.6394 1.5236 1.6159 3.7384 -3.0133 1.8961 44.9828 -1.4511 0.2858
Car 0.0000 0 -1.6186 555.0134 177.2360 586.8745 207.9045 1.5917 1.5856 3.2634 -2.2153 1.8431 39.6366 -1.6746 0.2840
Car 0.0000 0 1.7210 555.9986 179.5825 601.8528 213.0939 1.4513 1.5847 4.0375 -1.4499 1.7899 34.1773 1.6783 0.2820
Car 0.0000 0 1.9084 552.4661 179.3162 613.8441 213.3467 1.4659 1.6132 4.1704 -1.2353 1.7922 34.1560 1.8719 0.2819
Car 0.0000 0 1.8436 552.3380 178.2018 607.8375 213.1991 1.5172 1.6088 3.9596 -1.3831 1.7855 34.0348 1.8027 0.2816
Car 0.0000 0 1.6256 553.0746 178.2576 592.3638 212.2211 1.4824 1.6367 4.2114 -1.7525 1.7552 34.2695 1.5743 0.2802
Car 0.0000 0 -1.0833 551.8555 179.0816 608.0267 208.5238 1.5151 1.6102 3.5966 -1.6494 1.8771 39.9295 -1.1249 0.2787
Car 0.0000 0 -1.3188 537.6436 177.7525 579.4397 204.0137 1.5577 1.6783 4.0915 -3.2421 1.8835 45.7662 -1.3896 0.2765
Car 0.0000 0 1.9791 552.7068 178.5487 617.4753 213.3390 1.4981 1.6008 3.9610 -1.1400 1.7829 33.9021 1.9451 0.2680
Car 0.0000 0 1.9491 553.1763 178.4999 616.5508 213.3010 1.4991 1.6136 4.0065 -1.1506 1.7819 33.9363 1.9149 0.2667
Car 0.0000 0 1.6434 531.4669 175.5150 554.7680 197.3349 1.6477 1.5561 3.8514 -5.2680 1.8650 56.8959 1.5511 0.2643
Car 0.0000 0 2.0044 552.9911 178.6046 618.4775 213.1462 1.4878 1.5996 3.8563 -1.1115 1.7746 33.8577 1.9713 0.2539
Car 0.0000 0 0.2235 554.4430 178.8562 657.5908 214.0076 1.5054 1.6730 4.4048 -0.1956 1.7880 32.6303 0.2170 0.2385
Car 0.0000 0 1.9013 554.7445 178.6935 613.8097 213.3483 1.4975 1.5889 3.9440 -1.1838 1.7902 34.0077 1.8661 0.2352
Car 0.0000 0 1.8536 552.6470 178.0755 609.5807 213.0201 1.5149 1.6362 3.9905 -1.3336 1.7771 34.0475 1.8142 0.2344
Car 0.0000 0 -0.4486 544.9562 179.5566 615.4437 208.2779 1.4924 1.6033 3.5345 -1.6711 1.8763 39.7472 -0.4909 0.2280
Car 0.0000 0 1.7240 552.2797 177.7390 598.9711 212.4126 1.5139 1.6147 4.0234 -1.6052 1.7597 34.1739 1.6768 0.2246
Car 0.0000 0 1.6824 553.2339 177.9475 596.6256 212.6700 1.5169 1.6155 4.0343 -1.6418 1.7731 34.1875 1.6342 0.2232
Car 0.0000 0 1.7463 552.3213 177.4740 600.8458 212.4747 1.5286 1.6201 4.0090 -1.5576 1.7611 34.1549 1.7005 0.2229
Car 0.0000 0 1.6285 531.3074 176.0170 553.3928 197.2536 1.6019 1.5179 3.8570 -5.3359 1.8606 56.9608 1.5352 0.2165
Car 0.0000 0 2.0899 551.3147 179.7396 627.1693 213.9582 1.4622 1.6670 4.2915 -0.9395 1.8092 34.0350 2.0619 0.2163
Car 0.0000 0 -0.9714 550.5095 178.9776 610.9781 208.6280 1.5117 1.6023 3.5200 -1.5925 1.8636 39.4941 -1.0120 0.2138
Pedestrian 0.0000 0 -1.0227 554.1976 174.7432 571.8212 208.3450 1.7792 0.6958 0.6720 -2.5559 1.8821 38.7129 -1.0887 0.2137
Car 0.0000 0 -0.0486 548.4012 177.8184 611.1461 207.3726 1.5616 1.5418 3.3452 -1.7112 1.8391 39.3531 -0.0923 0.2132
Car 0.0000 0 1.6224 533.7047 175.5940 555.9089 196.6865 1.5939 1.5513 3.8747 -5.1451 1.8182 56.9996 1.5324 0.2111
Car 0.0000 0 -0.4967 545.3211 179.1943 617.1018 208.2701 1.5133 1.6013 3.6419 -1.6145 1.8784 39.8782 -0.5374 0.2105
Car 0.0000 0 -1.5929 537.8665 177.9545 564.3084 203.9936 1.5452 1.5729 3.4995 -3.7655 1.8790 45.3498 -1.6757 0.2030
Car 0.0000 0 0.3937 552.7974 179.1570 655.3943 214.8077 1.4931 1.6777 4.2847 -0.3066 1.7899 32.3536 0.3836 0.1987
Car 0.0000 0 0.2078 553.0872 178.8698 657.9423 214.2570 1.5159 1.7144 4.4861 -0.2142 1.7990 32.6300 0.2006 0.1951
Car 0.0000 0 1.7691 551.5552 177.6340 601.5764 212.5106 1.5206 1.6090 3.9920 -1.5563 1.7610 34.1259 1.7233 0.1946
Car 0.0000 0 0.2550 553.7734 178.5404 656.3229 213.7632 1.5062 1.6720 4.3578 -0.2441 1.7743 32.6288 0.2469 0.1942
Car 0.0000 0 -0.3754 543.2438 178.4642 610.9510 208.2390 1.5556 1.5675 3.3753 -1.8441 1.8751 39.6306 -0.4221 0.1901
Car 0.0000 0 0.2874 553.9460 179.2052 655.6757 214.4043 1.4970 1.6692 4.2978 -0.2594 1.7965 32.5813 0.2789 0.1831
Pedestrian 0.0000 0 -0.9971 554.0363 174.3748 571.5580 208.2465 1.7943 0.6953 0.6533 -2.5677 1.8772 38.7151 -1.0634 0.1811
Car 0.0000 0 -2.7253 531.5556 178.5672 601.8701 207.9689 1.5415 1.5783 3.5258 -2.4117 1.8670 39.7061 -2.7860 0.1777
Car 0.0000 0 2.1148 555.8027 179.1615 629.6347 213.5701 1.4677 1.6276 3.9675 -0.7786 1.7811 33.6797 2.0913 0.1745
Car 0.0000 0 -1.4808 546.5692 177.3822 578.6388 203.8356 1.5705 1.6712 3.9655 -2.9788 1.8691 45.5216 -1.5462 0.1712
Car 0.0000 0 2.9715 541.5024 179.1785 608.4575 208.1868 1.5364 1.5951 3.4741 -1.9895 1.8964 39.8744 2.9214 0.1697
Car 0.0000 0 -0.1107 549.0249 179.4795 611.8329 208.2152 1.5113 1.5981 3.2733 -1.6767 1.8836 39.4641 -0.1534 0.1693
Car 0.0000 0 2.1089 554.1177 178.8412 628.1490 213.3164 1.4750 1.6152 4.0562 -0.8523 1.7737 33.7834 2.0832 0.1649
Car 0.0000 0 1.4578 545.2817 177.8515 589.8207 212.1793 1.4979 1.6400 4.1849 -2.1177 1.7513 34.3271 1.3961 0.1645
Car 0.0000 0 1.5999 534.4991 175.7584 555.7193 196.7564 1.5857 1.5604 3.8341 -5.1216 1.8233 56.9883 1.5103 0.1640
Car 0.0000 0 -1.4811 546.5872 177.8620 577.9340 203.7803 1.5372 1.6368 3.8285 -2.9997 1.8666 45.4714 -1.5470 0.1623
Car 0.0000 0 2.2518 547.6241 179.2705 629.5714 213.5881 1.4780 1.6752 4.0631 -0.9845 1.7995 33.9892 2.2225 0.1611
Car 0.0000 0 -0.3115 551.1389 179.9072 643.2515 213.1090 1.4475 1.6269 3.9636 -0.6414 1.7888 33.4678 -0.3311 0.1611
Car 0.0000 0 -0.3179 548.8900 180.2183 648.0819 213.8878 1.4641 1.6562 4.3048 -0.5793 1.8218 33.5158 -0.3357 0.1610
Car 0.0000 0 2.0890 553.6637 178.8350 627.1837 213.4239 1.4809 1.6270 4.1067 -0.8848 1.7800 33.8422 2.0624 0.1605
Car 0.0000 0 0.4132 551.1115 178.5294 657.3257 215.1707 1.5334 1.7140 4.4511 -0.3057 1.8015 32.3698 0.4032 0.1599
Car 0.0000 0 1.6176 530.9619 176.1443 552.5725 197.3958 1.6029 1.5216 3.8911 -5.3871 1.8723 57.0128 1.5234 0.1577
Car 0.0000 0 2.3608 546.0594 179.0398 631.5363 213.4712 1.4880 1.6474 4.0264 -0.9836 1.7967 33.9346 2.3315 0.1560
Car 0.0000 0 -0.4201 546.1970 180.3233 642.2650 213.6526 1.4503 1.6504 4.1876 -0.7673 1.8173 33.7747 -0.4433 0.1546
Car 0.0000 0 1.5620 533.5858 177.0002 554.5956 197.6350 1.5513 1.5994 3.9651 -5.2619 1.8917 57.1202 1.4702 0.1529
Car 0.0000 0 1.5352 552.0358 177.5617 589.9028 212.3290 1.5233 1.6393 4.0999 -1.9461 1.7613 34.3018 1.4784 0.1497
Car 0.0000 0 -0.3335 549.3953 180.1957 646.6367 213.7181 1.4565 1.6401 4.2087 -0.5988 1.8129 33.4965 -0.3519 0.1491
Car 0.0000 0 0.4195 552.2429 178.5880 654.4077 214.3718 1.4975 1.6594 4.2698 -0.3452 1.7674 32.3164 0.4082 0.1478
Car 0.0000 0 -0.4021 546.8759 179.1114 621.0510 208.7739 1.5423 1.6291 3.7388 -1.4650 1.9002 39.6925 -0.4393 0.1473
Car 0.0000 0 1.5733 552.5995 177.8613 588.7316 212.1137 1.5001 1.6125 4.0568 -1.9047 1.7526 34.2700 1.5177 0.1464
Car 0.0000 0 2.0758 553.2531 178.4695 623.4586 213.3084 1.4973 1.6340 3.8314 -0.9872 1.7765 33.7540 2.0462 0.1459
Car 0.0000 0 1.5957 534.5834 176.2928 556.0058 197.3091 1.5862 1.5937 3.9515 -5.1192 1.8685 57.1386 1.5064 0.1454
Car 0.0000 0 1.5237 534.5369 175.5585 556.6776 196.6981 1.5940 1.5582 3.7439 -5.1271 1.8149 56.8662 1.4338 0.1447
Car 0.0000 0 1.5548 536.1458 176.2870 557.5839 197.2181 1.5808 1.6247 4.0868 -5.0678 1.8638 57.3002 1.4666 0.1441
Car 0.0000 0 0.5058 552.8355 179.1522 653.1832 215.1091 1.4875 1.6561 4.1961 -0.3704 1.7838 32.1737 0.4937 0.1420
Car 0.0000 0 -1.2124 553.4799 179.3685 604.5743 208.6005 1.5062 1.6172 3.7823 -1.7036 1.8875 40.1369 -1.2551 0.1409
Car 0.0000 0 1.4064 523.8083 175.4782 551.3535 197.4073 1.6488 1.5487 3.8111 -5.7553 1.8631 56.7775 1.3054 0.1390
Car 0.0000 0 0.4609 551.0283 179.2764 645.8489 215.0533 1.5024 1.6623 3.9370 -0.5664 1.8060 32.4647 0.4430 0.1387
Car 0.0000 0 -1.4315 545.1108 177.1030 580.6936 203.9559 1.5916 1.6804 4.1835 -2.9583 1.8731 45.5924 -1.4964 0.1381
Car 0.0000 0 -0.4528 543.4330 179.8550 621.8004 208.5576 1.4962 1.6450 4.0414 -1.5452 1.9020 40.1074 -0.4916 0.1350
Car 0.0000 0 2.4677 544.1381 178.4372 631.7960 213.0815 1.5065 1.5790 4.0067 -1.0316 1.7838 33.8847 2.4369 0.1337
Car 0.0000 0 -0.0462 555.0446 178.8180 643.3455 212.7888 1.5005 1.6213 3.9605 -0.5681 1.7825 33.1323 -0.0638 0.1330
Car 0.0000 0 -1.5401 557.5231 177.1287 589.3413 208.0116 1.5897 1.6308 3.5082 -1.9936 1.8339 39.3979 -1.5908 0.1327
Car 0.0000 0 1.6083 551.0854 177.7901 587.5041 212.6266 1.5259 1.5764 3.9344 -1.9155 1.7735 34.1459 1.5521 0.1246
Car 0.0000 0 0.0432 555.1786 179.1395 652.1331 212.8220 1.4819 1.6626 4.3242 -0.2999 1.7774 32.9819 0.0335 0.1236
Car 0.0000 0 -1.4786 546.6791 178.0475 577.9660 203.7354 1.5224 1.6283 3.7640 -2.9940 1.8635 45.4326 -1.5445 0.1213
Car 0.0000 0 -0.3569 543.5120 179.0903 616.7465 208.0531 1.5271 1.6627 3.7281 -1.7007 1.8876 40.1749 -0.3995 0.1212
Car 0.0000 0 2.3172 550.3339 179.2852 634.0541 213.3423 1.4615 1.6345 4.0049 -0.8169 1.7812 33.7764 2.2926 0.1210
Car 0.0000 0 1.6199 551.5640 177.3874 589.2380 212.0896 1.5255 1.5931 3.9679 -1.8655 1.7534 34.2244 1.5653 0.1208
Car 0.0000 0 1.7959 550.5283 178.2739 600.2699 213.2254 1.5123 1.5554 3.6186 -1.6002 1.7804 33.7300 1.7483 0.1128
Car 0.0000 0 -0.1505 550.6272 179.6672 612.1497 208.2580 1.4982 1.5775 3.1534 -1.6182 1.8807 39.3945 -0.1918 0.1123
Car 0.0000 0 1.5557 532.0640 175.4482 552.9757 196.8878 1.6169 1.5785 3.6797 -5.3621 1.8284 56.7927 1.4616 0.1110
Car 0.0000 0 2.3041 550.0612 178.7485 632.5802 213.3973 1.4924 1.6136 3.9855 -0.8579 1.7856 33.8081 2.2784 0.1105
Car 0.0000 0 0.5099 549.6404 178.8902 654.8887 215.5046 1.5125 1.7090 4.4241 -0.4075 1.7973 32.2029 0.4967 0.1091
Pedestrian 0.0000 0 -0.0401 458.4216 179.4386 471.1778 213.7125 1.6450 0.6010 0.5849 -7.1101 1.9693 35.1287 -0.2388 0.1081
Car 0.0000 0 0.5176 551.1262 179.9108 652.9669 215.4951 1.4653 1.6809 4.2669 -0.4157 1.7977 32.1762 0.5041 0.1052
Car 0.0000 0 -2.7438 532.2261 178.2444 603.0934 207.5834 1.5481 1.6212 3.5655 -2.3699 1.8569 39.9247 -2.8032 0.1032
Car 0.0000 0 -1.5032 450.0700 171.8174 470.5396 189.0311 1.5919 1.6453 4.0003 -14.2660 1.4964 68.8174 -1.7071 0.1030
Car 0.0000 0 -1.5578 448.4402 171.5913 466.6300 189.1100 1.6179 1.6441 3.9984 -14.5201 1.5017 68.7554 -1.7654 0.1010
Car 0.0000 0 0.2823 550.0492 179.6538 641.1362 214.1993 1.4778 1.5807 3.8291 -0.6743 1.7974 32.6163 0.2612 0.1010
Car 0.0000 0 -0.1400 551.6819 179.0401 613.3814 207.9458 1.5184 1.5458 3.1791 -1.5558 1.8654 39.3903 -0.1798 0.0994
Car 0.0000 0 1.6117 531.8336 176.8159 553.1954 197.7810 1.5795 1.5270 3.9028 -5.3360 1.9043 57.0966 1.5185 0.0990
Car 0.0000 0 -0.3217 546.1956 180.1323 623.7494 210.0684 1.5565 1.6420 3.9457 -1.4163 1.9719 39.6820 -0.3577 0.0969
Car 0.0000 0 -0.0836 550.6925 179.6345 618.6893 208.6389 1.5236 1.5905 3.5853 -1.4441 1.9035 39.3756 -0.1205 0.0920
Car 0.0000 0 -1.6161 447.7004 171.7288 467.5692 189.1712 1.6099 1.6716 3.9630 -14.5542 1.5064 68.7236 -1.8243 0.0914
Car 0.0000 0 1.7796 482.7791 176.8548 508.2606 193.3643 1.4689 1.5686 3.8993 -10.6393 1.8527 67.1475 1.6227 0.0891
Car 0.0000 0 3.1747 540.9119 178.8804 606.0606 207.2772 1.5355 1.6293 3.5556 -2.0431 1.8789 40.2192 3.1238 0.0866
Pedestrian 0.0000 0 -0.5204 554.0291 175.2869 570.6663 209.7704 1.8177 0.6686 0.6387 -2.5836 1.9495 38.5496 -0.5874 0.0865
Car 0.0000 0 1.4940 526.6484 177.4942 550.9970 198.2814 1.5526 1.5952 4.1684 -5.6861 1.9340 57.0582 1.3948 0.0864
Car 0.0000 0 -1.6696 551.7806 178.0724 589.3463 210.2143 1.6171 1.6511 3.7590 -2.2089 1.9134 38.9287 -1.7264 0.0859
Car 0.0000 0 -0.7249 538.2687 178.5949 624.8877 212.7609 1.4923 1.6283 4.0338 -1.3363 1.7803 34.1623 -0.7643 0.0859
Pedestrian 0.0000 0 -0.3394 457.2338 179.0033 472.9111 213.6364 1.6595 0.6250 0.5729 -7.0972 1.9629 35.1340 -0.5377 0.0855
Car 0.0000 0 1.6858 480.4050 176.8531 502.1937 193.4279 1.4745 1.5674 3.8608 -11.0283 1.8577 67.1001 1.5232 0.0833
Car 0.0000 0 1.2756 530.3040 177.6027 589.1503 212.1308 1.5061 1.6313 4.1947 -2.4995 1.7473 34.3391 1.2030 0.0831
Car 0.0000 0 -1.5568 448.0405 172.4189 466.3382 189.4568 1.5735 1.6505 3.8208 -14.5351 1.5336 68.6659 -1.7649 0.0825
Car 0.0000 0 -0.0360 555.2098 179.2939 654.4290 213.1128 1.4900 1.6769 4.4377 -0.3030 1.7940 33.0825 -0.0457 0.0814
Car 0.0000 0 1.6345 559.6140 179.7252 602.7090 215.4659 1.4976 1.7245 3.8668 -1.2991 1.8303 32.9361 1.5948 0.0777
Car 0.0000 0 1.5823 535.3080 175.7303 556.0563 196.6806 1.5791 1.5747 3.7348 -5.0701 1.8137 56.8318 1.4934 0.0776
Car 0.0000 0 -2.4260 521.6174 178.8355 582.5891 204.1068 1.4935 1.5398 3.7002 -3.6770 1.8826 45.1687 -2.5073 0.0762
Car 0.0000 0 -1.4470 546.4498 178.2418 579.6020 203.4974 1.4939 1.6314 3.7741 -2.9480 1.8480 45.4342 -1.5118 0.0757
Car 0.0000 0 -2.6402 520.5365 178.4533 585.9946 204.1189 1.5333 1.6420 3.7707 -3.5944 1.8969 45.2878 -2.7195 0.0747
Car 0.0000 0 2.4634 541.3772 178.3387 628.4121 212.8604 1.5095 1.6158 3.9738 -1.1829 1.7833 34.0654 2.4284 0.0747
Car 0.0000 0 -1.5613 451.1135 172.0499 469.3686 189.1086 1.5773 1.6570 3.9821 -14.2824 1.5033 68.8268 -1.7654 0.0723
Car 0.0000 0 -1.6385 450.3129 172.3548 470.7405 189.5498 1.5899 1.6477 3.8566 -14.2922 1.5441 68.7905 -1.8429 0.0710
Car 0.0000 0 1.4131 523.7576 175.8085 550.9141 197.5605 1.6346 1.5377 3.8503 -5.7805 1.8761 56.8357 1.3119 0.0708
Car 0.0000 0 1.6605 536.3990 175.8095 561.7282 196.7565 1.5817 1.6429 4.0416 -4.8101 1.8241 57.0760 1.5764 0.0707
Car 0.0000 0 1.6576 554.3093 178.8195 597.0920 214.9441 1.5266 1.6422 3.6753 -1.5539 1.8151 32.9747 1.6103 0.0705
Car 0.0000 0 0.0490 555.1729 179.1200 649.3877 212.6102 1.4744 1.6392 4.2066 -0.3588 1.7691 32.9970 0.0376 0.0700
Car 0.0000 0 0.4844 552.1823 179.6275 652.1022 215.6403 1.4934 1.6753 4.1632 -0.4051 1.8124 32.2461 0.4713 0.0683
Car 0.0000 0 1.4197 524.1287 175.9199 550.8695 197.6255 1.6327 1.5258 3.8904 -5.7773 1.8838 56.9314 1.3186 0.0657
Pedestrian 0.0000 0 -3.5371 1024.2231 174.4563 1066.1801 258.8764 1.6746 0.5005 0.5759 8.7533 1.7081 14.6079 -3.0069 0.0654
Pedestrian 0.0000 0 -3.5989 1024.2816 173.4689 1066.3918 258.9477 1.6976 0.5226 0.5533 8.7583 1.7106 14.6115 -3.0686 0.0651
Car 0.0000 0 -0.0698 555.5292 179.3836 647.6074 212.7583 1.4693 1.6320 4.1202 -0.4677 1.7785 33.1360 -0.0844 0.0646
Car 0.0000 0 0.5235 552.4419 179.5274 647.9354 215.0378 1.4703 1.6402 3.9698 -0.4943 1.7839 32.1859 0.5076 0.0643
Car 0.0000 0 -1.5747 451.6962 173.0261 469.7523 190.1589 1.5820 1.6381 3.8510 -14.2415 1.5993 68.7174 -1.7786 0.0641
Car 0.0000 0 -0.0117 553.4625 178.8191 611.0810 207.7321 1.5250 1.5688 3.0720 -1.5528 1.8572 39.2737 -0.0515 0.0631
Car 0.0000 0 2.5182 546.3110 178.7128 635.1693 213.2760 1.4972 1.5963 3.9656 -0.9043 1.7862 33.7104 2.4910 0.0622
Car 0.0000 0 -1.2937 453.0248 178.6365 498.7255 207.0577 1.5572 1.6151 3.9708 -7.8596 1.9140 42.4197 -1.4762 0.0618
Car 0.0000 0 1.9720 483.0705 176.2718 514.6797 192.9416 1.4808 1.5352 3.8063 -10.2958 1.8080 66.9604 1.8197 0.0607
Car 0.0000 0 1.4194 539.9047 177.7707 587.1939 212.1581 1.4973 1.6096 4.2292 -2.3087 1.7466 34.2935 1.3521 0.0606
Car 0.0000 0 1.7053 480.0186 176.9452 502.2153 193.4170 1.4644 1.5345 3.8424 -11.0370 1.8560 67.0509 1.5425 0.0596
Car 0.0000 0 -0.1485 545.0812 180.7563 624.9375 208.7366 1.4886 1.6368 4.2552 -1.4524 1.9429 40.2540 -0.1849 0.0580
Car 0.0000 0 1.8790 484.3183 176.3570 513.8501 192.9817 1.4773 1.5860 3.9647 -10.2923 1.8134 67.0727 1.7270 0.0577
Car 0.0000 0 1.4930 477.6554 177.2695 497.9369 193.8201 1.4624 1.5549 3.8802 -11.3782 1.8850 66.9260 1.3249 0.0572
Car 0.0000 0 1.5695 538.3976 175.7333 559.4634 196.6679 1.5808 1.6030 3.8331 -4.8536 1.8166 57.0048 1.4846 0.0571
Car 0.0000 0 1.7637 479.1322 177.4672 503.6290 194.1286 1.4775 1.5368 3.8454 -11.0027 1.9187 67.0055 1.6012 0.0568
Car 0.0000 0 1.5412 478.9153 176.6487 497.2194 193.2077 1.4702 1.5604 3.8607 -11.3707 1.8339 67.0412 1.3735 0.0568
Car 0.0000 0 1.8548 481.5314 177.0204 509.1408 193.5430 1.4671 1.5246 3.8246 -10.6424 1.8662 67.0639 1.6977 0.0568
Car 0.0000 0 2.4546 538.5710 177.9946 625.5705 212.4484 1.5013 1.6304 3.9523 -1.3104 1.7572 33.9331 2.4158 0.0562
Car 0.0000 0 -1.4058 451.6744 171.7814 476.3199 188.9960 1.5961 1.6639 4.0613 -13.9363 1.4970 68.9558 -1.6047 0.0558
Car 0.0000 0 -0.0294 554.6001 178.3017 610.1072 207.7083 1.5516 1.5497 2.9609 -1.5611 1.8550 39.2671 -0.0694 0.0556
Car 0.0000 0 2.6472 547.9972 178.9732 638.7066 212.8261 1.4688 1.5834 3.9410 -0.7958 1.7680 33.5697 2.6231 0.0547
Cyclist 0.0000 0 -1.3318 562.1490 175.4780 580.4963 209.5440 1.8066 0.4924 2.2369 -2.1442 1.9551 39.5833 -1.3861 0.0546
Car 0.0000 0 -1.5774 455.0910 172.1042 473.2500 189.1483 1.5769 1.6511 3.9443 -13.9460 1.5079 68.8512 -1.7767 0.0532
Car 0.0000 0 1.7054 568.3547 179.3346 615.9002 215.1039 1.5068 1.6836 3.8384 -0.8002 1.8226 33.1179 1.6808 0.0522
Car 0.0000 0 -1.3820 544.2283 178.3168 581.3036 203.9261 1.5076 1.6450 3.7715 -2.9515 1.8658 45.2875 -1.4472 0.0519
Car 0.0000 0 1.6168 478.2888 176.2967 497.2573 193.1529 1.4996 1.5601 3.9303 -11.3540 1.8298 67.0698 1.4494 0.0513
Car 0.0000 0 1.4649 525.2326 176.9984 549.4410 198.2973 1.5998 1.4959 3.8946 -5.8003 1.9397 57.0530 1.3636 0.0512
Car 0.0000 0 0.5487 551.5038 179.5710 646.5287 215.4375 1.4854 1.6500 3.9651 -0.5502 1.8019 32.2379 0.5311 0.0508
Car 0.0000 0 1.9351 480.4474 177.3242 510.8175 194.0888 1.4845 1.5323 3.7981 -10.6000 1.9123 66.9785 1.7784 0.0505
Car 0.0000 0 -2.8752 525.9730 178.4136 590.1566 203.9538 1.5452 1.6580 3.7179 -3.2752 1.9039 45.3337 -2.9474 0.0504
Car 0.0000 0 2.1409 484.3093 176.8128 520.7662 193.5625 1.4821 1.5551 3.7649 -9.9390 1.8604 66.8403 1.9935 0.0482
Car 0.0000 0 1.5953 537.8195 175.4505 559.5151 196.6682 1.6017 1.6136 3.8937 -4.8359 1.8142 56.9458 1.5105 0.0482
Car 0.0000 0 -1.6846 453.2175 172.2362 475.2137 189.3622 1.5825 1.6296 3.8109 -13.9300 1.5258 68.7352 -1.8840 0.0477
Car 0.0000 0 2.9702 532.8107 178.2650 596.4648 203.8360 1.5489 1.6500 3.7760 -2.9069 1.8996 45.4702 2.9062 0.0472
Car 0.0000 0 1.1529 553.4434 180.1256 622.0963 216.6941 1.4907 1.6486 3.8332 -1.1009 1.8378 32.3225 1.1185 0.0463
Car 0.0000 0 1.4061 523.2697 175.5108 550.7611 197.3169 1.6348 1.5510 3.7195 -5.7786 1.8508 56.5759 1.3044 0.0457
Car 0.0000 0 0.0664 551.6144 178.8122 627.3240 209.1429 1.5991 1.6258 4.0219 -1.1148 1.9311 39.2740 0.0376 0.0455
Car 0.0000 0 -1.5714 557.1839 176.2111 590.1663 210.2930 1.7254 1.6874 3.8496 -1.9972 1.9158 38.8787 -1.6229 0.0438
Pedestrian 0.0000 0 -0.4894 457.2993 177.9179 473.6862 212.4696 1.6683 0.6316 0.5562 -7.1252 1.9199 35.3795 -0.6872 0.0431
Car 0.0000 0 1.3387 518.5847 175.7346 549.5972 197.7873 1.6540 1.5730 3.8680 -6.0288 1.8892 56.7435 1.2329 0.0430
Car 0.0000 0 2.0021 483.1253 176.9268 515.9321 193.7730 1.4910 1.5503 3.8250 -10.2257 1.8806 66.9028 1.8507 0.0426
Car 0.0000 0 2.1121 484.1263 176.0621 520.7137 192.9991 1.5032 1.5788 3.8900 -9.9607 1.8105 66.9302 1.9646 0.0424
Car 0.0000 0 1.5874 561.7816 178.3560 605.0187 219.7675 1.5885 1.6925 4.2201 -1.1278 1.8367 30.3671 1.5500 0.0417
Pedestrian 0.0000 0 0.6371 452.1169 179.3159 470.1332 213.6694 1.6467 0.6463 0.5916 -7.2910 1.9657 35.1579 0.4336 0.0407
Car 0.0000 0 2.9286 533.4659 178.0150 596.8374 203.7589 1.5482 1.6053 3.7039 -2.8524 1.8809 45.1799 2.8654 0.0379
Pedestrian 0.0000 0 0.8506 451.7105 178.8285 470.0657 213.3560 1.6546 0.6485 0.5893 -7.3042 1.9497 35.1607 0.6468 0.0374
Car 0.0000 0 -1.3927 455.1610 172.0730 480.1434 189.2867 1.5942 1.6625 3.9569 -13.5590 1.5222 68.8099 -1.5867 0.0373
Car 0.0000 0 1.5509 543.1489 177.8651 578.0219 212.2811 1.5034 1.5529 4.0448 -2.4267 1.7558 34.2075 1.4801 0.0372
Car 0.0000 0 0.0544 552.7228 178.6688 612.6288 207.8097 1.5403 1.5329 3.1790 -1.4914 1.8634 39.2444 0.0161 0.0370
Pedestrian 0.0000 0 0.1628 456.9006 174.8717 465.2125 194.1234 1.7813 0.8176 0.6352 -13.9029 1.9710 67.2691 -0.0405 0.0369
Car 0.0000 0 1.9437 479.5013 177.3771 510.5085 194.1691 1.4831 1.5343 3.8710 -10.6426 1.9157 66.8881 1.7862 0.0363
Car 0.0000 0 1.4599 476.4447 177.2544 497.9985 194.0041 1.4764 1.5467 3.8429 -11.4008 1.8964 66.7412 1.2911 0.0358
Car 0.0000 0 1.7438 478.7659 177.3994 502.5941 194.0949 1.4782 1.5394 3.8515 -11.0455 1.9120 66.8671 1.5804 0.0350
Car 0.0000 0 -1.2727 453.2600 171.6978 483.0676 189.1230 1.6151 1.6763 4.0646 -13.5390 1.5083 68.9846 -1.4660 0.0340
Car 0.0000 0 -1.7840 518.9232 176.9422 557.5363 203.9924 1.5958 1.6262 3.8511 -4.5783 1.8645 45.2760 -1.8846 0.0340
Cyclist 0.0000 0 1.3153 585.0514 177.6033 602.5970 208.0427 1.6581 0.5808 1.6557 -0.9507 1.9305 40.4506 1.2914 0.0333
Car 0.0000 0 2.7331 535.2536 177.8931 600.1568 203.5503 1.5209 1.5543 3.7214 -2.6581 1.8456 44.9028 2.6738 0.0327
Car 0.0000 0 1.3726 520.1153 175.8852 549.1770 197.6862 1.6388 1.5541 3.8040 -5.9947 1.8866 56.8530 1.2677 0.0326
Car 0.0000 0 1.3719 518.0861 176.9028 548.2274 198.1741 1.5946 1.5994 4.0370 -6.1391 1.9274 57.0772 1.2648 0.0322
Car 0.0000 0 1.5187 537.0690 175.9735 560.2310 196.9554 1.5772 1.6140 3.8612 -4.8888 1.8321 56.8595 1.4329 0.0311
Car 0.0000 0 1.3861 518.7996 175.7503 547.9551 197.3832 1.6210 1.5869 3.8877 -6.0811 1.8574 56.7132 1.2794 0.0310
Car 0.0000 0 1.3970 520.0892 176.1305 548.5648 197.8070 1.6286 1.5756 3.9215 -6.0306 1.8971 56.9454 1.2916 0.0308
Pedestrian 0.0000 0 0.1342 457.2426 174.9175 465.0835 194.0333 1.7689 0.7777 0.6177 -13.8918 1.9628 67.2622 -0.0690 0.0301
Car 0.0000 0 1.7816 473.3945 178.5017 505.1588 200.4022 1.5015 1.5191 3.7685 -8.7503 1.9268 52.3724 1.6165 0.0301
Car 0.0000 0 2.0137 482.9514 176.7415 516.0213 193.6066 1.4908 1.5313 3.8327 -10.2111 1.8621 66.7824 1.8622 0.0300
Car 0.0000 0 -1.3290 546.1266 177.5670 586.6935 203.6899 1.5461 1.6583 3.9595 -2.7338 1.8578 45.5565 -1.3891 0.0290
Car 0.0000 0 -0.4378 949.6420 182.5198 1205.7749 259.3789 1.5094 1.6486 4.3375 9.8141 1.7319 15.5088 0.1171 0.0286
Car 0.0000 0 2.1506 484.8385 177.1043 521.9480 193.8709 1.4788 1.5562 3.8232 -9.8444 1.8844 66.7422 2.0044 0.0284
Car 0.0000 0 1.3720 556.7335 180.6006 611.6853 217.5112 1.4962 1.6982 3.9190 -1.2573 1.8652 32.2327 1.3327 0.0283
Car 0.0000 0 0.1333 549.6138 179.0194 627.5344 208.5276 1.5384 1.6290 4.0369 -1.1634 1.8812 39.0580 0.1032 0.0283
Car 0.0000 0 -1.2932 546.2672 177.2155 588.3586 203.5487 1.5591 1.6467 3.8909 -2.6729 1.8470 45.4828 -1.3520 0.0272
Car 0.0000 0 -1.7592 519.2880 177.8273 555.7194 203.2730 1.4940 1.5994 3.6832 -4.6062 1.8192 45.1344 -1.8608 0.0271
Car 0.0000 0 1.6436 635.9203 182.5227 695.9890 235.1751 1.5065 1.6696 4.0004 1.8555 1.8502 23.5162 1.7205 0.0269
Car 0.0000 0 2.0333 562.6938 179.0139 632.6468 214.4063 1.4965 1.6665 3.9090 -0.5416 1.7999 33.3684 2.0166 0.0268
Car 0.0000 0 -0.4190 450.3168 172.0772 499.1126 189.7102 1.6270 1.6974 4.2272 -12.8400 1.5557 68.4732 -0.6040 0.0261
Pedestrian 0.0000 0 -3.5461 1034.2542 171.5933 1078.4792 258.5713 1.7240 0.5169 0.6029 8.9712 1.6994 14.5960 -3.0047 0.0258
Pedestrian 0.0000 0 -1.2088 636.2900 177.5389 664.4399 242.8080 1.7631 0.6004 0.6135 1.0715 1.8956 19.9469 -1.1570 0.0255
Pedestrian 0.0000 0 -2.1844 232.2013 183.6172 254.6209 218.7665 1.7910 0.7134 0.7956 -19.1247 2.3593 37.5706 -2.6527 0.0254
Car 0.0000 0 1.3036 513.6402 175.7456 547.8286 197.4621 1.6290 1.6538 4.0908 -6.3155 1.8662 56.9134 1.1932 0.0250
Pedestrian 0.0000 0 -3.4360 1035.1753 172.8430 1077.7262 258.4066 1.6928 0.5024 0.6081 8.9688 1.6929 14.5897 -2.8946 0.0249
Car 0.0000 0 1.4963 560.6308 176.8477 608.4406 218.1052 1.6210 1.7202 4.2991 -1.2030 1.8054 31.0114 1.4572 0.0248
Car 0.0000 0 1.5617 34.7987 196.5354 79.0276 233.3468 1.5691 1.6480 3.8416 -27.1594 2.7970 35.3776 0.9105 0.0242
Car 0.0000 0 1.4868 555.4084 180.6647 598.7082 217.7867 1.5263 1.6324 3.5657 -1.5659 1.8969 32.3279 1.4381 0.0239
Car 0.0000 0 -1.3098 546.4052 176.9559 588.6532 203.7524 1.5891 1.6896 4.0006 -2.6619 1.8606 45.5664 -1.3683 0.0237
Car 0.0000 0 -1.2382 545.9716 177.3545 590.6179 203.4171 1.5378 1.6481 3.8108 -2.6031 1.8338 45.3382 -1.2957 0.0236
Car 0.0000 0 1.7708 474.3292 180.0487 507.5346 201.1696 1.4370 1.5939 4.1656 -8.6672 1.9833 52.6374 1.6080 0.0233
Car 0.0000 0 -1.1653 453.9911 171.8214 487.8630 189.3463 1.6172 1.6988 4.0763 -13.2281 1.5223 68.7549 -1.3549 0.0232
Cyclist 0.0000 0 -0.1372 552.4909 175.7365 589.7021 209.8341 1.8158 0.6768 1.9348 -2.1441 1.9741 39.0248 -0.1922 0.0228
Car 0.0000 0 1.7482 529.8743 172.6585 558.6448 194.6015 1.7474 1.6501 4.2210 -5.4162 1.7322 59.6300 1.6577 0.0226
Car 0.0000 0 1.4779 475.1735 179.4332 495.6909 196.0983 1.4526 1.5150 3.8005 -11.5280 2.0781 66.5251 1.3066 0.0225
Car 0.0000 0 -0.4212 888.3826 182.4115 1139.2284 256.7043 1.4929 1.6948 4.4852 8.5949 1.7153 15.7558 0.0696 0.0223
Car 0.0000 0 0.0923 245.4581 171.9828 328.8665 199.1681 1.6118 1.6721 4.5373 -19.7653 1.5605 44.2950 -0.3254 0.0222
Pedestrian 0.0000 0 -2.2463 231.7139 183.7665 254.5340 219.0015 1.7948 0.7068 0.8115 -19.1255 2.3704 37.5436 -2.7149 0.0217
Car 0.0000 0 1.4248 519.8173 178.1887 547.6720 198.3518 1.5032 1.5945 4.2128 -6.1072 1.9431 57.2127 1.3185 0.0216
Car 0.0000 0 -0.3704 909.6226 178.7803 1177.1713 258.4118 1.5787 1.7683 4.6700 9.1577 1.7181 15.7037 0.1487 0.0213
Car 0.0000 0 -1.0648 544.1870 178.0042 597.8502 204.2008 1.5307 1.6448 3.9497 -2.4181 1.8685 45.1336 -1.1185 0.0210
Car 0.0000 0 2.7251 539.3983 177.8142 631.7704 212.0246 1.5330 1.7072 4.0675 -1.1975 1.7817 34.4655 2.6901 0.0210
Car 0.0000 0 1.9044 475.7339 179.8422 514.4846 201.1908 1.4528 1.5750 3.9684 -8.3485 1.9825 52.5595 1.7472 0.0209
Car 0.0000 0 1.7481 474.2413 179.9218 505.9024 201.3745 1.4590 1.5847 4.0215 -8.6978 1.9927 52.4233 1.5841 0.0207
Pedestrian 0.0000 0 -0.9206 635.4971 177.5662 665.4890 241.8236 1.7306 0.5756 0.6093 1.0708 1.8637 19.9094 -0.8686 0.0206
Pedestrian 0.0000 0 1.7204 638.1007 175.3529 662.6564 242.7993 1.8446 0.6036 0.5959 1.0819 1.9158 20.1089 1.7723 0.0204
Car 0.0000 0 1.3033 512.7869 175.5426 546.7994 197.5438 1.6497 1.6404 4.0684 -6.3802 1.8700 56.8304 1.1917 0.0202
Car 0.0000 0 1.4645 536.3010 176.0372 561.5500 196.9613 1.5744 1.5923 3.7141 -4.8678 1.8343 56.8632 1.3791 0.0201
Pedestrian 0.0000 0 2.1854 634.8510 175.4713 664.6659 242.5424 1.8290 0.6067 0.5813 1.0622 1.9039 20.1220 2.2364 0.0200
Car 0.0000 0 -1.8403 519.1268 176.8324 559.9049 203.5266 1.5767 1.6060 3.7197 -4.4929 1.8377 45.2422 -1.9392 0.0198
Pedestrian 0.0000 0 -2.5005 427.7483 170.6982 444.4739 201.0884 2.0399 0.6135 0.9172 -11.8120 1.8955 48.8908 -2.7367 0.0193
Pedestrian 0.0000 0 2.1227 644.8643 174.8914 674.3970 240.1855 1.7885 0.5902 0.6175 1.3445 1.8471 20.2096 2.1872 0.0187
Car 0.0000 0 -1.6891 453.2601 172.6208 475.8239 189.8795 1.5914 1.6437 3.9908 -13.8899 1.5703 68.6816 -1.8881 0.0186
Car 0.0000 0 0.0896 246.6682 173.4988 330.0866 200.0015 1.5718 1.7135 4.5523 -19.7391 1.6132 44.4072 -0.3267 0.0185
Car 0.0000 0 -0.4327 534.9862 177.8801 602.2963 203.2555 1.5067 1.5936 3.8914 -2.6076 1.8325 45.0997 -0.4906 0.0182
Car 0.0000 0 0.1401 247.0739 170.0754 328.4097 197.4453 1.6270 1.5957 4.3742 -19.7226 1.4622 44.2552 -0.2772 0.0180
Car 0.0000 0 1.6858 574.5328 178.6612 619.4254 214.0406 1.4776 1.5959 4.0371 -0.5735 1.7595 32.9024 1.6679 0.0178
Pedestrian 0.0000 0 2.8291 431.3093 170.6643 447.4145 200.3102 1.9848 0.5818 0.9260 -11.5700 1.8386 48.7931 2.5972 0.0178
Car 0.0000 0 -1.5625 458.9404 172.0580 477.2574 189.5177 1.6125 1.6640 3.9116 -13.5136 1.5394 68.7126 -1.7562 0.0175
Car 0.0000 0 0.1812 548.7313 179.1142 620.3299 208.9788 1.5585 1.5825 3.6574 -1.3919 1.9076 39.1388 0.1454 0.0174
Car 0.0000 0 3.2612 237.5760 172.8247 323.7035 199.7749 1.5944 1.6706 4.6293 -20.1100 1.5930 44.1759 2.8361 0.0173
Car 0.0000 0 0.1639 249.8604 172.0400 334.3514 198.1079 1.5568 1.7081 4.5474 -19.5477 1.5086 44.4757 -0.2483 0.0173
Car 0.0000 0 -1.2117 455.5182 171.8765 487.3848 189.5134 1.6268 1.6896 3.9713 -13.1606 1.5370 68.6508 -1.4007 0.0172
Cyclist 0.0000 0 1.6945 640.3924 179.6937 663.9327 243.5025 1.6933 0.4729 1.5610 1.1407 1.8922 20.1287 1.7493 0.0168
Cyclist 0.0000 0 0.0642 561.5774 175.8364 599.7131 209.8667 1.8225 0.6633 2.0252 -1.6169 1.9858 39.0557 0.0225 0.0162
Car 0.0000 0 -1.5554 518.2236 177.4399 546.0141 203.7420 1.5537 1.6618 3.8222 -4.8909 1.8545 45.2900 -1.6628 0.0161
Car 0.0000 0 0.1196 250.3246 174.2310 331.0878 202.1747 1.6642 1.7636 4.3839 -19.6850 1.7525 44.5947 -0.2941 0.0159
Cyclist 0.0000 0 1.7805 605.5435 177.0023 626.0580 224.7701 1.7121 0.4656 1.4865 0.1813 1.8708 26.7690 1.7864 0.0159
Cyclist 0.0000 0 1.7630 555.2397 177.3477 573.7745 213.9629 1.6201 0.5792 1.4456 -2.1032 1.8299 32.8622 1.6990 0.0159
Car 0.0000 0 0.1911 257.1056 172.3552 339.6558 198.4688 1.5679 1.6718 4.4485 -19.2263 1.5384 44.6099 -0.2139 0.0155
Car 0.0000 0 1.0760 1233.9032 183.2528 1242.0000 214.6462 1.5767 1.6308 3.9958 36.5273 2.1813 39.7871 1.8145 0.0155
Car 0.0000 0 0.2208 551.1729 178.3356 632.9210 208.2127 1.5440 1.6083 4.1576 -0.9826 1.8491 38.9154 0.1952 0.0152
Car 0.0000 0 2.9690 523.3827 175.8616 584.5430 199.6638 1.6421 1.7605 4.1083 -4.0414 1.8627 51.4821 2.8906 0.0151
Car 0.0000 0 1.9842 474.5205 177.9650 515.8849 199.9561 1.5048 1.5565 3.8327 -8.3135 1.8907 52.3735 1.8272 0.0151
Car 0.0000 0 1.3949 534.9100 176.2165 569.6505 200.7284 1.6176 1.6910 4.2999 -4.1167 1.8641 50.5361 1.3136 0.0148
Car 0.0000 0 -0.3528 539.1837 177.8038 607.3907 203.2464 1.5062 1.5889 3.9222 -2.3101 1.8242 44.7995 -0.4045 0.0146
Car 0.0000 0 0.1628 252.1748 175.1026 334.0787 202.0606 1.6062 1.7515 4.4099 -19.5462 1.7499 44.6105 -0.2482 0.0146
Car 0.0000 0 1.5989 474.1411 179.5019 497.8795 201.2250 1.4751 1.5864 3.9896 -8.9910 1.9771 52.3565 1.4293 0.0141
Cyclist 0.0000 0 -1.5398 607.5140 178.7772 620.8207 224.2418 1.6386 0.4550 1.4990 0.1192 1.8664 26.9559 -1.5362 0.0141
Cyclist 0.0000 0 -1.7623 457.5191 179.9214 471.4631 214.1340 1.6191 0.3897 1.4908 -7.1481 1.9720 35.2233 -1.9615 0.0140
Cyclist 0.0000 0 1.8500 553.9522 177.1453 574.1263 213.8497 1.6293 0.5207 1.5351 -2.1335 1.8309 33.0205 1.7854 0.0139
Car 0.0000 0 1.3825 533.4561 175.9932 569.4956 201.4409 1.6813 1.7260 4.3495 -4.1773 1.9118 50.5676 1.3001 0.0139
Car 0.0000 0 0.1645 247.7684 173.2333 332.4577 200.0020 1.5952 1.7234 4.5459 -19.6506 1.6197 44.4322 -0.2499 0.0138
Pedestrian 0.0000 0 0.2902 413.7820 179.1155 431.0069 208.2994 1.5865 0.4820 0.8108 -10.3265 1.9326 39.5865 0.0362 0.0137
Pedestrian 0.0000 0 -0.1547 338.6122 174.5286 350.9482 209.2861 1.8884 0.6873 0.5375 -14.6199 1.9818 39.6704 -0.5060 0.0134
Car 0.0000 0 1.4189 540.5150 177.8459 572.0099 201.2231 1.5353 1.6064 3.9560 -3.8205 1.8989 50.3930 1.3432 0.0134
Car 0.0000 0 -1.2666 505.9826 177.2592 548.2234 203.6134 1.5559 1.6203 3.6101 -5.1741 1.8438 45.1646 -1.3804 0.0133
Car 0.0000 0 1.3927 543.6636 177.1956 577.2056 200.9101 1.5609 1.6552 3.9561 -3.5304 1.8772 50.3869 1.3227 0.0133
Cyclist 0.0000 0 -1.0437 644.1926 180.5757 686.9243 241.8283 1.6558 0.4571 1.6318 1.5480 1.8843 20.5069 -0.9703 0.0133
Car 0.0000 0 1.4143 540.1655 177.8198 572.6601 201.6498 1.5668 1.6470 4.0684 -3.8208 1.9297 50.5107 1.3387 0.0132
Pedestrian 0.0000 0 -0.8571 335.8548 174.5011 353.5908 209.3188 1.8996 0.6854 0.6118 -14.6709 1.9918 39.8100 -1.2083 0.0129
Pedestrian 0.0000 0 1.1100 453.7540 178.9227 470.0115 213.5850 1.6750 0.6219 0.5041 -7.3040 1.9764 35.3915 0.9075 0.0128
Car 0.0000 0 -1.9172 517.1805 172.5367 559.9067 200.1027 1.9051 1.7041 4.3163 -5.2424 1.8835 52.1779 -2.0172 0.0128
Car 0.0000 0 -1.5437 517.3372 176.7963 545.5615 203.3677 1.5719 1.6577 3.7405 -4.9139 1.8297 45.1849 -1.6518 0.0126
Cyclist 0.0000 0 -1.5563 461.1559 179.4126 468.7469 213.6008 1.6271 0.3447 1.4480 -7.1444 1.9557 35.3659 -1.7547 0.0126
Car 0.0000 0 1.5894 534.0770 173.8193 554.5421 194.8649 1.6662 1.6045 4.0403 -5.4009 1.7488 59.3839 1.4988 0.0125
Car 0.0000 0 -1.9152 233.7436 0.0000 1044.6769 375.0000 1.5198 1.5867 3.6836 0.1839 1.5196 0.1077 -1.5106 0.0125
Car 0.0000 0 3.0054 512.1974 174.1343 568.2764 198.8318 1.7087 1.6728 3.7750 -5.0030 1.8023 51.2954 2.9083 0.0124
Pedestrian 0.0000 0 0.3755 414.3144 179.0359 431.6515 208.3777 1.5931 0.5113 0.7888 -10.2984 1.9354 39.6020 0.1223 0.0124
Pedestrian 0.0000 0 -2.7689 336.1552 173.9135 352.1906 208.1588 1.8727 0.6879 0.6228 -14.7056 1.9321 39.8266 -3.1208 0.0123
Car 0.0000 0 -1.9627 516.0142 173.0687 560.9880 200.0549 1.8592 1.7280 4.2519 -5.2292 1.8757 52.0243 -2.0628 0.0123
Car 0.0000 0 1.3957 535.1257 176.9389 569.7839 202.0929 1.6709 1.7056 4.3285 -4.1404 1.9730 50.9872 1.3147 0.0122
Car 0.0000 0 -1.8321 519.8999 177.2286 559.2497 203.1882 1.5340 1.5867 3.5470 -4.4846 1.8204 45.2282 -1.9308 0.0122
Car 0.0000 0 -1.8740 518.2301 171.4921 559.7900 200.0715 1.9785 1.7519 4.4226 -5.2250 1.8846 52.3258 -1.9734 0.0122
Car 0.0000 0 1.3063 556.7639 179.8965 617.3185 217.7252 1.5076 1.6823 3.8872 -1.1149 1.8374 31.6420 1.2707 0.0119
Car 0.0000 0 -1.0301 455.3557 171.3142 493.1552 189.5553 1.6783 1.7103 4.0090 -12.8756 1.5370 68.5612 -1.2153 0.0119
Car 0.0000 0 0.1803 259.8929 173.5165 342.0380 200.8411 1.6409 1.7383 4.4404 -19.1142 1.6835 44.7270 -0.2217 0.0119
Pedestrian 0.0000 0 -0.0751 338.5382 174.8218 350.3591 209.4755 1.8809 0.7105 0.5583 -14.6307 1.9906 39.6493 -0.4268 0.0117
Cyclist 0.0000 0 -1.1977 559.5833 175.6704 581.0228 209.3679 1.7762 0.5071 1.8996 -2.1791 1.9333 39.1745 -1.2534 0.0117
Car 0.0000 0 0.1786 262.3461 171.5923 344.7770 198.6419 1.6252 1.6816 4.4677 -18.9253 1.5498 44.6579 -0.2204 0.0117
Pedestrian 0.0000 0 -2.6666 234.3562 181.3591 258.0343 216.7323 1.8323 0.6422 0.9172 -19.1191 2.2827 37.8539 -3.1317 0.0116
Car 0.0000 0 1.4370 531.2609 176.5045 563.8740 201.7730 1.6871 1.7484 4.1898 -4.4883 1.9571 51.0534 1.3494 0.0116
Pedestrian 0.0000 0 -0.1068 409.1927 180.3697 425.3539 209.6843 1.5868 0.4900 0.8098 -10.6198 2.0037 39.6191 -0.3675 0.0113
Car 0.0000 0 -1.2785 536.1019 175.8353 572.1108 197.1413 1.5969 1.7485 4.0048 -4.3828 1.8409 56.8209 -1.3555 0.0112
Pedestrian 0.0000 0 -2.5896 229.5106 186.0102 252.8607 220.2145 1.7738 0.5674 0.9363 -19.4486 2.4726 37.9820 -3.0603 0.0111
Car 0.0000 0 0.1646 555.0753 179.0289 621.0925 207.3505 1.4803 1.5461 3.3725 -1.1999 1.8240 39.1324 0.1336 0.0110
Car 0.0000 0 1.2785 528.3121 177.8565 562.9519 197.9914 1.5259 1.5746 4.3997 -5.2560 1.9457 58.1717 1.1884 0.0109
Car 0.0000 0 1.4211 530.8564 174.5472 558.6003 195.1259 1.6136 1.6547 4.1851 -5.4120 1.7581 59.1715 1.3300 0.0108
Cyclist 0.0000 0 1.7264 638.8952 180.4157 663.5386 245.0998 1.7053 0.4531 1.5558 1.1082 1.9240 20.0168 1.7799 0.0108
Car 0.0000 0 0.4232 0.0000 0.0000 1242.0000 375.0000 1.6266 1.6777 4.0922 -4.6450 1.7317 0.3429 -1.0126 0.0107
Cyclist 0.0000 0 3.0741 552.0070 177.0765 584.7658 214.8685 1.6884 0.6419 1.4427 -1.9331 1.8827 32.7339 3.0149 0.0107
Cyclist 0.0000 0 -1.4368 57.9270 193.8584 71.1251 224.7855 1.7543 0.4075 1.6347 -32.4162 3.0255 42.8417 -2.0818 0.0105
Car 0.0000 0 -1.8927 522.3039 174.4049 563.5978 199.4274 1.7222 1.7315 4.1920 -4.9244 1.8397 52.2071 -1.9867 0.0104
Car 0.0000 0 0.1518 552.6653 177.3125 619.9656 207.0442 1.5578 1.5497 3.4487 -1.2921 1.8056 39.0671 0.1185 0.0103
Car 0.0000 0 1.7335 481.3222 177.1139 511.5003 199.5211 1.5450 1.5588 3.8780 -8.2418 1.8664 52.4307 1.5780 0.0103
Car 0.0000 0 1.1627 1238.1825 185.0711 1242.0000 217.0583 1.6042 1.7001 4.4051 37.2312 2.3277 40.3452 1.9039 0.0103
Car 0.0000 0 2.0399 471.5858 178.4944 516.0837 200.4276 1.4960 1.5953 3.9095 -8.4145 1.9225 52.3995 1.8811 0.0101
Pedestrian 0.0000 0 3.1556 232.3609 184.1485 252.4587 219.1612 1.8154 0.5360 0.9389 -19.4644 2.4199 38.1442 2.6862 0.0100
Car 0.0000 0 -2.9202 517.3225 175.0862 574.7726 199.1790 1.6771 1.7201 3.8032 -4.5722 1.8403 51.5326 -3.0086 0.0099
Car 0.0000 0 1.3856 555.7114 179.6336 608.7302 218.3666 1.5549 1.6561 3.7111 -1.3189 1.8715 31.6555 1.3437 0.0099
Car 0.0000 0 3.0309 501.1864 173.6758 563.4401 198.7419 1.7311 1.7231 4.2277 -5.5594 1.7913 51.2133 2.9230 0.0098
Car 0.0000 0 0.5385 0.0000 0.0000 1242.0000 375.0000 1.6106 1.6469 4.1443 -4.9832 1.7638 -0.1452 -1.0033 0.0097
Cyclist 0.0000 0 -0.9735 641.2975 181.5346 684.1736 242.1513 1.6284 0.4515 1.4840 1.4503 1.8818 20.3097 -0.9042 0.0096
Car 0.0000 0 -1.7594 530.4732 175.6780 565.3899 199.1325 1.6074 1.7313 4.3471 -4.5750 1.8217 52.3347 -1.8466 0.0095
Car 0.0000 0 0.1705 551.6511 178.0288 623.8990 207.3315 1.5280 1.5741 3.6935 -1.2119 1.8157 39.0234 0.1391 0.0095
Car 0.0000 0 1.5353 539.3942 177.4975 564.7720 200.8510 1.5869 1.6740 3.9421 -4.2271 1.9346 51.9006 1.4540 0.0094
Cyclist 0.0000 0 0.9652 542.9315 175.8164 570.8256 213.0914 1.6498 0.5802 1.3785 -2.4590 1.7876 32.7641 0.8903 0.0094
Pedestrian 0.0000 0 -1.8713 329.7161 173.0700 347.4064 208.6946 1.9354 0.7661 0.6053 -14.9627 1.9478 39.6762 -2.2300 0.0094
Cyclist 0.0000 0 -1.0322 551.9253 174.8319 576.7337 209.1823 1.8071 0.5975 1.6060 -2.4889 1.9165 38.9056 -1.0962 0.0094
Car 0.0000 0 0.1136 431.6004 175.6712 489.8659 197.9656 1.6045 1.6856 4.0425 -10.9932 1.8166 53.2039 -0.0895 0.0093
Car 0.0000 0 1.3908 528.7394 175.4699 564.9349 201.4996 1.7271 1.7746 4.3473 -4.5115 1.9196 50.6716 1.3020 0.0092
Car 0.0000 0 1.1118 1241.0049 182.2267 1242.0000 213.7858 1.5981 1.6309 3.9621 36.9785 2.1448 39.9295 1.8547 0.0092
Cyclist 0.0000 0 -1.5877 626.5992 176.2337 646.3605 244.5428 1.8005 0.5096 1.6192 0.6719 1.8979 19.9091 -1.5554 0.0091
Pedestrian 0.0000 0 2.7378 230.0158 183.7194 254.1152 218.8837 1.8147 0.5373 1.0049 -19.4811 2.3978 38.1360 2.2681 0.0090
Car 0.0000 0 2.1136 476.5232 178.7859 524.2162 200.7626 1.4962 1.6075 3.9668 -7.9421 1.9451 52.4168 1.9636 0.0090
Cyclist 0.0000 0 -1.6778 456.5406 178.4885 466.5547 212.2613 1.6115 0.3319 1.4068 -7.3239 1.8939 35.3874 -1.8808 0.0090
Pedestrian 0.0000 0 -1.7453 586.6215 176.1898 599.0056 207.5748 1.7355 0.5944 0.6092 -0.9980 1.9240 40.3308 -1.7704 0.0090
Car 0.0000 0 -1.6898 534.1652 173.9453 564.1617 198.3131 1.6973 1.7137 3.9521 -4.4956 1.7804 52.5535 -1.7751 0.0089
Car 0.0000 0 -2.8045 512.7815 174.5670 569.9713 198.6453 1.6743 1.6715 3.7300 -4.9225 1.8002 51.6086 -2.8996 0.0089
Cyclist 0.0000 0 1.1254 543.4276 175.5145 567.5347 214.6010 1.7262 0.5784 1.3111 -2.5159 1.8497 32.6727 1.0486 0.0089
Pedestrian 0.0000 0 0.5029 407.9258 180.5998 426.0096 209.9429 1.5901 0.4698 0.8360 -10.6286 2.0191 39.5987 0.2419 0.0089
Car 0.0000 0 1.8498 471.5959 177.9526 507.2958 200.0251 1.5092 1.5509 3.8448 -8.7137 1.8929 52.2525 1.6850 0.0089
Car 0.0000 0 1.8193 472.3966 178.3834 507.1210 200.3851 1.5010 1.5611 3.9343 -8.6925 1.9174 52.2649 1.6549 0.0088
Cyclist 0.0000 0 -0.9495 555.9955 174.3209 583.8929 208.9849 1.8252 0.6215 1.7183 -2.1881 1.9066 38.9575 -1.0058 0.0088
Car 0.0000 0 -1.8763 523.7576 173.8551 563.0318 199.0937 1.7484 1.6955 4.0366 -4.9017 1.8244 52.3439 -1.9696 0.0087
Car 0.0000 0 0.1896 265.7342 173.2903 349.6286 200.5166 1.6373 1.7345 4.5522 -18.7036 1.6655 44.7411 -0.2045 0.0087
Car 0.0000 0 -2.5644 514.2515 174.7769 572.7264 198.6576 1.6550 1.6688 3.9126 -4.8212 1.7982 51.9184 -2.6569 0.0087
Car 0.0000 0 -1.5028 539.2134 174.1935 566.1010 197.8848 1.6554 1.6889 4.0199 -4.1754 1.7573 52.6610 -1.5819 0.0086
Car 0.0000 0 -1.8777 523.5244 173.4893 563.7315 198.7444 1.7520 1.7194 4.1838 -4.8950 1.8005 52.4266 -1.9707 0.0086
Cyclist 0.0000 0 1.5049 432.2358 174.0119 442.3270 199.8842 1.7211 0.5502 1.7767 -11.7676 1.8016 49.0094 1.2701 0.0086
Car 0.0000 0 1.4540 557.1813 176.4542 608.7994 217.6917 1.6195 1.7178 4.1762 -1.2673 1.7851 30.9151 1.4127 0.0086
Car 0.0000 0 0.1147 246.6611 175.2726 326.4500 204.3113 1.7204 1.7370 4.3147 -19.8844 1.8747 44.4640 -0.3038 0.0085
Car 0.0000 0 1.6247 470.3891 177.7744 495.3191 200.1178 1.5215 1.5635 3.9047 -9.1670 1.8908 52.0587 1.4509 0.0085
Pedestrian 0.0000 0 -0.1080 638.3878 172.3568 652.3293 207.2764 1.8209 0.6459 0.6655 1.8210 1.7953 37.9646 -0.0610 0.0085
Car 0.0000 0 3.3441 255.9861 168.3560 341.4589 197.7764 1.7635 1.6973 4.5969 -19.1721 1.4942 44.5397 2.9396 0.0085
Car 0.0000 0 -1.6045 528.3923 173.7567 550.6086 195.7027 1.7397 1.6792 4.2031 -5.8744 1.8173 59.5686 -1.7027 0.0084
Car 0.0000 0 0.2310 267.3392 172.4461 348.0237 198.9691 1.6000 1.6349 4.3499 -18.6910 1.5757 44.6839 -0.1633 0.0084
Car 0.0000 0 1.4065 465.5484 179.1380 496.8266 200.9295 1.4708 1.5861 3.9970 -9.3618 1.9435 52.0837 1.2292 0.0083
Car 0.0000 0 0.8432 555.5099 177.0469 625.0031 208.7937 1.5627 1.5847 3.7001 -1.1124 1.7943 37.9009 0.8135 0.0083
Car 0.0000 0 -1.6484 535.4744 173.8725 563.3569 198.3096 1.7015 1.7142 3.9446 -4.4707 1.7789 52.4944 -1.7333 0.0083
Car 0.0000 0 -1.8573 522.2963 170.5225 563.6285 198.7582 1.9613 1.8055 4.4452 -4.9568 1.7997 52.5165 -1.9514 0.0082
Pedestrian 0.0000 0 0.7535 454.6045 178.9394 470.6052 213.9256 1.6913 0.6343 0.4600 -7.2696 1.9936 35.4049 0.5520 0.0082
Car 0.0000 0 1.8683 482.9267 179.1224 520.6000 200.7210 1.4738 1.5859 4.0963 -7.8718 1.9500 52.6204 1.7201 0.0082
Pedestrian 0.0000 0 0.0105 344.9995 172.3022 365.3586 228.2794 1.8546 0.5123 0.6389 -8.6050 1.8367 24.2482 -0.3275 0.0082
Car 0.0000 0 1.3547 532.6285 175.6099 571.1367 200.4354 1.6348 1.7816 4.3426 -4.1346 1.8364 50.3668 1.2728 0.0081
Car 0.0000 0 1.4014 465.3583 178.7656 496.8069 200.7126 1.4825 1.5756 4.0090 -9.3634 1.9269 52.0487 1.2239 0.0081
Pedestrian 0.0000 0 -0.6041 237.1608 181.6984 260.9572 217.2028 1.8398 0.5855 0.9664 -19.1586 2.3158 38.2324 -1.0661 0.0080
Pedestrian 0.0000 0 -1.2627 586.4052 176.7225 599.8124 207.7089 1.7129 0.6095 0.5572 -0.9776 1.9314 40.3245 -1.2874 0.0080
Car 0.0000 0 0.3498 0.0000 0.0000 1242.0000 375.0000 1.6751 1.6883 4.2150 -4.2387 1.7291 0.3065 -1.0818 0.0078
Car 0.0000 0 -1.5189 539.7120 174.0105 566.0229 197.9373 1.6710 1.7074 4.0470 -4.1580 1.7590 52.6302 -1.5977 0.0077
Car 0.0000 0 1.5725 438.8576 175.9027 462.6812 199.0170 1.6387 1.6737 4.0621 -11.9129 1.8759 53.8839 1.3556 0.0077
Cyclist 0.0000 0 1.1514 550.8720 177.6000 574.1710 215.2937 1.6610 0.5704 1.3016 -2.1975 1.8809 32.6787 1.0841 0.0077
Car 0.0000 0 1.4186 515.1973 178.0922 544.5438 198.7195 1.5399 1.6749 4.3305 -6.4315 1.9733 57.3439 1.3071 0.0076
Pedestrian 0.0000 0 -1.5093 412.9709 179.4974 423.0597 209.1040 1.6097 0.4972 0.6749 -10.6174 1.9798 39.7770 -1.7689 0.0076
Pedestrian 0.0000 0 0.1709 236.3695 182.7235 258.1526 217.0100 1.7857 0.5604 0.9491 -19.2438 2.3144 38.2154 -0.2931 0.0075
Car 0.0000 0 -1.5258 527.6842 172.9852 550.6241 195.1666 1.7649 1.6965 4.3072 -5.8437 1.7765 59.6297 -1.6234 0.0074
Car 0.0000 0 2.0702 494.6505 177.2494 551.6506 203.6285 1.5424 1.6975 4.3006 -5.4149 1.8326 45.2675 1.9514 0.0074
Pedestrian 0.0000 0 0.0787 637.8385 172.3122 652.1448 207.7128 1.8438 0.6471 0.7042 1.8063 1.8159 37.9426 0.1253 0.0073
Car 0.0000 0 1.2855 552.1020 178.0073 602.3053 209.8745 1.5695 1.6652 3.7288 -1.8260 1.8574 38.2263 1.2375 0.0073
Car 0.0000 0 1.9444 396.5794 175.8806 449.6491 204.4802 1.6508 1.6647 4.4068 -11.4616 1.8471 44.4185 1.6930 0.0073
Cyclist 0.0000 0 0.5621 542.2608 177.0669 574.1343 215.2059 1.6933 0.5905 1.3323 -2.3912 1.8881 32.7322 0.4892 0.0072
Car 0.0000 0 -1.6127 528.6498 174.2879 551.3369 195.6456 1.6869 1.6814 4.1929 -5.8249 1.8098 59.4726 -1.7102 0.0072
Car 0.0000 0 0.1623 270.1718 173.9153 350.5104 200.7484 1.6130 1.6815 4.3912 -18.5626 1.6812 44.7918 -0.2287 0.0072
Car 0.0000 0 1.6239 471.9259 178.5138 497.1049 200.6052 1.5023 1.5874 3.9130 -9.0614 1.9277 52.1440 1.4523 0.0072
Car 0.0000 0 1.1007 1241.3893 182.2094 1242.0000 213.4687 1.5877 1.6045 3.8056 36.9526 2.1322 39.9189 1.8434 0.0071
Car 0.0000 0 -1.4147 435.6435 174.9771 466.5229 198.5180 1.6842 1.6374 4.1361 -11.9003 1.8500 54.1126 -1.6305 0.0071
Car 0.0000 0 1.2946 514.1876 176.5105 550.1899 198.7466 1.6631 1.7044 4.3461 -6.2216 1.9645 57.0655 1.1861 0.0070
Car 0.0000 0 1.3668 536.6078 176.9244 574.0396 200.9259 1.5619 1.7225 4.4308 -3.8765 1.8584 50.1216 1.2896 0.0070
Car 0.0000 0 2.1929 483.5984 177.9392 537.0076 200.8536 1.5433 1.6912 4.1623 -7.1354 1.9247 51.8217 2.0563 0.0070
Car 0.0000 0 2.0511 483.7572 178.3806 529.6547 200.7727 1.5222 1.6197 4.0161 -7.4607 1.9396 52.2785 1.9096 0.0070
Car 0.0000 0 1.5638 544.1360 177.5466 567.4448 200.1103 1.5581 1.6348 3.9661 -4.0043 1.9147 52.7172 1.4879 0.0070
Pedestrian 0.0000 0 3.4268 229.2850 185.3017 252.9478 219.8318 1.7864 0.5923 0.9821 -19.4505 2.4487 37.9830 2.9560 0.0069
Car 0.0000 0 1.4090 464.7278 178.2149 495.8292 200.2671 1.4919 1.5826 3.9684 -9.4091 1.8944 51.9837 1.2305 0.0069
Car 0.0000 0 -1.6428 94.2893 0.0000 1141.1112 375.0000 1.4973 1.5916 3.6205 0.2041 1.5949 0.7043 -1.4548 0.0068
Car 0.0000 0 0.6993 0.0000 0.0000 1242.0000 375.0000 1.6103 1.6027 4.0842 -5.7946 1.7902 -0.2568 -0.8657 0.0067
Car 0.0000 0 1.7226 53.4437 192.5091 103.2715 225.9298 1.7075 1.7102 4.0579 -30.6399 2.9020 41.6375 1.0911 0.0066
Cyclist 0.0000 0 -1.3572 53.2194 190.7814 70.3323 224.0670 1.8908 0.4888 1.5333 -32.4256 2.9705 42.6418 -2.0045 0.0066
Car 0.0000 0 2.0939 477.8296 177.6226 524.6335 199.7361 1.5091 1.6040 3.9305 -7.8587 1.8690 52.2746 1.9450 0.0066
Car 0.0000 0 0.0662 273.5756 173.3012 352.9354 200.5212 1.6354 1.6950 4.4637 -18.4191 1.6645 44.9064 -0.3212 0.0066
Car 0.0000 0 -1.6525 534.8135 171.4414 563.8492 197.4196 1.8158 1.7689 4.1714 -4.4920 1.7174 52.6340 -1.7376 0.0064
Car 0.0000 0 2.0723 558.8459 180.1822 616.3704 210.4089 1.5336 1.6689 3.5051 -1.2141 1.9548 39.4874 2.0412 0.0064
Car 0.0000 0 1.6206 471.8863 177.8580 496.7195 200.2876 1.5278 1.5726 3.9544 -9.0728 1.9039 52.1200 1.4487 0.0064
Car 0.0000 0 2.0073 392.2170 175.3361 448.0831 205.6121 1.7330 1.6845 4.1467 -11.4979 1.8917 43.8478 1.7520 0.0063
Car 0.0000 0 1.6807 519.5246 179.4750 545.4088 199.4361 1.5029 1.6098 4.2398 -6.2035 2.0536 57.8531 1.5739 0.0062
Car 0.0000 0 2.0777 495.0723 176.8997 551.6124 203.9158 1.5878 1.7029 4.1997 -5.4153 1.8551 45.3476 1.9591 0.0062
Car 0.0000 0 2.0354 484.0284 176.9502 530.0818 199.4120 1.5266 1.6317 4.0817 -7.3984 1.8348 52.0302 1.8944 0.0061
Car 0.0000 0 1.7339 187.5076 188.9840 289.9698 258.2926 1.5057 1.6834 4.4054 -9.7209 1.9861 19.1207 1.2688 0.0061
Pedestrian 0.0000 0 0.3405 228.2015 182.5851 250.6614 218.7649 1.8539 0.7501 0.8392 -19.3557 2.3675 37.6261 -0.1320 0.0061
Car 0.0000 0 -1.6446 522.8345 173.9911 548.0422 195.6503 1.7106 1.7483 4.3166 -6.2068 1.8083 59.5000 -1.7484 0.0060
Car 0.0000 0 1.8684 563.1083 181.6518 610.7350 211.2380 1.4775 1.5876 3.6426 -1.2376 1.9795 39.1662 1.8365 0.0059
Car 0.0000 0 0.5875 50.9372 192.3403 136.6663 223.3226 1.7378 1.7461 3.7832 -30.4352 2.9130 42.5693 -0.0305 0.0059
Car 0.0000 0 1.0428 49.8308 194.6358 120.1158 225.1342 1.6238 1.6824 3.7086 -30.6698 2.9410 42.1007 0.4161 0.0059
Car 0.0000 0 2.1726 485.5687 178.5497 536.1664 201.1065 1.5229 1.6280 4.0056 -7.1166 1.9504 51.9539 2.0367 0.0058
Car 0.0000 0 1.2808 0.0000 0.0000 1242.0000 375.0000 1.6017 1.5047 3.8527 -5.8083 1.7077 -0.1051 -0.2583 0.0058
Car 0.0000 0 1.9412 561.2903 181.3649 614.8209 211.8718 1.5379 1.7195 3.6720 -1.1840 2.0282 39.5143 1.9108 0.0057
Car 0.0000 0 0.6302 53.0504 192.7753 133.2987 223.5812 1.7292 1.7604 3.4831 -30.4751 2.9296 42.5628 0.0116 0.0057
Car 0.0000 0 -2.8271 506.1511 174.2979 567.1010 199.1371 1.7291 1.7072 4.0081 -5.2614 1.8353 51.6286 -2.9285 0.0057
Car 0.0000 0 0.8405 0.0000 0.0000 1242.0000 375.0000 1.5978 1.6366 4.0729 -6.1694 1.7427 -0.2543 -0.7246 0.0057
Car 0.0000 0 2.1079 0.0456 195.9671 74.0024 226.1968 1.5246 1.7215 3.5473 -32.5928 2.9021 41.1177 1.4406 0.0057
Car 0.0000 0 1.9584 392.8251 175.4300 447.4913 205.2014 1.7086 1.7186 4.3181 -11.5469 1.8743 44.0504 1.7032 0.0057
Car 0.0000 0 -1.2231 436.7474 175.8370 476.7321 198.7830 1.6310 1.6574 4.0025 -11.4299 1.8629 53.9251 -1.4313 0.0056
Car 0.0000 0 0.4916 0.0000 0.0000 1242.0000 375.0000 1.6235 1.5944 4.0653 -5.3278 1.8136 -0.1806 -1.0586 0.0056
Car 0.0000 0 -1.6653 429.6349 176.4196 468.5600 208.0041 1.7305 1.8023 4.6835 -9.5871 1.9538 42.6015 -1.8858 0.0055
Car 0.0000 0 -1.3885 540.1193 173.3409 574.1933 197.9428 1.7212 1.7523 4.2061 -3.8441 1.7587 52.7517 -1.4613 0.0055
Car 0.0000 0 1.5734 436.8111 180.0047 458.7849 201.6219 1.4671 1.4975 3.5780 -11.7425 2.0031 52.1376 1.3526 0.0055
Car 0.0000 0 2.1893 482.2365 177.8474 532.9358 199.9173 1.5030 1.6224 3.9900 -7.3956 1.8798 52.2508 2.0490 0.0054
Car 0.0000 0 2.2709 410.7899 179.1263 472.7298 203.8971 1.4929 1.6658 4.0935 -10.8823 1.9193 46.8000 2.0433 0.0054
Car 0.0000 0 -1.5085 539.5519 171.2671 567.4302 196.5653 1.7757 1.7726 4.2754 -4.1208 1.6646 52.7924 -1.5864 0.0054
Car 0.0000 0 -2.4702 510.7644 173.6643 569.7849 198.7477 1.7417 1.7101 4.0509 -5.0723 1.8026 52.0348 -2.5673 0.0054
Car 0.0000 0 1.9295 393.8819 175.3562 447.0993 205.3750 1.7206 1.6943 4.4125 -11.5166 1.8815 44.0159 1.6747 0.0054
Car 0.0000 0 -2.8913 0.0000 0.0000 1242.0000 375.0000 1.6224 1.6715 4.0154 3.8468 1.5980 -0.1573 -1.3553 0.0054
Car 0.0000 0 1.3132 523.9284 174.4112 555.9347 194.6249 1.5891 1.6296 4.0616 -5.8133 1.7221 59.2464 1.2154 0.0053
Car 0.0000 0 2.1289 408.2006 179.8415 460.7345 204.0203 1.4467 1.5949 3.6259 -11.2376 1.9143 46.2802 1.8916 0.0053
Car 0.0000 0 1.3183 524.9431 178.7856 559.2054 199.1819 1.5280 1.6205 4.6578 -5.5257 2.0250 57.9512 1.2233 0.0053
Car 0.0000 0 1.6306 433.7211 178.6354 458.7866 200.6095 1.5040 1.5775 3.0566 -11.7735 1.9331 51.8775 1.4082 0.0053
Car 0.0000 0 -1.3423 60.2152 193.8725 114.3970 224.4099 1.6205 1.7712 4.0215 -31.4693 2.9522 43.5061 -1.9658 0.0052
Car 0.0000 0 0.0910 271.8503 174.3830 349.7691 201.0700 1.6006 1.6949 4.3404 -18.5692 1.6992 44.8901 -0.2994 0.0052
Car 0.0000 0 3.2614 299.9753 179.0577 387.0313 210.5831 1.5367 1.7861 4.0030 -13.6307 1.8668 37.0183 2.9105 0.0052
Car 0.0000 0 0.6652 51.7308 193.7557 135.0001 224.3484 1.7075 1.7465 3.7077 -30.4492 2.9680 42.5390 0.0467 0.0052
Car 0.0000 0 1.0204 50.8847 192.7658 124.6760 225.3747 1.7450 1.7947 3.7478 -30.4686 2.9488 42.0551 0.3963 0.0051
Car 0.0000 0 1.4646 59.3737 193.4713 106.2795 227.4991 1.7532 1.7991 3.7892 -30.4678 3.0002 41.6155 0.8355 0.0050
Car 0.0000 0 3.1136 0.0000 196.0221 62.3591 228.8982 1.6519 1.8367 3.5874 -33.2804 3.0206 40.7463 2.4318 0.0050
Car 0.0000 0 3.2497 0.0000 196.0260 60.6854 228.6627 1.6522 1.8455 3.6475 -33.4703 3.0197 40.8006 2.5657 0.0050
Car 0.0000 0 3.3330 0.0000 194.4019 62.9203 226.4908 1.6407 1.7956 3.8333 -33.5745 2.9124 40.8695 2.6483 0.0050
Car 0.0000 0 1.4442 556.7979 177.8844 610.7699 218.0916 1.5749 1.7642 4.4470 -1.2504 1.8090 31.1836 1.4038 0.0050
Car 0.0000 0 3.4260 0.0000 197.8104 63.2874 228.4212 1.5848 1.7394 3.7846 -33.9720 3.0702 41.3969 2.7418 0.0049
Car 0.0000 0 -2.9061 0.0000 0.0000 1242.0000 375.0000 1.7109 1.6876 4.1764 3.8576 1.5722 0.8598 -1.6261 0.0049
Car 0.0000 0 0.1018 60.0366 193.0884 144.5736 224.2239 1.6957 1.7527 3.9869 -30.3886 2.9585 43.2826 -0.5076 0.0049
Car 0.0000 0 3.5049 0.0000 196.6813 64.0513 228.0136 1.6343 1.8154 3.7358 -33.8601 3.0461 41.2880 2.8210 0.0049
Car 0.0000 0 -0.3083 55.6199 189.3962 152.5151 222.3859 1.7700 1.7912 4.4318 -30.3319 2.8165 43.3238 -0.9164 0.0049
Car 0.0000 0 0.9663 552.4536 176.7182 616.3394 208.3249 1.5538 1.5646 3.6181 -1.4235 1.7672 37.8551 0.9285 0.0049
Car 0.0000 0 3.2502 0.0000 196.0626 61.0016 227.3004 1.5800 1.7467 3.8704 -33.6882 2.9546 40.9355 2.5646 0.0049
Car 0.0000 0 1.7380 56.0922 193.3689 109.9273 225.4182 1.6617 1.8512 4.5060 -31.3124 2.9523 42.9472 1.1108 0.0049
Car 0.0000 0 1.7385 44.9341 194.3531 98.9182 229.4951 1.7657 1.8181 3.9639 -30.6015 3.0556 41.0955 1.1013 0.0049
Pedestrian 0.0000 0 0.2296 342.1019 171.5394 367.9338 227.8344 1.8684 0.5008 0.7229 -8.6043 1.8251 24.2324 -0.1086 0.0048
Car 0.0000 0 2.2914 410.1965 178.6956 473.1971 203.5110 1.4957 1.6614 4.1299 -10.8722 1.8924 46.7407 2.0637 0.0047
Pedestrian 0.0000 0 0.8066 226.1858 181.6128 251.4465 218.8037 1.9000 0.7607 0.8990 -19.3796 2.3630 37.6045 0.3333 0.0047
Car 0.0000 0 1.6056 622.0069 168.3539 652.9169 197.2325 1.7777 1.8533 4.1782 1.7842 1.5011 46.5647 1.6432 0.0047
Pedestrian 0.0000 0 0.4738 410.5922 180.1965 425.8692 209.2997 1.5875 0.4748 0.6722 -10.6158 1.9961 39.8122 0.2145 0.0047
Car 0.0000 0 2.2458 410.4099 179.2687 468.4127 203.7125 1.4677 1.5505 3.8827 -10.9691 1.9000 46.5016 2.0151 0.0047
Car 0.0000 0 3.1865 0.0000 196.4068 64.3208 226.3970 1.5263 1.7315 3.9034 -33.8732 2.9418 41.4919 2.5049 0.0047
Car 0.0000 0 2.0368 391.1686 174.9722 449.9407 205.5601 1.7547 1.7265 4.2687 -11.5010 1.8908 43.9711 1.7821 0.0046
Car 0.0000 0 2.3519 414.6299 178.6128 476.8425 203.2417 1.4951 1.5845 4.0020 -10.6552 1.8868 46.9056 2.1294 0.0046
Car 0.0000 0 2.0304 387.3180 175.1953 448.1932 205.8618 1.7551 1.7448 4.5631 -11.6885 1.9063 44.0698 1.7723 0.0046
Car 0.0000 0 2.1796 409.4338 179.4686 466.7390 203.8750 1.4657 1.6721 3.8940 -11.0739 1.9126 46.5942 1.9471 0.0046
Car 0.0000 0 0.1286 539.2556 177.5068 610.9119 203.4711 1.5473 1.6656 4.2222 -2.1464 1.8402 44.3538 0.0800 0.0045
Car 0.0000 0 1.6711 421.3385 175.6149 459.9826 206.3972 1.7658 1.8712 4.3076 -10.3108 1.9433 44.0477 1.4421 0.0045
Car 0.0000 0 1.4576 416.8417 174.7043 452.9725 203.7941 1.6765 1.7041 3.9306 -10.7476 1.7951 43.9907 1.2190 0.0045
Car 0.0000 0 -1.3699 429.0003 175.0842 464.6631 200.1696 1.7955 1.7935 4.2722 -12.2259 1.9700 54.1780 -1.5911 0.0045
Car 0.0000 0 2.3699 413.2594 177.7602 476.8163 203.0948 1.5392 1.6045 4.0442 -10.6744 1.8722 46.7924 2.1465 0.0044
Car 0.0000 0 2.0728 388.1841 174.4660 450.2440 205.6984 1.7909 1.8210 4.2606 -11.5610 1.8944 43.8951 1.8164 0.0044
Car 0.0000 0 2.1235 409.6551 179.0079 467.0614 204.3663 1.5253 1.7435 4.0494 -11.0662 1.9424 46.6605 1.8915 0.0044
Car 0.0000 0 1.0271 53.4331 194.6664 123.4356 224.1920 1.5900 1.6712 3.7152 -30.8016 2.9225 42.5642 0.4034 0.0044
Car 0.0000 0 1.8598 50.4734 195.3333 112.6551 227.1665 1.6200 1.8361 4.0512 -30.7462 3.0000 42.0625 1.2314 0.0044
Cyclist 0.0000 0 -2.8332 574.9071 174.7957 609.0076 206.3773 1.7385 0.6183 1.8031 -1.0427 1.8488 40.3306 -2.8595 0.0043
Car 0.0000 0 1.8524 51.8322 194.6774 108.7830 224.1676 1.5656 1.6990 4.1282 -32.1258 2.9592 43.8333 1.2226 0.0043
Car 0.0000 0 -1.7153 520.4410 174.2923 548.7912 195.6737 1.6899 1.7450 4.1281 -6.2791 1.8133 59.5369 -1.8203 0.0043
Car 0.0000 0 -0.4661 58.8048 193.6666 138.0203 224.7482 1.6794 1.6378 3.5422 -30.8408 2.9918 43.5389 -1.0797 0.0042
Car 0.0000 0 -0.3463 55.6479 191.4817 142.1016 223.7053 1.7302 1.7303 3.8712 -30.5912 2.9003 43.2267 -0.9595 0.0042
Car 0.0000 0 -1.1013 382.4729 181.7402 456.6186 223.5107 1.5130 1.5607 3.1947 -7.5191 1.8868 28.5943 -1.3567 0.0042
Car 0.0000 0 -2.9201 0.0000 0.0000 1242.0000 375.0000 1.5988 1.6516 3.9994 3.8593 1.5535 -0.0332 -1.4160 0.0042
Car 0.0000 0 1.6461 53.4158 193.1964 99.4544 227.8931 1.7574 1.8067 4.1296 -30.5714 2.9876 41.3883 1.0127 0.0041
Car 0.0000 0 3.6103 0.0000 195.6251 71.5577 224.5626 1.5568 1.7401 3.5452 -33.7990 2.9193 41.9438 2.9350 0.0041
Car 0.0000 0 -0.0162 64.1334 195.2558 142.5860 225.8890 1.6508 1.7445 3.7970 -30.4342 3.0538 43.3581 -0.6255 0.0040
Car 0.0000 0 1.4672 559.7314 175.8428 611.6956 217.8412 1.6453 1.7558 4.4417 -1.1564 1.7834 30.9172 1.4295 0.0040
Car 0.0000 0 -0.3080 59.0621 193.0875 145.3445 224.7983 1.7024 1.6951 3.9226 -30.5530 2.9795 43.4519 -0.9182 0.0040
Car 0.0000 0 -0.7695 52.1887 192.0410 131.6292 223.3322 1.6840 1.7784 3.6505 -30.9525 2.8847 43.1829 -1.3887 0.0040
Car 0.0000 0 0.1124 60.0432 192.4972 141.1710 224.3602 1.7366 1.7134 3.7807 -30.3145 2.9533 43.0211 -0.4988 0.0039
Car 0.0000 0 -2.8225 0.0000 0.0000 1242.0000 375.0000 1.5792 1.6096 3.9218 3.2462 1.6692 -0.1272 -1.3024 0.0039
Cyclist 0.0000 0 -0.1789 551.7415 174.8965 591.1270 214.5344 1.7683 0.6681 1.6933 -1.7946 1.8629 32.7610 -0.2338 0.0039
Car 0.0000 0 -2.3456 0.0000 197.5434 68.4851 227.1225 1.5940 1.8205 3.9381 -34.0532 3.0671 41.9041 -3.0251 0.0039
Car 0.0000 0 3.5408 0.0000 195.2154 67.1810 228.0747 1.7197 1.9459 3.6389 -33.5625 3.0404 41.1610 2.8597 0.0039
Car 0.0000 0 2.3390 416.2993 178.6910 477.6584 203.3067 1.4996 1.5839 3.9786 -10.6110 1.8978 47.0663 2.1181 0.0038
Cyclist 0.0000 0 -1.5171 455.3031 179.3230 466.1837 214.8755 1.6855 0.4434 1.4609 -7.3219 2.0086 35.2353 -1.7210 0.0038
Car 0.0000 0 0.8989 1240.3389 180.5392 1242.0000 214.6929 1.8057 1.5872 4.1340 38.4680 2.2677 41.2197 1.6457 0.0038
Car 0.0000 0 3.5667 0.0000 194.8653 73.6544 227.7915 1.7292 1.9058 3.6621 -33.1556 3.0258 41.1097 2.8910 0.0038
Car 0.0000 0 -2.8157 0.0000 0.0000 1242.0000 375.0000 1.5326 1.5860 3.7511 3.2487 1.6445 0.0500 -1.3499 0.0038
Car 0.0000 0 2.2429 400.0626 177.5824 458.5427 204.0949 1.5805 1.6597 3.6905 -11.4374 1.8940 45.7563 1.9989 0.0037
Car 0.0000 0 -1.2829 420.7198 175.6821 460.9839 200.2052 1.7464 1.7434 4.4738 -12.6708 1.9682 54.1930 -1.5118 0.0037
Car 0.0000 0 1.0806 552.0282 178.0396 614.2937 209.8361 1.5577 1.6338 3.9041 -1.5097 1.8472 38.1269 1.0408 0.0037
Car 0.0000 0 0.0145 63.5538 193.9462 136.0237 225.3572 1.7036 1.6851 3.4753 -30.4121 3.0115 43.0530 -0.5978 0.0037
Car 0.0000 0 -0.7422 43.8769 193.3254 133.1196 224.3806 1.6088 1.6988 4.2275 -30.6923 2.8809 42.5777 -1.3640 0.0037
Car 0.0000 0 -0.0004 63.3534 194.8127 139.2800 225.5366 1.6639 1.7295 3.6687 -30.5396 3.0372 43.3505 -0.6115 0.0037
Car 0.0000 0 -2.9444 0.0000 0.0000 1242.0000 375.0000 1.6094 1.5023 3.9890 4.1981 1.6125 0.7595 -1.6196 0.0037
Cyclist 0.0000 0 -0.1920 550.8987 173.5446 582.2263 207.4753 1.8012 0.6006 1.5965 -2.3748 1.8392 38.8111 -0.2533 0.0036
Car 0.0000 0 -1.3667 430.7374 176.7058 478.0255 207.8080 1.7148 1.8035 4.7810 -9.1802 1.9563 42.7697 -1.5773 0.0036
Cyclist 0.0000 0 -0.1792 551.9075 175.5537 586.4667 209.3608 1.7873 0.6570 1.7640 -2.2311 1.9347 38.7546 -0.2368 0.0035
Pedestrian 0.0000 0 1.2935 586.6150 175.6116 600.2448 207.3442 1.7393 0.6018 0.6428 -0.9564 1.8941 40.0112 1.2692 0.0035
Car 0.0000 0 1.5498 65.0145 195.1063 104.2130 229.4878 1.7541 1.7515 3.9155 -30.3579 3.1021 41.6035 0.9223 0.0035
Car 0.0000 0 1.2455 0.0000 0.0000 1242.0000 375.0000 1.5400 1.5005 3.8939 -6.3532 1.7167 -0.1330 -0.3007 0.0034
Car 0.0000 0 0.8630 1239.1464 181.1529 1242.0000 216.2461 1.8424 1.5921 4.3512 38.4611 2.3412 41.1268 1.6109 0.0033
Car 0.0000 0 1.5061 618.6634 167.9493 651.1493 196.9855 1.7899 1.8140 4.2734 1.5313 1.4879 46.6413 1.5383 0.0033
Car 0.0000 0 1.9897 50.4431 195.3044 115.4956 224.6384 1.5722 1.6928 4.0816 -32.1959 3.0143 44.1644 1.3625 0.0033
Car 0.0000 0 -1.1611 1133.6383 190.8893 1242.0000 266.0112 1.4621 1.6552 4.3091 14.1065 1.9192 16.5656 -0.4651 0.0033
Cyclist 0.0000 0 -2.9345 0.0000 0.0000 1242.0000 375.0000 1.7201 0.4630 1.6600 5.8298 1.6713 0.6608 -1.5261 0.0033
Car 0.0000 0 1.9148 413.7569 178.6538 458.7143 204.0833 1.5421 1.6207 3.8531 -11.2147 1.9338 46.6715 1.6799 0.0033
Car 0.0000 0 0.8841 1235.6885 183.0058 1242.0000 217.9964 1.7701 1.7961 4.7041 37.7461 2.3712 40.2956 1.6327 0.0033
Car 0.0000 0 -2.6040 0.0000 0.0000 1176.1139 375.0000 1.7161 1.7317 4.9952 2.4840 1.7316 1.4914 -1.6589 0.0033
Car 0.0000 0 1.4660 56.9456 187.7837 111.0439 229.4045 1.9737 1.8664 4.3726 -27.8340 2.8085 38.0764 0.8379 0.0032
Cyclist 0.0000 0 -3.2024 0.0000 0.0000 1242.0000 375.0000 1.7617 0.4835 1.5380 5.3839 1.7078 0.5262 -1.7829 0.0032
Car 0.0000 0 0.9396 1237.0653 181.8900 1242.0000 216.1090 1.8044 1.5945 4.3687 38.5441 2.3528 41.4986 1.6841 0.0032
Car 0.0000 0 -1.4737 426.2663 175.7472 456.6591 200.6423 1.7785 1.8204 4.2713 -12.6639 2.0056 54.3012 -1.7021 0.0032
Car 0.0000 0 -2.7090 0.0000 0.0000 1242.0000 375.0000 1.6241 1.6325 4.1493 3.2115 1.6726 0.7248 -1.4460 0.0032
Car 0.0000 0 0.0591 62.7831 193.4026 136.7778 224.9964 1.7182 1.6842 3.5043 -30.3610 2.9900 43.0041 -0.5530 0.0032
Pedestrian 0.0000 0 1.7655 52.3726 192.3390 68.1935 226.5470 1.9640 0.6157 0.6933 -32.3172 3.1208 42.3774 1.1169 0.0031
Car 0.0000 0 1.4453 413.3690 179.0108 446.2210 204.0307 1.5135 1.6289 3.4813 -11.6768 1.9270 46.5040 1.2003 0.0031
Car 0.0000 0 1.6716 54.2153 196.4318 100.3641 229.4004 1.6559 1.7323 3.9676 -30.5789 3.0815 41.4616 1.0390 0.0031
Car 0.0000 0 1.5130 617.8608 167.1149 649.2017 196.3976 1.8237 1.7953 4.1156 1.4581 1.4666 47.0151 1.5434 0.0031
Car 0.0000 0 1.5239 435.3574 179.4384 460.0206 201.2146 1.4798 1.5748 3.3634 -11.7429 1.9711 51.9667 1.3024 0.0031
Car 0.0000 0 1.5117 59.8516 193.7606 105.9241 226.7006 1.6826 1.9181 4.5301 -30.9052 2.9742 42.2053 0.8824 0.0031
Car 0.0000 0 -2.0512 55.2181 190.8172 124.1948 223.3991 1.7495 1.7199 3.7838 -30.4332 2.8396 42.1488 -2.6738 0.0030
Car 0.0000 0 1.5145 33.6889 193.4231 72.4031 226.2546 1.7640 1.6295 3.8343 -33.4321 3.0534 43.2335 0.8590 0.0030
Cyclist 0.0000 0 0.1468 534.8829 176.0121 566.0197 214.8500 1.7278 0.5359 1.3325 -2.7141 1.8716 32.4567 0.0635 0.0030
Car 0.0000 0 -2.6813 0.0000 0.0000 1242.0000 375.0000 1.7272 1.7807 4.7258 2.4344 1.7270 1.1359 -1.6438 0.0030
Pedestrian 0.0000 0 0.6711 55.0545 180.8391 67.6470 215.2638 2.1549 0.6153 0.3204 -34.7202 2.6636 45.6197 0.0231 0.0030
Car 0.0000 0 2.2613 410.3787 178.2605 473.5139 203.8595 1.5474 1.6905 4.2180 -10.8737 1.9156 46.8329 2.0340 0.0029
Car 0.0000 0 -1.6217 62.7460 193.9825 104.3734 225.2206 1.6594 1.8217 4.3330 -31.9052 3.0037 43.6369 -2.2504 0.0029
Car 0.0000 0 -2.2271 1086.7755 187.0243 1242.0000 264.8827 1.4866 1.7484 3.9181 12.9876 1.8486 16.4493 -1.5682 0.0029
Car 0.0000 0 1.6032 37.4345 189.0720 74.3366 224.4173 1.9332 1.6263 3.8313 -33.2814 2.9539 43.3587 0.9513 0.0029
Car 0.0000 0 0.1793 536.3004 176.7557 596.2111 198.8428 1.6558 1.7268 4.3712 -3.3720 1.9629 55.5992 0.1186 0.0028
Car 0.0000 0 1.5056 617.3878 166.5462 648.0894 195.4424 1.7969 1.7203 4.1412 1.4056 1.4050 46.9659 1.5350 0.0028
Car 0.0000 0 -2.6648 0.0000 0.0000 1242.0000 375.0000 1.7309 1.7332 5.0887 2.8334 1.7621 1.1874 -1.5776 0.0028
Car 0.0000 0 2.0563 48.9106 194.7720 117.6163 224.7430 1.6216 1.7147 4.0251 -32.2309 3.0301 44.2409 1.4293 0.0028
Pedestrian 0.0000 0 -1.3804 181.7374 191.6243 206.0253 245.8587 1.6532 0.5417 0.6766 -13.1211 2.2542 22.6810 -1.9001 0.0027
Car 0.0000 0 1.4637 618.1216 167.3218 652.1188 196.2771 1.7702 1.7203 4.2908 1.5320 1.4324 46.3137 1.4962 0.0027
Cyclist 0.0000 0 1.5448 57.9973 190.2665 74.5801 224.9045 1.9072 0.7207 1.7685 -31.3621 2.9327 41.5638 0.9013 0.0027
Car 0.0000 0 1.8311 46.5706 193.5058 100.6094 225.2682 1.7220 1.6858 3.9150 -32.6782 3.0433 44.0164 1.1952 0.0026
Car 0.0000 0 1.9233 47.2508 194.2224 108.2937 224.7405 1.6437 1.6832 4.1041 -32.5088 3.0170 44.1511 1.2913 0.0026
Car 0.0000 0 0.9261 1222.2397 181.8874 1242.0000 216.8098 1.8141 1.7590 4.7718 37.6739 2.3611 41.2053 1.6627 0.0026
Car 0.0000 0 1.8465 31.1418 192.6832 87.6486 225.4720 1.7634 1.6818 3.9873 -33.2065 3.0209 43.5800 1.1981 0.0026
Pedestrian 0.0000 0 0.4860 54.8240 182.8404 67.5818 216.4722 2.1009 0.5963 0.4102 -34.7081 2.7368 45.5919 -0.1621 0.0026
Car 0.0000 0 0.1507 535.3226 176.2709 597.6638 199.0484 1.7112 1.7269 4.5883 -3.3499 1.9799 55.5920 0.0904 0.0026
Car 0.0000 0 1.8079 26.0106 195.4387 79.4502 226.1595 1.6218 1.6534 3.9383 -33.4475 3.0464 43.3633 1.1537 0.0026
Car 0.0000 0 -2.0111 1113.7579 185.7457 1242.0000 265.1355 1.4937 1.7383 4.0769 13.3514 1.8273 16.4651 -1.3391 0.0025
Car 0.0000 0 0.8791 0.0000 0.0000 1242.0000 375.0000 1.5559 1.5740 4.0567 -6.6132 1.7432 -0.1559 -0.6715 0.0025
Car 0.0000 0 1.9539 47.8733 193.3875 111.8431 224.0700 1.6564 1.6840 4.2547 -32.4500 2.9808 44.2548 1.3238 0.0025
Cyclist 0.0000 0 1.5264 48.5906 188.7880 68.4048 225.9038 2.0407 0.8275 1.8500 -31.7493 2.9787 41.4821 0.8761 0.0024
Car 0.0000 0 1.9143 47.6316 194.3680 107.5253 224.6200 1.6282 1.6641 4.0735 -32.5113 3.0099 44.1351 1.2821 0.0024
Car 0.0000 0 1.2264 550.2805 179.1093 604.0342 210.6595 1.5363 1.6165 3.8519 -1.8234 1.8847 38.0490 1.1783 0.0024
Pedestrian 0.0000 0 0.0471 338.1017 177.2563 369.9074 233.2636 1.8246 0.5602 0.9705 -8.5437 1.9738 23.9760 -0.2922 0.0024
Cyclist 0.0000 0 -0.1995 550.7400 173.3008 585.4379 208.0705 1.8426 0.6706 1.7644 -2.2923 1.8673 38.7990 -0.2586 0.0024
Pedestrian 0.0000 0 2.9093 584.6129 174.8616 600.2234 206.9570 1.7596 0.6429 0.7363 -1.0127 1.8724 40.0095 2.8836 0.0023
Car 0.0000 0 -2.8294 0.0000 0.0000 1159.8246 375.0000 1.7544 1.8145 5.2723 2.8292 1.7670 1.3924 -1.7982 0.0023
Car 0.0000 0 1.5192 618.7607 166.9032 648.8912 195.6895 1.7941 1.7400 4.1854 1.4803 1.4236 47.0785 1.5500 0.0023
Car 0.0000 0 2.1555 47.6445 194.6136 123.8646 224.7985 1.6349 1.7376 4.2227 -32.1182 3.0364 44.3134 1.5309 0.0023
Pedestrian 0.0000 0 0.9295 50.2019 186.1932 70.0589 217.3746 1.9281 0.6470 0.7957 -34.6261 2.7755 45.3950 0.2805 0.0023
Car 0.0000 0 1.6811 50.5139 192.2443 100.9587 228.6322 1.8419 1.8533 4.2125 -30.4969 3.0122 41.2454 1.0473 0.0023
Car 0.0000 0 1.8514 46.8579 193.5074 103.1837 223.4062 1.6105 1.6963 4.0679 -32.6520 2.9365 44.1072 1.2168 0.0023
Car 0.0000 0 -0.2390 1085.8324 190.6787 1242.0000 263.7617 1.4281 1.6853 4.3247 13.6073 1.8801 16.5974 0.4384 0.0022
Pedestrian 0.0000 0 2.7881 51.8824 189.0227 68.6062 220.4154 2.0556 0.7112 0.6862 -36.7701 3.1473 48.2185 2.1391 0.0022
Pedestrian 0.0000 0 0.2302 335.8562 176.4445 371.8882 232.1914 1.8222 0.5587 1.0272 -8.5427 1.9435 23.9589 -0.1093 0.0022
Car 0.0000 0 1.9099 48.0801 194.2747 108.1033 224.5670 1.6333 1.6850 4.0976 -32.5441 3.0121 44.2234 1.2781 0.0021
Car 0.0000 0 1.8126 46.8235 192.8343 99.9422 225.7775 1.7940 1.7094 3.8816 -32.6672 3.0711 43.9822 1.1765 0.0021
Car 0.0000 0 1.7589 23.7855 195.8689 74.7389 226.2900 1.5963 1.6923 3.9551 -33.5726 3.0448 43.2518 1.1016 0.0021
Car 0.0000 0 -2.1678 231.4075 186.6484 308.7552 220.1417 1.6985 1.7954 4.2592 -18.8856 2.4986 39.9745 -2.6070 0.0021
Pedestrian 0.0000 0 -0.0872 52.8254 189.5434 64.2919 219.8428 1.9801 0.6495 0.5534 -36.7535 3.1018 48.0472 -0.7377 0.0021
Car 0.0000 0 1.5674 61.9524 194.2234 101.2585 228.0125 1.7197 1.7598 4.1723 -30.5697 3.0206 41.7086 0.9377 0.0021
Car 0.0000 0 -2.4210 230.0725 186.2252 314.7440 219.2151 1.6936 1.7658 4.0556 -18.5503 2.4541 39.6035 -2.8568 0.0021
Car 0.0000 0 1.7309 42.1591 188.8033 89.7786 223.3578 1.8986 1.7093 3.7796 -32.8587 2.9091 43.6237 1.0880 0.0019
Car 0.0000 0 1.4644 616.7294 166.6635 650.2147 195.3015 1.7848 1.7397 4.1835 1.4549 1.3994 47.1175 1.4947 0.0019
Pedestrian 0.0000 0 0.1745 51.6216 189.6837 64.8417 219.6214 1.9556 0.6531 0.5941 -36.7629 3.0864 48.0366 -0.4762 0.0019
Car 0.0000 0 -1.3261 1150.1509 190.6204 1242.0000 272.0164 1.5207 1.8710 4.6495 14.3057 1.9799 16.5155 -0.6218 0.0018
Car 0.0000 0 2.1249 415.8353 177.5555 471.1836 203.5317 1.5908 1.6372 4.0494 -10.8489 1.9126 47.1544 1.8996 0.0017
Car 0.0000 0 1.5252 1207.1431 193.9196 1242.0000 275.0096 1.4507 1.7606 4.7549 14.8502 2.0049 16.5610 2.2467 0.0017
Car 0.0000 0 -2.3383 262.9298 186.2768 378.4074 236.9886 1.4777 1.4565 3.4406 -9.3210 1.9337 23.1193 -2.7180 0.0016
Pedestrian 0.0000 0 0.0469 60.9040 188.5730 75.1146 231.3779 2.2381 0.5624 0.5781 -28.8855 3.0839 38.4084 -0.5948 0.0015
Car 0.0000 0 0.8135 15.2489 197.9694 114.4939 229.3323 1.6411 1.8956 4.5849 -31.1172 3.1212 41.1882 0.1695 0.0015
Pedestrian 0.0000 0 -1.1689 544.8794 176.6584 562.1246 215.2899 1.7126 0.6021 0.5596 -2.5765 1.8858 32.4169 -1.2482 0.0014
Cyclist 0.0000 0 -0.6672 1237.7723 171.1037 1242.0000 258.8144 1.7462 0.5502 1.7427 13.8913 1.7117 14.7051 0.0792 0.0014
Pedestrian 0.0000 0 0.8105 558.3149 170.0084 573.2684 192.5136 1.8067 0.7505 0.9675 -3.6108 1.5786 58.5270 0.7489 0.0014
Car 0.0000 0 0.2183 532.9489 177.9477 592.0967 199.4019 1.6013 1.7276 4.2755 -3.6622 2.0025 55.5903 0.1524 0.0014
Car 0.0000 0 1.3205 0.0000 0.0000 1242.0000 375.0000 1.5893 1.5565 3.9600 -6.4838 1.7426 -0.1751 -0.2327 0.0013
Pedestrian 0.0000 0 -1.6684 560.2436 170.4601 569.7672 192.4447 1.7745 0.6897 0.8866 -3.6889 1.5816 58.7286 -1.7312 0.0012
Pedestrian 0.0000 0 -1.2088 559.5688 170.5676 571.6168 192.5126 1.7709 0.7130 0.8840 -3.6373 1.5867 58.7499 -1.2707 0.0011
Car 0.0000 0 -1.2820 1153.6459 189.2113 1242.0000 270.1282 1.5330 1.7198 3.9852 14.0241 1.9419 16.2077 -0.5783 0.0011
Pedestrian 0.0000 0 -1.0884 552.7415 178.7929 572.4752 214.9165 1.6101 0.6803 0.6270 -2.1871 1.8833 32.7205 -1.1552 0.0011
Car 0.0000 0 1.6176 1232.4684 184.9319 1242.0000 265.1410 1.9086 1.8603 4.5549 18.7629 2.2835 20.1123 2.3602 0.0011
Car 0.0000 0 -1.4630 1179.8508 192.9917 1242.0000 271.0023 1.4563 1.7332 4.1953 14.5526 1.9777 16.6001 -0.7527 0.0011
Car 0.0000 0 1.0933 1231.3430 191.9085 1242.0000 261.8307 1.7163 1.6138 4.8928 20.9407 2.3574 21.6858 1.8537 0.0010
Car 0.0000 0 -1.5214 176.0361 189.9652 238.3652 240.3903 1.4692 1.6434 3.9252 -13.6799 2.1031 24.5862 -2.0249 0.0010
Car 0.0000 0 1.5431 1205.3110 193.8570 1242.0000 273.4039 1.4479 1.7589 4.5687 14.8540 2.0014 16.6777 2.2613 0.0010
Pedestrian 0.0000 0 0.5033 557.7808 168.9983 574.5052 192.5890 1.8934 0.8129 1.0981 -3.5791 1.5843 58.5102 0.4421 0.0010
Car 0.0000 0 1.2820 1238.9790 187.4671 1242.0000 267.4646 1.5135 1.7829 4.8635 16.8237 1.9134 17.1561 2.0484 0.0010
Pedestrian 0.0000 0 -0.8339 544.6160 176.6266 561.9788 214.5224 1.6776 0.5680 0.5308 -2.5859 1.8493 32.3983 -0.9134 0.0009
Car 0.0000 0 1.3969 1222.1881 194.6304 1242.0000 270.6994 1.3807 1.5147 3.8513 15.1085 1.9340 16.2890 2.1350 0.0009
Car 0.0000 0 1.4002 1239.8453 183.9355 1242.0000 261.9201 1.5226 1.7169 4.7927 16.5692 1.8260 17.2588 2.1562 0.0009
Car 0.0000 0 -1.8377 0.0000 0.0000 1242.0000 375.0000 1.5183 1.6022 3.4912 8.3769 1.6571 -0.0901 -0.2910 0.0009
Car 0.0000 0 1.3539 1188.9330 194.7955 1242.0000 270.7659 1.3968 1.6777 4.2218 14.9795 1.9773 16.8198 2.0721 0.0009
Car 0.0000 0 1.4304 1221.2625 182.7421 1242.0000 257.0784 1.5233 1.7185 4.5231 16.4346 1.7994 17.7627 2.1682 0.0008
Car 0.0000 0 1.5037 1229.3684 185.9871 1242.0000 259.9850 1.4825 1.7665 4.4639 16.3046 1.8444 17.5646 2.2430 0.0008
Car 0.0000 0 1.8549 1219.7745 182.8814 1242.0000 260.5065 1.5802 1.8099 5.1982 16.8465 1.8501 17.3079 2.6178 0.0008
Car 0.0000 0 1.6610 1234.0537 187.2670 1242.0000 257.0105 1.8186 1.6910 3.8420 19.9803 2.2873 21.5246 2.4017 0.0008
Car 0.0000 0 1.6394 1197.0516 190.5660 1242.0000 266.6416 1.4373 1.5741 3.9538 14.6409 1.8906 16.4944 2.3558 0.0008
Pedestrian 0.0000 0 3.1379 62.9718 190.1262 74.1854 231.8899 2.1838 0.5775 0.4748 -28.8584 3.1126 38.4083 2.4967 0.0007
Car 0.0000 0 -1.2895 1167.7211 191.7110 1242.0000 267.0187 1.4271 1.5871 3.4706 14.0553 1.8904 16.0959 -0.5814 0.0007
Car 0.0000 0 1.4824 1240.7795 186.0417 1242.0000 262.6825 1.5032 1.7413 4.7350 16.4816 1.8652 17.3794 2.2322 0.0007
Car 0.0000 0 -1.1875 1151.2377 190.2941 1242.0000 267.1995 1.4643 1.6313 3.6725 13.8799 1.8902 16.0263 -0.4835 0.0007
Car 0.0000 0 1.5888 1222.0802 193.2109 1242.0000 265.9236 1.3786 1.4182 3.2604 14.7949 1.8862 16.2962 2.3163 0.0007
Car 0.0000 0 1.4748 1235.2737 186.3179 1242.0000 264.0285 1.5280 1.7250 4.8298 16.4431 1.9002 17.4764 2.2208 0.0007
Car 0.0000 0 1.6821 1204.7422 190.3949 1242.0000 269.3766 1.4483 1.5858 4.5893 14.8444 1.8964 16.2918 2.4114 0.0007
Car 0.0000 0 1.5599 1225.5270 185.5501 1242.0000 256.3524 1.4481 1.7432 4.4739 16.3465 1.8017 17.8178 2.2935 0.0007
Car 0.0000 0 1.8275 1168.6877 194.0818 1242.0000 270.2175 1.4009 1.6703 4.2840 14.3569 1.9347 16.2305 2.5421 0.0007
Car 0.0000 0 1.5375 1222.8225 178.9544 1242.0000 251.9754 1.5832 1.7342 3.9718 16.4565 1.7539 18.0676 2.2677 0.0006
Car 0.0000 0 1.6122 1224.3524 186.8399 1242.0000 259.1089 1.4717 1.7620 4.3885 16.4031 1.8577 17.7145 2.3503 0.0006
Pedestrian 0.0000 0 -0.9894 574.4532 172.0271 592.7573 200.7632 1.8232 0.7269 1.0376 -1.7260 1.7711 46.4086 -1.0268 0.0006
Pedestrian 0.0000 0 0.6032 55.3143 182.3097 70.8260 214.3734 2.0102 0.7155 0.4600 -34.7607 2.6159 45.8185 -0.0432 0.0006
Pedestrian 0.0000 0 -1.3388 576.1703 171.5062 590.6721 200.0406 1.8139 0.7109 1.0544 -1.7381 1.7285 46.4496 -1.3765 0.0006
Pedestrian 0.0000 0 -0.9820 560.9274 170.2502 574.7373 192.8220 1.8150 0.7106 0.9532 -3.4471 1.6060 58.6067 -1.0408 0.0006
Car 0.0000 0 0.9695 1217.2699 187.9254 1242.0000 259.4328 1.7659 1.8216 4.7140 20.5169 2.2634 21.3275 1.7279 0.0006
Pedestrian 0.0000 0 -1.2890 562.0873 170.5735 573.0377 192.3672 1.7585 0.6764 0.8652 -3.4747 1.5748 58.7129 -1.3482 0.0006
Pedestrian 0.0000 0 -0.6526 559.8663 169.1597 575.7759 192.4569 1.8709 0.7424 1.0554 -3.4472 1.5746 58.5678 -0.7115 0.0006
Pedestrian 0.0000 0 -1.4657 562.5581 170.2881 572.2153 192.1630 1.7667 0.6979 0.8713 -3.4894 1.5598 58.7218 -1.5251 0.0006
Car 0.0000 0 -1.7718 0.0000 0.0000 1242.0000 375.0000 1.5159 1.5818 3.7974 8.0630 1.6768 -0.1999 -0.2125 0.0005
Car 0.0000 0 -1.7208 0.0000 0.0000 1242.0000 375.0000 1.5190 1.6287 3.6532 6.8484 1.7080 -0.1003 -0.1781 0.0005
Car 0.0000 0 -1.6640 98.2727 196.3109 163.0346 248.5731 1.7698 1.7616 4.1542 -19.0584 2.7689 28.5491 -2.2486 0.0005
Car 0.0000 0 1.9551 1192.1821 191.8393 1242.0000 250.2586 1.5854 1.5663 3.5624 19.6123 2.2057 22.0561 2.6746 0.0004
Cyclist 0.0000 0 1.7393 75.9881 194.3430 100.2913 241.5880 1.7450 0.4661 1.8559 -20.5945 2.6202 28.4348 1.1167 0.0004
Pedestrian 0.0000 0 -1.9356 57.1105 186.9535 74.3803 231.2608 2.3203 0.5914 0.5112 -29.0139 3.0789 38.4155 -2.5794 0.0004
Car 0.0000 0 -2.0214 0.0000 0.0000 1242.0000 375.0000 1.4928 1.5038 3.6401 7.8463 1.7024 -0.2298 -0.4586 0.0004
Car 0.0000 0 -1.6882 96.4187 197.6583 165.4638 248.6717 1.7049 1.7920 4.1952 -18.9570 2.7570 28.4117 -2.2726 0.0003
Car 0.0000 0 -1.7211 0.0000 0.0000 1242.0000 375.0000 1.5418 1.6430 4.0463 7.8404 1.7418 -0.2402 -0.1571 0.0002
Pedestrian 0.0000 0 -0.5280 536.4593 179.5403 550.5432 202.1139 1.7012 0.9015 0.7179 -5.1235 2.2192 55.2894 -0.6205 0.0002
Pedestrian 0.0000 0 -0.6235 535.7139 179.3653 550.5637 202.2185 1.7219 0.9470 0.7142 -5.1510 2.2265 55.2897 -0.7164 0.0002
Pedestrian 0.0000 0 2.1573 57.4520 181.3868 80.0701 230.1047 2.5790 0.6699 0.7460 -29.0773 3.0419 38.7208 1.5163 0.0002
Car 0.0000 0 1.8368 1191.6534 192.0474 1242.0000 255.7039 1.6719 1.5619 3.7979 19.1177 2.2944 21.6809 2.5520 0.0002