Car 0.0000 0 2.3328 782.7216 156.3008 934.4662 225.6729 1.9239 1.7798 4.4064 7.6629 1.2544 21.3915 2.6738 0.9636
Car 0.0000 0 2.3174 780.5956 157.3210 935.8035 225.8524 1.8957 1.7749 4.6088 7.6674 1.2561 21.4097 2.6583 0.9534
Car 0.0000 0 2.3251 781.8272 157.1095 934.6953 225.6037 1.8995 1.7758 4.4891 7.6675 1.2524 21.4200 2.6658 0.9390
Car 0.0000 0 2.3222 781.3304 156.9730 935.9125 225.6841 1.9037 1.7478 4.5979 7.6827 1.2534 21.4181 2.6635 0.9162
Pedestrian 0.0000 0 -2.6484 474.9834 158.8117 527.6078 236.3495 1.8664 0.4991 1.1917 -2.5972 1.3459 17.4526 -2.7917 0.8633
Pedestrian 0.0000 0 -2.5642 476.2773 158.3803 525.5450 236.0382 1.8652 0.5447 1.0818 -2.6070 1.3355 17.4516 -2.7081 0.7994
Car 0.0000 0 2.3341 779.9618 156.4280 935.9633 225.5833 1.9140 1.8250 4.5355 7.6483 1.2493 21.4000 2.6743 0.7840
Pedestrian 0.0000 0 0.6075 495.4133 158.4740 541.9440 233.0698 1.8515 0.5561 1.0491 -2.2396 1.3064 18.0360 0.4879 0.7786
Pedestrian 0.0000 0 -2.4063 497.2234 159.1394 542.1661 233.7536 1.8489 0.5371 1.0499 -2.2166 1.3212 18.0384 -2.5246 0.7642
Car 0.0000 0 2.3259 778.4207 158.3134 935.1540 226.1742 1.8773 1.8076 4.6172 7.6243 1.2651 21.4169 2.6649 0.7608
Car 0.0000 0 2.3102 779.5175 158.4938 933.6243 227.4106 1.9041 1.8463 4.5128 7.6150 1.2977 21.4112 2.6488 0.7354
Car 0.0000 0 2.3116 778.5798 156.4017 935.9893 226.0264 1.9232 1.8310 4.6693 7.6490 1.2591 21.4324 2.6513 0.7331
Car 0.0000 0 2.3149 777.6248 156.8494 936.4329 225.8605 1.9066 1.7782 4.7750 7.6457 1.2547 21.4315 2.6546 0.7131
Car 0.0000 0 2.3116 782.5766 158.1563 930.1920 225.6781 1.8709 1.7858 4.2927 7.5963 1.2533 21.3859 2.6499 0.7028
Car 0.0000 0 2.3170 783.0124 159.9947 929.6678 226.0081 1.8330 1.7964 4.2326 7.6004 1.2652 21.4108 2.6552 0.6444
Car 0.0000 0 2.3352 780.2263 158.7157 936.4254 226.3284 1.8702 1.7771 4.5817 7.6534 1.2692 21.3752 2.6760 0.6235
Pedestrian 0.0000 0 2.2456 1072.7954 169.6818 1118.8148 239.0226 1.6854 0.6373 0.7108 12.1695 1.4241 17.5898 2.8439 0.5952
Pedestrian 0.0000 0 2.2098 1074.1781 170.0397 1120.2900 238.9860 1.6733 0.6091 0.7601 12.1899 1.4210 17.5664 2.8095 0.5929
Pedestrian 0.0000 0 2.2757 1070.9640 170.0167 1120.7511 239.2396 1.6816 0.6682 0.7874 12.1748 1.4285 17.5973 2.8741 0.5819
Pedestrian 0.0000 0 2.2104 1073.3159 170.4136 1121.3463 239.2778 1.6704 0.6161 0.8168 12.1942 1.4273 17.5692 2.8103 0.5776
Pedestrian 0.0000 0 0.6385 499.9739 160.9509 544.9739 233.4852 1.7939 0.5464 1.0099 -2.1358 1.3120 17.9712 0.5241 0.5736
Car 0.0000 0 2.3509 781.7364 158.1064 937.2952 227.0135 1.9093 1.7906 4.4909 7.6790 1.2904 21.3670 2.6928 0.5708
Car 0.0000 0 2.3587 778.3519 161.2752 931.1598 226.4953 1.8136 1.8063 4.3703 7.5479 1.2806 21.4154 2.6946 0.5708
Pedestrian 0.0000 0 -2.4868 476.4293 156.8258 528.1561 235.2641 1.8845 0.5365 1.1872 -2.5836 1.3173 17.5071 -2.6289 0.5263
Pedestrian 0.0000 0 -2.6550 476.9804 158.1788 529.4324 234.9755 1.8495 0.5241 1.1746 -2.5516 1.3135 17.4682 -2.7957 0.5150
Pedestrian 0.0000 0 -2.6677 471.5935 158.3503 523.7606 235.9866 1.8672 0.5215 1.1624 -2.6824 1.3361 17.4327 -2.8159 0.5036
Car 0.0000 0 2.3207 778.3829 163.0680 925.2678 226.7829 1.7605 1.7631 4.2500 7.4297 1.2804 21.3068 2.6533 0.4901
Pedestrian 0.0000 0 0.6842 500.3191 160.6681 544.8774 232.8503 1.7925 0.5507 1.0102 -2.1433 1.3016 18.0575 0.5700 0.4888
Pedestrian 0.0000 0 -2.3146 504.0223 160.8834 544.6237 232.9953 1.7813 0.5125 0.9579 -2.0914 1.2983 17.9680 -2.4266 0.4839
Pedestrian 0.0000 0 -2.4864 479.9850 157.9159 528.3021 234.7427 1.8443 0.5440 1.0734 -2.5314 1.3037 17.4695 -2.6259 0.4802
Pedestrian 0.0000 0 0.5979 497.9015 160.8256 545.5161 233.7513 1.8126 0.5483 1.0890 -2.1659 1.3252 18.0645 0.4825 0.4710
Pedestrian 0.0000 0 2.1620 1069.0647 169.4453 1114.0751 238.9002 1.6899 0.6423 0.7052 12.0918 1.4225 17.6282 2.7564 0.4661
Pedestrian 0.0000 0 2.2782 1067.9789 169.3666 1116.0718 238.9618 1.6959 0.6700 0.7388 12.1130 1.4262 17.6459 2.8730 0.4645
Pedestrian 0.0000 0 2.2190 1071.3009 170.3111 1118.4478 239.2283 1.6710 0.6121 0.7890 12.1232 1.4256 17.5550 2.8165 0.4560
Cyclist 0.0000 0 -1.4109 919.8367 167.1485 939.8943 206.7715 1.8143 0.6053 1.6565 15.2590 1.2044 33.2269 -0.9824 0.4340
Car 0.0000 0 -0.8017 780.8670 160.4570 936.3902 226.5286 1.8415 1.7913 4.5673 7.7118 1.2845 21.5189 -0.4606 0.4334
Pedestrian 0.0000 0 2.1396 1070.8694 169.8556 1117.5138 239.2166 1.6789 0.6233 0.7983 12.1065 1.4229 17.5536 2.7364 0.4249
Car 0.0000 0 2.3453 773.2846 162.0669 925.3284 226.0594 1.7786 1.7903 4.4120 7.3977 1.2678 21.4389 2.6747 0.4133
Cyclist 0.0000 0 2.3079 1062.7036 170.0784 1137.7952 240.2731 1.7093 0.5626 1.6795 12.3446 1.4571 17.6786 2.9105 0.4121
Pedestrian 0.0000 0 -2.4746 472.0207 157.5098 521.3490 235.9580 1.8890 0.5219 1.1285 -2.7252 1.3370 17.5261 -2.6243 0.4013
Cyclist 0.0000 0 -0.9411 915.2607 167.0901 950.2485 206.4653 1.8102 0.6171 1.6877 15.3699 1.1952 33.1817 -0.5094 0.3968
Car 0.0000 0 2.3273 777.1842 165.3317 921.1312 225.6140 1.6752 1.7434 4.1593 7.3737 1.2553 21.3844 2.6564 0.3925
Pedestrian 0.0000 0 -2.5543 474.1261 157.1398 529.5639 236.1060 1.8990 0.5576 1.2629 -2.5955 1.3388 17.5218 -2.6970 0.3894
Pedestrian 0.0000 0 -0.4856 917.2562 168.9064 940.7172 206.5061 1.7419 0.7039 0.7569 15.1580 1.2063 33.1250 -0.0584 0.3702
Pedestrian 0.0000 0 -0.4142 917.5544 168.8639 940.5683 206.6429 1.7519 0.6679 0.7754 15.1603 1.2138 33.1223 0.0130 0.3576
Pedestrian 0.0000 0 -2.3831 494.4830 158.4769 537.7880 233.4088 1.8453 0.4917 1.0345 -2.2923 1.3045 17.9114 -2.5063 0.3516
Pedestrian 0.0000 0 -2.5167 492.7104 159.0532 539.0952 233.5397 1.8372 0.5056 1.0738 -2.2964 1.3098 17.9141 -2.6401 0.3332
Car 0.0000 0 2.0835 788.1536 160.2531 911.1775 227.4102 1.8420 1.7036 4.1637 7.4418 1.2882 21.4076 2.4151 0.3225
Car 0.0000 0 -2.4452 0.0000 0.0000 1224.0000 370.0000 1.5353 1.5747 3.4111 3.0712 1.6652 1.1510 -1.3204 0.2308
Pedestrian 0.0000 0 -0.4413 917.2036 168.1019 942.4157 206.9779 1.7891 0.7510 0.8230 15.0984 1.2200 32.9142 -0.0133 0.2235
Pedestrian 0.0000 0 -0.3861 918.7026 168.8142 943.1771 207.1352 1.7768 0.7211 0.8302 15.2630 1.2364 33.1564 0.0433 0.2204
Cyclist 0.0000 0 -0.7773 915.4197 167.6273 954.1902 207.6170 1.8437 0.6656 1.6613 15.4634 1.2516 33.1853 -0.3433 0.2160
Pedestrian 0.0000 0 -0.4969 918.5715 169.1060 943.5023 207.1096 1.7606 0.7397 0.8047 15.2633 1.2342 33.1460 -0.0674 0.2054
Pedestrian 0.0000 0 -1.9504 0.0000 0.0000 1224.0000 370.0000 1.8341 0.6880 0.7331 21.0666 1.4149 -0.2713 -0.3805 0.2045
Cyclist 0.0000 0 -0.9784 916.2896 168.7122 950.3530 206.9880 1.7655 0.5249 1.8333 15.4582 1.2232 33.3087 -0.5460 0.1893
Pedestrian 0.0000 0 -0.2811 918.0120 167.9490 942.5688 207.1790 1.8005 0.7437 0.8627 15.1023 1.2259 32.8762 0.1474 0.1872
Cyclist 0.0000 0 -1.0281 914.7225 168.4672 947.3044 206.9502 1.7764 0.5794 1.7496 15.3755 1.2224 33.3654 -0.5983 0.1813
Car 0.0000 0 0.9663 0.0000 0.0000 1224.0000 370.0000 1.5261 1.5665 3.4908 2.0730 1.6221 1.5568 1.8021 0.1763
Cyclist 0.0000 0 -1.3680 918.5999 167.8297 939.3647 206.6612 1.7832 0.5491 1.7743 15.2712 1.2028 33.3421 -0.9405 0.1625
Car 0.0000 0 -2.5514 0.0000 0.0000 1224.0000 370.0000 1.4924 1.5295 2.9574 3.0320 1.6745 1.2903 -1.4681 0.1550
Car 0.0000 0 1.0505 0.0000 0.0000 1224.0000 370.0000 1.5245 1.5397 3.7039 1.9943 1.6276 1.5834 1.8600 0.1455
Car 0.0000 0 1.9580 0.0000 175.0434 4.1556 207.0795 1.6501 1.5800 4.1192 -34.7615 1.3705 38.6185 1.2309 0.1442
Car 0.0000 0 -1.2012 816.7902 159.6629 920.0510 226.7618 1.8687 1.7269 3.7758 8.1055 1.2900 21.6727 -0.8465 0.1370
Car 0.0000 0 1.0159 0.0000 0.0000 1224.0000 370.0000 1.5303 1.5902 3.9392 1.9684 1.6521 1.4125 1.8656 0.1369
Pedestrian 0.0000 0 -0.7493 915.4225 168.3102 939.2727 206.3423 1.7686 0.6787 0.7650 15.1720 1.2032 33.3189 -0.3240 0.1321
Pedestrian 0.0000 0 -1.0791 920.6564 168.9591 943.2197 206.7676 1.7530 0.6403 0.8494 15.3784 1.2194 33.2900 -0.6484 0.1268
Car 0.0000 0 1.9598 0.0000 175.2649 10.0991 206.5265 1.6128 1.6302 4.1331 -34.5263 1.3441 38.6913 1.2370 0.1222
Car 0.0000 0 1.9105 0.0000 175.3038 4.8727 207.2073 1.6459 1.6422 4.1911 -34.7597 1.3792 38.7220 1.1848 0.1179
Car 0.0000 0 2.1686 0.0000 0.0000 1224.0000 370.0000 1.6225 1.7173 4.5891 0.9089 1.6751 1.5677 2.6182 0.1039
Car 0.0000 0 1.9757 0.0000 174.6250 14.5362 206.2390 1.6343 1.6529 4.2959 -34.4889 1.3320 38.8440 1.2554 0.1031
Cyclist 0.0000 0 -1.6475 921.7612 167.7102 939.3157 207.7729 1.8113 0.6043 1.7261 15.1103 1.2345 32.8769 -1.2187 0.1031
Car 0.0000 0 1.9615 0.0000 176.0157 9.0184 206.5742 1.5768 1.5759 3.9991 -34.4734 1.3469 38.6265 1.2387 0.1020
Car 0.0000 0 2.1945 0.0000 176.4485 26.5584 205.8903 1.5225 1.5885 4.0782 -33.9664 1.3144 38.6616 1.4795 0.0940
Cyclist 0.0000 0 -0.8254 1076.4751 166.5337 1145.0040 240.2289 1.8137 0.6007 1.4309 12.7205 1.4716 17.8407 -0.2128 0.0938
Pedestrian 0.0000 0 0.4406 1109.6122 38.6415 1224.0000 370.0000 1.8362 0.6716 0.9242 1.8243 1.6169 1.6508 1.1882 0.0907
Car 0.0000 0 1.9128 0.0000 175.1378 7.2262 207.1769 1.6517 1.6988 4.3834 -34.7665 1.3767 38.7950 1.1879 0.0889
Car 0.0000 0 2.1984 0.0000 175.9583 27.4406 205.4570 1.5273 1.5982 4.1045 -33.9811 1.2935 38.7153 1.4839 0.0883
Pedestrian 0.0000 0 -0.6841 918.8627 168.5630 944.6057 207.1690 1.7960 0.6568 0.8850 15.3772 1.2421 33.3164 -0.2538 0.0858
Car 0.0000 0 1.6529 0.0000 0.0000 1224.0000 370.0000 1.5848 1.6277 4.1163 1.4649 1.6522 1.5996 2.3055 0.0840
Car 0.0000 0 2.0939 0.0000 174.2262 21.4303 206.3895 1.6663 1.6746 4.3876 -34.4555 1.3427 38.9394 1.3753 0.0808
Car 0.0000 0 1.9189 0.0000 175.3296 7.1720 207.1842 1.6432 1.6999 4.3250 -34.7698 1.3779 38.7917 1.1939 0.0776
Cyclist 0.0000 0 -1.2261 919.9058 168.5882 945.7451 206.8878 1.7610 0.5270 1.8169 15.4503 1.2147 33.3368 -0.7941 0.0774
Car 0.0000 0 -0.0402 0.0000 0.0000 1224.0000 370.0000 1.4496 1.5788 3.5346 3.7972 1.6537 0.9615 1.2059 0.0754
Car 0.0000 0 1.9699 0.0000 175.8997 8.3989 206.6240 1.5838 1.5279 4.0065 -34.4624 1.3481 38.5840 1.2467 0.0752
Car 0.0000 0 0.9288 0.0000 0.0000 1224.0000 370.0000 1.5176 1.6163 3.9220 1.8020 1.6953 1.0101 1.8641 0.0749
Car 0.0000 0 1.4198 0.0000 0.0000 1224.0000 370.0000 1.5592 1.5846 3.9341 1.5286 1.6172 1.5518 2.1054 0.0746
Car 0.0000 0 2.1848 0.0000 175.1628 29.0759 205.6241 1.5777 1.6532 4.2877 -34.0546 1.3027 38.8320 1.4706 0.0740
Car 0.0000 0 2.3733 0.0000 176.6073 37.2852 205.9066 1.5166 1.6058 4.0743 -33.6397 1.3165 38.6967 1.6635 0.0728
Car 0.0000 0 2.0856 0.0000 0.0000 1224.0000 370.0000 1.5868 1.6547 4.4882 1.1621 1.6446 1.6496 2.6196 0.0726
Car 0.0000 0 2.4284 0.0000 176.4955 38.9359 205.9900 1.5246 1.5991 4.0851 -33.5954 1.3190 38.6815 1.7190 0.0709
Pedestrian 0.0000 0 3.3268 267.6628 163.2128 287.5741 217.1395 1.8748 0.6399 0.5266 -11.5773 1.2753 24.9494 2.8990 0.0707
Car 0.0000 0 2.1786 0.0000 176.1879 23.7591 205.8410 1.5280 1.5667 4.0428 -33.9607 1.3072 38.5225 1.4619 0.0697
Pedestrian 0.0000 0 -0.3899 922.4606 167.2270 947.6846 206.9141 1.8250 0.7270 0.8490 15.3324 1.2161 32.8912 0.0442 0.0690
Car 0.0000 0 2.5442 0.0000 176.6116 43.7782 205.8536 1.5097 1.6065 4.0203 -33.3665 1.3104 38.6501 1.8378 0.0686
Car 0.0000 0 1.8467 0.0000 175.1328 0.9752 207.7201 1.6772 1.7332 4.4288 -34.9566 1.4024 38.7555 1.1186 0.0677
Pedestrian 0.0000 0 0.0125 271.8947 163.0502 287.3054 217.1165 1.8808 0.6331 0.4841 -11.5213 1.2753 24.9776 -0.4131 0.0670
Car 0.0000 0 1.8952 0.0000 175.1582 4.6015 207.4281 1.6605 1.7411 4.5349 -34.9358 1.3871 38.8048 1.1680 0.0649
Car 0.0000 0 3.0314 0.0000 176.0520 51.0682 205.7204 1.5366 1.6920 4.2763 -33.2162 1.3077 38.7497 2.3285 0.0644
Car 0.0000 0 3.2647 120.9642 166.3486 225.4791 203.9354 1.6605 1.7421 3.9513 -19.9499 1.0368 32.8275 2.7248 0.0636
Car 0.0000 0 -1.5361 891.4597 171.4043 928.8237 204.5716 1.5411 1.5738 3.4870 15.0208 1.1199 34.7595 -1.1299 0.0616
Car 0.0000 0 1.9771 0.0000 174.9262 11.4471 206.6998 1.6412 1.6905 4.4844 -34.7878 1.3547 38.9099 1.2533 0.0611
Car 0.0000 0 -2.8426 0.0000 0.0000 1224.0000 370.0000 1.4935 1.5725 3.3910 3.3510 1.6629 0.9775 -1.6406 0.0611
Car 0.0000 0 2.3015 0.0000 175.9462 38.5622 205.7167 1.5455 1.6411 4.2242 -33.6630 1.3105 38.8294 1.5930 0.0605
Car 0.0000 0 -1.5282 885.2147 170.5009 924.7731 204.6508 1.5708 1.6333 3.5360 14.6445 1.1123 34.4650 -1.1281 0.0603
Car 0.0000 0 2.9924 0.0000 176.3336 45.2729 205.4429 1.5001 1.6322 4.0258 -33.1957 1.2868 38.4865 2.2865 0.0600
Car 0.0000 0 2.0742 0.0000 178.8131 10.1727 206.7568 1.4278 1.5402 3.9675 -34.2573 1.3430 38.2262 1.3494 0.0596
Cyclist 0.0000 0 -1.4553 922.4996 166.4988 942.6547 207.4298 1.8754 0.6801 1.6483 15.4073 1.2353 33.2714 -1.0237 0.0593
Pedestrian 0.0000 0 0.2355 260.6949 163.1333 283.5076 216.8705 1.8700 0.6277 0.5970 -11.7791 1.2672 24.9659 -0.1986 0.0588
Car 0.0000 0 1.9963 144.2831 0.0000 1224.0000 370.0000 1.5364 1.5702 4.1829 1.3324 1.6350 1.6489 2.5922 0.0587
Car 0.0000 0 1.8853 0.0000 0.0000 1224.0000 370.0000 1.5392 1.5362 3.9545 1.7114 1.6378 1.5897 2.6167 0.0584
Car 0.0000 0 2.5408 0.0000 176.1063 45.3941 205.8847 1.5388 1.6351 4.0882 -33.3726 1.3132 38.7191 1.8352 0.0582
Car 0.0000 0 -1.4393 0.0000 0.0000 1224.0000 370.0000 1.6163 1.6682 3.9571 0.9228 1.6682 1.1636 -0.8823 0.0569
Car 0.0000 0 2.2969 0.0000 0.0000 1224.0000 370.0000 1.6271 1.6595 4.3487 0.9830 1.6927 1.0027 2.9363 0.0567
Car 0.0000 0 2.1517 0.0000 176.8936 19.5712 206.0968 1.4995 1.5421 4.1132 -34.0970 1.3158 38.4441 1.4320 0.0564
Pedestrian 0.0000 0 -3.1086 1157.3075 40.6268 1224.0000 370.0000 1.8397 0.6627 0.9046 1.8428 1.6274 1.6316 -2.3510 0.0550
Car 0.0000 0 -0.5391 587.0695 174.7592 708.8260 218.4728 1.4450 1.6429 4.0306 1.5094 1.2568 25.0242 -0.4779 0.0534
Cyclist 0.0000 0 -1.7085 922.2047 166.9275 941.1453 207.2017 1.8093 0.5708 1.6141 15.0416 1.2011 32.6147 -1.2785 0.0532
Car 0.0000 0 2.1809 0.0000 174.2573 32.5615 205.7080 1.6340 1.6768 4.4212 -34.0564 1.3111 39.0144 1.4690 0.0523
Pedestrian 0.0000 0 -0.1779 923.6379 167.2420 946.9960 207.1616 1.8299 0.7048 0.8701 15.3276 1.2236 32.8580 0.2565 0.0522
Car 0.0000 0 0.2894 0.0000 171.7744 16.1850 237.0317 1.4893 1.5140 3.5529 -17.1798 1.2917 17.6135 -0.4727 0.0515
Pedestrian 0.0000 0 0.5526 258.7458 163.5817 285.3277 217.3400 1.8725 0.6156 0.6175 -11.7816 1.2847 24.9645 0.1184 0.0508
Car 0.0000 0 1.8895 0.0000 175.3698 3.2794 207.4364 1.6493 1.7570 4.5195 -34.9858 1.3869 38.7843 1.1613 0.0502
Car 0.0000 0 2.4203 0.0000 176.3360 37.5590 205.8456 1.5171 1.5862 4.1960 -33.5896 1.3044 38.5311 1.7091 0.0494
Car 0.0000 0 -0.5799 598.6411 173.4349 720.2156 217.3437 1.4624 1.6606 4.0895 1.9390 1.2286 25.2556 -0.5025 0.0493
Car 0.0000 0 2.0321 0.0000 176.6149 4.4470 206.8747 1.5454 1.5289 4.1637 -34.6185 1.3484 38.3136 1.3031 0.0490
Car 0.0000 0 1.5985 0.0000 0.0000 1224.0000 370.0000 1.5513 1.5792 4.2913 1.5555 1.6834 0.9240 2.4949 0.0476
Cyclist 0.0000 0 -1.0553 917.9071 168.8356 950.0994 206.5387 1.7400 0.5369 1.8561 15.5272 1.2032 33.3848 -0.6221 0.0466
Car 0.0000 0 -1.6606 885.1237 170.9612 929.0167 203.5083 1.5284 1.6546 3.9034 15.0068 1.0819 35.3087 -1.2603 0.0458
Car 0.0000 0 2.1597 0.0000 179.2312 9.3717 208.2314 1.4545 1.6729 4.5010 -34.3431 1.3923 37.8031 1.4281 0.0443
Car 0.0000 0 2.5703 0.0000 176.9286 44.2769 206.1930 1.5091 1.5941 4.0082 -33.3091 1.3264 38.6054 1.8642 0.0440
Car 0.0000 0 1.6420 0.0000 0.0000 1224.0000 370.0000 1.5145 1.5313 4.2437 1.6436 1.7042 0.8410 2.5980 0.0440
Car 0.0000 0 1.1299 0.0000 0.0000 1224.0000 370.0000 1.5837 1.6085 3.8212 2.1308 1.6731 1.1353 2.1020 0.0434
Pedestrian 0.0000 0 -0.5967 755.0889 164.3134 776.4773 207.9131 1.7742 0.5536 0.6629 6.6043 1.1170 29.1460 -0.3745 0.0429
Car 0.0000 0 -1.6732 887.1575 171.1867 930.7267 203.6073 1.5142 1.6020 3.6290 14.9665 1.0807 34.9871 -1.2706 0.0423
Car 0.0000 0 0.2523 0.0000 0.0000 1224.0000 370.0000 1.5944 1.7432 4.3261 -2.5208 1.6431 0.2265 -1.1020 0.0416
Cyclist 0.0000 0 -1.3580 918.3817 168.5443 939.7370 206.0871 1.7331 0.5307 1.9329 15.3796 1.1826 33.5674 -0.9303 0.0402
Car 0.0000 0 2.2698 0.0000 177.1259 29.8132 206.0812 1.4733 1.6661 4.3451 -33.6279 1.3031 38.1583 1.5533 0.0401
Cyclist 0.0000 0 -0.9143 920.3826 169.3194 955.6306 206.7577 1.7351 0.5717 1.7321 15.7270 1.2184 33.4155 -0.4765 0.0397
Car 0.0000 0 2.5150 0.0000 175.8587 47.9683 205.9120 1.5559 1.6618 4.2257 -33.3883 1.3170 38.8490 1.8109 0.0394
Car 0.0000 0 2.6466 0.0000 175.7062 50.3892 205.7605 1.5499 1.6125 4.1189 -33.1191 1.3041 38.6687 1.9442 0.0386
Car 0.0000 0 3.4247 123.2289 166.0920 232.9847 203.8259 1.6805 1.7934 4.0243 -19.7511 1.0403 32.8549 2.8895 0.0379
Car 0.0000 0 2.2907 0.0000 176.3120 30.2117 205.1435 1.4789 1.5821 4.1010 -33.6281 1.2655 38.3182 1.5763 0.0373
Car 0.0000 0 2.4276 0.0000 176.5258 37.2484 206.4829 1.5443 1.5907 4.0816 -33.6029 1.3409 38.5795 1.7169 0.0373
Pedestrian 0.0000 0 2.1251 1085.9016 170.1273 1131.4674 241.8656 1.7052 0.5972 0.7586 12.2324 1.4602 17.2253 2.7354 0.0373
Car 0.0000 0 -2.0304 38.2483 0.0000 1224.0000 370.0000 1.5699 1.6370 3.9165 1.0814 1.6663 0.6492 -1.1904 0.0369
Car 0.0000 0 2.4797 0.0000 175.6043 39.2076 205.0710 1.5081 1.5769 3.9461 -33.2242 1.2589 38.2711 1.7706 0.0352
Car 0.0000 0 -0.5915 591.4056 173.9388 704.8795 218.5954 1.4663 1.5624 3.7436 1.5091 1.2524 24.8319 -0.5298 0.0350
Pedestrian 0.0000 0 -0.3066 1219.7629 167.3767 1224.0000 195.5867 1.7867 0.6235 0.6062 39.7962 0.9569 45.1843 0.4135 0.0348
Car 0.0000 0 2.6029 0.0000 175.1157 53.5289 206.0684 1.5973 1.6570 4.3234 -33.1409 1.3208 38.7952 1.9017 0.0343
Car 0.0000 0 3.1193 118.6768 166.2778 222.0676 204.2140 1.6579 1.7588 3.9854 -20.0644 1.0378 32.7066 2.5752 0.0341
Car 0.0000 0 -1.5000 890.8985 171.8011 930.5682 203.8012 1.5048 1.5692 3.6028 15.2452 1.0972 35.2052 -1.0930 0.0339
Car 0.0000 0 2.5598 0.0000 176.4745 43.3152 205.8434 1.5080 1.5770 4.0729 -33.2811 1.3028 38.4759 1.8525 0.0339
Car 0.0000 0 -2.1536 1041.6249 158.4710 1109.6552 187.9292 1.8073 1.6388 4.1035 30.1409 0.4572 45.4267 -1.5694 0.0338
Car 0.0000 0 -1.8553 97.7678 0.0000 1080.3882 370.0000 1.6048 1.5870 3.9179 0.4873 1.6359 0.6732 -1.3985 0.0335
Car 0.0000 0 3.3879 124.9130 165.3375 235.8794 203.4742 1.6949 1.8212 4.1001 -19.6468 1.0225 32.8711 2.8553 0.0335
Car 0.0000 0 -2.0657 0.0000 0.0000 1224.0000 370.0000 1.5420 1.6618 3.9914 1.5751 1.6993 0.9515 -1.1738 0.0334
Car 0.0000 0 2.2773 0.0000 174.6752 42.8387 205.4959 1.6057 1.6625 4.3544 -33.5912 1.3037 39.0098 1.5722 0.0332
Pedestrian 0.0000 0 2.3164 1085.1210 170.9179 1133.9594 241.5373 1.6808 0.5977 0.7801 12.2310 1.4544 17.1987 2.9274 0.0329
Car 0.0000 0 1.9216 0.0000 175.1187 5.6733 207.0837 1.6443 1.7425 4.6548 -35.0022 1.3689 38.8503 1.1940 0.0328
Car 0.0000 0 0.1392 28.6506 0.0000 1224.0000 370.0000 1.5594 1.6824 4.1502 -2.2913 1.5995 0.3666 -1.1373 0.0326
Car 0.0000 0 -2.1145 1041.1875 157.4509 1110.0669 186.7938 1.7979 1.6675 4.3525 30.1974 0.3870 45.5257 -1.5303 0.0319
Car 0.0000 0 2.5633 0.0000 175.1464 55.5162 205.9659 1.5905 1.6771 4.3986 -33.0754 1.3156 38.8316 1.8636 0.0317
Car 0.0000 0 1.9456 0.0000 0.0000 1224.0000 370.0000 1.6237 1.6921 4.4015 0.9747 1.6719 1.4175 2.4576 0.0314
Pedestrian 0.0000 0 1.4215 400.1781 168.0029 420.1939 219.4137 1.6178 0.5411 0.5622 -6.2644 1.2261 22.6105 1.1566 0.0306
Car 0.0000 0 3.2450 120.7563 165.7675 227.3680 203.6903 1.6687 1.7378 4.0522 -19.8574 1.0219 32.7493 2.7061 0.0306
Car 0.0000 0 -0.5697 588.2457 174.1263 706.5775 217.9465 1.4462 1.6295 3.9162 1.4919 1.2374 24.9948 -0.5091 0.0303
Car 0.0000 0 2.4093 0.0000 175.5742 39.1426 205.3876 1.5219 1.6065 4.0540 -33.1685 1.2718 38.2007 1.7002 0.0301
Car 0.0000 0 -2.0041 0.0000 0.0000 1048.7271 370.0000 1.5483 1.5747 3.7978 0.5300 1.5967 0.6113 -1.4861 0.0297
Cyclist 0.0000 0 1.3602 754.7022 167.3018 775.0679 208.4483 1.6830 0.5205 1.5352 6.6809 1.1446 29.6852 1.5809 0.0274
Car 0.0000 0 2.1432 0.0000 175.4881 34.8258 204.8403 1.5482 1.6608 4.5255 -34.3920 1.2852 39.6428 1.4343 0.0268
Pedestrian 0.0000 0 -0.6948 926.5300 168.6112 950.3208 206.2458 1.7591 0.5682 0.8508 15.7452 1.2048 33.4258 -0.2567 0.0268
Cyclist 0.0000 0 2.3724 1056.2953 172.0344 1131.7129 239.7037 1.6420 0.5395 1.6306 12.1018 1.4382 17.5571 2.9690 0.0266
Car 0.0000 0 -1.8136 875.4828 169.2490 930.1474 203.1460 1.5872 1.6355 3.7213 14.6809 1.0618 35.0648 -1.4186 0.0263
Car 0.0000 0 2.5704 0.0000 174.3130 61.5333 205.2694 1.6031 1.7514 4.5651 -33.0166 1.2841 39.0490 1.8743 0.0260
Pedestrian 0.0000 0 -0.5691 1219.4335 167.4416 1224.0000 195.7630 1.7964 0.6486 0.5891 39.8472 0.9694 45.2062 0.1514 0.0257
Car 0.0000 0 0.2150 0.0000 0.0000 1224.0000 370.0000 1.5641 1.7962 3.9043 27.0649 1.3788 1.4486 1.7220 0.0247
Pedestrian 0.0000 0 -0.7728 175.6057 166.4960 207.1450 220.6494 1.6920 0.6239 0.6008 -13.1693 1.2560 22.4610 -1.2951 0.0247
Car 0.0000 0 3.0938 0.0000 176.9240 39.7549 205.6210 1.4729 1.5745 3.9630 -33.1778 1.2908 38.2176 2.3847 0.0239
Car 0.0000 0 -1.5231 897.7956 171.8756 936.6342 204.7815 1.5277 1.5944 3.2449 15.3083 1.1288 34.6293 -1.1086 0.0239
Car 0.0000 0 1.4926 744.6069 168.2657 786.6780 204.4227 1.5723 1.5788 4.0608 7.3868 1.0418 32.8633 1.7133 0.0237
Pedestrian 0.0000 0 -1.6961 399.4890 167.5029 419.7737 219.8363 1.6449 0.5549 0.6121 -6.2816 1.2379 22.6067 -1.9617 0.0235
Cyclist 0.0000 0 -0.7632 918.6357 168.1830 957.1329 207.3443 1.8070 0.6310 1.6612 15.6077 1.2401 33.1847 -0.3257 0.0227
Car 0.0000 0 -0.5820 583.8606 174.1000 703.0987 218.3962 1.4454 1.6353 3.9157 1.3428 1.2381 24.7581 -0.5268 0.0225
Pedestrian 0.0000 0 -0.6766 174.7577 165.7883 207.0024 220.8826 1.7164 0.6190 0.6365 -13.1677 1.2596 22.4306 -1.1994 0.0223
Car 0.0000 0 0.3117 0.0000 176.1703 42.6687 205.7078 1.5248 1.5731 4.0599 -33.0086 1.3027 38.0055 -0.3975 0.0220
Pedestrian 0.0000 0 2.3177 164.0824 169.0119 192.8670 221.3384 1.7332 0.5922 0.5803 -14.3611 1.3542 23.7598 1.7818 0.0217
Car 0.0000 0 -2.9954 0.0000 0.0000 1224.0000 370.0000 1.5790 1.7056 3.8925 27.0269 1.3461 0.8380 -1.4660 0.0217
Pedestrian 0.0000 0 -1.5184 309.0652 171.4589 329.1194 226.5368 1.6359 0.5288 0.5995 -8.6687 1.3690 21.3647 -1.8969 0.0212
Car 0.0000 0 0.2767 0.0000 0.0000 1224.0000 370.0000 1.4967 1.6729 3.7325 26.8927 1.3370 1.1754 1.7934 0.0210
Cyclist 0.0000 0 -1.5355 862.5647 154.5906 890.0374 225.7275 2.0599 0.7186 2.1433 8.2724 1.3112 21.5956 -1.1730 0.0209
Car 0.0000 0 2.4725 0.0000 175.3155 53.3367 205.7421 1.5793 1.6824 4.4291 -33.2938 1.3116 39.0321 1.7720 0.0209
Car 0.0000 0 -0.6180 602.8833 171.9005 721.8992 217.3715 1.5047 1.6079 4.0276 2.0394 1.2217 25.1126 -0.5363 0.0208
Pedestrian 0.0000 0 -1.3791 308.5229 172.0256 329.8429 226.6783 1.6273 0.4989 0.5560 -8.6674 1.3766 21.3673 -1.7575 0.0208
Car 0.0000 0 -1.0121 134.6001 157.1603 188.5346 183.6763 2.0883 1.7320 4.2589 -36.1644 0.2514 57.8114 -1.5667 0.0205
Car 0.0000 0 -1.7031 884.3724 169.0815 929.9890 203.7250 1.6057 1.5834 3.5882 14.7569 1.0779 34.7059 -1.3027 0.0200
Car 0.0000 0 -1.7397 106.5734 0.0000 931.4122 370.0000 1.5232 1.5758 3.6791 0.1552 1.5670 0.4874 -1.5475 0.0199
Car 0.0000 0 -0.9700 135.2547 155.5638 192.5708 182.4874 2.1217 1.7484 4.4872 -36.0797 0.1579 57.9965 -1.5221 0.0198
Cyclist 0.0000 0 2.4203 1054.9701 170.9852 1133.7341 239.3723 1.6636 0.5292 1.6852 12.1115 1.4337 17.5617 3.0171 0.0194
Car 0.0000 0 -1.8032 875.7505 169.6709 931.5419 203.0345 1.5658 1.6855 3.9260 14.7950 1.0590 35.2509 -1.4074 0.0192
Car 0.0000 0 -0.8953 139.8137 157.2198 198.5381 182.1156 1.9650 1.7310 4.3951 -35.7093 0.1288 58.0909 -1.4421 0.0190
Car 0.0000 0 -2.0529 1043.4021 157.9115 1104.4045 187.6390 1.8292 1.6234 3.9342 30.1153 0.4406 45.5399 -1.4702 0.0189
Car 0.0000 0 2.7360 0.0000 176.3772 49.1492 205.8724 1.5162 1.5776 3.9884 -32.9848 1.3057 38.4787 2.0332 0.0189
Car 0.0000 0 1.7201 883.5191 166.1722 931.6185 200.5363 1.6294 1.6682 3.9341 15.2780 0.9515 35.6319 2.1236 0.0188
Car 0.0000 0 -1.7498 879.3891 169.7073 930.8873 203.0185 1.5704 1.6709 4.0184 14.9662 1.0630 35.4693 -1.3521 0.0186
Pedestrian 0.0000 0 2.0910 157.5078 171.4464 186.1961 223.5914 1.7016 0.5925 0.5911 -14.3433 1.4077 23.3692 1.5483 0.0184
Car 0.0000 0 -3.9589 1203.1261 170.3235 1224.0000 324.5644 1.5912 1.6577 3.5755 9.3529 1.4879 8.1518 -3.1227 0.0183
Car 0.0000 0 -2.2766 1035.9418 158.1270 1108.6793 187.5236 1.8024 1.6466 4.0688 29.9540 0.4320 45.4672 -1.6956 0.0179
Pedestrian 0.0000 0 2.1226 163.6497 168.3853 192.6791 221.2644 1.7519 0.5907 0.6308 -14.3576 1.3521 23.7397 1.5864 0.0178
Car 0.0000 0 -2.9604 0.0000 0.0000 1224.0000 370.0000 1.6144 1.7500 3.9194 27.0701 1.3963 1.3348 -1.4492 0.0177
Car 0.0000 0 1.3898 0.0000 0.0000 1224.0000 370.0000 1.5169 1.5630 3.6487 0.5503 1.6702 0.9855 1.7895 0.0176
Cyclist 0.0000 0 -1.2326 925.0917 169.3026 947.4626 205.2521 1.6729 0.4641 1.5971 15.7494 1.1533 33.6311 -0.7967 0.0176
Car 0.0000 0 -2.9788 0.0000 0.0000 1224.0000 370.0000 1.5648 1.7351 4.0933 27.0884 1.3640 1.5259 -1.4746 0.0175
Car 0.0000 0 -0.6499 597.8426 173.8600 710.4153 218.1521 1.4625 1.5846 3.7928 1.7425 1.2448 25.0434 -0.5796 0.0169
Car 0.0000 0 -0.9707 133.5137 153.6002 191.6641 181.8770 2.2258 1.7883 4.5235 -36.1587 0.1096 57.9523 -1.5242 0.0169
Car 0.0000 0 -0.8346 136.4556 157.2404 195.3983 183.5568 2.0681 1.7111 4.1964 -35.7896 0.2415 57.7792 -1.3848 0.0169
Car 0.0000 0 -0.8705 136.2983 155.3622 195.7991 183.3955 2.2051 1.7566 4.3261 -35.8378 0.2290 57.8812 -1.4206 0.0168
Car 0.0000 0 -0.8290 135.7593 154.6546 197.9912 181.8139 2.1338 1.7843 4.4546 -35.7781 0.1045 57.9009 -1.3781 0.0168
Car 0.0000 0 -0.6369 594.1022 174.0751 709.1408 218.0256 1.4478 1.5830 3.8783 1.6517 1.2377 24.9991 -0.5700 0.0167
Pedestrian 0.0000 0 2.6227 158.1490 170.1286 185.7662 223.0709 1.7224 0.6038 0.5547 -14.3554 1.3866 23.3877 2.0800 0.0167
Car 0.0000 0 2.1076 927.5139 173.3083 1004.6154 207.1813 1.4730 1.5305 3.5838 16.5194 1.1617 32.3466 2.5774 0.0165
Car 0.0000 0 -2.2513 1033.5317 157.5809 1108.5421 186.2715 1.7617 1.6951 4.3137 29.9764 0.3557 45.6413 -1.6717 0.0164
Car 0.0000 0 -1.0867 133.4587 155.2977 186.5929 183.8709 2.2502 1.7477 4.5790 -36.4170 0.2667 58.0243 -1.6429 0.0164
Cyclist 0.0000 0 -1.9386 921.0295 167.4326 950.1307 208.0885 1.8413 0.6505 1.7059 15.3446 1.2510 32.8906 -1.5042 0.0164
Pedestrian 0.0000 0 -0.7018 169.7808 167.3271 198.6988 222.2429 1.7219 0.6343 0.5017 -13.4250 1.3104 22.5066 -1.2316 0.0162
Pedestrian 0.0000 0 -0.9825 926.9714 170.3985 949.7613 207.1902 1.7027 0.5997 0.8466 15.6344 1.2367 33.1927 -0.5444 0.0161
Car 0.0000 0 -1.1779 128.5109 165.1610 209.8810 203.2810 1.6836 1.7676 4.2374 -20.5098 1.0076 33.4506 -1.7218 0.0161
Car 0.0000 0 -1.8890 901.9298 169.3472 950.5419 203.2141 1.5700 1.5148 2.1659 15.3616 1.0545 33.9298 -1.4658 0.0161
Pedestrian 0.0000 0 -0.6281 166.8288 170.9843 194.9604 223.4750 1.6230 0.6046 0.4996 -13.3527 1.3304 22.2069 -1.1613 0.0160
Car 0.0000 0 1.5579 887.1437 165.3527 926.6451 200.7659 1.6655 1.7248 4.1489 15.0960 0.9546 35.4949 1.9585 0.0158
Cyclist 0.0000 0 -1.1632 922.7294 168.9520 949.9070 206.1552 1.7179 0.5057 1.7740 15.6542 1.1861 33.4218 -0.7272 0.0156
Car 0.0000 0 3.1441 0.0000 177.2493 48.1443 206.4587 1.5019 1.5747 4.1099 -32.8074 1.3362 38.2771 2.4413 0.0155
Pedestrian 0.0000 0 -0.5948 169.0490 166.9283 197.6530 222.4457 1.7360 0.6237 0.5233 -13.4348 1.3132 22.4744 -1.1256 0.0154
Car 0.0000 0 -0.9991 133.9062 154.8925 189.9592 183.6737 2.2678 1.7476 4.4598 -36.2155 0.2513 57.9516 -1.5533 0.0153
Car 0.0000 0 -2.2038 1037.8369 157.3865 1106.4171 187.3126 1.8425 1.6426 3.9758 30.0046 0.4208 45.5549 -1.6229 0.0149
Car 0.0000 0 2.1124 1221.6431 165.4170 1224.0000 333.5675 1.6140 1.6474 3.7769 9.2892 1.4709 7.9364 2.9580 0.0145
Car 0.0000 0 1.9801 936.0849 172.5200 1005.1485 206.2632 1.4990 1.6174 3.5150 17.1479 1.1460 33.1441 2.4553 0.0143
Car 0.0000 0 -0.8140 140.4593 154.1145 201.4181 182.3808 2.2218 1.7719 4.3071 -35.4275 0.1491 57.8622 -1.3590 0.0143
Car 0.0000 0 -1.5947 891.3613 169.8259 928.6968 203.3393 1.5809 1.6090 3.9316 15.2346 1.0788 35.4718 -1.1906 0.0142
Pedestrian 0.0000 0 -1.0907 483.8798 168.4217 508.5052 220.2866 1.7734 0.6165 0.6477 -3.8078 1.3619 24.5766 -1.2408 0.0141
Car 0.0000 0 3.9073 265.8464 0.0000 1224.0000 370.0000 1.5072 1.6257 4.3067 -2.4069 1.6531 0.2147 2.5581 0.0141
Car 0.0000 0 -1.5348 129.8280 165.9001 179.1993 205.4856 1.7326 1.7755 4.4495 -21.1615 1.0950 33.3114 -2.0946 0.0141
Pedestrian 0.0000 0 -0.6184 165.7003 170.5160 194.8461 223.4532 1.6346 0.6210 0.5229 -13.3632 1.3279 22.1922 -1.1523 0.0139
Car 0.0000 0 -1.3499 129.1955 164.8185 198.3829 204.6509 1.7501 1.7857 4.6268 -20.8268 1.0626 33.5376 -1.8995 0.0139
Car 0.0000 0 -1.1836 133.3831 153.7640 182.4052 183.6666 2.3512 1.8170 4.5039 -36.5596 0.2502 57.9636 -1.7420 0.0139
Car 0.0000 0 -2.2023 1041.1078 159.7521 1108.4060 188.8329 1.7853 1.6553 3.8098 30.0391 0.5129 45.3437 -1.6187 0.0139
Car 0.0000 0 1.5741 137.5097 160.1723 163.0282 184.3660 1.8885 1.6901 4.1384 -36.8711 0.3030 57.3871 1.0074 0.0138
Car 0.0000 0 -2.4942 120.0471 166.5011 233.4164 203.9678 1.7074 1.7907 4.3924 -20.1660 1.0709 33.3459 -3.0321 0.0138
Car 0.0000 0 -1.3779 129.7784 165.9392 195.4380 204.5175 1.6964 1.7676 4.5781 -20.8912 1.0576 33.5394 -1.9289 0.0135
Cyclist 0.0000 0 2.6735 881.5467 163.6784 924.2721 203.0870 1.8662 0.7117 1.7551 14.2581 1.0710 33.8948 3.0700 0.0134
Pedestrian 0.0000 0 -1.2171 754.0244 164.8924 773.1295 207.2770 1.7586 0.6302 0.5586 6.6494 1.1125 29.7365 -0.9977 0.0132
Car 0.0000 0 -1.4901 129.1719 165.5952 184.4586 205.3007 1.7348 1.8006 4.7317 -21.0952 1.0851 33.4027 -2.0472 0.0132
Pedestrian 0.0000 0 -0.7284 171.2094 169.6362 201.6742 221.9729 1.6148 0.6143 0.5552 -13.1549 1.2812 22.1696 -1.2559 0.0131
Pedestrian 0.0000 0 1.3345 0.0000 0.0000 1224.0000 370.0000 1.8899 0.5617 0.6947 30.6814 1.1473 0.0380 2.8951 0.0131
Pedestrian 0.0000 0 -1.2804 753.9681 164.9802 772.9559 207.1207 1.7495 0.6465 0.5622 6.6485 1.1067 29.7522 -1.0611 0.0131
Car 0.0000 0 3.4040 134.7382 165.6555 245.1021 202.9241 1.6862 1.7189 4.1866 -19.4943 1.0160 33.3546 2.8811 0.0129
Pedestrian 0.0000 0 -1.0460 759.1481 164.2696 779.8732 207.9477 1.7938 0.6315 0.5889 6.8343 1.1287 29.4636 -0.8188 0.0126
Car 0.0000 0 -1.3069 135.7822 158.0677 176.7990 185.4799 2.1521 1.7468 4.3392 -36.6244 0.3922 57.8352 -1.8670 0.0125
Car 0.0000 0 -1.1977 133.9622 156.0705 181.1568 185.2391 2.2926 1.7433 4.4718 -36.5665 0.3737 57.9255 -1.7564 0.0124
Pedestrian 0.0000 0 -0.7549 170.1645 169.0571 202.0036 222.0438 1.6327 0.6335 0.5837 -13.1548 1.2817 22.1516 -1.2827 0.0122
Pedestrian 0.0000 0 -4.4399 0.0000 0.0000 1224.0000 370.0000 1.8443 0.5609 0.7491 30.6300 1.1707 0.0485 -2.8797 0.0121
Pedestrian 0.0000 0 -0.6896 926.0632 170.4094 951.2841 207.6069 1.7257 0.6036 0.8904 15.6497 1.2590 33.2000 -0.2512 0.0121
Car 0.0000 0 -1.3250 132.9485 164.8779 202.5324 204.0806 1.7264 1.7480 4.4550 -20.6316 1.0399 33.5189 -1.8707 0.0121
Car 0.0000 0 -1.5228 132.7825 166.0067 184.8167 204.1411 1.6706 1.8407 4.3347 -20.9556 1.0371 33.3106 -2.0782 0.0119
Pedestrian 0.0000 0 -1.0528 759.1531 164.1158 779.0237 207.7576 1.7927 0.6132 0.5531 6.8135 1.1212 29.4500 -0.8261 0.0118
Car 0.0000 0 3.6391 0.0000 176.8240 42.1820 205.6150 1.5101 1.6107 4.0258 -33.2545 1.3187 38.2900 2.9298 0.0118
Car 0.0000 0 1.6026 886.2131 163.9834 925.2537 199.0464 1.6900 1.7237 3.8804 15.4232 0.8954 36.1970 2.0039 0.0116
Car 0.0000 0 1.3094 0.0000 174.4153 14.0397 204.7565 1.5937 1.7485 4.4845 -34.6142 1.2755 39.1084 0.5907 0.0116
Car 0.0000 0 -1.8368 906.2314 171.4014 953.9704 204.9037 1.5447 1.5150 2.3072 15.5104 1.1267 33.8563 -1.4091 0.0114
Car 0.0000 0 2.0243 115.7380 170.2724 174.7656 197.3066 1.8909 1.8249 4.4979 -33.5748 1.1769 51.7906 1.4537 0.0114
Car 0.0000 0 2.5141 0.0000 174.9099 65.5471 204.9393 1.5674 1.7279 4.3722 -32.7765 1.2770 39.2314 1.8239 0.0114
Car 0.0000 0 -1.4651 130.9118 165.5951 187.8055 205.0066 1.7302 1.7917 4.4189 -20.9853 1.0773 33.4149 -2.0198 0.0113
Car 0.0000 0 -1.6756 143.2278 0.0000 1013.5891 370.0000 1.5525 1.5956 3.6384 0.1462 1.6198 0.5200 -1.5016 0.0113
Car 0.0000 0 -1.9234 871.9607 167.7986 931.2654 202.6230 1.6252 1.5885 3.4227 14.4851 1.0339 34.7344 -1.5300 0.0112
Cyclist 0.0000 0 -1.6594 916.9828 171.7240 931.3101 205.8460 1.6425 0.4952 1.6436 15.7255 1.2215 34.8867 -1.2377 0.0112
Car 0.0000 0 0.1737 0.0000 0.0000 1224.0000 370.0000 1.5053 1.6719 3.6420 26.8812 1.3515 0.6433 1.7101 0.0112
Car 0.0000 0 -1.4585 137.1634 153.4952 170.5540 184.6046 2.4395 1.7787 4.6499 -36.8857 0.3231 57.9190 -2.0212 0.0112
Car 0.0000 0 -1.4537 136.9179 156.4890 169.9351 185.5221 2.2769 1.7502 4.4639 -36.8711 0.3951 57.8362 -2.0169 0.0112
Car 0.0000 0 -1.3833 278.7894 0.0000 1085.3793 370.0000 1.5619 1.6085 3.7854 -0.1192 1.6026 0.4709 -1.5293 0.0110
Car 0.0000 0 -3.6466 1181.7733 173.5161 1224.0000 325.6845 1.5508 1.6052 3.5183 9.3861 1.4813 8.5056 -2.8290 0.0110
Car 0.0000 0 -1.2260 132.2968 165.5229 212.1051 202.9396 1.6514 1.7696 4.5708 -20.4599 0.9919 33.6149 -1.7667 0.0109
Car 0.0000 0 1.3030 0.0000 174.7574 8.8035 206.2672 1.6339 1.7431 4.5486 -34.5366 1.3376 38.6331 0.5794 0.0109
Cyclist 0.0000 0 1.4888 762.0876 167.6008 777.2553 208.4434 1.6664 0.4936 1.4976 6.8691 1.1416 29.6192 1.7160 0.0108
Car 0.0000 0 -1.4220 130.2511 165.5853 191.4013 204.7029 1.7202 1.7805 4.4868 -20.9609 1.0658 33.5003 -1.9750 0.0108
Car 0.0000 0 -3.6627 1187.4967 175.0743 1224.0000 326.9184 1.5497 1.5910 3.4787 9.4225 1.4960 8.4847 -2.8420 0.0108
Pedestrian 0.0000 0 -2.5870 148.9347 171.3847 177.0148 224.5335 1.7359 0.6082 0.5490 -14.6515 1.4397 23.3926 -3.1387 0.0107
Car 0.0000 0 2.6341 0.0000 173.9985 60.9366 204.7453 1.5889 1.7348 4.2679 -32.7640 1.2543 38.8354 1.9391 0.0107
Car 0.0000 0 -1.5310 132.0309 166.0139 182.7224 204.9921 1.7073 1.8174 4.4420 -21.0452 1.0743 33.3450 -2.0879 0.0106
Pedestrian 0.0000 0 -0.7244 754.8242 163.5517 775.5464 207.1029 1.7911 0.6221 0.5745 6.6567 1.0956 29.4840 -0.5029 0.0106
Car 0.0000 0 1.5641 856.7116 174.9751 898.0568 210.4241 1.4363 1.5777 4.0547 11.8217 1.2139 30.8182 1.9285 0.0106
Car 0.0000 0 1.5789 1085.9279 170.3565 1125.4725 202.3777 1.6206 1.6543 3.7246 26.7390 1.1086 37.7740 2.1924 0.0106
Car 0.0000 0 -3.0883 0.0000 0.0000 1224.0000 370.0000 1.5217 1.6334 3.9953 27.0654 1.2788 0.4114 -1.5432 0.0105
Car 0.0000 0 1.9825 943.0378 172.4155 1012.0385 205.6595 1.4914 1.5784 3.6237 17.6434 1.1302 33.4651 2.4653 0.0105
Cyclist 0.0000 0 1.5456 401.3236 170.4745 418.5694 219.1167 1.5833 0.5245 1.6372 -6.6242 1.2585 23.8690 1.2801 0.0105
Car 0.0000 0 1.5473 749.0391 170.1715 786.5555 205.4801 1.5239 1.5786 3.9005 7.4295 1.0796 32.5791 1.7711 0.0105
Car 0.0000 0 1.9364 465.8228 0.0000 1224.0000 370.0000 1.4914 1.5846 3.7870 -0.1482 1.7329 0.8766 1.8145 0.0105
Car 0.0000 0 -1.4425 133.3115 165.3611 193.0804 204.3022 1.7079 1.7987 4.5879 -20.8279 1.0454 33.4666 -1.9931 0.0103
Car 0.0000 0 -1.4409 136.9023 156.0714 170.5000 185.5436 2.3138 1.7430 4.4292 -36.8764 0.3972 57.8808 -2.0038 0.0103
Car 0.0000 0 1.4306 843.4175 176.2610 896.1386 210.9335 1.4120 1.5910 4.0239 11.4828 1.2409 30.9247 1.7844 0.0103
Car 0.0000 0 -1.2790 129.3701 165.7590 205.0490 204.5651 1.7122 1.7804 4.6242 -20.7257 1.0633 33.6536 -1.8249 0.0102
Pedestrian 0.0000 0 2.1951 774.5690 163.0088 797.1172 213.5800 1.8198 0.5465 0.6082 6.5840 1.1919 25.8428 2.4433 0.0102
Pedestrian 0.0000 0 1.9178 775.0892 163.1185 795.4852 213.4458 1.8110 0.5495 0.6081 6.5654 1.1870 25.8430 2.1653 0.0102
Car 0.0000 0 -1.5046 129.0786 171.2226 173.2660 201.4144 1.5113 1.7046 3.7750 -23.9896 1.0483 37.4522 -2.0687 0.0101
Car 0.0000 0 1.4856 839.4845 171.8027 894.9749 215.0320 1.5057 1.6102 3.9651 9.8125 1.2043 26.7465 1.8351 0.0101
Car 0.0000 0 2.0398 945.0796 172.7297 1022.4220 206.4665 1.5120 1.6055 3.9914 17.9502 1.1652 33.4860 2.5295 0.0101
Car 0.0000 0 1.6098 827.1446 171.6666 875.3887 215.2472 1.5307 1.5929 3.9104 9.4119 1.2220 26.9405 1.9439 0.0100
Car 0.0000 0 -3.0392 844.8965 168.8167 931.4621 203.6118 1.6288 1.6390 3.7988 13.8741 1.0833 34.6980 -2.6604 0.0099
Car 0.0000 0 1.8743 114.9521 173.9959 164.5542 198.3022 1.6972 1.7694 4.4446 -33.9608 1.2443 51.7433 1.2980 0.0099
Cyclist 0.0000 0 -1.1359 379.4053 171.6470 415.2763 222.1921 1.5512 0.4469 1.6308 -6.6311 1.2810 22.5334 -1.4164 0.0099
Pedestrian 0.0000 0 3.5543 156.5168 165.4472 181.9137 217.8284 1.7351 0.5718 0.5406 -14.6559 1.2380 23.7351 3.0090 0.0099
Car 0.0000 0 -1.8224 915.5271 172.6884 971.7330 205.6089 1.4628 1.5924 3.2994 15.8072 1.1172 33.1833 -1.3799 0.0099
Car 0.0000 0 -1.0327 147.2529 164.1236 234.5981 200.4605 1.6328 1.6705 4.2147 -19.7352 0.8984 33.8864 -1.5541 0.0098
Cyclist 0.0000 0 1.5408 763.1620 169.5664 776.3503 210.1228 1.6635 0.4925 1.4795 6.9092 1.2165 29.7701 1.7682 0.0098
Car 0.0000 0 -0.9434 311.4894 0.0000 1224.0000 370.0000 1.6239 1.6351 3.9493 -0.5316 1.6532 0.5828 -1.4720 0.0098
Cyclist 0.0000 0 1.5522 759.7828 166.7187 773.1610 208.4043 1.6922 0.5112 1.5501 6.7102 1.1343 29.5081 1.7752 0.0098
Car 0.0000 0 1.1671 0.0000 174.9082 10.1604 207.0409 1.6608 1.6836 4.5879 -34.4704 1.3732 38.2767 0.4399 0.0098
Car 0.0000 0 1.7033 860.3175 173.4925 911.8456 209.5690 1.4559 1.5783 3.9105 12.2026 1.1746 30.6211 2.0806 0.0097
Pedestrian 0.0000 0 -1.7077 1083.6135 163.7966 1099.7559 195.9778 1.8680 0.6845 0.7359 28.5703 0.8998 41.5190 -1.1070 0.0097
Pedestrian 0.0000 0 -0.6516 755.4410 163.8875 775.4054 207.3108 1.7863 0.6064 0.5576 6.6638 1.1044 29.4727 -0.4298 0.0097
Car 0.0000 0 1.5164 817.2297 172.2137 867.9411 215.2666 1.5195 1.6056 3.8628 8.9826 1.2286 27.0240 1.8354 0.0097
Car 0.0000 0 1.7899 821.2958 170.8547 886.6546 213.8886 1.5574 1.5906 3.9984 9.7906 1.2098 27.7005 2.1277 0.0097
Car 0.0000 0 -1.2213 134.7932 164.3096 214.3444 203.7150 1.7391 1.7601 4.5235 -20.3316 1.0260 33.5857 -1.7597 0.0097
Car 0.0000 0 -1.7335 800.8239 172.0562 862.1231 214.5273 1.5107 1.6062 3.9323 8.6013 1.2119 27.2055 -1.4289 0.0096
Pedestrian 0.0000 0 -1.7070 1083.4277 164.0852 1099.2809 196.3857 1.8753 0.6696 0.7472 28.5576 0.9237 41.5287 -1.1066 0.0096
Car 0.0000 0 2.0331 940.3932 173.4302 1011.2014 205.9425 1.4369 1.5337 3.4769 17.2506 1.1259 32.8846 2.5138 0.0096
Car 0.0000 0 -1.0884 140.1816 162.6763 223.9218 202.1710 1.7637 1.7342 4.0158 -20.0076 0.9692 33.6167 -1.6192 0.0095
Car 0.0000 0 -1.1530 142.9058 164.3167 222.3253 200.6646 1.6292 1.7341 4.0813 -20.0993 0.9053 33.8123 -1.6833 0.0095
Car 0.0000 0 -1.4034 131.4435 165.1320 194.9056 203.8582 1.7014 1.8118 4.3938 -20.8066 1.0277 33.4351 -1.9539 0.0095
Pedestrian 0.0000 0 1.5339 151.8416 166.5161 174.4444 221.5779 1.7900 0.6159 0.6352 -14.6674 1.3369 23.4150 0.9822 0.0095
Car 0.0000 0 1.4567 828.5332 172.0207 887.2798 215.2249 1.4980 1.6176 3.9386 9.4067 1.2055 26.6095 1.7944 0.0095
Cyclist 0.0000 0 -1.3543 172.0742 172.1641 197.4248 218.7326 1.5348 0.4134 1.5400 -14.3388 1.2616 24.0943 -1.8835 0.0094
Car 0.0000 0 1.7984 824.9208 170.3339 891.9767 213.8199 1.5500 1.5879 3.9729 9.8204 1.1891 27.2965 2.1418 0.0094
Car 0.0000 0 1.7754 850.6772 173.6930 911.2452 210.1403 1.4410 1.5972 4.1720 11.7979 1.1733 30.1330 2.1466 0.0094
Car 0.0000 0 1.5813 849.4354 175.2338 891.0074 210.6098 1.4230 1.5807 4.0292 11.4669 1.2127 30.6002 1.9381 0.0093
Cyclist 0.0000 0 -1.6487 166.9319 167.7685 184.8848 220.0256 1.6404 0.3957 1.4208 -13.9273 1.2423 22.8839 -2.1874 0.0093
Pedestrian 0.0000 0 -2.1942 734.1169 165.3919 756.1643 209.3444 1.8057 0.6429 0.6493 5.8177 1.1865 29.4714 -1.9997 0.0093
Car 0.0000 0 1.7009 832.3644 171.5244 890.3971 214.6705 1.5180 1.5923 3.9381 9.8184 1.2037 26.9857 2.0477 0.0093
Car 0.0000 0 1.6689 853.4848 174.5794 902.4385 210.1566 1.4277 1.5867 4.1092 11.8302 1.1916 30.5597 2.0364 0.0093
Car 0.0000 0 -1.2920 135.6383 164.6032 207.6193 201.7428 1.6471 1.7781 4.3195 -20.5387 0.9436 33.6692 -1.8337 0.0093
Car 0.0000 0 3.2540 0.0000 178.0363 37.4300 206.3637 1.4550 1.5398 3.7980 -33.0356 1.3299 38.0167 2.5444 0.0092
Car 0.0000 0 -1.8794 780.9346 170.5118 859.5112 214.9279 1.5809 1.6671 4.2374 8.1686 1.2270 27.2962 -1.5902 0.0092
Car 0.0000 0 -0.6363 151.8067 172.6579 239.1067 201.7575 1.4762 1.5766 3.8728 -21.9080 1.0798 37.9533 -1.1544 0.0092
Car 0.0000 0 2.7097 0.0000 176.7451 47.2232 205.6153 1.4825 1.5367 3.8873 -32.9478 1.2911 38.3887 2.0063 0.0092
Pedestrian 0.0000 0 -1.2095 156.3882 167.9718 173.2144 198.2280 1.9066 0.7028 0.7071 -27.9934 1.1185 44.9627 -1.7614 0.0092
Cyclist 0.0000 0 -1.1623 304.2232 174.1039 343.6180 225.8975 1.5307 0.4604 1.7580 -8.6673 1.3432 21.7776 -1.5343 0.0090
Car 0.0000 0 -0.5437 28.7936 173.4462 139.4242 205.7213 1.5095 1.6372 4.2069 -25.9120 1.1810 35.3196 -1.1706 0.0089
Car 0.0000 0 -1.7612 877.2570 168.8688 925.7961 202.8987 1.5725 1.5640 3.3359 14.3761 1.0365 34.4579 -1.3676 0.0089
Car 0.0000 0 1.7614 844.2531 174.1754 902.5364 210.2216 1.4249 1.5875 4.0451 11.4540 1.1764 30.0836 2.1233 0.0089
Car 0.0000 0 1.4795 841.7676 176.2756 890.0373 211.1299 1.3918 1.5722 3.8871 11.0934 1.2246 30.3077 1.8286 0.0089
Car 0.0000 0 3.8959 487.6454 0.0000 1224.0000 370.0000 1.5613 1.6828 4.2179 -1.7941 1.7376 0.2129 2.6169 0.0088
Car 0.0000 0 -1.6951 133.3430 155.0945 166.7377 184.7740 2.3333 1.7665 4.5342 -37.2669 0.3373 57.8907 -2.2626 0.0088
Car 0.0000 0 1.6639 867.8114 172.5656 926.3138 214.8328 1.5456 1.7560 4.5399 11.7215 1.2570 28.2685 2.0546 0.0088
Car 0.0000 0 2.6957 803.5288 176.4062 915.9151 209.6657 1.3953 1.6639 4.2949 10.9957 1.2250 30.7070 3.0379 0.0088
Cyclist 0.0000 0 -0.9206 920.4677 167.5722 953.8022 204.3326 1.7213 0.5528 1.6555 15.8344 1.1174 33.7317 -0.4837 0.0088
Pedestrian 0.0000 0 -1.4021 156.7591 168.5838 171.9442 198.8001 1.9004 0.7132 0.6785 -27.9898 1.1523 44.9108 -1.9545 0.0087
Car 0.0000 0 1.6646 845.9471 174.6545 894.5793 211.1992 1.4195 1.5645 3.7163 11.0824 1.1939 29.4719 2.0223 0.0087
Car 0.0000 0 1.4205 815.0063 172.2772 877.8276 215.4712 1.4976 1.6342 3.9727 8.9671 1.2140 26.6059 1.7436 0.0087
Pedestrian 0.0000 0 -0.9983 769.8650 165.5532 790.8239 208.1325 1.7470 0.5995 0.6343 7.2799 1.1352 29.4397 -0.7567 0.0087
Car 0.0000 0 1.7257 844.8572 175.1085 899.3723 210.7461 1.4177 1.5770 4.1091 11.4808 1.2047 30.2976 2.0861 0.0087
Pedestrian 0.0000 0 -1.1216 156.6539 168.2149 173.7115 198.2848 1.8978 0.6927 0.6841 -27.9894 1.1238 44.9948 -1.6731 0.0086
Car 0.0000 0 -0.9983 931.3107 173.8568 1006.9987 206.8667 1.4559 1.5257 3.3862 16.8303 1.1644 32.6884 -0.5252 0.0086
Car 0.0000 0 1.6034 844.6323 175.3541 887.3827 211.2695 1.4153 1.5817 3.7823 11.0643 1.2140 29.9068 1.9560 0.0086
Car 0.0000 0 2.7324 798.6058 175.9322 909.5079 209.5524 1.4125 1.6418 4.2346 10.7352 1.2221 30.6771 3.0674 0.0085
Car 0.0000 0 2.0617 943.4846 173.2264 1021.6003 206.1060 1.4738 1.5978 3.9417 17.8710 1.1492 33.4499 2.5500 0.0085
Car 0.0000 0 -0.6915 151.1046 172.1883 241.1639 201.6852 1.4980 1.6374 4.0924 -21.9466 1.0773 38.1070 -1.2086 0.0085
Pedestrian 0.0000 0 -2.0248 0.0000 0.0000 1224.0000 370.0000 1.9119 0.6274 0.7308 30.6695 1.0467 -0.1789 -0.4572 0.0085
Pedestrian 0.0000 0 -2.1933 733.6566 165.4614 756.3832 209.4225 1.8043 0.6390 0.7022 5.8112 1.1885 29.4663 -1.9990 0.0085
Car 0.0000 0 2.2169 901.6068 171.9523 998.5815 208.8917 1.5808 1.6905 4.3180 15.6119 1.2165 31.9879 2.6686 0.0085
Car 0.0000 0 1.8026 848.0988 174.5426 909.6865 210.1644 1.4234 1.5802 4.0742 11.8013 1.1869 30.3754 2.1712 0.0085
Pedestrian 0.0000 0 -1.2237 158.9224 167.6620 176.1274 198.3115 1.9310 0.7326 0.7068 -27.8194 1.1235 44.9618 -1.7729 0.0084
Car 0.0000 0 -1.4910 137.8082 158.5443 167.5717 185.8529 2.1420 1.6945 4.2989 -36.8844 0.4211 57.7509 -2.0550 0.0084
Pedestrian 0.0000 0 -1.3649 1081.3855 166.6025 1099.1299 200.6142 1.9580 0.6678 0.9907 28.3304 1.1593 41.2822 -0.7654 0.0082
Car 0.0000 0 2.8150 0.0000 175.3325 55.8957 205.1627 1.5307 1.6310 3.9215 -32.5027 1.2669 38.3748 2.1181 0.0082
Cyclist 0.0000 0 -1.0799 301.1286 174.5540 342.7217 227.4048 1.5425 0.4275 1.6770 -8.6141 1.3706 21.4890 -1.4542 0.0082
Car 0.0000 0 -0.4423 153.9688 172.2357 248.9783 202.2640 1.5186 1.6558 4.1127 -21.5683 1.1021 37.9080 -0.9542 0.0081
Car 0.0000 0 1.8466 850.6293 171.7286 928.9183 213.9371 1.5299 1.6896 4.5997 11.3109 1.2135 27.9591 2.2287 0.0081
Cyclist 0.0000 0 -0.6129 327.0170 168.6236 380.5395 221.0879 1.5660 0.4344 1.6002 -7.7871 1.2131 21.8769 -0.9484 0.0081
Car 0.0000 0 2.0474 942.6771 173.1496 1014.8154 205.3012 1.4246 1.5144 3.5633 17.4309 1.1004 32.9654 2.5315 0.0081
Pedestrian 0.0000 0 -1.3497 1080.7737 166.6385 1099.0200 200.4056 1.9460 0.6884 0.9561 28.3356 1.1486 41.3209 -0.7506 0.0081
Car 0.0000 0 1.7080 868.2197 173.2210 925.0367 210.9649 1.4607 1.6656 4.0282 12.2081 1.1805 29.5184 2.0980 0.0081
Car 0.0000 0 1.7753 846.5314 173.8427 906.0302 210.3568 1.4277 1.5767 3.9301 11.4347 1.1689 29.7198 2.1406 0.0081
Car 0.0000 0 2.6077 0.0000 174.4904 57.2666 204.5694 1.5508 1.7161 4.0873 -32.7227 1.2423 38.6605 1.9111 0.0081
Car 0.0000 0 2.0769 943.5239 172.9089 1017.4587 205.5275 1.4485 1.5170 3.5640 17.5294 1.1129 33.0025 2.5628 0.0080
Car 0.0000 0 1.6720 947.9321 173.7847 991.7686 207.1573 1.4813 1.5047 3.3786 17.1505 1.1847 33.2043 2.1464 0.0080
Cyclist 0.0000 0 -1.7576 1091.5422 163.3227 1127.1106 232.3910 1.7687 0.4666 1.6331 13.4573 1.3304 18.9416 -1.1462 0.0080
Car 0.0000 0 -0.3886 153.6749 172.4816 247.1792 202.3576 1.5087 1.6610 4.0101 -21.5661 1.1052 37.7872 -0.9018 0.0080
Car 0.0000 0 2.0397 943.0261 172.7826 1017.2482 205.7023 1.4768 1.5766 3.7665 17.7542 1.1321 33.4457 2.5254 0.0080
Car 0.0000 0 2.5977 811.9158 176.4429 924.5783 210.0355 1.3823 1.5881 4.3269 11.2250 1.2169 30.2797 2.9509 0.0079
Car 0.0000 0 1.8299 856.4413 173.8717 921.0440 210.1599 1.4469 1.5890 4.0564 12.1880 1.1841 30.2874 2.2105 0.0079
Cyclist 0.0000 0 2.3696 1055.0555 171.3556 1129.9305 239.7719 1.6668 0.5034 1.6629 12.1052 1.4456 17.6144 2.9648 0.0079
Car 0.0000 0 -1.6980 122.6572 164.7971 183.6588 206.5166 1.8054 1.8353 4.6977 -21.1539 1.1273 32.9868 -2.2620 0.0078
Cyclist 0.0000 0 -1.6951 160.4505 176.7166 183.7305 225.7115 1.5672 0.4673 1.6333 -14.3669 1.4477 23.3973 -2.2380 0.0077
Pedestrian 0.0000 0 -2.0698 286.6389 173.1448 315.2829 227.8813 1.5957 0.5055 0.7127 -9.0778 1.3829 21.0274 -2.4701 0.0077
Car 0.0000 0 -0.4968 153.8566 172.1368 251.6142 202.3305 1.5285 1.6812 4.2897 -21.5676 1.1065 38.0500 -1.0071 0.0077
Pedestrian 0.0000 0 -0.9691 158.7782 167.7401 176.7119 198.3003 1.9293 0.7142 0.6744 -27.8220 1.1251 44.9869 -1.5180 0.0076
Car 0.0000 0 2.0803 846.9345 174.5204 929.5914 210.4706 1.4267 1.5852 3.8221 11.9831 1.1909 29.8740 2.4597 0.0076
Car 0.0000 0 -0.3453 0.0000 0.0000 1224.0000 370.0000 1.4642 1.6515 4.0046 -39.7028 1.5941 0.1690 -1.9021 0.0076
Pedestrian 0.0000 0 -1.4181 159.2864 168.1758 174.4832 199.0936 1.9396 0.7202 0.6912 -27.7661 1.1678 44.8096 -1.9679 0.0076
Car 0.0000 0 1.8357 829.0204 172.3590 899.6326 213.9703 1.5072 1.6054 4.0324 10.2016 1.2139 27.7152 2.1863 0.0076
Car 0.0000 0 3.6149 0.0000 177.2364 44.1766 205.4483 1.4843 1.6771 4.1704 -33.4133 1.3140 38.4977 2.9060 0.0075
Car 0.0000 0 1.7492 840.4423 171.9490 907.2910 213.0462 1.4650 1.6770 4.4538 10.5195 1.1617 27.5398 2.1119 0.0075
Car 0.0000 0 1.8125 851.8571 173.6514 915.8549 210.0683 1.4231 1.5840 4.0659 11.7646 1.1570 29.7421 2.1872 0.0075
Pedestrian 0.0000 0 -1.9365 288.7624 173.0956 314.6525 227.5984 1.5896 0.4922 0.7023 -9.0621 1.3752 21.0404 -2.3360 0.0075
Car 0.0000 0 3.6812 40.9018 174.0316 149.3999 203.6803 1.5094 1.7508 4.3337 -26.6405 1.1816 37.0333 3.0635 0.0074
Cyclist 0.0000 0 -1.4144 927.7377 167.9875 947.5388 207.0377 1.7928 0.6030 1.6235 15.6573 1.2198 33.2974 -0.9769 0.0074
Car 0.0000 0 -1.6640 135.7198 155.5390 166.5424 186.2978 2.4173 1.7208 4.5779 -37.1812 0.4569 57.8964 -2.2306 0.0074
Car 0.0000 0 -1.0638 140.0800 163.7985 226.9783 200.5757 1.6517 1.7240 4.2241 -20.0844 0.9031 33.8803 -1.5930 0.0074
Car 0.0000 0 1.5652 110.6367 177.0479 137.6751 198.8103 1.5114 1.5677 3.9821 -34.8042 1.2730 51.1871 0.9726 0.0074
Car 0.0000 0 1.5673 132.5371 172.2331 169.6061 202.3225 1.5045 1.5794 3.6979 -23.9687 1.0926 37.3323 1.0023 0.0073
Car 0.0000 0 1.8025 115.6991 175.0921 159.4804 198.6216 1.6385 1.6859 4.3872 -34.0230 1.2632 51.5814 1.2239 0.0072
Car 0.0000 0 -1.6874 134.0014 155.8777 165.9092 185.9354 2.3619 1.6905 4.5751 -37.2542 0.4283 57.8601 -2.2551 0.0072
Car 0.0000 0 -3.6089 1163.4868 170.8873 1224.0000 326.7091 1.5651 1.6931 3.6706 9.2395 1.4703 8.5101 -2.7994 0.0072
Car 0.0000 0 1.6505 947.3735 172.6306 989.9199 206.0728 1.4893 1.5266 3.3966 17.1584 1.1403 33.3288 2.1237 0.0072
Pedestrian 0.0000 0 1.5783 157.8430 161.4407 179.6638 216.4365 1.8135 0.6155 0.5908 -14.6624 1.1866 23.7215 1.0325 0.0071
Cyclist 0.0000 0 -3.2389 1062.4812 161.8578 1104.2180 195.2786 1.9290 0.6062 1.9792 28.0804 0.8544 41.5424 -2.6465 0.0071
Cyclist 0.0000 0 -0.7535 355.5578 171.6976 402.2940 222.4704 1.5387 0.4041 1.5334 -7.1096 1.2735 22.1903 -1.0576 0.0071
Car 0.0000 0 1.8356 112.3134 174.7815 159.6734 198.4435 1.6557 1.8057 4.3319 -34.2844 1.2569 51.8088 1.2555 0.0071
Pedestrian 0.0000 0 -0.0345 301.0238 171.2310 326.2645 226.9238 1.6284 0.5045 0.6800 -8.7056 1.3589 21.0370 -0.4197 0.0071
Pedestrian 0.0000 0 0.2953 299.4557 172.3279 327.7284 227.1034 1.6087 0.4841 0.6647 -8.6975 1.3702 21.0308 -0.0898 0.0070
Cyclist 0.0000 0 -1.4899 173.2122 170.5049 193.4057 224.3123 1.6535 0.4213 1.5242 -13.4424 1.3479 22.5002 -2.0205 0.0070
Car 0.0000 0 1.7549 117.7094 175.2653 157.9386 198.2664 1.6028 1.6660 4.3403 -34.0173 1.2393 51.5887 1.1765 0.0070
Car 0.0000 0 3.3750 0.0000 176.7541 51.6595 205.9507 1.5076 1.5995 4.0745 -32.5947 1.3156 38.1377 2.6736 0.0070
Pedestrian 0.0000 0 -1.1367 1078.0380 162.6631 1099.0634 196.7023 1.9729 0.6780 0.9630 28.3872 0.9405 41.5133 -0.5389 0.0070
Car 0.0000 0 1.7611 860.4581 173.1243 921.4822 210.2539 1.4547 1.6444 4.1416 12.1223 1.1673 29.8825 2.1445 0.0070
Car 0.0000 0 -0.2682 0.0000 0.0000 1224.0000 370.0000 1.4268 1.5874 3.7722 -39.6718 1.7018 -0.0433 -1.8304 0.0070
Car 0.0000 0 1.8036 948.1606 172.6241 1002.0261 205.2900 1.4596 1.5033 3.4625 17.4937 1.1092 33.3892 2.2839 0.0070
Car 0.0000 0 2.0464 945.2154 172.4341 1017.5040 205.1171 1.4587 1.5143 3.6209 17.6829 1.1002 33.2079 2.5333 0.0069
Car 0.0000 0 -1.7062 142.9373 164.5707 182.5699 195.8672 2.2215 1.8519 5.0918 -33.0181 1.0921 52.7347 -2.2612 0.0069
Cyclist 0.0000 0 -0.2497 760.1740 164.3812 801.1833 207.8669 1.7915 0.6128 1.5529 7.2844 1.1290 29.4370 -0.0080 0.0069
Car 0.0000 0 1.0400 1037.2949 167.5835 1127.6952 203.8000 1.6382 1.7833 4.0526 22.8510 1.0554 34.0519 1.6283 0.0069
Car 0.0000 0 1.5209 130.7743 172.7322 169.4096 202.4904 1.4811 1.5435 3.5605 -23.9023 1.0959 37.0838 0.9541 0.0069
Car 0.0000 0 -1.5556 129.3161 165.1681 177.3286 206.2136 1.7880 1.7906 4.5326 -21.1535 1.1216 33.1969 -2.1168 0.0069
Car 0.0000 0 -2.6135 0.0000 0.0000 1224.0000 370.0000 1.6176 1.6810 4.0017 38.3534 1.1522 -0.0621 -1.0480 0.0069
Pedestrian 0.0000 0 0.0468 1102.3328 161.7865 1120.6169 194.1040 1.9144 0.6445 0.8634 30.3695 0.8072 42.3991 0.6664 0.0068
Car 0.0000 0 -2.2406 64.1859 172.2648 161.4077 202.8064 1.5658 1.7674 4.6593 -26.2997 1.1450 37.7738 -2.8431 0.0068
Car 0.0000 0 2.0383 945.0822 172.5540 1015.5864 205.2385 1.4575 1.5007 3.5227 17.6063 1.1046 33.1558 2.5241 0.0068
Car 0.0000 0 1.4800 1113.0587 169.2688 1161.7683 199.9348 1.5429 1.7122 3.8532 28.2783 0.9793 37.6597 2.1216 0.0068
Pedestrian 0.0000 0 -1.3634 159.0058 168.1492 174.8227 199.0513 1.9399 0.7266 0.6792 -27.7719 1.1659 44.8219 -1.9132 0.0068
Car 0.0000 0 3.4400 33.3624 173.7408 144.4527 204.2777 1.5158 1.7507 4.3232 -26.6192 1.1817 36.6093 2.8172 0.0068
Car 0.0000 0 -1.4251 141.9435 170.8527 203.2121 205.9974 1.5688 1.7909 5.0001 -20.8261 1.1396 34.2092 -1.9660 0.0067
Car 0.0000 0 2.0098 0.0000 176.8669 19.1874 204.5574 1.4834 1.6259 4.1156 -35.2551 1.2902 40.0731 1.2939 0.0067
Car 0.0000 0 2.5621 820.6073 176.9308 922.9377 209.7209 1.3823 1.5529 4.0035 11.6551 1.2334 30.9998 2.9200 0.0067
Car 0.0000 0 1.8343 834.9177 172.2898 909.1329 212.4286 1.4518 1.6715 4.3108 10.5451 1.1564 27.8062 2.1947 0.0067
Car 0.0000 0 2.4449 823.1289 175.5705 927.9137 209.7356 1.3959 1.5434 4.1823 11.5699 1.1960 30.2983 2.8078 0.0067
Pedestrian 0.0000 0 -2.9059 1105.6681 162.3035 1120.1538 195.8532 2.0030 0.6449 0.5758 30.6269 0.9180 42.6371 -2.2849 0.0067
Pedestrian 0.0000 0 -1.3181 156.2012 167.3948 172.7551 198.2389 1.9410 0.7454 0.6786 -27.9887 1.1176 44.9225 -1.8703 0.0067
Pedestrian 0.0000 0 0.1012 1102.0930 161.7862 1121.2667 194.6735 1.9468 0.6511 0.8741 30.3698 0.8404 42.3830 0.7210 0.0067
Car 0.0000 0 2.4934 821.4556 175.8973 925.0105 209.2411 1.3836 1.5393 4.1049 11.6000 1.1941 30.6563 2.8533 0.0066
Cyclist 0.0000 0 -0.0785 775.1110 166.8265 848.2549 225.7849 1.6150 0.5034 1.9303 5.7324 1.2420 19.8017 0.2007 0.0066
Cyclist 0.0000 0 -1.2934 157.7474 167.6107 176.0797 196.3880 1.8062 0.5867 1.5600 -28.0017 0.9986 45.2030 -1.8430 0.0066
Car 0.0000 0 2.1716 842.3753 174.2563 930.9340 209.4195 1.4359 1.5478 4.0589 12.2189 1.1824 30.6433 2.5491 0.0066
Cyclist 0.0000 0 -1.1839 157.0117 168.9778 177.8545 197.9539 1.8205 0.5759 1.5807 -27.9915 1.0979 45.2425 -1.7330 0.0065
Car 0.0000 0 -1.6669 135.5103 155.3388 166.6664 185.9879 2.4102 1.7363 4.5325 -37.1981 0.4328 57.9178 -2.2335 0.0065
Car 0.0000 0 1.5981 107.2415 176.8540 134.8112 198.8761 1.5240 1.5192 3.8799 -34.8457 1.2730 50.9687 1.0031 0.0065
Car 0.0000 0 -1.7241 926.6672 173.9006 978.6683 206.5265 1.4496 1.6146 3.9032 16.3872 1.1579 33.5132 -1.2714 0.0064
Car 0.0000 0 -3.2816 806.2408 176.1782 914.6769 208.9695 1.3810 1.6598 4.2764 11.0919 1.2005 31.0142 -2.9397 0.0064
Car 0.0000 0 1.7033 948.4176 174.8799 993.4449 207.2407 1.4329 1.4656 3.2127 17.1135 1.1855 33.0401 2.1788 0.0064
Car 0.0000 0 1.8056 950.4421 173.4352 1002.7465 205.8349 1.4451 1.4549 3.3124 17.4928 1.1315 33.2578 2.2875 0.0064
Cyclist 0.0000 0 -1.4287 165.9641 175.6840 187.9916 222.0096 1.5021 0.4258 1.4207 -14.3431 1.3475 23.6582 -1.9660 0.0064
Car 0.0000 0 1.6155 109.1099 176.7701 139.6440 198.8906 1.5366 1.6323 4.1399 -34.8229 1.2788 51.3021 1.0238 0.0063
Car 0.0000 0 2.3073 833.2338 174.9078 930.6834 209.3745 1.4137 1.5413 4.1567 11.9892 1.1858 30.6133 2.6787 0.0063
Car 0.0000 0 -1.8134 910.2520 171.3937 960.7581 205.1617 1.5215 1.4874 2.9439 15.5598 1.1127 33.4397 -1.3799 0.0063
Car 0.0000 0 2.0190 945.0499 172.2389 1013.7200 205.4472 1.4826 1.5117 3.4470 17.5829 1.1153 33.1956 2.5037 0.0063
Pedestrian 0.0000 0 -0.1312 745.0892 168.5142 760.1867 209.2918 1.7942 0.7238 0.5668 6.5521 1.2683 31.4865 0.0736 0.0063
Car 0.0000 0 -2.5265 53.7094 173.7225 159.2260 202.8507 1.5042 1.7485 4.3614 -26.3198 1.1556 37.3974 -3.1339 0.0062
Cyclist 0.0000 0 -0.4406 748.9346 166.4217 785.2648 207.8040 1.7023 0.5384 1.3793 6.7374 1.1247 29.4919 -0.2167 0.0061
Cyclist 0.0000 0 -2.0707 1070.0084 161.1243 1126.1074 232.8699 1.8146 0.4560 1.6832 13.0003 1.3262 18.7383 -1.4705 0.0061
Car 0.0000 0 3.2414 37.9556 172.8146 136.4892 203.7723 1.5133 1.6894 3.9235 -26.4593 1.1391 36.2713 2.6172 0.0061
Cyclist 0.0000 0 -1.4471 401.2455 168.2860 421.7922 219.1475 1.5944 0.4481 1.5769 -6.3062 1.2131 22.9713 -1.7097 0.0061
Car 0.0000 0 1.8774 839.0215 171.8479 921.7543 212.5643 1.4765 1.7088 4.7427 10.9671 1.1642 28.0174 2.2483 0.0061
Pedestrian 0.0000 0 -2.7308 1103.7617 162.9338 1123.6351 195.8623 1.9550 0.6139 0.7897 30.5507 0.9134 42.4689 -2.1091 0.0061
Pedestrian 0.0000 0 1.0840 0.0000 0.0000 1224.0000 370.0000 1.9081 0.6351 0.7453 30.6019 1.0453 -0.2181 2.6528 0.0061
Cyclist 0.0000 0 -1.6739 178.5122 167.2636 201.2156 221.3191 1.6537 0.4985 1.2470 -13.1193 1.2503 22.2760 -2.1980 0.0060
Car 0.0000 0 2.2316 835.4272 175.2768 928.9836 209.9059 1.3985 1.5331 4.1107 11.8710 1.1890 30.2607 2.6035 0.0060
Car 0.0000 0 1.4478 920.6297 170.5780 979.2684 208.6755 1.5751 1.8051 4.3678 15.2950 1.1664 31.5858 1.8964 0.0060
Pedestrian 0.0000 0 -0.8832 1077.2480 163.0866 1100.5311 196.6692 1.9490 0.7079 0.9152 28.3929 0.9398 41.4968 -0.2852 0.0060
Car 0.0000 0 1.7878 112.0474 175.3751 154.5300 198.5773 1.6182 1.7083 4.1497 -34.3218 1.2621 51.5508 1.2049 0.0060
Car 0.0000 0 1.3275 732.7596 168.0445 787.1268 204.1568 1.5770 1.5669 3.8634 7.1037 1.0346 32.8268 1.5404 0.0060
Car 0.0000 0 2.2989 826.8914 175.1495 928.1022 210.1423 1.3949 1.5617 4.2474 11.5035 1.1831 29.8473 2.6648 0.0060
Car 0.0000 0 -2.4750 0.0000 0.0000 1224.0000 370.0000 1.5467 1.6617 4.3973 35.6360 1.2653 0.4047 -0.9231 0.0059
Car 0.0000 0 3.1547 35.8982 174.2854 138.9779 204.7100 1.4763 1.7321 4.1806 -26.4164 1.1762 36.2131 2.5304 0.0059
Car 0.0000 0 3.3513 43.3819 173.6298 144.2108 203.5882 1.4855 1.6828 3.9657 -26.3785 1.1463 36.6154 2.7329 0.0059
Car 0.0000 0 2.0082 0.0000 176.3161 25.0273 204.1538 1.4906 1.5609 4.1664 -34.8858 1.2679 40.0705 1.2975 0.0059
Car 0.0000 0 1.9013 841.0834 173.5873 927.9274 214.7402 1.4799 1.7298 4.7592 11.0415 1.2329 27.7936 2.2772 0.0059
Cyclist 0.0000 0 -2.5790 147.3107 169.3250 179.9260 198.5600 1.8452 0.6064 1.6996 -28.0483 1.1412 44.9332 -3.1321 0.0058
Pedestrian 0.0000 0 -3.7784 0.0000 0.0000 1224.0000 370.0000 1.8409 0.5719 0.8326 30.4463 1.1598 -0.0111 -2.2164 0.0058
Car 0.0000 0 2.1351 842.7350 174.9377 929.6564 209.9470 1.4084 1.5501 4.0229 12.0455 1.1861 30.2498 2.5121 0.0058
Car 0.0000 0 1.8917 109.3422 172.7452 171.5196 201.8017 1.4870 1.5852 4.1113 -25.1281 1.0916 38.3689 1.3174 0.0058
Car 0.0000 0 1.6499 949.7585 174.3890 990.2969 206.8478 1.4307 1.4393 3.1481 16.9853 1.1628 32.8762 2.1244 0.0057
Pedestrian 0.0000 0 -2.6926 1104.0487 162.3277 1123.7162 195.0855 1.9459 0.6342 0.7593 30.5699 0.8678 42.4802 -2.0708 0.0057
Car 0.0000 0 1.8194 851.5737 172.9034 930.6597 215.6899 1.5275 1.7569 4.7695 11.2568 1.2578 27.6793 2.2033 0.0057
Car 0.0000 0 1.7133 118.4153 174.8226 156.4499 198.2264 1.6309 1.7015 4.3191 -34.0451 1.2365 51.5817 1.1345 0.0057
Car 0.0000 0 0.4082 0.0000 175.4008 61.0557 206.4789 1.6002 1.7182 4.5570 -32.2256 1.3391 37.8780 -0.2909 0.0056
Car 0.0000 0 2.3253 900.1050 172.2713 1002.0132 208.7985 1.5717 1.7006 4.2420 15.6270 1.2191 31.9678 2.7776 0.0056
Car 0.0000 0 3.3541 39.1219 174.0026 145.6889 203.7017 1.4697 1.7257 4.1954 -26.4342 1.1496 36.6080 2.7346 0.0056
Car 0.0000 0 2.7036 31.3480 173.4021 143.2679 204.8850 1.4826 1.6502 4.2419 -25.9298 1.1498 35.5466 2.0794 0.0056
Cyclist 0.0000 0 -1.5674 762.8862 169.3048 773.6978 208.5370 1.6243 0.4367 1.6974 6.9419 1.1622 30.1437 -1.3416 0.0056
Car 0.0000 0 2.0812 111.3291 170.8564 174.7545 197.7596 1.8757 1.8096 4.6850 -33.6585 1.2047 51.6855 1.5085 0.0056
Car 0.0000 0 -2.2066 79.9465 174.0766 164.3756 203.0561 1.4893 1.7318 3.9539 -25.8253 1.1606 37.8095 -2.8002 0.0055
Cyclist 0.0000 0 -0.4388 750.3199 166.6628 784.6415 207.7543 1.6914 0.5234 1.2956 6.7533 1.1233 29.4913 -0.2143 0.0055
Cyclist 0.0000 0 1.6228 771.5766 170.5517 785.2231 210.4553 1.6438 0.4873 1.4884 7.3196 1.2355 29.9040 1.8621 0.0055
Cyclist 0.0000 0 -0.9462 1095.5165 163.6763 1162.0377 234.5968 1.7735 0.5970 1.5375 13.4467 1.3544 18.1993 -0.3166 0.0055
Cyclist 0.0000 0 -1.5560 171.8809 169.5387 188.7032 223.6253 1.6505 0.4262 1.3308 -13.3940 1.3175 22.2542 -2.0896 0.0055
Car 0.0000 0 3.5022 0.0000 174.8425 48.4584 204.1883 1.5504 1.7298 4.0401 -33.3744 1.2529 38.8437 2.7981 0.0055
Cyclist 0.0000 0 -0.8159 1100.4950 162.8367 1170.1761 234.9134 1.8133 0.5978 1.4677 13.6166 1.3705 18.2085 -0.1806 0.0055
Pedestrian 0.0000 0 -1.8918 1083.1030 164.3360 1104.4153 199.7822 2.0438 0.7648 0.9392 28.5517 1.1132 41.3205 -1.2891 0.0055
Car 0.0000 0 -2.4560 62.0524 173.8023 158.7304 202.7475 1.4900 1.7482 4.0000 -26.1482 1.1467 37.4266 -3.0601 0.0055
Pedestrian 0.0000 0 -0.2343 151.5838 168.1779 166.2334 197.9820 1.9835 0.7923 0.6708 -30.0126 1.1647 47.5661 -0.7924 0.0055
Car 0.0000 0 -1.9221 115.0861 171.2819 178.0081 201.1693 1.4911 1.6372 3.6036 -24.0332 1.0326 37.0111 -2.4923 0.0055
Car 0.0000 0 -0.8731 908.2307 172.8336 997.3679 208.3134 1.5439 1.5773 3.8070 15.8539 1.2117 32.2556 -0.4185 0.0055
Car 0.0000 0 3.2281 42.7945 172.6617 138.9290 203.2000 1.4942 1.6608 3.8552 -26.2877 1.1121 36.2864 2.6071 0.0054
Cyclist 0.0000 0 -2.6849 466.2068 157.4488 536.2015 236.4522 1.9027 0.4051 1.7097 -2.6079 1.3491 17.4790 -2.8286 0.0054
Car 0.0000 0 -1.0198 942.9868 173.1585 1019.2789 205.6016 1.4528 1.5488 3.5364 17.6709 1.1255 33.2215 -0.5333 0.0054
Car 0.0000 0 -0.2323 1112.6512 172.8913 1224.0000 204.0640 1.5300 1.7158 4.3243 28.9309 1.1580 36.3895 0.4367 0.0054
Car 0.0000 0 1.0439 1034.5753 168.7774 1121.1545 204.3403 1.6262 1.7574 3.8918 22.8174 1.0916 34.3188 1.6280 0.0054
Pedestrian 0.0000 0 -0.3645 0.0000 0.0000 1224.0000 370.0000 1.9939 0.6850 1.0455 -2.6622 1.7342 0.1668 -1.7518 0.0054
Car 0.0000 0 -0.1788 149.6421 170.2811 223.0486 196.0856 1.7214 1.8476 4.1412 -29.1048 1.0410 49.2114 -0.7083 0.0054
Pedestrian 0.0000 0 -0.0247 153.0215 168.3982 165.0050 198.0067 1.9711 0.7969 0.6660 -30.0150 1.1668 47.5797 -0.5827 0.0053
Car 0.0000 0 3.3260 44.8954 173.6032 145.4360 203.3870 1.4758 1.6634 3.9833 -26.3086 1.1355 36.6193 2.7089 0.0053
Car 0.0000 0 3.5332 51.0521 174.4274 152.3819 203.3790 1.4628 1.6858 3.9778 -26.2447 1.1574 36.9745 2.9217 0.0053
Car 0.0000 0 1.6954 106.6907 174.9575 143.6013 198.9483 1.6689 1.6993 4.1783 -34.8407 1.2846 51.4274 1.1045 0.0053
Car 0.0000 0 -0.0079 153.6972 168.9606 222.6530 195.1810 1.7520 1.8339 4.0585 -28.8771 0.9823 49.0632 -0.5353 0.0053
Car 0.0000 0 1.5902 134.7733 172.6461 170.6714 201.8192 1.4596 1.5086 3.4835 -23.7960 1.0681 37.2513 1.0274 0.0052
Cyclist 0.0000 0 0.6250 159.5849 163.7022 217.0476 221.2837 1.7786 0.5927 1.4940 -13.1106 1.2613 22.2033 0.0997 0.0052
Car 0.0000 0 -2.5176 59.0789 174.4395 160.5686 203.0336 1.4756 1.7277 4.1840 -26.1397 1.1643 37.3865 -3.1220 0.0052
Car 0.0000 0 3.5734 44.9461 174.6028 152.1575 203.6978 1.4709 1.7025 4.2378 -26.3988 1.1742 36.9621 2.9591 0.0052
Car 0.0000 0 3.5431 42.3666 174.1320 154.8946 203.6086 1.4869 1.7487 4.4617 -26.3992 1.1671 36.9865 2.9291 0.0052
Car 0.0000 0 0.9442 0.0000 0.0000 1224.0000 370.0000 1.5040 1.7426 4.3364 36.0556 1.1581 0.4984 2.4938 0.0051
Car 0.0000 0 1.4187 932.3391 171.6743 982.9113 207.5324 1.5388 1.5578 3.3049 15.9514 1.1615 32.1466 1.8770 0.0051
Car 0.0000 0 -0.1123 390.1744 169.3845 523.0737 216.2372 1.5570 1.7081 4.4383 -5.2854 1.1891 24.9934 -0.3163 0.0051
Car 0.0000 0 -2.4305 0.0000 0.0000 1224.0000 370.0000 1.4820 1.6855 4.2846 36.0191 1.2229 0.4886 -0.8807 0.0051
Car 0.0000 0 1.3344 734.4859 169.5332 788.3920 205.1650 1.5476 1.5835 3.7242 7.1217 1.0727 32.5826 1.5492 0.0050
Car 0.0000 0 1.7435 864.7415 172.9558 931.2771 214.9940 1.5249 1.7030 4.4341 11.6360 1.2527 27.9707 2.1353 0.0050
Car 0.0000 0 1.7683 111.9151 176.1504 152.2845 198.7013 1.5719 1.6635 4.0608 -34.3621 1.2700 51.4742 1.1842 0.0050
Car 0.0000 0 -2.5560 0.0000 0.0000 1224.0000 370.0000 1.5097 1.5480 3.6461 38.7082 1.0939 0.0901 -0.9944 0.0049
Car 0.0000 0 -2.3859 0.0000 0.0000 1224.0000 370.0000 1.4307 1.6693 4.3481 36.0078 1.2031 0.4900 -0.8361 0.0049
Car 0.0000 0 2.5352 151.1516 172.9647 234.5933 201.5429 1.4449 1.5274 3.6168 -21.9146 1.0653 37.7043 2.0142 0.0049
Car 0.0000 0 -1.4627 143.8280 163.3007 201.7227 203.9724 1.7967 1.8326 4.6978 -20.5463 1.0384 33.7468 -2.0036 0.0049
Car 0.0000 0 1.5979 111.5987 176.9564 139.4986 198.9223 1.5223 1.5477 3.8589 -34.5678 1.2780 51.0404 1.0072 0.0049
Car 0.0000 0 1.6931 111.8589 176.4974 147.3641 199.2274 1.5812 1.6454 4.0289 -34.4683 1.3041 51.3504 1.1065 0.0049
Car 0.0000 0 2.3455 717.9070 165.4870 819.1104 203.1656 1.6507 1.7017 4.8409 7.6550 0.9945 32.9917 2.5731 0.0048
Pedestrian 0.0000 0 1.7737 0.0000 0.0000 1224.0000 370.0000 1.9766 0.7059 1.0711 -2.6033 1.6525 0.1181 0.3726 0.0048
Car 0.0000 0 1.9396 3.8396 174.0864 73.2118 202.3862 1.5315 1.6459 4.3027 -32.3919 1.1858 40.5563 1.2712 0.0048
Car 0.0000 0 1.6710 0.0000 0.0000 1224.0000 370.0000 1.5266 1.7484 4.6323 -38.8753 1.5329 0.6299 0.1263 0.0048
Car 0.0000 0 -2.8079 0.0000 0.0000 1224.0000 370.0000 1.4461 1.6211 4.2180 36.7336 1.1616 0.4025 -1.2554 0.0047
Pedestrian 0.0000 0 -0.3932 152.6280 170.0687 167.3862 198.9970 1.9333 0.7785 0.5923 -30.0315 1.2375 47.7147 -0.9502 0.0047
Car 0.0000 0 -2.5802 0.0000 0.0000 1224.0000 370.0000 1.4987 1.5487 3.5366 38.6927 1.0829 0.0398 -1.0172 0.0047
Pedestrian 0.0000 0 -2.9334 1101.5028 160.4560 1116.5193 194.0636 2.0053 0.6474 0.6179 30.3871 0.8107 42.6306 -2.3161 0.0047
Car 0.0000 0 1.1776 0.0000 0.0000 1224.0000 370.0000 1.5535 1.7695 3.6955 36.6315 1.1660 1.2530 2.7069 0.0047
Car 0.0000 0 1.8123 910.4061 168.8846 974.3504 206.1222 1.5573 1.6698 4.0614 15.1396 1.0730 31.6649 2.2560 0.0047
Car 0.0000 0 1.7772 869.7321 171.0237 925.5671 204.3064 1.5068 1.7341 3.8884 14.1442 1.0792 34.1002 2.1688 0.0047
Cyclist 0.0000 0 -1.7110 157.3737 171.1287 177.7805 218.1732 1.5260 0.4065 1.3132 -14.6175 1.2235 23.5657 -2.2583 0.0046
Car 0.0000 0 -2.7765 0.0000 0.0000 1224.0000 370.0000 1.4550 1.6393 3.9687 36.6842 1.1964 0.4364 -1.2249 0.0046
Cyclist 0.0000 0 -0.6537 791.3382 169.5800 861.1948 228.6001 1.6079 0.4639 2.0047 6.1768 1.3120 19.8231 -0.3545 0.0046
Car 0.0000 0 -2.5944 0.0000 0.0000 1224.0000 370.0000 1.4551 1.6386 4.0791 36.2468 1.2005 0.5025 -1.0449 0.0046
Pedestrian 0.0000 0 -1.6372 745.4408 169.3351 764.1073 209.9297 1.7874 0.7754 0.5666 6.6417 1.2973 31.4622 -1.4296 0.0046
Pedestrian 0.0000 0 1.8589 1109.3506 164.3387 1143.7672 234.6778 1.7731 0.5688 0.6057 13.4119 1.3673 18.2280 2.4865 0.0046
Car 0.0000 0 -0.1638 400.0775 169.1215 526.7567 214.9708 1.5250 1.6421 4.1866 -5.0412 1.1481 25.0152 -0.3583 0.0045
Cyclist 0.0000 0 -1.7340 150.8086 168.2445 162.9089 195.4030 1.8115 0.4138 1.7969 -30.4086 0.9954 47.9674 -2.2942 0.0045
Car 0.0000 0 1.4706 0.0000 173.7363 1.3804 206.0633 1.7011 1.8298 4.5273 -35.2025 1.3466 39.4113 0.7473 0.0045
Car 0.0000 0 1.5052 147.8125 163.1216 178.7809 190.8569 1.9826 1.7139 3.9574 -32.9081 0.7416 52.6458 0.9511 0.0045
Cyclist 0.0000 0 -1.7285 1101.1927 165.2029 1136.6414 234.0583 1.7283 0.5075 1.5088 13.4162 1.3459 18.5303 -1.1084 0.0045
Cyclist 0.0000 0 2.1027 1085.9050 165.4421 1145.8582 235.3835 1.7454 0.5956 1.4716 13.1274 1.3712 18.2122 2.7206 0.0045
Pedestrian 0.0000 0 -2.8267 1096.1947 164.4164 1136.2343 236.3840 1.7770 0.6214 0.6652 12.9103 1.3815 17.9056 -2.2088 0.0045
Car 0.0000 0 -2.5543 0.0000 0.0000 1224.0000 370.0000 1.4458 1.6062 4.2537 36.3228 1.1648 0.5204 -1.0052 0.0045
Cyclist 0.0000 0 1.6841 1101.6617 165.0385 1135.5521 233.9799 1.7399 0.5710 1.4492 13.4634 1.3512 18.5678 2.3049 0.0045
Car 0.0000 0 -0.8697 942.9241 171.3575 1026.2079 204.3632 1.4791 1.4934 3.5539 17.7165 1.0709 33.0334 -0.3798 0.0044
Cyclist 0.0000 0 -1.5511 157.4395 171.4571 175.7197 225.2785 1.6893 0.4628 1.6868 -14.3047 1.4071 23.0328 -2.0989 0.0044
Pedestrian 0.0000 0 -1.5918 894.4462 160.8977 911.6897 201.4288 1.9107 0.7416 0.7511 14.2338 0.9881 33.8124 -1.1950 0.0044
Car 0.0000 0 -0.4550 1115.0439 172.3570 1222.9080 203.3455 1.5405 1.6655 4.0152 28.9183 1.1372 36.3846 0.2139 0.0043
Car 0.0000 0 -4.0346 0.0000 0.0000 1224.0000 370.0000 1.6212 1.8692 4.9097 38.0768 1.1339 0.5612 -2.4855 0.0043
Cyclist 0.0000 0 -1.0589 912.1467 166.9803 945.7814 203.9375 1.7328 0.6143 1.9126 15.5528 1.1003 33.9581 -0.6314 0.0043
Cyclist 0.0000 0 -1.7588 871.5032 149.3239 912.9990 225.6841 2.2012 0.7377 2.3191 8.7036 1.3041 21.5855 -1.3789 0.0043
Car 0.0000 0 -3.2264 0.0000 0.0000 1224.0000 370.0000 1.4973 1.6612 3.9221 37.2521 1.1382 0.3693 -1.6727 0.0043
Cyclist 0.0000 0 -1.2256 152.2147 170.9389 169.3718 195.3417 1.6134 0.4399 1.6521 -29.8929 0.9826 47.5945 -1.7816 0.0043
Pedestrian 0.0000 0 -1.7347 397.3506 169.9789 420.9979 220.2565 1.6653 0.6770 0.6271 -6.6362 1.3184 23.8404 -2.0010 0.0043
Pedestrian 0.0000 0 -1.7195 894.7178 163.1743 913.7950 203.4868 1.8898 0.7360 0.7026 14.1889 1.0791 33.5724 -1.3214 0.0042
Car 0.0000 0 -1.9173 960.7129 165.6914 1032.0074 205.0495 1.6468 1.5952 3.7156 17.3409 1.0287 31.5374 -1.4172 0.0042
Car 0.0000 0 1.5375 174.4338 167.8508 234.4626 218.7017 1.7187 1.8015 3.7152 -14.7723 1.2927 25.9481 1.0270 0.0042
Cyclist 0.0000 0 0.6393 151.8042 162.4272 214.1348 222.2758 1.8499 0.5807 1.6709 -13.2937 1.2928 22.2283 0.1085 0.0042
Car 0.0000 0 2.4396 290.6446 176.4698 421.3256 223.2178 1.4063 1.5047 4.0552 -8.1448 1.2866 23.3909 2.1105 0.0042
Pedestrian 0.0000 0 0.0679 0.0000 0.0000 1224.0000 370.0000 2.0856 0.7058 1.0762 -3.0458 1.7066 -0.2328 -1.4716 0.0041
Car 0.0000 0 1.0447 1211.6876 169.1877 1224.0000 199.0479 1.5923 1.6561 4.4395 36.7096 0.9905 40.0437 1.7843 0.0041
Pedestrian 0.0000 0 0.0161 1103.3562 159.7922 1115.2139 193.3667 2.0052 0.6420 0.5736 30.4195 0.7698 42.6517 0.6337 0.0041
Car 0.0000 0 2.0014 113.4256 172.6082 171.0607 198.0021 1.7695 1.7683 4.5542 -33.6996 1.2209 51.6432 1.4278 0.0041
Car 0.0000 0 2.7691 718.9186 161.1168 828.4597 197.6244 1.6733 1.7498 4.7521 7.9594 0.7863 33.6003 3.0013 0.0041
Car 0.0000 0 1.7188 115.2798 171.5944 162.9557 201.5311 1.5271 1.5601 3.9870 -25.1130 1.0743 38.2009 1.1429 0.0041
Pedestrian 0.0000 0 1.0732 0.0000 0.0000 1224.0000 370.0000 1.9838 0.6302 0.7538 30.4305 1.0931 -0.2647 2.6435 0.0041
Car 0.0000 0 -3.8909 0.0000 0.0000 1224.0000 370.0000 1.5549 1.6571 4.2657 37.5276 1.1041 0.8328 -2.3493 0.0041
Car 0.0000 0 1.8191 949.3454 174.0871 1001.8128 205.6639 1.4092 1.4193 3.3293 17.4473 1.1244 33.2622 2.2999 0.0041
Car 0.0000 0 0.3761 0.0000 175.8301 56.8543 206.8447 1.5952 1.7103 4.4602 -32.4041 1.3564 37.8847 -0.3256 0.0041
Car 0.0000 0 0.6769 0.0000 0.0000 1224.0000 370.0000 1.5101 1.6999 4.0831 36.1303 1.1430 0.6564 2.2221 0.0041
Car 0.0000 0 1.0156 0.0000 0.0000 1224.0000 370.0000 1.5551 1.7647 4.2517 36.3079 1.1530 0.8864 2.5546 0.0041
Car 0.0000 0 -0.9998 907.0638 173.8826 995.7253 209.6783 1.5284 1.6099 4.1647 15.6631 1.2473 31.9542 -0.5464 0.0040
Car 0.0000 0 -0.5004 149.3057 171.5832 240.8425 201.4203 1.5038 1.6891 3.8938 -21.8112 1.0558 37.7314 -1.0191 0.0040
Pedestrian 0.0000 0 0.6349 868.2973 153.0407 913.9983 228.3012 2.2166 0.7296 1.0590 8.6468 1.4094 21.4616 1.0144 0.0040
Car 0.0000 0 -3.0311 707.1500 173.2012 791.8375 207.6069 1.5046 1.6096 3.6294 6.5832 1.1869 32.2379 -2.8299 0.0040
Car 0.0000 0 -3.2472 0.0000 0.0000 1224.0000 370.0000 1.6699 1.7741 4.2468 38.2174 1.1224 0.3417 -1.6923 0.0039
Car 0.0000 0 1.6458 116.0966 176.0486 149.2436 198.5995 1.5680 1.6897 4.0059 -34.2286 1.2598 51.3183 1.0621 0.0039
Cyclist 0.0000 0 1.0683 1093.5326 163.0677 1153.7881 233.5431 1.7564 0.5403 1.6252 13.4699 1.3236 18.4559 1.6921 0.0039
Car 0.0000 0 1.0266 0.0000 0.0000 1224.0000 370.0000 1.5312 1.7950 4.2080 36.4818 1.2043 0.8694 2.5662 0.0039
Car 0.0000 0 -3.1839 0.0000 0.0000 1224.0000 370.0000 1.6799 1.6949 4.3259 37.9157 1.1993 0.4198 -1.6312 0.0039
Car 0.0000 0 -4.2340 0.0000 0.0000 1224.0000 370.0000 1.6585 1.9648 4.7629 38.3500 1.1246 0.4264 -2.6812 0.0039
Car 0.0000 0 0.6857 0.0000 0.0000 1224.0000 370.0000 1.5210 1.7562 4.3100 35.6309 1.2522 0.3310 2.2397 0.0038
Car 0.0000 0 0.8129 145.0845 171.6060 210.7411 196.7615 1.6871 1.7580 3.7950 -29.4465 1.0919 48.7745 0.2744 0.0038
Pedestrian 0.0000 0 -1.5407 895.5912 164.2553 913.1655 203.5958 1.8403 0.7490 0.6955 14.1894 1.0818 33.5417 -1.1422 0.0037
Car 0.0000 0 1.1973 1149.4761 167.9434 1219.4293 200.7881 1.7201 1.6068 4.0760 32.0209 1.0639 39.2105 1.8797 0.0037
Car 0.0000 0 -3.4431 0.0000 0.0000 1224.0000 370.0000 1.5865 1.6607 4.2827 37.6385 1.1159 0.3417 -1.8885 0.0037
Cyclist 0.0000 0 -1.4141 860.5764 150.0548 898.0725 226.1356 2.1949 0.7409 2.1930 8.3421 1.3181 21.5276 -1.0477 0.0037
Car 0.0000 0 1.6007 169.1668 165.0262 228.3769 218.6885 1.8536 1.7840 3.9983 -15.2216 1.3206 26.6027 1.0879 0.0037
Pedestrian 0.0000 0 -1.4054 893.2114 160.4938 912.7394 201.1723 1.9171 0.7531 0.7266 14.2420 0.9757 33.8248 -1.0085 0.0037
Car 0.0000 0 0.2872 0.0000 0.0000 1224.0000 370.0000 1.5242 1.7089 4.2450 26.7829 1.3285 0.2718 1.8373 0.0037
Car 0.0000 0 1.6994 1118.1436 170.7245 1170.3096 201.4385 1.5395 1.6955 4.1221 28.6225 1.0510 37.4988 2.3488 0.0036
Car 0.0000 0 2.7965 713.5134 164.3637 826.0782 200.9598 1.6756 1.8200 4.8742 7.7573 0.9383 33.5603 3.0234 0.0036
Car 0.0000 0 2.2107 150.7700 172.0456 223.8541 200.9014 1.4642 1.4733 3.6323 -22.2322 1.0366 37.7603 1.6841 0.0036
Car 0.0000 0 0.9837 0.0000 0.0000 1224.0000 370.0000 1.5405 1.7518 4.3252 36.1367 1.1436 0.8433 2.5237 0.0036
Car 0.0000 0 -1.6267 172.8418 175.4017 233.6394 221.3733 1.4377 1.6057 4.0343 -13.8599 1.2798 24.2399 -2.1386 0.0036
Car 0.0000 0 0.5448 0.0000 0.0000 1224.0000 370.0000 1.5285 1.6710 3.7929 36.4076 1.1415 0.6497 2.0904 0.0036
Car 0.0000 0 0.7035 0.0000 0.0000 1224.0000 370.0000 1.5216 1.6929 4.1277 36.0589 1.1270 0.7520 2.2460 0.0036
Pedestrian 0.0000 0 -0.0880 155.3241 168.7282 167.6485 199.1103 2.0314 0.8591 0.6363 -29.9890 1.2456 47.8040 -0.6436 0.0035
Car 0.0000 0 1.2950 122.7322 172.9457 178.2767 201.6599 1.4339 1.5636 3.5183 -23.8598 1.0581 37.0581 0.7286 0.0035
Car 0.0000 0 -0.5291 1107.3370 170.9752 1222.8965 202.9711 1.6018 1.7114 4.4241 28.8445 1.1264 36.5410 0.1365 0.0035
Car 0.0000 0 -0.5442 1109.4464 171.0377 1220.7422 203.2383 1.6146 1.6987 4.2447 28.8556 1.1415 36.5474 0.1215 0.0035
Car 0.0000 0 1.7048 1086.7422 170.3553 1133.3828 201.1790 1.5744 1.5939 3.4773 27.1061 1.0577 37.9237 2.3230 0.0035
Car 0.0000 0 -1.4892 155.5280 171.0555 190.6922 197.0953 1.7343 1.7317 4.3442 -30.1262 1.1066 49.4158 -2.0321 0.0034
Pedestrian 0.0000 0 -2.3854 925.0009 168.2200 946.9416 204.4849 1.7112 0.5495 0.7873 15.8150 1.1332 33.8245 -1.9500 0.0034
Cyclist 0.0000 0 -0.8600 962.6572 171.6571 996.1975 208.1260 1.6372 0.4560 1.5457 17.0543 1.2416 32.2314 -0.3758 0.0033
Car 0.0000 0 -1.5430 153.4203 171.1902 184.9107 197.3669 1.7324 1.7317 3.8589 -30.0919 1.1176 48.8938 -2.0901 0.0033
Cyclist 0.0000 0 -0.9317 347.2613 173.6606 390.8090 223.2338 1.4991 0.4207 1.6023 -7.4216 1.2938 22.2025 -1.2482 0.0033
Car 0.0000 0 1.6511 166.4817 166.4754 232.1627 218.2384 1.7838 1.8105 3.7202 -15.0968 1.3020 26.4289 1.1390 0.0032
Car 0.0000 0 2.3985 721.8867 164.9050 828.9965 202.4984 1.6363 1.7784 4.9165 7.9074 0.9590 32.7413 2.6350 0.0032
Car 0.0000 0 0.5763 0.0000 0.0000 1224.0000 370.0000 1.5680 1.7345 3.9578 36.4127 1.1194 0.7326 2.1197 0.0032
Car 0.0000 0 1.0496 171.8291 172.3233 288.7814 218.2034 1.5024 1.6670 4.4798 -13.3494 1.2362 25.0546 0.5671 0.0032
Car 0.0000 0 1.6003 142.5533 166.6765 172.0057 194.5005 1.9858 1.7163 4.1508 -33.3086 1.0005 52.6824 1.0410 0.0032
Pedestrian 0.0000 0 0.9835 870.0670 152.7312 912.4445 228.9089 2.2457 0.7199 1.0613 8.6331 1.4287 21.4322 1.3629 0.0032
Car 0.0000 0 -3.0134 0.0000 0.0000 1224.0000 370.0000 1.6753 1.7409 4.1991 37.6232 1.2489 2.0390 -1.5038 0.0032
Car 0.0000 0 1.6158 102.5842 174.0843 142.2238 203.6099 1.4984 1.5693 3.7106 -25.8064 1.1742 37.8692 1.0233 0.0032
Car 0.0000 0 1.4938 127.2273 172.3091 189.5639 222.0882 1.5183 1.5052 3.3355 -14.8213 1.2700 23.3493 0.9362 0.0031
Car 0.0000 0 -2.7427 0.0000 0.0000 1224.0000 370.0000 1.5919 1.7965 4.0257 37.4701 1.1130 1.8543 -1.2285 0.0031
Car 0.0000 0 -3.3209 0.0000 0.0000 1224.0000 370.0000 1.5508 1.6484 3.9905 37.3388 1.1759 0.6856 -1.7756 0.0030
Car 0.0000 0 1.4680 146.3696 165.8550 185.2194 194.3645 2.0213 2.0280 4.3497 -32.6166 0.9843 52.4659 0.9163 0.0030
Car 0.0000 0 1.6186 951.4312 170.9515 991.1646 205.4959 1.5315 1.5032 3.4557 17.2233 1.1096 33.2131 2.0947 0.0030
Cyclist 0.0000 0 1.2175 1086.7737 167.1009 1130.0083 235.8496 1.7136 0.4835 1.2949 12.9793 1.3812 18.3064 1.8276 0.0030
Car 0.0000 0 1.1182 116.5733 170.3118 189.2458 200.7937 1.5161 1.6249 3.9994 -23.6323 1.0108 36.9062 0.5544 0.0030
Car 0.0000 0 1.6426 118.6589 173.4633 158.1662 202.5615 1.4897 1.5089 3.5601 -25.1136 1.1309 38.1161 1.0656 0.0030
Car 0.0000 0 1.6179 111.2883 173.7811 149.3736 203.1935 1.5042 1.5179 3.6001 -25.5329 1.1620 38.0892 1.0329 0.0030
Car 0.0000 0 -3.8871 0.0000 0.0000 1224.0000 370.0000 1.6059 1.6600 4.5754 37.9919 1.2149 0.7332 -2.3426 0.0030
Cyclist 0.0000 0 -1.1311 967.6200 162.2845 994.6542 205.3638 1.9074 0.4683 1.5481 16.9872 1.1023 31.9526 -0.6449 0.0029
Car 0.0000 0 2.1102 911.1140 171.5459 995.8074 207.1949 1.5158 1.6626 3.8915 15.6847 1.1365 31.8151 2.5659 0.0029
Car 0.0000 0 -0.8194 148.0832 168.9043 215.2878 196.1708 1.8283 1.7842 4.0015 -29.5825 1.0521 49.5521 -1.3530 0.0029
Car 0.0000 0 2.3516 727.8210 164.6484 829.1827 201.4702 1.6018 1.7950 4.6668 8.0490 0.9137 32.7367 2.5922 0.0029
Pedestrian 0.0000 0 0.8133 1093.8981 169.7341 1131.4348 233.4790 1.6145 0.5418 0.5699 13.0447 1.3434 18.2232 1.4279 0.0029
Car 0.0000 0 -4.1405 0.0000 0.0000 1224.0000 370.0000 1.5759 1.7031 3.6705 38.2028 1.0393 1.4073 -2.6134 0.0029
Car 0.0000 0 -0.4255 0.0000 99.7296 235.0243 370.0000 1.8702 1.9459 4.4538 -6.3479 1.3550 6.9496 -1.1410 0.0029
Cyclist 0.0000 0 2.5664 836.3008 166.1585 869.9632 200.4335 1.6944 0.6235 1.4929 12.4171 0.9868 35.4270 2.9024 0.0029
Car 0.0000 0 1.4776 144.3144 166.3911 178.8490 195.2745 2.0635 1.8234 4.0658 -33.0586 1.0568 52.6795 0.9216 0.0029
Car 0.0000 0 -3.4779 0.0000 0.0000 1224.0000 370.0000 1.5836 1.6182 3.8648 37.7220 1.1603 0.5566 -1.9289 0.0029
Car 0.0000 0 -1.9308 143.6777 171.0357 191.0990 197.4295 1.7551 1.7530 3.2571 -30.1536 1.1270 48.7021 -2.4805 0.0028
Pedestrian 0.0000 0 -1.8781 838.9467 161.4160 857.7062 197.4222 1.7837 0.7225 0.6515 12.1501 0.8397 35.3554 -1.5481 0.0028
Cyclist 0.0000 0 1.5039 892.8189 161.6492 910.1890 202.1116 1.8915 0.6436 1.8295 14.2392 1.0117 34.0173 1.8987 0.0028
Car 0.0000 0 1.5752 144.6384 166.2184 176.1053 194.4010 2.0069 1.9170 3.9699 -33.0026 0.9912 52.5374 1.0188 0.0028
Pedestrian 0.0000 0 -2.4264 1096.4501 165.3703 1139.4487 236.5917 1.7646 0.5888 0.6556 12.9454 1.3913 17.9006 -1.8071 0.0028
Car 0.0000 0 1.2358 1157.5895 167.9950 1224.0000 201.5647 1.7291 1.6280 4.4204 32.1325 1.0864 38.7680 1.9254 0.0028
Car 0.0000 0 -3.9587 0.0000 0.0000 1224.0000 370.0000 1.5705 1.6607 4.0281 37.6385 1.1639 1.0947 -2.4241 0.0028
Cyclist 0.0000 0 -1.6143 156.0740 175.3546 175.5213 225.4731 1.5900 0.4776 1.7841 -14.5147 1.4283 23.2994 -2.1636 0.0028
Car 0.0000 0 -1.9458 144.6840 170.6120 201.3542 196.8800 1.7134 1.7871 4.4963 -29.4678 1.0697 48.1874 -2.4900 0.0028
Pedestrian 0.0000 0 -1.3550 760.0115 166.9050 777.2670 209.6647 1.7721 0.6027 0.5500 6.8487 1.2102 29.6749 -1.1288 0.0028
Car 0.0000 0 1.5179 146.4323 165.5091 178.6070 196.3414 2.1974 1.8261 4.1690 -32.9513 1.1303 52.6181 0.9628 0.0027
Cyclist 0.0000 0 -1.7807 892.2983 162.8533 913.2880 203.2787 1.8792 0.6032 1.5674 14.1621 1.0603 33.6887 -1.3845 0.0027
Pedestrian 0.0000 0 -1.4156 959.4741 161.2966 975.1052 204.2998 2.1369 0.6100 0.6380 18.2133 1.1841 35.5665 -0.9444 0.0027
Pedestrian 0.0000 0 1.0685 1094.1940 169.8437 1129.5670 233.4819 1.6134 0.5413 0.5491 13.0236 1.3448 18.2236 1.6824 0.0027
Pedestrian 0.0000 0 -1.7889 840.7126 160.1414 859.0596 197.6140 1.8444 0.7440 0.6192 12.1552 0.8438 35.1461 -1.4570 0.0026
Pedestrian 0.0000 0 -1.9401 838.6880 161.8426 858.0439 197.5804 1.7695 0.7235 0.6624 12.1495 0.8471 35.3477 -1.6100 0.0026
Car 0.0000 0 1.6383 168.0837 170.6603 231.2715 217.2796 1.5564 1.7079 3.8713 -14.6768 1.2294 25.7150 1.1268 0.0026
Pedestrian 0.0000 0 -1.8738 840.2463 160.0730 859.2009 197.3991 1.8399 0.7337 0.6352 12.1572 0.8344 35.1746 -1.5421 0.0026
Car 0.0000 0 0.7036 0.0000 176.6648 37.7698 205.2318 1.5920 1.8544 5.4283 -35.8773 1.3796 40.3708 -0.0173 0.0026
Cyclist 0.0000 0 -1.5819 938.0558 172.4676 949.0274 205.5529 1.5410 0.4495 1.4968 16.1157 1.1683 33.7002 -1.1379 0.0025
Car 0.0000 0 1.0641 174.0699 172.8069 287.8658 218.9569 1.5122 1.6958 4.3199 -13.3256 1.2617 25.0593 0.5824 0.0025
Cyclist 0.0000 0 1.3252 1072.2488 169.8135 1118.9154 240.5029 1.6723 0.5628 1.6140 12.1330 1.4211 17.5766 1.9225 0.0025
Car 0.0000 0 0.8574 151.9785 171.3873 288.1886 215.8807 1.4940 1.7340 4.5771 -13.8382 1.1895 25.3625 0.3650 0.0024
Car 0.0000 0 1.5837 144.2378 166.2830 175.5089 194.3205 1.9969 1.8999 3.9588 -33.0223 0.9856 52.5376 1.0271 0.0024
Cyclist 0.0000 0 -0.4265 920.4385 168.3959 960.0499 204.6041 1.7195 0.5339 1.6397 16.0285 1.1462 33.8512 0.0137 0.0024
Car 0.0000 0 1.1506 918.5836 171.8482 986.2278 207.4731 1.5369 1.5568 3.2472 15.6994 1.1651 32.1453 1.6027 0.0024
Cyclist 0.0000 0 -1.6018 938.1851 171.8980 950.1165 205.8836 1.5682 0.4544 1.5655 16.0131 1.1727 33.4283 -1.1572 0.0024
Pedestrian 0.0000 0 3.2275 153.6155 175.4137 177.9734 227.7171 1.6696 0.6285 0.6180 -14.3034 1.5087 22.9835 2.6788 0.0024
Pedestrian 0.0000 0 -1.0922 148.8804 173.9833 181.4645 226.7373 1.6846 0.6313 0.7309 -14.3075 1.4781 22.9603 -1.6416 0.0024
Pedestrian 0.0000 0 -1.8648 936.6530 168.9021 954.0343 205.0258 1.6885 0.5369 0.7767 16.0908 1.1479 33.4690 -1.4188 0.0024
Pedestrian 0.0000 0 0.5507 925.2750 166.5598 947.6841 204.0139 1.7654 0.5483 0.8016 15.8324 1.1098 33.8072 0.9867 0.0023
Car 0.0000 0 0.6331 0.0000 176.7279 45.7037 205.4738 1.5988 1.8572 4.9491 -35.2794 1.3904 40.4397 -0.0786 0.0023
Car 0.0000 0 0.6272 0.0000 0.0000 1224.0000 370.0000 1.6559 1.7134 4.5979 39.7676 1.1416 1.9743 2.1418 0.0023
Car 0.0000 0 -2.8598 0.0000 0.0000 1224.0000 370.0000 1.5061 1.6030 3.7770 36.6318 1.1830 0.4532 -1.3086 0.0023
Pedestrian 0.0000 0 0.0476 937.3327 168.6180 956.6772 205.5963 1.7260 0.5693 0.7989 16.1600 1.1728 33.4371 0.4957 0.0023
Cyclist 0.0000 0 1.2910 1070.5166 170.2592 1120.9014 240.2051 1.6542 0.5870 1.6315 12.1382 1.4136 17.5833 1.8884 0.0023
Car 0.0000 0 -4.0497 0.0000 0.0000 1224.0000 370.0000 1.5886 1.7398 3.7930 38.2116 0.9964 1.3314 -2.5207 0.0023
Car 0.0000 0 -3.3761 0.0000 0.0000 1224.0000 370.0000 1.6259 1.7151 4.2022 38.2129 1.1487 0.6312 -1.8288 0.0023
Car 0.0000 0 1.4407 920.9704 172.5398 972.7368 208.9075 1.5355 1.6219 3.6200 15.2961 1.2009 31.8206 1.8865 0.0023
Car 0.0000 0 -3.5300 0.0000 0.0000 1224.0000 370.0000 1.5849 1.5822 3.9530 37.7258 1.2371 0.8222 -1.9880 0.0023
Cyclist 0.0000 0 -1.3151 179.9420 165.2377 212.4761 221.9107 1.7515 0.5390 1.4721 -13.0980 1.2813 22.6268 -1.8319 0.0023
Car 0.0000 0 -1.7980 150.1641 171.7946 190.4083 197.8928 1.7354 1.6876 3.2463 -29.9959 1.1579 48.7608 -2.3449 0.0023
Cyclist 0.0000 0 -2.7781 0.0000 0.0000 1224.0000 370.0000 1.6692 0.3888 1.6632 8.6159 1.5444 0.7305 -1.3275 0.0023
Car 0.0000 0 1.6896 166.3555 169.0381 236.7305 217.4551 1.6268 1.7719 3.7631 -14.6648 1.2432 25.8287 1.1803 0.0022
Car 0.0000 0 -1.7138 173.2059 173.5004 245.1360 218.5064 1.4076 1.6669 3.4733 -13.5110 1.1903 23.9967 -2.2191 0.0022
Car 0.0000 0 -3.5123 0.0000 0.0000 1224.0000 370.0000 1.6476 1.6888 4.3150 38.0005 1.2043 0.5320 -1.9625 0.0022
Cyclist 0.0000 0 2.4958 808.0143 170.8214 868.3378 227.5565 1.5580 0.4181 1.7071 6.5289 1.2938 19.8870 2.8099 0.0022
Car 0.0000 0 0.2662 0.0000 0.0000 1224.0000 370.0000 1.6704 1.8105 4.4887 38.0097 1.0860 2.0519 1.7761 0.0022
Car 0.0000 0 -2.2093 1023.1818 174.7392 1170.0455 238.4324 1.4812 1.4635 3.1491 12.3523 1.3489 18.0437 -1.6156 0.0022
Car 0.0000 0 -1.6376 153.4323 170.5075 186.4494 197.7251 1.8089 1.7264 3.5372 -30.1286 1.1461 48.9285 -2.1849 0.0022
Car 0.0000 0 1.6913 161.4816 170.5126 231.6265 216.9827 1.5254 1.6940 3.8565 -14.5467 1.1991 25.3094 1.1769 0.0022
Car 0.0000 0 -0.5189 0.0000 98.0989 208.6970 370.0000 1.8343 1.8851 4.5502 -6.4946 1.3325 6.7708 -1.2581 0.0021
Cyclist 0.0000 0 1.3153 1086.2375 171.0020 1123.9772 236.8588 1.6519 0.4770 1.3080 12.9817 1.4153 18.4264 1.9225 0.0021
Car 0.0000 0 1.5585 144.3478 165.8067 176.7893 194.9887 2.0689 1.9690 4.2851 -32.9784 1.0285 52.4566 1.0017 0.0021
Car 0.0000 0 1.6692 169.7902 165.8461 236.7742 215.0358 1.7213 1.8213 3.7765 -15.1736 1.2100 26.8312 1.1614 0.0021
Car 0.0000 0 -1.5003 166.2263 174.4511 232.2463 222.3638 1.4962 1.6514 4.0395 -13.8489 1.3089 24.2538 -2.0116 0.0020
Car 0.0000 0 3.4660 48.0780 175.4246 142.5613 202.2860 1.4943 1.6344 4.1077 -29.2616 1.2134 40.7049 2.8482 0.0020
Car 0.0000 0 -2.1869 136.3141 170.4763 191.6538 196.5191 1.7429 1.6053 3.3461 -30.3776 1.0734 48.7071 -2.7398 0.0020
Pedestrian 0.0000 0 -0.1411 0.0000 0.0000 1224.0000 370.0000 1.8402 0.5444 0.7847 30.5001 1.1086 0.0385 1.4193 0.0020
Car 0.0000 0 -1.7078 139.1091 168.2851 178.0705 196.4495 1.8556 1.7884 3.6956 -30.6901 1.0522 48.5710 -2.2666 0.0020
Car 0.0000 0 0.5759 0.0000 0.0000 1224.0000 370.0000 1.7131 1.6874 4.6773 39.5305 1.0623 1.8764 2.0926 0.0020
Car 0.0000 0 -0.9040 147.2837 169.6010 211.0304 196.9128 1.8422 1.7920 3.9244 -29.8788 1.1084 49.7482 -1.4403 0.0020
Cyclist 0.0000 0 -1.3412 971.2694 170.4701 990.3418 207.0081 1.6347 0.4076 1.6699 17.2082 1.1875 32.3928 -0.8554 0.0020
Car 0.0000 0 3.4632 51.0150 175.3305 143.7574 202.0494 1.4872 1.6451 4.0268 -29.1555 1.2008 40.7201 2.8473 0.0020
Car 0.0000 0 -3.4677 0.0000 0.0000 1224.0000 370.0000 1.6494 1.7549 4.2662 38.3554 1.0583 0.9070 -1.9275 0.0020
Cyclist 0.0000 0 -1.7391 166.6981 178.8648 188.0962 222.4264 1.5186 0.3750 1.7818 -15.4261 1.4631 25.4432 -2.2769 0.0020
Car 0.0000 0 -0.8498 150.5745 168.1068 216.8004 195.6134 1.8476 1.8102 3.9782 -29.4775 1.0165 49.6112 -1.3813 0.0020
Car 0.0000 0 1.6963 164.4694 169.6188 229.5884 216.2612 1.6302 1.6794 3.4756 -15.3074 1.2514 26.6330 1.1817 0.0020
Car 0.0000 0 -3.6323 0.0000 0.0000 1224.0000 370.0000 1.6684 1.6477 4.3630 38.0189 1.2551 0.7958 -2.0894 0.0020
Car 0.0000 0 3.5486 47.7039 175.6252 142.0036 202.4428 1.4940 1.6271 4.0860 -29.2304 1.2239 40.6101 2.9302 0.0020
Car 0.0000 0 -2.0148 0.0000 0.0000 1224.0000 370.0000 1.5337 1.7509 4.5273 30.9893 1.3554 1.7906 -0.5106 0.0019
Car 0.0000 0 -1.9152 139.6506 169.4092 189.5078 196.8458 1.8294 1.7825 3.7549 -30.5437 1.0912 49.0079 -2.4678 0.0019
Car 0.0000 0 1.2489 175.0315 173.8290 265.9363 218.3775 1.4540 1.6499 4.0448 -13.7089 1.2378 25.0588 0.7555 0.0019
Cyclist 0.0000 0 -2.6460 465.5930 157.4256 534.5857 236.5345 1.8972 0.4258 1.6848 -2.6307 1.3454 17.4409 -2.7912 0.0019
Pedestrian 0.0000 0 -1.4094 760.1058 167.9369 776.5689 210.5261 1.7680 0.5963 0.5382 6.8438 1.2479 29.7078 -1.1836 0.0019
Car 0.0000 0 -1.9774 144.9623 171.7657 192.9349 197.2925 1.7009 1.6568 3.2949 -30.0652 1.1202 48.7346 -2.5255 0.0019
Car 0.0000 0 -1.8159 902.8629 170.7890 954.7104 204.0118 1.4751 1.4466 3.2560 15.0880 1.0454 33.1191 -1.3904 0.0019
Car 0.0000 0 -3.8034 0.0000 0.0000 1224.0000 370.0000 1.6640 1.8017 4.6178 38.2340 1.2123 0.6386 -2.2562 0.0019
Car 0.0000 0 3.7772 0.0000 0.0000 1224.0000 370.0000 1.8167 1.6879 3.8994 -37.1133 1.9143 0.0261 2.2174 0.0018
Car 0.0000 0 -1.5102 157.0700 170.1059 188.7928 197.2016 1.8122 1.6630 3.4805 -30.0284 1.1183 49.2108 -2.0535 0.0018
Car 0.0000 0 -3.2046 0.0000 0.0000 1224.0000 370.0000 1.5628 1.6200 3.5909 37.4728 1.1836 0.9658 -1.6667 0.0018
Car 0.0000 0 -3.8999 0.0000 0.0000 1224.0000 370.0000 1.5673 1.6877 4.2987 37.9538 1.0682 1.1562 -2.3665 0.0018
Car 0.0000 0 -1.5415 174.0513 175.5958 234.3985 220.2100 1.3967 1.6564 3.8480 -13.6713 1.2448 24.2202 -2.0479 0.0018
Car 0.0000 0 -0.9539 165.0176 168.4825 290.6982 219.1786 1.5841 1.7920 3.9961 -12.7701 1.2101 24.1905 -1.4323 0.0018
Car 0.0000 0 -3.2935 0.0000 0.0000 1224.0000 370.0000 1.6172 1.7388 4.0443 37.9266 1.0550 1.4980 -1.7692 0.0018
Car 0.0000 0 -3.8501 0.0000 0.0000 1224.0000 370.0000 1.5992 1.7298 4.5968 38.1332 1.2095 0.6911 -2.3043 0.0018
Car 0.0000 0 1.4949 183.1218 176.6710 246.9751 221.6057 1.4196 1.6406 4.2465 -13.6367 1.3002 24.5597 0.9954 0.0018
Car 0.0000 0 -3.5785 0.0000 0.0000 1224.0000 370.0000 1.6075 1.6788 4.2132 37.7609 1.2847 0.8865 -2.0382 0.0017
Car 0.0000 0 -3.8275 0.0000 0.0000 1224.0000 370.0000 1.5632 1.6428 4.1196 38.0660 1.1073 1.0860 -2.2921 0.0017
Car 0.0000 0 -1.6151 155.1502 172.0188 187.3470 198.6524 1.7743 1.7669 3.3442 -30.0670 1.2106 48.9785 -2.1611 0.0017
Car 0.0000 0 -2.0050 142.1854 172.2090 192.5601 197.9668 1.7154 1.6815 3.4162 -30.1691 1.1645 48.7280 -2.5547 0.0017
Cyclist 0.0000 0 0.3108 718.3057 166.9431 763.7440 209.3143 1.8487 0.7489 1.8553 6.0604 1.2586 31.6170 0.5000 0.0017
Car 0.0000 0 1.6742 167.4449 171.7616 229.5493 217.5389 1.5716 1.6224 3.4485 -14.9938 1.2731 26.1739 1.1611 0.0016
Car 0.0000 0 -0.7646 0.0000 0.0000 1224.0000 370.0000 1.6829 1.9474 4.1773 38.1858 1.2485 1.0705 0.7712 0.0016
Car 0.0000 0 -3.8926 0.0000 0.0000 1224.0000 370.0000 1.5898 1.7263 4.3330 38.0199 1.1188 1.1460 -2.3589 0.0016
Pedestrian 0.0000 0 1.3161 1101.8627 166.3284 1132.4175 232.5630 1.7056 0.5139 0.5891 13.4092 1.3422 18.5686 1.9350 0.0016
Car 0.0000 0 3.5215 48.7679 174.6314 142.5430 201.9209 1.5193 1.5890 4.0750 -29.1831 1.1939 40.6103 2.9038 0.0016
Car 0.0000 0 0.7489 0.0000 176.1264 48.5925 204.7981 1.6002 1.8318 4.8766 -34.9757 1.3575 40.4739 0.0419 0.0016
Car 0.0000 0 -2.7540 0.0000 0.0000 1224.0000 370.0000 1.5093 1.5890 3.3807 36.6946 1.1461 0.5590 -1.2057 0.0016
Car 0.0000 0 1.4791 146.7853 170.0081 184.4267 195.8500 1.8410 2.0105 4.3175 -32.7729 1.0948 52.6962 0.9272 0.0016
Cyclist 0.0000 0 -2.8501 0.0000 0.0000 1224.0000 370.0000 1.7364 0.4657 1.6155 8.6270 1.5994 0.3847 -1.3597 0.0016
Cyclist 0.0000 0 1.4938 165.1580 178.0967 184.4784 221.7504 1.5093 0.4692 1.7082 -15.4146 1.4277 25.2726 0.9534 0.0016
Car 0.0000 0 1.1122 0.0000 0.0000 1224.0000 370.0000 1.4584 1.4999 3.1439 -7.4510 1.5379 -0.2129 -0.4421 0.0015
Car 0.0000 0 -2.1115 160.1808 168.8459 280.4326 216.3216 1.5690 1.7550 4.4343 -13.8008 1.1854 25.2500 -2.6046 0.0015
Car 0.0000 0 -3.5973 0.0000 0.0000 1224.0000 370.0000 1.6388 1.7419 4.3966 38.0477 1.2237 1.0094 -2.0599 0.0015
Car 0.0000 0 -1.4073 148.3173 168.6489 190.0480 197.5567 1.9363 1.8357 4.0848 -30.5009 1.1438 49.5918 -1.9541 0.0015
Car 0.0000 0 -1.4354 163.4227 175.2084 239.0961 221.1084 1.4308 1.7114 3.8259 -13.6978 1.2674 24.1285 -1.9442 0.0015
Car 0.0000 0 -3.9662 0.0000 0.0000 1224.0000 370.0000 1.6291 1.7435 3.9722 37.8444 1.1488 1.2669 -2.4359 0.0014
Car 0.0000 0 -1.3270 161.6394 175.3047 247.8289 222.4989 1.5126 1.6757 4.0464 -13.9538 1.3477 24.8276 -1.8318 0.0014
Car 0.0000 0 3.4857 51.6375 174.3478 144.9750 201.5081 1.5106 1.5549 4.0752 -29.0319 1.1698 40.6151 2.8706 0.0014
Car 0.0000 0 0.5420 0.0000 0.0000 1224.0000 370.0000 1.5953 1.7994 4.8398 39.7450 1.1592 2.0920 2.0537 0.0014
Car 0.0000 0 0.4131 0.0000 0.0000 1224.0000 370.0000 1.7230 1.7983 4.4016 39.8189 1.0566 2.0856 1.9250 0.0013
Car 0.0000 0 0.3558 0.0000 0.0000 1224.0000 370.0000 1.6698 1.7647 4.3477 39.6727 0.9878 1.6417 1.8787 0.0013
Car 0.0000 0 1.3715 148.9063 170.9112 196.2355 198.8589 1.8185 1.8724 4.7635 -29.6325 1.1959 48.3888 0.8266 0.0013
Pedestrian 0.0000 0 0.8125 1090.2496 169.5333 1123.7854 232.3977 1.6136 0.4512 0.5599 13.0639 1.3337 18.4540 1.4220 0.0013
Car 0.0000 0 -1.7938 142.8980 169.7506 188.0894 197.7139 1.8662 1.8327 4.0763 -30.6580 1.1501 49.2795 -2.3457 0.0013
Cyclist 0.0000 0 1.1959 880.7775 166.5921 911.9113 204.8158 1.7806 0.6749 2.0429 13.9560 1.1342 33.9587 1.5842 0.0013
Car 0.0000 0 -1.9246 138.1328 169.2901 190.4684 197.4309 1.8768 1.8625 3.8925 -30.6105 1.1305 49.0836 -2.4776 0.0013
Car 0.0000 0 -1.4104 149.3202 169.1787 190.9341 197.9844 1.9264 1.8304 4.1367 -30.4028 1.1706 49.5407 -1.9562 0.0013
Car 0.0000 0 -1.3706 150.1939 168.3997 193.4259 196.5734 1.8886 1.8385 3.8512 -30.2710 1.0788 49.5154 -1.9147 0.0012
Car 0.0000 0 -1.3993 150.0800 169.6367 191.3815 197.9283 1.8931 1.7988 3.9590 -30.3249 1.1675 49.4775 -1.9446 0.0012
Car 0.0000 0 1.7627 165.2064 168.7984 240.9290 217.5835 1.6837 1.7906 3.5238 -14.9033 1.2814 26.3496 1.2549 0.0012
Pedestrian 0.0000 0 0.7687 1090.5652 172.6140 1123.6342 233.9101 1.5757 0.4384 0.5555 13.0887 1.3746 18.4853 1.3783 0.0012
Car 0.0000 0 -1.5042 150.6044 169.8386 186.0361 198.2922 1.9031 1.8173 4.2707 -30.5744 1.1914 49.5997 -2.0520 0.0012
Pedestrian 0.0000 0 -2.7961 928.3043 162.0056 949.8665 202.4742 1.9348 0.6017 0.7891 16.1882 1.0520 34.2912 -2.3570 0.0012
Car 0.0000 0 -1.7319 144.2294 170.3470 186.2778 197.9068 1.8345 1.8441 4.2533 -30.6727 1.1600 49.2700 -2.2841 0.0012
Car 0.0000 0 -1.1717 148.9594 168.3266 203.6768 196.6344 1.9056 1.9006 3.9213 -30.0303 1.0874 49.6648 -1.7110 0.0011
Car 0.0000 0 -1.5535 149.6500 168.6222 181.8676 198.0390 1.9589 1.8194 4.3875 -30.6528 1.1693 49.4294 -2.1040 0.0011
Car 0.0000 0 -1.0225 176.3302 171.7075 295.5385 219.4715 1.5238 1.7917 4.0931 -12.7383 1.2449 24.6625 -1.4922 0.0011
Car 0.0000 0 -1.7414 143.4675 170.3091 185.9745 198.0565 1.8457 1.8443 4.1665 -30.6647 1.1692 49.1994 -2.2941 0.0011
Car 0.0000 0 2.9576 0.0000 0.0000 1224.0000 370.0000 1.7307 1.6556 4.0830 -34.2472 1.7562 0.3061 1.4067 0.0010
Car 0.0000 0 0.4468 0.0000 0.0000 1224.0000 370.0000 1.5565 1.8134 4.6848 29.8973 1.3952 0.7750 1.9824 0.0010
Car 0.0000 0 -2.2580 119.3013 171.2165 235.8565 218.5390 1.4952 1.5231 3.4202 -14.3084 1.2035 23.6334 -2.7946 0.0009
Car 0.0000 0 -1.3912 145.5508 169.6263 189.0505 198.5313 1.9276 1.8104 4.4402 -30.5955 1.2038 49.5437 -1.9399 0.0009
Car 0.0000 0 -1.0731 155.8537 175.5726 272.3826 222.1689 1.5000 1.6618 4.4219 -13.6533 1.3429 24.9702 -1.5664 0.0009
Car 0.0000 0 -1.3909 146.7121 170.1677 189.3941 198.6373 1.9029 1.8080 4.1854 -30.5400 1.2136 49.5312 -1.9389 0.0009
Cyclist 0.0000 0 -1.3954 927.4125 165.1065 947.1441 202.1807 1.7635 0.5664 1.8318 16.2267 1.0327 34.5392 -0.9581 0.0008
Car 0.0000 0 3.5283 0.0000 0.0000 1224.0000 370.0000 1.9327 1.9073 4.5130 -36.5878 1.9229 -0.0601 1.9662 0.0008
Car 0.0000 0 -1.5339 149.8307 172.0251 184.2513 198.9351 1.7836 1.8515 4.6800 -30.5079 1.2232 49.3515 -2.0830 0.0008
Car 0.0000 0 -0.9703 166.5896 172.7256 290.3257 219.1312 1.4962 1.6505 4.3992 -13.2028 1.2471 25.0762 -1.4479 0.0008
Car 0.0000 0 -1.2547 142.6544 168.7528 194.1700 196.8196 1.8798 1.9268 3.9357 -30.4789 1.0944 49.4875 -1.8021 0.0008
Car 0.0000 0 1.2333 133.8641 169.9601 195.4518 198.4812 1.8904 1.9624 5.4757 -30.7715 1.1931 49.3429 0.6803 0.0008
Car 0.0000 0 -1.7908 171.8690 176.0923 258.0924 222.4559 1.4497 1.7042 4.3329 -13.4975 1.3134 24.2938 -2.2906 0.0008
Cyclist 0.0000 0 -1.2305 972.4805 159.6935 1000.9563 204.0216 1.9512 0.6341 1.6092 17.2082 1.0368 31.8931 -0.7383 0.0008
Pedestrian 0.0000 0 -1.1389 262.8108 158.2128 293.6198 212.9444 1.8411 0.6966 0.7689 -11.1917 1.0929 24.1652 -1.5657 0.0007
Pedestrian 0.0000 0 -1.2100 929.3347 161.5297 949.3647 201.6553 1.9194 0.6328 0.8174 16.2207 1.0134 34.3288 -0.7705 0.0007
Pedestrian 0.0000 0 -1.8968 861.5524 144.3618 902.1005 226.5518 2.3895 0.7530 1.2885 8.2544 1.3404 21.2100 -1.5291 0.0007
Car 0.0000 0 1.6588 171.1280 175.7699 237.3645 220.5326 1.4035 1.6062 3.9844 -13.7102 1.2567 24.3103 1.1527 0.0007
Car 0.0000 0 1.1037 140.6788 170.4536 205.4719 197.5453 1.7822 1.8519 4.7934 -29.6898 1.1226 48.5642 0.5596 0.0007
Car 0.0000 0 2.8502 0.0000 0.0000 1224.0000 370.0000 1.7504 1.6641 4.4163 -33.9412 1.6661 0.2782 1.2987 0.0007
Pedestrian 0.0000 0 -2.9946 935.4146 163.3947 953.5469 201.4227 1.7987 0.5233 0.7148 16.2406 0.9911 33.8537 -2.5493 0.0007
Car 0.0000 0 -1.5491 152.5712 169.1122 183.8603 196.7739 1.8383 1.7423 4.5191 -30.4476 1.0828 49.3740 -2.0970 0.0007
Car 0.0000 0 -1.6667 148.0626 170.1980 186.3116 198.2536 1.8603 1.8632 4.4207 -30.4991 1.1785 49.2028 -2.2170 0.0006
Car 0.0000 0 0.4754 0.0000 0.0000 1224.0000 370.0000 1.5638 1.8169 4.4432 29.9699 1.4003 1.1503 1.9986 0.0006
Car 0.0000 0 0.4871 0.0000 0.0000 1224.0000 370.0000 1.5930 1.7327 4.2268 30.0685 1.4089 1.4692 1.9999 0.0006
Car 0.0000 0 -1.7722 142.8387 168.5341 189.4127 197.7363 1.9334 1.8944 4.5365 -30.5156 1.1425 49.1092 -2.3235 0.0006
Car 0.0000 0 -1.9247 132.4043 166.9625 193.0517 197.7454 2.0368 1.9785 4.9907 -30.7397 1.1424 49.0914 -2.4795 0.0005
Pedestrian 0.0000 0 -2.2127 856.5223 145.5567 908.2110 225.3438 2.3078 0.7767 1.3642 8.2683 1.2986 21.2075 -1.8444 0.0005
Car 0.0000 0 0.4227 0.0000 0.0000 1224.0000 370.0000 1.6209 1.8783 4.5354 30.0995 1.4688 1.1636 1.9457 0.0005
Pedestrian 0.0000 0 -1.0028 0.0000 0.0000 1224.0000 370.0000 1.7316 0.6322 0.7801 25.8951 1.1793 0.1191 0.5524 0.0005
Pedestrian 0.0000 0 1.1946 934.1534 163.6280 951.3913 201.7032 1.8050 0.5092 0.7353 16.1746 1.0066 33.8970 1.6378 0.0005
Car 0.0000 0 -1.2839 156.6573 176.1151 250.5520 222.6516 1.4580 1.6818 4.1189 -13.7038 1.3222 24.3397 -1.7893 0.0005
Car 0.0000 0 -1.1533 161.5785 173.1802 268.9985 221.3615 1.5163 1.6421 4.2348 -13.3259 1.2875 24.4194 -1.6456 0.0005
Car 0.0000 0 -0.9074 158.2944 174.1525 282.6742 220.1554 1.4551 1.5946 4.0769 -13.1948 1.2559 24.5069 -1.3940 0.0004
Pedestrian 0.0000 0 -3.6758 0.0000 0.0000 1224.0000 370.0000 1.8053 0.5904 0.7801 25.8802 1.1813 0.1666 -2.1224 0.0004
Car 0.0000 0 -1.1991 163.1743 166.2210 260.3922 217.1430 1.6013 1.6713 3.6309 -13.3232 1.1538 24.1349 -1.6961 0.0004
Cyclist 0.0000 0 -1.3442 854.9740 143.9591 901.4958 229.4974 2.4303 0.7610 2.5839 8.2550 1.3937 21.3679 -0.9789 0.0002
Pedestrian 0.0000 0 -1.5416 261.1640 158.3148 286.4437 215.6379 1.8875 0.7415 0.9165 -11.1903 1.1585 23.8431 -1.9735 0.0002