Car 0.0000 0 -1.0246 0.0000 169.3575 167.9717 262.7912 2.0488 1.6647 4.5659 -13.2604 1.9725 18.1596 -1.6486 0.9991
Car 0.0000 0 -1.0242 0.0000 168.7772 168.4122 263.3237 2.0665 1.6465 4.6359 -13.2475 1.9778 18.1427 -1.6481 0.9991
Car 0.0000 0 -1.0370 0.0000 169.6831 167.1129 262.8922 2.0392 1.6243 4.6372 -13.2616 1.9702 18.1651 -1.6608 0.9989
Car 0.0000 0 -1.2335 136.9943 185.9816 280.2193 256.4547 1.4606 1.6564 4.7358 -10.0074 1.8396 18.3393 -1.7273 0.9986
Car 0.0000 0 -1.2327 135.0030 186.4714 280.3864 257.3253 1.4613 1.6752 4.8113 -10.0283 1.8553 18.3487 -1.7272 0.9985
Car 0.0000 0 -1.0489 0.0000 170.6858 162.1111 263.7198 2.0318 1.6297 4.4600 -13.2652 1.9848 18.0584 -1.6757 0.9983
Car 0.0000 0 -1.0378 0.0000 169.0161 168.1203 262.3388 2.0415 1.6415 4.5766 -13.2077 1.9579 18.1340 -1.6605 0.9983
Car 0.0000 0 -1.2366 137.7417 185.8473 279.7730 256.5826 1.4675 1.6406 4.7409 -10.0084 1.8427 18.3447 -1.7303 0.9983
Car 0.0000 0 -1.0481 0.0000 169.0387 165.2493 263.3735 2.0593 1.6351 4.6176 -13.2679 1.9764 18.1284 -1.6731 0.9983
Car 0.0000 0 -1.8916 673.9086 172.0963 779.2086 228.6102 1.4564 1.6428 4.4744 3.1851 1.4372 20.9370 -1.7434 0.9982
Car 0.0000 0 -1.2373 137.5107 186.5857 280.0292 257.2958 1.4593 1.6380 4.7896 -10.0086 1.8564 18.3515 -1.7308 0.9982
Car 0.0000 0 -1.2408 137.4848 186.3829 280.1520 256.8708 1.4578 1.6693 4.7553 -10.0102 1.8489 18.3546 -1.7343 0.9982
Car 0.0000 0 -1.2388 135.2963 185.8691 278.7164 256.3411 1.4577 1.6668 4.7627 -10.0382 1.8335 18.3252 -1.7342 0.9980
Car 0.0000 0 -1.0359 0.0000 170.7413 165.4073 263.8559 2.0393 1.6529 4.4858 -13.2503 1.9934 18.1078 -1.6608 0.9979
Car 0.0000 0 -1.2403 138.0802 186.4025 279.7991 257.1345 1.4631 1.6436 4.7622 -10.0097 1.8548 18.3566 -1.7338 0.9979
Car 0.0000 0 -1.8979 673.2944 171.8689 780.1144 228.8500 1.4661 1.6387 4.5490 3.1864 1.4411 20.9461 -1.7497 0.9977
Car 0.0000 0 -1.8885 673.8234 171.9723 779.2288 228.8369 1.4646 1.6540 4.4836 3.1823 1.4422 20.9303 -1.7404 0.9976
Car 0.0000 0 -1.0378 0.0000 169.3567 167.6204 262.7544 2.0391 1.6491 4.6408 -13.2414 1.9631 18.1357 -1.6616 0.9975
Car 0.0000 0 -1.8999 672.2913 172.6112 778.3641 228.7202 1.4477 1.6305 4.5036 3.1544 1.4418 20.9771 -1.7534 0.9971
Car 0.0000 0 -1.9569 746.3112 164.7853 852.9188 223.8697 1.5961 1.6584 4.0123 5.4902 1.3785 21.5920 -1.7118 0.9963
Car 0.0000 0 -1.8930 673.7691 172.0167 779.5317 228.7518 1.4621 1.6475 4.4884 3.1880 1.4409 20.9449 -1.7447 0.9959
Car 0.0000 0 -1.8996 673.2161 171.8490 780.1893 228.4725 1.4600 1.6742 4.4402 3.1887 1.4344 20.9353 -1.7512 0.9959
Car 0.0000 0 -1.2591 139.9274 185.9877 277.7452 256.0741 1.4505 1.6439 4.7036 -9.9975 1.8291 18.3142 -1.7530 0.9946
Car 0.0000 0 -1.6148 526.9927 164.0959 563.3671 198.0973 1.6422 1.6665 4.1761 -3.4131 1.2195 37.0268 -1.7064 0.9943
Car 0.0000 0 -1.9302 747.5772 164.6632 852.8201 224.0005 1.6091 1.6901 4.0855 5.5305 1.3874 21.6895 -1.6843 0.9938
Car 0.0000 0 -1.9310 747.4263 164.5160 852.9540 223.8648 1.6078 1.6934 4.0851 5.5249 1.3823 21.6705 -1.6852 0.9934
Car 0.0000 0 -1.9328 747.3691 164.4037 852.5215 223.9790 1.6131 1.6680 4.1045 5.5172 1.3847 21.6698 -1.6873 0.9934
Car 0.0000 0 -1.9286 747.2724 164.6021 852.4083 223.4997 1.5967 1.6817 4.1169 5.5208 1.3734 21.6979 -1.6832 0.9931
Car 0.0000 0 -1.8937 672.8656 171.7814 779.6824 228.5731 1.4635 1.6799 4.4795 3.1758 1.4362 20.9427 -1.7459 0.9929
Car 0.0000 0 -1.9295 747.9106 164.3337 853.1365 223.9298 1.6138 1.6999 4.0456 5.5289 1.3834 21.6411 -1.6832 0.9929
Car 0.0000 0 -1.6331 525.6171 164.0083 563.6989 198.1714 1.6503 1.6793 4.1898 -3.4441 1.2234 37.0519 -1.7255 0.9920
Car 0.0000 0 -1.4899 367.0793 171.1541 424.0209 216.3446 1.4567 1.6037 3.7161 -7.4680 1.4023 25.2377 -1.7752 0.9916
Car 0.0000 0 -1.4811 367.6559 171.6613 425.3235 216.2472 1.4385 1.5918 3.8293 -7.4534 1.4004 25.3096 -1.7650 0.9901
Car 0.0000 0 -1.2414 137.6910 186.4936 279.1526 257.1547 1.4595 1.6551 4.6940 -9.9937 1.8521 18.2977 -1.7356 0.9899
Car 0.0000 0 -1.4754 367.6590 171.9153 424.6109 216.2963 1.4351 1.5626 3.6325 -7.4559 1.4051 25.2591 -1.7600 0.9891
Car 0.0000 0 -1.9392 745.9382 164.7915 852.2496 224.2002 1.6049 1.6907 4.0632 5.4767 1.3875 21.6104 -1.6948 0.9890
Car 0.0000 0 -1.4820 368.3669 172.0229 424.3949 216.3091 1.4312 1.5523 3.6586 -7.4481 1.4047 25.2598 -1.7662 0.9882
Car 0.0000 0 -2.5006 0.0000 0.0000 1242.0000 375.0000 1.7087 1.6176 3.8098 3.8268 1.5154 0.9715 -1.2492 0.9872
Car 0.0000 0 -1.6314 525.5972 163.7813 563.7610 198.0755 1.6568 1.6891 4.2207 -3.4451 1.2188 37.0696 -1.7238 0.9866
Car 0.0000 0 -1.9044 671.1599 171.5155 779.5204 228.8869 1.4771 1.6790 4.4965 3.1465 1.4430 20.9394 -1.7579 0.9861
Car 0.0000 0 -1.6411 525.1749 163.9463 563.7477 198.0252 1.6462 1.6703 4.2262 -3.4570 1.2163 37.0731 -1.7337 0.9861
Car 0.0000 0 -1.9319 747.2968 164.7319 853.0388 223.7580 1.5993 1.6874 4.1168 5.5276 1.3796 21.6884 -1.6861 0.9846
Car 0.0000 0 -1.2392 135.9733 186.9803 277.6622 256.8962 1.4421 1.6633 4.6501 -10.0328 1.8482 18.2918 -1.7351 0.9829
Car 0.0000 0 -1.0328 0.0000 173.4748 168.2110 263.1693 1.9614 1.6811 4.5370 -13.2278 1.9794 18.1396 -1.6561 0.9821
Car 0.0000 0 -2.5180 0.0000 0.0000 1242.0000 375.0000 1.7171 1.5957 3.7837 3.8221 1.5159 0.9226 -1.2554 0.9816
Car 0.0000 0 -2.4954 0.0000 0.0000 1242.0000 375.0000 1.7303 1.6118 3.8949 3.8274 1.5445 0.9888 -1.2482 0.9815
Car 0.0000 0 -2.5015 0.0000 0.0000 1242.0000 375.0000 1.7280 1.5941 3.8345 3.8294 1.5358 0.9754 -1.2510 0.9803
Car 0.0000 0 -2.4992 0.0000 0.0000 1242.0000 375.0000 1.7107 1.5964 3.7873 3.8330 1.5214 0.9663 -1.2461 0.9796
Car 0.0000 0 -1.2429 136.2656 186.1913 276.2301 255.6247 1.4386 1.6585 4.5749 -10.0365 1.8209 18.2613 -1.7396 0.9796
Car 0.0000 0 -1.9377 747.0110 164.6955 852.2714 223.9910 1.6058 1.6792 4.0343 5.5036 1.3852 21.6420 -1.6924 0.9793
Car 0.0000 0 -2.5015 0.0000 0.0000 1242.0000 375.0000 1.7040 1.6103 3.8194 3.8201 1.5176 0.9593 -1.2478 0.9792
Car 0.0000 0 -1.4763 367.9850 171.2830 425.2827 216.0827 1.4482 1.5722 3.7170 -7.4471 1.3978 25.2957 -1.7602 0.9785
Car 0.0000 0 -1.9410 747.2254 164.1600 854.0157 224.0290 1.6169 1.7065 4.0339 5.5179 1.3825 21.5914 -1.6947 0.9752
Car 0.0000 0 -1.9011 671.0859 172.0494 778.8649 228.4052 1.4532 1.6845 4.4768 3.1402 1.4328 20.9581 -1.7551 0.9750
Car 0.0000 0 -1.4766 368.2757 171.6192 425.3889 216.2755 1.4438 1.5683 3.7041 -7.4397 1.4043 25.2927 -1.7603 0.9742
Car 0.0000 0 -1.9416 746.3834 164.5382 851.9075 223.0910 1.5874 1.6755 4.0428 5.4956 1.3623 21.6693 -1.6970 0.9741
Car 0.0000 0 -1.0216 0.0000 171.8213 169.2704 261.7175 1.9730 1.6762 4.6208 -13.2751 1.9507 18.1993 -1.6451 0.9698
Car 0.0000 0 -1.0437 0.0000 172.3179 165.2783 262.5169 1.9714 1.6528 4.5174 -13.2398 1.9601 18.0961 -1.6686 0.9687
Car 0.0000 0 -2.5055 0.0000 0.0000 1242.0000 375.0000 1.7141 1.6415 3.8696 3.8287 1.5010 0.9471 -1.2481 0.9675
Car 0.0000 0 -2.4835 0.0000 0.0000 1242.0000 375.0000 1.6862 1.5903 3.8202 3.8165 1.5109 0.9361 -1.2245 0.9597
Car 0.0000 0 -1.6107 526.7432 164.0338 563.4032 198.2212 1.6521 1.6998 4.1233 -3.4178 1.2262 37.0199 -1.7025 0.9594
Car 0.0000 0 -1.4720 368.8220 172.4792 425.6977 216.0963 1.4113 1.5480 3.6617 -7.4238 1.3995 25.2850 -1.7551 0.9590
Car 0.0000 0 -1.6397 525.3511 163.2606 563.6398 198.1891 1.6880 1.6657 4.1520 -3.4519 1.2247 37.0502 -1.7323 0.9569
Car 0.0000 0 -1.6180 526.7068 164.4487 563.7046 197.9952 1.6219 1.6904 4.0538 -3.4092 1.2159 37.0070 -1.7096 0.9563
Car 0.0000 0 -1.6157 526.7196 163.7919 563.4081 198.2279 1.6633 1.6797 4.1516 -3.4185 1.2260 37.0195 -1.7075 0.9545
Car 0.0000 0 -1.4769 368.6056 171.7598 425.8371 216.0043 1.4297 1.5688 3.7603 -7.4288 1.3947 25.3062 -1.7599 0.9534
Car 0.0000 0 -1.9081 672.0441 172.3679 778.6297 229.0323 1.4646 1.6651 4.3505 3.1546 1.4524 20.9407 -1.7613 0.9519
Car 0.0000 0 -1.6170 526.5830 164.3325 563.4705 198.2744 1.6392 1.6835 4.1733 -3.4214 1.2280 37.0253 -1.7089 0.9495
Car 0.0000 0 -1.4899 367.8389 171.1477 424.0439 216.2448 1.4582 1.5857 3.6899 -7.4728 1.4034 25.2947 -1.7747 0.9487
Car 0.0000 0 -1.0618 0.0000 171.3491 163.6988 263.2765 2.0085 1.6664 4.5383 -13.2702 1.9760 18.1126 -1.6873 0.9436
Car 0.0000 0 -1.2375 137.9975 186.6384 279.7337 256.0971 1.4404 1.6771 4.6328 -10.0095 1.8375 18.3419 -1.7313 0.9419
Car 0.0000 0 -1.4870 368.5623 171.0462 424.7835 215.9097 1.4505 1.5741 3.7320 -7.4513 1.3924 25.3112 -1.7709 0.9380
Car 0.0000 0 -1.6194 526.6387 163.6794 563.6041 198.2822 1.6717 1.6775 4.2113 -3.4200 1.2288 37.0576 -1.7111 0.9368
Car 0.0000 0 -2.0592 823.5287 167.6532 945.5892 221.3659 1.4636 1.6560 4.1541 8.0969 1.3223 21.8301 -1.7089 0.9331
Car 0.0000 0 -2.0696 823.3282 167.4154 946.9190 221.4603 1.4710 1.6794 4.1299 8.1032 1.3233 21.8018 -1.7186 0.9329
Car 0.0000 0 -2.0732 823.2156 167.5625 946.4875 221.5754 1.4699 1.6519 4.1424 8.0967 1.3263 21.8059 -1.7225 0.9314
Car 0.0000 0 -2.0731 821.5090 166.7708 946.4300 220.5713 1.4658 1.6704 4.2285 8.0899 1.3005 21.8730 -1.7236 0.9249
Car 0.0000 0 -1.6325 524.9641 163.9825 563.4489 198.1159 1.6481 1.6973 4.2974 -3.4726 1.2201 37.0898 -1.7255 0.9215
Car 0.0000 0 -2.0707 823.7313 167.9633 945.0831 221.2644 1.4520 1.6331 4.0768 8.0825 1.3192 21.7908 -1.7204 0.9210
Car 0.0000 0 -2.5087 0.0000 0.0000 1242.0000 375.0000 1.7277 1.6077 3.8323 3.8368 1.5391 0.9564 -1.2531 0.9191
Car 0.0000 0 -1.9225 746.7806 164.8825 851.5114 223.8249 1.5957 1.6851 4.1205 5.4925 1.3802 21.6694 -1.6781 0.9159
Car 0.0000 0 -1.9045 670.8625 171.6382 777.8278 228.1845 1.4589 1.6536 4.4591 3.1238 1.4279 20.9576 -1.7593 0.9136
Car 0.0000 0 -2.0761 822.9963 167.4021 947.0394 221.1471 1.4616 1.6715 4.1288 8.0948 1.3137 21.7879 -1.7253 0.9126
Car 0.0000 0 -2.5089 0.0000 0.0000 1242.0000 375.0000 1.7205 1.6129 3.8169 3.8019 1.5086 0.9079 -1.2443 0.9061
Car 0.0000 0 -2.0613 824.2219 167.4328 945.4039 221.1989 1.4658 1.6530 4.0890 8.1002 1.3184 21.8081 -1.7105 0.9019
Car 0.0000 0 -2.0858 824.1152 166.7265 950.1580 220.6640 1.4621 1.6695 4.1712 8.1401 1.2964 21.7492 -1.7326 0.9005
Car 0.0000 0 -2.0630 823.2472 167.5423 947.4164 220.9503 1.4510 1.6693 4.2194 8.1061 1.3071 21.8067 -1.7120 0.8943
Car 0.0000 0 -1.9274 745.7269 163.7785 852.1141 222.8683 1.5997 1.6832 4.2387 5.4958 1.3543 21.7313 -1.6834 0.8917
Car 0.0000 0 -1.9230 748.8105 164.4117 852.5051 223.0810 1.5887 1.6625 4.0814 5.5361 1.3605 21.6527 -1.6765 0.8828
Car 0.0000 0 -2.0361 823.5397 168.5904 944.1430 221.1583 1.4368 1.6512 4.2529 8.1075 1.3206 21.9259 -1.6868 0.8810
Car 0.0000 0 -2.5078 0.0000 0.0000 1242.0000 375.0000 1.7134 1.6377 3.9301 3.7915 1.5275 0.8926 -1.2404 0.8744
Car 0.0000 0 -1.6173 526.7173 164.2185 563.4527 198.3248 1.6480 1.6796 4.0144 -3.4108 1.2311 36.9647 -1.7090 0.8698
Car 0.0000 0 -2.0837 819.6507 168.2406 947.9287 221.6191 1.4486 1.6624 4.3680 8.0731 1.3237 21.8683 -1.7349 0.8680
Car 0.0000 0 -1.2153 135.7446 187.2827 279.1392 257.4760 1.4542 1.6388 4.5774 -10.0263 1.8683 18.3050 -1.7106 0.8633
Car 0.0000 0 -1.8907 673.4018 171.9966 778.9299 228.6645 1.4645 1.6746 4.4287 3.1803 1.4427 20.9692 -1.7429 0.8402
Car 0.0000 0 -2.5102 0.0000 0.0000 1242.0000 375.0000 1.7312 1.6575 3.9132 3.8186 1.5523 0.9192 -1.2472 0.8349
Car 0.0000 0 -1.4605 367.0143 171.3868 425.9048 216.1612 1.4507 1.5809 3.6193 -7.4529 1.4035 25.2948 -1.7446 0.8214
Car 0.0000 0 -1.6224 525.7444 163.7358 563.4531 198.0918 1.6605 1.7020 4.2835 -3.4536 1.2202 37.1132 -1.7149 0.8169
Car 0.0000 0 -1.6195 526.3807 164.3219 563.0510 198.2028 1.6372 1.6678 4.0181 -3.4301 1.2253 36.9704 -1.7117 0.8065
Car 0.0000 0 -2.5165 0.0000 0.0000 1242.0000 375.0000 1.7118 1.5571 3.7430 3.7941 1.5079 0.8808 -1.2460 0.7714
Car 0.0000 0 -2.1029 822.4816 166.6044 948.9553 221.0238 1.4780 1.6849 4.0863 8.1045 1.3086 21.7544 -1.7512 0.7651
Car 0.0000 0 -2.4964 0.0000 0.0000 1242.0000 375.0000 1.7040 1.5602 3.8333 3.8080 1.5412 0.9170 -1.2337 0.7588
Car 0.0000 0 -1.6444 525.0308 163.2617 563.8409 198.1504 1.6834 1.6721 4.1193 -3.4488 1.2209 36.9811 -1.7371 0.7569
Car 0.0000 0 -2.0752 822.9217 166.3161 949.5391 220.6197 1.4746 1.7001 4.2322 8.1326 1.2975 21.8115 -1.7232 0.7553
Car 0.0000 0 -2.5153 0.0000 0.0000 1242.0000 375.0000 1.7218 1.6480 3.9502 3.8417 1.4946 0.9002 -1.2458 0.7059
Car 0.0000 0 -1.6172 526.6702 162.9708 563.7333 198.0456 1.6954 1.6921 4.2277 -3.4187 1.2181 37.0849 -1.7089 0.6799
Car 0.0000 0 -2.1094 821.2593 166.3113 949.0511 221.0956 1.4905 1.7003 4.1191 8.1066 1.3129 21.8101 -1.7584 0.6635
Car 0.0000 0 -2.0934 822.4831 168.1433 940.3942 220.3707 1.4398 1.5977 3.8827 8.0630 1.3103 21.9388 -1.7460 0.6623
Car 0.0000 0 -2.5693 0.0000 0.0000 1242.0000 375.0000 1.7154 1.6070 3.8628 3.8122 1.4874 0.8165 -1.2818 0.6401
Car 0.0000 0 0.2165 0.0000 0.0000 1103.1517 375.0000 1.4958 1.5723 3.6543 0.7757 1.6767 0.0074 1.4135 0.6360
Car 0.0000 0 1.0953 825.7882 168.3537 945.8325 221.4997 1.4484 1.6011 4.2179 8.1420 1.3261 21.8529 1.4471 0.6308
Car 0.0000 0 -2.0688 850.1933 147.8201 911.4907 178.5647 1.8434 1.7798 4.2720 16.9644 0.3428 45.5015 -1.7141 0.6226
Car 0.0000 0 1.0666 849.9169 147.8499 911.9086 179.8075 1.9117 1.7930 4.2800 16.9334 0.4163 45.4092 1.4213 0.6185
Car 0.0000 0 -1.6029 526.5307 165.1571 562.4265 197.8610 1.5812 1.6959 3.8795 -3.4347 1.2094 36.9121 -1.6954 0.5673
Car 0.0000 0 1.0736 829.2190 167.8902 942.6379 220.7031 1.4373 1.5534 3.7134 8.0724 1.3026 21.5827 1.4265 0.5607
Car 0.0000 0 -2.0792 848.9980 147.1753 910.5391 177.9137 1.8452 1.7626 4.2847 16.9195 0.3041 45.5627 -1.7258 0.5559
Car 0.0000 0 1.0496 826.6544 166.7661 953.3147 221.7364 1.4840 1.6699 4.1302 8.1887 1.3200 21.6501 1.4063 0.5485
Car 0.0000 0 -3.7257 987.5791 153.2811 1241.0251 237.8422 1.7187 1.7432 4.2345 10.6646 1.3213 15.5510 -3.1337 0.5470
Car 0.0000 0 -2.8044 0.0000 0.0000 934.4910 375.0000 1.4839 1.6199 3.6295 0.6454 1.6791 0.1654 -1.8605 0.5194
Car 0.0000 0 -1.0149 0.0000 172.9348 160.6978 265.7728 2.0093 1.7216 4.4557 -13.3109 2.0120 17.9049 -1.6472 0.5149
Car 0.0000 0 0.0218 0.0000 0.0000 1085.8860 375.0000 1.4710 1.5725 3.6455 0.7796 1.6322 -0.1056 1.3557 0.4783
Car 0.0000 0 2.4651 977.8627 149.9821 1241.9789 240.0379 1.7895 1.7165 4.5941 10.4947 1.3354 15.3901 3.0544 0.4756
Car 0.0000 0 -2.0656 850.1698 148.5918 910.1598 178.3939 1.7880 1.7331 4.2177 16.9221 0.3327 45.4956 -1.7116 0.4711
Car 0.0000 0 2.4812 977.9741 149.1712 1242.0000 240.4271 1.8124 1.7685 4.5897 10.5090 1.3424 15.3700 3.0716 0.4693
Car 0.0000 0 -2.0782 850.0566 148.0956 910.2587 179.0036 1.8505 1.7271 4.1632 16.8817 0.3685 45.3851 -1.7242 0.4680
Car 0.0000 0 -2.5221 0.0000 0.0000 1242.0000 375.0000 1.6826 1.6028 4.1551 3.7856 1.4591 0.7131 -1.2110 0.4583
Car 0.0000 0 -2.0818 855.4948 149.8152 913.3376 179.3988 1.7581 1.7410 3.7437 16.9610 0.3893 44.8601 -1.7226 0.4581
Car 0.0000 0 0.9783 849.6155 149.6085 915.7467 180.9539 1.8646 1.8386 4.1806 16.9546 0.4822 45.1664 1.3352 0.4572
Car 0.0000 0 -1.8180 676.4258 172.6685 764.9941 226.0764 1.4159 1.5832 4.1042 3.0939 1.4113 21.2495 -1.6760 0.4470
Car 0.0000 0 -3.6700 984.1425 153.5645 1242.0000 238.8102 1.7260 1.7407 4.2996 10.6560 1.3358 15.6076 -3.0801 0.4459
Car 0.0000 0 2.4741 976.3886 149.9138 1241.9855 240.3610 1.7986 1.7221 4.6064 10.4717 1.3428 15.3862 3.0624 0.4127
Car 0.0000 0 2.5005 990.6385 152.3197 1240.2388 238.2324 1.7320 1.6411 4.2685 10.6586 1.3184 15.4626 3.0948 0.4099
Car 0.0000 0 -2.0511 854.9485 148.9227 915.1194 180.2362 1.8634 1.7742 4.1710 17.0828 0.4397 45.1125 -1.6913 0.4043
Car 0.0000 0 0.0674 0.0000 0.0000 1092.8108 375.0000 1.4420 1.5466 3.4716 0.8050 1.6517 -0.0475 1.3398 0.3964
Car 0.0000 0 -1.5630 529.8034 163.3992 563.7583 196.7975 1.6182 1.6421 4.2560 -3.2756 1.1605 37.1446 -1.6507 0.3885
Car 0.0000 0 1.0454 832.8828 169.1544 951.0102 221.7934 1.4132 1.5503 3.7510 8.1544 1.3142 21.3461 1.4053 0.3808
Car 0.0000 0 -1.0384 0.0000 179.3830 160.9680 260.9662 1.7582 1.7109 4.3195 -13.3692 1.9429 18.1363 -1.6668 0.3632
Car 0.0000 0 -1.6998 575.8337 164.6760 609.4114 192.1456 1.7192 1.6833 4.0563 -1.2136 1.2078 47.2901 -1.7257 0.3582
Car 0.0000 0 1.0406 834.9462 168.6921 956.5270 222.1499 1.4164 1.5421 3.8504 8.1773 1.3065 21.1417 1.4046 0.3576
Car 0.0000 0 1.0523 832.5917 168.0503 959.7817 222.3039 1.4476 1.6761 4.0553 8.2698 1.3198 21.3817 1.4163 0.3500
Car 0.0000 0 -3.5999 994.8364 152.3555 1240.3142 236.2986 1.7078 1.6560 4.0846 10.8612 1.2911 15.7735 -3.0059 0.3425
Car 0.0000 0 -3.2879 0.0000 0.0000 1114.0073 375.0000 1.4776 1.5570 3.6544 0.8415 1.6447 -0.2128 -1.8107 0.3321
Car 0.0000 0 1.0263 836.6201 168.5569 964.1913 223.0814 1.4376 1.6298 3.9195 8.2857 1.3246 21.0931 1.3954 0.3258
Car 0.0000 0 1.0945 837.9568 168.5616 946.5867 221.7201 1.4262 1.5384 3.4198 8.1043 1.3114 21.1430 1.4554 0.3176
Car 0.0000 0 -2.5828 0.0000 0.0000 886.5065 375.0000 1.4800 1.6112 3.6741 0.6195 1.6805 0.3998 -1.8644 0.3169
Car 0.0000 0 -2.0768 853.4192 149.5258 913.2270 179.4680 1.7931 1.7537 4.0589 17.0675 0.3964 45.3436 -1.7190 0.3150
Car 0.0000 0 1.5345 583.1080 162.8803 612.0264 191.6072 1.7960 1.7351 4.0805 -0.8841 1.1728 47.1928 1.5156 0.3150
Car 0.0000 0 1.0218 855.1178 149.3785 918.3678 180.8256 1.8604 1.7903 4.0835 17.0922 0.4720 44.8556 1.3836 0.2920
Car 0.0000 0 1.6099 583.8991 163.9471 611.8466 191.2428 1.7092 1.6767 3.9466 -0.7860 1.1518 47.1699 1.5930 0.2886
Car 0.0000 0 2.5385 1004.3740 154.9787 1241.6962 235.5312 1.6387 1.6022 3.9550 10.8279 1.2754 15.4810 3.1396 0.2869
Car 0.0000 0 1.5562 581.2628 164.4447 610.4795 192.8059 1.7739 1.8287 3.7361 -0.9826 1.2483 47.0274 1.5351 0.2787
Car 0.0000 0 1.0486 859.4601 150.2150 919.2516 182.2553 1.8823 1.8021 3.7183 17.0738 0.5527 44.3625 1.4137 0.2747
Pedestrian 0.0000 0 -1.6445 560.4353 168.3660 569.8429 193.6808 1.8723 0.6583 0.5653 -3.3668 1.5408 53.6888 -1.7072 0.2634
Pedestrian 0.0000 0 0.9607 1177.0929 155.4386 1236.7537 236.7287 1.6481 0.7047 0.6543 12.3272 1.2954 14.9767 1.6395 0.2629
Car 0.0000 0 -3.4696 985.3778 155.6056 1235.4515 239.3721 1.6948 1.7327 4.2084 10.7889 1.3462 15.9689 -2.8844 0.2620
Car 0.0000 0 1.0160 859.4114 148.9297 922.0902 181.4010 1.9074 1.8099 3.8892 17.1923 0.5024 44.4602 1.3827 0.2609
Car 0.0000 0 -3.5015 983.3259 158.0989 1234.6820 239.4178 1.6455 1.7362 4.2156 10.7280 1.3473 15.9133 -2.9172 0.2575
Car 0.0000 0 0.5731 0.0000 0.0000 1242.0000 375.0000 1.6556 1.5773 4.0993 3.5337 1.4512 0.2480 1.9925 0.2566
Pedestrian 0.0000 0 -1.7368 560.0093 168.3096 570.1210 193.6581 1.8735 0.6602 0.6016 -3.3726 1.5380 53.6936 -1.7996 0.2521
Car 0.0000 0 1.5746 584.0107 163.5201 610.4800 191.5724 1.7614 1.6622 3.6422 -0.8598 1.1757 47.1364 1.5561 0.2486
Car 0.0000 0 1.0379 854.8747 149.9222 919.1050 181.5362 1.8640 1.8838 4.0951 17.0524 0.5123 44.7177 1.4000 0.2460
Car 0.0000 0 -2.5290 0.0000 0.0000 840.2307 375.0000 1.5103 1.5866 3.5377 0.5200 1.6895 0.4093 -1.9049 0.2451
Car 0.0000 0 -3.6391 982.8944 151.8163 1236.7572 238.0146 1.7511 1.7060 4.2509 10.6405 1.3241 15.6941 -3.0524 0.2394
Car 0.0000 0 -2.5036 0.0000 0.0000 886.7258 375.0000 1.5245 1.6671 3.8294 0.5650 1.6820 0.3938 -1.8275 0.2316
Car 0.0000 0 1.4634 578.9979 163.2110 610.5969 191.7280 1.7828 1.6536 3.8283 -1.0630 1.1803 47.1116 1.4406 0.2284
Car 0.0000 0 2.4367 990.2979 152.5902 1242.0000 239.3879 1.7107 1.6717 4.3899 10.5935 1.3117 15.2862 3.0333 0.2223
Car 0.0000 0 1.0104 842.1006 167.2168 979.8635 224.1130 1.4514 1.6289 4.1546 8.3626 1.3079 20.5924 1.3908 0.2188
Car 0.0000 0 -2.8290 5.8095 0.0000 1149.0638 375.0000 1.5162 1.6401 3.7299 0.5976 1.6445 -0.0672 -1.6241 0.2163
Car 0.0000 0 2.4153 1023.0431 158.2736 1242.0000 236.1390 1.5347 1.5324 3.7532 10.9134 1.2477 15.1913 3.0288 0.2109
Car 0.0000 0 1.5843 583.9156 164.3232 610.5698 191.6758 1.7163 1.6726 3.6676 -0.8410 1.1814 47.1107 1.5663 0.2099
Car 0.0000 0 2.4413 987.6638 151.3879 1242.0000 240.0494 1.7468 1.6764 4.4347 10.5560 1.3242 15.2787 3.0365 0.2061
Car 0.0000 0 1.5618 582.6306 162.6825 609.2634 191.4113 1.8010 1.6704 3.6831 -0.9681 1.1637 47.0968 1.5410 0.2028
Pedestrian 0.0000 0 -1.6782 560.1400 168.8520 569.6727 193.5328 1.8268 0.6491 0.5861 -3.3878 1.5310 53.7486 -1.7412 0.1940
Car 0.0000 0 1.6073 583.4987 164.5299 612.4662 192.5484 1.7512 1.7527 3.7867 -0.7764 1.2313 47.0053 1.5905 0.1922
Car 0.0000 0 1.6418 583.4369 165.6414 614.6631 192.9469 1.7055 1.7798 3.6360 -0.7052 1.2553 46.9283 1.6265 0.1910
Car 0.0000 0 1.0599 847.9435 166.3307 978.0629 224.1253 1.4630 1.5623 4.0550 8.3368 1.2982 20.3728 1.4429 0.1884
Car 0.0000 0 1.7016 585.8491 164.9686 617.7608 192.1111 1.7014 1.6399 3.5138 -0.5293 1.2075 47.0675 1.6901 0.1871
Car 0.0000 0 -1.3900 584.2493 165.2657 619.6077 192.1909 1.6870 1.6723 3.7227 -0.5174 1.2119 47.1815 -1.4013 0.1783
Car 0.0000 0 2.4400 1007.2654 154.2099 1238.9542 237.2375 1.6442 1.6004 3.9083 10.7173 1.2753 15.2751 3.0425 0.1777
Car 0.0000 0 2.4504 977.8093 147.7342 1242.0000 241.4310 1.8467 1.7170 4.6761 10.4820 1.3519 15.3057 3.0416 0.1768
Car 0.0000 0 -2.9826 34.8459 0.0000 1188.8219 375.0000 1.5241 1.6178 3.7704 0.6376 1.6493 -0.1601 -1.6182 0.1743
Car 0.0000 0 1.4904 579.1894 162.8283 609.4278 191.6168 1.8014 1.6669 3.7901 -1.0935 1.1744 47.1175 1.4670 0.1741
Car 0.0000 0 1.4296 575.2025 164.0952 608.5465 192.1172 1.7486 1.6574 3.7104 -1.2507 1.2024 46.9891 1.4028 0.1737
Car 0.0000 0 -1.5671 375.0763 173.4653 423.7486 214.9789 1.4041 1.5989 4.0272 -7.7969 1.4288 26.6204 -1.8497 0.1735
Car 0.0000 0 -2.6482 337.0243 0.0000 1242.0000 375.0000 1.5628 1.6618 3.9626 0.4141 1.6033 -0.1756 -1.3559 0.1707
Car 0.0000 0 0.9186 860.2639 148.8047 925.7283 182.0626 1.9385 1.7756 3.7992 17.2034 0.5371 44.1260 1.2880 0.1682
Car 0.0000 0 -2.7225 0.0000 0.0000 937.5062 375.0000 1.4517 1.5991 3.5466 0.7452 1.6414 0.3525 -1.8738 0.1648
Car 0.0000 0 -1.2108 161.6974 184.7957 290.4423 248.4032 1.4759 1.7267 4.1286 -10.3392 1.8380 19.6991 -1.6889 0.1620
Car 0.0000 0 1.4957 578.0266 163.1528 608.5380 191.7450 1.7863 1.6994 3.8238 -1.1600 1.1806 47.0617 1.4709 0.1617
Car 0.0000 0 -2.3825 290.3189 0.0000 1242.0000 375.0000 1.5392 1.6346 3.8819 0.3774 1.6375 -0.0454 -1.4061 0.1594
Car 0.0000 0 -1.2986 0.0000 0.0000 1242.0000 375.0000 1.5197 1.5731 3.5259 0.7715 1.7065 0.3393 -0.4231 0.1574
Car 0.0000 0 1.4061 573.3983 164.3493 608.8780 192.3416 1.7436 1.7153 3.7009 -1.2985 1.2142 46.9221 1.3783 0.1565
Car 0.0000 0 1.5609 581.4502 162.8493 609.8613 192.0677 1.8277 1.7781 3.8466 -0.9894 1.2023 47.0824 1.5397 0.1511
Car 0.0000 0 -2.1577 864.9053 145.4010 932.9182 181.0162 2.0368 1.7667 4.1919 17.2962 0.4671 43.4959 -1.7816 0.1487
Car 0.0000 0 1.0603 862.7609 147.8378 922.6063 181.8260 1.9789 1.8053 3.7009 17.1224 0.5227 43.9662 1.4294 0.1466
Car 0.0000 0 1.5722 581.9994 163.0352 608.6899 191.4704 1.7827 1.6736 3.8036 -0.9886 1.1675 47.1517 1.5510 0.1446
Car 0.0000 0 1.5312 582.6352 163.2706 610.8648 191.5824 1.7731 1.6852 3.8471 -0.9336 1.1733 47.1553 1.5112 0.1402
Car 0.0000 0 -1.4769 890.7184 0.0000 1242.0000 375.0000 1.5685 1.5932 3.8847 0.5874 1.6802 0.1322 -0.5429 0.1368
Car 0.0000 0 1.5739 584.2085 163.8242 611.0626 191.7069 1.7486 1.6843 3.7135 -0.8351 1.1826 47.1148 1.5560 0.1324
Car 0.0000 0 -2.1605 857.3946 149.0740 920.1381 179.6142 1.7842 1.7651 3.7887 16.9709 0.3953 44.1942 -1.7961 0.1307
Car 0.0000 0 -0.9504 0.0000 0.0000 1242.0000 375.0000 1.4912 1.5904 3.5338 0.7526 1.6663 0.2690 -0.0289 0.1237
Pedestrian 0.0000 0 -1.6451 560.1758 168.7973 569.8067 193.4165 1.8234 0.6749 0.5747 -3.3827 1.5233 53.7668 -1.7080 0.1218
Pedestrian 0.0000 0 -0.8076 144.1003 172.5565 172.0256 219.5348 1.7497 0.7220 0.5371 -17.0832 1.7390 27.2081 -1.3640 0.1213
Car 0.0000 0 -1.5358 752.6174 0.0000 1242.0000 375.0000 1.5258 1.5833 3.6034 0.7111 1.6920 0.2101 -0.5893 0.1198
Car 0.0000 0 1.1386 864.4614 150.8599 918.3284 180.8776 1.7526 1.6968 3.5936 17.0525 0.4688 43.9733 1.5063 0.1173
Car 0.0000 0 -1.5527 806.1600 0.0000 1242.0000 375.0000 1.5307 1.5505 3.7567 0.7609 1.6947 0.1716 -0.5374 0.1165
Pedestrian 0.0000 0 -0.7709 143.7235 173.1270 171.8575 219.7756 1.7354 0.7447 0.5301 -17.0825 1.7461 27.1900 -1.3276 0.1135
Car 0.0000 0 2.2548 0.0000 0.0000 1242.0000 375.0000 1.4554 1.6077 3.5446 0.7173 1.6980 0.5402 2.9557 0.1106
Car 0.0000 0 -3.3822 0.0000 0.0000 1109.2485 375.0000 1.4875 1.5643 3.4181 1.1857 1.6419 -0.0722 -1.9957 0.1106
Pedestrian 0.0000 0 -2.4863 1177.5334 154.8915 1239.1882 236.4300 1.6395 0.7466 0.6665 12.3111 1.2787 14.9161 -1.8062 0.1104
Car 0.0000 0 2.5259 972.5585 152.6653 1238.8707 240.8973 1.7736 1.7511 4.5451 10.4167 1.3682 15.4484 3.1100 0.1086
Car 0.0000 0 1.6337 379.5512 170.8909 429.4857 213.3806 1.4734 1.5546 3.8160 -7.6763 1.4057 27.0467 1.3593 0.0991
Car 0.0000 0 2.2163 0.0000 0.0000 1242.0000 375.0000 1.4897 1.6227 3.6914 0.7191 1.7282 0.5060 2.9388 0.0952
Car 0.0000 0 -0.0409 0.0000 0.0000 1129.5784 375.0000 1.4118 1.5302 3.1793 1.1549 1.6390 0.1045 1.1963 0.0944
Pedestrian 0.0000 0 -0.8766 144.9646 169.8581 173.9405 217.9003 1.7950 0.6985 0.6154 -17.0924 1.6834 27.3094 -1.4316 0.0938
Car 0.0000 0 -2.7364 0.0000 0.0000 1242.0000 375.0000 1.7676 1.7852 4.2169 3.9241 1.4866 0.4784 -1.3595 0.0926
Car 0.0000 0 -1.2767 518.8867 0.0000 1242.0000 375.0000 1.5188 1.6129 3.8450 0.0359 1.6189 0.2472 -1.2380 0.0902
Car 0.0000 0 -2.3761 1237.0295 148.9402 1242.0000 205.4366 1.5965 1.6967 4.0347 22.0949 0.9211 22.4321 -1.6049 0.0893
Pedestrian 0.0000 0 -1.6710 561.6473 167.2447 572.5546 193.4572 1.9373 0.7565 0.5659 -3.2194 1.5231 53.6629 -1.7309 0.0890
Car 0.0000 0 -3.2794 0.0000 0.0000 1242.0000 375.0000 1.4480 1.5122 3.3887 1.8334 1.5944 -0.1514 -1.7847 0.0876
Pedestrian 0.0000 0 -0.8244 145.5135 170.1414 173.8711 217.7620 1.7800 0.6979 0.5877 -17.0924 1.6790 27.3225 -1.3792 0.0874
Car 0.0000 0 0.3038 110.9083 182.7508 253.4360 232.1895 1.4976 1.5901 3.6875 -13.8726 1.8368 23.5143 -0.2245 0.0857
Car 0.0000 0 -1.1482 566.2382 0.0000 1242.0000 375.0000 1.5748 1.6385 3.9571 -0.0001 1.5863 -0.0557 -1.2118 0.0848
Car 0.0000 0 -1.6495 678.9007 174.2215 737.1811 220.9957 1.3591 1.5240 3.6757 2.9967 1.4065 22.9459 -1.5218 0.0847
Car 0.0000 0 0.4069 101.8413 185.0945 242.4151 233.8077 1.4768 1.5630 3.5698 -14.1423 1.8911 23.3884 -0.1321 0.0842
Car 0.0000 0 -0.5493 0.0000 0.0000 1242.0000 375.0000 1.4380 1.5083 3.3694 1.0808 1.6072 0.5000 0.3837 0.0840
Car 0.0000 0 1.7660 585.3371 164.8441 620.7662 191.6221 1.6709 1.6258 3.6826 -0.4428 1.1715 46.9803 1.7563 0.0824
Car 0.0000 0 -1.3323 950.8481 0.0000 1242.0000 375.0000 1.5110 1.5677 3.8502 0.5704 1.6827 0.2284 -0.5138 0.0815
Car 0.0000 0 0.1917 673.4454 168.0522 765.2330 199.5811 1.4317 1.6136 4.0711 5.1491 1.2140 34.1992 0.3395 0.0793
Pedestrian 0.0000 0 -1.7179 559.6017 168.0743 569.6046 193.9316 1.8997 0.6261 0.8165 -3.3939 1.5489 53.4717 -1.7813 0.0763
Car 0.0000 0 2.1464 0.0000 0.0000 1242.0000 375.0000 1.4803 1.6066 3.7991 0.7527 1.7304 0.5183 2.8845 0.0760
Pedestrian 0.0000 0 -1.6831 561.5614 167.3062 573.0364 193.4390 1.9302 0.7862 0.6263 -3.2052 1.5208 53.6675 -1.7428 0.0729
Car 0.0000 0 1.0566 864.8013 146.9067 928.1898 182.5894 2.0450 1.7796 4.0380 17.1473 0.5583 43.4739 1.4299 0.0722
Car 0.0000 0 -0.6174 0.0000 0.0000 845.6211 375.0000 1.5281 1.5527 3.7449 1.1455 1.6415 -0.1836 0.8592 0.0719
Car 0.0000 0 -1.3975 455.0009 175.7462 536.0361 236.8113 1.5124 1.5759 3.7599 -3.1076 1.6003 19.9427 -1.5508 0.0715
Car 0.0000 0 -1.4684 458.0634 175.3809 530.5976 237.6894 1.5384 1.5905 3.7045 -3.1363 1.6149 19.8570 -1.6237 0.0706
Car 0.0000 0 1.8857 988.7008 0.0000 1242.0000 375.0000 1.5438 1.6128 4.0262 0.2804 1.6682 0.0365 2.5665 0.0699
Car 0.0000 0 -3.3766 0.0000 0.0000 1242.0000 375.0000 1.4794 1.6244 4.1354 0.7271 1.7248 0.6572 -2.7334 0.0667
Car 0.0000 0 -1.5661 377.0197 172.3087 424.0953 213.5910 1.4463 1.5978 3.7064 -7.9441 1.4276 27.2770 -1.8473 0.0666
Car 0.0000 0 -2.3567 328.3177 174.1483 432.1930 212.2441 1.4411 1.6255 4.0096 -9.3059 1.4965 29.0462 -2.6645 0.0662
Car 0.0000 0 0.3581 110.2868 185.0690 254.3951 234.0215 1.4802 1.5029 3.7311 -13.8102 1.8946 23.3987 -0.1704 0.0645
Car 0.0000 0 -1.4493 454.6440 173.0696 529.0491 238.2748 1.6088 1.5776 3.4218 -3.1601 1.6155 19.5504 -1.6081 0.0645
Car 0.0000 0 -2.4438 321.9470 173.8168 430.6577 212.7059 1.4808 1.6239 4.0774 -9.4580 1.5220 29.0653 -2.7561 0.0643
Car 0.0000 0 -1.3035 442.6847 176.1050 535.3658 237.1824 1.5095 1.5820 3.7653 -3.2854 1.6088 19.9936 -1.4650 0.0643
Car 0.0000 0 0.1092 674.8154 170.4696 756.6282 200.6686 1.3811 1.6014 3.6911 4.9950 1.2724 34.2314 0.2525 0.0615
Car 0.0000 0 0.3840 106.7228 183.2790 248.6671 232.2137 1.4901 1.6538 3.6127 -14.0307 1.8460 23.5175 -0.1492 0.0615
Car 0.0000 0 -3.4735 0.0000 0.0000 1242.0000 375.0000 1.4633 1.6152 3.9754 0.7982 1.7223 0.6031 -2.7551 0.0615
Car 0.0000 0 0.2762 126.9740 182.6921 268.9496 229.8980 1.4307 1.5462 3.7428 -13.3783 1.7684 23.5498 -0.2358 0.0614
Car 0.0000 0 -2.1234 850.8439 151.3870 905.5049 179.8666 1.6906 1.5641 3.4907 16.5211 0.4166 44.6941 -1.7716 0.0613
Car 0.0000 0 -1.5188 378.8308 171.8615 427.0731 213.3090 1.4516 1.5525 3.6943 -7.7947 1.4172 27.2403 -1.7953 0.0594
Car 0.0000 0 2.4295 0.0000 0.0000 1242.0000 375.0000 1.4885 1.5958 3.8934 0.6394 1.7240 0.5433 3.0709 0.0594
Car 0.0000 0 -2.6571 0.0000 0.0000 1242.0000 375.0000 1.4597 1.6200 3.1919 1.3024 1.6310 0.4128 -1.5862 0.0586
Car 0.0000 0 -2.5605 554.7310 165.4887 615.5098 192.1328 1.6592 1.5493 3.6690 -1.6486 1.2009 46.5428 -2.5961 0.0580
Car 0.0000 0 0.2655 133.2607 181.0575 274.8828 230.2109 1.5047 1.6112 3.7659 -13.2745 1.7889 23.7266 -0.2400 0.0578
Car 0.0000 0 1.5001 365.8164 174.3050 415.9680 213.6345 1.4548 1.6485 3.9370 -8.8962 1.5177 28.9776 1.2045 0.0571
Car 0.0000 0 3.6248 73.2037 182.3150 223.1141 232.4641 1.5369 1.5968 3.7933 -14.9357 1.8567 23.4139 3.0619 0.0568
Car 0.0000 0 -2.3943 324.4462 173.6692 429.6513 212.0491 1.4588 1.6296 3.9908 -9.4358 1.4937 29.0698 -2.7059 0.0567
Car 0.0000 0 -2.4205 319.8492 174.4396 431.4556 213.1110 1.4665 1.6260 4.2691 -9.4964 1.5342 29.0825 -2.7338 0.0563
Car 0.0000 0 0.3367 102.8868 183.6240 248.7505 232.8078 1.4883 1.6221 3.7456 -14.0735 1.8570 23.5050 -0.1981 0.0559
Car 0.0000 0 -2.3489 407.4247 171.5353 511.7961 213.4996 1.4523 1.6123 3.7433 -5.6302 1.4070 26.6747 -2.5553 0.0547
Pedestrian 0.0000 0 -2.1767 557.6595 167.9427 570.9612 193.8653 1.9021 0.6622 0.7705 -3.4127 1.5421 53.4476 -2.2405 0.0545
Car 0.0000 0 -0.2953 0.0000 0.0000 1102.1307 375.0000 1.4750 1.5295 3.2780 1.1705 1.6267 -0.0895 1.1036 0.0542
Car 0.0000 0 3.6555 78.9378 185.4457 226.9739 235.5181 1.5284 1.5918 3.7522 -14.7429 1.9515 23.3423 3.0970 0.0539
Car 0.0000 0 -3.9780 0.0000 0.0000 1242.0000 375.0000 1.4880 1.5885 3.6538 1.1149 1.6531 0.1466 -2.7856 0.0538
Car 0.0000 0 0.3235 120.2050 183.1092 256.1811 231.5691 1.4727 1.5442 3.5134 -13.6785 1.8227 23.4957 -0.1990 0.0516
Car 0.0000 0 0.2207 131.6888 179.9443 278.3861 228.5498 1.4870 1.6204 3.9559 -13.2637 1.7342 23.7901 -0.2834 0.0506
Car 0.0000 0 -1.3128 682.4653 168.4640 733.1451 198.9961 1.4084 1.5816 3.6502 4.7914 1.2062 35.2689 -1.1793 0.0505
Car 0.0000 0 -1.1674 0.0000 0.0000 1242.0000 375.0000 1.5248 1.5901 3.8018 0.8548 1.6492 -0.1348 0.2202 0.0503
Car 0.0000 0 0.3233 116.1285 181.5419 257.8842 230.7466 1.5005 1.6253 3.6680 -13.7519 1.7987 23.5721 -0.2001 0.0482
Car 0.0000 0 3.5716 74.7182 185.8494 224.1168 235.2139 1.4865 1.5500 3.7607 -14.7983 1.9243 23.2730 3.0102 0.0475
Car 0.0000 0 1.1310 867.9703 147.8749 924.8885 180.0161 1.8464 1.7429 3.7325 17.1122 0.4118 43.3676 1.5045 0.0473
Car 0.0000 0 2.2824 0.0000 0.0000 1242.0000 375.0000 1.4575 1.5780 3.5019 0.8951 1.6652 0.4751 3.1369 0.0459
Pedestrian 0.0000 0 -1.7418 601.0916 164.2603 612.8895 191.8426 1.7720 0.6647 0.6357 -0.2283 1.2203 46.7234 -1.7470 0.0459
Car 0.0000 0 0.2572 116.3378 185.4247 263.1530 233.4737 1.4349 1.5105 3.8589 -13.5624 1.8647 23.4195 -0.2630 0.0453
Car 0.0000 0 3.6410 74.8636 181.6137 226.4430 232.1900 1.5562 1.6986 3.8208 -14.9041 1.8535 23.4961 3.0806 0.0446
Car 0.0000 0 0.3666 675.7304 166.8703 776.3861 201.9476 1.5466 1.7111 4.3043 5.3467 1.2832 33.6267 0.5226 0.0440
Car 0.0000 0 0.8541 668.8748 170.6127 748.2415 202.0230 1.3823 1.6371 3.7068 4.5109 1.2840 33.7481 0.9854 0.0435
Car 0.0000 0 -0.5289 673.9883 166.1007 771.3022 199.1621 1.5201 1.7023 4.3741 5.3906 1.2099 34.7679 -0.3767 0.0427
Car 0.0000 0 0.8680 679.3842 169.1096 763.2654 203.4087 1.4760 1.5995 3.9893 5.0036 1.3152 33.1642 1.0160 0.0426
Car 0.0000 0 0.1630 676.5146 171.0071 763.7415 201.9908 1.3942 1.6148 3.8337 5.1343 1.3115 33.8217 0.3119 0.0418
Car 0.0000 0 -3.5082 0.0000 0.0000 1242.0000 375.0000 1.4305 1.5698 3.3386 0.9145 1.6776 0.6520 -2.7467 0.0415
Car 0.0000 0 0.7233 674.6353 169.3265 761.0955 201.9742 1.4284 1.5952 3.8884 4.9207 1.2744 33.5638 0.8672 0.0415
Car 0.0000 0 -2.0042 426.5114 171.4484 509.0502 214.0059 1.4739 1.6516 3.6133 -5.4081 1.4255 26.9322 -2.2009 0.0414
Car 0.0000 0 -3.4320 0.0000 0.0000 1242.0000 375.0000 1.5224 1.5056 3.5105 2.0035 1.5343 -0.0512 -1.9804 0.0414
Car 0.0000 0 0.9698 674.6851 170.9351 751.0245 202.9486 1.3902 1.6004 3.8308 4.6506 1.3072 33.4007 1.1065 0.0400
Car 0.0000 0 -1.3505 452.8997 175.2746 540.4369 237.2840 1.5477 1.6131 3.7600 -3.0929 1.6220 20.0884 -1.5019 0.0396
Car 0.0000 0 -1.2765 439.6128 176.0671 534.8558 238.5340 1.5328 1.5658 3.6903 -3.3086 1.6301 19.8325 -1.4404 0.0395
Car 0.0000 0 0.8234 678.0431 168.6796 765.1262 202.2523 1.4509 1.6079 4.0969 5.0400 1.2709 33.3257 0.9718 0.0393
Car 0.0000 0 2.0211 350.7474 174.5052 435.8412 213.7144 1.4441 1.6519 4.0566 -8.6087 1.5154 28.8866 1.7336 0.0391
Car 0.0000 0 -0.1990 0.0000 0.0000 1242.0000 375.0000 1.4550 1.5547 3.3509 1.8063 1.6039 -0.1665 1.3029 0.0387
Car 0.0000 0 -1.7436 454.5930 175.9005 534.3057 233.6075 1.5261 1.6650 3.9596 -3.5702 1.6261 21.4491 -1.9071 0.0380
Car 0.0000 0 0.3478 86.5367 183.9344 226.5346 233.7593 1.4969 1.6269 3.4882 -14.6047 1.8735 23.3412 -0.2064 0.0378
Car 0.0000 0 -1.5840 468.0865 177.8861 530.9241 235.0225 1.4617 1.6314 3.7814 -3.2586 1.6211 20.8082 -1.7381 0.0376
Car 0.0000 0 -1.2636 437.6827 175.4606 532.9835 239.5947 1.5685 1.5476 3.5477 -3.3363 1.6466 19.6600 -1.4301 0.0376
Car 0.0000 0 1.0103 676.1006 170.6613 752.4261 203.7023 1.4242 1.6163 3.9422 4.6847 1.3300 33.2273 1.1487 0.0372
Car 0.0000 0 -0.6988 0.0000 0.0000 882.4158 375.0000 1.5111 1.5741 3.7519 1.3849 1.5988 -0.1537 0.7729 0.0369
Car 0.0000 0 -1.5553 376.1437 172.4230 423.6221 214.0498 1.4560 1.6083 3.7835 -7.9453 1.4413 27.2717 -1.8366 0.0364
Car 0.0000 0 -3.8414 0.0000 0.0000 732.5222 375.0000 1.5378 1.5954 3.6593 1.3609 1.6055 0.1329 -2.5750 0.0363
Car 0.0000 0 -1.6724 461.0828 175.6436 532.7056 233.0660 1.5311 1.6915 4.1674 -3.5354 1.6240 21.6852 -1.8327 0.0355
Car 0.0000 0 -3.4619 0.0000 0.0000 1242.0000 375.0000 1.4324 1.5470 3.8452 0.9185 1.6800 0.5786 -2.6577 0.0354
Car 0.0000 0 -2.4395 408.6358 171.1204 515.8323 213.0258 1.4569 1.6390 3.7008 -5.5222 1.3970 26.6889 -2.6420 0.0351
Car 0.0000 0 -1.6704 464.7027 176.1369 534.2181 232.6976 1.5138 1.6688 3.8074 -3.4347 1.6218 21.5997 -1.8269 0.0349
Car 0.0000 0 -1.6982 461.4780 175.4732 535.3256 233.3909 1.5297 1.6624 3.8546 -3.4283 1.6150 21.3259 -1.8563 0.0347
Car 0.0000 0 3.6486 83.2688 184.3645 228.1368 234.6535 1.5430 1.6103 3.6652 -14.7150 1.9316 23.4385 3.0928 0.0346
Cyclist 0.0000 0 -1.5713 595.0886 165.8127 603.6800 192.3837 1.6847 0.5447 1.9605 -0.7209 1.2386 46.7291 -1.5870 0.0343
Car 0.0000 0 -1.2913 353.9688 173.4173 428.2897 213.5635 1.4254 1.6544 4.0991 -8.3499 1.4490 27.7319 -1.5815 0.0343
Car 0.0000 0 3.6633 82.9369 184.5190 227.2033 234.6611 1.5397 1.6264 3.6419 -14.7370 1.9332 23.4375 3.1069 0.0328
Car 0.0000 0 -1.7013 461.3011 176.1230 534.2787 232.4883 1.5107 1.6606 3.8433 -3.4961 1.6186 21.6561 -1.8601 0.0321
Car 0.0000 0 0.3682 82.1612 182.7223 230.2185 232.5803 1.5087 1.6657 3.7245 -14.6800 1.8458 23.4551 -0.1862 0.0320
Car 0.0000 0 0.3725 674.6270 169.3562 768.8612 202.0055 1.4500 1.6407 4.0373 5.1703 1.2950 33.7609 0.5227 0.0319
Car 0.0000 0 -1.6221 463.8889 175.8461 530.5156 235.8482 1.5322 1.6692 4.1640 -3.3934 1.6282 20.8531 -1.7821 0.0314
Car 0.0000 0 -2.5568 407.6574 172.0182 521.8676 213.3625 1.4437 1.6471 3.8761 -5.4128 1.4148 26.6846 -2.7555 0.0314
Car 0.0000 0 -1.7065 457.5034 175.9551 531.7146 232.9657 1.5275 1.6580 4.0346 -3.6100 1.6307 21.7381 -1.8697 0.0306
Car 0.0000 0 1.3084 677.0311 171.4135 732.7016 204.2472 1.4230 1.6122 3.7305 4.2623 1.3610 33.2266 1.4344 0.0304
Pedestrian 0.0000 0 -0.6520 1185.2559 156.0839 1213.1194 203.8741 1.6663 0.5550 0.5324 20.7252 1.0819 25.4389 0.0259 0.0300
Cyclist 0.0000 0 -1.4498 601.6762 165.1935 611.8934 191.3040 1.6675 0.4596 1.7510 -0.2345 1.1786 46.9730 -1.4551 0.0294
Car 0.0000 0 -3.3520 0.0000 0.0000 1242.0000 375.0000 1.4730 1.5842 3.8453 0.5575 1.7171 0.6967 -2.8507 0.0294
Car 0.0000 0 0.0330 0.0000 0.0000 1242.0000 375.0000 1.3940 1.4622 3.0777 1.7619 1.6397 0.0875 1.3906 0.0288
Pedestrian 0.0000 0 -0.6586 1185.6350 155.4559 1213.1514 203.7933 1.6852 0.5720 0.5061 20.7356 1.0790 25.4429 0.0194 0.0286
Car 0.0000 0 -2.5584 85.6543 182.6345 229.7170 232.7142 1.5464 1.7024 3.6521 -14.7202 1.8780 23.5336 -3.1126 0.0286
Car 0.0000 0 2.1298 341.4593 174.1285 435.6981 213.8366 1.4096 1.6324 3.9330 -8.4827 1.4629 27.8581 1.8365 0.0284
Car 0.0000 0 -2.2229 324.6605 172.7665 428.7824 213.2307 1.5399 1.6721 4.4636 -9.5945 1.5369 29.4136 -2.5359 0.0283
Car 0.0000 0 -2.4911 552.0283 165.2322 613.7153 191.9700 1.6594 1.5562 3.8068 -1.7996 1.1868 46.5081 -2.5299 0.0281
Car 0.0000 0 1.6498 373.7990 171.0000 427.5924 212.9751 1.4800 1.6613 3.8219 -7.9381 1.4150 27.4757 1.3708 0.0279
Car 0.0000 0 0.4081 553.9997 164.5748 620.4933 191.5566 1.6911 1.6551 3.9729 -1.5028 1.1725 46.7185 0.3758 0.0276
Pedestrian 0.0000 0 0.5952 600.5547 163.3450 614.2700 191.1132 1.7828 0.6518 0.6327 -0.1981 1.1727 46.7701 0.5907 0.0276
Car 0.0000 0 3.6907 65.5252 178.9200 221.9423 229.3488 1.5670 1.6995 3.9865 -15.1485 1.7726 23.5174 3.1234 0.0274
Car 0.0000 0 -1.5186 457.6560 176.3522 524.5076 235.4168 1.5006 1.6697 4.0546 -3.3590 1.6115 20.6832 -1.6782 0.0273
Car 0.0000 0 0.4824 0.0000 0.0000 1242.0000 375.0000 1.4810 1.6794 3.8799 21.5085 0.7305 1.7763 1.9576 0.0270
Car 0.0000 0 0.9282 673.7560 170.9536 751.2133 203.0169 1.3967 1.6176 3.7560 4.6468 1.3143 33.4630 1.0646 0.0268
Car 0.0000 0 1.1730 673.9579 170.6485 738.9332 203.5939 1.4295 1.6225 3.7809 4.3454 1.3341 33.3427 1.3010 0.0267
Car 0.0000 0 -1.5938 453.5193 170.5347 499.6755 213.5811 1.5158 1.6093 3.5579 -5.1334 1.4345 27.3108 -1.7783 0.0266
Car 0.0000 0 1.4769 678.5038 170.2749 721.3127 201.4339 1.4148 1.6596 4.0265 4.2367 1.2980 34.7922 1.5966 0.0265
Car 0.0000 0 0.1464 677.5078 167.1400 773.3047 201.2675 1.5358 1.7091 4.2459 5.3982 1.2790 33.9162 0.3025 0.0264
Car 0.0000 0 -1.6737 451.2087 172.7616 505.4895 213.8139 1.4365 1.6425 3.6042 -5.0640 1.4336 27.2055 -1.8564 0.0261
Car 0.0000 0 -0.0641 0.0000 0.0000 1242.0000 375.0000 1.5139 1.6343 3.6544 1.9957 1.5904 -0.1193 1.4207 0.0260
Car 0.0000 0 0.2836 0.0000 0.0000 1242.0000 375.0000 1.5461 1.5561 3.8894 21.1490 0.5730 0.9586 1.7957 0.0253
Car 0.0000 0 1.5835 375.7439 172.5525 424.3582 213.4211 1.4519 1.6731 4.0995 -8.1038 1.4416 27.8294 1.3023 0.0252
Car 0.0000 0 3.6677 59.2653 180.3684 216.9886 231.8339 1.5834 1.6141 4.0107 -15.2253 1.8364 23.3587 3.0950 0.0246
Car 0.0000 0 0.8416 856.0042 164.2499 1029.4443 227.9888 1.5103 1.6222 4.5074 8.7128 1.3068 19.4886 1.2559 0.0244
Car 0.0000 0 -0.1388 847.2112 158.2670 964.7198 202.2006 1.5502 1.6280 3.8251 10.8102 1.0359 26.7054 0.2417 0.0242
Car 0.0000 0 1.4829 680.7496 171.8991 723.7347 203.6777 1.4174 1.6615 3.9401 4.2713 1.3752 34.1783 1.6057 0.0240
Car 0.0000 0 0.4757 0.0000 0.0000 1242.0000 375.0000 1.4700 1.6313 3.9331 21.4151 0.6521 1.5161 1.9626 0.0238
Cyclist 0.0000 0 -1.3838 600.5533 165.5990 612.2047 191.8477 1.6697 0.4561 1.6630 -0.2597 1.2086 46.7543 -1.3897 0.0237
Car 0.0000 0 -1.8475 439.6122 171.7890 510.1178 213.3607 1.4428 1.6559 3.6441 -5.1693 1.4062 27.0383 -2.0350 0.0236
Car 0.0000 0 -1.5621 376.1546 171.9425 423.9703 213.7885 1.4663 1.6231 3.7508 -7.9624 1.4348 27.3056 -1.8436 0.0236
Car 0.0000 0 -3.9399 0.0000 0.0000 918.6464 375.0000 1.6093 1.5675 3.8186 1.9422 1.5463 0.1528 -2.5947 0.0236
Car 0.0000 0 -1.5653 372.1155 172.8529 421.5802 214.5843 1.4562 1.6708 3.9211 -8.0849 1.4565 27.2901 -1.8511 0.0235
Car 0.0000 0 -0.8315 0.0000 0.0000 831.1759 375.0000 1.5463 1.5525 4.0814 1.6880 1.6139 -0.0841 0.6167 0.0233
Cyclist 0.0000 0 -2.0616 1230.0514 148.5038 1242.0000 198.9615 1.6546 0.4057 1.8510 21.9022 0.8565 24.6047 -1.3402 0.0231
Car 0.0000 0 -2.5556 89.0418 184.1345 228.4614 232.8050 1.4950 1.6841 3.5037 -14.6538 1.8765 23.4768 -3.1087 0.0228
Cyclist 0.0000 0 -2.9298 0.0000 0.0000 1242.0000 375.0000 1.6327 0.6156 1.8008 1.8683 1.6448 0.2997 -1.6674 0.0227
Car 0.0000 0 1.1251 671.0615 172.5052 736.3081 203.4313 1.3610 1.6446 3.5362 4.2711 1.3460 33.6886 1.2497 0.0227
Car 0.0000 0 -1.2020 125.6897 182.0166 224.2197 234.1344 1.5711 1.6674 3.5157 -14.5574 1.9036 24.2784 -1.7375 0.0224
Cyclist 0.0000 0 -3.7303 1141.5369 148.9278 1242.0000 237.7528 1.8000 0.6035 1.6992 12.0868 1.3155 14.9874 -3.0615 0.0224
Car 0.0000 0 -1.2698 680.4039 166.9772 734.8848 197.5688 1.4139 1.6185 3.7324 4.8009 1.1426 35.3787 -1.1363 0.0224
Car 0.0000 0 3.5922 63.9496 182.5791 217.4472 232.7716 1.5212 1.5820 3.8489 -15.0766 1.8490 23.2728 3.0223 0.0223
Car 0.0000 0 -1.1202 128.3813 183.3730 233.3685 234.1380 1.5235 1.6542 3.4980 -14.3136 1.9032 24.2099 -1.6496 0.0221
Car 0.0000 0 1.1359 0.0000 0.0000 1242.0000 375.0000 1.4679 1.6659 3.7752 21.3558 0.6658 1.6283 2.6173 0.0221
Car 0.0000 0 3.2254 1184.9841 0.0000 1242.0000 375.0000 1.5408 1.6147 4.1789 -0.1182 1.6521 -0.0975 2.6188 0.0219
Car 0.0000 0 -0.3600 0.0000 0.0000 1242.0000 375.0000 1.7163 1.7655 4.2928 -33.4663 2.6111 1.4146 -1.8799 0.0214
Car 0.0000 0 0.3851 553.4039 164.3285 619.4063 191.4826 1.6931 1.6099 3.9270 -1.5459 1.1619 46.4175 0.3517 0.0209
Car 0.0000 0 -1.9239 438.6854 170.8255 519.4953 215.1884 1.5045 1.6923 3.8418 -4.9297 1.4361 26.5514 -2.1061 0.0208
Pedestrian 0.0000 0 1.0913 501.7337 168.0309 534.7098 242.9799 1.7693 0.4963 0.7617 -2.2774 1.6558 17.4846 0.9629 0.0207
Car 0.0000 0 -1.8234 0.0000 0.0000 895.3225 375.0000 1.5723 1.6797 3.6607 0.2144 1.6899 0.7121 -1.6280 0.0204
Car 0.0000 0 0.0150 564.4044 164.9165 622.5639 191.6404 1.6852 1.6638 3.6683 -1.0803 1.1850 46.3452 -0.0085 0.0199
Car 0.0000 0 -0.9662 132.3410 184.3716 243.7721 232.5106 1.4397 1.5694 3.3754 -14.0497 1.8537 24.1591 -1.4885 0.0196
Car 0.0000 0 0.4050 0.0000 0.0000 1242.0000 375.0000 1.5535 1.5425 3.8694 20.7253 0.5632 0.9386 1.9169 0.0196
Car 0.0000 0 -1.4138 450.5081 173.0395 509.7576 214.1041 1.4599 1.6534 3.7653 -4.9267 1.4678 27.5639 -1.5895 0.0195
Car 0.0000 0 1.2572 674.0403 172.4984 732.2691 204.3379 1.3967 1.6445 3.5893 4.2298 1.3815 33.5670 1.3810 0.0193
Car 0.0000 0 0.4662 0.0000 0.0000 1242.0000 375.0000 1.4618 1.6657 3.8146 21.4564 0.6550 1.7238 1.9437 0.0192
Car 0.0000 0 0.1269 0.0000 0.0000 1242.0000 375.0000 1.5131 1.5962 3.8358 21.4902 0.5530 0.9781 1.6390 0.0192
Car 0.0000 0 0.2329 0.0000 0.0000 1242.0000 375.0000 1.6161 1.5866 3.8313 21.1752 0.5518 0.6880 1.7578 0.0189
Car 0.0000 0 -1.6773 458.3850 175.3621 531.0265 233.1139 1.5472 1.7021 4.2737 -3.6246 1.6313 21.8121 -1.8406 0.0189
Car 0.0000 0 -0.9794 121.4553 185.4797 236.1629 234.0675 1.4316 1.6146 3.4329 -14.2177 1.8817 23.9344 -1.5108 0.0188
Car 0.0000 0 0.0996 840.6116 160.1073 955.6173 203.4818 1.5100 1.6815 3.8169 10.6230 1.0666 26.7344 0.4738 0.0188
Car 0.0000 0 -2.5026 66.3307 179.6698 219.2970 230.2826 1.5673 1.6397 4.0135 -15.2287 1.7993 23.5576 -3.0715 0.0188
Car 0.0000 0 -0.8996 0.0000 0.0000 1242.0000 375.0000 1.5354 1.6494 4.1411 22.3264 0.4702 0.9631 0.6155 0.0187
Car 0.0000 0 -2.4469 440.2941 178.7296 557.6619 232.8408 1.4427 1.5170 3.1307 -3.2923 1.6260 21.0068 -2.6011 0.0186
Car 0.0000 0 -1.5985 468.0523 175.2548 530.4438 232.7697 1.5521 1.6945 4.2441 -3.4697 1.6328 21.8971 -1.7544 0.0180
Car 0.0000 0 0.5278 0.0000 0.0000 1242.0000 375.0000 1.4597 1.6428 3.9520 21.2365 0.7595 1.5783 2.0110 0.0179
Cyclist 0.0000 0 -2.0131 867.8782 149.9118 887.2366 179.9106 1.8022 0.3792 1.7874 16.3658 0.4243 44.2519 -1.6611 0.0179
Car 0.0000 0 -0.3880 0.0000 0.0000 1242.0000 375.0000 1.7040 1.7449 4.3213 -33.2677 2.5713 1.3921 -1.9082 0.0179
Car 0.0000 0 -1.5586 374.6595 171.7672 424.0993 213.7752 1.4758 1.6825 4.0330 -8.0389 1.4379 27.5132 -1.8407 0.0177
Car 0.0000 0 0.0589 0.0000 0.0000 1242.0000 375.0000 1.6041 1.6230 3.9258 21.5137 0.5475 0.6726 1.5853 0.0176
Car 0.0000 0 -1.5504 571.3624 161.6851 598.1094 193.5930 2.1817 1.8231 4.1874 -1.7906 1.4184 51.4382 -1.5854 0.0174
Car 0.0000 0 -1.3560 441.0913 168.8685 507.4562 212.3373 1.5599 1.6819 4.1149 -5.2119 1.4172 27.9734 -1.5389 0.0172
Car 0.0000 0 0.1348 0.0000 0.0000 1242.0000 375.0000 1.4481 1.6800 3.7799 21.6914 0.5853 1.5987 1.6190 0.0171
Car 0.0000 0 1.5565 673.4229 171.1470 711.5504 205.0031 1.4459 1.6220 3.7581 3.6682 1.3734 32.7601 1.6665 0.0171
Car 0.0000 0 1.3565 677.9125 170.5520 731.9421 204.2544 1.4408 1.6209 3.9405 4.2153 1.3428 32.8782 1.4824 0.0169
Car 0.0000 0 1.5243 678.5029 173.2374 717.6161 206.0232 1.4140 1.5918 3.6743 3.9431 1.4330 33.0501 1.6415 0.0167
Car 0.0000 0 0.5190 0.0000 0.0000 1242.0000 375.0000 1.4490 1.5747 3.8990 21.1442 0.6619 1.4204 2.0093 0.0167
Car 0.0000 0 2.7701 0.0000 0.0000 1242.0000 375.0000 1.6646 1.7576 4.0027 -33.6081 2.6618 1.4579 1.2513 0.0163
Car 0.0000 0 1.5186 675.0428 172.2872 713.7930 205.6476 1.4407 1.5551 3.6899 3.7762 1.4166 33.0452 1.6309 0.0162
Cyclist 0.0000 0 -1.9852 869.2614 149.6717 887.2327 179.3033 1.7747 0.3891 1.6571 16.3344 0.3866 44.0498 -1.6323 0.0160
Car 0.0000 0 -1.5976 455.4835 172.5138 503.3600 214.0174 1.4434 1.6505 3.7886 -5.0019 1.4319 27.1148 -1.7787 0.0160
Car 0.0000 0 -1.5570 375.7858 172.0967 424.8803 213.6703 1.4631 1.6741 4.0203 -8.0100 1.4368 27.5505 -1.8377 0.0159
Cyclist 0.0000 0 -2.3048 1217.1729 149.0952 1242.0000 198.8921 1.6472 0.4315 1.9856 21.9435 0.8617 24.8611 -1.5876 0.0158
Car 0.0000 0 -0.3148 837.5333 159.4684 957.0223 200.6723 1.4866 1.6718 3.8159 10.6182 1.0040 26.9710 0.0563 0.0157
Car 0.0000 0 1.7156 447.4056 169.9959 512.2559 218.6318 1.5557 1.6508 4.0065 -4.4827 1.4646 25.1037 1.5402 0.0157
Car 0.0000 0 1.0975 858.9836 160.0502 955.8873 204.9533 1.5071 1.6610 3.8344 10.6346 1.0777 26.2004 1.4789 0.0155
Car 0.0000 0 0.0006 0.0000 0.0000 1242.0000 375.0000 1.5512 1.6398 4.1206 21.5046 0.7015 0.5368 1.5332 0.0153
Pedestrian 0.0000 0 -0.7805 139.5714 173.3569 167.7371 220.0319 1.7441 0.7307 0.5457 -17.3173 1.7638 27.3154 -1.3414 0.0153
Car 0.0000 0 -0.1648 0.0000 0.0000 1242.0000 375.0000 1.5353 1.6180 3.9283 21.9223 0.5190 0.9954 1.3477 0.0152
Car 0.0000 0 -0.9113 0.0000 0.0000 1242.0000 375.0000 1.5622 1.6660 4.3245 22.4869 0.3981 1.0189 0.6017 0.0151
Car 0.0000 0 -1.1529 0.0000 0.0000 1242.0000 375.0000 1.5420 1.6555 4.2212 22.5605 0.3886 1.3911 0.3438 0.0150
Car 0.0000 0 1.1875 0.0000 0.0000 1242.0000 375.0000 1.4494 1.6485 4.3194 20.6426 0.6595 1.2889 2.6822 0.0150
Cyclist 0.0000 0 -3.0828 0.0000 0.0000 1242.0000 375.0000 1.6848 0.5814 1.8900 1.8316 1.6323 0.1138 -1.7309 0.0148
Cyclist 0.0000 0 -2.2642 1191.5842 154.1791 1242.0000 202.3935 1.5949 0.3490 1.7026 20.7420 0.9775 24.7167 -1.5720 0.0147
Car 0.0000 0 0.5504 0.0000 0.0000 1242.0000 375.0000 1.4526 1.5543 3.8627 20.7622 0.6409 1.2851 2.0457 0.0147
Car 0.0000 0 1.2796 462.3947 169.5216 539.5998 219.2381 1.5937 1.6204 3.8390 -3.9271 1.4872 25.2077 1.1262 0.0145
Car 0.0000 0 0.5630 0.0000 0.0000 1242.0000 375.0000 1.4786 1.6443 4.0091 21.1908 0.6734 1.5693 2.0465 0.0144
Car 0.0000 0 1.2647 672.6090 173.2672 728.0899 204.9061 1.3993 1.5766 3.5306 4.1373 1.4201 33.8386 1.3848 0.0143
Car 0.0000 0 1.2469 673.9462 174.3916 729.8701 206.1024 1.3855 1.5442 3.4617 4.1752 1.4614 33.5533 1.3691 0.0143
Car 0.0000 0 -1.4746 459.4153 177.1012 532.4803 237.1992 1.4874 1.6283 4.0372 -3.1378 1.6189 20.2078 -1.6274 0.0142
Car 0.0000 0 1.5507 678.5095 172.0537 716.2354 205.4357 1.4333 1.6124 3.6898 3.8951 1.3993 32.8907 1.6670 0.0141
Car 0.0000 0 1.5224 460.9188 169.4068 514.0285 217.8427 1.5829 1.6609 3.9936 -4.4751 1.4706 25.7074 1.3513 0.0141
Car 0.0000 0 -1.6479 453.9596 174.0267 504.9506 214.1996 1.3977 1.6102 3.5297 -5.0044 1.4453 27.1246 -1.8291 0.0141
Car 0.0000 0 1.4648 471.5313 167.6225 530.5823 218.8046 1.6512 1.6371 3.8788 -3.9418 1.4828 25.3591 1.3117 0.0140
Car 0.0000 0 0.8854 849.7052 161.4533 961.0107 205.8239 1.4897 1.6377 3.9034 10.6108 1.1073 26.3297 1.2644 0.0138
Car 0.0000 0 0.4035 0.0000 0.0000 1242.0000 375.0000 1.5565 1.5604 3.7678 20.7765 0.5701 0.7129 1.9264 0.0138
Car 0.0000 0 0.0628 0.0000 0.0000 1242.0000 375.0000 1.6535 1.7119 4.1401 -32.8346 2.3952 -0.2701 -1.5074 0.0138
Car 0.0000 0 -1.0973 134.0691 179.9185 242.4307 229.4653 1.5261 1.6536 3.7544 -14.3298 1.7869 24.6822 -1.6189 0.0137
Car 0.0000 0 1.1913 861.2468 160.6707 952.2614 205.6558 1.5024 1.6663 3.9468 10.5547 1.0959 26.0699 1.5718 0.0135
Car 0.0000 0 0.4402 0.0000 0.0000 1242.0000 375.0000 1.4976 1.6772 3.7384 21.2816 0.7724 1.9126 1.9080 0.0133
Car 0.0000 0 0.1626 826.0620 160.6371 952.2880 204.5288 1.5184 1.7053 4.1471 10.2755 1.0961 26.7355 0.5255 0.0133
Car 0.0000 0 1.4350 458.9344 170.8496 524.4618 218.7655 1.5158 1.6747 4.2363 -4.2399 1.4528 25.0942 1.2689 0.0133
Car 0.0000 0 3.5550 0.0000 0.0000 1242.0000 375.0000 1.5341 1.6039 4.0406 -0.3889 1.6991 0.1953 2.8603 0.0132
Car 0.0000 0 -2.2280 834.5527 153.0299 894.0280 181.5349 1.6894 1.6563 3.5278 15.6625 0.5149 44.6962 -1.8931 0.0132
Pedestrian 0.0000 0 -0.7185 138.7521 173.1190 167.2077 220.2985 1.7599 0.7173 0.5819 -17.3323 1.7705 27.2987 -1.2800 0.0132
Car 0.0000 0 3.7402 1138.8130 0.0000 1242.0000 375.0000 1.5514 1.5708 4.0980 -0.4496 1.6619 -0.0101 2.7114 0.0131
Car 0.0000 0 -1.1903 0.0000 0.0000 1242.0000 375.0000 1.5490 1.6994 4.3725 22.6942 0.3896 1.3797 0.3074 0.0130
Car 0.0000 0 -3.0635 827.4260 162.6178 949.5656 205.9713 1.5059 1.6794 4.1052 10.2512 1.1507 26.6948 -2.7008 0.0129
Car 0.0000 0 -2.0622 852.2115 150.8439 906.4134 180.4897 1.7268 1.6014 3.5286 16.2854 0.4451 43.8821 -1.7091 0.0129
Car 0.0000 0 1.6803 447.2932 165.4086 508.1738 214.5585 1.6053 1.6807 4.1336 -4.6634 1.3625 25.6838 1.5021 0.0127
Car 0.0000 0 1.5230 677.2183 170.8483 717.3877 204.8432 1.4454 1.6057 3.7708 3.8522 1.3604 32.6105 1.6390 0.0127
Car 0.0000 0 1.4423 677.7288 173.8161 723.7982 205.9698 1.3936 1.6270 3.7063 4.0833 1.4408 33.2414 1.5630 0.0125
Car 0.0000 0 -1.5422 373.4962 172.0584 422.9694 213.6188 1.4605 1.6832 4.0380 -8.0475 1.4329 27.5188 -1.8245 0.0125
Car 0.0000 0 1.5163 671.7885 171.5116 712.6051 205.6624 1.4813 1.6451 3.8102 3.6925 1.4234 33.2415 1.6254 0.0124
Pedestrian 0.0000 0 -2.2443 509.1661 176.7850 539.4189 235.6898 1.6378 0.6178 0.5972 -2.4879 1.7524 20.5455 -2.3641 0.0124
Car 0.0000 0 -1.1625 443.0825 167.2631 525.3129 210.4904 1.5817 1.7967 3.8909 -4.9166 1.3775 28.5015 -1.3322 0.0120
Car 0.0000 0 1.2594 1095.6638 162.6761 1201.4180 211.2666 1.4530 1.6093 3.9593 17.4937 1.1490 23.7055 1.8890 0.0120
Car 0.0000 0 0.0921 816.1321 158.6592 939.6160 204.8824 1.6228 1.6665 4.2007 9.9616 1.1248 26.9797 0.4419 0.0118
Car 0.0000 0 -1.0709 128.2427 179.0448 240.5790 230.9230 1.5882 1.7206 3.6336 -14.2735 1.8133 24.3628 -1.5963 0.0117
Car 0.0000 0 1.6362 452.5472 168.7484 507.1208 217.7668 1.5865 1.6271 4.0041 -4.5537 1.4540 25.4295 1.4603 0.0117
Car 0.0000 0 -0.4908 849.8350 165.4999 1023.4138 219.2126 1.5292 1.6521 4.4755 9.6232 1.3201 21.5325 -0.0761 0.0115
Car 0.0000 0 -0.5049 842.1008 165.7797 1014.6217 219.5634 1.5489 1.6840 4.5360 9.5172 1.3455 21.8387 -0.0992 0.0115
Car 0.0000 0 1.1774 1063.7777 165.0320 1187.1595 218.0631 1.4216 1.5849 3.8351 15.0556 1.2123 21.3815 1.7842 0.0114
Car 0.0000 0 -1.6236 455.0160 173.5717 504.8676 213.5684 1.4033 1.6612 3.5865 -5.0216 1.4328 27.3192 -1.8041 0.0114
Car 0.0000 0 1.3859 1083.0231 163.1704 1177.5819 217.5179 1.4791 1.5805 3.8674 15.4818 1.2159 21.7211 1.9985 0.0113
Car 0.0000 0 1.3444 1071.9353 163.4639 1170.8402 216.5282 1.4702 1.5942 3.8922 15.4688 1.2104 22.0916 1.9488 0.0112
Car 0.0000 0 1.4111 1097.4635 162.5556 1184.3395 213.4766 1.4678 1.5808 3.8806 16.6688 1.1713 22.8847 2.0343 0.0112
Car 0.0000 0 -0.4264 854.4546 163.7920 1045.6166 220.4122 1.5886 1.7281 4.7772 9.7880 1.3347 21.1107 0.0020 0.0111
Car 0.0000 0 -3.1107 819.8685 160.0718 943.8645 204.8065 1.5737 1.6869 4.2092 10.0661 1.1244 26.9517 -2.7572 0.0110
Car 0.0000 0 -2.2022 450.5366 177.4869 561.1953 232.4001 1.4639 1.6258 3.2309 -3.1578 1.6118 21.2444 -2.3486 0.0110
Car 0.0000 0 -1.6333 463.0505 175.0310 530.0951 233.2165 1.5662 1.7222 4.2477 -3.5691 1.6393 21.8497 -1.7939 0.0110
Pedestrian 0.0000 0 -0.4824 1213.9982 150.6901 1242.0000 201.4809 1.6845 0.5814 0.5696 20.7808 0.9498 24.2734 0.2196 0.0110
Car 0.0000 0 0.7538 843.3441 157.2491 961.4775 203.7898 1.5725 1.7024 3.8981 10.5829 1.0456 26.5015 1.1297 0.0109
Car 0.0000 0 1.3278 1086.5562 163.9029 1190.6804 218.1869 1.4543 1.5757 3.8110 15.4766 1.2148 21.3890 1.9474 0.0109
Car 0.0000 0 -1.5389 456.9689 173.1406 505.1840 213.9674 1.4355 1.6772 3.6131 -4.8582 1.4475 27.3017 -1.7138 0.0109
Cyclist 0.0000 0 -2.4470 1201.0022 155.3689 1242.0000 202.0213 1.5092 0.3430 1.6666 20.7318 0.9439 24.1894 -1.7445 0.0108
Car 0.0000 0 -1.0721 132.6374 179.3924 244.2607 228.9060 1.5255 1.6404 3.8450 -14.3153 1.7671 24.6799 -1.5933 0.0108
Car 0.0000 0 0.0465 822.7061 157.8783 946.7465 202.7256 1.5721 1.7480 4.1986 10.1734 1.0475 26.9194 0.4039 0.0106
Pedestrian 0.0000 0 -0.3210 1214.9556 151.9721 1242.0000 202.1578 1.6625 0.5650 0.5935 20.7907 0.9711 24.2722 0.3812 0.0106
Car 0.0000 0 1.4732 1094.4785 162.7787 1175.6642 215.7605 1.4652 1.5894 3.8860 15.8713 1.1869 22.0318 2.0909 0.0106
Car 0.0000 0 -0.5049 850.5519 164.2930 1029.9348 218.6845 1.5425 1.7029 4.6225 9.7169 1.3000 21.5059 -0.0860 0.0106
Car 0.0000 0 -2.8106 551.8579 165.5366 616.1722 193.1027 1.7173 1.5555 3.8221 -1.6887 1.2618 46.2462 -2.8473 0.0104
Car 0.0000 0 -1.5080 457.5595 173.3435 507.4946 214.0847 1.4406 1.6445 3.5464 -4.8216 1.4608 27.4078 -1.6810 0.0103
Car 0.0000 0 -1.9617 861.5292 156.1848 952.0916 201.8157 1.5634 1.7610 3.7600 10.7850 0.9926 26.6066 -1.5807 0.0103
Car 0.0000 0 2.7566 0.0000 0.0000 1242.0000 375.0000 1.7146 1.7443 4.1878 -33.4246 2.6382 1.4140 1.2368 0.0103
Car 0.0000 0 -3.0062 807.7350 162.7545 925.8613 204.9802 1.4903 1.6159 4.0033 9.5842 1.1342 27.0918 -2.6699 0.0101
Car 0.0000 0 -1.4056 455.4916 168.1315 516.6808 212.0789 1.6369 1.7897 3.8714 -4.9082 1.4613 28.8095 -1.5733 0.0097
Car 0.0000 0 -0.3936 0.0000 0.0000 1242.0000 375.0000 1.5440 1.6604 4.0485 22.2530 0.4812 0.9357 1.1225 0.0097
Car 0.0000 0 -1.0628 140.8170 185.3722 243.0437 233.1022 1.4485 1.5417 3.3737 -14.1091 1.9029 24.4775 -1.5812 0.0097
Car 0.0000 0 -1.7262 672.6240 172.2094 740.7783 219.6057 1.4175 1.5567 4.1752 3.0320 1.3986 23.6865 -1.6010 0.0097
Car 0.0000 0 1.5488 669.8229 172.9692 707.9522 206.7451 1.4730 1.6557 3.7858 3.5645 1.4790 33.4327 1.6536 0.0095
Car 0.0000 0 -1.8094 444.8698 170.0411 518.5137 217.2189 1.5555 1.7150 3.9215 -4.7287 1.4631 25.9268 -1.9885 0.0094
Car 0.0000 0 -1.9963 843.1573 153.4436 895.9832 182.2283 1.6801 1.6825 3.5964 15.7246 0.5475 43.9743 -1.6551 0.0094
Car 0.0000 0 -1.3993 445.7974 175.5223 530.4374 236.6692 1.5297 1.6432 4.2023 -3.3611 1.6131 20.3409 -1.5616 0.0093
Pedestrian 0.0000 0 3.1910 485.7148 163.6044 525.4234 240.9210 1.8313 0.5259 0.9235 -2.5586 1.6126 17.3933 3.0464 0.0093
Car 0.0000 0 1.4698 462.0186 169.2344 521.6849 217.9436 1.5650 1.6470 4.1554 -4.2779 1.4490 25.4008 1.3041 0.0092
Car 0.0000 0 1.3736 676.7396 173.2941 727.6167 205.7637 1.4319 1.6370 3.7903 4.2174 1.4541 33.8208 1.4961 0.0092
Car 0.0000 0 1.5669 459.6548 169.2757 513.7383 219.1777 1.6123 1.7337 4.1359 -4.4069 1.4971 25.4965 1.3970 0.0091
Car 0.0000 0 -1.5308 465.2323 167.2633 513.7962 210.3051 1.6153 1.7745 3.8457 -4.8328 1.4059 29.0933 -1.6944 0.0091
Car 0.0000 0 1.7657 443.8068 167.8300 514.0867 218.1301 1.6385 1.6793 4.0925 -4.5887 1.4752 25.5619 1.5894 0.0090
Cyclist 0.0000 0 -2.2072 1211.3386 155.8120 1242.0000 201.0173 1.4808 0.3164 1.4925 21.0187 0.9229 24.3875 -1.5019 0.0089
Car 0.0000 0 -1.8794 1085.1785 162.6574 1235.3622 235.1017 1.4833 1.5839 4.0494 12.6475 1.2749 16.9424 -1.2468 0.0089
Car 0.0000 0 1.2891 859.6574 162.7852 941.3787 207.4064 1.4761 1.6205 4.0914 10.2971 1.1434 25.9775 1.6623 0.0089
Car 0.0000 0 -1.3098 447.6499 170.7435 518.6948 212.7050 1.5097 1.7509 3.9388 -4.8718 1.4342 27.9976 -1.4809 0.0087
Pedestrian 0.0000 0 -1.5429 512.2285 176.3684 533.6233 235.5465 1.6530 0.5886 0.6041 -2.5189 1.7549 20.5184 -1.6643 0.0087
Car 0.0000 0 0.1111 817.6959 160.2423 936.0829 204.7968 1.5667 1.6508 4.0033 9.9317 1.1236 26.9978 0.4598 0.0087
Car 0.0000 0 -0.6717 831.5446 159.6967 951.7635 201.4955 1.4912 1.6953 4.0458 10.5413 1.0222 27.1554 -0.3053 0.0087
Car 0.0000 0 0.5495 0.0000 0.0000 1242.0000 375.0000 1.4589 1.7174 3.9885 20.6181 0.7579 1.7390 2.0224 0.0086
Car 0.0000 0 -1.3036 428.4401 175.6565 523.1945 238.7830 1.5350 1.5866 3.7643 -3.5859 1.6193 19.6596 -1.4823 0.0086
Car 0.0000 0 -1.2883 429.5930 174.3217 528.7812 237.9711 1.5634 1.6326 3.9612 -3.5217 1.6083 19.8722 -1.4621 0.0086
Car 0.0000 0 -1.6876 453.7785 173.8589 509.3338 215.3825 1.4174 1.6023 3.6179 -4.8521 1.4577 26.6857 -1.8662 0.0084
Car 0.0000 0 -1.1722 126.2720 178.7216 228.6328 232.0414 1.6331 1.7314 3.4799 -14.5088 1.8464 24.3422 -1.7052 0.0084
Cyclist 0.0000 0 -1.2890 513.9088 176.8016 544.4556 235.6431 1.5857 0.4371 1.5793 -2.3132 1.7019 20.3661 -1.4014 0.0084
Car 0.0000 0 0.4402 0.0000 0.0000 1242.0000 375.0000 1.4989 1.7247 3.9752 20.6752 0.6714 1.4999 1.9248 0.0084
Car 0.0000 0 0.3959 0.0000 0.0000 1242.0000 375.0000 1.4545 1.5853 3.8468 20.3929 0.6150 1.4038 1.8841 0.0083
Car 0.0000 0 1.4229 453.0996 168.4526 518.5753 216.5372 1.5757 1.7077 4.1443 -4.5745 1.4318 25.8775 1.2492 0.0083
Car 0.0000 0 -0.2234 0.0000 0.0000 1242.0000 375.0000 1.4714 1.6814 3.6899 22.1596 0.5350 1.5386 1.2653 0.0083
Car 0.0000 0 -1.5011 875.2165 155.9790 931.7717 200.0844 1.5186 1.7077 3.8523 10.9719 0.9380 26.9468 -1.1184 0.0083
Cyclist 0.0000 0 -2.3963 1222.8370 155.3518 1242.0000 201.2781 1.4673 0.3269 1.5300 21.0714 0.9085 23.8279 -1.6784 0.0083
Pedestrian 0.0000 0 1.9931 471.9623 169.4297 505.8326 242.0856 1.7065 0.5125 0.8278 -2.9637 1.6264 17.4091 1.8263 0.0082
Car 0.0000 0 -1.9313 862.8423 161.0937 944.9046 202.2776 1.4111 1.5824 3.6578 10.6713 1.0085 26.5626 -1.5533 0.0082
Car 0.0000 0 -0.3795 0.0000 0.0000 1242.0000 375.0000 1.4939 1.6857 3.9331 22.2401 0.5739 1.1624 1.1263 0.0080
Pedestrian 0.0000 0 -0.6516 1223.7526 152.6785 1242.0000 201.4258 1.6184 0.5845 0.5583 21.1167 0.9489 24.2595 0.0586 0.0080
Car 0.0000 0 -0.9337 0.0000 0.0000 1242.0000 375.0000 1.4755 1.6223 3.8730 22.3147 0.5754 1.3286 0.5649 0.0079
Car 0.0000 0 -1.3385 452.5560 172.3538 520.0034 214.0131 1.4866 1.6985 3.8957 -4.7123 1.4691 27.7440 -1.5057 0.0079
Pedestrian 0.0000 0 0.7481 0.0000 0.0000 1242.0000 375.0000 1.7720 0.5644 0.6187 -25.0878 1.9501 0.2000 -0.8032 0.0077
Pedestrian 0.0000 0 0.9102 0.0000 0.0000 1242.0000 375.0000 1.7332 0.5322 0.6099 -25.1036 1.9506 0.1770 -0.6421 0.0077
Car 0.0000 0 -1.6534 449.8655 177.5430 520.4860 241.2604 1.5360 1.5859 3.5397 -3.5105 1.6761 19.5861 -1.8291 0.0077
Car 0.0000 0 1.7313 445.7173 166.1238 514.3541 218.2945 1.7015 1.7596 4.0493 -4.5530 1.4824 25.5669 1.5564 0.0076
Car 0.0000 0 1.0345 0.0000 0.0000 1242.0000 375.0000 1.4551 1.7534 4.2037 20.8985 0.7156 1.3718 2.5262 0.0076
Car 0.0000 0 1.2516 670.2202 173.3219 728.3435 203.8980 1.3645 1.5752 3.9298 4.1399 1.3885 34.3436 1.3701 0.0075
Car 0.0000 0 -1.4449 546.8790 159.5290 581.5719 194.3606 2.3469 1.9071 4.3741 -3.2043 1.4494 50.8563 -1.5078 0.0075
Car 0.0000 0 -0.1617 679.4028 170.7424 794.1218 218.6220 1.4351 1.4989 3.2992 3.8262 1.3722 22.3819 0.0049 0.0074
Car 0.0000 0 -2.8811 809.1602 161.8252 935.7767 205.6265 1.5333 1.6575 4.1912 9.7807 1.1476 27.1258 -2.5388 0.0074
Car 0.0000 0 -1.0902 436.3395 172.0706 531.2012 214.7673 1.5199 1.8533 4.2714 -4.8265 1.4924 27.9992 -1.2598 0.0074
Car 0.0000 0 -0.1516 679.3663 171.2064 793.4700 219.0917 1.4332 1.4957 3.2878 3.8116 1.3842 22.3641 0.0145 0.0072
Car 0.0000 0 -1.6009 551.9069 159.1836 580.6588 193.5943 2.3129 1.8784 4.4628 -3.1496 1.3944 50.8032 -1.6628 0.0072
Car 0.0000 0 2.7762 0.0000 0.0000 1242.0000 375.0000 1.7483 1.7627 4.1367 -33.3987 2.6542 1.4508 1.2575 0.0071
Car 0.0000 0 -2.7797 0.0000 0.0000 1242.0000 375.0000 1.6464 1.5820 3.6618 6.6952 1.3239 1.3592 -1.4506 0.0071
Car 0.0000 0 0.8169 843.0102 164.1108 955.7379 207.8552 1.4752 1.5678 3.9039 10.4399 1.1807 26.4334 1.1889 0.0070
Car 0.0000 0 -0.5332 843.9629 165.8974 1012.3945 219.5948 1.5423 1.6871 4.4301 9.5208 1.3429 21.8401 -0.1275 0.0070
Car 0.0000 0 -3.1263 678.5961 167.9357 782.9929 209.6673 1.4379 1.5472 3.5926 4.2836 1.2688 25.9356 -2.9649 0.0069
Pedestrian 0.0000 0 -0.4358 1224.4291 153.4427 1242.0000 201.6774 1.5989 0.5674 0.5524 21.1045 0.9558 24.2635 0.2740 0.0068
Car 0.0000 0 -2.1179 689.4200 173.7537 779.8378 213.1762 1.4044 1.6444 3.8891 4.6845 1.4422 27.9086 -1.9539 0.0068
Car 0.0000 0 -1.5449 548.9442 167.8080 572.3395 191.8732 1.7946 1.7040 4.1605 -3.8168 1.4187 55.9187 -1.6131 0.0068
Car 0.0000 0 -1.5657 691.9641 173.4278 739.2981 211.4634 1.3655 1.6932 3.7475 4.0455 1.3897 27.9386 -1.4239 0.0067
Car 0.0000 0 0.9818 848.2431 161.9863 956.8074 207.3239 1.5021 1.6472 4.0252 10.3813 1.1424 26.0445 1.3569 0.0067
Car 0.0000 0 -0.3176 0.0000 0.0000 1242.0000 375.0000 1.5259 1.6657 4.0474 22.5501 0.3943 1.0525 1.1941 0.0067
Car 0.0000 0 -1.1344 448.0372 162.1898 537.2667 210.7442 1.7803 1.9111 4.1812 -4.6066 1.3897 28.7262 -1.2924 0.0066
Car 0.0000 0 -0.8717 435.5959 166.2098 545.4759 212.7994 1.6925 1.8839 4.4268 -4.6689 1.4515 28.5923 -1.0325 0.0066
Car 0.0000 0 -1.4298 871.7241 157.2269 933.2265 200.0835 1.4961 1.6522 3.7674 11.0474 0.9509 27.2296 -1.0483 0.0066
Pedestrian 0.0000 0 2.4091 469.4322 170.4838 508.6285 241.8822 1.6713 0.4987 0.8028 -2.9554 1.6162 17.3569 2.2422 0.0065
Car 0.0000 0 2.7652 0.0000 0.0000 1242.0000 375.0000 1.7279 1.7445 4.1542 -33.3480 2.6049 1.4692 1.2472 0.0065
Car 0.0000 0 2.7727 0.0000 0.0000 1242.0000 375.0000 1.7181 1.7632 4.0547 -33.3868 2.6241 1.4822 1.2550 0.0064
Car 0.0000 0 -0.1628 674.2381 172.5202 804.7674 219.3072 1.3999 1.5472 3.7754 3.8988 1.3903 22.3735 0.0069 0.0064
Car 0.0000 0 3.2270 516.8574 168.7025 571.6424 190.6898 1.6324 1.6635 3.9876 -4.9528 1.3245 54.4074 3.1363 0.0064
Car 0.0000 0 0.3526 0.0000 0.0000 1242.0000 375.0000 1.4373 1.5886 3.6201 20.3566 0.6301 1.8364 1.8195 0.0064
Car 0.0000 0 -1.1446 441.2411 171.6992 525.3674 214.9269 1.4574 1.5748 3.8434 -4.5799 1.4188 26.3820 -1.3152 0.0063
Car 0.0000 0 -1.2481 872.6205 153.5205 954.5635 199.5923 1.6046 1.7035 3.9134 11.4382 0.9316 27.1613 -0.8536 0.0063
Car 0.0000 0 -0.0907 0.0000 0.0000 1242.0000 375.0000 1.5205 1.6414 3.9122 22.5739 0.3774 1.5167 1.4006 0.0063
Car 0.0000 0 -1.5091 552.0859 161.4670 582.7011 193.5736 2.1758 1.9128 4.0433 -2.9928 1.4045 50.9178 -1.5679 0.0062
Car 0.0000 0 -1.6663 688.7281 175.7728 740.2399 213.0273 1.3267 1.6182 3.4263 3.9082 1.4463 27.7127 -1.5282 0.0061
Car 0.0000 0 -1.5290 552.8116 167.2073 577.0903 191.5869 1.8197 1.7109 4.0803 -3.4821 1.3986 55.9111 -1.5913 0.0060
Car 0.0000 0 1.7109 659.2156 173.0566 705.0914 205.9643 1.4444 1.6664 3.4225 3.3626 1.4547 33.5506 1.8095 0.0060
Car 0.0000 0 1.9064 638.7799 164.1806 682.0802 189.7645 1.6534 1.6698 4.1011 3.4306 1.0933 48.8427 1.9758 0.0060
Car 0.0000 0 -1.4066 465.2705 170.4210 532.9913 214.1980 1.5760 1.9256 4.2945 -4.2661 1.4888 28.1348 -1.5562 0.0060
Car 0.0000 0 -0.6209 839.9611 164.6785 1001.1491 217.7604 1.5266 1.6909 4.3672 9.4092 1.2918 22.0550 -0.2229 0.0059
Car 0.0000 0 -1.5176 876.8812 158.8289 927.4429 200.0417 1.4508 1.6011 3.7228 11.1093 0.9574 27.4227 -1.1367 0.0059
Car 0.0000 0 1.7781 444.4174 167.6816 519.1546 219.6659 1.6815 1.7504 4.2555 -4.4663 1.5145 25.4933 1.6059 0.0058
Car 0.0000 0 -1.0704 449.6250 166.6489 541.3334 211.9728 1.6689 1.9151 4.0171 -4.5111 1.4408 28.7799 -1.2250 0.0057
Car 0.0000 0 2.7721 0.0000 0.0000 1242.0000 375.0000 1.7399 1.7406 4.1051 -33.3320 2.5816 1.4078 1.2522 0.0057
Car 0.0000 0 -1.7347 455.9005 167.7493 516.7414 210.9176 1.6287 1.8256 3.8408 -5.1344 1.4365 29.3346 -1.9069 0.0056
Pedestrian 0.0000 0 2.0684 484.9955 161.0352 520.7746 245.1060 1.9636 0.4800 0.9020 -2.6178 1.6879 17.3561 1.9201 0.0055
Cyclist 0.0000 0 -2.1417 1206.8547 154.1532 1242.0000 201.5955 1.5579 0.3265 1.7502 21.0727 0.9442 24.5800 -1.4390 0.0054
Pedestrian 0.0000 0 -1.8653 833.9430 149.9653 851.9188 185.6440 1.8004 0.7150 0.6371 11.8170 0.6458 36.7304 -1.5565 0.0053
Car 0.0000 0 -0.6151 848.4329 164.9084 1015.9023 218.6794 1.5278 1.7000 4.4646 9.6365 1.3024 21.7827 -0.2039 0.0052
Pedestrian 0.0000 0 -1.4062 656.9526 163.0555 671.2412 193.9987 1.6943 0.6589 0.8649 2.9674 1.1581 40.0027 -1.3330 0.0052
Cyclist 0.0000 0 0.2985 491.0120 175.2763 552.0944 236.2042 1.7036 0.4900 1.6596 -2.5673 1.7744 20.5886 0.1753 0.0052
Car 0.0000 0 -0.3536 822.3502 147.4882 916.5519 180.8462 1.6953 1.7857 4.2615 13.4232 0.4065 37.5869 -0.0131 0.0052
Car 0.0000 0 -3.0981 679.5616 168.2982 785.1287 210.4114 1.4520 1.5664 3.6452 4.3716 1.2953 26.0174 -2.9340 0.0052
Car 0.0000 0 -1.5077 633.1179 162.8774 661.8372 190.0569 1.8360 1.7787 3.9274 2.6462 1.1624 50.7904 -1.4562 0.0051
Pedestrian 0.0000 0 -1.7282 834.3242 149.9777 851.1268 185.7459 1.8027 0.7230 0.6238 11.8048 0.6501 36.7259 -1.4196 0.0050
Car 0.0000 0 -1.3519 461.6609 174.5824 525.1315 213.5848 1.3889 1.6596 3.5972 -4.4432 1.4600 27.7010 -1.5100 0.0050
Cyclist 0.0000 0 -1.6117 513.4116 175.4547 531.8178 236.2164 1.6448 0.4480 1.6078 -2.5317 1.7218 20.4302 -1.7342 0.0050
Car 0.0000 0 2.7668 0.0000 0.0000 1242.0000 375.0000 1.7353 1.7322 4.3208 -33.2856 2.5846 1.3953 1.2467 0.0050
Car 0.0000 0 -2.0350 837.7114 152.5553 888.9518 180.8119 1.6925 1.5819 3.5627 15.7389 0.4770 45.0851 -1.7013 0.0049
Pedestrian 0.0000 0 -1.3504 656.9249 163.3600 671.7943 194.0880 1.6821 0.6527 0.8541 2.9815 1.1628 39.9991 -1.2769 0.0049
Car 0.0000 0 -1.1478 448.5146 173.4563 528.9922 214.1437 1.4314 1.6973 3.5541 -4.5599 1.4563 27.3742 -1.3118 0.0048
Car 0.0000 0 1.3489 891.5222 163.2928 984.2543 216.0310 1.4626 1.6904 4.0888 9.8933 1.1978 22.1766 1.7632 0.0048
Car 0.0000 0 -1.4326 675.4229 172.3545 742.2103 222.0280 1.4797 1.6316 4.0664 3.2770 1.4652 23.6695 -1.2973 0.0047
Pedestrian 0.0000 0 -0.0924 262.7828 178.3777 282.9780 228.4118 1.5965 0.5096 0.5512 -11.0080 1.7792 23.4578 -0.5272 0.0047
Car 0.0000 0 -3.1303 0.0000 0.0000 1242.0000 375.0000 1.7196 1.6368 3.8436 6.7690 1.2780 0.8266 -1.7230 0.0047
Car 0.0000 0 -1.6976 456.3610 168.5131 512.5518 210.6623 1.5851 1.7634 3.8128 -5.1863 1.4222 29.2145 -1.8722 0.0046
Car 0.0000 0 -2.5381 1201.2891 158.3677 1242.0000 200.4505 1.3620 1.5525 3.8237 23.3358 0.8935 25.3877 -1.8006 0.0046
Pedestrian 0.0000 0 2.0099 655.6888 163.3875 672.7855 193.8381 1.6719 0.6250 0.9045 2.9866 1.1525 40.1609 2.0833 0.0045
Pedestrian 0.0000 0 2.1465 654.5957 163.1045 673.2139 193.7408 1.6821 0.6428 0.9099 2.9681 1.1471 40.1698 2.2194 0.0045
Car 0.0000 0 -1.1027 454.5958 166.3533 544.9263 209.9151 1.6244 1.8913 4.2595 -4.3991 1.3824 29.2222 -1.2512 0.0045
Car 0.0000 0 1.8860 644.1588 173.9979 698.0503 205.6164 1.3773 1.4962 3.4553 2.8419 1.4337 33.4470 1.9696 0.0044
Car 0.0000 0 -1.5130 633.1439 160.1917 660.7675 190.6226 2.0846 1.7396 4.1494 2.6514 1.2176 51.5816 -1.4622 0.0044
Car 0.0000 0 1.7088 546.3821 162.1100 581.0610 193.5217 2.1573 1.9496 3.9625 -3.2923 1.4198 51.6000 1.6451 0.0044
Car 0.0000 0 0.3437 627.2720 172.5648 724.0491 204.1229 1.4501 1.6747 4.3411 3.1204 1.4371 34.8201 0.4319 0.0043
Car 0.0000 0 -3.0986 0.0000 0.0000 1242.0000 375.0000 1.6468 1.7040 3.8935 7.0102 1.3051 0.6470 -1.6607 0.0043
Pedestrian 0.0000 0 -0.7031 566.8366 161.4630 583.9788 190.4965 2.0815 0.7018 1.0335 -2.5359 1.2652 52.3348 -0.7516 0.0043
Cyclist 0.0000 0 1.5475 661.0165 161.9796 671.2115 193.4428 1.6983 0.5159 1.7545 3.0563 1.1117 39.8345 1.6231 0.0042
Car 0.0000 0 -0.6096 841.2394 165.2357 1002.8652 218.8683 1.5496 1.7151 4.3657 9.4862 1.3298 22.1380 -0.2100 0.0042
Car 0.0000 0 -2.9404 0.0000 0.0000 1242.0000 375.0000 1.6522 1.7003 3.6458 7.0411 1.2922 0.8445 -1.5293 0.0042
Car 0.0000 0 -2.7719 673.7055 174.4888 790.9310 212.4905 1.3453 1.5818 4.0958 4.5749 1.4117 27.4105 -2.6088 0.0042
Car 0.0000 0 3.0285 647.6625 172.3954 721.1416 202.8936 1.4247 1.5733 3.3350 3.4815 1.4036 34.5129 3.1277 0.0042
Car 0.0000 0 -1.5339 457.5271 169.3825 510.1494 217.3905 1.4911 1.6060 3.9994 -4.2526 1.3837 24.4972 -1.7044 0.0042
Pedestrian 0.0000 0 -1.1161 652.8910 163.1054 667.5281 193.9995 1.6944 0.6199 0.5752 2.7474 1.1601 39.9746 -1.0484 0.0041
Car 0.0000 0 -2.1198 685.9241 173.9203 775.6390 212.8171 1.4060 1.6630 3.9007 4.6052 1.4513 28.3150 -1.9608 0.0041
Pedestrian 0.0000 0 2.4420 659.7654 162.8119 679.3552 195.5225 1.7857 0.6589 0.8568 3.2583 1.2378 39.9029 2.5225 0.0041
Pedestrian 0.0000 0 -1.0992 652.3115 162.8763 667.3737 193.8579 1.6984 0.6332 0.5917 2.7266 1.1518 39.9678 -1.0319 0.0041
Car 0.0000 0 -0.9337 445.0251 169.1137 554.3927 214.1588 1.6392 2.0588 4.4372 -4.3174 1.5035 28.6970 -1.0821 0.0040
Cyclist 0.0000 0 -2.0878 1193.4419 154.4102 1241.6511 201.9849 1.5882 0.3398 1.9706 21.0463 0.9729 25.0850 -1.3956 0.0040
Car 0.0000 0 -3.2923 0.0000 0.0000 1242.0000 375.0000 1.6092 1.6923 3.7761 7.0633 1.3337 0.2469 -1.7973 0.0039
Car 0.0000 0 -2.5751 0.0000 0.0000 1242.0000 375.0000 1.5762 1.7096 4.0219 7.4518 1.3243 1.3782 -1.2247 0.0039
Car 0.0000 0 -0.2266 638.4499 166.1218 704.2853 190.9478 1.6119 1.7534 4.0726 4.0264 1.1752 48.0057 -0.1437 0.0039
Car 0.0000 0 -0.8034 449.0550 167.4755 556.0561 211.6230 1.6316 1.9524 4.0772 -4.2639 1.4332 28.8902 -0.9491 0.0039
Car 0.0000 0 -2.7262 0.0000 0.0000 1242.0000 375.0000 1.6352 1.7073 4.1207 7.0284 1.3534 1.4565 -1.3992 0.0038
Pedestrian 0.0000 0 1.9338 452.2695 168.6885 489.7532 250.8412 1.9222 0.6662 0.7330 -3.3741 1.8251 17.2983 1.7432 0.0038
Pedestrian 0.0000 0 -0.7020 1213.3660 152.6507 1242.0000 201.0573 1.6270 0.6682 0.7415 21.1660 0.9483 24.5848 0.0028 0.0037
Car 0.0000 0 -0.1153 682.0714 175.7619 801.6959 221.0698 1.3349 1.4728 3.4648 3.9422 1.4280 22.1972 0.0576 0.0037
Car 0.0000 0 -1.0422 553.5939 166.8318 604.4614 192.7218 1.6850 1.7146 3.9225 -2.0902 1.2934 49.0912 -1.0848 0.0037
Car 0.0000 0 -0.8018 454.9393 168.7176 560.4747 211.6906 1.6049 1.9131 4.0936 -4.0969 1.4507 29.1610 -0.9406 0.0036
Car 0.0000 0 -0.7580 841.0856 167.3379 981.0430 219.3343 1.5050 1.6289 3.9858 9.2814 1.3457 22.3611 -0.3697 0.0036
Car 0.0000 0 -1.5455 634.3262 161.4759 660.4243 190.2803 1.9674 1.7581 4.0436 2.6675 1.1906 51.3636 -1.4943 0.0036
Car 0.0000 0 -2.0306 835.6103 151.3118 887.7939 179.7025 1.7056 1.5857 3.7414 15.7079 0.4118 45.3000 -1.6988 0.0036
Pedestrian 0.0000 0 -0.2066 566.3690 162.2921 583.7144 190.8441 2.0519 0.7326 1.1302 -2.5668 1.2932 52.3486 -0.2557 0.0036
Cyclist 0.0000 0 -1.5466 512.5217 175.4858 530.7984 237.5985 1.6429 0.4653 1.6972 -2.4884 1.7195 20.0229 -1.6694 0.0034
Pedestrian 0.0000 0 -0.2619 1216.3370 151.8559 1242.0000 200.8020 1.6371 0.6446 0.6973 21.1530 0.9351 24.5711 0.4428 0.0034
Cyclist 0.0000 0 -1.9673 1216.8306 152.4772 1242.0000 201.3327 1.6077 0.3577 2.0776 21.5302 0.9375 24.7839 -1.2580 0.0034
Car 0.0000 0 -0.6347 844.7259 167.1532 991.5964 219.1913 1.5021 1.6136 3.9550 9.3515 1.3379 22.0767 -0.2393 0.0034
Pedestrian 0.0000 0 2.7635 629.2874 162.5326 644.7622 188.2689 1.7569 0.6125 0.9023 1.8304 1.0527 49.6935 2.7998 0.0034
Car 0.0000 0 -0.9767 636.8820 164.3138 692.2130 190.7566 1.7061 1.7085 4.1286 3.6935 1.1554 48.6992 -0.9018 0.0033
Car 0.0000 0 -2.6710 0.0000 0.0000 1242.0000 375.0000 1.6167 1.7732 3.9765 7.0080 1.3875 1.5761 -1.3608 0.0032
Pedestrian 0.0000 0 -0.9899 516.3696 178.3071 545.9776 236.0169 1.6035 0.5981 0.6161 -2.2879 1.7621 20.5327 -1.1002 0.0031
Car 0.0000 0 1.5101 660.6213 174.2266 701.5817 206.8771 1.4454 1.6843 3.6207 3.2527 1.5138 33.9319 1.6043 0.0031
Car 0.0000 0 -0.4357 863.0541 164.2039 1052.2607 222.0526 1.5933 1.6626 4.6271 9.8206 1.3554 20.7041 0.0013 0.0031
Car 0.0000 0 -1.2296 573.5627 168.2061 607.5034 190.4762 1.8726 1.6277 4.2681 -1.6780 1.4821 62.9495 -1.2565 0.0030
Cyclist 0.0000 0 -1.7779 1232.7526 151.7921 1242.0000 200.3129 1.5839 0.3660 1.8087 21.5207 0.8967 24.4298 -1.0618 0.0030
Car 0.0000 0 -1.0599 571.4060 170.0416 609.7236 190.6592 1.7244 1.5851 3.9579 -1.6676 1.4895 62.4652 -1.0868 0.0030
Cyclist 0.0000 0 1.4332 569.3618 163.5479 582.3176 190.9257 1.9275 0.6521 2.0526 -2.4923 1.2726 51.8641 1.3851 0.0030
Pedestrian 0.0000 0 1.7756 454.8990 168.6295 488.0750 250.9899 1.9310 0.6442 0.7408 -3.3604 1.8323 17.2892 1.5857 0.0029
Car 0.0000 0 -2.0963 692.8738 174.7819 780.3187 212.7858 1.3421 1.6361 3.7391 4.7328 1.4219 27.7220 -1.9295 0.0029
Car 0.0000 0 -1.2059 572.8546 168.4753 606.9940 190.5675 1.8561 1.6036 4.1354 -1.7299 1.4886 62.8350 -1.2336 0.0029
Car 0.0000 0 -0.5152 448.1409 163.6156 558.5259 210.3125 1.7508 1.9558 3.9429 -4.3010 1.4048 29.0331 -0.6614 0.0029
Pedestrian 0.0000 0 -1.5121 827.7111 149.9654 845.4360 185.0603 1.7661 0.8275 0.6393 11.5060 0.6146 36.7520 -1.2111 0.0028
Car 0.0000 0 -1.6342 680.5883 172.8954 739.6990 220.6430 1.4275 1.6209 4.4162 3.1701 1.4294 23.8307 -1.5041 0.0028
Car 0.0000 0 1.9675 642.8826 174.3613 699.2445 205.5632 1.3708 1.4997 3.2065 2.8495 1.4451 33.6348 2.0508 0.0028
Car 0.0000 0 -1.8089 714.0755 173.5532 775.6578 211.6648 1.3356 1.5042 3.3406 4.9455 1.3638 27.0580 -1.6306 0.0028
Car 0.0000 0 -1.5474 681.8281 171.9317 736.4966 221.2482 1.4699 1.6240 4.2806 3.2571 1.4427 23.7438 -1.4134 0.0027
Car 0.0000 0 -1.1701 572.7220 169.2382 607.6438 190.4616 1.7820 1.5910 4.0325 -1.7066 1.4788 62.7491 -1.1975 0.0027
Car 0.0000 0 -0.2302 680.3582 173.7345 799.2621 220.0959 1.3733 1.4995 3.3496 3.9037 1.4018 22.2498 -0.0594 0.0027
Cyclist 0.0000 0 -1.6113 570.7032 163.8105 579.9225 191.8048 1.9881 0.5707 2.3677 -2.5565 1.3462 52.4443 -1.6601 0.0027
Car 0.0000 0 -1.5300 633.5677 160.7499 660.5452 191.3950 2.0990 1.7572 4.3663 2.6648 1.2703 51.6728 -1.4791 0.0027
Car 0.0000 0 1.9187 638.1992 162.8676 681.9603 189.5580 1.7282 1.6573 4.1249 3.4139 1.0820 48.9386 1.9876 0.0026
Car 0.0000 0 -1.6048 724.8701 172.1757 768.2376 210.4065 1.3374 1.4643 3.0338 4.9894 1.3140 26.8459 -1.4235 0.0026
Car 0.0000 0 -1.3790 718.3897 173.2899 773.7649 210.2780 1.2969 1.4592 3.2591 5.1201 1.3147 27.1218 -1.1948 0.0026
Pedestrian 0.0000 0 -1.4287 658.8742 164.1537 671.2258 194.7177 1.6659 0.6072 0.5429 2.9918 1.1920 39.6552 -1.3543 0.0026
Car 0.0000 0 -2.6321 674.3423 174.4609 785.7775 211.5944 1.3366 1.5885 3.9935 4.5677 1.4034 27.9908 -2.4725 0.0024
Car 0.0000 0 -1.6607 675.3626 170.1176 737.0691 219.1054 1.4844 1.6244 4.2887 3.0671 1.4019 24.0328 -1.5359 0.0023
Car 0.0000 0 -1.7731 714.4317 173.6903 773.6748 210.8167 1.3022 1.5539 3.1681 4.9054 1.3357 26.9797 -1.5957 0.0023
Car 0.0000 0 -0.2660 679.9478 172.7952 797.5724 220.2856 1.4039 1.4971 3.2853 3.8733 1.4025 22.2295 -0.0963 0.0022
Car 0.0000 0 -1.4038 671.5630 170.3565 743.7858 222.0866 1.5395 1.6585 4.3966 3.2717 1.4655 23.8150 -1.2696 0.0022
Cyclist 0.0000 0 -1.3930 516.1355 177.9830 541.1558 238.0782 1.6060 0.4056 1.7115 -2.3215 1.7568 20.2953 -1.5062 0.0021
Pedestrian 0.0000 0 -1.4302 658.9940 164.3397 671.2962 194.9148 1.6651 0.6014 0.5674 2.9955 1.2018 39.6340 -1.3557 0.0021
Cyclist 0.0000 0 -1.4737 321.1320 175.3934 337.9250 219.9702 1.4966 0.3738 1.7849 -9.8441 1.5890 25.2351 -1.8425 0.0021
Car 0.0000 0 1.6565 551.3436 163.2807 582.9992 192.2847 1.9998 1.9494 3.7553 -3.0537 1.3401 51.6496 1.5974 0.0021
Car 0.0000 0 -3.9016 0.0000 0.0000 1242.0000 375.0000 1.7177 1.6704 3.8943 2.0002 1.6255 0.4595 -2.6920 0.0021
Car 0.0000 0 -1.6202 679.5266 170.7771 735.9398 218.8610 1.4527 1.6155 4.2916 3.1196 1.3903 23.9976 -1.4930 0.0020
Car 0.0000 0 1.6870 672.2931 168.5668 738.3200 220.5008 1.5625 1.6572 4.7877 3.2527 1.4339 24.2297 1.8183 0.0020
Car 0.0000 0 1.9752 0.0000 0.0000 1242.0000 375.0000 1.6071 1.7258 4.3232 -22.7219 1.9671 -0.2451 0.4063 0.0020
Car 0.0000 0 0.5923 1212.1113 162.4299 1242.0000 202.1734 1.2855 1.3829 3.5862 23.4330 0.9487 25.2404 1.3347 0.0020
Car 0.0000 0 -1.6044 680.6583 170.9579 734.9509 219.0372 1.4486 1.6087 4.2425 3.1157 1.3918 23.9237 -1.4771 0.0019
Car 0.0000 0 1.7173 641.0052 164.5669 673.2198 190.5953 1.6868 1.6112 4.0345 3.2033 1.1501 48.8997 1.7820 0.0019
Cyclist 0.0000 0 -1.4500 510.5539 176.0330 534.8209 237.6177 1.6478 0.4726 1.7427 -2.4853 1.7412 20.2641 -1.5713 0.0018
Cyclist 0.0000 0 -1.4206 517.8914 177.0462 541.8499 238.6001 1.6313 0.4089 1.7554 -2.2684 1.7538 20.1253 -1.5322 0.0018
Car 0.0000 0 -0.1232 1204.3184 154.7190 1242.0000 198.5987 1.3944 1.5191 4.4867 23.3954 0.8185 24.8567 0.6260 0.0018
Car 0.0000 0 -0.8105 0.0000 0.0000 1242.0000 375.0000 1.6140 1.6203 3.5698 -22.2268 1.9809 0.4953 -2.3461 0.0018
Pedestrian 0.0000 0 -0.2460 493.9698 166.5149 519.2559 216.2176 1.7751 0.6675 0.7698 -3.8043 1.5491 26.2218 -0.3892 0.0017
Cyclist 0.0000 0 -2.7894 0.0000 0.0000 1242.0000 375.0000 1.6317 0.6207 1.9116 1.4037 1.7241 0.2751 -1.6062 0.0017
Cyclist 0.0000 0 1.1848 514.6442 169.5845 537.0412 199.9798 1.6937 0.7080 1.6184 -4.8352 1.5119 41.0830 1.0680 0.0017
Car 0.0000 0 2.0022 0.0000 0.0000 1242.0000 375.0000 1.5884 1.7422 4.0664 -22.5365 1.9659 -0.0445 0.4422 0.0017
Car 0.0000 0 -1.7010 669.2849 168.9949 735.4294 218.0596 1.4907 1.6064 4.3425 2.9407 1.3738 24.0986 -1.5816 0.0016
Pedestrian 0.0000 0 0.1989 0.0000 0.0000 1242.0000 375.0000 1.6797 0.6371 0.6341 -14.3017 1.9176 -0.2766 -1.3710 0.0016
Car 0.0000 0 -1.8901 702.6353 176.0016 772.2257 212.4806 1.2963 1.5530 3.6777 4.8042 1.4269 27.9067 -1.7219 0.0015
Car 0.0000 0 -1.4747 633.7167 161.5180 669.3293 189.9074 1.8593 2.0029 4.8273 2.8911 1.1172 49.7904 -1.4173 0.0015
Car 0.0000 0 -0.5939 0.0000 0.0000 1242.0000 375.0000 1.6606 1.6640 3.8697 -22.2507 1.9686 1.0522 -2.1046 0.0014
Car 0.0000 0 -1.6847 673.2435 170.0810 737.0486 218.4088 1.4668 1.5918 4.3521 3.0341 1.3830 24.0807 -1.5615 0.0014
Car 0.0000 0 -1.1661 570.9194 171.8526 604.6585 191.5516 1.6519 1.5610 3.7859 -1.9127 1.5683 62.5522 -1.1969 0.0014
Car 0.0000 0 -1.3397 640.9556 159.0503 681.4252 191.0259 2.0923 1.7634 4.6608 3.5516 1.1894 49.6972 -1.2691 0.0014
Car 0.0000 0 1.5281 675.8541 169.7538 730.0958 220.0104 1.5177 1.5680 4.6157 2.9782 1.4244 24.1489 1.6487 0.0013
Car 0.0000 0 -1.2844 571.6152 170.2778 602.2156 189.8656 1.6516 1.6403 3.8777 -1.9990 1.4347 62.9172 -1.3163 0.0013
Cyclist 0.0000 0 1.5156 522.0132 168.1466 537.4933 199.7154 1.7588 0.7752 1.8393 -4.6226 1.4969 41.1684 1.4041 0.0013
Car 0.0000 0 -1.7216 670.6934 169.0239 738.7387 217.6835 1.4766 1.5800 4.3658 3.0166 1.3607 24.0971 -1.5991 0.0013
Pedestrian 0.0000 0 -0.2855 631.0743 163.6480 645.9899 188.5666 1.7021 0.6083 0.8905 1.9335 1.0736 49.6862 -0.2471 0.0013
Car 0.0000 0 -1.3400 572.7950 170.6401 601.1854 189.8068 1.6180 1.6443 3.8348 -1.9951 1.4314 62.9483 -1.3719 0.0012
Car 0.0000 0 -1.2396 571.0510 171.8909 602.6207 190.4497 1.5642 1.6130 3.7678 -2.0051 1.4834 62.8489 -1.2717 0.0012
Pedestrian 0.0000 0 -1.9520 510.4910 178.1170 536.2488 237.3819 1.6298 0.5467 0.5672 -2.4856 1.7809 20.2870 -2.0731 0.0012
Car 0.0000 0 2.1550 0.0000 0.0000 1242.0000 375.0000 1.5954 1.6990 3.8226 -23.0235 1.9043 -0.0808 0.5932 0.0011
Car 0.0000 0 -0.9214 0.0000 0.0000 1242.0000 375.0000 1.6382 1.6864 4.1132 -22.1544 1.9700 0.4766 -2.4577 0.0010
Car 0.0000 0 1.9695 0.0000 0.0000 1242.0000 375.0000 1.5697 1.6065 3.7306 -22.5324 1.9817 -0.0888 0.4076 0.0010
Pedestrian 0.0000 0 0.9982 509.5446 176.5939 537.0889 236.5206 1.6460 0.5323 0.5911 -2.4832 1.7535 20.2629 0.8771 0.0009
Cyclist 0.0000 0 -3.1304 0.0000 0.0000 1242.0000 375.0000 1.6665 0.6216 2.0235 1.4122 1.6773 -0.0466 -1.7327 0.0009
Car 0.0000 0 0.8384 0.0000 0.0000 1242.0000 375.0000 1.5654 1.4937 3.2077 -16.8319 1.9709 1.4671 -0.6285 0.0009
Car 0.0000 0 -1.4920 641.9373 163.7104 674.6060 192.1882 1.8508 1.8742 4.6210 3.3181 1.2569 49.3114 -1.4256 0.0009
Pedestrian 0.0000 0 -1.1908 519.0379 161.6565 536.0939 196.7984 1.9766 0.7488 0.7244 -4.7197 1.3472 41.0297 -1.3049 0.0008
Cyclist 0.0000 0 0.1769 500.6175 176.4891 562.4076 236.0205 1.6528 0.4024 1.6859 -2.2518 1.7569 20.3186 0.0671 0.0008
Pedestrian 0.0000 0 -0.7118 515.5496 166.5211 532.2840 199.5518 1.8577 0.7125 0.6339 -4.9328 1.5018 41.0510 -0.8310 0.0008
Car 0.0000 0 -1.5083 641.2869 161.6681 673.4062 192.8212 2.0284 1.8985 4.9872 3.2758 1.3004 49.5710 -1.4431 0.0007
Pedestrian 0.0000 0 2.1910 515.3435 176.9888 545.2222 234.9051 1.6075 0.6158 0.5896 -2.3091 1.7276 20.4894 2.0794 0.0006
Pedestrian 0.0000 0 -1.2055 516.6207 165.0114 532.5357 199.1648 1.9250 0.7351 0.5960 -4.8922 1.4833 41.0449 -1.3238 0.0006
Cyclist 0.0000 0 0.4391 490.4438 176.6876 556.1783 238.3257 1.6857 0.4703 1.8072 -2.4893 1.7966 20.2990 0.3178 0.0004
Pedestrian 0.0000 0 -0.6145 515.3429 181.0658 543.1175 238.7282 1.5805 0.5560 0.5570 -2.3182 1.8161 20.2787 -0.7276 0.0004
Pedestrian 0.0000 0 -0.6910 515.3688 181.0101 543.6270 238.9420 1.5877 0.5662 0.5560 -2.3103 1.8218 20.2799 -0.8037 0.0004
Car 0.0000 0 4.1904 0.0000 0.0000 1242.0000 375.0000 1.6058 1.5469 3.9948 -28.8064 2.1424 1.2922 2.6744 0.0002