Pedestrian 0.0000 0 0.7430 9.5577 139.1935 138.8745 336.8744 1.9942 0.6083 0.9346 -5.6508 1.5792 7.4848 0.1183 0.9318
Pedestrian 0.0000 0 0.7188 6.2480 140.5620 136.5575 337.1342 1.9849 0.6318 0.9168 -5.6828 1.5834 7.4912 0.0917 0.9262
Pedestrian 0.0000 0 0.7200 5.0029 138.8559 140.9770 337.8490 2.0108 0.6085 1.0045 -5.6654 1.5916 7.4897 0.0943 0.9173
Pedestrian 0.0000 0 0.7547 7.3021 141.2284 136.6965 337.1608 1.9786 0.6229 0.9261 -5.6877 1.5837 7.5030 0.1280 0.9136
Pedestrian 0.0000 0 0.7412 10.4811 139.3328 137.9773 335.5446 1.9861 0.5911 0.9320 -5.6626 1.5711 7.4995 0.1164 0.8953
Pedestrian 0.0000 0 0.7128 4.2137 140.2983 139.1711 337.8959 1.9964 0.6372 0.9653 -5.6834 1.5919 7.4976 0.0861 0.8838
Pedestrian 0.0000 0 0.7059 2.3379 140.7217 139.6511 338.0172 1.9933 0.6396 0.9872 -5.6887 1.5931 7.4960 0.0786 0.8692
Pedestrian 0.0000 0 0.7202 5.2948 139.1301 140.2358 336.9840 2.0030 0.5978 1.0038 -5.6745 1.5859 7.4977 0.0942 0.8308
Car 0.0000 0 4.3706 253.5139 0.0000 1224.0000 370.0000 1.5758 1.6148 4.4076 -2.5062 1.6985 -0.2490 2.8310 0.3363
Car 0.0000 0 4.4082 0.0000 0.0000 1224.0000 370.0000 1.5341 1.5924 4.3189 -2.5947 1.7142 -0.0678 2.9371 0.3298
Car 0.0000 0 -0.9452 0.0000 0.0000 1069.0621 370.0000 1.5237 1.5614 3.7450 1.9719 1.5868 -0.2848 0.6074 0.3213
Car 0.0000 0 4.4244 0.0000 0.0000 1224.0000 370.0000 1.5629 1.5664 4.0866 -2.5451 1.7428 0.2754 3.0861 0.2695
Car 0.0000 0 -0.1671 0.0000 0.0000 1224.0000 370.0000 1.5099 1.5949 3.8253 2.2330 1.5873 -0.1337 1.3204 0.2398
Car 0.0000 0 -0.1526 0.0000 0.0000 1224.0000 370.0000 1.4657 1.5583 3.6729 2.2283 1.5750 0.0626 1.2482 0.2370
Car 0.0000 0 4.4836 0.0000 0.0000 1224.0000 370.0000 1.5543 1.6014 4.1959 -2.2542 1.7123 -0.1608 2.9863 0.2167
Car 0.0000 0 4.3503 0.0000 0.0000 1224.0000 370.0000 1.5953 1.5839 4.2762 -2.5996 1.7125 -0.0867 2.8718 0.1996
Car 0.0000 0 4.4530 0.0000 0.0000 1224.0000 370.0000 1.5027 1.5712 4.1131 -2.3180 1.7060 0.0576 3.0466 0.1788
Car 0.0000 0 0.2868 0.0000 0.0000 1224.0000 370.0000 1.4442 1.6294 3.9209 2.2393 1.6223 0.5685 1.4801 0.1746
Car 0.0000 0 3.5691 169.9852 0.0000 1224.0000 370.0000 1.4881 1.5237 3.6940 -1.4419 1.6490 -0.1796 2.0994 0.1699
Car 0.0000 0 3.3096 52.8051 0.0000 1224.0000 370.0000 1.4861 1.4900 4.0927 -1.7492 1.6542 -0.0102 1.9176 0.1681
Car 0.0000 0 2.8656 187.6375 0.0000 1224.0000 370.0000 1.4854 1.4919 3.8681 -1.6753 1.6690 0.8196 1.8952 0.1646
Car 0.0000 0 -0.8972 0.0000 0.0000 1224.0000 370.0000 1.4629 1.4900 3.5100 1.8587 1.6326 0.4011 0.3035 0.1645
Car 0.0000 0 4.3998 0.0000 0.0000 1224.0000 370.0000 1.5481 1.5765 4.1749 -2.6511 1.7190 -0.0351 2.9388 0.1621
Car 0.0000 0 4.4357 0.0000 0.0000 1224.0000 370.0000 1.5505 1.6277 4.1900 -2.9360 1.6949 -0.0334 2.9649 0.1517
Car 0.0000 0 -0.1065 0.0000 0.0000 1224.0000 370.0000 1.4609 1.5722 3.6253 2.1072 1.6252 0.1050 1.2652 0.1483
Car 0.0000 0 -0.1364 0.0000 0.0000 1224.0000 370.0000 1.5144 1.5642 3.8978 2.3110 1.5675 -0.0396 1.3136 0.1461
Pedestrian 0.0000 0 0.6807 860.7733 163.8401 909.7082 265.1888 1.6348 0.5009 0.5695 4.6184 1.3677 11.7717 1.0472 0.1420
Car 0.0000 0 4.3943 0.0000 0.0000 1224.0000 370.0000 1.5624 1.5964 4.1222 -2.7986 1.7099 -0.0062 2.9378 0.1216
Car 0.0000 0 -0.8639 0.0000 0.0000 982.5911 370.0000 1.5158 1.5777 3.7544 1.8285 1.5995 -0.1822 0.6313 0.1190
Car 0.0000 0 -3.9521 0.0000 0.0000 846.6989 370.0000 1.5055 1.6581 3.7069 1.7227 1.6123 0.0889 -2.6147 0.1181
Pedestrian 0.0000 0 0.9793 1005.5079 224.0214 1102.3807 370.0000 1.1368 0.3562 0.5683 3.3419 1.4876 5.3719 1.5118 0.1178
Car 0.0000 0 2.8387 0.0000 0.0000 1224.0000 370.0000 1.4630 1.4919 3.6151 -1.4733 1.6722 0.2895 1.6638 0.1175
Car 0.0000 0 -0.0672 0.0000 0.0000 1224.0000 370.0000 1.5207 1.6148 3.7301 1.9111 1.5740 -0.1855 1.4329 0.1094
Car 0.0000 0 -1.1055 0.0000 0.0000 1224.0000 370.0000 1.4750 1.5079 3.2966 2.0882 1.5635 0.2265 0.2094 0.1082
Car 0.0000 0 0.2025 120.9514 0.0000 1224.0000 370.0000 1.4856 1.5443 3.7456 1.0509 1.6074 -0.2920 1.7447 0.1081
Car 0.0000 0 0.0996 0.0000 0.0000 1224.0000 370.0000 1.4781 1.5909 3.5254 1.7366 1.5953 0.0638 1.4525 0.1075
Car 0.0000 0 -0.7805 0.0000 0.0000 458.9959 370.0000 1.5553 1.6280 4.3754 1.1305 1.6010 0.0350 0.4849 0.1075
Car 0.0000 0 2.3858 0.0000 183.3417 80.9312 235.0614 1.4799 1.5859 3.9953 -19.1580 1.5803 22.5317 1.6898 0.1025
Pedestrian 0.0000 0 0.4369 862.6471 166.4080 908.2248 265.2896 1.5976 0.4839 0.5562 4.6308 1.3716 11.7869 0.8039 0.1017
Car 0.0000 0 -1.1100 0.0000 0.0000 1224.0000 370.0000 1.4674 1.5672 3.6798 1.9244 1.6256 0.7029 -0.0276 0.1012
Car 0.0000 0 -0.8468 0.0000 0.0000 944.7964 370.0000 1.4856 1.5440 3.5084 1.8548 1.5877 0.0641 0.5196 0.0988
Car 0.0000 0 2.9536 248.4380 0.0000 1224.0000 370.0000 1.5910 1.5759 4.4526 -1.8192 1.7066 0.8739 1.9663 0.0982
Car 0.0000 0 0.5524 0.0000 0.0000 1224.0000 370.0000 1.4997 1.5421 3.7882 1.1501 1.6599 0.1424 1.7400 0.0949
Car 0.0000 0 4.2967 163.8096 0.0000 1224.0000 370.0000 1.6005 1.5991 4.3699 -2.7373 1.6958 -0.0771 2.8172 0.0948
Car 0.0000 0 0.7297 0.0000 0.0000 1224.0000 370.0000 1.4476 1.4839 3.5644 1.3857 1.6416 0.3957 1.8234 0.0922
Pedestrian 0.0000 0 2.6111 672.2252 177.0454 708.2057 248.6008 1.4549 0.3975 0.6267 1.7270 1.3863 14.6793 2.7275 0.0871
Car 0.0000 0 -2.3034 0.0000 0.0000 899.2076 370.0000 1.5217 1.5944 3.7803 0.6995 1.6544 0.8373 -1.7593 0.0865
Car 0.0000 0 0.2478 263.4021 0.0000 1224.0000 370.0000 1.5270 1.5463 3.5000 -1.1814 1.6228 0.0045 -1.0503 0.0858
Car 0.0000 0 -1.0806 481.6820 0.0000 1224.0000 370.0000 1.4530 1.5983 3.7548 1.7872 1.6256 0.7784 -0.0606 0.0856
Car 0.0000 0 1.2750 0.0000 0.0000 1224.0000 370.0000 1.5512 1.5758 4.1016 -2.4875 1.7097 0.3724 -0.0215 0.0854
Car 0.0000 0 2.2096 0.0000 181.9802 72.1277 234.0508 1.4943 1.6972 4.1739 -19.3485 1.5475 22.5422 1.5089 0.0849
Car 0.0000 0 0.2396 239.7377 0.0000 1224.0000 370.0000 1.5509 1.5931 3.5378 -1.1757 1.6373 -0.0257 -1.0814 0.0831
Car 0.0000 0 0.4159 0.0000 0.0000 1224.0000 370.0000 1.4509 1.5292 3.5371 1.4158 1.5972 0.0452 1.7335 0.0798
Car 0.0000 0 -4.0702 0.0000 0.0000 1224.0000 370.0000 1.4965 1.5817 3.6643 1.8294 1.6304 0.2983 -2.8255 0.0793
Car 0.0000 0 2.1770 0.0000 180.4077 76.2151 230.6786 1.4692 1.6429 4.2390 -19.3791 1.4681 22.8431 1.4820 0.0786
Pedestrian 0.0000 0 1.0156 1008.7593 218.7173 1107.1556 370.0000 1.1960 0.3677 0.5831 3.3719 1.5043 5.3732 1.5518 0.0772
Car 0.0000 0 4.4226 0.0000 0.0000 1224.0000 370.0000 1.5038 1.5970 4.1251 -1.8920 1.6727 0.0705 3.0587 0.0759
Car 0.0000 0 3.2924 224.1844 0.0000 1224.0000 370.0000 1.5152 1.5560 4.5768 -1.9899 1.6643 0.4104 2.0766 0.0746
Pedestrian 0.0000 0 -1.5518 77.0244 173.6121 112.7224 264.8335 1.6322 0.5175 0.5494 -9.4306 1.5106 13.0188 -2.1653 0.0725
Car 0.0000 0 1.2433 0.0000 0.0000 1224.0000 370.0000 1.4931 1.5575 4.2707 -2.2294 1.7154 0.4119 -0.0075 0.0717
Car 0.0000 0 -0.3845 413.4260 0.0000 1224.0000 370.0000 1.4736 1.5646 3.5981 -0.6286 1.6489 0.2889 -1.1810 0.0716
Car 0.0000 0 2.1693 0.0000 180.3546 70.2926 231.4941 1.4799 1.6549 4.2210 -19.4136 1.4773 22.6397 1.4691 0.0696
Pedestrian 0.0000 0 -3.1769 670.7427 171.1067 703.9419 247.6725 1.5895 0.4005 0.6794 1.6893 1.3961 14.8990 -3.0646 0.0695
Car 0.0000 0 1.2927 0.0000 0.0000 1224.0000 370.0000 1.5234 1.5645 4.2031 -2.3794 1.7121 0.4148 0.0242 0.0694
Car 0.0000 0 4.2999 0.0000 0.0000 1224.0000 370.0000 1.5223 1.6135 4.2680 -1.5709 1.6584 -0.1026 2.8705 0.0686
Car 0.0000 0 -1.0135 0.0000 0.0000 1224.0000 370.0000 1.5289 1.5301 3.6981 2.1918 1.5817 -0.2384 0.5200 0.0656
Car 0.0000 0 2.1974 0.0000 181.5493 71.9513 233.4689 1.4973 1.6742 4.1701 -19.3761 1.5356 22.6126 1.4976 0.0650
Car 0.0000 0 2.2535 0.0000 182.3353 76.9846 233.9433 1.4957 1.6004 4.0631 -19.2629 1.5614 22.6734 1.5579 0.0648
Car 0.0000 0 2.4687 0.0000 0.0000 1224.0000 370.0000 1.5316 1.5739 3.9666 0.3828 1.5880 0.2373 3.0704 0.0637
Car 0.0000 0 -0.2727 228.0401 0.0000 1224.0000 370.0000 1.4653 1.5152 3.6912 -1.1045 1.6502 0.3634 -1.2853 0.0624
Car 0.0000 0 3.5294 139.1927 0.0000 1224.0000 370.0000 1.5291 1.5873 4.5366 -2.0479 1.6305 -0.0376 2.0990 0.0621
Car 0.0000 0 2.6139 0.0000 0.0000 1224.0000 370.0000 1.5127 1.5732 4.0180 0.3325 1.6402 0.4301 3.0315 0.0618
Car 0.0000 0 0.6965 0.0000 0.0000 1224.0000 370.0000 1.4709 1.5154 3.5480 1.2608 1.6523 0.3495 1.7787 0.0602
Car 0.0000 0 2.2012 0.0000 183.9681 67.5930 236.5697 1.4869 1.6876 4.1317 -19.3477 1.6087 22.3831 1.4971 0.0601
Car 0.0000 0 0.6316 0.0000 0.0000 1224.0000 370.0000 1.4743 1.6232 3.8452 1.7314 1.6336 0.4610 1.7786 0.0587
Car 0.0000 0 2.3757 0.0000 184.9567 76.1354 236.1542 1.4391 1.5564 3.9466 -19.0780 1.5940 22.2695 1.6761 0.0566
Car 0.0000 0 3.8045 0.0000 0.0000 1224.0000 370.0000 1.5033 1.5642 4.1613 -0.4552 1.6149 0.1526 3.0443 0.0565
Car 0.0000 0 2.3695 0.0000 0.0000 1224.0000 370.0000 1.5137 1.5971 4.0740 0.5435 1.5959 0.2449 3.1348 0.0533
Car 0.0000 0 1.1449 0.0000 0.0000 1224.0000 370.0000 1.5616 1.6018 4.1714 -2.9410 1.6748 -0.1025 -0.3494 0.0523
Car 0.0000 0 2.4390 0.0000 187.9890 70.2600 239.1614 1.4158 1.4713 3.7534 -19.0944 1.6725 22.1063 1.7354 0.0520
Car 0.0000 0 2.2389 0.0000 182.6329 74.5608 234.1575 1.4866 1.6050 4.0601 -19.2829 1.5626 22.6175 1.5416 0.0511
Cyclist 0.0000 0 -2.9550 0.0000 0.0000 1224.0000 370.0000 1.7350 0.4864 1.7408 3.8645 1.6446 0.3626 -1.5584 0.0498
Car 0.0000 0 2.2790 0.0000 186.6173 46.0174 239.4421 1.4298 1.5858 3.7247 -19.2311 1.6330 21.4388 1.5569 0.0497
Car 0.0000 0 -1.6568 110.4703 0.0000 1099.9362 370.0000 1.5143 1.6302 3.8040 0.2042 1.6263 0.7276 -1.4628 0.0495
Car 0.0000 0 -2.3465 0.0000 0.0000 1224.0000 370.0000 1.4658 1.5363 3.6868 1.6702 1.6194 0.9339 -1.4193 0.0485
Car 0.0000 0 3.7934 224.0733 0.0000 1224.0000 370.0000 1.6090 1.5782 4.3738 -2.4437 1.7053 0.2337 2.4482 0.0480
Car 0.0000 0 2.2563 0.0000 0.0000 1224.0000 370.0000 1.5979 1.6257 4.1416 0.4003 1.5605 0.0412 3.0910 0.0478
Car 0.0000 0 2.2179 0.0000 185.1152 54.6377 239.3118 1.4781 1.7095 4.0798 -19.2882 1.6352 21.7296 1.5009 0.0477
Car 0.0000 0 2.0205 0.0000 181.5838 59.6470 233.9108 1.5126 1.7343 4.1651 -19.6266 1.5525 22.7593 1.3175 0.0472
Car 0.0000 0 -2.3166 0.0000 0.0000 1224.0000 370.0000 1.4440 1.5711 3.6871 1.7195 1.6235 0.8331 -1.3362 0.0463
Car 0.0000 0 2.5409 0.0000 0.0000 1224.0000 370.0000 1.4967 1.5682 4.0704 0.4377 1.6529 0.5074 3.0276 0.0459
Car 0.0000 0 2.2419 0.0000 180.8792 77.3308 231.6691 1.4811 1.6080 4.1072 -19.2860 1.4959 22.7164 1.5467 0.0453
Pedestrian 0.0000 0 -1.4894 88.4524 174.1152 124.5703 264.8944 1.6146 0.4923 0.5455 -9.1536 1.5027 12.9295 -2.0921 0.0451
Car 0.0000 0 2.2674 0.0000 185.6418 64.7265 237.9206 1.4716 1.6144 3.8790 -19.2935 1.6489 22.2269 1.5612 0.0447
Car 0.0000 0 -4.1337 0.0000 0.0000 1224.0000 370.0000 1.5519 1.6292 4.1128 0.5917 1.5524 0.0019 -3.0637 0.0442
Pedestrian 0.0000 0 1.2796 0.0000 0.0000 1224.0000 370.0000 1.7192 0.6422 0.7464 3.8328 1.6311 0.1091 2.7396 0.0439
Car 0.0000 0 0.9963 0.0000 0.0000 1224.0000 370.0000 1.4712 1.5112 3.5495 1.4735 1.6786 0.7209 1.9521 0.0433
Car 0.0000 0 1.9606 0.0000 181.8699 50.1115 234.3445 1.5016 1.7306 4.1475 -19.6874 1.5513 22.5849 1.2524 0.0423
Car 0.0000 0 -3.8837 0.0000 0.0000 1224.0000 370.0000 1.5114 1.5873 4.0956 1.0972 1.6860 0.4433 -2.9212 0.0412
Car 0.0000 0 0.8446 0.0000 0.0000 1224.0000 370.0000 1.5823 1.6454 4.2959 -0.7200 1.6655 0.0487 -0.2474 0.0404
Car 0.0000 0 0.5013 330.9545 0.0000 1224.0000 370.0000 1.5406 1.5942 4.0353 0.7616 1.6179 -0.1948 1.9062 0.0401
Car 0.0000 0 -4.0299 0.0000 0.0000 1224.0000 370.0000 1.5027 1.6078 4.0542 0.9863 1.6216 0.1974 -2.9432 0.0398
Car 0.0000 0 2.5977 0.0000 0.0000 1224.0000 370.0000 1.5325 1.5790 3.9901 0.2840 1.5766 0.2357 3.0708 0.0394
Car 0.0000 0 2.1394 0.0000 178.3449 23.2551 234.5413 1.4663 1.5192 3.8860 -18.9932 1.4116 20.4864 1.4013 0.0382
Car 0.0000 0 -0.2016 445.6573 0.0000 1224.0000 370.0000 1.5250 1.6234 3.6401 -0.6726 1.6125 0.2172 -1.0928 0.0377
Car 0.0000 0 -2.2629 0.0000 0.0000 1192.8628 370.0000 1.4627 1.5464 3.4751 1.1953 1.6268 0.9160 -1.4939 0.0360
Car 0.0000 0 -3.8572 0.0000 0.0000 1224.0000 370.0000 1.5354 1.5816 4.0210 1.4075 1.7008 0.6517 -2.8907 0.0359
Cyclist 0.0000 0 0.6771 0.0000 0.0000 1224.0000 370.0000 1.7261 0.5380 1.8748 1.1053 1.6287 0.3625 1.6942 0.0353
Pedestrian 0.0000 0 -1.9345 0.0000 0.0000 1224.0000 370.0000 1.6999 0.6079 0.7065 4.0831 1.6274 0.1449 -0.4764 0.0348
Car 0.0000 0 -3.1274 0.0000 0.0000 1224.0000 370.0000 1.4810 1.5501 3.8709 1.1614 1.6061 1.2072 -2.4765 0.0346
Car 0.0000 0 1.9899 0.0000 179.4613 57.3170 231.4693 1.5094 1.7069 4.2217 -19.6595 1.4808 22.7802 1.2865 0.0345
Car 0.0000 0 -3.0776 0.0000 0.0000 1224.0000 370.0000 1.5410 1.5828 4.2056 0.7088 1.6476 1.0731 -2.6062 0.0343
Car 0.0000 0 2.6360 0.0000 0.0000 1224.0000 370.0000 1.4993 1.5679 4.0554 0.2693 1.6416 0.4211 2.9851 0.0332
Car 0.0000 0 2.4230 0.0000 180.9065 93.7334 232.1390 1.5013 1.5988 4.1004 -19.0861 1.5173 22.9021 1.7367 0.0325
Car 0.0000 0 0.9017 0.0000 0.0000 1061.3936 370.0000 1.5068 1.6068 3.8938 0.6873 1.6735 0.5164 1.5891 0.0325
Car 0.0000 0 2.2356 0.0000 179.6689 87.9580 229.8833 1.4818 1.6837 4.4643 -19.3662 1.4588 23.1114 1.5467 0.0324
Car 0.0000 0 -2.6043 0.0000 0.0000 1224.0000 370.0000 1.5450 1.5435 3.7294 5.5995 1.4637 -0.2864 -1.0388 0.0322
Car 0.0000 0 -2.3009 0.0000 0.0000 1224.0000 370.0000 1.4359 1.4888 3.7965 -0.8570 1.6708 0.5114 -3.0978 0.0321
Pedestrian 0.0000 0 1.7258 74.2741 173.1629 115.5454 264.9460 1.6400 0.5278 0.5805 -9.4190 1.5106 13.0059 1.1124 0.0306
Car 0.0000 0 3.7712 158.5677 0.0000 1224.0000 370.0000 1.6147 1.6264 4.3587 -2.4590 1.6672 0.1072 2.3754 0.0292
Car 0.0000 0 1.2554 0.0000 183.4579 201.8312 370.0000 1.6089 1.7161 3.2992 -3.4291 1.6268 2.4617 0.3685 0.0292
Car 0.0000 0 -3.4579 0.0000 0.0000 1224.0000 370.0000 1.4763 1.5096 4.0321 0.8179 1.6402 0.7989 -2.8263 0.0287
Car 0.0000 0 -0.8351 597.6376 0.0000 1224.0000 370.0000 1.5022 1.6152 3.7337 -0.2675 1.6373 0.7687 -1.0732 0.0285
Car 0.0000 0 -0.9168 508.3210 0.0000 1224.0000 370.0000 1.5038 1.6051 3.6365 -0.2643 1.6328 0.5071 -1.2226 0.0277
Car 0.0000 0 -2.0810 0.0000 0.0000 1224.0000 370.0000 1.4407 1.4259 3.6010 1.3884 1.6294 0.9713 -1.2591 0.0273
Car 0.0000 0 2.1818 0.0000 186.2958 40.8317 240.4729 1.4376 1.5422 3.7231 -18.9790 1.6281 21.1072 1.4586 0.0272
Car 0.0000 0 -0.8545 622.7725 0.0000 1224.0000 370.0000 1.5116 1.6243 3.6503 -0.2379 1.6862 1.0661 -1.0225 0.0269
Car 0.0000 0 2.0936 0.0000 176.4121 23.6424 235.0247 1.5080 1.6536 4.0477 -18.9041 1.4044 20.3406 1.3543 0.0257
Car 0.0000 0 0.1217 218.1760 0.0000 1224.0000 370.0000 1.6069 1.7280 3.6723 -0.7606 1.6255 -0.1922 -1.2762 0.0256
Car 0.0000 0 3.6005 0.0000 0.0000 1224.0000 370.0000 1.6015 1.6553 3.8412 -0.1964 1.6045 -0.0509 2.9805 0.0254
Cyclist 0.0000 0 0.0997 0.0000 0.0000 1224.0000 370.0000 1.6905 0.5248 1.9073 -1.1363 1.5736 -0.0415 -1.2255 0.0251
Car 0.0000 0 2.2946 0.0000 184.2198 42.4566 238.3827 1.4554 1.6116 3.8789 -19.2472 1.5787 21.2027 1.5667 0.0248
Car 0.0000 0 1.9308 0.0000 178.4412 19.9183 236.6668 1.4888 1.6494 4.0815 -18.6558 1.4378 20.2751 1.1965 0.0248
Car 0.0000 0 1.3466 0.0000 182.9761 362.0860 370.0000 1.6186 1.6004 3.9602 -2.8450 1.6337 2.1740 0.4980 0.0246
Pedestrian 0.0000 0 3.0550 641.8834 173.5154 681.4287 268.3299 1.6239 0.3744 0.6540 0.9360 1.5059 12.2952 3.1307 0.0245
Car 0.0000 0 2.2738 0.0000 181.6710 29.2197 237.3181 1.4744 1.5157 3.7207 -19.1153 1.5133 20.6916 1.5374 0.0245
Car 0.0000 0 2.3556 0.0000 177.3361 26.2834 233.9953 1.5068 1.5176 3.7108 -19.2949 1.4242 20.6849 1.6144 0.0240
Cyclist 0.0000 0 0.0497 13.8386 0.0000 1224.0000 370.0000 1.6422 0.4941 1.7999 -1.3598 1.6729 0.3677 -1.0493 0.0237
Car 0.0000 0 -1.1626 495.8962 0.0000 1224.0000 370.0000 1.5132 1.6538 3.7770 -0.1140 1.5622 0.4806 -1.3000 0.0234
Car 0.0000 0 2.1672 0.0000 175.6884 23.9427 234.7965 1.5286 1.5568 4.0074 -18.9831 1.4057 20.3743 1.4267 0.0233
Car 0.0000 0 -3.4851 0.0000 0.0000 1224.0000 370.0000 1.5007 1.5685 3.9056 0.4729 1.6481 0.7136 -3.0554 0.0224
Car 0.0000 0 -1.1400 605.2219 0.0000 1224.0000 370.0000 1.5095 1.6611 3.8536 0.0166 1.6782 1.0440 -1.1263 0.0223
Cyclist 0.0000 0 -2.2748 840.8588 162.8229 934.2425 269.0156 1.6310 0.4007 1.7270 4.5972 1.3612 11.7356 -1.9088 0.0223
Car 0.0000 0 2.3547 0.0000 180.9887 34.6820 237.1867 1.5041 1.5369 3.8057 -19.2484 1.5215 20.8903 1.6195 0.0223
Car 0.0000 0 2.1137 0.0000 179.5169 27.0884 237.9086 1.5194 1.5939 3.9905 -18.9194 1.4954 20.5039 1.3780 0.0222
Car 0.0000 0 2.2191 0.0000 183.0841 32.6292 237.7468 1.4572 1.5519 3.6857 -19.1326 1.5422 20.9243 1.4877 0.0221
Car 0.0000 0 -2.1338 1151.7336 154.0430 1224.0000 215.0343 1.5904 1.6307 3.7946 17.8395 0.9021 20.4296 -1.4220 0.0214
Cyclist 0.0000 0 1.9387 252.5789 174.6273 325.4633 280.1875 1.5426 0.4955 1.5913 -4.9819 1.4585 11.1327 1.5303 0.0213
Pedestrian 0.0000 0 -0.0924 640.6905 168.5231 679.3112 266.1701 1.7029 0.4020 0.6466 0.9258 1.4957 12.5328 -0.0188 0.0212
Car 0.0000 0 2.2846 0.0000 180.7223 93.0032 231.7995 1.5044 1.6885 4.4036 -19.2137 1.5139 23.0630 1.5985 0.0206
Car 0.0000 0 -3.0180 0.0000 0.0000 1224.0000 370.0000 1.5585 1.5994 4.2334 -0.0272 1.6547 0.5561 -3.0470 0.0201
Car 0.0000 0 -1.0056 1183.5405 151.2737 1224.0000 214.4387 1.6421 1.7733 4.1031 18.6185 0.8839 19.7533 -0.2562 0.0198
Car 0.0000 0 -1.8520 300.8716 0.0000 1156.9685 370.0000 1.5874 1.6859 3.9303 0.2940 1.5475 0.2446 -1.3710 0.0196
Car 0.0000 0 2.1014 0.0000 176.3726 26.6226 236.2150 1.5346 1.6603 4.1860 -18.8742 1.4303 20.3456 1.3630 0.0191
Car 0.0000 0 1.8666 0.0000 179.2393 47.0438 231.0371 1.5055 1.6465 4.0454 -19.6434 1.4704 22.7287 1.1625 0.0190
Car 0.0000 0 2.2024 0.0000 182.9563 29.9057 238.2537 1.4535 1.5719 3.7321 -19.0280 1.5336 20.6880 1.4681 0.0187
Car 0.0000 0 -2.3967 1132.7006 153.1445 1224.0000 215.5685 1.6166 1.6529 3.7447 17.4549 0.9098 20.2640 -1.6918 0.0186
Car 0.0000 0 -2.3725 1130.2808 153.5545 1224.0000 215.3906 1.6057 1.6443 3.8328 17.4493 0.9076 20.3434 -1.6696 0.0186
Pedestrian 0.0000 0 -3.0081 657.5467 172.7448 691.2679 247.3899 1.5485 0.3736 0.6656 1.4266 1.3892 14.9198 -2.9130 0.0184
Car 0.0000 0 -1.1817 376.9611 0.0000 1011.6436 370.0000 1.6087 1.6952 3.9206 -0.0802 1.5437 -0.0493 -1.4583 0.0184
Car 0.0000 0 -2.1010 1158.9790 153.2973 1224.0000 215.5621 1.6094 1.6671 3.7206 17.8683 0.9079 20.2532 -1.3843 0.0183
Pedestrian 0.0000 0 -0.0092 954.2776 82.2858 1224.0000 370.0000 1.7277 0.6194 1.0089 1.3753 1.5712 1.6731 0.5959 0.0182
Car 0.0000 0 2.5596 0.0000 0.0000 1224.0000 370.0000 1.5992 1.5967 4.0413 0.2196 1.5127 0.0501 3.0960 0.0181
Car 0.0000 0 2.9202 0.0000 0.0000 1224.0000 370.0000 1.5416 1.6020 4.0053 0.0501 1.6180 0.1944 3.0197 0.0175
Car 0.0000 0 -0.7980 0.0000 179.4313 112.2542 228.5050 1.4929 1.6912 4.2263 -19.0085 1.4619 23.6945 -1.4658 0.0171
Pedestrian 0.0000 0 0.1152 638.9648 173.5661 682.3478 268.7071 1.6197 0.3525 0.7165 0.9252 1.5033 12.2729 0.1902 0.0170
Car 0.0000 0 1.8710 0.0000 178.2202 20.0529 237.6814 1.5049 1.6838 4.3091 -18.5181 1.4488 20.1985 1.1386 0.0170
Car 0.0000 0 2.5686 553.8082 166.8730 609.4478 190.3458 1.6277 1.7258 3.6383 -1.6601 0.6840 50.7676 2.5379 0.0169
Car 0.0000 0 1.8763 0.0000 180.0858 20.1007 240.1877 1.5340 1.6427 4.2479 -18.5910 1.5250 20.3145 1.1447 0.0163
Car 0.0000 0 -2.7526 364.5098 0.0000 1224.0000 370.0000 1.6497 1.6509 3.8737 0.3663 1.4689 -0.2644 -1.3416 0.0163
Car 0.0000 0 3.1461 0.0000 0.0000 1224.0000 370.0000 1.5096 1.5616 4.0268 -0.0214 1.6766 0.4779 3.1210 0.0162
Pedestrian 0.0000 0 2.0827 269.8118 179.2872 317.2479 272.4003 1.4429 0.4341 0.6382 -5.0123 1.4257 11.2916 1.6772 0.0160
Car 0.0000 0 1.9358 0.0000 185.7693 98.0705 236.9198 1.4525 1.6625 3.9525 -18.0103 1.6387 22.6446 1.2724 0.0160
Car 0.0000 0 3.3820 0.0000 0.0000 1224.0000 370.0000 1.5356 1.5930 4.2320 -0.3585 1.7245 0.8485 3.0862 0.0159
Car 0.0000 0 2.6071 0.0000 0.0000 1224.0000 370.0000 1.5220 1.5597 3.9532 0.1883 1.6093 0.1817 2.9670 0.0157
Car 0.0000 0 2.4691 0.0000 179.9352 106.7685 230.6098 1.5075 1.7063 4.1971 -19.0274 1.4922 23.2629 1.7920 0.0155
Pedestrian 0.0000 0 2.3097 657.4798 176.1422 690.6343 247.5898 1.4493 0.3714 0.6111 1.3945 1.3625 14.6801 2.4042 0.0155
Pedestrian 0.0000 0 -2.2134 0.0000 0.0000 1224.0000 370.0000 1.7795 0.6729 0.6540 4.1579 1.5702 -0.1779 -0.6761 0.0154
Car 0.0000 0 2.8194 553.5669 166.8219 610.6313 189.7406 1.6101 1.7265 3.7725 -1.6566 0.6505 51.1276 2.7890 0.0154
Pedestrian 0.0000 0 2.9847 658.8743 177.4385 692.3192 248.1647 1.4478 0.3555 0.6416 1.4196 1.3867 14.6654 3.0809 0.0153
Car 0.0000 0 -0.5921 1139.6892 152.9129 1224.0000 214.3128 1.6263 1.7072 3.9747 17.6577 0.8972 19.8255 0.1292 0.0153
Car 0.0000 0 -3.5354 830.0101 177.7755 1080.7059 254.6638 1.4782 1.6479 4.3118 6.9892 1.4275 14.5152 -3.0935 0.0152
Car 0.0000 0 -2.5681 1139.6638 154.2145 1224.0000 217.1930 1.5598 1.6667 3.9205 17.3999 0.9104 19.6208 -1.8490 0.0150
Car 0.0000 0 -0.8120 0.0000 179.1835 111.1393 228.7178 1.5245 1.6725 4.0566 -19.0675 1.4855 23.8519 -1.4781 0.0150
Cyclist 0.0000 0 3.1313 0.0000 0.0000 1224.0000 370.0000 1.6979 0.5538 1.8166 -1.8148 1.7694 0.2925 1.8888 0.0148
Pedestrian 0.0000 0 1.4335 80.9613 175.7188 118.0954 267.6713 1.5950 0.4717 0.5701 -9.0773 1.5137 12.6288 0.8240 0.0142
Pedestrian 0.0000 0 2.6808 655.5135 171.8078 691.4847 247.6628 1.5655 0.4027 0.6417 1.4001 1.3877 14.8902 2.7743 0.0139
Car 0.0000 0 -2.6097 0.0000 0.0000 1224.0000 370.0000 1.4681 1.5373 3.4855 5.6705 1.3879 -0.0136 -1.0921 0.0138
Car 0.0000 0 2.4966 556.8404 168.4143 611.5298 191.3648 1.5895 1.7276 3.6115 -1.4718 0.7538 50.7651 2.4695 0.0137
Car 0.0000 0 -1.3272 793.3038 147.8097 835.7968 179.9012 2.0383 1.7321 4.3304 14.0621 -0.0407 47.2945 -1.0381 0.0135
Car 0.0000 0 -3.5008 1122.8442 153.9653 1224.0000 216.0250 1.6274 1.6830 3.8920 17.2178 0.9331 19.9866 -2.7959 0.0134
Pedestrian 0.0000 0 1.6198 80.9511 173.5830 116.8138 267.6919 1.6326 0.4881 0.5746 -9.0818 1.5143 12.6340 1.0102 0.0133
Car 0.0000 0 1.9561 0.0000 184.8502 96.9480 235.0083 1.4204 1.6198 3.9528 -17.9644 1.5736 22.5091 1.2911 0.0133
Car 0.0000 0 -2.1299 1149.2499 154.7239 1224.0000 216.0856 1.6060 1.6488 3.8824 17.8819 0.9330 20.5440 -1.4197 0.0133
Car 0.0000 0 -1.4428 1200.9692 152.9713 1224.0000 214.5314 1.6004 1.6650 4.1525 18.6448 0.8863 20.3590 -0.7074 0.0130
Car 0.0000 0 -1.3215 0.0000 185.4127 94.9348 234.3339 1.3940 1.7376 4.3178 -18.1846 1.5711 22.9348 -1.9834 0.0130
Car 0.0000 0 0.4266 0.0000 177.6550 78.9687 209.7167 1.4148 1.7672 3.8850 -26.8897 1.2907 32.5443 -0.2574 0.0128
Car 0.0000 0 -2.1337 746.6231 148.3736 804.4503 179.4034 1.9773 1.7094 4.3635 11.3998 -0.0761 47.5571 -1.8980 0.0125
Car 0.0000 0 -1.4239 788.7338 144.9172 825.6313 180.5454 2.2836 1.7284 4.7089 13.7226 0.0042 47.8155 -1.1443 0.0125
Car 0.0000 0 2.2314 0.0000 171.7526 14.3198 207.8318 1.4436 1.6561 3.8280 -27.6308 1.0951 30.2553 1.4984 0.0125
Car 0.0000 0 2.6474 550.0016 164.9564 608.1490 187.7253 1.5791 1.7200 3.8097 -1.8459 0.5024 50.7329 2.6131 0.0125
Car 0.0000 0 1.5556 604.4502 164.8311 644.7307 200.1509 1.5012 1.7121 3.8594 0.8355 0.8367 31.9866 1.5834 0.0125
Car 0.0000 0 -1.7871 1192.7927 154.0536 1224.0000 215.1405 1.5891 1.6014 3.4035 18.2452 0.9027 20.2640 -1.0603 0.0124
Car 0.0000 0 -1.3523 0.0000 184.5150 91.2119 232.6996 1.3805 1.6769 4.0116 -18.0635 1.5238 22.7847 -2.0141 0.0124
Car 0.0000 0 2.0238 533.9302 160.1928 609.0419 198.2626 1.5023 1.6034 3.9699 -1.3656 0.7024 30.0358 1.9808 0.0123
Car 0.0000 0 2.7830 0.0000 0.0000 1224.0000 370.0000 1.5756 1.5920 3.9381 0.0821 1.5668 0.0335 3.0143 0.0123
Car 0.0000 0 1.7795 405.7276 170.9090 495.2617 232.4632 1.5374 1.6167 3.9568 -4.2018 1.2995 19.6358 1.5738 0.0122
Car 0.0000 0 2.8717 0.0000 0.0000 1224.0000 370.0000 1.4767 1.5383 3.9745 0.0544 1.6999 0.4254 2.9454 0.0122
Car 0.0000 0 -3.4298 814.7855 178.0289 1045.1570 254.6936 1.4654 1.5974 4.0117 6.4788 1.4198 14.5506 -3.0173 0.0121
Car 0.0000 0 1.3155 588.8069 163.3873 647.1106 199.8659 1.5535 1.7321 3.8408 0.5027 0.8262 32.1772 1.3329 0.0120
Pedestrian 0.0000 0 1.8200 1098.6318 166.1465 1141.7245 270.8326 1.6262 0.4349 0.5819 8.2158 1.4049 11.3324 2.4357 0.0120
Car 0.0000 0 -2.2154 0.0000 172.0979 34.5935 206.2209 1.5123 1.6995 4.1670 -28.8529 1.1414 32.5928 -2.9334 0.0118
Car 0.0000 0 -2.6214 0.0000 0.0000 1224.0000 370.0000 1.5436 1.6315 3.8738 5.6367 1.4564 -0.1919 -1.0725 0.0117
Cyclist 0.0000 0 -2.2301 829.4113 165.1825 918.1912 268.7780 1.6584 0.3816 1.8243 4.5600 1.4148 12.2406 -1.8802 0.0117
Cyclist 0.0000 0 -0.1852 173.2908 0.0000 1224.0000 370.0000 1.6731 0.4329 1.7777 -1.0922 1.7110 0.4793 -1.1209 0.0115
Car 0.0000 0 -1.8307 1183.4073 153.3749 1224.0000 214.8378 1.6077 1.6101 3.7648 18.3230 0.8998 20.5336 -1.1082 0.0115
Car 0.0000 0 -2.0718 0.0000 184.6422 181.0972 259.5537 1.4480 1.6863 4.0512 -11.4464 1.5498 15.4743 -2.6971 0.0114
Pedestrian 0.0000 0 1.2587 56.9747 174.5475 100.7398 266.4417 1.5935 0.4623 0.6272 -9.4440 1.4919 12.6271 0.6304 0.0113
Car 0.0000 0 -0.7667 0.0000 173.5025 89.0376 209.3409 1.5900 1.6484 3.9583 -26.8489 1.2810 33.4345 -1.4369 0.0113
Car 0.0000 0 -1.9461 1171.0408 154.1072 1224.0000 215.4083 1.6063 1.6507 3.8156 18.2560 0.9163 20.5960 -1.2269 0.0113
Car 0.0000 0 2.2132 143.6645 178.1626 288.9770 234.8600 1.4762 1.6179 3.9527 -11.1075 1.4169 20.4812 1.7245 0.0112
Car 0.0000 0 2.3842 150.7923 177.1721 308.0188 234.4080 1.4821 1.6259 3.9659 -10.7186 1.3975 20.4437 1.9095 0.0112
Car 0.0000 0 1.8167 549.1307 161.4513 610.6781 199.5191 1.4857 1.6352 4.0789 -0.9990 0.7438 29.7568 1.7854 0.0111
Pedestrian 0.0000 0 2.6273 269.5046 180.7596 320.8416 272.7087 1.4240 0.4351 0.6207 -5.0067 1.4300 11.3258 2.2232 0.0109
Car 0.0000 0 -1.3501 791.8432 146.5168 833.2977 180.0079 2.1389 1.7414 4.4700 14.0212 -0.0335 47.5980 -1.0635 0.0109
Car 0.0000 0 -0.3166 1120.0472 154.4789 1224.0000 212.8607 1.5515 1.6210 3.9188 17.3335 0.8616 20.2720 0.3847 0.0109
Car 0.0000 0 -2.1744 1145.3698 154.4529 1224.0000 215.4024 1.6033 1.6500 3.8206 17.8402 0.9197 20.5803 -1.4662 0.0108
Car 0.0000 0 3.6436 0.0000 172.6763 25.8122 207.8794 1.5193 1.7207 4.4780 -29.2127 1.1831 31.8645 2.9083 0.0108
Car 0.0000 0 -2.0929 746.3977 148.4276 804.2415 180.4174 2.0436 1.7476 4.5377 11.3899 -0.0046 47.5996 -1.8577 0.0108
Car 0.0000 0 -0.4636 556.4446 168.6427 613.6280 190.9410 1.5620 1.7426 3.7549 -1.4345 0.7327 51.1772 -0.4896 0.0108
Car 0.0000 0 3.7520 0.0000 186.2834 135.1110 233.6791 1.4461 1.6850 4.1833 -17.8156 1.6413 22.7344 3.0958 0.0107
Car 0.0000 0 2.7080 545.3367 165.4591 608.4348 187.7228 1.5449 1.6927 4.2054 -2.0044 0.5025 50.7672 2.6706 0.0107
Car 0.0000 0 -1.8397 0.0000 181.4673 25.0413 234.6283 1.5502 1.7213 4.1841 -20.4078 1.5851 22.5402 -2.5668 0.0107
Car 0.0000 0 -2.2343 0.0000 0.0000 1224.0000 370.0000 1.5674 1.6271 3.9067 5.4270 1.4830 -0.3092 -0.6647 0.0107
Cyclist 0.0000 0 0.6667 0.0000 0.0000 1224.0000 370.0000 1.6860 0.6079 1.7426 -1.4369 1.6826 0.4310 -0.4191 0.0107
Car 0.0000 0 2.9924 0.0000 0.0000 1224.0000 370.0000 1.5037 1.5687 4.0314 0.1390 1.6543 0.6476 3.1364 0.0106
Car 0.0000 0 -2.9179 546.3327 164.8295 606.1070 186.9299 1.5721 1.7270 4.0695 -2.0706 0.4587 51.5152 -2.9560 0.0105
Car 0.0000 0 2.2401 0.0000 170.7153 15.2370 207.4160 1.4555 1.6308 4.1212 -27.6059 1.0689 30.1446 1.5058 0.0105
Car 0.0000 0 -0.6474 0.0000 182.4843 117.0374 230.1487 1.4350 1.7306 4.0593 -18.9059 1.5090 23.6460 -1.3136 0.0104
Car 0.0000 0 -2.7381 0.0000 0.0000 1224.0000 370.0000 1.5580 1.6196 3.3601 5.7808 1.5180 -0.1757 -1.1913 0.0104
Car 0.0000 0 1.8724 548.9877 161.6441 612.2802 199.6433 1.5042 1.5899 3.9216 -0.9833 0.7593 30.0863 1.8420 0.0103
Car 0.0000 0 -1.3148 784.4174 144.4843 828.5540 180.3872 2.2976 1.7722 4.5278 13.6307 -0.0067 47.6586 -1.0361 0.0103
Cyclist 0.0000 0 -0.6656 0.0000 0.0000 1224.0000 370.0000 1.6673 0.4344 1.7660 -0.6353 1.7200 0.7681 -1.1916 0.0102
Car 0.0000 0 -0.6544 0.0000 182.0967 116.4288 230.3275 1.4588 1.7540 4.0067 -18.9313 1.5187 23.6809 -1.3205 0.0102
Car 0.0000 0 -2.0804 746.9858 148.7049 803.6590 180.5517 2.0436 1.7485 4.4845 11.4310 0.0047 47.7607 -1.8451 0.0101
Car 0.0000 0 -1.2256 1205.7626 153.1894 1224.0000 215.5743 1.6223 1.7270 3.8805 19.0152 0.9137 20.0336 -0.4726 0.0101
Car 0.0000 0 -3.5352 840.0507 177.3840 1076.8726 251.6187 1.4338 1.5458 4.0744 7.0777 1.3753 14.5308 -3.0889 0.0099
Car 0.0000 0 0.1081 0.0000 170.6333 118.5723 206.6241 1.5979 1.7799 4.6330 -25.8291 1.1613 33.3465 -0.5445 0.0099
Car 0.0000 0 -1.3693 791.8461 145.4982 832.2383 179.8168 2.1981 1.7565 4.4879 14.0369 -0.0472 47.7724 -1.0834 0.0099
Car 0.0000 0 2.9175 549.8105 165.0990 607.9691 187.3003 1.5634 1.7212 3.9186 -1.8956 0.4802 51.1198 2.8825 0.0097
Car 0.0000 0 1.3241 596.2341 166.2204 654.0995 200.5880 1.4241 1.6977 3.7088 0.8062 0.8339 31.2878 1.3514 0.0097
Car 0.0000 0 -1.9130 1173.7029 153.5426 1224.0000 215.6355 1.6235 1.6635 3.8681 18.2830 0.9202 20.5859 -1.1928 0.0097
Car 0.0000 0 0.3321 0.0000 172.7627 134.0707 210.9120 1.5060 1.7245 4.2399 -22.3226 1.2020 29.3757 -0.3107 0.0097
Car 0.0000 0 -2.1650 746.8647 151.9570 803.5602 178.9952 1.7203 1.6857 4.1016 11.3592 -0.1044 47.4459 -1.9296 0.0096
Cyclist 0.0000 0 -1.1635 244.0763 174.8213 324.3148 284.0970 1.5739 0.4893 1.7076 -5.0061 1.4937 11.0337 -1.5769 0.0096
Car 0.0000 0 -0.5968 0.0000 181.1164 119.5454 230.2998 1.5098 1.6917 3.8042 -18.8402 1.5339 23.8208 -1.2577 0.0096
Car 0.0000 0 -3.4648 835.6335 179.9485 1052.1843 252.7310 1.3935 1.5073 3.7076 6.7561 1.3846 14.4793 -3.0349 0.0095
Car 0.0000 0 3.5378 0.0000 171.9086 23.0107 206.5303 1.4825 1.6603 4.1353 -29.0308 1.1161 31.7388 2.8037 0.0095
Car 0.0000 0 0.2709 0.0000 170.0275 113.8683 205.3832 1.5687 1.7620 4.4384 -25.8253 1.1055 33.0180 -0.3864 0.0095
Car 0.0000 0 1.9012 570.0051 169.1507 608.5431 192.6652 1.6353 1.7550 3.4515 -1.0928 0.8473 51.0773 1.8817 0.0095
Car 0.0000 0 0.3014 0.0000 169.3781 117.4806 205.2976 1.5927 1.7802 4.6725 -25.7848 1.1010 32.9935 -0.3555 0.0094
Car 0.0000 0 -1.5750 0.0000 176.1889 12.4072 220.4967 1.5251 1.6076 4.1695 -23.2898 1.3782 26.4304 -2.2896 0.0093
Car 0.0000 0 2.2352 0.0000 170.2813 17.4870 207.3274 1.4741 1.6663 4.1056 -27.5851 1.0690 30.2336 1.5027 0.0092
Car 0.0000 0 2.9643 546.0958 165.4244 607.1562 187.2126 1.5365 1.7169 4.1767 -2.0634 0.4747 51.1396 2.9261 0.0091
Car 0.0000 0 1.9179 568.9044 169.1004 608.3640 192.4415 1.6102 1.7778 3.3848 -1.1306 0.8251 50.6597 1.8975 0.0091
Car 0.0000 0 -1.9619 753.0934 148.5200 804.5308 180.7502 2.0748 1.7620 4.5817 11.7024 0.0174 47.9072 -1.7219 0.0090
Car 0.0000 0 -1.9630 540.2758 162.5322 606.8221 198.7369 1.5548 1.7008 3.8659 -1.5283 0.7846 32.4698 -2.0076 0.0090
Car 0.0000 0 -2.4451 1124.4875 154.9523 1224.0000 216.3062 1.6007 1.6569 3.8248 17.4376 0.9358 20.4693 -1.7455 0.0090
Car 0.0000 0 2.1416 0.0000 173.1496 32.2268 235.7402 1.5849 1.6839 4.5737 -18.8629 1.4004 20.2948 1.4023 0.0090
Car 0.0000 0 -1.9649 0.0000 188.0480 169.7586 261.9907 1.4020 1.6577 4.0358 -11.5387 1.5881 15.5202 -2.5927 0.0089
Car 0.0000 0 1.8735 699.3574 159.9047 771.6644 201.9496 1.5410 1.6638 4.1602 5.2448 0.7877 28.1368 2.0576 0.0089
Car 0.0000 0 -1.9098 756.6628 149.8966 804.0961 180.3891 1.9599 1.7227 4.4378 11.7757 -0.0066 47.7500 -1.6677 0.0089
Car 0.0000 0 1.9264 548.3577 163.6734 612.1648 200.3836 1.4752 1.5484 3.6875 -1.0171 0.8005 30.4014 1.8952 0.0089
Car 0.0000 0 1.4336 584.8804 162.1969 638.6483 200.0269 1.4632 1.6840 4.1312 0.1864 0.7568 29.4988 1.4418 0.0089
Car 0.0000 0 0.2833 0.0000 171.4291 109.1544 206.0183 1.5371 1.7109 4.2471 -25.9210 1.1355 32.9908 -0.3761 0.0087
Car 0.0000 0 2.8241 527.7813 163.3430 623.1337 198.5307 1.4923 1.6442 3.9195 -1.3390 0.7662 31.4373 2.7838 0.0087
Car 0.0000 0 1.7192 562.4898 161.9809 615.2928 200.0087 1.4866 1.6263 4.0927 -0.6283 0.7641 29.7693 1.7002 0.0085
Car 0.0000 0 1.4496 595.6742 165.4510 644.4989 201.4292 1.4525 1.6563 3.7450 0.5683 0.8464 30.4859 1.4699 0.0085
Car 0.0000 0 -1.9832 0.0000 0.0000 1224.0000 370.0000 1.5869 1.5703 3.7761 5.2763 1.3764 -0.3013 -0.4153 0.0085
Car 0.0000 0 3.6100 0.0000 172.5583 25.2335 207.8139 1.5188 1.6900 4.2964 -29.1070 1.1782 31.8344 2.8761 0.0085
Car 0.0000 0 -2.7675 0.0000 0.0000 1224.0000 370.0000 1.4951 1.5562 3.2419 5.8219 1.4377 -0.0855 -1.2361 0.0084
Car 0.0000 0 -1.9498 756.5630 150.6761 805.0690 179.1683 1.8227 1.6898 4.3163 11.7921 -0.0928 47.6905 -1.7071 0.0084
Car 0.0000 0 0.7186 0.0000 167.8396 105.4380 203.1058 1.5623 1.7450 4.3480 -25.5988 1.0029 32.3097 0.0553 0.0084
Car 0.0000 0 0.4061 588.6281 164.5579 682.1121 199.9097 1.4949 1.6719 3.8072 1.3276 0.8222 31.4737 0.4497 0.0084
Car 0.0000 0 1.4025 0.0000 0.0000 1224.0000 370.0000 1.4486 1.6115 3.8445 10.3526 1.2104 -0.2448 2.9670 0.0083
Car 0.0000 0 0.4732 0.0000 169.6626 108.7495 204.8169 1.5620 1.7480 4.2944 -25.7808 1.0819 32.6712 -0.1883 0.0082
Car 0.0000 0 -1.4703 784.1816 147.5242 818.2337 180.7221 2.1295 1.7790 4.4468 13.2941 0.0156 47.7441 -1.1986 0.0082
Car 0.0000 0 1.6247 576.9927 168.2893 603.1180 190.7447 1.5870 1.7050 3.9290 -1.0556 0.7253 51.9583 1.6063 0.0081
Car 0.0000 0 1.3797 592.4614 168.2987 645.3471 202.3317 1.4018 1.6537 3.6410 0.5289 0.9007 31.0540 1.3984 0.0081
Car 0.0000 0 1.6261 576.9525 162.3879 621.1650 199.8751 1.4861 1.6560 3.9226 -0.2138 0.7696 30.0258 1.6210 0.0081
Car 0.0000 0 0.4609 0.0000 171.1604 103.6608 205.4742 1.5255 1.7034 4.0762 -25.8943 1.1117 32.6729 -0.2027 0.0081
Car 0.0000 0 -2.9019 547.7098 164.8837 606.8107 187.1111 1.5827 1.7247 4.0141 -1.9993 0.4720 51.5906 -2.9385 0.0080
Car 0.0000 0 -0.8263 0.0000 182.0346 116.8807 230.3152 1.4983 1.7671 3.7478 -18.8790 1.5561 24.0030 -1.4846 0.0079
Car 0.0000 0 0.2950 0.0000 0.0000 1224.0000 370.0000 1.3172 1.4217 3.6342 14.7436 1.4049 0.1884 1.8326 0.0079
Car 0.0000 0 3.6973 0.0000 171.7045 33.5889 206.0566 1.4998 1.7076 4.3357 -28.9123 1.1173 32.0752 2.9704 0.0079
Car 0.0000 0 2.0509 376.8442 174.3362 505.8622 237.8680 1.5073 1.6356 4.0970 -4.2646 1.3627 18.9612 1.8351 0.0079
Car 0.0000 0 1.7022 564.5723 161.8398 614.4172 199.6624 1.5024 1.6143 3.9272 -0.6165 0.7627 30.1233 1.6839 0.0079
Car 0.0000 0 -1.0021 1174.2435 166.7398 1224.0000 253.8209 1.4887 1.6766 4.1722 13.2254 1.2551 13.3792 -0.2328 0.0079
Car 0.0000 0 0.4911 0.0000 168.1393 113.9527 204.3098 1.6069 1.7773 4.5944 -25.7001 1.0592 32.6688 -0.1689 0.0079
Pedestrian 0.0000 0 -2.9803 1140.0750 166.3970 1205.5472 283.5031 1.8009 0.4951 0.7526 9.0378 1.5856 11.3123 -2.3183 0.0079
Pedestrian 0.0000 0 1.4311 962.1899 161.4252 999.4207 257.7042 1.5586 0.4550 0.6546 6.2324 1.2514 11.8247 1.9069 0.0078
Car 0.0000 0 1.6218 575.6158 162.3133 620.9119 199.9154 1.4540 1.6709 4.0415 -0.2389 0.7523 29.3922 1.6157 0.0078
Car 0.0000 0 1.0155 596.2310 163.3650 679.7189 200.6668 1.5016 1.7040 4.0989 1.3287 0.8133 30.6626 1.0602 0.0078
Car 0.0000 0 -1.5726 781.8197 150.4695 811.2106 180.4662 1.9292 1.8337 4.3892 12.9470 -0.0011 47.8307 -1.3080 0.0078
Car 0.0000 0 2.1824 0.0000 175.6462 78.5612 209.5918 1.5217 1.5840 3.8810 -27.2399 1.3056 33.6758 1.5086 0.0078
Car 0.0000 0 0.2556 0.0000 171.0865 103.9666 205.6470 1.5344 1.6882 4.1842 -26.1192 1.1179 32.9896 -0.4075 0.0078
Car 0.0000 0 -2.2984 0.0000 183.4752 40.4929 232.5287 1.4627 1.6097 4.0661 -20.3498 1.5621 22.2271 -3.0309 0.0078
Car 0.0000 0 -2.7163 0.0000 0.0000 1224.0000 370.0000 1.6286 1.7311 4.3340 19.5614 1.0433 2.2892 -1.2768 0.0078
Car 0.0000 0 0.2719 558.7267 166.5412 656.6361 200.9812 1.4934 1.8237 4.1056 0.1247 0.8896 32.0942 0.2776 0.0078
Car 0.0000 0 1.2015 594.5924 158.7835 668.0895 197.9378 1.5365 1.7176 4.1643 1.0084 0.6858 29.9906 1.2367 0.0077
Car 0.0000 0 -1.9997 826.0913 144.5716 895.1671 182.5914 1.8973 1.7907 4.3342 13.4517 0.1058 37.5151 -1.6562 0.0077
Cyclist 0.0000 0 3.4117 0.0000 0.0000 1224.0000 370.0000 1.6403 0.5828 1.9487 -1.4067 1.6619 -0.0489 2.0353 0.0076
Car 0.0000 0 1.3916 593.5925 167.2605 647.1924 201.8516 1.4388 1.7216 3.8126 0.5983 0.8896 31.4218 1.4123 0.0076
Car 0.0000 0 1.2310 593.6155 161.5190 663.9456 198.6437 1.4524 1.6891 4.0988 0.8986 0.7113 29.8653 1.2627 0.0076
Car 0.0000 0 -1.8185 547.8169 163.9526 603.7662 200.4621 1.5812 1.6863 3.8604 -1.4330 0.8660 32.7067 -1.8600 0.0076
Car 0.0000 0 1.4990 0.0000 0.0000 1224.0000 370.0000 1.5282 1.6150 4.1371 11.1706 1.1061 -0.2875 3.0680 0.0075
Car 0.0000 0 1.6140 0.0000 178.7323 21.5795 231.8127 1.5589 1.6783 4.1196 -20.0722 1.5086 22.8974 0.9029 0.0075
Car 0.0000 0 1.6238 0.0000 180.8447 24.6222 233.4593 1.5278 1.7729 4.2333 -19.9514 1.5415 22.7718 0.9130 0.0075
Car 0.0000 0 1.1757 592.9608 161.9465 666.8005 200.1863 1.5170 1.7295 4.0272 0.9606 0.7825 30.2338 1.2090 0.0075
Car 0.0000 0 -1.3403 785.0680 146.1691 827.2765 180.0831 2.1693 1.7790 4.3907 13.5992 -0.0282 47.6306 -1.0621 0.0075
Car 0.0000 0 1.3915 592.4476 168.8482 643.8742 202.5788 1.3890 1.6270 3.6413 0.4971 0.9107 31.0392 1.4092 0.0075
Car 0.0000 0 1.6153 611.7401 164.8185 652.6588 200.0157 1.4698 1.6481 3.8457 1.2461 0.8165 31.5075 1.6563 0.0074
Car 0.0000 0 -2.8038 0.0000 0.0000 1224.0000 370.0000 1.5575 1.6668 3.5526 5.7600 1.5107 -0.2765 -1.2397 0.0074
Cyclist 0.0000 0 -0.2994 195.0178 0.0000 1224.0000 370.0000 1.6499 0.4246 1.7597 -1.1234 1.7517 0.6579 -1.1512 0.0074
Car 0.0000 0 1.4783 595.6471 162.3241 643.9409 199.0983 1.4589 1.6916 3.8796 0.5433 0.7393 30.0403 1.4981 0.0074
Car 0.0000 0 1.4709 595.1338 161.9172 644.9694 199.2466 1.4632 1.6935 4.0639 0.5438 0.7363 29.8020 1.4909 0.0074
Car 0.0000 0 -2.7309 578.2526 165.6606 671.7731 201.5023 1.5268 1.7752 3.8029 0.8785 0.8962 31.7277 -2.7016 0.0074
Pedestrian 0.0000 0 -3.2104 854.1974 168.1805 892.6529 262.9291 1.5948 0.4610 0.5851 4.5803 1.3891 12.1989 -2.8581 0.0073
Car 0.0000 0 1.4931 0.0000 0.0000 1224.0000 370.0000 1.5067 1.6086 3.8872 10.9244 1.0978 -0.2581 3.0592 0.0073
Car 0.0000 0 0.1669 554.7092 168.0401 610.4454 190.0743 1.5755 1.6595 3.8455 -1.6091 0.6859 51.6355 0.1377 0.0073
Car 0.0000 0 0.5311 0.0000 172.6646 93.8438 205.4118 1.4660 1.6050 3.7437 -26.1634 1.1167 32.6982 -0.1372 0.0073
Car 0.0000 0 0.5082 590.6801 165.2275 685.1021 201.0173 1.4825 1.6950 3.7896 1.4036 0.8513 31.0006 0.5548 0.0072
Car 0.0000 0 1.8883 0.0000 172.0430 55.0298 215.3781 1.5132 1.6594 4.2236 -22.7528 1.2194 26.9533 1.1948 0.0071
Car 0.0000 0 -1.5639 563.2242 164.1059 602.5758 200.2973 1.5858 1.7246 3.9582 -1.0326 0.8689 32.9739 -1.5930 0.0071
Car 0.0000 0 -3.4050 831.5319 180.8097 1058.7306 255.9431 1.4275 1.5301 3.9323 6.7711 1.4360 14.5177 -2.9753 0.0070
Car 0.0000 0 -2.1472 0.0000 182.4162 32.8752 234.1284 1.5203 1.6583 3.9932 -20.3697 1.5856 22.1953 -2.8809 0.0070
Car 0.0000 0 -3.1184 579.8652 164.5740 668.9928 200.2835 1.5751 1.8035 3.9436 0.8805 0.8741 32.1849 -3.0894 0.0070
Car 0.0000 0 1.5548 589.9657 168.7278 611.1558 189.7948 1.5062 1.5123 3.8035 -0.3500 0.6658 52.4639 1.5499 0.0070
Car 0.0000 0 -1.0838 594.0911 162.1771 666.5331 198.4530 1.5570 1.6992 3.8826 1.2077 0.7720 32.4478 -1.0451 0.0069
Car 0.0000 0 1.9466 0.0000 181.3607 104.9763 231.5901 1.4805 1.6216 3.9150 -18.0318 1.5126 23.0121 1.2904 0.0069
Car 0.0000 0 -1.3931 1210.2605 153.8139 1224.0000 215.6662 1.6169 1.6443 3.8972 18.9593 0.9209 20.3101 -0.6483 0.0069
Car 0.0000 0 0.0466 591.6493 163.4220 682.4868 198.4571 1.5265 1.7199 3.9817 1.4539 0.7839 31.8431 0.0936 0.0069
Car 0.0000 0 3.4302 0.0000 170.7838 20.5010 206.6228 1.5138 1.7315 4.1302 -28.9603 1.1049 31.5334 2.6941 0.0069
Car 0.0000 0 3.1137 531.6559 165.5310 623.1948 198.7460 1.4517 1.6496 4.0165 -1.2760 0.7989 31.8512 3.0759 0.0068
Car 0.0000 0 -1.5658 1213.2181 154.4337 1224.0000 216.1805 1.6133 1.6004 3.5891 18.5838 0.9338 20.3333 -0.8315 0.0068
Car 0.0000 0 2.0651 0.0000 175.3193 64.8931 209.8449 1.5398 1.5586 3.8453 -27.6169 1.3102 33.5627 1.3830 0.0068
Car 0.0000 0 1.1026 590.0019 166.7923 662.6664 201.4506 1.4182 1.6758 3.7215 0.8461 0.8588 30.9673 1.1315 0.0068
Car 0.0000 0 -1.3559 596.9070 163.4480 649.2222 198.7254 1.5316 1.6411 3.8128 0.8798 0.7927 32.7394 -1.3274 0.0068
Car 0.0000 0 -1.0163 594.5756 161.7869 669.7543 197.8645 1.5463 1.6875 3.7962 1.2828 0.7457 32.3431 -0.9751 0.0068
Car 0.0000 0 1.6472 0.0000 175.3224 21.6168 218.5550 1.4994 1.5406 4.0241 -23.1201 1.3213 26.5952 0.9393 0.0067
Car 0.0000 0 1.0495 589.8376 164.9089 665.9944 200.3894 1.4393 1.6629 3.7323 0.9075 0.8083 30.7144 1.0806 0.0067
Car 0.0000 0 1.5678 587.7608 164.4953 630.4418 201.1091 1.4382 1.6767 4.0421 0.1440 0.8110 29.7921 1.5744 0.0067
Car 0.0000 0 -1.5263 586.8760 166.3083 611.5222 188.9693 1.6255 1.6571 4.0070 -0.3904 0.6088 52.7465 -1.5319 0.0067
Car 0.0000 0 0.3029 539.3525 166.4330 643.0817 201.3900 1.5205 1.7799 4.3960 -0.6296 0.9101 32.2215 0.2854 0.0067
Car 0.0000 0 1.9339 0.0000 174.9504 51.8034 209.8394 1.5491 1.5718 3.8890 -27.9739 1.3042 33.4826 1.2443 0.0066
Car 0.0000 0 3.1069 520.7776 163.5082 618.5737 198.4622 1.5237 1.6742 4.2853 -1.6263 0.7845 31.8289 3.0582 0.0066
Car 0.0000 0 0.9794 1201.8986 153.1710 1224.0000 218.8271 1.5448 1.5874 3.9744 17.9938 0.9034 18.7223 1.7381 0.0066
Car 0.0000 0 0.9621 594.3364 159.0065 686.5406 199.3678 1.5962 1.7921 4.3062 1.4078 0.7477 30.2563 1.0100 0.0066
Pedestrian 0.0000 0 -2.4981 961.0887 115.5453 1224.0000 370.0000 1.6532 0.5841 0.9598 1.4014 1.5504 1.6801 -1.8858 0.0065
Car 0.0000 0 0.2227 549.7604 166.9740 642.9809 201.5084 1.5342 1.6438 4.0393 -0.3916 0.9348 32.6356 0.2126 0.0065
Car 0.0000 0 1.9951 548.4594 164.6925 614.3990 200.0830 1.4419 1.5295 3.5611 -0.9825 0.7994 30.7400 1.9653 0.0065
Car 0.0000 0 -1.9441 0.0000 183.7903 35.1301 234.3075 1.4799 1.6485 4.1291 -20.2966 1.5945 22.6028 -2.6671 0.0065
Car 0.0000 0 -1.6210 563.2628 163.8102 604.5537 200.3921 1.5929 1.7170 3.8589 -1.0498 0.8676 32.7739 -1.6508 0.0064
Car 0.0000 0 2.6218 853.6281 171.1703 1092.8065 248.7297 1.4902 1.6058 4.1040 7.3935 1.3126 14.4955 3.0863 0.0064
Car 0.0000 0 -3.2879 1113.6399 154.0176 1224.0000 216.1433 1.6269 1.6597 4.1703 17.2185 0.9350 20.3096 -2.5908 0.0064
Car 0.0000 0 -1.0515 0.0000 185.9831 114.3302 232.4384 1.4189 1.6573 3.5838 -18.5254 1.6206 23.9209 -1.7024 0.0064
Car 0.0000 0 -1.4426 782.7246 148.7051 819.4416 180.0878 2.0146 1.8330 4.5231 13.3288 -0.0281 47.8888 -1.1709 0.0063
Car 0.0000 0 0.2028 584.6800 166.1171 672.3856 199.2422 1.4304 1.7056 3.6727 1.0636 0.8108 31.7880 0.2378 0.0063
Car 0.0000 0 0.2164 0.0000 0.0000 1224.0000 370.0000 1.3370 1.4621 3.3885 14.6089 1.4146 -0.0362 1.7690 0.0063
Car 0.0000 0 -2.0161 756.7167 154.8531 804.7057 180.5342 1.6518 1.6576 3.7752 11.7470 0.0035 47.4888 -1.7733 0.0063
Car 0.0000 0 1.5904 588.1174 164.2480 629.9020 201.0153 1.4584 1.6591 3.8133 0.1872 0.8152 29.9693 1.5984 0.0063
Car 0.0000 0 0.4434 582.3543 166.5881 670.4092 200.4594 1.4356 1.6424 3.5623 0.9282 0.8474 31.5063 0.4744 0.0062
Car 0.0000 0 1.5063 596.2003 166.8429 638.7994 201.5190 1.4215 1.6160 3.7307 0.4707 0.8632 30.8819 1.5232 0.0062
Car 0.0000 0 -2.9746 0.0000 0.0000 1224.0000 370.0000 1.6810 1.6789 3.9061 19.8466 0.8181 0.4461 -1.4412 0.0062
Car 0.0000 0 2.4039 0.0000 182.7661 102.0793 231.7885 1.4530 1.5944 4.0168 -18.9954 1.5358 23.2544 1.7274 0.0062
Car 0.0000 0 0.2308 552.1290 166.5150 610.0156 189.2418 1.6201 1.6851 3.9421 -1.7225 0.6245 51.6152 0.1995 0.0062
Car 0.0000 0 1.6341 683.9543 162.3327 729.7338 200.8753 1.4578 1.6062 3.7813 4.1739 0.7722 28.7540 1.7786 0.0062
Car 0.0000 0 3.5242 0.0000 173.5658 27.2171 207.8814 1.4688 1.7143 4.0323 -28.7903 1.1735 31.7502 2.7944 0.0061
Car 0.0000 0 -1.3605 562.6791 163.8070 616.7123 199.9583 1.5817 1.7226 3.9908 -0.6645 0.8528 33.0525 -1.3786 0.0061
Car 0.0000 0 -1.3158 596.3273 162.9728 651.3510 198.6069 1.5441 1.6621 3.6679 0.9108 0.7861 32.6257 -1.2863 0.0061
Car 0.0000 0 1.7409 560.9813 162.3067 618.0204 199.9472 1.4499 1.6895 4.1077 -0.5899 0.7506 29.3880 1.7230 0.0061
Car 0.0000 0 2.0368 698.2506 162.1681 780.6027 202.2372 1.4658 1.6121 3.8997 5.3423 0.7967 27.8983 2.2258 0.0061
Car 0.0000 0 -1.4383 565.4448 164.7948 612.9966 200.6364 1.5682 1.7165 3.8289 -0.6920 0.8825 32.9307 -1.4573 0.0061
Car 0.0000 0 -2.6411 0.0000 0.0000 1224.0000 370.0000 1.5591 1.5818 3.4577 5.6345 1.4881 -0.2482 -1.0822 0.0061
Car 0.0000 0 -1.7076 575.2817 165.4917 605.3892 188.3262 1.6245 1.6857 4.1362 -1.1213 0.5581 52.4691 -1.7270 0.0060
Car 0.0000 0 1.3829 0.0000 0.0000 1224.0000 370.0000 1.4442 1.6372 3.7916 -24.8419 1.9384 -0.0988 -0.1773 0.0060
Car 0.0000 0 -1.5115 596.4565 164.5344 636.5339 199.7895 1.5401 1.6391 3.6422 0.5645 0.8441 32.7615 -1.4926 0.0060
Car 0.0000 0 -2.8154 0.0000 0.0000 1224.0000 370.0000 1.6129 1.6450 3.5021 5.7444 1.5322 -0.2783 -1.2510 0.0060
Cyclist 0.0000 0 1.8212 587.9077 169.3819 603.7435 194.1164 1.7432 0.7087 1.8149 -0.6446 0.9609 50.7908 1.8103 0.0060
Car 0.0000 0 -0.2104 587.8590 163.7458 679.6971 198.4466 1.5278 1.7308 3.9173 1.2629 0.7916 32.3096 -0.1699 0.0059
Car 0.0000 0 -3.5046 843.1068 174.2186 1085.2842 253.1869 1.5132 1.6034 4.1350 7.1718 1.3945 14.5249 -3.0530 0.0059
Car 0.0000 0 -1.8629 762.0167 148.8239 807.4270 181.2644 2.0974 1.7815 4.4096 12.1219 0.0508 47.9502 -1.6150 0.0059
Car 0.0000 0 1.7072 556.7906 165.2366 607.3594 201.4478 1.5247 1.7433 3.9717 -0.9842 0.8835 31.8337 1.6785 0.0059
Car 0.0000 0 2.0036 549.8176 165.1764 616.2290 200.4488 1.4601 1.6351 3.4244 -0.9298 0.8273 31.1587 1.9760 0.0059
Car 0.0000 0 1.6773 573.4982 163.0312 623.1218 200.6569 1.4713 1.6604 4.0167 -0.2359 0.7897 29.7245 1.6714 0.0059
Pedestrian 0.0000 0 0.9486 1072.2765 208.7500 1184.5988 370.0000 1.2942 0.3264 0.6798 3.8315 1.5207 5.2790 1.5501 0.0059
Car 0.0000 0 -1.3610 788.1279 150.0633 828.7133 179.3107 1.8659 1.7684 4.3071 13.7427 -0.0827 47.6093 -1.0799 0.0058
Car 0.0000 0 -2.7922 570.6951 166.6522 662.1301 201.2783 1.4858 1.7680 3.7366 0.5047 0.8931 31.8293 -2.7746 0.0058
Car 0.0000 0 -2.5511 581.2856 166.0013 672.6111 201.0336 1.4668 1.6411 3.7741 0.9262 0.8612 31.3646 -2.5200 0.0058
Car 0.0000 0 1.6469 579.3218 170.4409 605.5473 192.8401 1.5725 1.6049 4.1170 -0.8755 0.8676 51.7347 1.6318 0.0058
Car 0.0000 0 -1.8490 765.4437 152.3978 805.2050 179.3591 1.7349 1.6306 3.6975 12.0716 -0.0784 47.5235 -1.5999 0.0057
Car 0.0000 0 -1.9842 562.9650 163.8647 606.5695 188.0615 1.7133 1.6801 4.1987 -1.5372 0.5367 52.3171 -2.0116 0.0057
Pedestrian 0.0000 0 -2.1235 623.0946 174.8319 662.5211 270.7509 1.6176 0.3877 0.6739 0.6083 1.5237 12.3078 -2.0737 0.0057
Pedestrian 0.0000 0 2.3161 1213.5590 193.3996 1224.0000 370.0000 1.5255 0.3748 0.5509 4.3009 1.6143 4.5562 3.0401 0.0057
Car 0.0000 0 -1.2035 593.4542 162.8166 656.5481 198.1065 1.5212 1.6789 3.6986 0.9629 0.7604 32.5034 -1.1723 0.0057
Car 0.0000 0 -1.7457 573.4241 166.2510 604.8989 188.8414 1.6073 1.6615 4.0089 -1.2071 0.5948 52.4287 -1.7668 0.0057
Car 0.0000 0 -1.9563 757.0412 153.8501 804.8849 179.7908 1.6614 1.6884 4.1242 11.7734 -0.0486 47.5582 -1.7133 0.0057
Car 0.0000 0 0.2831 534.9352 167.1487 631.8033 201.3241 1.4881 1.7356 4.0785 -0.9796 0.9082 32.1351 0.2547 0.0057
Car 0.0000 0 -2.0365 562.1040 164.7635 606.8323 188.3784 1.6713 1.6610 4.0481 -1.5529 0.5589 52.2123 -2.0643 0.0056
Car 0.0000 0 -1.9176 757.6004 150.8382 804.7320 179.6942 1.8508 1.7110 4.3207 11.8207 -0.0556 47.7071 -1.6743 0.0056
Car 0.0000 0 -2.7118 0.0000 0.0000 1224.0000 370.0000 1.5575 1.5357 3.3388 5.6791 1.4823 -0.2236 -1.1572 0.0056
Car 0.0000 0 2.2131 0.0000 176.4423 77.0114 210.2337 1.5099 1.5647 3.8649 -27.2469 1.3300 33.5451 1.5373 0.0056
Car 0.0000 0 1.9048 0.0000 175.4079 48.3732 210.0355 1.5338 1.5544 3.8155 -27.9730 1.3097 33.3723 1.2136 0.0056
Car 0.0000 0 3.3278 112.1182 189.7475 247.3275 232.8217 1.4556 1.6920 4.0110 -15.5243 1.8164 25.9952 2.7964 0.0056
Car 0.0000 0 -2.5995 1112.9277 156.9267 1224.0000 216.8956 1.5548 1.7080 3.8741 17.2085 0.9452 20.4365 -1.9057 0.0055
Car 0.0000 0 -2.2510 0.0000 185.2519 41.6290 234.9848 1.4689 1.5946 4.0945 -20.2419 1.6271 22.2037 -2.9814 0.0055
Car 0.0000 0 -2.2618 0.0000 0.0000 1224.0000 370.0000 1.5835 1.6289 3.7920 5.2557 1.3726 -0.3161 -0.6911 0.0055
Car 0.0000 0 -3.4760 833.9527 179.7133 1062.7968 255.6059 1.4495 1.6022 3.9050 6.8377 1.4361 14.4907 -3.0419 0.0055
Car 0.0000 0 1.5384 584.1038 168.2913 606.1334 189.5817 1.5200 1.5115 3.7688 -0.7534 0.6497 52.3892 1.5259 0.0055
Car 0.0000 0 -1.6796 776.1481 151.2950 809.7278 180.0416 1.8506 1.7494 4.0868 12.6396 -0.0310 47.7332 -1.4205 0.0055
Car 0.0000 0 -2.5767 537.4894 165.9821 631.2291 201.1660 1.5365 1.6997 4.0438 -0.9910 0.9039 32.6354 -2.6050 0.0054
Car 0.0000 0 -2.8648 526.5875 164.9256 622.3497 199.2205 1.4997 1.6859 4.0519 -1.3862 0.8201 32.2074 -2.9055 0.0054
Car 0.0000 0 -1.8327 764.9003 151.7218 805.1802 180.1111 1.8302 1.6912 3.8027 12.0551 -0.0259 47.5437 -1.5840 0.0054
Car 0.0000 0 -1.4443 785.4816 153.0578 820.3720 179.7508 1.7171 1.7555 4.2439 13.4528 -0.0519 47.9037 -1.1704 0.0053
Car 0.0000 0 -0.1253 0.0000 0.0000 1224.0000 370.0000 1.5588 1.5709 3.8018 -28.4824 1.7757 -0.1833 -1.6896 0.0053
Car 0.0000 0 -2.6780 0.0000 0.0000 1224.0000 370.0000 1.5284 1.5553 3.4594 5.6769 1.4223 -0.2814 -1.1132 0.0053
Car 0.0000 0 -1.6420 1208.7290 153.6888 1224.0000 215.7150 1.6185 1.6433 3.8255 18.6352 0.9205 20.4587 -0.9093 0.0052
Car 0.0000 0 -1.7431 772.5952 151.3510 808.3057 179.4188 1.8059 1.6699 3.9488 12.4579 -0.0747 47.6825 -1.4873 0.0052
Car 0.0000 0 1.6889 565.4999 164.4754 611.5832 200.3804 1.4523 1.5612 3.6463 -0.6739 0.8056 30.4842 1.6689 0.0052
Car 0.0000 0 0.7152 583.8474 161.1804 684.7078 199.6171 1.5338 1.6817 4.2512 1.1726 0.7644 30.2790 0.7554 0.0052
Car 0.0000 0 -1.4647 580.0457 165.9677 608.4335 188.6272 1.6189 1.6816 4.1126 -0.7537 0.5819 52.6366 -1.4772 0.0052
Car 0.0000 0 0.6218 127.2235 190.0986 264.8709 231.3051 1.4588 1.7880 4.2581 -15.3821 1.8374 26.6569 0.1052 0.0051
Car 0.0000 0 1.9573 549.8828 163.9304 613.3022 200.2011 1.4873 1.5555 3.5135 -0.9820 0.8093 30.9053 1.9278 0.0051
Car 0.0000 0 1.4952 675.9043 162.6908 724.9302 202.7070 1.5201 1.6576 4.3176 3.8226 0.8451 29.0547 1.6264 0.0051
Car 0.0000 0 -1.4874 783.5380 146.4839 818.4745 180.6897 2.1981 1.9034 4.6293 13.3363 0.0135 47.9323 -1.2159 0.0051
Car 0.0000 0 1.6996 585.4817 167.0623 633.4064 201.9859 1.4152 1.6126 3.6305 0.2285 0.8721 30.5551 1.7089 0.0051
Car 0.0000 0 -2.6704 575.4698 156.5482 690.3339 196.0950 1.5674 1.7137 4.5709 1.1278 0.6196 29.8831 -2.6311 0.0051
Car 0.0000 0 1.3203 0.0000 0.0000 1224.0000 370.0000 1.4794 1.6388 3.7074 -24.7756 1.8895 -0.2906 -0.2476 0.0051
Car 0.0000 0 -4.5686 0.0000 0.0000 1224.0000 370.0000 1.4505 1.6977 3.6482 10.0000 1.2481 -0.0624 -3.0225 0.0050
Car 0.0000 0 2.0643 0.0000 175.7820 62.9957 210.3040 1.5326 1.5739 3.8524 -27.6124 1.3246 33.4244 1.3802 0.0049
Car 0.0000 0 -0.6945 1205.6129 157.8795 1224.0000 258.2641 1.4742 1.6562 4.0126 12.4779 1.1437 11.4445 0.1218 0.0049
Car 0.0000 0 -1.4818 0.0000 0.0000 1224.0000 370.0000 1.4328 1.6517 4.1591 -31.6463 1.8901 -0.0832 -3.0434 0.0049
Car 0.0000 0 -3.5375 833.8475 177.3053 1065.5117 252.8829 1.4558 1.6346 3.9490 6.8877 1.3959 14.5106 -3.1012 0.0048
Car 0.0000 0 -1.4118 0.0000 177.8447 32.2440 220.7075 1.4813 1.6211 4.0146 -22.9304 1.3911 26.5666 -2.1162 0.0048
Car 0.0000 0 1.0128 596.8542 157.7142 684.6697 196.8012 1.5338 1.7342 4.2354 1.4082 0.6412 30.0121 1.0611 0.0048
Car 0.0000 0 -1.5651 780.8525 150.8021 809.9512 180.7896 1.9324 1.8197 4.3539 12.9079 0.0200 47.8989 -1.3016 0.0048
Car 0.0000 0 -2.6787 0.0000 0.0000 1224.0000 370.0000 1.5704 1.6537 4.3387 20.2430 0.7123 1.9669 -1.2191 0.0048
Car 0.0000 0 1.7053 0.0000 174.8022 52.0522 216.6251 1.4670 1.6228 4.1130 -22.4350 1.2686 26.9717 1.0191 0.0048
Car 0.0000 0 1.7055 0.0000 175.0885 52.8263 216.3752 1.4466 1.6256 4.2445 -22.4401 1.2586 27.0029 1.0198 0.0048
Car 0.0000 0 -4.7014 0.0000 0.0000 1224.0000 370.0000 1.4666 1.6261 3.9495 10.7245 1.1404 -0.2083 -3.1400 0.0047
Car 0.0000 0 1.8971 0.0000 172.0431 50.2084 215.6821 1.5124 1.6095 4.2737 -22.8077 1.2209 26.7827 1.1994 0.0047
Car 0.0000 0 1.1424 684.3269 159.2338 768.8896 201.6838 1.5244 1.7326 3.9783 4.6100 0.7623 27.5318 1.3083 0.0047
Car 0.0000 0 -0.4396 1215.2411 146.7498 1224.0000 265.0609 1.5611 1.6861 4.4073 12.5307 1.1174 10.9586 0.3999 0.0047
Car 0.0000 0 1.3181 0.0000 0.0000 1224.0000 370.0000 1.4920 1.6302 4.2060 10.9513 1.1223 0.0381 2.8573 0.0047
Car 0.0000 0 2.9572 570.5831 161.8451 681.6177 199.5015 1.4615 1.7008 4.2492 0.7903 0.7390 28.6043 2.9865 0.0046
Car 0.0000 0 0.6535 140.6450 197.1588 270.5512 239.6687 1.4869 1.6774 4.1167 -15.0859 2.1452 26.7417 0.1464 0.0046
Car 0.0000 0 1.4886 0.0000 0.0000 1224.0000 370.0000 1.4299 1.6157 3.6837 10.3227 1.2236 -0.0489 3.0342 0.0046
Car 0.0000 0 -0.3572 1223.9778 149.0314 1224.0000 266.9057 1.5360 1.6770 4.0675 12.3848 1.1276 10.8909 0.4795 0.0046
Car 0.0000 0 1.6068 575.9452 165.7332 618.2975 202.1226 1.4616 1.6733 3.8309 -0.3025 0.8700 30.3319 1.5988 0.0046
Car 0.0000 0 1.8015 0.0000 173.4928 51.6582 215.0750 1.4506 1.6041 4.1838 -22.6049 1.2076 26.8901 1.1101 0.0046
Car 0.0000 0 0.2694 0.0000 0.0000 1224.0000 370.0000 1.3221 1.3965 3.2420 14.4427 1.3605 -0.1945 1.8327 0.0046
Car 0.0000 0 2.0442 0.0000 173.7335 60.8963 207.7889 1.5108 1.5643 3.7621 -27.6056 1.2121 33.3648 1.3594 0.0045
Car 0.0000 0 1.8529 0.0000 175.1609 43.7578 219.3605 1.5255 1.5830 4.2615 -22.8511 1.3427 26.6658 1.1521 0.0045
Car 0.0000 0 0.6813 1213.4203 153.7003 1224.0000 220.5809 1.5253 1.6040 3.9014 18.1900 0.9157 18.1477 1.4608 0.0045
Car 0.0000 0 0.9812 596.5943 156.9287 686.7172 197.9802 1.6173 1.7806 4.2184 1.4541 0.6901 30.1168 1.0309 0.0045
Car 0.0000 0 1.2743 0.0000 181.4068 28.0829 233.8872 1.5252 1.6975 3.7263 -20.0578 1.5575 22.2995 0.5506 0.0045
Car 0.0000 0 1.7831 0.0000 173.1291 54.3971 215.0823 1.4698 1.6415 4.2738 -22.6051 1.2131 27.0406 1.0945 0.0044
Car 0.0000 0 1.0539 159.6322 199.5308 259.6516 243.8074 1.4938 1.7054 3.7795 -15.1635 2.2692 27.0350 0.5491 0.0044
Car 0.0000 0 1.6628 570.7756 166.1458 620.1043 203.1649 1.4910 1.7602 4.0369 -0.3663 0.9144 30.5567 1.6528 0.0044
Car 0.0000 0 1.5401 0.0000 0.0000 1224.0000 370.0000 1.4837 1.6750 4.0000 10.8840 1.1290 0.0905 3.0743 0.0044
Car 0.0000 0 -0.9149 1211.4440 156.6504 1224.0000 218.5492 1.6333 1.6890 4.4014 19.6992 1.0056 19.7918 -0.1383 0.0044
Car 0.0000 0 1.7132 0.0000 174.6029 50.8087 216.0514 1.4565 1.5957 3.9879 -22.4671 1.2508 26.9591 1.0260 0.0044
Car 0.0000 0 2.0718 593.7957 161.6887 678.5493 202.1304 1.4437 1.5781 3.9198 1.2553 0.7737 27.3201 2.1191 0.0044
Car 0.0000 0 -1.4303 0.0000 0.0000 1224.0000 370.0000 1.6315 1.7408 4.0876 20.1738 0.8325 0.0866 0.1216 0.0044
Car 0.0000 0 -1.8569 764.6496 152.5798 804.6128 179.2239 1.7117 1.6124 3.7135 12.0152 -0.0878 47.4864 -1.6088 0.0044
Pedestrian 0.0000 0 -0.0571 745.1313 161.7579 754.7218 184.9221 1.9398 0.7352 0.7512 12.2364 0.3715 59.6231 0.1460 0.0044
Car 0.0000 0 -1.9618 0.0000 178.6410 36.5936 235.9868 1.6531 1.7598 4.4161 -20.0604 1.6011 22.1337 -2.6892 0.0043
Car 0.0000 0 0.2699 535.4018 165.5224 630.4547 200.0629 1.5088 1.7214 4.0125 -0.9998 0.8560 32.1941 0.2410 0.0043
Car 0.0000 0 -1.6474 0.0000 0.0000 1224.0000 370.0000 1.3104 1.5353 3.1832 15.0280 1.3707 -0.2575 -0.0795 0.0043
Car 0.0000 0 1.7318 691.8892 163.1689 744.3374 201.4516 1.4363 1.5348 3.5501 4.5819 0.7876 28.4479 1.8916 0.0043
Car 0.0000 0 -2.3179 0.0000 185.3344 33.0224 236.5779 1.5098 1.5884 3.9994 -20.3703 1.6682 21.9693 -3.0566 0.0043
Car 0.0000 0 -1.7162 1199.5515 152.6258 1224.0000 215.7776 1.6435 1.6528 3.8594 18.5398 0.9197 20.4615 -0.9862 0.0043
Car 0.0000 0 -1.4425 778.1013 152.4021 813.2683 180.6614 1.8182 1.7517 4.3787 12.9483 0.0117 47.8448 -1.1780 0.0043
Car 0.0000 0 -2.3264 0.0000 188.7444 34.6608 238.1514 1.4484 1.6312 3.9837 -20.3721 1.7180 22.0125 -3.0643 0.0043
Car 0.0000 0 -2.5221 0.0000 0.0000 1224.0000 370.0000 1.5987 1.6875 4.0342 20.6180 0.6610 1.8378 -1.0543 0.0042
Car 0.0000 0 0.4780 582.1603 165.6813 677.8337 200.9523 1.4661 1.6856 3.8584 1.0639 0.8516 31.0666 0.5137 0.0042
Car 0.0000 0 1.6828 586.0848 168.0733 635.0734 203.7941 1.4435 1.6870 3.9219 0.2848 0.9428 30.6175 1.6938 0.0042
Car 0.0000 0 -1.5003 597.3616 165.5387 638.3185 200.0761 1.5123 1.6427 3.6948 0.6303 0.8586 32.8688 -1.4794 0.0042
Car 0.0000 0 0.6836 138.2076 197.1726 265.9247 240.0600 1.4947 1.7037 4.0394 -15.2256 2.1550 26.7450 0.1726 0.0042
Car 0.0000 0 1.1150 168.1239 199.5899 261.7160 243.6685 1.4823 1.6602 3.7684 -14.9877 2.2623 27.0663 0.6157 0.0042
Car 0.0000 0 -1.3777 563.2281 164.5840 616.8286 201.6156 1.6226 1.7652 4.0066 -0.6496 0.9267 33.1027 -1.3953 0.0042
Car 0.0000 0 -1.6920 1210.5471 151.7385 1224.0000 216.5444 1.6788 1.6736 4.1123 18.8504 0.9353 20.4720 -0.9539 0.0042
Cyclist 0.0000 0 0.5796 0.0000 0.0000 1224.0000 370.0000 1.6567 0.5083 1.7599 1.4185 1.6670 0.5244 1.6133 0.0041
Pedestrian 0.0000 0 2.4779 848.0776 166.9754 897.6110 263.2499 1.6094 0.5077 0.6133 4.5549 1.3850 12.1506 2.8298 0.0041
Car 0.0000 0 1.9522 597.1987 161.4037 676.5499 202.6688 1.4501 1.6090 4.1154 1.2804 0.7806 27.0477 2.0009 0.0041
Car 0.0000 0 0.2295 0.0000 0.0000 1224.0000 370.0000 1.3094 1.3871 3.6192 14.7517 1.4341 0.2878 1.7605 0.0041
Car 0.0000 0 -2.7581 1110.7264 158.0155 1224.0000 217.8768 1.5389 1.7164 4.0080 17.1990 0.9625 20.3439 -2.0624 0.0041
Car 0.0000 0 -3.0149 552.6127 166.2064 645.5377 200.2949 1.4859 1.7743 4.0041 -0.2446 0.8643 31.9369 -3.0207 0.0041
Car 0.0000 0 -0.4594 578.9539 164.1273 672.9585 200.3664 1.5925 1.7752 3.9704 0.9525 0.8745 32.6973 -0.4288 0.0041
Car 0.0000 0 3.0069 581.3049 162.6425 691.2643 199.5648 1.4647 1.6943 4.3284 1.2142 0.7578 29.0844 3.0501 0.0041
Car 0.0000 0 -2.7991 571.7873 167.9274 663.2921 200.9284 1.4128 1.5831 3.7874 0.5471 0.8760 31.6742 -2.7802 0.0041
Car 0.0000 0 1.8944 0.0000 173.4772 46.2381 207.8861 1.5186 1.5730 3.7996 -27.9711 1.2101 33.2546 1.2015 0.0041
Car 0.0000 0 -3.0131 563.6682 160.8314 670.7548 198.2416 1.4781 1.6081 4.2258 0.5155 0.7025 29.0385 -2.9936 0.0041
Car 0.0000 0 -1.5561 778.9311 157.4887 802.6338 180.7560 1.5078 1.4918 3.6396 12.5775 0.0179 47.7675 -1.2984 0.0040
Car 0.0000 0 -1.5004 0.0000 0.0000 1224.0000 370.0000 1.4564 1.6566 4.1663 -31.5893 1.9161 -0.1452 -3.0640 0.0040
Car 0.0000 0 -1.4923 681.5264 161.0226 728.9924 201.4902 1.5524 1.6244 4.1997 4.2023 0.8067 29.3453 -1.3497 0.0040
Car 0.0000 0 -1.7003 773.3657 152.9041 806.0889 179.0553 1.6792 1.6420 3.8539 12.4012 -0.1002 47.6338 -1.4453 0.0040
Car 0.0000 0 3.0049 548.0264 167.2593 641.2676 201.0694 1.4579 1.8803 3.9612 -0.5253 0.8884 31.7105 2.9903 0.0040
Car 0.0000 0 1.7448 0.0000 176.0655 51.2407 217.7583 1.4624 1.5585 3.9586 -22.4526 1.3084 26.9028 1.0570 0.0040
Car 0.0000 0 1.8633 0.0000 175.3765 48.5570 217.9246 1.4787 1.5821 4.0888 -22.7323 1.3021 26.7574 1.1667 0.0040
Car 0.0000 0 -0.9322 1178.5889 152.8178 1224.0000 211.2163 1.5066 1.6257 3.8449 18.0990 0.7940 19.3932 -0.1878 0.0040
Car 0.0000 0 -1.6867 1211.5354 148.4386 1224.0000 214.4700 1.7170 1.6832 4.2072 18.9706 0.8849 20.5793 -0.9480 0.0040
Car 0.0000 0 -1.6580 781.9645 150.9004 815.7196 180.3310 1.8909 1.8041 4.5487 13.0640 -0.0107 47.8494 -1.3913 0.0039
Car 0.0000 0 -1.7357 1197.2682 153.1965 1224.0000 215.9678 1.6323 1.6421 3.8347 18.4877 0.9239 20.4398 -1.0065 0.0039
Car 0.0000 0 2.9833 545.6592 167.3064 635.9248 200.2859 1.4337 1.6541 3.8575 -0.6901 0.8616 31.8866 2.9638 0.0039
Car 0.0000 0 -0.6004 1185.2196 156.7093 1224.0000 219.2678 1.5513 1.7459 4.6100 18.5330 0.9629 18.7815 0.1714 0.0039
Car 0.0000 0 -1.5235 0.0000 0.0000 1224.0000 370.0000 1.3107 1.5458 3.3427 15.5302 1.4275 -0.2951 0.0470 0.0039
Car 0.0000 0 0.4924 112.5446 190.4507 260.2235 232.0987 1.4664 1.8220 4.4040 -15.5234 1.8526 26.3435 -0.0333 0.0039
Cyclist 0.0000 0 1.5942 589.8723 170.3370 601.4615 194.9083 1.7471 0.7945 1.8646 -0.6623 1.0258 51.2058 1.5831 0.0038
Car 0.0000 0 2.7981 573.9573 162.5215 686.8015 200.4430 1.4616 1.6622 4.2649 0.9949 0.7702 28.6846 2.8343 0.0038
Car 0.0000 0 1.7114 563.9901 165.2841 611.2687 201.1705 1.4665 1.5580 3.6299 -0.7197 0.8462 30.7842 1.6902 0.0038
Car 0.0000 0 1.7736 0.0000 174.3506 50.5117 215.7775 1.4451 1.6095 4.2341 -22.6064 1.2321 26.9057 1.0825 0.0038
Car 0.0000 0 1.7856 0.0000 175.2645 49.1826 217.4975 1.4696 1.5756 4.2742 -22.6341 1.2890 26.8588 1.0930 0.0038
Car 0.0000 0 1.8172 559.4913 166.6932 615.4394 201.3331 1.4261 1.6074 3.6570 -0.7272 0.8592 31.0652 1.7959 0.0037
Car 0.0000 0 -1.2941 0.0000 0.0000 1224.0000 370.0000 1.6409 1.7414 4.1797 20.5158 0.8483 0.0361 0.2605 0.0037
Car 0.0000 0 -1.4339 784.0098 157.3019 816.5784 181.0918 1.5418 1.6244 3.7930 13.2613 0.0397 47.8821 -1.1636 0.0037
Car 0.0000 0 2.7772 582.7413 162.7902 690.5760 200.2833 1.4474 1.6705 4.0462 1.2509 0.7652 28.7176 2.8222 0.0037
Car 0.0000 0 -3.1007 565.0281 168.6474 645.9147 201.0809 1.3792 1.5421 3.4512 0.0281 0.8766 30.9067 -3.0980 0.0037
Car 0.0000 0 -2.7744 0.0000 0.0000 1224.0000 370.0000 1.5749 1.7014 4.7971 19.8947 0.7285 1.8913 -1.3131 0.0037
Car 0.0000 0 -0.1610 638.6296 165.8841 743.2583 202.8118 1.5010 1.6633 4.1395 3.5279 0.9084 29.6516 -0.0420 0.0036
Car 0.0000 0 1.8732 181.4605 198.4360 259.3023 241.5903 1.4541 1.6319 3.5706 -14.7786 2.1969 27.3097 1.3835 0.0036
Car 0.0000 0 3.1517 0.0000 0.0000 1224.0000 370.0000 1.5243 1.5991 3.3004 -23.6518 1.8083 -0.0958 1.5921 0.0036
Car 0.0000 0 0.1437 570.9458 167.5038 665.9713 200.9142 1.4002 1.7758 3.9277 0.6036 0.8570 30.8250 0.1649 0.0036
Car 0.0000 0 0.2815 0.0000 0.0000 1224.0000 370.0000 1.2897 1.3316 3.3423 14.4066 1.3984 0.0265 1.8295 0.0036
Car 0.0000 0 1.4059 590.4169 170.0228 643.0684 205.1715 1.4295 1.6636 3.9284 0.4238 1.0049 30.8175 1.4213 0.0036
Car 0.0000 0 1.9366 180.3245 197.5856 264.7922 240.8931 1.4662 1.6439 3.6998 -14.7297 2.1766 27.3948 1.4495 0.0036
Car 0.0000 0 -0.5481 1220.8374 147.1992 1224.0000 260.2426 1.5498 1.6771 4.0510 12.5016 1.0949 11.0638 0.2856 0.0036
Car 0.0000 0 0.8914 1198.7715 153.8114 1224.0000 217.5169 1.5201 1.5690 3.5172 17.8287 0.8849 18.6795 1.6466 0.0036
Car 0.0000 0 -0.0148 528.1874 168.1648 624.6083 201.6747 1.4572 1.7299 4.2055 -1.3075 0.9223 31.7177 -0.0537 0.0035
Car 0.0000 0 1.1410 1056.0718 165.4987 1224.0000 244.3800 1.5100 1.6220 3.8386 11.6118 1.2244 15.5728 1.7736 0.0035
Pedestrian 0.0000 0 0.0319 744.9252 161.8970 754.9589 184.9445 1.9282 0.7554 0.8050 12.2395 0.3730 59.6090 0.2351 0.0035
Car 0.0000 0 1.6966 567.4757 167.2442 618.8115 203.9140 1.4826 1.7162 4.1441 -0.4648 0.9482 30.7376 1.6835 0.0035
Car 0.0000 0 2.5370 573.3273 160.7103 684.1032 200.4789 1.4846 1.6466 4.2337 0.9581 0.7473 28.2234 2.5725 0.0035
Car 0.0000 0 -0.8355 1198.8354 166.8808 1224.0000 260.2949 1.4323 1.6228 3.9289 12.4136 1.2252 11.7122 -0.0330 0.0035
Car 0.0000 0 1.7203 562.3927 167.1183 610.8834 203.2208 1.4943 1.6067 3.6360 -0.7711 0.9419 31.1655 1.6976 0.0035
Car 0.0000 0 3.7847 0.0000 174.3374 26.3138 219.7725 1.5691 1.7418 3.9431 -23.6193 1.3578 25.4697 3.0449 0.0034
Car 0.0000 0 -0.7659 1202.2003 163.9451 1224.0000 259.6775 1.4604 1.6171 3.7596 12.3997 1.2095 11.6607 0.0382 0.0034
Car 0.0000 0 2.0812 185.9099 200.5813 274.4706 243.4895 1.4700 1.6141 3.3140 -14.4891 2.2997 27.4735 1.6020 0.0034
Car 0.0000 0 1.7358 562.3643 165.5911 612.1616 201.5320 1.4715 1.5853 3.6723 -0.7349 0.8626 30.8732 1.7142 0.0034
Car 0.0000 0 2.0519 187.9314 201.5193 274.3741 243.8602 1.4511 1.6045 3.3311 -14.4925 2.3213 27.5501 1.5738 0.0034
Car 0.0000 0 -0.6616 1208.1472 156.3694 1224.0000 258.4221 1.4942 1.6452 3.7796 12.4055 1.1426 11.4464 0.1517 0.0034
Car 0.0000 0 -0.7468 1209.6117 161.3358 1224.0000 259.2147 1.4570 1.6676 3.7782 12.4215 1.1734 11.4764 0.0659 0.0034
Pedestrian 0.0000 0 0.0648 1147.8668 168.2117 1208.7581 284.9071 1.7991 0.4339 0.7354 9.1195 1.6113 11.3027 0.7315 0.0034
Cyclist 0.0000 0 -1.2024 0.0000 176.9673 34.0384 255.4976 1.5248 0.3101 1.3845 -12.1958 1.4578 14.4293 -1.8915 0.0034
Car 0.0000 0 2.3110 191.5843 199.9720 294.5992 243.1937 1.4665 1.6271 3.5184 -14.0591 2.2816 27.6233 1.8462 0.0033
Car 0.0000 0 1.3345 589.6343 168.8000 645.7640 203.7454 1.4420 1.5916 3.9585 0.4722 0.9607 31.2768 1.3512 0.0033
Car 0.0000 0 -1.5241 0.0000 0.0000 1224.0000 370.0000 1.4619 1.6749 4.0653 -31.6019 1.9070 -0.2084 -3.0897 0.0033
Car 0.0000 0 1.4406 591.4106 169.5902 641.0040 204.2129 1.4089 1.6509 3.9851 0.4025 0.9664 30.8413 1.4554 0.0033
Car 0.0000 0 -1.8829 803.6405 145.3483 859.7631 178.5961 1.8115 1.8493 4.2982 13.0289 -0.1146 40.9185 -1.5749 0.0033
Car 0.0000 0 -1.8869 794.4083 145.4171 852.0833 179.0366 1.8370 1.9150 4.3909 12.5721 -0.0882 41.0354 -1.5898 0.0033
Car 0.0000 0 1.0470 682.5609 158.3184 780.7169 203.9940 1.6098 1.8141 4.2620 4.7353 0.8295 27.2272 1.2191 0.0032
Car 0.0000 0 -0.8316 1199.8959 163.4699 1224.0000 258.5305 1.4690 1.6434 4.1150 12.6082 1.2075 11.7932 -0.0246 0.0032
Car 0.0000 0 0.8067 0.0000 0.0000 1224.0000 370.0000 1.5891 1.4314 3.7586 -5.1808 1.7866 -0.1700 -0.7330 0.0032
Car 0.0000 0 -4.6294 0.0000 0.0000 1224.0000 370.0000 1.4134 1.6479 4.0029 10.7917 1.1472 0.0874 -3.0953 0.0032
Car 0.0000 0 -2.0145 1158.2107 163.6754 1224.0000 258.7991 1.4474 1.5910 3.6057 11.6842 1.1931 12.7083 -1.2819 0.0032
Car 0.0000 0 -1.5064 0.0000 0.0000 1224.0000 370.0000 1.4541 1.6982 4.0048 -31.5804 1.9206 -0.1631 -3.0705 0.0032
Car 0.0000 0 -1.7910 767.2039 155.2666 802.8331 180.0983 1.6007 1.5959 3.4350 12.0192 -0.0266 47.3701 -1.5422 0.0031
Car 0.0000 0 1.0138 680.5259 158.2215 785.1732 204.9142 1.6313 1.9229 4.3359 4.7478 0.8545 27.0674 1.1873 0.0031
Car 0.0000 0 1.7516 615.3204 164.8545 675.0955 207.2450 1.4918 1.5868 3.9543 1.5827 0.9427 26.9863 1.8114 0.0031
Car 0.0000 0 -1.3501 775.9171 155.2102 817.0286 180.9034 1.6556 1.7764 4.3611 13.0181 0.0273 47.8980 -1.0845 0.0031
Car 0.0000 0 1.3079 0.0000 0.0000 1224.0000 370.0000 1.6044 1.4404 3.9695 -5.3138 1.8157 -0.1616 -0.2310 0.0031
Car 0.0000 0 0.1279 681.4466 161.3109 789.2861 201.4567 1.4913 1.7532 3.9652 5.1012 0.7800 27.6991 0.3098 0.0031
Car 0.0000 0 -1.7055 817.2559 144.9276 860.1817 179.1533 1.8530 1.7683 4.3419 13.3954 -0.0806 40.7523 -1.3883 0.0030
Car 0.0000 0 1.7881 562.1055 167.6474 623.0613 204.4826 1.4975 1.7915 4.2327 -0.4830 0.9765 30.9936 1.7745 0.0030
Car 0.0000 0 -0.2511 605.6597 166.6237 712.0735 202.2499 1.4148 1.6595 4.1049 2.1718 0.8652 29.2493 -0.1759 0.0030
Car 0.0000 0 -2.9965 0.0000 0.0000 1224.0000 370.0000 1.5460 1.6937 4.2550 19.5953 0.6970 0.8758 -1.4854 0.0030
Car 0.0000 0 0.3085 105.8893 186.6096 266.4077 231.7789 1.5740 1.8988 4.8217 -15.5442 1.8167 26.4673 -0.2157 0.0030
Car 0.0000 0 1.2763 660.9572 163.1930 730.7272 202.7117 1.4961 1.6237 4.3831 3.6118 0.8424 29.0597 1.4005 0.0029
Car 0.0000 0 1.1257 1158.9169 160.4543 1224.0000 260.3852 1.4860 1.5796 3.9724 11.7175 1.1896 12.6384 1.8624 0.0029
Car 0.0000 0 0.2007 0.0000 0.0000 1224.0000 370.0000 1.3326 1.4293 3.7964 14.7561 1.4342 0.4118 1.7232 0.0029
Car 0.0000 0 -1.8332 588.1746 168.0735 644.3802 200.1246 1.3758 1.7250 3.4304 0.4377 0.8439 32.2189 -1.8179 0.0029
Car 0.0000 0 -1.5576 780.1648 151.3608 808.4292 181.8983 1.9548 1.7566 4.6178 12.8037 0.0908 47.7170 -1.2953 0.0029
Cyclist 0.0000 0 1.8295 591.9889 170.5298 607.4926 194.5101 1.7058 0.7078 1.7104 -0.3668 0.9979 51.2061 1.8241 0.0029
Car 0.0000 0 -1.6627 821.7955 149.9547 859.5535 181.2623 1.6955 1.6754 4.0049 13.4118 0.0427 40.4271 -1.3428 0.0028
Car 0.0000 0 -2.0001 1085.4596 168.4711 1224.0000 245.2956 1.4415 1.6652 4.0825 12.2753 1.2175 15.4408 -1.3368 0.0028
Car 0.0000 0 -2.4496 0.0000 0.0000 1224.0000 370.0000 1.5397 1.6833 4.4019 20.5755 0.6293 1.3682 -0.9595 0.0028
Car 0.0000 0 4.4548 0.0000 0.0000 1224.0000 370.0000 1.5017 1.6827 3.8449 -31.4796 1.9743 -0.1406 2.8913 0.0028
Car 0.0000 0 0.2313 123.0141 189.0187 266.0807 234.4900 1.5435 1.8568 4.2396 -14.9948 1.8767 26.0382 -0.2843 0.0028
Car 0.0000 0 -2.5640 0.0000 0.0000 1224.0000 370.0000 1.5315 1.7042 4.2664 20.1393 0.6387 1.1035 -1.0626 0.0028
Car 0.0000 0 1.5407 701.7318 162.0052 746.4963 201.5405 1.4544 1.6178 3.9149 4.6382 0.7756 28.0540 1.7046 0.0028
Car 0.0000 0 1.0459 591.5546 161.7115 681.0117 198.7442 1.4482 1.7517 4.5346 1.2075 0.7149 30.0591 1.0876 0.0028
Car 0.0000 0 -1.9773 829.9864 169.0847 988.1519 251.4606 1.6277 1.7676 4.0608 6.6238 1.4037 16.0129 -1.5904 0.0028
Car 0.0000 0 -1.1266 562.8448 164.7731 634.0656 200.4323 1.5603 1.7783 4.0145 -0.2516 0.8736 33.1280 -1.1323 0.0027
Car 0.0000 0 0.9370 1062.7401 171.3018 1224.0000 249.2497 1.4339 1.6582 4.3657 12.0078 1.2663 15.2053 1.5969 0.0027
Car 0.0000 0 0.1539 0.0000 0.0000 1224.0000 370.0000 1.3584 1.5240 3.6342 14.7240 1.3896 0.1120 1.6966 0.0027
Car 0.0000 0 -1.9448 1162.0957 159.6360 1224.0000 257.5954 1.4882 1.5991 3.6683 11.6777 1.1729 12.7341 -1.2134 0.0027
Car 0.0000 0 -2.9702 0.0000 0.0000 1224.0000 370.0000 1.6033 1.7694 4.9923 19.4225 0.6891 1.7660 -1.5052 0.0027
Car 0.0000 0 -0.7975 1200.6697 170.1564 1224.0000 261.3059 1.4000 1.6502 3.8218 12.4207 1.2428 11.6917 0.0061 0.0026
Car 0.0000 0 0.8200 593.2899 159.8441 690.0088 200.1483 1.6032 1.7797 4.1487 1.4794 0.7831 30.2789 0.8702 0.0026
Car 0.0000 0 0.0987 628.6875 170.2002 728.0110 204.1004 1.3497 1.6226 3.9594 3.0495 0.9411 29.3385 0.2030 0.0026
Cyclist 0.0000 0 1.7543 593.1878 170.7121 606.6326 194.1481 1.6691 0.6734 1.7063 -0.3554 0.9733 51.2488 1.7491 0.0026
Car 0.0000 0 -1.6007 484.5857 182.2757 556.2971 238.9570 1.3031 1.6633 3.8197 -2.2921 1.3559 18.3883 -1.7209 0.0026
Car 0.0000 0 -1.6161 590.3727 165.6729 633.5878 202.5621 1.6247 1.8382 4.1444 0.2487 0.9731 33.2389 -1.6068 0.0026
Car 0.0000 0 0.5843 669.1436 159.7488 777.6248 202.9031 1.5633 1.7730 3.8241 4.5406 0.8131 27.5585 0.7476 0.0026
Car 0.0000 0 -1.5597 775.8366 155.1803 801.9089 180.0175 1.5993 1.6349 3.7629 12.4068 -0.0326 47.6342 -1.3046 0.0026
Car 0.0000 0 0.4704 126.2987 196.9683 266.2240 240.3181 1.5135 1.7818 4.1773 -15.2004 2.1532 26.4125 -0.0452 0.0026
Car 0.0000 0 -0.8200 973.7253 178.7850 1202.8441 248.1482 1.5397 1.7274 4.8881 11.6007 1.5032 17.0896 -0.2308 0.0026
Cyclist 0.0000 0 0.1728 0.0000 0.0000 1224.0000 370.0000 1.5710 0.4241 1.5300 -7.0272 1.5652 0.3584 -1.2996 0.0026
Car 0.0000 0 -0.0634 623.6324 159.6152 699.6951 189.5926 1.6984 1.6636 4.2897 3.2260 0.5165 40.9216 0.0166 0.0026
Car 0.0000 0 -2.7685 0.0000 0.0000 1224.0000 370.0000 1.5273 1.6887 4.1097 19.8452 0.7031 0.7659 -1.2512 0.0025
Car 0.0000 0 -1.6257 489.5114 182.4301 562.4094 239.5201 1.2820 1.6257 3.6689 -2.1302 1.3379 17.9482 -1.7400 0.0025
Car 0.0000 0 -2.6233 222.0230 182.3477 389.7501 237.4317 1.4490 1.6598 4.0279 -8.3224 1.5050 19.7447 -3.0148 0.0025
Car 0.0000 0 1.6807 652.9540 160.5327 703.4392 200.3389 1.5700 1.7096 3.8814 3.1417 0.7840 29.9598 1.7859 0.0025
Car 0.0000 0 -1.1210 1203.7517 165.2308 1224.0000 259.1915 1.4200 1.6323 3.8971 12.4183 1.1909 12.0896 -0.3337 0.0025
Car 0.0000 0 -1.7811 587.2422 167.0735 638.7311 200.8285 1.4819 1.6709 3.6523 0.2960 0.8939 32.9911 -1.7704 0.0025
Car 0.0000 0 -0.7529 967.5247 177.3507 1197.4241 245.8138 1.5359 1.6970 4.7551 11.4396 1.4669 17.0960 -0.1702 0.0024
Car 0.0000 0 -1.6320 824.1534 152.2270 859.3502 182.3344 1.6269 1.6464 4.1050 13.4654 0.1005 40.3959 -1.3107 0.0024
Car 0.0000 0 1.7460 564.1682 168.4720 619.0511 204.0116 1.4478 1.7290 3.9370 -0.5351 0.9593 30.8787 1.7306 0.0024
Car 0.0000 0 0.4662 123.7100 197.0066 261.5557 240.6055 1.5201 1.7902 4.0837 -15.3330 2.1616 26.4079 -0.0532 0.0024
Car 0.0000 0 -0.4038 946.5474 174.8051 1188.6238 243.8114 1.5508 1.6962 4.6025 10.9376 1.4244 17.0855 0.1587 0.0024
Car 0.0000 0 1.9476 631.5638 163.6558 700.7712 201.7923 1.4945 1.6076 3.8192 2.6200 0.8359 29.7710 2.0363 0.0023
Car 0.0000 0 -1.2763 566.8217 165.2011 630.7117 203.3569 1.6736 1.8686 4.1712 -0.2323 1.0040 33.2739 -1.2814 0.0023
Cyclist 0.0000 0 -0.9143 0.0000 175.0570 31.1451 258.6069 1.5869 0.3495 1.4420 -12.2646 1.4851 14.1521 -1.6155 0.0023
Car 0.0000 0 -1.6171 631.6835 159.5102 676.3650 200.4296 1.6259 1.6952 4.4261 2.0110 0.7934 30.3188 -1.5496 0.0023
Car 0.0000 0 -0.5367 601.8020 167.0179 712.1129 203.7508 1.4189 1.5673 4.3132 2.1267 0.8996 28.9695 -0.4624 0.0023
Car 0.0000 0 0.0210 612.9072 170.0751 719.8073 204.8061 1.3903 1.6126 4.2984 2.5220 0.9745 29.3310 0.1076 0.0022
Car 0.0000 0 -0.9834 979.6577 172.0785 1191.1036 241.2029 1.5428 1.7299 5.2993 11.9493 1.3564 17.5902 -0.3935 0.0022
Car 0.0000 0 -1.5910 677.8755 161.5641 718.2321 200.6361 1.5521 1.5945 3.8760 3.8922 0.8014 30.0958 -1.4619 0.0022
Car 0.0000 0 -1.8362 796.1216 152.2963 848.7379 183.0827 1.6914 1.7969 4.4836 12.5515 0.1433 41.1080 -1.5401 0.0022
Car 0.0000 0 0.3713 0.0000 0.0000 1224.0000 370.0000 1.4616 1.5181 4.1368 14.9558 1.3324 0.4961 1.8888 0.0022
Car 0.0000 0 1.0330 0.0000 181.0556 121.5169 223.9485 1.4656 1.7629 4.1649 -19.9546 1.4887 25.7898 0.3822 0.0022
Car 0.0000 0 -1.1629 1204.0278 165.0913 1224.0000 259.1100 1.4163 1.6654 4.0975 12.5030 1.1858 12.1720 -0.3756 0.0021
Car 0.0000 0 1.8282 631.9467 161.4478 692.0734 200.8035 1.5654 1.5979 3.9905 2.4883 0.8091 30.2661 1.9112 0.0021
Car 0.0000 0 -1.9508 804.7637 152.6697 860.3334 181.8326 1.5971 1.6498 4.0687 13.0485 0.0744 40.8036 -1.6416 0.0021
Pedestrian 0.0000 0 1.4563 1107.6101 178.0120 1205.8168 370.0000 1.6484 0.4543 0.9320 4.1161 1.6330 5.3845 2.0826 0.0020
Car 0.0000 0 -1.6416 664.1971 161.2196 710.0595 200.4780 1.5826 1.6746 4.0187 3.4611 0.8068 30.5409 -1.5281 0.0020
Car 0.0000 0 -1.6237 590.8253 165.2791 634.9798 201.1707 1.5806 1.8515 4.1450 0.2909 0.9118 33.2420 -1.6132 0.0020
Car 0.0000 0 -2.5805 659.3091 162.1085 768.0056 204.0614 1.5388 1.7362 3.9065 4.2108 0.8657 27.8622 -2.4303 0.0020
Car 0.0000 0 0.6965 229.8041 183.0446 398.7030 241.3399 1.5094 1.6833 4.3373 -8.2029 1.5879 19.8979 0.3127 0.0019
Car 0.0000 0 -1.1473 563.5388 165.8502 631.8867 201.3819 1.5599 1.8074 3.7697 -0.2932 0.9182 33.1241 -1.1543 0.0019
Car 0.0000 0 1.8654 633.4322 162.7742 695.6061 200.7694 1.5093 1.5891 3.8540 2.5842 0.8067 30.1662 1.9518 0.0019
Car 0.0000 0 0.7506 0.0000 172.2239 128.1573 219.4736 1.6114 1.7511 4.1845 -19.6313 1.3307 25.1810 0.0964 0.0019
Car 0.0000 0 1.0408 633.3534 165.8160 723.4680 207.8126 1.4888 1.8199 3.6722 2.7077 0.9698 27.1087 1.1410 0.0018
Car 0.0000 0 0.7485 0.0000 180.3457 121.5966 222.6720 1.4412 1.6827 3.9117 -19.6572 1.4375 25.0871 0.0918 0.0018
Car 0.0000 0 -0.7523 1211.1299 157.8837 1224.0000 257.2795 1.4741 1.7036 3.5480 12.2999 1.1404 11.4334 0.0574 0.0018
Car 0.0000 0 1.9100 641.0019 161.1337 706.6109 200.5493 1.5786 1.6094 3.8690 3.0039 0.8045 30.4057 2.0093 0.0018
Car 0.0000 0 -1.1613 1208.5706 168.1671 1224.0000 260.1491 1.3807 1.6348 3.8514 12.4059 1.1973 12.0727 -0.3738 0.0018
Car 0.0000 0 0.6936 232.8999 183.2534 403.9426 241.8119 1.5128 1.6661 4.4243 -8.0799 1.5975 19.8764 0.3147 0.0018
Car 0.0000 0 2.2202 0.0000 175.9338 135.9314 231.9525 1.5282 1.6433 4.0753 -16.3597 1.4052 21.3242 1.5748 0.0018
Car 0.0000 0 -2.5371 638.9803 164.0329 759.1959 205.6723 1.5147 1.6886 4.5343 3.6081 0.9172 27.8608 -2.4079 0.0018
Car 0.0000 0 -0.0040 601.3392 168.8642 720.8920 205.5452 1.4509 1.6987 4.7434 2.2582 0.9921 28.9858 0.0747 0.0018
Car 0.0000 0 0.9623 673.7892 158.8305 780.0248 205.1312 1.6326 1.8745 4.3511 4.5642 0.8700 27.2934 1.1279 0.0018
Car 0.0000 0 1.6592 627.8295 169.1686 676.6653 206.6181 1.3574 1.5986 3.3131 1.8576 0.9482 27.3847 1.7280 0.0018
Car 0.0000 0 -2.8145 0.0000 0.0000 1224.0000 370.0000 1.2173 1.4337 3.2968 14.7720 1.4274 0.4394 -1.2938 0.0017
Car 0.0000 0 1.3869 679.0380 166.4096 732.4578 203.6229 1.4136 1.5039 3.5708 3.9966 0.8798 28.6701 1.5257 0.0017
Car 0.0000 0 1.9937 0.0000 176.1175 13.6286 228.2328 1.5745 1.7628 3.8854 -21.6774 1.4436 23.4759 1.2566 0.0017
Car 0.0000 0 -1.7604 671.4248 161.4016 729.1337 203.2603 1.5611 1.6050 3.6881 3.7109 0.8504 28.2521 -1.6294 0.0017
Car 0.0000 0 1.9973 638.6788 162.0911 710.2697 200.5619 1.5403 1.6029 3.8652 3.0285 0.8047 30.3773 2.0975 0.0017
Car 0.0000 0 0.5022 672.5122 160.1219 783.8032 203.9569 1.5711 1.7794 3.8385 4.6793 0.8423 27.2287 0.6723 0.0017
Car 0.0000 0 0.4181 671.2604 162.9847 774.4479 205.5133 1.5383 1.6516 3.5566 4.4947 0.9063 27.2362 0.5816 0.0017
Car 0.0000 0 0.9407 868.2020 181.5309 1048.0980 258.0226 1.3197 1.4104 3.4245 6.7834 1.3444 14.0556 1.3832 0.0016
Car 0.0000 0 0.9531 0.0000 176.5734 117.9686 220.6843 1.5245 1.7563 4.1691 -20.2661 1.3904 25.8805 0.2965 0.0016
Car 0.0000 0 0.9849 673.2197 156.9893 771.9578 203.0723 1.6445 1.7697 4.1541 4.4403 0.8070 27.4837 1.1451 0.0016
Car 0.0000 0 -2.1811 828.0040 170.7469 1017.0035 251.1067 1.5790 1.7991 4.1999 6.9558 1.3890 16.1288 -1.7795 0.0016
Car 0.0000 0 -1.8373 670.1205 162.4750 736.1651 204.1769 1.5613 1.6846 3.7678 3.8435 0.8880 28.4452 -1.7026 0.0016
Car 0.0000 0 1.4398 685.7969 163.7561 739.4743 202.4623 1.4532 1.6384 3.7941 4.2360 0.8261 28.4518 1.5878 0.0016
Car 0.0000 0 1.3842 772.7413 154.4703 807.4492 179.0781 1.5771 1.6234 3.4774 12.3428 -0.0974 47.3074 1.6396 0.0016
Car 0.0000 0 -0.0892 651.7533 168.4850 742.3143 206.9459 1.4469 1.5357 3.3553 3.4924 0.9964 27.4248 0.0378 0.0015
Cyclist 0.0000 0 -1.1377 0.0000 171.2795 65.8581 253.5333 1.6210 0.4491 1.6144 -11.9718 1.4409 14.7663 -1.8067 0.0015
Car 0.0000 0 1.7449 0.0000 175.6305 48.3632 218.3856 1.4984 1.6151 3.9343 -22.5814 1.3293 26.8832 1.0539 0.0015
Car 0.0000 0 -2.1270 1142.9749 167.5261 1224.0000 260.8234 1.3973 1.5894 3.7787 11.5126 1.2047 12.5828 -1.3969 0.0015
Car 0.0000 0 1.0648 0.0000 181.7643 110.0043 224.5992 1.4445 1.8078 3.9922 -20.1406 1.4946 25.5514 0.4050 0.0015
Car 0.0000 0 1.1069 676.4600 157.3609 758.4074 200.6388 1.5666 1.6171 3.8101 4.2824 0.7305 27.6505 1.2607 0.0015
Car 0.0000 0 -2.8964 0.0000 0.0000 1224.0000 370.0000 1.4971 1.7104 3.4414 20.2085 0.5018 0.6749 -1.3737 0.0015
Cyclist 0.0000 0 -1.3479 0.0000 173.3789 40.8971 259.6715 1.6538 0.4095 1.7586 -12.0464 1.5189 14.4241 -2.0311 0.0015
Car 0.0000 0 2.2124 0.0000 179.8639 123.0117 234.9796 1.5072 1.6333 3.8513 -16.6417 1.4914 21.2665 1.5574 0.0015
Car 0.0000 0 3.1825 0.0000 0.0000 1224.0000 370.0000 1.5332 1.5691 3.7847 -30.1238 1.9186 1.7545 1.6821 0.0015
Car 0.0000 0 0.7467 0.0000 172.1622 127.4427 218.8293 1.5911 1.7475 4.0759 -19.5947 1.3084 25.1611 0.0930 0.0015
Car 0.0000 0 -0.9047 1211.8323 174.1952 1224.0000 262.0807 1.3377 1.5914 3.4085 12.3289 1.2433 11.7285 -0.1062 0.0014
Car 0.0000 0 2.2908 0.0000 179.7588 127.5279 234.5989 1.4896 1.5846 4.1009 -16.6856 1.4710 21.2970 1.6352 0.0014
Pedestrian 0.0000 0 2.2586 1076.2913 165.8168 1223.5333 370.0000 1.7426 0.4279 0.9056 4.1004 1.6388 5.3971 2.8820 0.0014
Car 0.0000 0 -0.2077 831.3651 170.7309 1035.0542 234.2864 1.5645 1.8591 4.6123 8.4897 1.3257 18.7942 0.2119 0.0014
Car 0.0000 0 -1.9137 668.5940 162.1682 740.1395 204.7144 1.5623 1.5879 3.8548 3.8255 0.8907 28.0069 -1.7776 0.0014
Car 0.0000 0 -2.6833 648.8580 165.2526 762.2930 204.4052 1.4756 1.6845 4.2200 3.9957 0.9025 28.5261 -2.5439 0.0014
Car 0.0000 0 -2.9908 0.0000 0.0000 1224.0000 370.0000 1.5036 1.6783 3.5630 19.9128 0.5914 0.3063 -1.4502 0.0014
Car 0.0000 0 2.2093 0.0000 181.2060 122.5009 236.2397 1.5051 1.6556 3.8012 -16.6674 1.5298 21.2943 1.5541 0.0014
Car 0.0000 0 -0.0102 650.2245 167.5277 749.2495 206.6998 1.4669 1.5564 3.7063 3.6306 0.9826 27.4694 0.1215 0.0013
Car 0.0000 0 0.9962 0.0000 179.8518 117.2957 223.2854 1.4783 1.7793 4.0645 -19.9956 1.4577 25.5765 0.3404 0.0013
Car 0.0000 0 -1.0683 555.5098 167.2705 629.3015 200.1574 1.4140 1.7930 3.7644 -0.5321 0.8467 32.4777 -1.0826 0.0013
Car 0.0000 0 1.2010 679.2753 159.5477 752.7237 201.1426 1.5200 1.5995 3.7359 4.2596 0.7558 27.8289 1.3531 0.0012
Car 0.0000 0 -2.8453 0.0000 0.0000 1224.0000 370.0000 1.5430 1.6502 3.7182 19.3966 0.5736 0.6986 -1.3258 0.0012
Cyclist 0.0000 0 0.0980 0.0000 0.0000 1224.0000 370.0000 1.5163 0.3674 1.5765 -6.5340 1.6151 0.5279 -1.3416 0.0012
Car 0.0000 0 1.0690 628.0385 166.9751 714.6708 207.2632 1.4497 1.7175 3.8298 2.4734 0.9645 27.5351 1.1594 0.0012
Car 0.0000 0 -2.8082 0.0000 0.0000 1224.0000 370.0000 1.5100 1.7227 3.6181 19.7550 0.5521 0.6650 -1.2860 0.0012
Car 0.0000 0 0.9677 676.1320 165.1990 786.2465 211.3705 1.6068 1.8573 4.5868 4.6754 1.0758 27.0720 1.1385 0.0012
Car 0.0000 0 0.8969 0.0000 175.2615 126.8810 220.4807 1.5552 1.7606 4.0761 -19.8159 1.3765 25.6638 0.2471 0.0012
Car 0.0000 0 1.8712 0.0000 176.8916 9.3263 230.4964 1.6139 1.8134 4.0475 -21.6643 1.5068 23.4993 1.1349 0.0011
Car 0.0000 0 2.3871 0.0000 178.5271 124.2505 233.1604 1.4646 1.5674 4.0753 -16.7438 1.4133 21.0832 1.7251 0.0011
Car 0.0000 0 1.8954 619.1166 167.0372 696.2151 206.5825 1.4738 1.7053 4.7445 2.2281 0.9736 28.8629 1.9734 0.0011
Car 0.0000 0 -2.0286 1160.0979 165.9252 1224.0000 259.0792 1.4092 1.5345 3.6467 11.6791 1.1904 12.6546 -1.2941 0.0011
Car 0.0000 0 -2.0120 841.0350 173.4912 1013.9243 252.1023 1.5445 1.8262 4.3544 7.0410 1.4085 16.0943 -1.6052 0.0011
Car 0.0000 0 0.5918 232.9530 181.6597 398.7717 236.2026 1.4270 1.5253 4.1448 -8.0655 1.4628 19.7224 0.2110 0.0011
Car 0.0000 0 2.1829 31.3138 181.9206 152.0228 225.2358 1.4939 1.5703 4.1154 -19.1487 1.5529 26.5766 1.5659 0.0011
Car 0.0000 0 0.0952 620.0435 170.4258 723.8179 207.8741 1.4013 1.4878 3.9029 2.6105 1.0258 27.5522 0.1904 0.0011
Car 0.0000 0 0.9393 666.0269 160.7607 758.2732 205.5401 1.6195 1.5744 3.8694 4.0780 0.9071 27.6451 1.0860 0.0011
Car 0.0000 0 2.5284 922.5017 159.6322 1218.8319 246.4621 1.6874 1.8430 5.0600 9.5284 1.2835 14.7790 3.0930 0.0010
Car 0.0000 0 1.0069 891.7897 180.7088 1058.2731 257.9047 1.3532 1.3465 3.2958 7.1577 1.3595 14.1058 1.4691 0.0010
Car 0.0000 0 0.9524 0.0000 173.7260 121.8345 219.2807 1.5598 1.7808 4.0555 -19.9334 1.3294 25.6537 0.2996 0.0010
Car 0.0000 0 0.5680 233.2086 180.8674 397.4362 235.8890 1.4470 1.4945 4.0846 -8.0740 1.4594 19.7177 0.1868 0.0010
Car 0.0000 0 -0.2845 865.0937 176.2664 1075.2343 248.2474 1.3795 1.3912 3.5881 7.3238 1.3000 14.5433 0.1750 0.0010
Car 0.0000 0 -0.0838 841.7251 168.3396 1056.2642 236.6936 1.6113 1.8828 4.7957 8.6731 1.3263 18.3733 0.3522 0.0009
Pedestrian 0.0000 0 2.5732 37.2368 176.2724 88.4329 260.2549 1.6719 0.5170 0.6583 -11.1331 1.5894 14.4698 1.9297 0.0009
Car 0.0000 0 2.0824 55.3270 179.7185 183.7581 228.3723 1.5359 1.7814 4.2637 -16.6608 1.5128 24.5095 1.4931 0.0009
Car 0.0000 0 1.6307 635.4429 170.5238 683.5311 207.5902 1.3715 1.6677 4.2669 2.2322 1.0039 28.3861 1.7101 0.0009
Car 0.0000 0 0.9980 0.0000 179.6892 121.3421 223.3239 1.4835 1.8010 4.0572 -19.8439 1.4575 25.5688 0.3457 0.0009
Car 0.0000 0 1.9355 70.6696 180.0778 183.2989 230.3901 1.5882 1.8260 4.2152 -16.4629 1.5764 24.5694 1.3528 0.0009
Cyclist 0.0000 0 -2.0147 953.2351 170.7379 1019.5882 256.7853 1.5021 0.4202 1.6033 7.0131 1.3333 13.1465 -1.5330 0.0008
Car 0.0000 0 1.1563 664.6436 168.7217 732.2152 204.7755 1.3639 1.3877 3.5575 3.6902 0.9198 28.6437 1.2849 0.0008
Car 0.0000 0 1.2238 657.7886 164.6913 726.3808 206.8858 1.5055 1.5974 3.1845 3.2285 0.9430 26.9542 1.3435 0.0008
Cyclist 0.0000 0 -2.2746 999.4404 154.4833 1081.4178 253.0869 1.6808 0.4027 1.4586 7.8021 1.2390 12.7998 -1.7365 0.0008
Pedestrian 0.0000 0 0.2221 47.7856 179.1308 92.1254 259.6090 1.6185 0.4840 0.6347 -11.0554 1.5926 14.5640 -0.4150 0.0008
Car 0.0000 0 0.4405 662.0215 163.3304 766.1581 205.0374 1.5191 1.5902 3.6640 4.1813 0.8952 27.4295 0.5919 0.0008
Car 0.0000 0 -0.0181 639.5167 171.6196 727.4302 208.6218 1.3907 1.4574 3.3028 2.9973 1.0584 27.4447 0.0913 0.0008
Car 0.0000 0 1.8154 83.4654 177.8261 182.6668 228.9136 1.6166 1.8684 4.2621 -16.3472 1.5335 24.6875 1.2382 0.0008
Car 0.0000 0 1.4833 675.4362 165.8918 738.3229 215.0683 1.6943 1.9135 4.9114 3.7337 1.1925 26.8563 1.6216 0.0008
Pedestrian 0.0000 0 -1.6337 665.8451 162.6270 678.3527 194.1291 1.7624 0.6618 0.6631 3.7746 0.7639 39.8929 -1.5383 0.0007
Car 0.0000 0 -1.9685 658.5567 166.9686 738.8832 206.8745 1.4876 1.7491 4.1015 3.6641 0.9847 28.5615 -1.8405 0.0007
Car 0.0000 0 -2.6292 636.5633 167.5935 760.9659 206.5976 1.4768 1.7212 4.8107 3.7437 0.9897 28.8957 -2.5000 0.0007
Car 0.0000 0 1.9862 64.2777 180.3463 186.1979 231.4606 1.6011 1.8293 4.4195 -16.4381 1.5979 24.4748 1.4024 0.0007
Pedestrian 0.0000 0 -1.6310 665.7804 162.6018 678.3525 194.3307 1.7740 0.6652 0.6934 3.7720 0.7747 39.8861 -1.5357 0.0007
Car 0.0000 0 -2.7882 627.0251 170.5088 748.7638 205.3218 1.3355 1.7096 4.6426 3.3448 0.9537 28.9303 -2.6726 0.0007
Car 0.0000 0 0.0603 638.9648 169.8478 735.5930 207.8800 1.4233 1.5414 3.6412 3.2042 1.0261 27.5332 0.1767 0.0007
Car 0.0000 0 1.0846 672.1868 161.6080 747.7902 204.8621 1.5946 1.5039 3.4568 4.0519 0.8996 27.9410 1.2288 0.0006
Car 0.0000 0 0.9661 631.8591 170.4510 722.8834 210.4655 1.4395 1.7501 3.6354 2.7097 1.0795 27.4440 1.0652 0.0006
Car 0.0000 0 1.2774 633.6851 169.8888 706.3541 209.4187 1.4279 1.6518 4.3140 2.4341 1.0461 27.8146 1.3654 0.0006
Car 0.0000 0 1.1314 652.2079 167.9606 736.5309 206.9110 1.4359 1.5127 4.6641 3.4630 0.9751 28.5113 1.2527 0.0006
Cyclist 0.0000 0 0.1929 660.7573 155.1276 700.0753 190.3945 1.9569 0.6967 2.1104 4.2454 0.5504 39.8727 0.3000 0.0005
Cyclist 0.0000 0 0.0476 665.5436 154.9904 704.6617 190.4780 1.9522 0.8032 2.1336 4.4679 0.5503 39.4587 0.1613 0.0005
Car 0.0000 0 -2.4466 627.2903 168.5729 749.8739 208.9560 1.4603 1.7100 4.8160 3.1740 1.0305 27.8949 -2.3327 0.0005
Car 0.0000 0 1.4675 675.7949 167.2335 718.6281 204.6778 1.4148 1.3720 3.1607 3.6203 0.9151 28.3071 1.5952 0.0005
Car 0.0000 0 1.4362 674.5043 166.6704 720.8352 204.7625 1.4407 1.4263 3.0902 3.6338 0.9192 28.2864 1.5644 0.0005
Car 0.0000 0 1.2385 658.3586 172.1535 724.8726 208.2687 1.3477 1.4128 4.0159 3.3823 1.0378 28.4926 1.3572 0.0004
Car 0.0000 0 1.5937 669.8174 163.6750 712.5035 206.8268 1.5404 1.5193 3.8402 3.3359 0.9413 27.2444 1.7159 0.0004
Cyclist 0.0000 0 -2.5947 966.6473 158.2654 1061.6443 252.5301 1.6293 0.3935 1.5191 7.4290 1.2466 12.9742 -2.0834 0.0004
Car 0.0000 0 -0.9962 0.0000 130.7390 209.9546 370.0000 1.7888 1.7328 4.1953 -5.7000 1.4667 6.7692 -1.6713 0.0004
Car 0.0000 0 1.4109 672.3221 167.7040 721.2805 206.7344 1.4620 1.4345 3.1500 3.5686 0.9842 28.0781 1.5377 0.0003
Pedestrian 0.0000 0 -1.3172 670.7662 158.2234 687.5341 190.0324 1.7614 0.7819 0.7079 4.1484 0.5292 39.6152 -1.2118 0.0003
Pedestrian 0.0000 0 -1.3161 670.6130 157.8269 687.8869 189.7393 1.7660 0.8030 0.7361 4.1535 0.5127 39.6086 -1.2106 0.0003
Pedestrian 0.0000 0 -1.4085 666.0118 163.8614 680.3599 193.2954 1.6313 0.6950 0.7082 3.8141 0.7105 39.6117 -1.3115 0.0003
Pedestrian 0.0000 0 -1.4728 666.2143 163.9791 679.7483 193.7617 1.6512 0.6861 0.7404 3.8042 0.7367 39.6252 -1.3760 0.0003
Pedestrian 0.0000 0 -1.6798 670.7655 159.2202 685.4656 191.0670 1.7801 0.7527 0.6972 4.1109 0.5920 39.8668 -1.5760 0.0003
Pedestrian 0.0000 0 -1.7146 670.6627 158.9897 685.8566 190.8459 1.7791 0.7576 0.7099 4.1174 0.5792 39.8520 -1.6106 0.0003
Car 0.0000 0 1.3198 661.5203 171.0435 719.0566 209.0925 1.4228 1.4076 3.6808 3.3266 1.0707 28.3524 1.4371 0.0002
Car 0.0000 0 1.2621 650.1470 166.8717 714.4703 207.0344 1.4850 1.5234 3.5245 2.9684 0.9826 28.0177 1.3683 0.0002
Car 0.0000 0 -0.9636 0.0000 144.8699 246.0254 344.0858 1.8699 1.4323 3.0235 -5.6947 1.5372 8.1557 -1.5533 0.0002
Car 0.0000 0 1.1891 650.8287 166.9855 724.5280 209.0634 1.5267 1.6932 3.3991 3.1192 1.0378 27.5112 1.3025 0.0001
Cyclist 0.0000 0 -1.3245 336.5955 168.6311 377.8528 256.4070 1.6997 0.4518 1.4296 -5.0746 1.4715 14.4176 -1.6543 0.0001
Pedestrian 0.0000 0 -1.6850 40.1650 177.8807 69.7781 254.7871 1.5112 0.4146 0.5628 -11.1210 1.4614 14.2353 -2.3356 0.0001
Pedestrian 0.0000 0 1.1824 36.4428 183.3548 73.8006 258.7577 1.4711 0.4200 0.5405 -11.0352 1.5311 14.1318 0.5321 0.0001