Pedestrian 0.0000 0 -3.6280 946.0552 129.6192 1064.6592 301.1319 2.0307 0.5737 1.1271 4.8317 1.4299 8.6582 -3.1327 0.8799
Pedestrian 0.0000 0 2.6278 946.2925 128.8179 1061.8467 299.7105 2.0211 0.5858 1.0856 4.8187 1.4115 8.6605 3.1219 0.8700
Pedestrian 0.0000 0 2.6022 946.1938 128.9268 1058.8160 300.7170 2.0309 0.5800 1.0569 4.8058 1.4229 8.6683 3.0948 0.7984
Pedestrian 0.0000 0 2.6011 947.9360 128.4122 1055.0406 299.8758 2.0260 0.5883 0.9829 4.7934 1.4122 8.6672 3.0927 0.7652
Pedestrian 0.0000 0 2.5593 946.5302 130.5923 1058.5320 300.7740 2.0117 0.6064 1.0413 4.8258 1.4234 8.7015 3.0520 0.7464
Pedestrian 0.0000 0 2.5797 944.0781 130.8996 1057.8126 301.3685 2.0167 0.6002 1.0663 4.8028 1.4316 8.6968 3.0707 0.7458
Pedestrian 0.0000 0 2.5736 943.7806 131.7591 1062.7959 302.0850 2.0151 0.6102 1.1279 4.8359 1.4401 8.7062 3.0670 0.7301
Pedestrian 0.0000 0 2.5933 948.2415 129.9655 1053.5555 300.1450 2.0151 0.5873 0.9646 4.7984 1.4184 8.6878 3.0844 0.7051
Car 0.0000 0 -1.0000 0.0000 0.0000 1224.0000 370.0000 1.4606 1.5497 3.5279 1.9407 1.6083 0.4313 0.2015 0.4817
Car 0.0000 0 -4.1929 0.0000 0.0000 1224.0000 370.0000 1.4554 1.6431 3.8710 1.6525 1.6121 0.3284 -2.9963 0.3938
Car 0.0000 0 4.3261 0.0000 0.0000 1224.0000 370.0000 1.5306 1.6256 4.2480 -2.5140 1.6901 0.5435 3.0890 0.3613
Pedestrian 0.0000 0 -1.5614 73.4114 172.7873 107.5632 265.6189 1.6492 0.4943 0.5532 -9.4435 1.5139 12.9246 -2.1790 0.3376
Pedestrian 0.0000 0 -1.6595 73.0421 173.7136 108.6399 266.2041 1.6441 0.4861 0.5388 -9.4483 1.5251 12.9262 -2.2773 0.3363
Car 0.0000 0 0.1235 0.0000 0.0000 1224.0000 370.0000 1.4770 1.5959 3.5473 1.6743 1.6110 -0.0124 1.5122 0.2939
Car 0.0000 0 -1.8847 0.0000 0.0000 1224.0000 370.0000 1.5077 1.6314 4.2452 -2.3656 1.6826 0.4763 -3.1279 0.2682
Car 0.0000 0 3.5385 237.8010 0.0000 1224.0000 370.0000 1.5385 1.5469 3.5623 -1.1893 1.6310 -0.1759 2.0929 0.2578
Car 0.0000 0 0.4267 319.2756 0.0000 1224.0000 370.0000 1.5639 1.5847 3.5882 -1.1165 1.6234 -0.1451 -0.9838 0.2435
Car 0.0000 0 -4.0150 0.0000 0.0000 1224.0000 370.0000 1.4806 1.6419 4.1192 1.2622 1.6393 0.4279 -2.9795 0.2368
Car 0.0000 0 4.4089 0.0000 0.0000 1224.0000 370.0000 1.5179 1.6050 4.2582 -2.3275 1.6809 0.1020 3.0204 0.2245
Car 0.0000 0 4.3248 0.0000 0.0000 1224.0000 370.0000 1.5355 1.6276 4.3088 -2.3864 1.6998 -0.0028 2.8891 0.2205
Car 0.0000 0 0.3007 0.0000 0.0000 1224.0000 370.0000 1.4504 1.5654 3.5138 1.5069 1.6220 -0.0364 1.6847 0.2149
Car 0.0000 0 0.3362 0.0000 0.0000 1224.0000 370.0000 1.4402 1.5422 3.6050 1.5143 1.6410 0.0840 1.6458 0.2131
Car 0.0000 0 2.1480 0.0000 0.0000 1224.0000 370.0000 1.5002 1.6151 4.2217 1.3625 1.6676 0.6026 3.1235 0.1998
Car 0.0000 0 -1.0364 0.0000 0.0000 1224.0000 370.0000 1.4632 1.5214 3.5146 2.1922 1.5626 0.2170 0.2942 0.1956
Car 0.0000 0 -0.8787 0.0000 0.0000 1224.0000 370.0000 1.4766 1.5830 3.6394 1.6911 1.5917 0.2427 0.3706 0.1932
Car 0.0000 0 0.5649 0.0000 0.0000 1224.0000 370.0000 1.4304 1.4986 3.5769 1.4126 1.6483 0.3100 1.7158 0.1914
Car 0.0000 0 4.3218 214.7657 0.0000 1224.0000 370.0000 1.5537 1.6099 4.2800 -2.2024 1.6884 -0.1530 2.8297 0.1817
Car 0.0000 0 2.8574 0.0000 0.0000 1224.0000 370.0000 1.4645 1.4887 3.6033 -1.3643 1.6697 -0.0130 1.5119 0.1814
Car 0.0000 0 -0.9169 0.0000 0.0000 881.4814 370.0000 1.5253 1.5750 3.6554 1.7778 1.6056 -0.0321 0.4929 0.1812
Car 0.0000 0 -0.7905 0.0000 229.9032 1224.0000 370.0000 1.4984 1.5984 3.9217 1.3448 1.6402 1.1223 -0.0396 0.1689
Car 0.0000 0 4.2392 153.4326 0.0000 1224.0000 370.0000 1.5881 1.6098 4.2751 -2.6834 1.7066 -0.0763 2.7617 0.1650
Car 0.0000 0 0.0103 0.0000 0.0000 1224.0000 370.0000 1.4747 1.6744 3.7619 1.9375 1.5986 -0.0536 1.4442 0.1639
Car 0.0000 0 -4.1056 0.0000 0.0000 1224.0000 370.0000 1.4724 1.6709 3.7397 1.4407 1.6079 0.2396 -2.9057 0.1620
Car 0.0000 0 0.0573 0.0000 0.0000 1224.0000 370.0000 1.5123 1.5953 3.5996 1.6489 1.5993 -0.1667 1.5348 0.1590
Car 0.0000 0 1.1842 0.0000 0.0000 1224.0000 370.0000 1.4868 1.6022 4.3558 -2.2548 1.6837 0.5630 -0.0105 0.1583
Car 0.0000 0 -0.0444 0.0000 0.0000 1224.0000 370.0000 1.4976 1.6308 3.6554 1.9890 1.5751 -0.0349 1.3838 0.1569
Car 0.0000 0 0.4916 0.0000 0.0000 1224.0000 370.0000 1.4599 1.6112 3.8008 1.6357 1.6164 0.2352 1.7349 0.1568
Car 0.0000 0 3.5524 0.0000 0.0000 1224.0000 370.0000 1.5418 1.5466 3.6849 -1.7559 1.6491 -0.3223 1.9839 0.1555
Car 0.0000 0 3.6488 126.5509 0.0000 1224.0000 370.0000 1.5194 1.5302 3.5984 -1.4282 1.6345 -0.2916 2.1020 0.1524
Car 0.0000 0 -1.1566 223.9800 0.0000 1224.0000 370.0000 1.4397 1.5890 3.5747 1.7833 1.6269 0.6946 -0.1030 0.1497
Car 0.0000 0 -4.0507 0.0000 0.0000 1224.0000 370.0000 1.5239 1.6839 4.3344 0.9239 1.6253 0.2413 -3.0268 0.1493
Pedestrian 0.0000 0 2.4784 47.0155 171.9066 100.2645 264.3965 1.6522 0.4908 0.6099 -9.7976 1.5003 12.9855 1.8456 0.1472
Car 0.0000 0 -0.8034 0.0000 0.0000 778.7888 370.0000 1.5080 1.5934 3.9488 1.5959 1.6166 -0.0069 0.5732 0.1452
Car 0.0000 0 0.1570 272.3672 0.0000 1224.0000 370.0000 1.5952 1.6493 3.5073 -0.7208 1.6153 -0.1803 -1.2156 0.1440
Car 0.0000 0 0.5968 0.0000 0.0000 1224.0000 370.0000 1.4373 1.5970 3.7335 1.5892 1.6178 0.3443 1.7714 0.1413
Car 0.0000 0 -4.0141 0.0000 0.0000 1224.0000 370.0000 1.5116 1.6627 4.3558 0.8669 1.6438 0.3572 -3.1072 0.1385
Car 0.0000 0 0.4874 0.0000 0.0000 1224.0000 370.0000 1.4701 1.5976 3.6907 1.2430 1.6466 0.1031 1.7293 0.1348
Car 0.0000 0 3.2206 160.4227 0.0000 1224.0000 370.0000 1.4792 1.5508 3.5125 -1.1067 1.6519 -0.0273 1.9130 0.1347
Car 0.0000 0 -2.1093 0.0000 0.0000 1224.0000 370.0000 1.4601 1.5273 3.9263 -1.4037 1.6531 0.6105 -3.0912 0.1316
Car 0.0000 0 4.2725 0.0000 0.0000 1224.0000 370.0000 1.5751 1.6553 4.3637 -2.6194 1.7008 0.0603 2.8486 0.1301
Car 0.0000 0 -0.9934 0.0000 0.0000 1224.0000 370.0000 1.5198 1.5353 3.6889 2.1442 1.5759 -0.0721 0.4622 0.1271
Car 0.0000 0 4.2693 0.0000 0.0000 1224.0000 370.0000 1.5770 1.6885 4.3526 -2.5896 1.7233 0.4188 2.9791 0.1242
Car 0.0000 0 4.3799 0.0000 0.0000 1224.0000 370.0000 1.5583 1.6089 4.1894 -2.0155 1.6806 -0.0678 2.9368 0.1238
Cyclist 0.0000 0 0.1731 0.0000 0.0000 1224.0000 370.0000 1.6999 0.5163 1.8439 -1.4009 1.6167 0.2678 -0.9964 0.1219
Car 0.0000 0 3.4666 0.0000 0.0000 1224.0000 370.0000 1.5025 1.4995 3.6038 -1.8346 1.6428 -0.1503 1.9916 0.1215
Car 0.0000 0 2.0179 0.0000 0.0000 1224.0000 370.0000 1.4910 1.6311 3.6792 1.7756 1.6517 0.6280 3.0984 0.1148
Car 0.0000 0 0.3634 0.0000 0.0000 1224.0000 370.0000 1.4438 1.7006 3.9855 2.0270 1.6058 0.3200 1.6284 0.1132
Car 0.0000 0 0.3310 53.2110 0.0000 1224.0000 370.0000 1.4894 1.5755 3.5735 1.1853 1.6414 -0.1850 1.7871 0.1120
Car 0.0000 0 -3.9643 0.0000 0.0000 1224.0000 370.0000 1.5195 1.6577 4.1928 0.6654 1.6209 0.2886 -3.1352 0.1102
Car 0.0000 0 4.2835 100.2414 0.0000 1224.0000 370.0000 1.5670 1.6364 4.5265 -2.9635 1.7093 -0.0682 2.8002 0.1083
Car 0.0000 0 0.7281 0.0000 0.0000 1224.0000 370.0000 1.4338 1.5452 3.5654 1.2556 1.6369 0.3461 1.8106 0.0920
Car 0.0000 0 4.2153 0.0000 0.0000 1224.0000 370.0000 1.5759 1.6475 4.3322 -2.6942 1.7027 0.1040 2.8033 0.0894
Car 0.0000 0 -0.0364 0.0000 0.0000 1224.0000 370.0000 1.5308 1.6204 3.7815 2.0822 1.5752 -0.2321 1.4919 0.0890
Car 0.0000 0 4.2636 230.9374 0.0000 1224.0000 370.0000 1.6145 1.6202 4.2128 -2.4643 1.6789 -0.1330 2.7715 0.0885
Car 0.0000 0 -4.2538 0.0000 0.0000 1224.0000 370.0000 1.5632 1.6750 4.2620 1.0205 1.6334 0.0045 -2.9923 0.0863
Car 0.0000 0 -3.5964 0.0000 0.0000 1224.0000 370.0000 1.5021 1.6123 4.2741 0.4191 1.6314 0.4120 -3.0763 0.0848
Car 0.0000 0 -3.8321 0.0000 0.0000 1224.0000 370.0000 1.4920 1.5736 3.8533 0.8544 1.6452 0.6298 -3.0996 0.0847
Car 0.0000 0 4.3310 0.0000 0.0000 1224.0000 370.0000 1.5474 1.5921 4.0592 -1.8621 1.6591 0.1893 3.0306 0.0833
Car 0.0000 0 2.1995 0.0000 185.4147 68.0840 238.4650 1.4985 1.6901 4.0655 -19.3546 1.6706 22.4438 1.4965 0.0819
Car 0.0000 0 4.1516 0.0000 0.0000 1224.0000 370.0000 1.5377 1.6124 4.1148 -1.6099 1.6438 -0.0470 2.7526 0.0796
Car 0.0000 0 3.5787 0.0000 0.0000 1224.0000 370.0000 1.5155 1.5940 3.9496 -2.0853 1.6129 -0.2009 2.0684 0.0789
Car 0.0000 0 2.2922 0.0000 0.0000 1224.0000 370.0000 1.5452 1.6359 4.2010 0.5512 1.6273 0.2235 3.0834 0.0782
Car 0.0000 0 -2.3737 0.0000 0.0000 1224.0000 370.0000 1.4452 1.5743 3.8038 1.7498 1.6152 0.7496 -1.3513 0.0756
Pedestrian 0.0000 0 0.6370 47.3133 173.0510 99.7849 263.7231 1.6338 0.4902 0.5958 -9.7955 1.5012 12.9811 0.0041 0.0748
Car 0.0000 0 -0.2321 281.9099 0.0000 1224.0000 370.0000 1.4929 1.5933 3.4805 -0.7616 1.6459 0.1333 -1.2607 0.0724
Car 0.0000 0 2.5090 0.0000 0.0000 1224.0000 370.0000 1.5484 1.6312 4.2474 0.2574 1.6113 0.2317 2.9459 0.0715
Car 0.0000 0 -3.1131 0.0000 0.0000 1224.0000 370.0000 1.4461 1.6105 3.4325 9.5370 1.4035 -0.2896 -1.5444 0.0687
Pedestrian 0.0000 0 -1.6003 63.0346 171.0904 98.0613 266.6068 1.6602 0.4931 0.6669 -9.4698 1.4983 12.6988 -2.2273 0.0686
Car 0.0000 0 2.6164 0.0000 0.0000 1224.0000 370.0000 1.4427 1.5631 3.6527 -1.5214 1.6656 0.5299 1.5584 0.0684
Car 0.0000 0 2.1509 0.0000 0.0000 1224.0000 370.0000 1.6080 1.6440 4.2534 0.5469 1.5938 0.1092 3.0545 0.0674
Car 0.0000 0 -1.3216 1163.9576 188.3033 1224.0000 370.0000 1.3641 1.5095 3.4920 6.9949 1.4577 6.7789 -0.5422 0.0660
Car 0.0000 0 -3.7964 0.0000 0.0000 1224.0000 370.0000 1.4930 1.6161 4.1891 0.5320 1.6206 0.3418 -3.1196 0.0651
Cyclist 0.0000 0 0.0798 23.8785 0.0000 1224.0000 370.0000 1.6851 0.5403 1.8925 -1.0733 1.5742 0.0708 -1.1366 0.0647
Car 0.0000 0 -2.1455 1161.3694 158.2619 1224.0000 216.7650 1.5085 1.6180 3.5565 17.8121 0.9367 20.1028 -1.4267 0.0635
Car 0.0000 0 2.1965 0.0000 181.1859 75.6842 231.6963 1.4707 1.6667 4.2388 -19.4188 1.4965 22.8139 1.4999 0.0629
Car 0.0000 0 -4.1697 0.0000 0.0000 1224.0000 370.0000 1.5887 1.6730 4.3878 0.6649 1.6213 0.0415 -3.0990 0.0604
Car 0.0000 0 2.1688 0.0000 181.1025 69.2744 232.7150 1.4835 1.6806 4.2561 -19.4195 1.5061 22.5716 1.4671 0.0603
Car 0.0000 0 0.4030 0.0000 0.0000 1224.0000 370.0000 1.5435 1.7031 3.9368 -3.9391 1.6899 -0.2731 -1.1535 0.0601
Car 0.0000 0 0.6579 0.0000 0.0000 1224.0000 370.0000 1.6017 1.7124 3.9538 -2.8511 1.6767 0.1102 -0.7604 0.0600
Car 0.0000 0 0.5463 0.0000 0.0000 1224.0000 370.0000 1.5725 1.7249 3.9870 -2.9030 1.6861 0.3673 -0.7893 0.0590
Car 0.0000 0 3.1518 0.0000 0.0000 1224.0000 370.0000 1.4546 1.5151 3.6350 -1.7674 1.6689 0.1142 1.8253 0.0586
Car 0.0000 0 -0.7327 598.0027 0.0000 1224.0000 370.0000 1.5017 1.6053 3.6985 -0.3427 1.6170 0.7750 -1.0328 0.0582
Car 0.0000 0 2.2093 0.0000 186.1074 56.7366 242.0305 1.5290 1.7405 4.0919 -19.3243 1.7206 21.8545 1.4941 0.0575
Car 0.0000 0 -2.3398 0.0000 0.0000 1224.0000 370.0000 1.4176 1.4817 3.6568 1.5608 1.6171 0.7561 -1.3724 0.0569
Car 0.0000 0 -3.4559 0.0000 0.0000 1224.0000 370.0000 1.5115 1.5953 4.1907 0.3686 1.6388 0.6768 -3.1008 0.0565
Car 0.0000 0 2.2424 0.0000 182.6523 73.0137 234.9397 1.5037 1.6821 4.1308 -19.3810 1.5804 22.5892 1.5419 0.0561
Car 0.0000 0 2.2329 0.0000 182.7231 71.9989 235.2566 1.5064 1.6909 4.1317 -19.3722 1.5855 22.5444 1.5317 0.0560
Pedestrian 0.0000 0 1.5649 954.5137 171.8397 987.4175 269.6959 1.5209 0.4571 0.6478 5.8356 1.3879 11.3754 2.0293 0.0541
Car 0.0000 0 -2.2291 1142.4222 156.0399 1224.0000 215.5155 1.5540 1.6334 4.0035 17.8263 0.9165 20.5096 -1.5196 0.0538
Car 0.0000 0 2.5227 0.0000 0.0000 1224.0000 370.0000 1.6111 1.6430 4.1528 0.1633 1.5561 0.1084 2.8886 0.0524
Car 0.0000 0 -2.5235 1124.9706 156.2439 1224.0000 216.9561 1.5445 1.6683 4.0035 17.3492 0.9290 20.1270 -1.8182 0.0518
Car 0.0000 0 3.0567 0.0000 0.0000 1224.0000 370.0000 1.5038 1.6034 4.0586 0.0269 1.6378 0.5895 3.0883 0.0515
Cyclist 0.0000 0 -0.0866 180.4687 0.0000 1224.0000 370.0000 1.6898 0.4552 1.8501 -1.0891 1.6465 0.3903 -1.0755 0.0513
Car 0.0000 0 -2.6041 0.0000 0.0000 1224.0000 370.0000 1.4472 1.5425 3.5254 5.6241 1.4206 -0.1668 -1.0597 0.0484
Car 0.0000 0 0.3081 0.0000 0.0000 1224.0000 370.0000 1.4783 1.6826 3.8039 8.0187 1.3342 1.7960 1.6220 0.0483
Cyclist 0.0000 0 -0.2987 204.3330 0.0000 1224.0000 370.0000 1.6835 0.4374 1.7983 -1.0758 1.6746 0.5981 -1.1596 0.0471
Car 0.0000 0 -3.6479 0.0000 0.0000 1224.0000 370.0000 1.5034 1.5697 4.3104 0.6565 1.6572 0.6301 -3.0431 0.0467
Car 0.0000 0 1.5718 1213.2390 194.8534 1224.0000 370.0000 1.3405 1.4999 3.7167 6.6988 1.5118 6.5021 2.3495 0.0463
Cyclist 0.0000 0 3.0292 0.0000 0.0000 1224.0000 370.0000 1.7136 0.5735 1.8174 -1.7340 1.6156 0.2453 1.7772 0.0461
Car 0.0000 0 -3.0993 0.0000 0.0000 1224.0000 370.0000 1.4638 1.6073 3.4444 9.6694 1.4236 -0.2591 -1.5337 0.0458
Car 0.0000 0 -3.1409 0.0000 0.0000 1224.0000 370.0000 1.5344 1.6174 4.2531 0.0542 1.6241 0.6811 -3.0847 0.0448
Pedestrian 0.0000 0 -1.4927 953.2898 171.1683 988.2151 267.7718 1.5036 0.4588 0.6518 5.8569 1.3601 11.3979 -1.0276 0.0433
Pedestrian 0.0000 0 1.0611 1002.6940 223.1507 1097.0291 370.0000 1.1374 0.3709 0.5601 3.3126 1.4807 5.3750 1.5895 0.0433
Car 0.0000 0 3.5757 13.8440 0.0000 1224.0000 370.0000 1.5108 1.5562 3.8508 -2.1520 1.6514 -0.0160 2.1485 0.0427
Pedestrian 0.0000 0 1.9311 964.0165 167.2186 1012.8568 272.4723 1.6393 0.4777 0.7192 6.1549 1.4341 11.4248 2.4154 0.0420
Car 0.0000 0 -0.3796 843.8552 178.9266 1062.3661 257.8197 1.3491 1.5116 3.2548 6.1967 1.3239 12.9368 0.0593 0.0418
Car 0.0000 0 2.3037 0.0000 184.9888 75.8540 237.7275 1.4993 1.6111 4.0657 -19.2482 1.6568 22.5040 1.6048 0.0417
Car 0.0000 0 3.0243 0.0000 0.0000 1224.0000 370.0000 1.4481 1.5570 3.6253 -1.8041 1.6619 0.3890 1.8313 0.0402
Pedestrian 0.0000 0 1.0215 1002.8198 218.5294 1100.9417 370.0000 1.1857 0.3765 0.5731 3.3231 1.4920 5.3685 1.5517 0.0398
Car 0.0000 0 0.9210 0.0000 0.0000 1224.0000 370.0000 1.5296 1.5791 3.9815 -0.7692 1.6133 0.1912 -0.0577 0.0390
Car 0.0000 0 3.2262 47.4502 0.0000 1224.0000 370.0000 1.5084 1.6071 3.8448 -2.0423 1.6426 0.3757 1.9869 0.0381
Car 0.0000 0 -0.4158 233.3452 0.0000 1039.9857 370.0000 1.6136 1.6502 3.6477 -0.2799 1.5722 -0.1744 -1.4921 0.0381
Car 0.0000 0 -1.0619 718.1654 0.0000 1224.0000 370.0000 1.4784 1.6502 3.8308 0.0872 1.6284 1.0249 -0.9953 0.0380
Car 0.0000 0 2.5336 0.0000 186.7629 87.0867 238.8740 1.4734 1.6121 3.9166 -19.1060 1.6937 22.5935 1.8402 0.0370
Car 0.0000 0 2.3070 0.0000 184.3289 77.5183 237.1803 1.5109 1.6189 4.0855 -19.2652 1.6460 22.5807 1.6093 0.0369
Car 0.0000 0 2.4275 0.0000 187.4355 77.1090 239.1568 1.4371 1.5998 3.8912 -19.0691 1.6768 22.2351 1.7273 0.0368
Car 0.0000 0 2.7326 0.0000 0.0000 1224.0000 370.0000 1.5059 1.5924 4.2021 0.2617 1.6386 0.4739 3.0518 0.0358
Car 0.0000 0 0.3485 78.2433 0.0000 1224.0000 370.0000 1.5573 1.7287 3.7342 -2.5657 1.6756 0.6346 -0.8634 0.0358
Car 0.0000 0 1.0088 0.0000 0.0000 1224.0000 370.0000 1.5997 1.6456 4.3608 -0.8760 1.6364 -0.0080 -0.2144 0.0336
Car 0.0000 0 2.2997 0.0000 183.0011 79.1345 234.0297 1.4703 1.6306 4.1194 -19.2759 1.5593 22.6563 1.6034 0.0335
Car 0.0000 0 3.2227 0.0000 0.0000 1224.0000 370.0000 1.5816 1.6742 4.0018 -0.1564 1.6055 0.0216 2.8014 0.0335
Car 0.0000 0 1.5489 1211.2040 191.4953 1224.0000 370.0000 1.3779 1.5410 3.7315 6.7168 1.5115 6.5875 2.3217 0.0325
Pedestrian 0.0000 0 2.0141 963.5320 169.1531 1014.3062 273.1696 1.6194 0.4523 0.7407 6.1519 1.4444 11.4062 2.4989 0.0324
Cyclist 0.0000 0 0.7539 50.8172 168.7149 155.4897 264.1115 1.6906 0.5040 1.6762 -9.1928 1.4834 12.8983 0.1481 0.0324
Car 0.0000 0 3.6236 0.0000 0.0000 1224.0000 370.0000 1.5845 1.6370 4.0521 -2.4968 1.6118 -0.0952 2.1457 0.0319
Car 0.0000 0 -3.3571 0.0000 0.0000 1224.0000 370.0000 1.5048 1.5864 3.8145 0.8546 1.6560 1.0210 -2.7892 0.0319
Car 0.0000 0 2.0127 0.0000 182.8974 52.1562 235.6531 1.5028 1.7364 4.1416 -19.7066 1.5884 22.5644 1.3035 0.0319
Car 0.0000 0 2.2320 0.0000 187.3421 67.3357 240.7038 1.4991 1.6252 3.9354 -19.2944 1.7365 22.3706 1.5290 0.0318
Car 0.0000 0 -2.3355 0.0000 0.0000 1224.0000 370.0000 1.4265 1.5616 3.6594 1.2844 1.6299 0.7616 -1.4644 0.0316
Car 0.0000 0 -2.4485 1127.1802 156.5054 1224.0000 217.2328 1.5729 1.6554 3.8183 17.4181 0.9530 20.3327 -1.7463 0.0311
Car 0.0000 0 -3.2818 0.0000 0.0000 1224.0000 370.0000 1.5089 1.6314 4.1630 0.7881 1.6625 1.0511 -2.7596 0.0311
Pedestrian 0.0000 0 1.7827 263.2269 173.7289 303.0651 275.6243 1.5341 0.4363 0.6334 -5.0432 1.4338 10.9945 1.3654 0.0310
Car 0.0000 0 -2.0628 1150.1104 155.2571 1224.0000 216.9090 1.6092 1.6806 4.1358 17.9637 0.9519 20.6504 -1.3528 0.0305
Car 0.0000 0 -0.6330 1126.4276 158.3924 1224.0000 218.1393 1.5872 1.7366 3.9185 17.2029 1.0015 19.7931 0.0762 0.0304
Cyclist 0.0000 0 1.7674 259.8024 172.7583 314.6920 279.0276 1.5672 0.4829 1.5810 -5.0701 1.4547 11.2459 1.3562 0.0304
Car 0.0000 0 2.0646 0.0000 182.6409 59.6628 235.5138 1.5132 1.7442 4.2447 -19.6653 1.5902 22.6709 1.3587 0.0303
Cyclist 0.0000 0 0.7014 42.5081 171.4437 145.6790 266.1013 1.6866 0.4589 1.6202 -9.3517 1.5269 12.8925 0.0873 0.0301
Car 0.0000 0 -1.6688 297.5740 0.0000 1158.5286 370.0000 1.5437 1.6782 3.7015 0.2493 1.6373 0.3976 -1.3337 0.0291
Pedestrian 0.0000 0 1.3399 57.4959 171.9035 102.6302 267.4259 1.6556 0.5119 0.6878 -9.4542 1.5083 12.6685 0.7125 0.0285
Car 0.0000 0 2.0499 0.0000 180.5943 60.4212 232.7209 1.5032 1.7131 4.4260 -19.6951 1.5081 22.7411 1.3448 0.0283
Car 0.0000 0 -0.4636 856.3542 180.2434 1078.2007 258.8113 1.3536 1.4774 3.3008 6.4691 1.3509 12.9281 -0.0077 0.0279
Car 0.0000 0 -0.8426 403.7240 0.0000 1224.0000 370.0000 1.4846 1.6328 3.5275 -0.3530 1.6334 0.3564 -1.3191 0.0277
Car 0.0000 0 2.2709 0.0000 188.6621 46.8179 243.3959 1.4697 1.6109 3.7951 -19.2555 1.7412 21.4660 1.5487 0.0272
Car 0.0000 0 -0.3763 874.4241 180.7509 1102.7771 259.5374 1.3357 1.4890 3.3451 6.8093 1.3423 12.8972 0.1010 0.0268
Pedestrian 0.0000 0 1.1802 921.8055 173.3559 969.5143 268.6091 1.4907 0.5083 0.5663 5.4177 1.3806 11.3550 1.6163 0.0262
Car 0.0000 0 3.0607 0.0000 0.0000 1224.0000 370.0000 1.5711 1.6484 4.1377 -0.0459 1.5626 0.0722 2.9507 0.0258
Car 0.0000 0 -1.9822 0.0000 0.0000 1224.0000 370.0000 1.5364 1.5857 3.7832 5.4507 1.5404 -0.1609 -0.4398 0.0256
Car 0.0000 0 2.8239 0.0000 0.0000 1224.0000 370.0000 1.5247 1.6236 4.1732 0.0505 1.5975 0.1909 2.9254 0.0255
Pedestrian 0.0000 0 2.2887 953.1841 168.1568 1008.6675 266.1540 1.5706 0.4451 0.7245 6.1578 1.3745 11.6674 2.7648 0.0252
Pedestrian 0.0000 0 1.4237 88.4258 169.3503 128.4663 267.6945 1.7347 0.5138 0.6473 -9.0937 1.5397 12.8789 0.8223 0.0248
Car 0.0000 0 -2.1889 0.0000 0.0000 1043.9557 370.0000 1.5324 1.7160 3.7762 0.7772 1.7049 0.7953 -1.5803 0.0248
Car 0.0000 0 3.7209 33.7826 0.0000 1224.0000 370.0000 1.5909 1.6615 4.0134 -2.6794 1.6765 0.2151 2.3500 0.0247
Car 0.0000 0 0.5553 402.8457 0.0000 1224.0000 370.0000 1.4967 1.6586 3.8495 0.7666 1.6627 -0.2661 2.0531 0.0242
Cyclist 0.0000 0 -0.7145 375.1292 0.0000 1224.0000 370.0000 1.7098 0.4387 1.7402 -0.6547 1.6792 0.7545 -1.2588 0.0234
Pedestrian 0.0000 0 1.8365 273.3758 175.6153 315.4007 274.5299 1.5343 0.4562 0.6553 -5.0097 1.4602 11.3185 1.4319 0.0231
Car 0.0000 0 -3.5984 1114.4368 158.6458 1224.0000 217.9756 1.5676 1.6700 3.9865 17.0199 0.9918 19.9662 -2.8987 0.0231
Cyclist 0.0000 0 3.8506 0.0000 0.0000 1224.0000 370.0000 1.7155 0.6224 1.8137 -1.5076 1.6331 0.3969 2.7274 0.0229
Car 0.0000 0 0.0894 0.0000 0.0000 1224.0000 370.0000 1.3592 1.5398 3.2405 9.5983 1.3783 0.0734 1.6203 0.0229
Car 0.0000 0 2.3609 0.0000 182.1781 91.9259 233.9827 1.5083 1.6756 4.3055 -19.2300 1.5696 22.9512 1.6720 0.0228
Car 0.0000 0 2.4600 0.0000 189.9656 73.5275 242.7605 1.4372 1.5255 3.9040 -19.0453 1.7614 22.0390 1.7561 0.0226
Car 0.0000 0 2.5143 0.0000 184.3078 91.8548 235.8789 1.4825 1.6010 4.0195 -19.1133 1.6184 22.7837 1.8249 0.0225
Cyclist 0.0000 0 1.8839 0.0000 0.0000 1224.0000 370.0000 2.0284 0.6565 1.8562 -4.2011 1.8259 -0.3034 0.3192 0.0223
Car 0.0000 0 -1.9233 1173.8490 157.0341 1224.0000 215.8817 1.5366 1.6110 3.9925 18.3196 0.9255 20.6100 -1.2027 0.0223
Pedestrian 0.0000 0 1.8843 962.1482 166.0457 1006.8308 267.5550 1.6149 0.4640 0.6946 6.2138 1.3866 11.6521 2.3647 0.0215
Car 0.0000 0 -0.4149 886.1893 180.0091 1118.5320 259.3065 1.3399 1.4768 3.3590 7.0148 1.3332 12.8081 0.0774 0.0210
Car 0.0000 0 -2.7188 347.9766 0.0000 1224.0000 370.0000 1.6504 1.6967 3.8325 0.3404 1.5274 -0.2495 -1.3610 0.0209
Car 0.0000 0 -2.4059 1125.7573 156.0366 1224.0000 216.4599 1.5650 1.6746 4.0071 17.4771 0.9330 20.4050 -1.7037 0.0209
Pedestrian 0.0000 0 0.8625 979.9014 161.4559 1049.0516 293.8250 1.6873 0.4203 0.7251 5.3859 1.4462 9.4047 1.3698 0.0206
Car 0.0000 0 2.0466 0.0000 179.1395 23.1994 239.0589 1.5345 1.6708 4.1769 -18.8713 1.5013 20.3361 1.3081 0.0206
Car 0.0000 0 3.0209 0.0000 0.0000 1224.0000 370.0000 1.5235 1.6409 4.0979 -0.0641 1.6002 0.2059 2.9038 0.0204
Pedestrian 0.0000 0 -1.2300 895.0881 170.2561 943.8287 268.7719 1.5310 0.5464 0.6222 5.0267 1.3734 11.3967 -0.8231 0.0203
Car 0.0000 0 0.3182 0.0000 0.0000 1224.0000 370.0000 1.4267 1.5139 3.6078 7.8515 1.3694 1.7149 1.6365 0.0202
Cyclist 0.0000 0 -1.0643 33.6667 172.8778 121.4460 271.3781 1.6399 0.4628 1.7286 -9.4310 1.5146 12.6521 -1.6911 0.0201
Pedestrian 0.0000 0 0.6006 975.8996 161.5742 1051.7224 295.1269 1.6952 0.4089 0.7765 5.3809 1.4567 9.4085 1.1074 0.0197
Car 0.0000 0 2.2422 0.0000 180.5340 84.2924 231.0021 1.4846 1.6892 4.4101 -19.4186 1.4874 23.0189 1.5500 0.0190
Car 0.0000 0 2.1376 0.0000 180.5779 19.9867 237.4692 1.4909 1.5404 3.7414 -19.0715 1.4949 20.5039 1.3978 0.0187
Car 0.0000 0 -2.3009 1127.6930 155.3042 1224.0000 216.7478 1.6041 1.6822 4.0822 17.5315 0.9479 20.5188 -1.5999 0.0186
Car 0.0000 0 0.9090 202.9086 0.0000 1224.0000 370.0000 1.4735 1.6412 3.7370 0.7439 1.6992 0.1970 1.8709 0.0186
Car 0.0000 0 -2.0488 1148.2678 154.9466 1224.0000 216.7014 1.6146 1.6918 4.2123 17.9637 0.9481 20.7242 -1.3406 0.0185
Car 0.0000 0 3.7035 0.0000 188.2068 120.2415 236.0311 1.4425 1.6296 4.2226 -18.3154 1.7028 22.6946 3.0330 0.0185
Cyclist 0.0000 0 0.7447 0.0000 0.0000 1224.0000 370.0000 1.6773 0.5322 1.8588 1.0971 1.6484 0.3376 1.7749 0.0182
Car 0.0000 0 1.6012 1211.8722 191.1569 1224.0000 370.0000 1.3885 1.4981 3.6192 6.8996 1.5178 6.6693 2.3816 0.0174
Pedestrian 0.0000 0 1.9021 269.2989 173.4494 314.7368 274.5645 1.5595 0.4568 0.6956 -5.0225 1.4524 11.2642 1.4949 0.0174
Car 0.0000 0 3.7351 0.0000 186.3858 120.5889 234.4230 1.4493 1.6337 4.1575 -18.1507 1.6466 22.5371 3.0657 0.0168
Pedestrian 0.0000 0 0.8829 1010.1145 165.9124 1081.0736 293.0146 1.6253 0.4424 0.7180 5.8113 1.4404 9.4241 1.4222 0.0165
Car 0.0000 0 1.7932 0.0000 180.1083 14.2395 239.7761 1.5029 1.6947 4.3474 -18.4505 1.4946 20.1148 1.0606 0.0165
Car 0.0000 0 -0.9096 0.0000 182.5170 105.3501 231.4350 1.4883 1.6705 4.1972 -19.1436 1.5636 23.7844 -1.5791 0.0165
Car 0.0000 0 1.8758 0.0000 179.7040 49.4253 231.7562 1.5083 1.6849 4.3918 -19.7429 1.4868 22.8333 1.1715 0.0163
Car 0.0000 0 -2.7544 0.0000 0.0000 1224.0000 370.0000 1.4555 1.5697 3.6296 5.8094 1.4662 0.0318 -1.2433 0.0162
Pedestrian 0.0000 0 1.1360 623.6616 176.3785 661.7604 269.1180 1.5586 0.3934 0.7168 0.6040 1.4910 12.2837 1.1856 0.0161
Car 0.0000 0 -2.1150 555.8846 162.3595 604.3249 187.1649 1.7541 1.6558 4.1670 -1.8747 0.4726 52.1901 -2.1488 0.0160
Car 0.0000 0 2.2970 0.0000 186.1257 46.1824 242.4374 1.5149 1.6833 3.8972 -19.2936 1.7019 21.3539 1.5713 0.0157
Car 0.0000 0 0.0671 0.0000 0.0000 1224.0000 370.0000 1.3484 1.5119 3.3197 9.6976 1.3760 0.0798 1.5977 0.0157
Car 0.0000 0 2.1579 0.0000 187.6841 44.4387 244.0987 1.4898 1.5805 3.9430 -19.0343 1.7283 21.2508 1.4366 0.0156
Car 0.0000 0 -3.1920 0.0000 0.0000 1224.0000 370.0000 1.5121 1.6623 4.0950 0.5194 1.6936 1.1440 -2.8504 0.0155
Car 0.0000 0 0.9337 0.0000 190.3140 118.5329 239.0585 1.4325 1.5709 4.2893 -18.0129 1.7667 22.6374 0.2701 0.0154
Pedestrian 0.0000 0 1.1414 893.6129 170.4939 944.9696 267.5634 1.5179 0.5367 0.6296 5.0006 1.3631 11.3726 1.5472 0.0154
Car 0.0000 0 -0.8760 0.0000 182.1571 101.9989 232.0676 1.4979 1.7180 4.3093 -19.1903 1.5597 23.5293 -1.5518 0.0153
Car 0.0000 0 -2.1264 0.0000 0.0000 981.0874 370.0000 1.4965 1.6587 3.6150 0.7365 1.7093 1.0181 -1.6229 0.0151
Car 0.0000 0 2.6120 0.0000 0.0000 1224.0000 370.0000 1.4118 1.5266 3.4402 -18.5984 1.5595 1.8538 1.1593 0.0150
Car 0.0000 0 2.2600 0.0000 185.7097 33.6818 241.8867 1.5037 1.5918 3.5555 -19.2392 1.6738 21.0651 1.5291 0.0150
Car 0.0000 0 2.1386 0.0000 179.2425 20.6113 238.2229 1.5309 1.5685 3.9220 -19.0504 1.4999 20.4144 1.3973 0.0150
Car 0.0000 0 -1.8374 1179.4778 156.1658 1224.0000 216.8980 1.5788 1.6707 4.1594 18.3709 0.9478 20.6104 -1.1154 0.0148
Car 0.0000 0 -2.0930 0.0000 0.0000 1224.0000 370.0000 1.5774 1.5688 3.8438 5.4609 1.4761 -0.2951 -0.5260 0.0147
Car 0.0000 0 -4.4011 0.0000 0.0000 1224.0000 370.0000 1.4142 1.5712 3.8178 10.4748 1.3420 0.2170 -2.8804 0.0147
Pedestrian 0.0000 0 0.4899 1008.3515 166.7135 1084.1586 294.7635 1.6304 0.4305 0.7429 5.8268 1.4565 9.4267 1.0303 0.0145
Car 0.0000 0 0.9277 0.0000 191.3812 120.2695 239.3002 1.4005 1.5600 4.0860 -17.8081 1.7689 22.5385 0.2674 0.0139
Car 0.0000 0 2.0519 0.0000 184.2876 22.3663 243.4301 1.5191 1.5942 3.8780 -18.9214 1.6416 20.4990 1.3159 0.0139
Car 0.0000 0 2.5835 553.1306 165.9187 609.3200 189.2477 1.6175 1.7001 3.6906 -1.6885 0.6078 50.7502 2.5522 0.0138
Car 0.0000 0 -0.8263 0.0000 184.4521 110.3368 232.9700 1.4813 1.6290 4.0296 -19.1465 1.6285 23.9918 -1.4918 0.0138
Car 0.0000 0 1.9881 0.0000 178.5708 22.6815 239.4023 1.5435 1.6968 4.3670 -18.7782 1.4962 20.2750 1.2506 0.0138
Car 0.0000 0 -1.9604 0.0000 182.6702 35.6514 236.2380 1.5671 1.7426 4.2571 -20.3544 1.6431 22.5368 -2.6863 0.0137
Car 0.0000 0 2.8111 553.2380 165.6835 609.7865 188.5483 1.6063 1.6980 3.7386 -1.6978 0.5667 51.1223 2.7799 0.0136
Car 0.0000 0 2.6502 549.3509 164.8412 607.9495 187.5623 1.5757 1.6964 3.8579 -1.8756 0.4911 50.7323 2.6153 0.0135
Car 0.0000 0 2.3646 0.0000 184.3552 32.6960 240.6289 1.5058 1.5610 3.5437 -19.2932 1.6316 20.9775 1.6302 0.0133
Car 0.0000 0 -2.6742 1112.8080 156.5939 1224.0000 217.8082 1.5698 1.6956 3.9698 17.1730 0.9584 20.2856 -1.9778 0.0132
Car 0.0000 0 -2.0500 744.1182 153.2229 787.1885 178.2511 1.9776 1.7454 4.1695 13.2549 -0.1920 58.5032 -1.8265 0.0131
Pedestrian 0.0000 0 0.8358 995.9561 185.0402 1060.4155 288.4247 1.3721 0.4196 0.6715 5.7981 1.4390 9.7838 1.3583 0.0130
Car 0.0000 0 -3.0446 546.5604 164.8287 605.0699 186.8621 1.5743 1.7296 4.1085 -2.0887 0.4559 51.4984 -3.0831 0.0130
Car 0.0000 0 -2.7205 0.0000 0.0000 1224.0000 370.0000 1.5644 1.5909 3.6897 5.7311 1.5426 -0.2277 -1.1649 0.0129
Car 0.0000 0 0.8043 1215.1635 154.4271 1224.0000 219.5249 1.5071 1.5501 3.8882 18.2170 0.9051 18.3155 1.5799 0.0128
Car 0.0000 0 2.3310 0.0000 180.6533 30.6073 238.4987 1.5336 1.5949 3.8631 -19.2422 1.5401 20.6980 1.5914 0.0128
Pedestrian 0.0000 0 1.2937 76.6530 170.3323 122.4024 265.7785 1.6491 0.4956 0.7106 -9.0766 1.4751 12.6282 0.6842 0.0127
Car 0.0000 0 -1.8754 743.7575 152.2812 781.1321 178.8445 2.0948 1.7890 4.3165 12.9344 -0.1404 58.2581 -1.6562 0.0127
Car 0.0000 0 1.7614 0.0000 182.4296 12.9699 245.4833 1.5789 1.7083 4.4154 -18.4751 1.6419 20.1742 1.0295 0.0127
Car 0.0000 0 1.7111 0.0000 179.9841 8.3213 240.7768 1.5178 1.7282 4.4882 -18.3487 1.5065 19.9922 0.9782 0.0126
Car 0.0000 0 -1.8556 743.9951 151.9724 780.0323 178.9509 2.1412 1.7976 4.2065 12.9598 -0.1318 58.5181 -1.6370 0.0126
Car 0.0000 0 -1.6269 581.4307 162.1695 608.0256 186.8926 1.7667 1.7409 4.4005 -0.7988 0.4581 52.7750 -1.6402 0.0125
Car 0.0000 0 1.5566 604.3985 164.9234 644.6326 200.1587 1.4981 1.7107 3.8524 0.8343 0.8373 31.9934 1.5843 0.0125
Car 0.0000 0 1.5257 1216.3085 187.7659 1224.0000 370.0000 1.4202 1.5316 3.5878 6.9584 1.5119 6.9059 2.2937 0.0125
Car 0.0000 0 -2.7934 0.0000 0.0000 1224.0000 370.0000 1.3799 1.4833 3.5858 9.6283 1.3147 0.2605 -1.2818 0.0125
Car 0.0000 0 2.2895 0.0000 184.5076 28.4114 240.5952 1.4940 1.5420 3.4644 -19.1801 1.6234 20.8215 1.5544 0.0124
Car 0.0000 0 -2.7937 1107.3048 158.5939 1224.0000 219.1924 1.5451 1.6733 4.1550 17.0939 0.9881 20.2386 -2.0984 0.0122
Pedestrian 0.0000 0 1.0549 999.2896 185.2259 1055.4430 286.3910 1.3488 0.3886 0.6531 5.7846 1.4181 9.7803 1.5766 0.0121
Car 0.0000 0 -1.5894 1213.3667 155.8891 1224.0000 215.8455 1.5666 1.6433 3.8593 18.6731 0.9251 20.4649 -0.8558 0.0121
Car 0.0000 0 2.1479 0.0000 185.6542 28.4869 241.6695 1.4749 1.5820 3.5590 -19.0660 1.6421 20.8377 1.4161 0.0120
Car 0.0000 0 2.0290 533.9481 160.4315 609.2000 198.5372 1.5044 1.6018 3.9545 -1.3628 0.7136 30.0419 1.9861 0.0119
Car 0.0000 0 -4.3141 0.0000 0.0000 1224.0000 370.0000 1.4143 1.5533 3.7888 10.4167 1.2961 0.1577 -2.7880 0.0118
Car 0.0000 0 -1.5428 727.6935 156.3404 751.4090 181.5751 2.0266 1.8277 4.0778 11.2685 0.0876 58.9664 -1.3531 0.0118
Car 0.0000 0 0.9707 0.0000 192.6060 113.7716 239.3345 1.3568 1.5401 3.9754 -17.9225 1.7675 22.5530 0.3077 0.0118
Car 0.0000 0 -2.7283 0.0000 0.0000 1224.0000 370.0000 1.5692 1.6122 3.7357 5.7356 1.5186 -0.2338 -1.1717 0.0117
Car 0.0000 0 1.8364 399.0640 174.8050 496.2188 234.3198 1.4695 1.6143 3.8977 -4.2333 1.3305 19.4448 1.6273 0.0116
Car 0.0000 0 -2.7528 0.0000 0.0000 1224.0000 370.0000 1.5163 1.5417 3.6213 5.7451 1.4501 -0.2333 -1.1963 0.0116
Car 0.0000 0 2.9039 546.3823 164.9747 607.3201 187.0375 1.5529 1.7054 4.1195 -2.0414 0.4614 51.1408 2.8661 0.0114
Car 0.0000 0 1.3410 589.5996 163.6122 646.0378 199.8903 1.5461 1.7327 3.8387 0.4974 0.8279 32.1872 1.3581 0.0114
Car 0.0000 0 -2.6704 1114.3809 156.3946 1224.0000 216.8654 1.5539 1.6987 3.9469 17.2281 0.9361 20.3126 -1.9730 0.0113
Car 0.0000 0 2.1135 0.0000 175.2034 30.5186 237.1601 1.5681 1.6995 4.5116 -18.8292 1.4356 20.2685 1.3745 0.0113
Car 0.0000 0 2.8787 550.4255 165.0971 607.6986 187.2824 1.5616 1.6982 3.8309 -1.8803 0.4787 51.1381 2.8440 0.0113
Cyclist 0.0000 0 0.6935 23.2514 170.8242 139.3687 266.2816 1.6596 0.5181 1.7455 -9.3680 1.4930 12.6056 0.0682 0.0113
Car 0.0000 0 -2.1203 0.0000 189.1861 47.6029 235.2601 1.3553 1.6184 3.7858 -20.0905 1.6514 22.6367 -2.8376 0.0112
Car 0.0000 0 1.7579 0.0000 178.4198 14.4297 239.4828 1.5211 1.7075 4.6005 -18.3083 1.4709 20.0177 1.0267 0.0111
Car 0.0000 0 -2.0154 0.0000 184.2097 35.4426 235.2828 1.4923 1.6864 4.4064 -20.4745 1.6206 22.5205 -2.7445 0.0111
Car 0.0000 0 1.8241 549.0179 161.5091 610.8878 199.6529 1.4901 1.6326 4.0436 -0.9981 0.7497 29.7682 1.7928 0.0110
Car 0.0000 0 -1.9668 562.8365 161.6108 607.1534 187.5936 1.8439 1.7308 4.3922 -1.5302 0.5047 52.5291 -1.9939 0.0110
Car 0.0000 0 -1.9974 562.9904 163.6672 607.0964 187.4379 1.6863 1.6870 4.1861 -1.5188 0.4935 52.4053 -2.0244 0.0110
Car 0.0000 0 0.9218 0.0000 191.1728 122.4461 238.5685 1.3797 1.5920 4.2713 -17.8017 1.7407 22.4906 0.2608 0.0109
Car 0.0000 0 -0.4971 555.7327 167.1923 613.6765 189.6471 1.5707 1.7337 3.8278 -1.4542 0.6411 51.1615 -0.5236 0.0109
Car 0.0000 0 -1.6774 580.4697 163.4492 609.4642 187.2239 1.6970 1.7157 4.2705 -0.7810 0.4812 52.6848 -1.6903 0.0108
Car 0.0000 0 -2.6123 0.0000 0.0000 1224.0000 370.0000 1.5547 1.6306 3.9283 11.4360 0.8859 0.5883 -1.1198 0.0108
Car 0.0000 0 -1.7283 726.1851 153.9039 755.7946 179.7527 2.0576 1.7734 4.1492 11.2247 -0.0629 58.5033 -1.5379 0.0106
Car 0.0000 0 -0.8451 0.0000 184.7185 113.2769 232.3249 1.4523 1.6426 3.9765 -18.9848 1.6090 23.9620 -1.5070 0.0106
Car 0.0000 0 -2.6019 0.0000 0.0000 1224.0000 370.0000 1.5044 1.6067 3.6651 11.6223 0.8703 0.5158 -1.1019 0.0106
Car 0.0000 0 1.8729 548.9846 161.8784 612.3069 199.8776 1.5042 1.5894 3.9229 -0.9828 0.7686 30.0870 1.8425 0.0104
Car 0.0000 0 -3.3072 1100.5195 157.6195 1224.0000 218.3227 1.5957 1.6479 4.3354 16.9786 0.9958 20.3779 -2.6186 0.0104
Car 0.0000 0 -2.2600 0.0000 186.1185 39.9417 235.2806 1.4482 1.6469 4.0697 -20.3162 1.6350 22.1947 -2.9924 0.0102
Car 0.0000 0 -0.8222 0.0000 183.0856 112.9641 231.4048 1.4750 1.6946 4.0090 -18.9938 1.5713 23.8678 -1.4862 0.0101
Car 0.0000 0 -1.7412 579.3032 167.1287 609.6641 189.1191 1.5733 1.6365 3.8095 -0.8116 0.6179 52.6034 -1.7548 0.0101
Car 0.0000 0 -1.6009 587.6869 162.8262 612.4094 187.0692 1.7341 1.7171 4.2083 -0.3974 0.4712 52.7042 -1.6066 0.0101
Car 0.0000 0 -1.7335 744.4133 151.3872 775.0793 178.6683 2.1427 1.7648 4.4106 12.6790 -0.1551 58.0805 -1.5179 0.0100
Car 0.0000 0 -0.3233 583.1956 164.6306 638.0878 186.2287 1.5473 1.6642 3.7012 0.4136 0.4117 52.0095 -0.3136 0.0100
Car 0.0000 0 -2.0344 562.4343 164.0245 607.0915 187.7393 1.6823 1.6714 4.0465 -1.5344 0.5149 52.3319 -2.0617 0.0099
Car 0.0000 0 -2.3682 0.0000 186.6165 38.3070 237.3784 1.4957 1.6545 4.2146 -20.3612 1.6948 21.9430 -3.1073 0.0099
Car 0.0000 0 1.3149 595.8824 166.4889 654.2045 200.7967 1.4221 1.6934 3.6920 0.8012 0.8428 31.2928 1.3421 0.0099
Car 0.0000 0 -4.4836 0.0000 0.0000 1224.0000 370.0000 1.4238 1.5993 4.1275 10.9704 1.2370 0.2203 -2.9609 0.0098
Car 0.0000 0 -2.5026 0.0000 0.0000 1224.0000 370.0000 1.5593 1.5991 3.7079 11.4660 0.8397 0.8943 -1.0363 0.0097
Cyclist 0.0000 0 0.7672 0.0000 0.0000 1224.0000 370.0000 1.6706 0.5343 1.7261 1.1074 1.6896 0.6715 1.6076 0.0095
Car 0.0000 0 -2.8855 0.0000 0.0000 1224.0000 370.0000 1.5120 1.6413 3.6812 5.9123 1.5161 -0.0332 -1.3623 0.0095
Car 0.0000 0 -2.9765 548.0619 164.7966 606.3770 186.9165 1.5786 1.7205 4.0209 -1.9952 0.4592 51.5663 -3.0131 0.0094
Car 0.0000 0 -2.2131 0.0000 183.3458 33.7831 235.1634 1.5326 1.6378 3.8013 -20.3509 1.6282 22.2080 -2.9461 0.0094
Car 0.0000 0 1.9162 548.6237 163.8375 611.9536 200.6288 1.4776 1.5502 3.7078 -1.0152 0.8099 30.3948 1.8850 0.0093
Car 0.0000 0 -1.7956 572.1716 163.7545 607.9892 187.6970 1.7042 1.7497 4.3030 -1.1500 0.5135 52.6199 -1.8155 0.0092
Car 0.0000 0 -1.8770 1171.6689 156.1336 1224.0000 217.1273 1.5944 1.6744 4.1624 18.3115 0.9591 20.7202 -1.1592 0.0092
Car 0.0000 0 0.8800 0.0000 190.9792 116.9448 238.3806 1.3862 1.5488 3.9399 -17.7977 1.7369 22.3724 0.2165 0.0091
Car 0.0000 0 0.9902 0.0000 0.0000 1224.0000 370.0000 1.5046 1.5478 3.7640 11.7983 1.0446 1.3779 2.4192 0.0091
Car 0.0000 0 -0.2484 584.6685 162.9016 639.9623 185.3331 1.6095 1.6634 3.7721 0.5306 0.3481 51.9785 -0.2364 0.0090
Car 0.0000 0 1.9166 0.0000 169.5457 9.6651 227.5403 1.7229 1.7781 4.5810 -21.7907 1.3991 23.4568 1.1765 0.0090
Car 0.0000 0 1.5681 0.0000 0.0000 1224.0000 370.0000 1.4089 1.5118 3.3304 10.3515 1.3387 0.1956 3.0902 0.0089
Car 0.0000 0 -2.2364 0.0000 170.6202 28.2850 205.6508 1.5519 1.7130 4.4199 -29.2686 1.1157 32.5553 -2.9620 0.0089
Car 0.0000 0 0.6147 0.0000 0.0000 1224.0000 370.0000 1.5064 1.5383 3.7680 11.5515 1.0169 1.0263 2.0705 0.0089
Car 0.0000 0 -1.9502 0.0000 186.0578 36.3849 236.2324 1.4583 1.6923 4.3041 -20.3818 1.6514 22.6511 -2.6742 0.0089
Car 0.0000 0 -1.6361 587.8532 165.9144 613.1544 187.9763 1.5803 1.6281 4.0027 -0.3618 0.5368 52.6940 -1.6411 0.0089
Car 0.0000 0 1.4433 585.1511 162.6588 638.1404 200.4268 1.4611 1.6882 4.1393 0.1820 0.7724 29.5034 1.4513 0.0088
Car 0.0000 0 1.1053 744.8150 158.1505 785.0720 178.8641 1.6671 1.7845 3.7732 13.3791 -0.1407 59.2694 1.3280 0.0087
Car 0.0000 0 1.7289 0.0000 175.2852 5.5748 226.4076 1.5638 1.6298 3.9266 -21.5362 1.4059 23.7161 1.0001 0.0087
Car 0.0000 0 1.8927 0.0000 176.2204 9.4605 228.4395 1.5488 1.7551 4.5425 -21.6711 1.4235 23.3983 1.1542 0.0087
Car 0.0000 0 -1.6424 582.3854 165.7589 608.6073 188.2582 1.6080 1.6661 4.0484 -0.7355 0.5558 52.6145 -1.6545 0.0087
Car 0.0000 0 1.4059 745.5018 157.1702 775.3292 180.0575 1.8397 1.8062 3.9078 12.9231 -0.0369 58.9061 1.6225 0.0087
Car 0.0000 0 -2.2006 0.0000 170.7379 26.3030 206.5100 1.5812 1.7281 4.4959 -29.3595 1.1512 32.5697 -2.9276 0.0086
Car 0.0000 0 1.3842 592.2916 168.2797 644.9012 202.2915 1.4019 1.6562 3.6514 0.5158 0.8997 31.0767 1.4025 0.0086
Car 0.0000 0 1.3897 0.0000 182.5967 34.6886 236.5627 1.5609 1.7152 4.1731 -19.8948 1.6353 22.5733 0.6759 0.0085
Car 0.0000 0 -1.7992 572.8975 165.1632 607.3856 187.8382 1.6145 1.6827 4.0728 -1.1391 0.5238 52.5173 -1.8190 0.0085
Car 0.0000 0 -2.5077 0.0000 0.0000 1224.0000 370.0000 1.5830 1.5996 3.6111 11.6540 0.8575 0.8561 -1.0365 0.0085
Car 0.0000 0 -1.6226 1209.3097 157.1125 1224.0000 218.7078 1.6036 1.6651 3.9173 18.6139 0.9963 20.4486 -0.8903 0.0085
Car 0.0000 0 -1.5841 747.9246 152.6519 771.2109 178.9687 2.0759 1.8086 4.2828 12.7305 -0.1300 58.3141 -1.3684 0.0085
Car 0.0000 0 1.7010 564.7096 162.1251 614.4103 200.0017 1.5039 1.6091 3.9537 -0.6133 0.7758 30.1221 1.6827 0.0085
Car 0.0000 0 -2.0392 744.2305 156.1993 786.0448 178.4054 1.7716 1.8312 3.9000 13.3119 -0.1796 58.9176 -1.8163 0.0085
Car 0.0000 0 -1.8569 571.8548 165.6041 608.6281 188.4383 1.6243 1.6714 3.9810 -1.1299 0.5660 52.4407 -1.8765 0.0085
Car 0.0000 0 0.4099 588.4948 164.7978 681.9260 200.2058 1.4972 1.6709 3.8053 1.3201 0.8347 31.4758 0.4532 0.0085
Car 0.0000 0 1.4108 745.3452 158.3213 775.0526 179.5944 1.7142 1.8386 3.8040 12.9462 -0.0770 59.0872 1.6272 0.0084
Car 0.0000 0 1.7191 562.5071 162.4751 615.3017 200.5558 1.4887 1.6261 4.0934 -0.6277 0.7855 29.7696 1.7002 0.0084
Car 0.0000 0 1.7125 0.0000 180.4427 32.0135 231.2912 1.5058 1.6956 4.4954 -20.3132 1.5056 23.2840 1.0036 0.0084
Car 0.0000 0 3.4752 0.0000 183.9252 127.1324 237.9441 1.5593 1.6120 4.6721 -17.9689 1.6756 22.1378 2.8021 0.0084
Car 0.0000 0 -0.8824 0.0000 175.3179 102.5312 213.6782 1.5231 1.6233 3.9048 -23.6113 1.3188 30.0433 -1.5416 0.0083
Car 0.0000 0 0.0821 554.6822 166.9817 608.8389 188.8752 1.5683 1.6643 3.8233 -1.6607 0.6012 51.5731 0.0519 0.0083
Car 0.0000 0 -2.6901 0.0000 0.0000 1224.0000 370.0000 1.3167 1.5336 3.3394 9.7053 1.2457 1.0605 -1.2595 0.0083
Car 0.0000 0 1.4581 596.0253 165.7728 643.8201 201.6084 1.4486 1.6458 3.7223 0.5631 0.8548 30.5053 1.4782 0.0083
Pedestrian 0.0000 0 1.2022 48.7194 166.3179 84.6015 250.0877 1.6875 0.4285 0.5333 -11.1311 1.4034 14.5613 0.5619 0.0082
Cyclist 0.0000 0 0.3863 0.0000 0.0000 1224.0000 370.0000 1.6601 0.5197 1.9624 1.4754 1.6283 0.4380 1.4823 0.0081
Car 0.0000 0 -2.3957 0.0000 187.0218 34.2960 237.4294 1.4953 1.6019 3.8992 -20.3790 1.7073 21.9955 -3.1341 0.0081
Car 0.0000 0 -1.0922 0.0000 170.3255 29.5628 205.3718 1.5105 1.7064 3.6585 -28.4403 1.0734 32.4457 -1.8052 0.0081
Car 0.0000 0 0.1386 0.0000 171.5031 116.7515 206.2479 1.5477 1.7577 4.5559 -25.9188 1.1484 33.3772 -0.5153 0.0081
Car 0.0000 0 1.0868 0.0000 0.0000 1224.0000 370.0000 1.5224 1.5497 4.0096 11.3912 1.0742 1.3114 2.5165 0.0081
Car 0.0000 0 -4.3281 0.0000 0.0000 1224.0000 370.0000 1.4505 1.5425 3.8845 16.0737 0.9078 -0.1904 -2.7642 0.0081
Car 0.0000 0 1.6226 577.2888 162.8909 620.9506 200.4021 1.4881 1.6472 3.9252 -0.2120 0.7910 30.0427 1.6175 0.0080
Car 0.0000 0 -2.2638 0.0000 170.4393 31.8739 204.6707 1.5228 1.6879 4.1694 -29.0562 1.0767 32.6082 -2.9850 0.0080
Car 0.0000 0 -1.6611 1202.8767 158.0524 1224.0000 218.9621 1.5906 1.6590 3.9282 18.5785 1.0060 20.5299 -0.9316 0.0080
Car 0.0000 0 0.2634 558.1920 166.6814 655.9795 201.1315 1.4946 1.8283 4.1048 0.0993 0.8966 32.0964 0.2683 0.0080
Car 0.0000 0 1.7378 725.4052 157.0939 754.3926 180.4986 1.8971 1.8130 3.6052 11.3619 0.0011 59.3118 1.9279 0.0079
Car 0.0000 0 0.3392 0.0000 169.9310 116.0338 204.9494 1.5575 1.7863 4.5973 -25.8345 1.0889 33.0091 -0.3184 0.0078
Car 0.0000 0 1.3763 592.7291 167.1864 647.3003 201.6433 1.4340 1.7228 3.7614 0.5820 0.8814 31.4227 1.3965 0.0078
Car 0.0000 0 2.1361 0.0000 170.2534 10.8761 206.1949 1.4323 1.6875 3.8760 -27.6499 1.0254 30.2234 1.4022 0.0078
Car 0.0000 0 0.5157 590.3261 165.3810 684.4131 201.1942 1.4840 1.6932 3.7796 1.3808 0.8590 31.0170 0.5616 0.0078
Car 0.0000 0 -0.6653 0.0000 175.3604 115.9718 214.5304 1.5427 1.6530 3.9325 -23.2060 1.3418 29.9533 -1.3176 0.0078
Car 0.0000 0 1.0130 596.0845 163.5975 679.6507 200.9122 1.5027 1.7041 4.0947 1.3247 0.8235 30.6702 1.0576 0.0078
Car 0.0000 0 1.4899 595.9684 162.5171 643.0413 199.3694 1.4631 1.6843 3.8698 0.5326 0.7506 30.0489 1.5093 0.0077
Car 0.0000 0 -1.6202 747.2093 154.2285 772.4318 178.6322 1.8962 1.7932 4.2293 12.5682 -0.1566 57.5096 -1.4043 0.0077
Car 0.0000 0 1.6269 575.3699 162.6707 621.4890 200.4396 1.4600 1.6840 4.0686 -0.2306 0.7723 29.4001 1.6210 0.0077
Car 0.0000 0 1.1788 592.9594 162.1625 666.4966 200.3831 1.5174 1.7289 4.0249 0.9549 0.7909 30.2533 1.2119 0.0076
Car 0.0000 0 1.8420 0.0000 174.0937 5.0643 226.2935 1.5898 1.6962 4.0115 -21.8443 1.3962 23.7015 1.1058 0.0076
Car 0.0000 0 -1.8203 547.7952 163.9865 603.9095 200.4989 1.5811 1.6872 3.8622 -1.4302 0.8675 32.7039 -1.8618 0.0076
Car 0.0000 0 1.4406 579.9114 169.0589 607.8624 191.3322 1.5744 1.5606 3.9233 -0.8468 0.7670 52.0274 1.4262 0.0075
Car 0.0000 0 -2.3371 0.0000 189.9490 128.1069 237.5453 1.4312 1.6464 4.0221 -17.8766 1.7525 22.8079 -2.9935 0.0075
Car 0.0000 0 -2.5118 0.0000 0.0000 1224.0000 370.0000 1.4627 1.4798 3.7001 11.6919 0.9043 1.0472 -1.0564 0.0075
Car 0.0000 0 1.4047 592.9246 168.8851 643.3875 202.5608 1.3879 1.6287 3.6476 0.4978 0.9107 31.0590 1.4224 0.0075
Car 0.0000 0 1.4719 595.1385 162.2578 644.7700 199.4982 1.4603 1.6896 4.0600 0.5402 0.7465 29.8113 1.4917 0.0075
Pedestrian 0.0000 0 0.8286 970.3423 170.1548 1039.8877 290.5984 1.5943 0.4255 0.7673 5.4726 1.4591 9.7780 1.3268 0.0075
Car 0.0000 0 -2.2641 0.0000 184.8049 40.4787 234.4000 1.4640 1.6863 4.2418 -20.4048 1.6077 22.2008 -2.9985 0.0075
Car 0.0000 0 1.9328 0.0000 171.4245 9.0776 225.6337 1.6291 1.7499 4.3190 -21.8801 1.3579 23.5734 1.1931 0.0074
Car 0.0000 0 1.2359 593.4935 162.0082 663.4866 198.9966 1.4481 1.6950 4.0936 0.8872 0.7256 29.8826 1.2672 0.0074
Car 0.0000 0 1.9379 0.0000 167.7308 8.7541 226.1036 1.7244 1.7515 4.7215 -21.8363 1.3487 23.3995 1.1957 0.0074
Car 0.0000 0 1.6118 611.9041 165.0393 652.5543 200.2546 1.4705 1.6493 3.8454 1.2470 0.8264 31.5029 1.6528 0.0074
Car 0.0000 0 2.1597 0.0000 170.2847 11.3386 206.2211 1.4208 1.6269 4.1179 -27.6135 1.0184 30.1040 1.4245 0.0074
Car 0.0000 0 -2.7347 578.4708 165.7458 671.7681 201.5481 1.5258 1.7681 3.7961 0.8838 0.8985 31.7313 -2.7053 0.0074
Car 0.0000 0 -4.5042 0.0000 0.0000 1224.0000 370.0000 1.3993 1.5735 4.0652 16.1372 0.9459 0.0731 -2.9566 0.0074
Car 0.0000 0 -2.2395 0.0000 170.5549 27.0499 205.4037 1.5452 1.6990 4.3380 -29.2954 1.1057 32.5618 -2.9655 0.0073
Cyclist 0.0000 0 -1.3332 64.6556 175.6496 119.9278 268.0349 1.5859 0.4301 1.6413 -9.4229 1.5043 12.9749 -1.9479 0.0073
Car 0.0000 0 0.3089 0.0000 170.9680 113.8663 205.2962 1.5279 1.7506 4.4527 -25.8678 1.1051 33.0478 -0.3488 0.0073
Car 0.0000 0 3.7941 0.0000 182.9863 117.1957 224.5318 1.4570 1.6059 4.1915 -20.4275 1.5518 25.7153 3.1305 0.0072
Car 0.0000 0 1.0594 590.1312 165.2027 665.4027 200.6979 1.4400 1.6531 3.7192 0.9011 0.8209 30.7108 1.0903 0.0072
Car 0.0000 0 0.1681 552.6907 165.7701 609.7354 188.2797 1.6080 1.6880 3.9338 -1.7069 0.5570 51.6084 0.1370 0.0072
Car 0.0000 0 3.4955 0.0000 181.2463 113.7438 222.5493 1.4416 1.6300 3.8194 -20.6617 1.4721 26.0780 2.8331 0.0071
Car 0.0000 0 -2.9269 0.0000 0.0000 1224.0000 370.0000 1.5073 1.5690 3.6140 11.7961 1.0822 0.0100 -1.3830 0.0070
Car 0.0000 0 2.6535 872.3261 173.1039 1085.1096 254.8923 1.4232 1.4074 3.1834 6.7455 1.2961 13.0313 3.1230 0.0070
Car 0.0000 0 -1.8538 728.0212 153.8983 762.6331 179.2664 2.0112 1.7326 4.0639 11.5504 -0.1043 58.3556 -1.6575 0.0070
Car 0.0000 0 3.1103 532.0816 165.7076 623.1305 198.9694 1.4534 1.6505 3.9953 -1.2704 0.8085 31.8509 3.0727 0.0070
Car 0.0000 0 3.7673 0.0000 170.0198 26.3697 205.0521 1.5412 1.7082 4.2683 -29.2643 1.0816 32.1756 3.0360 0.0070
Car 0.0000 0 0.0615 590.9266 163.3366 682.2516 198.5045 1.5302 1.7267 4.0053 1.4433 0.7849 31.8350 0.1083 0.0069
Car 0.0000 0 1.9143 0.0000 176.6768 13.6657 228.7144 1.5469 1.7714 4.4674 -21.5878 1.4349 23.4164 1.1780 0.0069
Car 0.0000 0 -1.0786 593.9158 162.2339 666.6673 198.4975 1.5567 1.6987 3.8851 1.2068 0.7741 32.4526 -1.0399 0.0069
Car 0.0000 0 0.3053 0.0000 170.9896 109.4539 205.1413 1.5200 1.7182 4.2787 -25.9494 1.0982 33.0121 -0.3543 0.0069
Car 0.0000 0 -1.6342 562.6050 163.9207 605.2653 200.5733 1.5947 1.7282 3.8993 -1.0507 0.8748 32.7796 -1.6641 0.0069
Car 0.0000 0 1.0988 590.1274 166.9042 663.0932 201.6751 1.4231 1.6756 3.7321 0.8583 0.8682 30.9786 1.1281 0.0068
Pedestrian 0.0000 0 1.0392 975.8616 172.4869 1037.3323 289.8750 1.5550 0.4099 0.7402 5.4699 1.4505 9.7372 1.5389 0.0068
Car 0.0000 0 1.5690 587.5892 164.7487 630.2272 201.2683 1.4351 1.6757 4.0333 0.1387 0.8176 29.7996 1.5755 0.0068
Car 0.0000 0 1.5552 0.0000 0.0000 1224.0000 370.0000 1.4508 1.6369 4.1524 10.1309 1.3207 0.6886 3.0279 0.0068
Car 0.0000 0 0.3417 0.0000 170.7726 107.5761 204.9389 1.5241 1.7038 4.3182 -26.0796 1.0916 33.0229 -0.3203 0.0068
Car 0.0000 0 3.1050 520.9344 163.5026 618.7736 198.4828 1.5246 1.6740 4.2874 -1.6196 0.7853 31.8283 3.0566 0.0068
Car 0.0000 0 0.7615 0.0000 182.7883 57.2588 232.4112 1.5059 1.5092 3.6828 -19.7552 1.5826 22.3690 0.0469 0.0068
Car 0.0000 0 3.8137 0.0000 171.0593 26.0267 205.2838 1.5109 1.7125 4.3679 -29.3190 1.0956 32.1934 3.0817 0.0068
Car 0.0000 0 0.8841 1218.4624 152.5693 1224.0000 221.5646 1.6209 1.6357 4.0417 18.6313 0.9663 18.6919 1.6610 0.0068
Pedestrian 0.0000 0 -1.4256 929.7750 162.5691 963.0921 245.0987 1.5663 0.5172 0.5378 6.6167 1.2277 13.7813 -0.9852 0.0068
Car 0.0000 0 -2.3198 0.0000 183.4187 113.9688 226.2318 1.4667 1.5998 4.2007 -20.2516 1.5781 25.4902 -2.9834 0.0067
Car 0.0000 0 -1.0075 594.3694 161.7860 669.9882 197.8291 1.5452 1.6868 3.7980 1.2832 0.7444 32.3491 -0.9664 0.0067
Car 0.0000 0 2.1515 0.0000 169.3103 12.7027 205.7218 1.4451 1.6728 4.0864 -27.6369 1.0025 30.2029 1.4176 0.0067
Car 0.0000 0 1.4422 586.7300 167.5058 613.8276 188.8456 1.5235 1.5382 3.7823 -0.3765 0.5971 52.4498 1.4369 0.0067
Car 0.0000 0 -2.7939 0.0000 0.0000 1224.0000 370.0000 1.5397 1.6134 3.5238 5.7986 1.4814 -0.1319 -1.2547 0.0067
Car 0.0000 0 0.3150 0.0000 173.8178 133.8859 211.8288 1.4996 1.7410 4.2773 -22.3669 1.2374 29.4022 -0.3283 0.0067
Car 0.0000 0 -4.5362 0.0000 0.0000 1224.0000 370.0000 1.3443 1.4226 3.4019 15.5888 1.0657 -0.1028 -2.9782 0.0067
Car 0.0000 0 1.5861 588.2887 164.6097 629.6948 201.2352 1.4534 1.6444 3.8001 0.1777 0.8243 29.9711 1.5938 0.0067
Car 0.0000 0 0.2219 549.7507 167.0271 643.0284 201.5799 1.5350 1.6443 4.0424 -0.3906 0.9380 32.6350 0.2119 0.0066
Car 0.0000 0 1.9926 548.5944 164.9062 614.3165 200.2987 1.4420 1.5321 3.5468 -0.9816 0.8082 30.7342 1.9629 0.0066
Car 0.0000 0 0.5095 0.0000 169.7222 109.3799 204.3383 1.5419 1.7617 4.3870 -25.8148 1.0633 32.6931 -0.1523 0.0066
Car 0.0000 0 1.9058 0.0000 177.2278 12.2834 228.9099 1.5364 1.7365 4.4312 -21.5694 1.4407 23.3932 1.1695 0.0066
Car 0.0000 0 1.4948 595.7244 167.0573 639.2508 201.7262 1.4216 1.6164 3.7226 0.4697 0.8718 30.8926 1.5117 0.0066
Car 0.0000 0 -3.1155 580.6525 164.5889 669.5992 200.3430 1.5768 1.8057 3.9360 0.9145 0.8765 32.1876 -3.0856 0.0066
Car 0.0000 0 -2.7884 0.0000 0.0000 1224.0000 370.0000 1.4558 1.6717 3.5027 11.8350 0.8635 0.4338 -1.2802 0.0066
Car 0.0000 0 1.6718 573.8913 163.5936 622.7989 201.0426 1.4645 1.6526 3.9994 -0.2354 0.8048 29.7136 1.6658 0.0065
Car 0.0000 0 0.5508 0.0000 169.0791 111.5352 204.1502 1.5630 1.7851 4.5105 -25.7367 1.0555 32.6411 -0.1103 0.0065
Car 0.0000 0 0.9700 594.2413 159.1550 686.1787 199.5632 1.5980 1.7956 4.3174 1.3975 0.7554 30.2640 1.0175 0.0065
Car 0.0000 0 -1.2450 0.0000 170.5877 37.8324 205.8779 1.5509 1.6548 4.0088 -28.4533 1.1168 33.2368 -1.9464 0.0065
Car 0.0000 0 3.6637 0.0000 170.5496 19.7570 206.1281 1.5377 1.6976 4.3123 -29.3730 1.1091 31.8446 2.9254 0.0064
Car 0.0000 0 3.6710 0.0000 171.7530 23.2572 207.7505 1.5564 1.7266 4.5627 -29.3901 1.1797 31.8823 2.9330 0.0064
Car 0.0000 0 -1.8320 1092.3734 162.7375 1212.9762 222.1003 1.5027 1.6731 4.0403 15.3364 1.0546 20.0794 -1.1857 0.0064
Car 0.0000 0 1.9986 699.7842 163.1435 777.4523 203.0730 1.4660 1.5717 3.8314 5.3239 0.8303 27.9717 2.1864 0.0064
Pedestrian 0.0000 0 1.4905 1121.2148 183.4857 1208.2367 370.0000 1.5242 0.4405 0.7446 4.2188 1.5507 5.4254 2.1253 0.0063
Car 0.0000 0 1.4613 576.2999 167.1241 603.0726 189.0660 1.5567 1.5772 3.7066 -1.1541 0.6090 52.0972 1.4410 0.0063
Car 0.0000 0 -2.6222 0.0000 0.0000 1224.0000 370.0000 1.5161 1.5758 3.2998 11.8546 0.8382 0.8329 -1.1473 0.0063
Car 0.0000 0 3.7064 0.0000 169.4467 30.0171 204.0045 1.5114 1.7044 4.3719 -29.1328 1.0295 32.1191 2.9765 0.0062
Car 0.0000 0 0.4518 582.0170 166.8808 670.3226 200.8112 1.4374 1.6421 3.5753 0.9176 0.8620 31.5053 0.4824 0.0062
Car 0.0000 0 -1.3743 788.5576 150.2328 828.2617 180.3472 1.9214 1.7446 4.3587 13.7021 -0.0095 47.4694 -1.0932 0.0062
Car 0.0000 0 -1.4387 565.5272 164.9179 613.0003 200.7018 1.5660 1.7154 3.8207 -0.6903 0.8856 32.9325 -1.4576 0.0062
Car 0.0000 0 0.5136 0.0000 171.4101 103.7959 205.0005 1.4989 1.6962 4.1300 -25.9238 1.0948 32.6937 -0.1503 0.0062
Car 0.0000 0 -2.4145 0.0000 189.5443 128.0838 238.8531 1.4931 1.6843 4.3263 -18.0597 1.7981 22.7430 -3.0772 0.0062
Car 0.0000 0 -0.6739 1198.5007 157.9180 1224.0000 256.2816 1.4367 1.6510 4.0304 12.3457 1.1085 11.4177 0.1383 0.0062
Car 0.0000 0 -1.3622 562.7587 163.8025 616.6829 199.9621 1.5820 1.7231 3.9914 -0.6634 0.8529 33.0517 -1.3802 0.0061
Car 0.0000 0 0.6344 0.0000 0.0000 1224.0000 370.0000 1.4838 1.5204 4.1431 12.3936 1.1578 2.0960 2.0139 0.0061
Car 0.0000 0 3.6333 0.0000 168.7903 18.5378 205.6445 1.5874 1.7049 4.2440 -29.3592 1.0845 31.7952 2.8945 0.0061
Car 0.0000 0 -2.8058 0.0000 0.0000 1224.0000 370.0000 1.5851 1.6353 3.6148 5.8055 1.5416 -0.0718 -1.2769 0.0061
Car 0.0000 0 -1.3102 596.1641 163.0072 651.6230 198.6481 1.5444 1.6646 3.6696 0.9136 0.7879 32.6291 -1.2806 0.0061
Car 0.0000 0 -1.5069 596.2702 164.5229 636.7700 199.8084 1.5416 1.6429 3.6417 0.5661 0.8450 32.7684 -1.4879 0.0061
Car 0.0000 0 3.7970 0.0000 180.6463 120.1101 221.7697 1.4512 1.6898 4.1482 -20.3850 1.4583 25.8084 3.1362 0.0061
Car 0.0000 0 1.6873 0.0000 176.2408 54.2440 219.8247 1.5343 1.6286 4.0570 -22.3552 1.3859 27.0335 1.0039 0.0061
Car 0.0000 0 2.3171 0.0000 168.2901 12.8575 205.4598 1.4908 1.6877 3.9634 -27.9496 1.0026 30.3434 1.5798 0.0061
Car 0.0000 0 0.6000 0.0000 171.9071 96.0301 204.3484 1.4569 1.6193 3.8756 -26.1043 1.0725 32.6869 -0.0673 0.0061
Car 0.0000 0 1.2488 0.0000 182.8379 35.0737 236.4826 1.5509 1.7719 3.9213 -20.0058 1.6321 22.3405 0.5272 0.0060
Car 0.0000 0 1.7461 560.8356 162.6576 618.5219 200.4334 1.4550 1.6948 4.1255 -0.5817 0.7693 29.3986 1.7284 0.0060
Car 0.0000 0 3.4731 0.0000 167.7445 12.3812 206.3338 1.6308 1.7590 4.1640 -29.3660 1.0932 31.5149 2.7298 0.0060
Car 0.0000 0 0.2978 539.2745 167.0580 645.0118 201.7791 1.5115 1.7769 4.5000 -0.5881 0.9278 32.2540 0.2816 0.0059
Car 0.0000 0 1.3385 1102.8510 163.8266 1211.8636 220.6313 1.4444 1.5775 3.6974 15.4259 1.0221 19.9836 1.9898 0.0059
Car 0.0000 0 -2.7960 570.6638 166.7161 662.0710 201.2996 1.4848 1.7645 3.7396 0.5033 0.8945 31.8395 -2.7785 0.0059
Car 0.0000 0 -2.5438 581.2182 166.2211 672.8749 201.3387 1.4699 1.6564 3.7895 0.9299 0.8737 31.3739 -2.5126 0.0058
Car 0.0000 0 3.5596 0.0000 169.3769 21.0669 204.6535 1.5153 1.6870 4.0508 -29.1285 1.0390 31.7993 2.8249 0.0058
Car 0.0000 0 -0.1998 587.8487 163.6684 680.1179 198.3976 1.5293 1.7416 3.9435 1.2701 0.7896 32.3011 -0.1591 0.0058
Car 0.0000 0 -2.8144 0.0000 0.0000 1224.0000 370.0000 1.5740 1.6311 3.4872 5.8327 1.5421 -0.0430 -1.2901 0.0058
Car 0.0000 0 0.2809 534.9695 167.2459 632.0237 201.4323 1.4886 1.7356 4.0882 -0.9735 0.9129 32.1335 0.2527 0.0058
Car 0.0000 0 -1.2108 0.0000 170.3811 34.1816 205.4870 1.5314 1.6679 3.9243 -28.4716 1.0914 32.9664 -1.9166 0.0058
Car 0.0000 0 3.5184 0.0000 171.3240 25.9238 205.9827 1.4851 1.7296 3.9792 -28.8540 1.0934 31.7909 2.7882 0.0057
Car 0.0000 0 -2.2036 0.0000 181.1803 43.0242 236.4129 1.6350 1.7310 4.0006 -20.1737 1.6592 22.2190 -2.9320 0.0057
Car 0.0000 0 -2.8040 1121.9227 162.1131 1224.0000 221.9904 1.4972 1.7582 4.1646 17.3319 1.0390 19.9174 -2.0942 0.0057
Car 0.0000 0 -1.5976 0.0000 0.0000 1224.0000 370.0000 1.4682 1.7129 4.1852 10.5719 1.1931 0.7253 -0.1243 0.0057
Car 0.0000 0 2.0050 549.5720 165.4013 615.9497 200.6520 1.4592 1.6323 3.4185 -0.9415 0.8357 31.1566 1.9770 0.0056
Car 0.0000 0 0.7064 583.0386 161.3830 684.4229 199.8345 1.5353 1.6907 4.2583 1.1509 0.7735 30.2915 0.7458 0.0056
Car 0.0000 0 -1.4144 0.0000 0.0000 1224.0000 370.0000 1.3659 1.5421 3.6780 15.8912 0.9566 0.0654 0.1333 0.0056
Car 0.0000 0 1.7013 557.1955 165.4516 607.3015 201.6839 1.5250 1.7445 3.9588 -0.9763 0.8931 31.8118 1.6728 0.0055
Car 0.0000 0 1.0819 876.3599 178.3719 1041.0278 259.2254 1.3388 1.4444 3.0771 6.4234 1.3052 13.2722 1.5250 0.0055
Car 0.0000 0 1.6857 565.8312 164.8628 611.6238 200.6654 1.4488 1.5629 3.6158 -0.6666 0.8175 30.4816 1.6660 0.0055
Car 0.0000 0 1.7475 0.0000 175.1484 51.7260 217.6535 1.4982 1.5958 3.9870 -22.5761 1.3111 27.0454 1.0595 0.0055
Car 0.0000 0 -0.4714 1214.4901 152.5068 1224.0000 259.2784 1.4598 1.6250 3.7086 12.1630 1.0788 11.0595 0.3488 0.0055
Car 0.0000 0 -4.4484 0.0000 0.0000 1224.0000 370.0000 1.3446 1.4234 3.3577 15.6837 1.0066 -0.0970 -2.8906 0.0055
Car 0.0000 0 -1.6660 0.0000 0.0000 1224.0000 370.0000 1.6238 1.7573 3.8670 11.8141 0.8320 0.8111 -0.1896 0.0054
Cyclist 0.0000 0 -1.9384 921.4013 167.3937 988.3778 251.8803 1.5131 0.5218 1.7956 6.6333 1.2800 13.5735 -1.4913 0.0054
Car 0.0000 0 0.1965 585.4133 166.3626 672.3636 199.3042 1.4241 1.7011 3.6477 1.0809 0.8144 31.8095 0.2320 0.0054
Car 0.0000 0 1.2084 0.0000 0.0000 1224.0000 370.0000 1.6720 1.6189 4.2191 11.2584 1.0716 0.8744 2.6746 0.0054
Car 0.0000 0 -2.3297 0.0000 181.1477 112.7876 222.4825 1.4286 1.5759 4.1313 -20.3060 1.4545 25.5494 -2.9935 0.0053
Car 0.0000 0 -1.5605 794.0732 148.2845 822.7822 180.0883 2.0312 1.7740 4.6207 13.7401 -0.0279 47.6836 -1.2798 0.0053
Car 0.0000 0 -1.1952 592.7477 162.8929 656.2432 198.0312 1.5148 1.6760 3.6922 0.9394 0.7572 32.5025 -1.1647 0.0053
Car 0.0000 0 0.6786 0.0000 0.0000 1224.0000 370.0000 1.5098 1.5351 3.6800 11.6713 1.0464 1.1088 2.1287 0.0053
Car 0.0000 0 -1.2827 0.0000 0.0000 1224.0000 370.0000 1.3698 1.5448 3.4545 15.6713 1.0436 -0.2643 0.2857 0.0053
Car 0.0000 0 -1.3101 788.3398 152.0060 831.2311 179.8222 1.7669 1.7293 4.2036 13.7328 -0.0462 47.2646 -1.0273 0.0053
Car 0.0000 0 1.9542 549.9714 164.0955 613.3144 200.3870 1.4881 1.5546 3.5307 -0.9796 0.8170 30.9132 1.9247 0.0053
Car 0.0000 0 -1.2771 0.0000 0.0000 1224.0000 370.0000 1.3754 1.5234 3.5331 15.8613 1.0104 -0.1565 0.2846 0.0052
Car 0.0000 0 1.4757 675.3306 163.4968 726.2634 203.5106 1.5168 1.6474 4.3357 3.8270 0.8737 28.9930 1.6073 0.0052
Car 0.0000 0 -1.4801 1210.5861 153.7253 1224.0000 218.3134 1.6850 1.6592 4.2464 18.9409 0.9881 20.4854 -0.7400 0.0052
Car 0.0000 0 1.7013 585.5213 167.2449 633.3723 202.1524 1.4151 1.6059 3.6184 0.2283 0.8792 30.5610 1.7105 0.0052
Car 0.0000 0 -2.4707 0.0000 0.0000 1224.0000 370.0000 1.4464 1.4168 3.4542 11.9979 0.8938 1.1918 -1.0241 0.0052
Car 0.0000 0 0.7529 128.7176 195.7650 257.4642 236.9276 1.4209 1.7704 4.1206 -15.5640 2.0284 26.7273 0.2322 0.0051
Car 0.0000 0 -2.9456 0.0000 0.0000 1224.0000 370.0000 1.3182 1.4162 3.4064 14.8007 1.2180 0.0323 -1.3974 0.0051
Car 0.0000 0 -2.6495 575.4034 156.8038 690.5563 196.5240 1.5723 1.7337 4.5897 1.1277 0.6358 29.8929 -2.6103 0.0051
Cyclist 0.0000 0 -2.2287 917.8295 158.3051 1009.5317 250.4460 1.6011 0.4468 1.8998 6.6268 1.2171 13.2566 -1.7729 0.0051
Car 0.0000 0 1.7712 0.0000 175.8117 53.4494 218.0115 1.4800 1.5939 4.0871 -22.5124 1.3171 26.9713 1.0832 0.0050
Car 0.0000 0 0.8668 0.0000 172.8027 41.0121 206.3624 1.4966 1.6555 4.0486 -28.6014 1.1548 32.6555 0.1541 0.0050
Car 0.0000 0 1.5514 689.0209 164.0471 730.9613 202.5302 1.4543 1.5736 3.7684 4.1904 0.8340 28.6823 1.6967 0.0050
Car 0.0000 0 1.5505 0.0000 0.0000 1224.0000 370.0000 1.4873 1.5033 3.7724 11.9973 1.0983 -0.2375 3.1155 0.0050
Car 0.0000 0 -4.6119 0.0000 0.0000 1224.0000 370.0000 1.4481 1.4934 3.9251 11.2291 1.2201 0.1285 -3.0799 0.0049
Car 0.0000 0 1.6836 693.8815 164.4202 742.8547 203.0186 1.4471 1.5488 3.6222 4.5932 0.8458 28.4567 1.8437 0.0049
Car 0.0000 0 2.1533 0.0000 175.9220 89.1495 213.7532 1.5052 1.5739 3.7584 -23.9981 1.3245 30.0653 1.4865 0.0049
Car 0.0000 0 0.7512 0.0000 0.0000 1224.0000 370.0000 1.5819 1.5822 4.1306 11.9421 1.0487 1.3623 2.1832 0.0049
Car 0.0000 0 1.0916 1070.7875 170.0156 1205.8456 225.0346 1.4249 1.5430 3.6444 15.0424 1.1550 20.2259 1.7252 0.0048
Car 0.0000 0 1.7325 0.0000 175.6603 50.9780 218.4629 1.5040 1.6184 4.0356 -22.5458 1.3354 26.9899 1.0442 0.0048
Car 0.0000 0 2.4330 0.0000 184.7395 94.0643 235.4327 1.4677 1.6096 4.0047 -19.0700 1.6195 22.9320 1.7478 0.0048
Car 0.0000 0 1.6189 575.6534 165.8007 619.0064 202.1066 1.4596 1.6734 3.8081 -0.2931 0.8701 30.3569 1.6112 0.0048
Car 0.0000 0 -1.3626 0.0000 0.0000 1224.0000 370.0000 1.3339 1.5696 3.4566 15.7999 1.0369 -0.0204 0.1904 0.0048
Cyclist 0.0000 0 -2.2959 931.1417 159.1371 1024.8693 247.8798 1.5648 0.4560 1.8320 6.9773 1.1898 13.4066 -1.8240 0.0047
Car 0.0000 0 1.0012 595.6433 157.9945 685.0867 197.1947 1.5385 1.7489 4.2899 1.3913 0.6567 30.0401 1.0489 0.0047
Car 0.0000 0 -0.7116 0.0000 132.2661 302.9008 370.0000 1.9017 1.8823 4.6100 -5.8273 1.5226 8.0447 -1.3181 0.0047
Car 0.0000 0 2.2612 0.0000 185.1714 111.9865 244.5836 1.4843 1.8824 4.9481 -17.0285 1.6379 20.5297 1.5781 0.0047
Car 0.0000 0 -0.8220 1188.6176 158.1592 1224.0000 251.0527 1.4301 1.7026 4.0594 12.3947 1.0879 11.7780 -0.0229 0.0047
Pedestrian 0.0000 0 0.5119 530.7740 166.4798 573.1475 271.1462 1.8700 0.5392 0.5885 -1.0153 1.6211 12.9960 0.4374 0.0046
Car 0.0000 0 1.6716 570.7312 166.2360 620.7230 203.2429 1.4898 1.7544 4.0331 -0.3533 0.9171 30.5480 1.6621 0.0046
Car 0.0000 0 1.6745 586.3347 167.9031 634.5118 203.6095 1.4436 1.6828 3.9264 0.2775 0.9358 30.6267 1.6853 0.0046
Car 0.0000 0 3.4237 0.0000 168.3777 14.6952 204.8349 1.5429 1.7300 3.9178 -29.1148 1.0314 31.5577 2.6854 0.0046
Car 0.0000 0 2.1723 0.0000 182.5344 110.0326 241.7385 1.5102 1.9022 4.8283 -17.0094 1.5784 20.6811 1.4933 0.0046
Car 0.0000 0 -4.6790 0.0000 0.0000 1224.0000 370.0000 1.5360 1.5394 3.7020 11.9621 1.1791 0.0003 -3.1338 0.0045
Car 0.0000 0 0.9928 596.6317 157.2569 686.1178 198.2775 1.6156 1.7755 4.2297 1.4411 0.7017 30.1160 1.0420 0.0045
Car 0.0000 0 -1.5491 0.0000 0.0000 1224.0000 370.0000 1.5989 1.6845 3.8673 11.9745 0.8321 0.8321 -0.0732 0.0045
Car 0.0000 0 3.8219 0.0000 188.4822 41.3137 239.5690 1.5076 1.6676 4.0618 -20.3907 1.7694 22.1023 3.0856 0.0044
Car 0.0000 0 1.6676 0.0000 176.0166 55.0166 219.2468 1.5165 1.6491 4.4594 -22.3705 1.3608 27.1122 0.9853 0.0044
Car 0.0000 0 -0.6193 1201.9257 159.4265 1224.0000 256.6579 1.4127 1.6691 3.5873 12.1822 1.1082 11.4199 0.1862 0.0044
Car 0.0000 0 0.2614 535.6608 165.6982 630.4660 200.1948 1.5077 1.7167 4.0074 -0.9926 0.8622 32.1945 0.2327 0.0043
Car 0.0000 0 -1.6668 0.0000 0.0000 1224.0000 370.0000 1.5246 1.5359 3.6532 12.1768 1.0318 -0.2225 -0.1029 0.0043
Cyclist 0.0000 0 -0.6111 913.7051 163.2636 1013.0448 244.7397 1.5371 0.5855 1.7008 6.9192 1.2135 13.7523 -0.1524 0.0043
Car 0.0000 0 1.2666 1170.0769 153.0682 1224.0000 251.3309 1.4711 1.6193 3.9895 11.7592 1.0621 12.7313 2.0016 0.0043
Car 0.0000 0 -2.1192 0.0000 188.1671 114.9334 237.6541 1.4449 1.6222 4.1439 -17.9360 1.7075 22.5880 -2.7818 0.0043
Car 0.0000 0 -0.4900 1216.7714 147.7699 1224.0000 259.7646 1.5042 1.6693 4.1934 12.4496 1.0662 10.9858 0.3451 0.0043
Car 0.0000 0 1.0849 159.9383 202.1849 253.3443 245.9657 1.4710 1.6742 3.5248 -15.2916 2.3536 27.0607 0.5769 0.0043
Car 0.0000 0 0.4818 582.1568 165.9313 677.7064 201.2239 1.4669 1.6805 3.8562 1.0605 0.8629 31.0668 0.5174 0.0043
Car 0.0000 0 1.1113 683.0258 159.6313 771.2653 202.4942 1.5345 1.7262 4.1042 4.6236 0.7889 27.5216 1.2777 0.0042
Car 0.0000 0 1.7046 618.2132 165.7942 676.0426 208.5060 1.4764 1.6313 4.1225 1.6364 0.9696 26.6154 1.7671 0.0042
Car 0.0000 0 2.0682 593.8356 163.2629 678.3088 203.2167 1.4259 1.5879 3.8964 1.2502 0.8123 27.3066 2.1153 0.0042
Car 0.0000 0 -1.4980 597.2575 165.6010 638.3561 200.1390 1.5124 1.6414 3.6980 0.6291 0.8615 32.8747 -1.4772 0.0042
Car 0.0000 0 -0.7512 1192.8585 157.6938 1224.0000 252.1652 1.4310 1.7048 3.7893 12.2801 1.0872 11.6482 0.0486 0.0042
Car 0.0000 0 1.7277 0.0000 177.9424 46.6330 220.3401 1.4910 1.5613 3.9145 -22.6231 1.4026 26.9420 1.0367 0.0042
Car 0.0000 0 1.0289 1206.2026 155.0199 1224.0000 219.3118 1.5309 1.5061 3.7006 17.9713 0.9258 18.7987 1.7850 0.0042
Car 0.0000 0 -3.0169 552.5326 166.2218 645.6960 200.3176 1.4866 1.7764 4.0181 -0.2425 0.8656 31.9441 -3.0225 0.0042
Car 0.0000 0 -1.5709 829.9181 146.6671 863.6636 179.2472 1.7449 1.7298 4.1551 13.7571 -0.0740 40.2808 -1.2423 0.0042
Cyclist 0.0000 0 -2.3981 922.5258 173.8229 1016.4146 262.2376 1.5030 0.4512 1.6312 6.5411 1.3912 12.8570 -1.9358 0.0042
Car 0.0000 0 -0.4582 578.9504 164.2744 672.7764 200.4199 1.5888 1.7709 3.9637 0.9482 0.8771 32.7018 -0.4276 0.0042
Car 0.0000 0 1.0967 168.6473 201.4360 260.3764 245.2748 1.4772 1.6395 3.5739 -15.0207 2.3313 27.1086 0.5970 0.0042
Car 0.0000 0 -1.6985 0.0000 0.0000 1224.0000 370.0000 1.4181 1.6184 4.0404 10.4647 1.0567 1.0703 -0.2587 0.0042
Car 0.0000 0 -2.9235 0.0000 0.0000 1224.0000 370.0000 1.4871 1.5196 3.4610 11.6885 1.1205 0.2630 -1.4015 0.0041
Car 0.0000 0 1.8758 0.0000 173.1520 48.8247 217.6302 1.5526 1.5423 3.9714 -22.7444 1.2976 26.8060 1.1799 0.0041
Car 0.0000 0 -4.6056 0.0000 0.0000 1224.0000 370.0000 1.5322 1.5775 3.9673 11.7451 1.1455 -0.2573 -3.0391 0.0041
Car 0.0000 0 1.9232 598.8535 162.8798 675.2467 203.8973 1.4421 1.6090 4.0595 1.2844 0.8241 27.0358 1.9720 0.0041
Car 0.0000 0 1.6925 0.0000 175.5395 53.7849 220.1003 1.5645 1.6464 4.2291 -22.4163 1.3919 27.0464 1.0080 0.0041
Car 0.0000 0 1.5514 0.0000 0.0000 1224.0000 370.0000 1.5535 1.5799 3.8002 11.6630 1.1822 0.0570 3.0910 0.0041
Car 0.0000 0 0.1590 570.5464 167.6347 667.1281 201.1038 1.4018 1.7566 3.9824 0.6176 0.8644 30.8309 0.1807 0.0041
Car 0.0000 0 -1.6596 0.0000 0.0000 1224.0000 370.0000 1.5334 1.5578 3.5477 12.1792 1.1069 -0.0286 -0.1117 0.0040
Car 0.0000 0 1.7162 564.0190 165.5222 611.6508 201.4241 1.4674 1.5579 3.6311 -0.7107 0.8567 30.7926 1.6952 0.0040
Car 0.0000 0 0.9793 628.8392 166.6857 722.1831 209.7536 1.4959 1.6042 3.8673 2.5438 1.0176 26.6353 1.0752 0.0040
Car 0.0000 0 3.0182 582.0880 163.3084 691.6992 200.2639 1.4680 1.6885 4.3286 1.2380 0.7866 29.0938 3.0622 0.0040
Car 0.0000 0 -1.6629 0.0000 0.0000 1224.0000 370.0000 1.5113 1.5282 3.8537 12.2320 0.9826 -0.2369 -0.0978 0.0040
Pedestrian 0.0000 0 0.1736 743.4758 158.7133 754.7268 181.6348 1.9145 0.8287 0.7978 12.1631 0.0960 59.5823 0.3758 0.0040
Car 0.0000 0 1.8170 559.5934 166.7813 615.7207 201.5460 1.4310 1.6092 3.6880 -0.7183 0.8678 31.0766 1.7960 0.0039
Car 0.0000 0 2.9823 545.6096 167.3291 636.0070 200.3098 1.4339 1.6528 3.8635 -0.6893 0.8628 31.8933 2.9627 0.0039
Car 0.0000 0 1.9349 183.5020 200.1156 267.9424 243.4694 1.4646 1.6541 3.7692 -14.7323 2.2875 27.6324 1.4512 0.0039
Car 0.0000 0 1.6761 569.1372 167.3336 618.4705 203.8145 1.4761 1.7116 4.1282 -0.4384 0.9448 30.7379 1.6638 0.0039
Car 0.0000 0 3.1534 0.0000 0.0000 1224.0000 370.0000 1.5146 1.4572 3.5125 -28.7597 1.5999 1.0840 1.6331 0.0039
Car 0.0000 0 1.4240 738.1016 155.4358 767.0893 181.3495 2.0548 1.7594 4.0197 12.1062 0.0686 58.1194 1.6301 0.0039
Car 0.0000 0 -2.3607 0.0000 0.0000 1224.0000 370.0000 1.4590 1.6263 3.9383 9.8947 1.3028 0.5886 -0.8804 0.0039
Pedestrian 0.0000 0 -0.1075 743.9016 160.0193 756.5312 182.5445 1.8767 0.7324 0.9645 12.1962 0.1716 59.3147 0.0960 0.0039
Car 0.0000 0 1.6906 726.9838 159.7507 753.9468 181.5641 1.7767 1.8149 3.5795 11.4576 0.0879 59.5665 1.8814 0.0039
Car 0.0000 0 3.2068 0.0000 0.0000 1224.0000 370.0000 1.5064 1.5413 3.5633 -28.8001 1.7050 1.5404 1.7022 0.0039
Car 0.0000 0 -3.0423 0.0000 0.0000 1224.0000 370.0000 1.5363 1.7397 4.1949 19.9513 0.4418 1.1898 -1.5459 0.0038
Car 0.0000 0 0.6380 144.6391 199.2487 272.4295 242.6771 1.5181 1.6767 4.0203 -14.9827 2.2585 26.7596 0.1340 0.0038
Car 0.0000 0 -1.0383 1190.0063 155.8566 1224.0000 250.7924 1.4442 1.7181 3.8878 12.3285 1.0710 12.0708 -0.2539 0.0038
Car 0.0000 0 -1.5060 0.0000 0.0000 1224.0000 370.0000 1.5484 1.6831 3.7894 11.9917 0.8307 0.6159 -0.0121 0.0038
Car 0.0000 0 -2.6179 0.0000 0.0000 1224.0000 370.0000 1.5344 1.7275 4.2151 20.1855 0.4946 1.0754 -1.1150 0.0038
Car 0.0000 0 -2.6826 0.0000 0.0000 1224.0000 370.0000 1.5799 1.7040 4.5003 20.3614 0.5497 1.4487 -1.1972 0.0038
Car 0.0000 0 -0.7735 1195.0541 161.9785 1224.0000 252.6292 1.3881 1.6884 3.6568 12.2805 1.1062 11.7096 0.0238 0.0038
Car 0.0000 0 -0.5063 1213.6154 150.4600 1224.0000 258.6508 1.4880 1.6641 3.8414 12.2833 1.0765 11.1082 0.3167 0.0038
Cyclist 0.0000 0 -2.1798 942.7705 162.2078 1025.8477 253.1563 1.5739 0.4459 1.7032 6.9413 1.2590 13.1043 -1.7010 0.0037
Car 0.0000 0 1.3327 589.1664 168.6628 645.4858 203.7274 1.4474 1.5968 3.9489 0.4559 0.9603 31.2826 1.3489 0.0037
Car 0.0000 0 2.7966 573.7395 163.0100 686.2893 200.8952 1.4603 1.6635 4.2521 0.9804 0.7876 28.6877 2.8323 0.0037
Car 0.0000 0 2.1873 0.0000 175.4276 68.5188 209.6024 1.5239 1.5699 3.9169 -27.6348 1.2992 33.5300 1.5044 0.0037
Car 0.0000 0 -2.7790 572.4688 167.9120 664.3146 201.0885 1.4187 1.5916 3.7969 0.5827 0.8819 31.6762 -2.7590 0.0037
Car 0.0000 0 -2.6588 0.0000 0.0000 1224.0000 370.0000 1.3202 1.5005 3.0399 9.7814 1.2719 1.3303 -1.2541 0.0037
Car 0.0000 0 1.5426 747.1920 158.2268 770.0090 180.4196 1.7812 1.7449 3.7580 12.7514 -0.0057 58.7681 1.7570 0.0037
Pedestrian 0.0000 0 -0.1973 743.7423 160.0367 756.3333 182.4134 1.8661 0.7259 0.9099 12.1838 0.1608 59.3251 0.0060 0.0037
Car 0.0000 0 2.0809 0.0000 174.9805 56.4854 209.4212 1.5274 1.5698 3.9182 -27.9695 1.2841 33.4192 1.3905 0.0037
Cyclist 0.0000 0 -3.1727 919.9372 159.6914 1012.7114 249.4907 1.6122 0.5209 1.5208 6.6928 1.2403 13.2423 -2.7126 0.0037
Car 0.0000 0 2.5325 574.3176 161.8482 683.6664 201.3075 1.4743 1.6411 4.1762 0.9687 0.7790 28.2348 2.5683 0.0037
Car 0.0000 0 -1.5108 828.3669 147.4545 864.9728 179.4919 1.7133 1.7291 4.0859 13.7626 -0.0591 40.1659 -1.1812 0.0037
Car 0.0000 0 -1.4991 0.0000 0.0000 1224.0000 370.0000 1.4734 1.5972 3.9346 12.2195 1.0862 -0.1230 0.0566 0.0037
Car 0.0000 0 -0.1999 0.0000 132.5467 260.7214 370.0000 1.8604 1.8653 4.9656 -6.8053 1.5014 7.8331 -0.8934 0.0037
Car 0.0000 0 1.4426 591.3199 169.6237 640.6631 204.2764 1.4110 1.6477 3.9937 0.3935 0.9696 30.8613 1.4570 0.0036
Car 0.0000 0 1.9876 181.6220 199.9106 267.5891 242.9924 1.4650 1.6185 3.5853 -14.7331 2.2733 27.5422 1.5026 0.0036
Car 0.0000 0 1.7838 173.7438 200.4506 243.5576 244.1227 1.4569 1.6193 3.5195 -15.2093 2.2816 27.2511 1.2811 0.0036
Car 0.0000 0 -0.6194 1199.1591 156.0681 1224.0000 257.1895 1.4724 1.6868 3.6923 12.2332 1.1183 11.4611 0.1864 0.0036
Car 0.0000 0 -3.1003 565.1699 168.7448 645.9244 201.2493 1.3828 1.5395 3.4471 0.0317 0.8842 30.9188 -3.0975 0.0036
Car 0.0000 0 1.7229 562.4387 167.0984 611.1349 203.2144 1.4951 1.6076 3.6341 -0.7646 0.9418 31.1714 1.7005 0.0036
Car 0.0000 0 -1.7777 806.3664 145.0199 854.0862 177.5130 1.7650 1.8223 4.0646 12.9526 -0.1804 40.9038 -1.4713 0.0036
Car 0.0000 0 1.4014 590.3094 170.2816 642.8090 205.2695 1.4253 1.6490 3.8929 0.4173 1.0105 30.8479 1.4166 0.0036
Car 0.0000 0 0.6989 0.0000 0.0000 1224.0000 370.0000 1.4181 1.4871 3.5573 11.5504 1.0970 1.1369 2.1454 0.0036
Car 0.0000 0 1.9400 181.0509 199.5822 262.0606 242.7164 1.4638 1.6031 3.4576 -14.7858 2.2540 27.4049 1.4514 0.0036
Car 0.0000 0 -0.0198 528.5111 168.2944 624.8029 201.7988 1.4571 1.7241 4.2022 -1.3000 0.9278 31.7287 -0.0585 0.0036
Car 0.0000 0 0.2640 677.6055 161.1552 789.8132 202.7598 1.5330 1.7718 4.0036 5.0154 0.8217 27.7060 0.4429 0.0035
Car 0.0000 0 2.0758 0.0000 174.7917 75.9486 212.8590 1.5061 1.5575 3.7667 -24.3726 1.2817 29.9567 1.3998 0.0035
Car 0.0000 0 -0.4168 0.0000 132.5092 288.3945 370.0000 1.8656 1.8479 4.7272 -6.2527 1.5035 7.8717 -1.0668 0.0035
Car 0.0000 0 0.5484 0.0000 172.6828 35.9886 205.2861 1.4336 1.6370 3.9384 -28.6772 1.0913 32.2277 -0.1720 0.0035
Car 0.0000 0 2.7462 581.8167 163.4294 690.0159 201.0629 1.4504 1.6748 4.0611 1.2266 0.7940 28.7300 2.7903 0.0035
Car 0.0000 0 1.7336 562.7216 165.8163 612.3553 201.7790 1.4726 1.5864 3.6694 -0.7232 0.8728 30.8756 1.7123 0.0035
Car 0.0000 0 -1.4951 0.0000 0.0000 1224.0000 370.0000 1.5489 1.7837 3.9688 20.0992 0.6047 0.0257 0.0597 0.0035
Car 0.0000 0 -1.6961 821.4410 149.3762 861.6871 180.0907 1.6590 1.6837 3.9630 13.4336 -0.0232 40.3490 -1.3752 0.0035
Car 0.0000 0 0.9973 678.4232 158.2668 781.3481 204.6272 1.6311 1.8304 4.3265 4.6650 0.8504 27.2200 1.1670 0.0035
Car 0.0000 0 1.1623 1154.6306 150.0599 1224.0000 252.2383 1.5293 1.5779 3.8366 11.5459 1.0753 12.6462 1.8914 0.0035
Car 0.0000 0 1.5051 0.0000 0.0000 1224.0000 370.0000 1.5913 1.5652 4.0149 11.5971 1.0543 0.5033 3.0061 0.0034
Car 0.0000 0 2.2668 194.2522 200.7655 293.0719 244.3395 1.4826 1.5882 3.4510 -14.0506 2.3300 27.6452 1.8025 0.0034
Car 0.0000 0 2.9338 0.0000 0.0000 1224.0000 370.0000 1.5292 1.4259 3.4592 -28.9586 1.6665 1.0791 1.4130 0.0034
Car 0.0000 0 1.5129 639.2903 166.3301 687.7806 207.8153 1.4377 1.5679 4.0092 2.1006 0.9482 26.5200 1.5928 0.0034
Car 0.0000 0 -1.5084 0.0000 0.0000 1224.0000 370.0000 1.5290 1.6083 3.5529 11.8526 0.8727 0.6403 -0.0174 0.0034
Car 0.0000 0 2.1191 187.2482 200.7452 276.7484 244.1664 1.4898 1.5809 3.3058 -14.4596 2.3291 27.5485 1.6418 0.0034
Car 0.0000 0 0.6720 140.6465 200.5977 263.4882 243.6463 1.4967 1.6721 3.8453 -15.2386 2.2915 26.7689 0.1609 0.0034
Car 0.0000 0 -1.3951 0.0000 0.0000 1224.0000 370.0000 1.5286 1.7172 3.7991 20.4922 0.5715 -0.0258 0.1625 0.0034
Car 0.0000 0 1.3394 743.8520 159.0774 774.3719 180.5475 1.7376 1.6975 3.6405 12.8496 0.0051 59.0518 1.5543 0.0034
Car 0.0000 0 0.1373 0.0000 0.0000 1224.0000 370.0000 1.6476 1.6001 3.7750 19.9303 0.6448 0.0331 1.6916 0.0034
Car 0.0000 0 -1.0837 1189.4745 156.3511 1224.0000 250.6054 1.4339 1.7302 4.1344 12.4446 1.0682 12.1877 -0.2992 0.0034
Car 0.0000 0 2.2867 194.0113 199.9188 292.8386 243.6873 1.4962 1.6085 3.3775 -14.0557 2.3070 27.6286 1.8221 0.0033
Pedestrian 0.0000 0 0.4475 0.0000 162.9126 21.4025 252.5890 1.7593 0.4799 0.6188 -12.2418 1.4159 14.1758 -0.2519 0.0033
Car 0.0000 0 -1.7175 817.2306 144.7852 860.3348 177.9306 1.7898 1.7526 4.1750 13.3921 -0.1547 40.7240 -1.4002 0.0033
Car 0.0000 0 3.2669 0.0000 0.0000 1224.0000 370.0000 1.5035 1.5392 3.5931 -28.7511 1.7018 1.4800 1.7603 0.0033
Car 0.0000 0 -2.4277 0.0000 0.0000 1224.0000 370.0000 1.4041 1.5901 3.3473 10.0890 1.2195 1.3977 -1.0244 0.0033
Car 0.0000 0 -1.8251 797.3315 145.6258 849.2310 178.1176 1.7679 1.8419 4.2831 12.5610 -0.1440 40.9645 -1.5278 0.0033
Car 0.0000 0 -2.4470 0.0000 0.0000 1224.0000 370.0000 1.5723 1.6996 4.3610 20.6916 0.5228 1.3540 -0.9557 0.0032
Car 0.0000 0 -1.8598 587.3608 168.1346 644.9750 200.1987 1.3750 1.7111 3.4320 0.4322 0.8462 32.1998 -1.8447 0.0032
Car 0.0000 0 -1.4865 787.0855 148.6953 820.9771 181.3121 2.0825 1.8153 4.6164 13.4511 0.0532 47.6175 -1.2111 0.0032
Car 0.0000 0 1.7878 562.3430 167.8180 623.0198 204.5338 1.4935 1.7857 4.2113 -0.4796 0.9791 30.9990 1.7743 0.0032
Car 0.0000 0 -2.8950 0.0000 0.0000 1224.0000 370.0000 1.4909 1.7588 3.6719 19.8577 0.2143 0.3951 -1.3592 0.0032
Car 0.0000 0 -1.4908 0.0000 0.0000 1224.0000 370.0000 1.4983 1.6394 3.8091 12.2593 1.0756 -0.0590 0.0598 0.0031
Car 0.0000 0 2.9102 0.0000 0.0000 1224.0000 370.0000 1.5241 1.4934 3.5275 -28.9703 1.7239 1.2423 1.3950 0.0031
Car 0.0000 0 -0.8500 1178.2896 153.0838 1224.0000 252.1345 1.5269 1.8104 4.4240 12.5154 1.1060 11.9128 -0.0517 0.0031
Car 0.0000 0 1.7315 616.1785 165.5204 674.3555 207.6002 1.4796 1.5952 3.9683 1.5831 0.9544 26.9661 1.7913 0.0031
Pedestrian 0.0000 0 -0.3097 743.0384 159.0767 754.6594 181.7727 1.8980 0.8075 0.7486 12.1336 0.1076 59.5659 -0.1080 0.0031
Car 0.0000 0 0.7969 0.0000 188.4897 107.1932 229.5147 1.3921 1.6911 3.8543 -20.4168 1.6940 25.4968 0.1294 0.0031
Car 0.0000 0 2.0792 189.7945 202.4580 275.8443 245.0425 1.4585 1.5462 3.3093 -14.4669 2.3700 27.6201 1.6028 0.0031
Car 0.0000 0 1.5272 0.0000 0.0000 1224.0000 370.0000 1.4219 1.5587 4.1353 10.7595 1.1952 0.6896 3.0055 0.0031
Car 0.0000 0 1.2769 891.3840 181.0273 1031.0957 261.1564 1.3737 1.5044 3.2912 6.7812 1.3869 13.8797 1.7240 0.0031
Car 0.0000 0 1.9258 0.0000 180.9698 19.7480 228.9426 1.4406 1.6538 3.9591 -21.2353 1.4591 23.4135 1.1976 0.0031
Pedestrian 0.0000 0 -2.2738 936.8942 163.3791 981.5880 247.2325 1.5410 0.5333 0.5333 6.6231 1.2280 13.3128 -1.8198 0.0031
Car 0.0000 0 1.0465 682.0132 158.6192 784.8120 205.8557 1.6472 1.8719 4.4567 4.7622 0.8857 27.0646 1.2205 0.0031
Car 0.0000 0 -1.7506 1174.5752 154.8901 1224.0000 250.5261 1.4513 1.6320 3.6942 11.5638 1.0643 12.7267 -1.0238 0.0031
Car 0.0000 0 -1.5288 0.0000 0.0000 1224.0000 370.0000 1.5380 1.6652 3.6765 11.9535 0.8717 0.6087 -0.0345 0.0031
Cyclist 0.0000 0 1.7967 592.4626 169.7089 607.1444 193.4209 1.6885 0.6823 1.7809 -0.3625 0.9214 51.2858 1.7914 0.0030
Car 0.0000 0 -1.6673 0.0000 0.0000 1224.0000 370.0000 1.5327 1.5843 3.3984 12.1090 1.1227 -0.0462 -0.1180 0.0030
Pedestrian 0.0000 0 2.2177 657.5057 179.7003 690.1406 252.3754 1.4699 0.3673 0.6328 1.3879 1.4554 14.6532 2.3118 0.0030
Car 0.0000 0 0.7074 0.0000 185.7604 107.7956 225.6163 1.3811 1.6141 3.6945 -20.4327 1.5798 25.6122 0.0417 0.0030
Car 0.0000 0 1.4693 697.5970 162.6004 750.0591 202.6614 1.4773 1.6480 3.9278 4.6214 0.8188 28.0797 1.6325 0.0030
Car 0.0000 0 -1.5498 0.0000 0.0000 1224.0000 370.0000 1.6038 1.7150 3.8314 12.0427 0.8016 0.8689 -0.0764 0.0030
Car 0.0000 0 1.5001 636.2526 166.4900 684.1681 206.1148 1.4175 1.5703 3.5472 2.0284 0.9179 27.0663 1.5758 0.0030
Car 0.0000 0 3.0994 0.0000 0.0000 1224.0000 370.0000 1.5228 1.5860 3.6238 -29.0392 1.7297 1.5695 1.5953 0.0030
Car 0.0000 0 -0.2817 605.1742 166.8758 712.3642 202.5208 1.4132 1.6498 4.1261 2.1737 0.8745 29.2567 -0.2065 0.0030
Car 0.0000 0 0.9696 687.2102 169.1672 792.8632 213.4379 1.5322 1.9119 4.1236 4.9701 1.1415 26.7382 1.1530 0.0029
Car 0.0000 0 -3.0549 0.0000 0.0000 1224.0000 370.0000 1.4924 1.6668 3.5760 19.9980 0.3023 0.1303 -1.5055 0.0029
Car 0.0000 0 1.3551 733.2657 159.6647 768.1224 181.8192 1.7689 1.9451 4.3254 12.0437 0.1066 58.6239 1.5584 0.0029
Car 0.0000 0 1.2410 884.2895 180.3461 1028.4702 258.0228 1.3469 1.5346 3.2159 6.7155 1.3459 13.9387 1.6828 0.0029
Car 0.0000 0 -0.7332 0.0000 165.5961 13.3222 204.5482 1.5830 1.6937 3.7515 -28.2184 0.9788 30.6802 -1.4698 0.0029
Car 0.0000 0 2.1370 0.0000 182.4025 24.9205 235.0168 1.5600 1.6859 4.4085 -21.6191 1.6308 23.4409 1.4005 0.0029
Car 0.0000 0 -0.0272 621.3140 158.7324 696.3243 188.6174 1.6897 1.6741 4.2411 3.0781 0.4603 40.9119 0.0492 0.0029
Car 0.0000 0 0.8207 592.5027 159.9788 689.3378 200.3410 1.6060 1.7845 4.1555 1.4487 0.7909 30.2910 0.8699 0.0028
Car 0.0000 0 -4.5451 0.0000 0.0000 1224.0000 370.0000 1.5565 1.5336 4.0779 11.0446 1.1119 0.6661 -3.0623 0.0028
Car 0.0000 0 -1.4320 785.3800 150.3861 822.6655 180.8382 1.9437 1.7957 4.6096 13.4466 0.0229 47.5969 -1.1566 0.0028
Car 0.0000 0 -4.6099 0.0000 0.0000 1224.0000 370.0000 1.4137 1.6959 4.0074 10.4416 1.2942 0.6336 -3.1290 0.0028
Car 0.0000 0 -1.1277 562.9577 164.8065 634.0413 200.4643 1.5607 1.7790 4.0065 -0.2498 0.8753 33.1338 -1.1333 0.0028
Car 0.0000 0 0.5299 118.5387 194.1659 259.8065 236.2943 1.4858 1.8443 4.2126 -15.5083 2.0172 26.4743 0.0067 0.0028
Car 0.0000 0 1.0460 590.8738 162.1417 680.7504 199.1330 1.4470 1.7595 4.5625 1.1875 0.7304 30.0824 1.0869 0.0028
Car 0.0000 0 2.6748 0.0000 0.0000 1224.0000 370.0000 1.5230 1.5467 3.3929 -29.4795 1.7444 1.6895 1.1737 0.0027
Car 0.0000 0 -0.6123 1206.3287 161.7620 1224.0000 257.9040 1.3977 1.6707 3.3164 12.0964 1.1269 11.4073 0.1901 0.0027
Car 0.0000 0 1.2694 660.7603 163.8326 731.8563 203.5336 1.4965 1.6188 4.4667 3.6180 0.8698 28.9881 1.3941 0.0027
Car 0.0000 0 -1.1019 1192.8802 156.7675 1224.0000 250.2503 1.4131 1.7375 3.7510 12.2668 1.0560 12.0994 -0.3211 0.0027
Car 0.0000 0 0.8449 0.0000 184.7958 104.5187 225.6409 1.3991 1.6520 3.6301 -20.4227 1.5630 25.5889 0.1791 0.0027
Car 0.0000 0 -1.6174 590.3206 165.6847 633.5416 202.5514 1.6235 1.8327 4.1417 0.2464 0.9725 33.2345 -1.6083 0.0027
Car 0.0000 0 -2.8569 0.0000 0.0000 1224.0000 370.0000 1.4952 1.6844 3.7447 19.8044 0.4603 0.7300 -1.3379 0.0026
Car 0.0000 0 1.7360 564.7461 168.6589 618.6887 204.0773 1.4435 1.7240 3.9386 -0.5313 0.9624 30.8880 1.7208 0.0026
Car 0.0000 0 -1.7422 1178.7494 155.9240 1224.0000 251.0187 1.4385 1.6250 3.6049 11.5526 1.0684 12.6499 -1.0129 0.0026
Car 0.0000 0 -0.2376 0.0000 0.0000 1224.0000 370.0000 1.5608 1.5691 3.4658 -28.9709 1.7352 0.6051 -1.7747 0.0026
Car 0.0000 0 0.0885 628.3193 170.4676 727.7233 204.2990 1.3474 1.6141 3.9747 3.0359 0.9493 29.3267 0.1923 0.0025
Car 0.0000 0 -1.9508 1153.1971 156.4654 1224.0000 249.9139 1.4289 1.6166 3.5999 11.5451 1.0631 12.7737 -1.2266 0.0025
Car 0.0000 0 -1.7764 587.3491 167.1091 638.5672 200.8706 1.4824 1.6714 3.6661 0.2946 0.8959 32.9995 -1.7657 0.0025
Car 0.0000 0 -1.4195 786.9313 152.9898 823.6920 180.6000 1.7646 1.7515 4.2771 13.4986 0.0077 47.4923 -1.1425 0.0025
Cyclist 0.0000 0 -1.3964 0.0000 168.0078 10.9516 253.3849 1.6627 0.3420 1.5188 -12.6208 1.4210 14.5066 -2.0997 0.0025
Car 0.0000 0 2.0535 1193.3579 153.4058 1224.0000 211.9968 1.5005 1.4493 3.6099 18.1119 0.8082 19.3925 2.7983 0.0025
Car 0.0000 0 -0.7853 0.0000 187.2994 122.7761 245.5355 1.4762 1.7074 4.7817 -17.0056 1.7032 20.9662 -1.4577 0.0025
Car 0.0000 0 -0.7758 0.0000 189.9671 134.9341 246.7596 1.4976 1.6119 4.3302 -16.8783 1.8193 21.6486 -1.4293 0.0024
Car 0.0000 0 1.3621 728.0637 159.1614 757.4387 181.0013 1.7726 1.7342 3.4332 11.4984 0.0419 59.1117 1.5550 0.0024
Car 0.0000 0 -0.7348 0.0000 189.1714 125.1883 247.9674 1.5035 1.6424 4.5255 -16.9891 1.7934 21.1413 -1.4028 0.0024
Car 0.0000 0 -2.5825 668.3920 160.6331 775.9770 202.4722 1.5431 1.7241 3.8765 4.5692 0.8119 27.9991 -2.4206 0.0024
Car 0.0000 0 0.4122 130.2051 199.0974 264.5026 243.4632 1.5356 1.7583 3.9848 -15.1757 2.2613 26.4491 -0.1022 0.0024
Car 0.0000 0 0.6769 666.0115 161.2120 773.1984 203.8856 1.5435 1.6911 3.9316 4.3814 0.8474 27.5933 0.8344 0.0024
Car 0.0000 0 0.6109 0.0000 189.3216 116.0121 229.7969 1.3921 1.7407 3.8733 -20.3649 1.7264 25.7036 -0.0515 0.0024
Car 0.0000 0 1.1425 1158.6038 157.0974 1224.0000 250.4315 1.3965 1.6151 3.6361 11.5611 1.0480 12.5509 1.8760 0.0023
Car 0.0000 0 -1.4167 469.3732 182.8856 557.6733 241.1733 1.3124 1.6509 3.7114 -2.2461 1.3809 17.9503 -1.5373 0.0023
Cyclist 0.0000 0 -1.3497 0.0000 167.2966 36.0987 251.7104 1.6393 0.3843 1.7364 -12.2582 1.3846 14.5883 -2.0360 0.0023
Pedestrian 0.0000 0 -0.0901 0.0000 159.9964 16.2015 250.6442 1.7671 0.4966 0.6113 -12.2738 1.3691 14.1705 -0.7909 0.0023
Car 0.0000 0 0.7263 0.0000 188.8448 109.8037 229.4182 1.3967 1.6953 3.7987 -20.4816 1.7128 25.6906 0.0609 0.0023
Car 0.0000 0 -0.8043 1195.1503 159.5118 1224.0000 249.9727 1.3953 1.7323 3.4343 12.2320 1.0732 11.7878 -0.0122 0.0022
Car 0.0000 0 2.3113 197.4941 202.9697 293.9044 245.7496 1.4615 1.5430 3.3207 -14.0884 2.4058 27.8568 1.8489 0.0022
Car 0.0000 0 2.1856 188.2235 203.8626 281.5387 246.5702 1.4541 1.5744 3.3899 -14.4830 2.4339 27.8135 1.7115 0.0022
Car 0.0000 0 -1.3862 0.0000 0.0000 1224.0000 370.0000 1.4211 1.7041 4.1208 -31.4159 1.9432 -0.2555 -2.9533 0.0022
Car 0.0000 0 -1.4202 782.0880 152.1507 819.5068 180.8647 1.8347 1.8059 4.2393 13.1910 0.0246 47.4755 -1.1490 0.0022
Car 0.0000 0 0.4727 131.3329 200.3190 257.2256 243.2549 1.4981 1.7195 3.7041 -15.3257 2.2683 26.4776 -0.0455 0.0022
Car 0.0000 0 -0.5218 601.6708 167.6074 714.2759 204.5240 1.4268 1.5954 4.3944 2.1678 0.9300 28.9904 -0.4462 0.0022
Car 0.0000 0 -1.4818 783.7002 150.1143 817.9970 181.2586 1.9854 1.8340 4.4112 13.1900 0.0497 47.4564 -1.2106 0.0022
Cyclist 0.0000 0 -1.1162 0.0000 171.4384 49.7966 258.2109 1.6517 0.3978 1.7111 -11.9875 1.4808 14.3318 -1.8001 0.0021
Car 0.0000 0 -1.6006 632.3495 159.7204 675.3292 200.7304 1.6278 1.6934 4.3961 2.0037 0.8045 30.2887 -1.5334 0.0021
Car 0.0000 0 -0.0048 614.0665 171.0694 721.3721 205.6546 1.3879 1.6236 4.3159 2.5632 1.0109 29.3562 0.0832 0.0021
Car 0.0000 0 -1.6042 677.7350 161.8878 719.0726 201.0900 1.5568 1.6018 3.8995 3.8955 0.8192 30.0916 -1.4750 0.0021
Pedestrian 0.0000 0 0.8645 209.3710 186.4407 237.3637 235.8234 1.7691 0.6749 0.5977 -13.9783 1.9914 25.8503 0.3754 0.0020
Car 0.0000 0 -1.6340 804.3658 151.0407 841.6376 181.6754 1.6721 1.7737 4.4143 12.5549 0.0656 40.9393 -1.3367 0.0020
Car 0.0000 0 -1.4884 784.9828 153.2932 817.9446 180.3923 1.7310 1.7835 4.3443 13.2487 -0.0063 47.5258 -1.2163 0.0020
Car 0.0000 0 -1.5156 775.5095 150.8137 809.1089 180.6920 1.9180 1.9743 3.8356 12.6254 0.0137 47.5121 -1.2556 0.0020
Car 0.0000 0 -0.5824 0.0000 167.2943 15.8256 204.6753 1.5447 1.5849 3.3447 -28.2512 1.0005 31.0306 -1.3140 0.0020
Car 0.0000 0 2.5348 0.0000 0.0000 1224.0000 370.0000 1.5192 1.4965 3.3367 -29.4472 1.7428 1.6416 1.0322 0.0020
Car 0.0000 0 0.5551 670.1125 161.1610 783.7427 204.6110 1.5534 1.7226 4.0056 4.6194 0.8635 27.2443 0.7230 0.0020
Car 0.0000 0 -1.6259 590.7650 165.4123 634.9999 201.2029 1.5766 1.8475 4.1211 0.2903 0.9134 33.2406 -1.6155 0.0020
Car 0.0000 0 -1.9544 803.7365 150.9417 860.1085 180.3217 1.6093 1.6662 4.1309 13.0328 -0.0095 40.8736 -1.6461 0.0019
Car 0.0000 0 -1.1502 563.5926 165.9344 631.7036 201.4474 1.5594 1.8055 3.7668 -0.2963 0.9213 33.1286 -1.1572 0.0019
Car 0.0000 0 0.6147 0.0000 191.7609 118.8041 233.1741 1.4298 1.7146 4.0013 -20.4299 1.8585 25.8705 -0.0462 0.0019
Cyclist 0.0000 0 -1.1820 0.0000 159.1644 14.5047 252.0122 1.7826 0.3971 1.4942 -12.6203 1.3746 14.3415 -1.8908 0.0019
Car 0.0000 0 -2.0234 1153.8354 155.2807 1224.0000 259.8720 1.5082 1.7494 3.9409 11.4738 1.1462 12.3274 -1.2850 0.0019
Car 0.0000 0 1.3220 659.7383 167.7171 732.7643 212.8163 1.5526 1.7470 4.0498 3.2906 1.1141 26.4548 1.4461 0.0018
Car 0.0000 0 -1.6373 664.2319 161.3595 710.1038 200.7840 1.5902 1.6925 4.0304 3.4655 0.8197 30.5668 -1.5237 0.0018
Car 0.0000 0 1.8735 633.2158 163.2123 696.0998 201.1465 1.5072 1.5922 3.8610 2.5913 0.8218 30.1760 1.9601 0.0018
Car 0.0000 0 -1.3913 770.7521 152.9660 810.1081 180.5113 1.7712 1.8961 3.9163 12.5333 0.0021 47.6337 -1.1338 0.0018
Car 0.0000 0 -2.2986 659.3113 164.2134 761.3981 206.0792 1.5199 1.7191 4.0285 4.0345 0.9302 27.8190 -2.1544 0.0018
Car 0.0000 0 0.9232 673.7446 160.5554 785.2446 206.7552 1.6228 1.8829 4.5025 4.6529 0.9238 27.2632 1.0921 0.0018
Car 0.0000 0 -1.8228 763.6516 151.5688 807.2432 180.5349 1.8630 1.9271 3.8403 12.0385 0.0036 47.3929 -1.5738 0.0018
Car 0.0000 0 -1.4902 479.6357 183.3667 559.1862 241.6179 1.3360 1.7161 4.0728 -2.1576 1.4209 18.4766 -1.6027 0.0018
Car 0.0000 0 -0.4340 0.0000 187.3145 119.2539 251.0840 1.5635 1.8190 4.9825 -17.3112 1.7884 20.5340 -1.1252 0.0018
Car 0.0000 0 0.2007 600.2450 168.8351 719.9873 206.1252 1.4507 1.7068 4.6436 2.2504 0.9984 28.9610 0.2792 0.0018
Car 0.0000 0 2.0076 638.1129 162.2490 710.4067 200.6498 1.5381 1.6080 3.8581 3.0195 0.8086 30.3833 2.1075 0.0017
Car 0.0000 0 -1.7733 672.4200 162.8729 730.7548 203.9956 1.5335 1.6034 3.5894 3.7585 0.8777 28.2069 -1.6404 0.0016
Cyclist 0.0000 0 -3.5715 926.6515 167.7092 1032.2462 258.9652 1.6317 0.5858 1.6160 6.8015 1.4047 12.9666 -3.0968 0.0016
Car 0.0000 0 1.8234 0.0000 181.5774 10.8938 228.9534 1.4269 1.5718 3.7866 -21.2627 1.4672 23.4253 1.0949 0.0016
Car 0.0000 0 -1.9518 889.3899 183.3046 1055.1527 262.7094 1.3293 1.6025 3.5472 6.9084 1.3928 13.7895 -1.4949 0.0016
Car 0.0000 0 1.3443 677.7509 167.5637 733.2800 204.6890 1.4096 1.4715 3.4765 3.9832 0.9200 28.6376 1.4828 0.0016
Car 0.0000 0 0.4221 665.3747 163.2529 765.6669 205.3207 1.5355 1.5491 3.5149 4.2384 0.9075 27.4083 0.5756 0.0016
Pedestrian 0.0000 0 2.4928 983.2028 156.6004 1088.4414 327.2471 1.7869 0.4268 0.9057 4.6123 1.5383 7.6664 3.0180 0.0015
Car 0.0000 0 -2.4130 638.6110 165.8211 751.7768 207.5448 1.5123 1.6527 4.4373 3.4372 0.9818 27.8363 -2.2898 0.0015
Car 0.0000 0 1.5973 633.2703 169.6643 675.8401 207.0075 1.3530 1.5435 3.3461 1.9353 0.9619 27.3530 1.6689 0.0015
Car 0.0000 0 -0.9154 0.0000 187.1851 126.8535 241.5952 1.4869 1.4609 3.7692 -16.7039 1.7113 21.6713 -1.5633 0.0015
Car 0.0000 0 1.3984 684.0190 165.9834 741.6379 204.6853 1.4512 1.6320 3.9074 4.2418 0.9084 28.4796 1.5465 0.0015
Pedestrian 0.0000 0 -1.2898 211.9361 185.7542 236.1705 235.3342 1.7821 0.6493 0.5557 -13.9346 1.9780 25.8189 -1.7781 0.0015
Car 0.0000 0 0.7903 627.0055 167.7676 731.2114 209.4212 1.4817 1.7323 3.9102 2.7554 1.0303 27.2108 0.8918 0.0014
Car 0.0000 0 -1.8906 669.8483 163.1233 737.3971 204.8152 1.5458 1.5668 3.7052 3.8268 0.9031 28.1756 -1.7553 0.0014
Car 0.0000 0 1.0288 674.8704 157.8747 769.9443 204.0091 1.6491 1.7486 4.1418 4.4379 0.8418 27.5158 1.1888 0.0014
Car 0.0000 0 -1.5132 766.4232 154.7425 797.8777 181.0283 1.6843 1.8355 3.6404 11.8889 0.0352 47.3126 -1.2667 0.0014
Car 0.0000 0 -1.8550 669.5499 163.8816 736.2961 204.8285 1.5355 1.6920 3.6427 3.8365 0.9138 28.4368 -1.7206 0.0014
Pedestrian 0.0000 0 1.1142 1067.5155 190.1675 1166.4866 370.0000 1.3432 0.3441 0.6427 3.8016 1.4228 5.3518 1.7062 0.0013
Car 0.0000 0 -0.8389 0.0000 189.0300 130.2310 242.2812 1.4790 1.4209 3.4170 -16.7402 1.7668 21.9620 -1.4816 0.0013
Car 0.0000 0 1.0172 679.2796 166.9529 785.8813 213.7269 1.6292 1.8291 4.6531 4.7325 1.1589 27.1221 1.1897 0.0013
Pedestrian 0.0000 0 2.4244 655.4167 183.8891 689.9589 253.4080 1.4343 0.3584 0.6534 1.3920 1.5093 14.9522 2.5169 0.0013
Car 0.0000 0 -2.6721 645.3173 166.9596 762.5851 205.8032 1.4610 1.7000 4.3922 3.9254 0.9532 28.5388 -2.5351 0.0013
Car 0.0000 0 -3.4191 0.0000 0.0000 1224.0000 370.0000 1.4781 1.6064 3.3162 6.0098 1.6196 -0.2905 -1.8522 0.0013
Car 0.0000 0 1.1227 676.7214 159.0437 755.3881 201.7213 1.5522 1.5613 3.7571 4.2453 0.7733 27.7350 1.2748 0.0012
Car 0.0000 0 -1.8000 753.8530 151.4077 798.5563 180.8466 1.8927 1.9160 4.6713 11.5018 0.0236 47.7946 -1.5634 0.0012
Car 0.0000 0 -1.0616 555.1708 167.3390 629.2098 200.2113 1.4123 1.7934 3.7475 -0.5422 0.8483 32.4472 -1.0763 0.0012
Pedestrian 0.0000 0 3.0390 654.1273 184.8550 687.3214 254.5121 1.4520 0.3509 0.6647 1.3438 1.5468 14.9361 3.1285 0.0012
Car 0.0000 0 1.2148 679.4149 160.0548 751.9230 202.4182 1.5505 1.6069 3.7377 4.2526 0.8037 27.8652 1.3664 0.0012
Car 0.0000 0 0.6105 0.0000 185.9892 48.4452 238.2377 1.5354 1.6534 4.3937 -20.3666 1.7171 22.0977 -0.1254 0.0012
Cyclist 0.0000 0 -0.9283 0.0000 159.1508 43.6320 252.7927 1.7722 0.3681 1.8458 -12.2782 1.3698 14.3079 -1.6246 0.0011
Pedestrian 0.0000 0 -0.1486 0.0000 172.4700 15.1610 265.9551 1.7787 0.4339 0.5697 -11.9730 1.6275 13.8049 -0.8499 0.0011
Car 0.0000 0 1.8239 622.9408 167.8098 693.8340 207.4237 1.4673 1.7062 4.8444 2.2492 0.9988 28.7529 1.9029 0.0010
Car 0.0000 0 -1.4283 0.0000 184.5098 9.1515 239.0149 1.5821 1.8171 5.0240 -21.3795 1.7316 23.4934 -2.1583 0.0009
Pedestrian 0.0000 0 -1.6418 665.9946 161.7023 678.2908 193.3103 1.7688 0.6455 0.6575 3.7778 0.7183 39.8991 -1.5463 0.0008
Pedestrian 0.0000 0 -1.6440 665.9346 161.5356 678.3484 193.3907 1.7817 0.6482 0.6909 3.7770 0.7224 39.8932 -1.5485 0.0008
Car 0.0000 0 1.1605 663.4157 168.9659 729.7003 205.2048 1.3718 1.3549 3.5350 3.6162 0.9367 28.6459 1.2865 0.0008
Car 0.0000 0 1.0430 667.3652 161.3028 748.4100 205.2396 1.6096 1.5019 3.6813 3.9528 0.9078 27.8850 1.1840 0.0007
Cyclist 0.0000 0 1.3118 664.1436 157.7081 683.9319 191.2783 1.8366 0.6063 2.0269 3.8573 0.5911 39.7267 1.4097 0.0007
Cyclist 0.0000 0 0.1893 661.2604 154.7075 699.5567 189.9698 1.9569 0.7026 2.0518 4.2450 0.5269 39.8694 0.2964 0.0007
Car 0.0000 0 1.1404 672.9340 163.3893 742.1724 205.1688 1.5498 1.4682 3.2832 3.9718 0.9166 28.0051 1.2815 0.0007
Car 0.0000 0 0.1653 642.0555 168.9840 730.9436 207.5077 1.4352 1.3990 3.2442 3.1547 1.0077 27.4570 0.2802 0.0007
Cyclist 0.0000 0 -0.9304 157.5268 164.4740 227.7603 252.7741 1.7786 0.4432 1.5503 -8.7746 1.4574 15.0334 -1.4477 0.0007
Car 0.0000 0 -2.5545 638.2929 168.4231 760.4094 207.4232 1.4674 1.7185 4.7752 3.7432 1.0145 28.8139 -2.4249 0.0007
Cyclist 0.0000 0 0.0817 665.4294 154.2255 704.1142 189.8874 1.9610 0.8086 2.0872 4.4502 0.5176 39.4727 0.1950 0.0006
Car 0.0000 0 0.3159 622.4277 171.4209 714.0762 207.8035 1.3554 1.4338 3.2866 2.4495 1.0187 27.6420 0.4051 0.0006
Car 0.0000 0 1.3922 634.4675 171.1404 696.7179 208.7765 1.3885 1.7227 4.3447 2.3127 1.0447 28.3254 1.4745 0.0006
Cyclist 0.0000 0 -1.2473 0.0000 157.2041 8.5906 257.4355 1.8502 0.3857 1.5033 -12.2418 1.4219 13.8157 -1.9591 0.0006
Car 0.0000 0 0.1275 624.3157 171.4364 720.6208 208.2652 1.3788 1.5084 3.5801 2.6324 1.0410 27.5980 0.2234 0.0006
Car 0.0000 0 0.1416 646.9261 168.8683 743.0652 207.1891 1.4273 1.4856 3.5383 3.4949 0.9956 27.5148 0.2683 0.0006
Car 0.0000 0 0.8212 624.3480 167.3028 728.5046 208.6096 1.4910 1.7326 4.0782 2.6898 1.0162 27.6630 0.9188 0.0006
Car 0.0000 0 0.5371 662.4321 164.2006 762.3189 205.9580 1.5220 1.5341 3.5525 4.1125 0.9294 27.4850 0.6858 0.0006
Car 0.0000 0 0.7545 629.6649 170.3419 729.1328 210.3158 1.4484 1.7136 3.6760 2.8181 1.0819 27.5643 0.8570 0.0006
Car 0.0000 0 1.3325 670.9583 170.3559 722.1851 206.1219 1.3573 1.3219 3.1869 3.6117 0.9739 28.4852 1.4590 0.0006
Car 0.0000 0 0.2152 631.8413 170.5478 722.5308 207.9317 1.3942 1.4196 3.2893 2.7991 1.0246 27.5513 0.3171 0.0005
Car 0.0000 0 -2.6400 630.9652 170.7346 755.1603 206.6554 1.3526 1.7724 4.7347 3.4965 0.9864 28.7207 -2.5184 0.0005
Car 0.0000 0 -2.6759 606.9495 170.1104 739.7084 209.6931 1.4404 1.7451 4.9303 2.6066 1.0639 27.7738 -2.5816 0.0005
Car 0.0000 0 1.4394 673.9531 166.9029 719.1120 204.7344 1.4305 1.3878 3.0983 3.5891 0.9179 28.2835 1.5660 0.0005
Car 0.0000 0 -0.5276 0.0000 0.0000 1224.0000 370.0000 1.8497 1.5782 4.1576 -5.3748 1.5905 2.1316 -1.6682 0.0005
Car 0.0000 0 1.5279 677.7274 167.0032 716.0587 204.6356 1.4157 1.3718 3.2398 3.6052 0.9095 28.2660 1.6552 0.0005
Cyclist 0.0000 0 -2.5655 960.5075 155.8269 1051.4264 252.0168 1.6690 0.4382 1.4425 7.2986 1.2425 13.0023 -2.0627 0.0004
Car 0.0000 0 -2.4561 628.2449 169.8676 747.6638 209.8135 1.4467 1.6510 4.6749 3.1512 1.0631 27.8518 -2.3429 0.0004
Car 0.0000 0 1.0516 627.4659 168.8091 722.4302 209.4138 1.4502 1.6283 4.5671 2.5955 1.0342 27.6629 1.1458 0.0004
Car 0.0000 0 1.0466 649.7842 169.4136 736.2401 207.3115 1.4009 1.4234 4.3980 3.4098 0.9926 28.4320 1.1664 0.0004
Car 0.0000 0 1.4521 672.2087 167.5470 718.6242 206.5934 1.4637 1.4552 3.1516 3.5156 0.9796 28.0797 1.5771 0.0004
Car 0.0000 0 1.2152 655.9738 172.5446 723.8389 208.5998 1.3459 1.4040 3.9752 3.3131 1.0504 28.4847 1.3315 0.0004
Car 0.0000 0 1.5027 670.7222 164.7216 716.1834 207.1577 1.5257 1.4811 3.6682 3.3291 0.9600 27.2873 1.6246 0.0004
Pedestrian 0.0000 0 -1.7281 670.6901 158.7024 685.4490 190.3002 1.7664 0.7336 0.6575 4.1088 0.5492 39.8681 -1.6243 0.0004
Pedestrian 0.0000 0 -1.7149 670.9046 158.3575 685.6608 189.9781 1.7669 0.7364 0.6847 4.1197 0.5310 39.8597 -1.6109 0.0003
Pedestrian 0.0000 0 -1.3543 670.9752 158.1472 687.2642 189.6095 1.7429 0.7792 0.6832 4.1462 0.5060 39.6106 -1.2490 0.0003
Car 0.0000 0 0.3451 631.4460 169.6121 732.7821 208.3120 1.4335 1.5052 3.6474 2.9841 1.0317 27.6607 0.4531 0.0003
Pedestrian 0.0000 0 -1.3396 670.7500 158.3134 687.7024 189.8078 1.7435 0.8030 0.7111 4.1517 0.5167 39.6052 -1.2341 0.0003
Pedestrian 0.0000 0 -1.4560 666.1364 163.7960 680.0423 193.7926 1.6631 0.6947 0.7517 3.8114 0.7384 39.6360 -1.3591 0.0003
Car 0.0000 0 1.0142 645.8140 166.6512 725.0607 208.3409 1.5004 1.5470 3.2414 3.0110 1.0035 27.2381 1.1249 0.0003
Pedestrian 0.0000 0 -1.4231 666.1273 163.9018 680.3137 193.7197 1.6526 0.6937 0.7149 3.8161 0.7341 39.6118 -1.3260 0.0003
Car 0.0000 0 1.2552 650.3835 166.8240 713.6805 206.8814 1.4816 1.4746 3.4769 2.9578 0.9773 28.0003 1.3611 0.0002
Car 0.0000 0 1.3153 659.2617 170.4978 716.5739 209.5235 1.4597 1.3818 3.6955 3.2335 1.0871 28.3674 1.4293 0.0002
Car 0.0000 0 1.1283 645.4297 168.0060 714.1254 208.4916 1.4972 1.4901 3.1243 2.8637 1.0367 27.8641 1.2313 0.0002