Pedestrian 0.0000 0 2.2363 543.2558 144.5456 630.4355 291.3777 1.7492 0.7241 0.8716 -0.3398 1.4124 9.1585 2.1989 0.8063
Cyclist 0.0000 0 2.1316 529.3671 146.6483 643.2538 295.8408 1.7147 0.6142 1.7565 -0.3088 1.4138 9.2034 2.0976 0.7789
Pedestrian 0.0000 0 2.1569 544.3474 146.0766 629.1636 292.2461 1.7402 0.7008 0.8925 -0.3375 1.4218 9.1511 2.1197 0.7773
Cyclist 0.0000 0 2.1491 528.5760 146.6626 644.5056 296.8179 1.7254 0.6215 1.7554 -0.3061 1.4248 9.2001 2.1154 0.7537
Pedestrian 0.0000 0 2.0182 545.5188 145.9336 630.1214 291.4008 1.7432 0.7585 0.9235 -0.3218 1.4209 9.2185 1.9828 0.7353
Pedestrian 0.0000 0 2.1441 547.0011 147.1073 633.8568 291.6446 1.7320 0.7497 0.8879 -0.2930 1.4238 9.2168 2.1118 0.7200
Pedestrian 0.0000 0 2.0294 543.8882 145.8336 628.0607 291.8206 1.7537 0.7514 0.9174 -0.3464 1.4295 9.2369 1.9915 0.6433
Pedestrian 0.0000 0 2.1930 541.8224 145.8941 627.2536 294.9363 1.7634 0.7020 0.8704 -0.3651 1.4448 9.0905 2.1526 0.6354
Pedestrian 0.0000 0 2.2238 542.8347 146.3832 626.4598 294.5779 1.7569 0.7050 0.8135 -0.3661 1.4434 9.0869 2.1832 0.6212
Cyclist 0.0000 0 2.1423 529.1826 142.9501 643.2164 297.0392 1.7711 0.6280 1.7112 -0.3119 1.4277 9.1862 2.1079 0.6118
Cyclist 0.0000 0 2.1150 533.0979 146.0830 640.7403 296.2086 1.7361 0.6078 1.6543 -0.3062 1.4268 9.2114 2.0813 0.6075
Cyclist 0.0000 0 2.1436 528.0101 143.7205 644.0259 297.0823 1.7642 0.6423 1.7395 -0.3136 1.4295 9.2091 2.1091 0.6029
Pedestrian 0.0000 0 2.0024 547.0277 146.6882 625.4570 290.9978 1.7469 0.7323 0.8187 -0.3460 1.4305 9.2503 1.9647 0.5607
Cyclist 0.0000 0 2.3822 528.4902 151.7381 654.1885 297.6378 1.7050 0.6394 1.6127 -0.2627 1.4586 9.2268 2.3530 0.5486
Cyclist 0.0000 0 2.0825 536.9730 144.2798 643.0121 301.7188 1.7932 0.5443 1.7753 -0.2590 1.4681 9.1281 2.0534 0.5118
Cyclist 0.0000 0 2.3823 525.8919 147.0284 654.2928 294.8354 1.7263 0.6640 1.6401 -0.2782 1.4250 9.2407 2.3516 0.4141
Cyclist 0.0000 0 2.3120 526.5840 145.4840 654.2300 296.4591 1.7465 0.6390 1.7167 -0.2652 1.4303 9.2029 2.2826 0.3760
Cyclist 0.0000 0 2.3220 527.1133 145.1847 652.1122 296.3088 1.7507 0.6253 1.6660 -0.2776 1.4305 9.1880 2.2912 0.3519
Pedestrian 0.0000 0 1.9634 554.3375 148.4363 633.4443 287.8432 1.7133 0.7354 0.9355 -0.2480 1.4136 9.4331 1.9364 0.2991
Cyclist 0.0000 0 2.3583 532.0392 147.9905 652.6772 295.2993 1.7540 0.6075 1.6126 -0.2522 1.4583 9.3823 2.3307 0.2487
Pedestrian 0.0000 0 1.9649 554.6077 149.5196 633.7097 286.8416 1.6987 0.7627 0.8770 -0.2471 1.4104 9.4690 1.9382 0.2449
Cyclist 0.0000 0 2.3641 526.1027 146.5414 656.6374 294.5865 1.7233 0.6325 1.7258 -0.2563 1.4174 9.2377 2.3357 0.2281
Cyclist 0.0000 0 2.0304 534.9259 147.7791 628.1239 293.4539 1.7212 0.5390 1.6487 -0.3830 1.4253 9.3853 1.9893 0.1795
Car 0.0000 0 -0.3893 148.1685 0.0000 1242.0000 375.0000 1.5977 1.6591 3.9303 -1.6786 1.6322 0.9472 -1.3294 0.1219
Car 0.0000 0 -0.1426 219.4666 0.0000 1242.0000 375.0000 1.5866 1.7095 4.1838 -2.0304 1.6706 1.1046 -1.1152 0.0995
Car 0.0000 0 -0.4422 40.3303 0.0000 1242.0000 375.0000 1.6092 1.6426 3.9712 -1.3967 1.6298 0.5085 -1.4985 0.0640
Car 0.0000 0 -0.5649 90.7964 0.0000 1242.0000 375.0000 1.5463 1.6003 3.7862 -1.3591 1.5915 0.7475 -1.4894 0.0617
Car 0.0000 0 -1.2059 407.2281 0.0000 1242.0000 375.0000 1.5307 1.5972 3.8099 -0.1601 1.5768 0.4706 -1.4321 0.0305
Cyclist 0.0000 0 1.5361 574.6611 147.2202 615.7272 284.2678 1.7526 0.5023 1.6003 -0.2820 1.4252 10.0391 1.5074 0.0301
Pedestrian 0.0000 0 2.7481 520.6371 152.0246 575.8401 273.5789 1.6435 0.4880 0.6315 -0.9224 1.3622 10.1156 2.6584 0.0298
Car 0.0000 0 -0.4161 0.0000 0.0000 1242.0000 375.0000 1.5945 1.6784 4.1428 -1.7761 1.6241 0.6552 -1.5016 0.0286
Cyclist 0.0000 0 -2.8384 1153.6823 172.7509 1242.0000 307.9690 1.7528 0.4546 1.6762 8.7007 1.7518 10.1772 -2.1460 0.0285
Car 0.0000 0 -0.8911 119.7658 0.0000 1211.5593 375.0000 1.5313 1.5802 3.7148 -0.6451 1.5682 0.4180 -1.6418 0.0284
Car 0.0000 0 -0.5521 138.3190 0.0000 1242.0000 375.0000 1.5740 1.5819 3.8099 -1.3992 1.6343 0.8672 -1.4374 0.0281
Car 0.0000 0 -0.6925 91.2862 0.0000 1242.0000 375.0000 1.5373 1.5777 3.8305 -1.0202 1.5760 0.5520 -1.5808 0.0253
Car 0.0000 0 0.1432 0.0000 0.0000 1242.0000 375.0000 1.4182 1.7578 4.2554 -3.3684 1.7690 0.0483 -1.3278 0.0248
Car 0.0000 0 -1.7334 75.7334 0.0000 966.2680 375.0000 1.5192 1.5713 3.7184 0.1989 1.5570 0.5896 -1.5266 0.0245
Car 0.0000 0 0.0550 0.0000 0.0000 1242.0000 375.0000 1.5686 1.8299 4.2173 -3.0937 1.7409 0.4807 -1.2728 0.0243
Car 0.0000 0 -1.8893 160.1937 0.0000 966.9058 375.0000 1.5609 1.5888 3.8022 0.1932 1.5509 0.2414 -1.5643 0.0220
Car 0.0000 0 -1.4041 252.7210 0.0000 1170.7577 375.0000 1.6047 1.5988 3.7449 -0.0702 1.6126 0.5989 -1.4998 0.0205
Cyclist 0.0000 0 -2.9589 1149.1741 174.5222 1242.0000 311.6239 1.7709 0.5087 1.7347 8.6720 1.7967 10.1658 -2.2677 0.0199
Car 0.0000 0 -1.9819 0.0000 0.0000 933.4863 375.0000 1.5527 1.5584 3.8779 0.4882 1.6403 0.8785 -1.5975 0.0194
Car 0.0000 0 -0.2761 110.6892 0.0000 1242.0000 375.0000 1.5928 1.6219 3.8794 -0.9344 1.6440 0.0979 -1.4593 0.0185
Car 0.0000 0 -0.7371 152.8441 0.0000 1242.0000 375.0000 1.6060 1.6157 3.8698 -1.2380 1.6693 0.9839 -1.5146 0.0183
Cyclist 0.0000 0 -3.2614 1172.4790 178.0339 1242.0000 315.9466 1.7528 0.5534 1.5608 8.6633 1.8288 9.8785 -2.5570 0.0178
Car 0.0000 0 0.8536 844.8754 173.8837 949.5966 210.9621 1.4160 1.5987 4.2838 11.7617 1.4624 29.9648 1.2239 0.0176
Pedestrian 0.0000 0 -2.9983 1240.0723 181.2939 1242.0000 308.3681 1.6952 0.4520 0.5297 9.0878 1.8168 10.0171 -2.2769 0.0174
Car 0.0000 0 -0.2849 0.0000 0.0000 1242.0000 375.0000 1.5943 1.6784 4.2048 -2.1711 1.6706 0.7026 -1.4297 0.0173
Car 0.0000 0 -1.7794 0.0000 0.0000 907.5200 375.0000 1.5701 1.5937 4.0404 0.2454 1.7119 1.0519 -1.6104 0.0171
Car 0.0000 0 -0.6757 177.6025 0.0000 1231.9377 375.0000 1.5951 1.5968 3.8057 -0.6157 1.5740 0.2457 -1.5428 0.0170
Car 0.0000 0 0.8606 830.8359 173.8990 929.6733 208.7798 1.3756 1.5730 4.2087 11.3932 1.4239 30.8342 1.2110 0.0170
Pedestrian 0.0000 0 -2.9840 1222.3292 179.2017 1242.0000 307.0998 1.6700 0.4645 0.6046 8.7377 1.7603 9.8370 -2.2733 0.0170
Car 0.0000 0 -0.4953 27.8744 0.0000 1242.0000 375.0000 1.5871 1.5911 3.8705 -1.0036 1.6132 0.2488 -1.5799 0.0166
Car 0.0000 0 -1.2140 321.9374 0.0000 1035.7957 375.0000 1.5722 1.5958 3.7860 -0.1720 1.5653 0.2515 -1.5463 0.0164
Car 0.0000 0 -1.7434 0.0000 0.0000 946.6712 375.0000 1.5697 1.6033 3.9375 0.2160 1.6242 0.7516 -1.5531 0.0163
Car 0.0000 0 -1.0959 67.1318 0.0000 1143.4733 375.0000 1.6263 1.5826 3.8147 -0.6829 1.6261 0.6058 -1.7580 0.0162
Car 0.0000 0 0.1480 0.0000 0.0000 1242.0000 375.0000 1.5730 1.8165 4.4583 -3.0248 1.7856 0.3487 -1.2156 0.0162
Pedestrian 0.0000 0 2.1551 542.0552 149.9914 615.7964 286.0607 1.7138 0.6659 0.7708 -0.4587 1.4262 9.5865 2.1072 0.0161
Cyclist 0.0000 0 -0.3615 1204.5333 185.2990 1242.0000 318.6406 1.6795 0.4763 1.6470 9.0553 1.8563 9.7048 0.3733 0.0159
Car 0.0000 0 -0.0456 85.3075 0.0000 1242.0000 375.0000 1.5920 1.8068 4.5917 -2.5410 1.7521 0.8970 -1.1817 0.0158
Car 0.0000 0 -0.1228 0.0000 0.0000 1242.0000 375.0000 1.5916 1.6770 4.0785 1.4149 1.7344 1.5105 0.5372 0.0157
Car 0.0000 0 -2.1084 0.0000 0.0000 911.8557 375.0000 1.5543 1.5801 3.9690 0.5117 1.6205 0.7513 -1.6635 0.0154
Car 0.0000 0 -0.1665 48.6110 0.0000 1242.0000 375.0000 1.6163 1.6628 3.9871 -1.3433 1.6678 0.1781 -1.4056 0.0154
Car 0.0000 0 0.8209 847.0981 174.4719 955.0016 211.9396 1.4083 1.6022 4.2744 11.7712 1.4801 29.5969 1.1956 0.0154
Cyclist 0.0000 0 -2.7107 1184.9336 174.6603 1242.0000 309.7902 1.7409 0.4554 1.5195 8.9942 1.7685 10.0995 -1.9983 0.0153
Cyclist 0.0000 0 -2.7405 1161.4172 176.4831 1242.0000 313.4146 1.7328 0.5075 1.6349 8.6691 1.7878 10.0161 -2.0424 0.0152
Car 0.0000 0 1.1559 820.8814 173.9233 895.5309 207.5944 1.4048 1.6020 4.1614 10.9970 1.4564 32.3827 1.4801 0.0151
Car 0.0000 0 0.7922 832.1707 174.2907 936.4243 210.4211 1.4017 1.6019 4.2014 11.4065 1.4671 30.4119 1.1474 0.0149
Car 0.0000 0 3.6291 0.0000 0.0000 1242.0000 375.0000 1.6288 1.7276 4.4104 -1.5233 1.6775 0.9284 2.7279 0.0147
Pedestrian 0.0000 0 0.9524 624.7279 145.6196 666.5690 240.1624 1.5988 0.4480 0.6247 0.5656 1.1386 12.5831 0.9954 0.0145
Car 0.0000 0 1.0120 807.5547 173.7392 893.1094 207.6564 1.4180 1.6400 4.2404 10.6879 1.4610 32.5358 1.3263 0.0145
Pedestrian 0.0000 0 -3.1172 0.0000 0.0000 1242.0000 375.0000 1.8420 0.5264 0.7679 17.0482 1.9325 0.1433 -1.5723 0.0143
Car 0.0000 0 -0.8197 111.5417 0.0000 1242.0000 375.0000 1.5848 1.5874 3.8378 -1.0146 1.6181 0.7382 -1.6061 0.0143
Car 0.0000 0 1.3179 824.8184 174.6410 885.8347 208.3814 1.4196 1.5943 4.1963 10.9989 1.5064 32.7307 1.6389 0.0142
Pedestrian 0.0000 0 0.6964 1234.8357 179.7218 1242.0000 310.5444 1.7466 0.4461 0.5608 9.0597 1.8449 9.9740 1.4183 0.0142
Pedestrian 0.0000 0 0.9953 625.0723 147.1798 666.2536 241.3734 1.5945 0.4435 0.6322 0.5660 1.1603 12.5964 1.0382 0.0141
Cyclist 0.0000 0 -2.7112 1142.9102 177.2997 1242.0000 310.9945 1.7493 0.4319 1.7028 8.6600 1.8187 10.3541 -2.0295 0.0140
Car 0.0000 0 1.2411 0.0000 0.0000 1242.0000 375.0000 1.6071 1.7394 4.5208 3.6597 1.7490 0.1806 2.6829 0.0138
Car 0.0000 0 -0.1582 0.0000 0.0000 1242.0000 375.0000 1.6093 1.7008 4.1936 -1.7343 1.6520 0.3004 -1.4037 0.0137
Car 0.0000 0 -1.9318 0.0000 0.0000 872.4927 375.0000 1.5796 1.5796 4.1241 0.4973 1.7105 1.2523 -1.6296 0.0137
Car 0.0000 0 0.7865 819.5179 174.3848 920.4596 208.9806 1.3744 1.6072 4.1595 11.0525 1.4454 31.0812 1.1247 0.0137
Pedestrian 0.0000 0 2.0409 545.0082 150.4310 613.5041 283.4716 1.6881 0.6477 0.7455 -0.4544 1.4039 9.6254 1.9937 0.0137
Car 0.0000 0 3.8672 0.0000 62.6716 1242.0000 375.0000 1.7076 1.8211 4.6856 -1.3409 1.6661 1.2068 3.1309 0.0135
Car 0.0000 0 1.1721 811.9209 174.3537 885.8024 208.4355 1.4313 1.6293 4.2491 10.6740 1.5041 32.6777 1.4847 0.0135
Car 0.0000 0 0.8005 849.2084 174.3365 958.4293 212.1454 1.4096 1.6029 4.2281 11.7803 1.4749 29.3356 1.1785 0.0133
Car 0.0000 0 -0.0725 29.3939 0.0000 1242.0000 375.0000 1.5632 1.7842 4.2705 -2.6567 1.7294 0.9823 -1.1990 0.0130
Pedestrian 0.0000 0 -2.3723 601.2943 143.1309 645.1953 241.3815 1.7036 0.5218 0.5871 0.1842 1.1886 12.9005 -2.3592 0.0129
Car 0.0000 0 0.7497 834.1732 174.0713 942.0056 210.6483 1.4015 1.6064 4.2061 11.4206 1.4563 30.0330 1.1094 0.0126
Car 0.0000 0 2.1881 314.0678 171.6621 513.1171 261.4998 1.3990 1.5521 3.8867 -3.4681 1.3808 13.3262 1.9376 0.0125
Car 0.0000 0 2.1304 350.1203 170.4623 534.3285 256.7171 1.3945 1.5569 3.9024 -3.0512 1.3562 13.7617 1.9156 0.0124
Cyclist 0.0000 0 -2.0435 1233.6324 182.6237 1242.0000 315.4930 1.6913 0.4481 1.7061 9.5162 1.8416 10.1933 -1.3076 0.0122
Car 0.0000 0 1.9933 449.7859 165.4072 589.4407 239.7245 1.4045 1.5635 3.8249 -1.8627 1.2641 15.6926 1.8764 0.0122
Pedestrian 0.0000 0 0.4432 604.4136 144.3323 646.1630 240.8711 1.6786 0.5049 0.5879 0.2242 1.1830 12.8999 0.4592 0.0122
Car 0.0000 0 2.1344 325.6031 170.5002 512.9020 258.9469 1.4202 1.5740 3.8693 -3.4591 1.3828 13.6673 1.8904 0.0121
Pedestrian 0.0000 0 0.4173 1217.2231 181.1133 1242.0000 309.7275 1.6724 0.4539 0.6518 8.7247 1.7897 9.8214 1.1280 0.0120
Car 0.0000 0 1.8582 565.5873 162.0212 663.1143 222.5218 1.4536 1.5957 3.8346 0.1772 1.1937 19.4001 1.8665 0.0120
Car 0.0000 0 2.1191 357.9855 168.6820 535.2113 253.1715 1.4055 1.5654 3.8521 -3.0485 1.3364 14.0767 1.9090 0.0119
Car 0.0000 0 2.0390 370.5489 167.7584 533.2289 250.5391 1.4233 1.5806 3.8739 -3.0370 1.3360 14.4792 1.8353 0.0119
Car 0.0000 0 0.7583 821.4648 174.6651 926.4413 210.3094 1.3923 1.6246 4.2101 11.0642 1.4753 30.6548 1.1012 0.0118
Car 0.0000 0 1.8258 599.3083 161.8152 685.2322 217.7281 1.4691 1.5883 3.8126 0.9872 1.1794 21.0117 1.8715 0.0118
Car 0.0000 0 1.7956 585.9201 161.7815 671.7551 219.6547 1.4580 1.5920 3.8130 0.5785 1.1794 20.2200 1.8232 0.0118
Car 0.0000 0 1.7236 590.8322 162.8936 666.9284 219.6684 1.4584 1.5974 3.8707 0.5841 1.2029 20.5791 1.7509 0.0118
Car 0.0000 0 2.0350 341.6344 169.7491 509.7891 254.6673 1.4126 1.5751 3.8698 -3.4447 1.3613 14.0622 1.7984 0.0118
Car 0.0000 0 2.1715 279.7594 170.9414 486.8582 265.9393 1.4226 1.5695 3.8898 -3.8734 1.3944 12.8949 1.8846 0.0118
Car 0.0000 0 1.8879 610.3073 159.7252 700.4380 215.7818 1.5054 1.5697 3.7823 1.3919 1.1532 21.4216 1.9513 0.0118
Pedestrian 0.0000 0 1.0309 602.0901 150.5274 643.8855 246.3017 1.6206 0.4986 0.5830 0.1707 1.2431 12.5835 1.0432 0.0118
Car 0.0000 0 1.7990 600.6588 161.1189 683.7805 217.9857 1.4665 1.5648 3.7485 0.9654 1.1642 20.6201 1.8446 0.0117
Car 0.0000 0 1.8223 471.7015 165.7579 581.4277 236.0109 1.4139 1.5737 3.8369 -1.8256 1.2715 16.5298 1.7134 0.0117
Car 0.0000 0 1.8790 370.9182 166.9643 506.5882 246.9323 1.4296 1.5768 3.9365 -3.4157 1.3247 14.9253 1.6572 0.0117
Car 0.0000 0 1.9534 356.6721 169.1355 508.4322 252.0563 1.4301 1.5805 3.9074 -3.4256 1.3663 14.4927 1.7248 0.0117
Car 0.0000 0 2.1145 259.7309 171.2868 462.6302 267.9366 1.4501 1.5989 3.9028 -4.2618 1.4269 12.9054 1.8011 0.0117
Car 0.0000 0 1.8285 613.0061 160.0109 696.2322 215.5474 1.5178 1.5867 3.8179 1.3905 1.1671 21.7779 1.8909 0.0117
Car 0.0000 0 -2.6340 0.0000 0.0000 1242.0000 375.0000 1.5831 1.6435 3.9796 4.5048 1.7301 -0.1256 -1.1003 0.0116
Car 0.0000 0 1.8992 461.5249 165.8537 584.8256 238.4413 1.4168 1.5694 3.8087 -1.8441 1.2805 16.1083 1.7864 0.0116
Car 0.0000 0 1.9040 610.0243 160.0214 702.3211 215.8966 1.4750 1.5543 3.7317 1.3920 1.1366 21.0660 1.9686 0.0115
Car 0.0000 0 -0.3214 0.0000 203.4508 1242.0000 375.0000 1.5862 1.6756 4.0970 0.9348 1.6955 1.3658 0.1849 0.0115
Car 0.0000 0 2.0260 398.2014 166.7503 553.6578 246.0667 1.4081 1.5806 3.8849 -2.6411 1.3001 14.8922 1.8529 0.0114
Car 0.0000 0 1.7292 605.6031 158.4462 681.9097 217.4864 1.4898 1.5655 3.7161 0.9846 1.1266 20.1834 1.7766 0.0114
Car 0.0000 0 1.9271 386.3062 166.8330 528.5087 246.2337 1.4128 1.5774 3.9020 -3.0221 1.3060 14.8870 1.7296 0.0113
Car 0.0000 0 1.8968 414.1449 167.0543 547.2888 244.0128 1.4131 1.5823 3.9121 -2.6261 1.3070 15.3023 1.7290 0.0113
Car 0.0000 0 2.1152 385.6551 167.9997 557.3323 250.1813 1.4136 1.5770 3.8915 -2.6538 1.3305 14.5076 1.9368 0.0113
Car 0.0000 0 1.8453 350.4723 174.6408 467.0229 243.5567 1.4163 1.5863 3.9761 -4.6117 1.4635 16.9268 1.5827 0.0112
Car 0.0000 0 1.9432 242.5607 176.4510 406.0603 262.2355 1.4205 1.5854 3.9818 -5.4158 1.5012 14.1131 1.5825 0.0112
Car 0.0000 0 1.9206 266.5206 175.8031 424.1062 261.3909 1.4210 1.5789 3.9811 -5.0143 1.4872 14.1160 1.5846 0.0112
Car 0.0000 0 1.8236 369.8819 174.0611 482.3250 242.7559 1.4151 1.5847 3.9752 -4.2104 1.4471 16.9276 1.5829 0.0112
Car 0.0000 0 2.0361 139.6498 179.7886 338.5545 273.7050 1.4332 1.5850 3.9913 -6.6205 1.5808 13.3087 1.5820 0.0112
Car 0.0000 0 1.9241 274.1844 175.9376 412.6740 249.5836 1.4248 1.5866 3.9821 -5.8178 1.5026 16.1239 1.5826 0.0112
Car 0.0000 0 1.7840 403.3036 172.6681 510.7407 242.6402 1.4094 1.5762 3.9732 -3.4071 1.4060 16.5269 1.5832 0.0112
Car 0.0000 0 1.8765 322.2502 168.2699 465.0464 251.8304 1.4503 1.5925 3.9669 -4.2132 1.3711 14.5254 1.5985 0.0112
Car 0.0000 0 1.8066 383.2243 173.3550 495.1774 243.5652 1.4113 1.5828 3.9735 -3.8089 1.4245 16.5256 1.5830 0.0112
Car 0.0000 0 1.8015 389.2938 172.8669 497.6237 240.9420 1.4090 1.5844 3.9701 -3.8088 1.4097 16.9267 1.5829 0.0112
Car 0.0000 0 1.8712 319.1665 173.2607 453.7454 250.0792 1.4163 1.5864 3.9751 -4.6128 1.4264 15.3185 1.5829 0.0112
Car 0.0000 0 2.0926 81.3510 180.0931 290.1779 271.1173 1.4368 1.5908 3.9914 -7.8263 1.5948 13.7097 1.5818 0.0112
Car 0.0000 0 2.0371 146.8165 177.6056 334.1087 264.3441 1.4297 1.5873 3.9881 -7.0232 1.5363 14.1133 1.5825 0.0112
Car 0.0000 0 1.7750 414.1362 173.3664 514.8693 239.8479 1.4103 1.5759 3.9744 -3.4067 1.4244 17.3314 1.5832 0.0112
Car 0.0000 0 2.0706 106.1588 179.5392 308.5621 270.1726 1.4337 1.5886 3.9892 -7.4250 1.5797 13.7098 1.5819 0.0112
Car 0.0000 0 2.0477 130.7495 179.6794 327.1325 270.4296 1.4346 1.5933 3.9892 -7.0224 1.5837 13.7084 1.5817 0.0112
Car 0.0000 0 1.7631 428.1344 173.4639 520.6268 235.5738 1.4205 1.5856 3.9782 -3.4065 1.4382 18.5375 1.5833 0.0112
Car 0.0000 0 1.9402 254.0968 175.8069 403.3903 253.2722 1.4142 1.5840 3.9755 -5.8180 1.4854 15.3183 1.5824 0.0112
Car 0.0000 0 1.8800 315.3030 175.1928 444.6030 248.0624 1.4140 1.5841 3.9751 -5.0141 1.4731 16.1228 1.5826 0.0112
Car 0.0000 0 1.9104 277.3500 175.1248 428.6417 257.9548 1.4244 1.5877 3.9813 -5.0144 1.4768 14.5150 1.5828 0.0112
Car 0.0000 0 2.0041 184.8415 176.5172 358.3113 259.8576 1.4254 1.5868 3.9830 -6.6217 1.5096 14.5145 1.5825 0.0112
Car 0.0000 0 1.9020 294.7669 175.7946 428.6381 248.9630 1.4163 1.5862 3.9767 -5.4154 1.4906 16.1222 1.5824 0.0112
Car 0.0000 0 1.9083 310.5351 169.0975 462.8309 254.8410 1.4385 1.5823 3.9590 -4.2180 1.3759 14.1204 1.6225 0.0112
Car 0.0000 0 1.9601 326.9935 169.4674 485.6968 254.7093 1.4245 1.5779 3.9116 -3.8283 1.3683 14.0957 1.6990 0.0112
Car 0.0000 0 1.8349 356.2769 173.5198 476.6280 245.7591 1.4110 1.5839 3.9723 -4.2108 1.4281 16.1230 1.5829 0.0112
Car 0.0000 0 1.9908 194.8172 177.8299 370.0070 264.0160 1.4196 1.5847 3.9821 -6.2191 1.5311 14.1125 1.5822 0.0112
Car 0.0000 0 1.9254 265.5778 176.3050 415.5901 256.0236 1.4087 1.5816 3.9743 -5.4158 1.4900 14.9163 1.5823 0.0112
Car 0.0000 0 1.9020 288.2120 175.7729 432.6001 255.1590 1.4058 1.5737 3.9735 -5.0141 1.4746 14.9175 1.5825 0.0112
Car 0.0000 0 1.9589 295.9751 169.6545 462.1693 259.6200 1.4562 1.5899 3.9415 -4.2238 1.4048 13.7129 1.6650 0.0112
Car 0.0000 0 1.9172 275.8914 175.7774 420.1115 252.9094 1.4083 1.5838 3.9717 -5.4158 1.4788 15.3171 1.5822 0.0112
Car 0.0000 0 1.9808 208.0319 177.3165 375.8688 260.6504 1.4209 1.5874 3.9805 -6.2191 1.5234 14.5132 1.5821 0.0112
Car 0.0000 0 1.9771 204.8675 177.9351 382.6181 268.2822 1.4379 1.5944 3.9897 -5.8172 1.5489 13.7098 1.5822 0.0112
Car 0.0000 0 1.9624 232.2949 176.3651 386.7013 254.1886 1.4175 1.5865 3.9777 -6.2193 1.5021 15.3177 1.5823 0.0112
Car 0.0000 0 1.8575 335.7974 174.2142 460.6099 246.5929 1.4098 1.5847 3.9717 -4.6122 1.4444 16.1219 1.5826 0.0112
Car 0.0000 0 1.8641 327.8307 174.6905 457.2038 249.3587 1.4104 1.5826 3.9742 -4.6123 1.4559 15.7209 1.5826 0.0112
Car 0.0000 0 1.9849 210.4428 175.7918 370.0083 253.9475 1.4267 1.5867 3.9833 -6.6221 1.4976 15.3199 1.5827 0.0112
Car 0.0000 0 2.0828 88.5218 180.2173 300.5748 274.3331 1.4340 1.5815 3.9926 -7.4248 1.5906 13.3096 1.5821 0.0112
Car 0.0000 0 1.8883 311.6004 175.5388 436.4436 245.1661 1.4258 1.5885 3.9824 -5.4152 1.4966 16.9279 1.5827 0.0112
Car 0.0000 0 1.7834 410.6010 173.9767 506.5443 236.3271 1.4231 1.5879 3.9798 -3.8077 1.4554 18.5368 1.5831 0.0112
Car 0.0000 0 1.9456 253.5889 176.4345 396.7786 250.5309 1.4306 1.5902 3.9858 -6.2188 1.5209 16.1236 1.5825 0.0112
Car 0.0000 0 1.9573 240.5920 173.6052 416.0146 266.3835 1.4513 1.5859 3.9701 -5.0173 1.4676 13.3260 1.6032 0.0112
Car 0.0000 0 1.7163 469.8490 171.4795 551.2256 230.5570 1.4203 1.5876 3.9766 -2.6031 1.3876 19.3418 1.5837 0.0112
Car 0.0000 0 1.8942 341.0436 167.8730 485.3476 251.7193 1.4517 1.5884 3.9528 -3.8196 1.3658 14.5165 1.6408 0.0112
Car 0.0000 0 1.7877 405.6843 174.3594 504.4470 238.3255 1.4223 1.5856 3.9815 -3.8080 1.4647 18.1357 1.5831 0.0112
Car 0.0000 0 1.7249 459.6030 171.4742 547.5934 234.8146 1.4169 1.5798 3.9771 -2.6030 1.3864 18.1364 1.5837 0.0112
Car 0.0000 0 1.8397 357.2329 175.2422 470.0349 242.8604 1.4237 1.5857 3.9828 -4.6118 1.4880 17.3312 1.5829 0.0112
Car 0.0000 0 1.7399 484.8561 165.5486 578.4606 232.7318 1.4277 1.5817 3.9330 -1.8089 1.2728 17.3445 1.6369 0.0112
Car 0.0000 0 2.0485 138.5050 177.0646 323.2408 261.0673 1.4337 1.5866 3.9887 -7.4259 1.5305 14.5164 1.5827 0.0112
Car 0.0000 0 1.9578 231.1959 176.6335 393.4210 259.6917 1.4200 1.5862 3.9795 -5.8176 1.5069 14.5140 1.5824 0.0112
Car 0.0000 0 2.0416 310.6093 170.3044 487.2251 258.8569 1.4293 1.5868 3.8980 -3.8492 1.3885 13.7114 1.7722 0.0112
Car 0.0000 0 1.8943 297.6296 175.0649 436.8638 251.9885 1.4085 1.5827 3.9715 -5.0143 1.4619 15.3181 1.5825 0.0112
Car 0.0000 0 1.9673 218.9500 177.4034 387.8813 263.3378 1.4178 1.5772 3.9819 -5.8174 1.5198 14.1136 1.5824 0.0112
Car 0.0000 0 2.1369 292.9224 170.4499 488.8222 262.1781 1.4243 1.5826 3.8756 -3.8650 1.3874 13.2837 1.8584 0.0112
Car 0.0000 0 2.0214 280.1857 170.3579 461.4820 262.4660 1.4392 1.5851 3.9173 -4.2408 1.4006 13.3253 1.7184 0.0112
Car 0.0000 0 1.8606 332.3407 172.3255 467.5148 251.3573 1.4159 1.5779 3.9677 -4.2117 1.4068 14.9223 1.5896 0.0112
Car 0.0000 0 1.7312 523.3804 165.5429 611.2773 229.4336 1.4264 1.5892 3.9234 -1.0080 1.2636 18.1406 1.6758 0.0112
Car 0.0000 0 1.8803 310.0463 173.7286 450.1500 253.1060 1.4168 1.5842 3.9764 -4.6132 1.4376 14.9189 1.5849 0.0112
Car 0.0000 0 1.7220 463.0623 170.9415 548.9285 232.8533 1.4194 1.5872 3.9760 -2.6033 1.3759 18.5377 1.5838 0.0112
Car 0.0000 0 2.0405 242.7616 170.5356 437.0782 267.8008 1.4627 1.5950 3.9367 -4.6342 1.4282 12.9036 1.7016 0.0112
Car 0.0000 0 2.0011 180.1880 178.6820 364.0965 269.1035 1.4349 1.5936 3.9887 -6.2189 1.5622 13.7090 1.5820 0.0112
Car 0.0000 0 1.8464 566.7353 162.3179 661.2434 221.5493 1.4547 1.5997 3.8507 0.1681 1.1963 19.7900 1.8541 0.0112
Car 0.0000 0 1.8133 382.0946 174.3492 487.5534 239.8512 1.4203 1.5851 3.9787 -4.2103 1.4616 17.7330 1.5830 0.0112
Car 0.0000 0 1.7967 395.0809 173.8693 499.9760 240.6233 1.4132 1.5832 3.9754 -3.8085 1.4408 17.3304 1.5830 0.0112
Car 0.0000 0 1.8670 331.0632 175.0308 451.6844 244.2833 1.4211 1.5853 3.9794 -5.0141 1.4786 16.9283 1.5828 0.0112
Car 0.0000 0 1.7920 400.5208 173.4553 502.2432 238.3950 1.4131 1.5853 3.9733 -3.8082 1.4299 17.7315 1.5829 0.0112
Car 0.0000 0 2.0120 165.0286 179.1647 357.6425 272.8932 1.4337 1.5917 3.9901 -6.2188 1.5681 13.3082 1.5820 0.0112
Car 0.0000 0 2.0145 171.0019 177.1612 351.9276 263.4814 1.4254 1.5789 3.9862 -6.6215 1.5220 14.1140 1.5826 0.0112
Car 0.0000 0 1.8513 343.3616 175.0490 463.8885 245.9355 1.4154 1.5839 3.9777 -4.6119 1.4721 16.5258 1.5827 0.0112
Car 0.0000 0 1.7795 408.6452 172.0641 512.9742 240.2933 1.4123 1.5839 3.9721 -3.4074 1.3963 16.9280 1.5833 0.0112
Car 0.0000 0 2.0595 113.8178 180.1961 319.7233 274.3539 1.4346 1.5914 3.9914 -7.0223 1.5908 13.3078 1.5818 0.0112
Car 0.0000 0 2.0263 161.6128 177.0959 340.8355 260.8846 1.4298 1.5896 3.9859 -7.0230 1.5272 14.5141 1.5824 0.0112
Car 0.0000 0 1.9342 254.2453 175.9265 411.0446 258.8836 1.4221 1.5879 3.9803 -5.4159 1.4928 14.5139 1.5825 0.0112
Car 0.0000 0 1.8291 363.4771 174.6116 479.4268 245.2664 1.4132 1.5765 3.9772 -4.2101 1.4587 16.5268 1.5829 0.0112
Car 0.0000 0 1.8495 340.7328 172.2012 470.6468 249.0538 1.4192 1.5860 3.9754 -4.2116 1.4076 15.3208 1.5850 0.0112
Car 0.0000 0 1.9875 190.7876 178.6483 376.5333 272.2990 1.4354 1.5865 3.9918 -5.8169 1.5588 13.3095 1.5823 0.0112
Car 0.0000 0 1.7893 397.0871 170.3047 508.7398 242.8056 1.4198 1.5857 3.9760 -3.4082 1.3702 16.1250 1.5837 0.0112
Car 0.0000 0 2.1355 31.8341 180.0354 253.3272 271.4638 1.4436 1.5903 3.9959 -8.6306 1.6004 13.7117 1.5822 0.0112
Car 0.0000 0 1.8040 393.0836 174.6023 492.3955 237.3626 1.4290 1.5863 3.9841 -4.2103 1.4791 18.5388 1.5832 0.0112
Car 0.0000 0 1.7544 432.6290 170.5857 530.1073 237.2090 1.4161 1.5850 3.9739 -3.0060 1.3682 17.3313 1.5846 0.0112
Car 0.0000 0 1.6924 494.4676 168.0477 577.2175 231.8861 1.4282 1.5865 3.9741 -1.8010 1.3210 18.1445 1.5942 0.0112
Car 0.0000 0 1.8532 353.1580 167.5828 486.0284 247.6439 1.4352 1.5844 3.9530 -3.8135 1.3410 14.9352 1.6068 0.0112
Car 0.0000 0 1.8342 363.6472 174.8472 472.9131 240.6423 1.4238 1.5878 3.9808 -4.6114 1.4787 17.7323 1.5828 0.0112
Car 0.0000 0 2.1052 62.6436 180.6048 281.7987 275.0874 1.4374 1.5889 3.9939 -7.8264 1.6023 13.3090 1.5819 0.0112
Car 0.0000 0 1.8504 549.1964 163.9530 648.5741 225.0088 1.4283 1.5984 3.8642 -0.2264 1.2205 18.9514 1.8379 0.0112
Car 0.0000 0 1.8735 323.5330 175.5258 448.1531 246.8717 1.4219 1.5783 3.9827 -5.0140 1.4908 16.5274 1.5828 0.0112
Car 0.0000 0 1.9088 289.0556 171.1912 443.3402 257.1008 1.4434 1.5898 3.9708 -4.6155 1.4158 14.1265 1.5979 0.0112
Car 0.0000 0 1.9540 243.1834 176.8684 391.9268 253.3076 1.4314 1.5884 3.9883 -6.2192 1.5304 15.7225 1.5826 0.0112
Car 0.0000 0 1.7460 441.5212 172.1294 533.2692 235.5407 1.4184 1.5860 3.9774 -3.0050 1.4025 18.1352 1.5835 0.0112
Car 0.0000 0 1.8952 303.3833 175.9620 432.6577 247.6586 1.4263 1.5866 3.9848 -5.4156 1.5065 16.5268 1.5827 0.0112
Car 0.0000 0 2.0699 115.2266 177.6145 305.8289 262.1887 1.4403 1.5906 3.9928 -7.8269 1.5497 14.5163 1.5826 0.0112
Car 0.0000 0 1.8184 376.3110 174.8246 484.9016 242.1579 1.4201 1.5778 3.9813 -4.2101 1.4733 17.3320 1.5830 0.0112
Car 0.0000 0 1.7425 445.5712 171.6189 534.8022 233.4904 1.4184 1.5881 3.9753 -3.0047 1.3905 18.5364 1.5835 0.0112
Car 0.0000 0 1.9802 260.6179 169.2719 438.4153 262.9414 1.4648 1.5920 3.9601 -4.6255 1.4091 13.3183 1.6515 0.0112
Car 0.0000 0 1.9334 253.7833 174.1582 420.1255 264.1975 1.4541 1.5952 3.9917 -5.0152 1.4829 13.7177 1.5886 0.0112
Car 0.0000 0 -2.9166 0.0000 0.0000 1242.0000 375.0000 1.5098 1.6139 3.8704 38.3844 1.2504 1.8808 -1.4024 0.0112
Car 0.0000 0 2.1146 56.6894 179.5751 271.6606 270.5356 1.4387 1.5870 3.9929 -8.2294 1.5855 13.7118 1.5823 0.0112
Car 0.0000 0 1.7669 423.7977 173.9294 518.7333 237.6479 1.4193 1.5782 3.9802 -3.4063 1.4497 18.1365 1.5833 0.0112
Car 0.0000 0 1.7111 476.0333 171.8200 553.3488 228.3458 1.4219 1.5877 3.9776 -2.6031 1.3963 20.1464 1.5837 0.0112
Car 0.0000 0 1.8179 369.8379 171.9030 490.0365 246.4571 1.4183 1.5846 3.9771 -3.8097 1.4006 15.7223 1.5834 0.0112
Car 0.0000 0 2.0163 175.4985 176.7315 347.2835 258.0498 1.4342 1.5890 3.9899 -7.0235 1.5255 14.9185 1.5827 0.0112
Car 0.0000 0 1.7371 451.2506 169.4370 545.3643 236.0554 1.4163 1.5798 3.9704 -2.6048 1.3440 17.3364 1.5896 0.0112
Car 0.0000 0 1.7190 466.7094 171.9703 549.9915 232.3631 1.4183 1.5804 3.9778 -2.6028 1.3979 18.9406 1.5837 0.0112
Car 0.0000 0 1.7695 572.4589 162.4464 656.3853 220.5709 1.4588 1.6061 3.8904 0.1773 1.1979 20.1747 1.7775 0.0112
Car 0.0000 0 1.8409 349.1152 174.1163 473.4587 248.4849 1.4080 1.5754 3.9736 -4.2105 1.4394 15.7221 1.5829 0.0112
Car 0.0000 0 2.0247 155.4986 179.0431 345.5869 269.5341 1.4341 1.5927 3.9882 -6.6208 1.5692 13.7088 1.5819 0.0112
Car 0.0000 0 1.8870 306.9258 175.8093 440.7232 250.9254 1.4127 1.5757 3.9776 -5.0138 1.4856 15.7222 1.5826 0.0112
Car 0.0000 0 1.9095 285.6085 176.2431 424.4993 251.6552 1.4158 1.5838 3.9787 -5.4156 1.4994 15.7213 1.5824 0.0112
Car 0.0000 0 1.9488 243.2850 176.4397 398.3580 256.4819 1.4136 1.5758 3.9785 -5.8178 1.4981 14.9177 1.5825 0.0112
Car 0.0000 0 1.7709 418.9198 172.8724 516.9343 237.6552 1.4130 1.5839 3.9732 -3.4069 1.4139 17.7325 1.5832 0.0112
Car 0.0000 0 1.9715 220.6189 176.8509 381.3749 257.2349 1.4173 1.5842 3.9798 -6.2195 1.5114 14.9168 1.5823 0.0112
Car 0.0000 0 2.0064 188.5846 176.2898 353.3939 254.9601 1.4332 1.5907 3.9873 -7.0231 1.5160 15.3197 1.5827 0.0112
Car 0.0000 0 1.7936 554.4506 163.6548 644.8702 223.6578 1.4382 1.6009 3.8817 -0.2171 1.2181 19.3577 1.7819 0.0112
Car 0.0000 0 1.7298 455.4581 169.2558 546.5039 234.2206 1.4172 1.5859 3.9724 -2.6044 1.3390 17.7347 1.5855 0.0112
Car 0.0000 0 1.7986 390.7176 170.6508 506.6364 245.1989 1.4185 1.5790 3.9743 -3.4086 1.3769 15.7267 1.5880 0.0112
Car 0.0000 0 2.0814 98.8419 178.0816 298.2401 265.6894 1.4414 1.5890 3.9954 -7.8273 1.5586 14.1151 1.5827 0.0112
Car 0.0000 0 1.7493 442.0665 166.3553 542.9617 237.0003 1.4240 1.5836 3.9505 -2.6059 1.2934 16.5353 1.5948 0.0112
Car 0.0000 0 1.7393 449.4765 172.4726 536.2242 232.9386 1.4199 1.5868 3.9783 -3.0048 1.4113 18.9396 1.5835 0.0112
Car 0.0000 0 1.9321 264.5317 176.4404 408.1100 252.4711 1.4262 1.5799 3.9857 -5.8177 1.5147 15.7230 1.5827 0.0112
Car 0.0000 0 1.7560 436.5109 173.3930 523.9992 232.7304 1.4235 1.5862 3.9797 -3.4066 1.4398 19.3425 1.5834 0.0112
Car 0.0000 0 1.7334 560.0690 163.6094 640.9715 222.1890 1.4382 1.5998 3.9015 -0.2061 1.2116 19.7610 1.7224 0.0112
Car 0.0000 0 1.8241 375.5050 175.0420 478.3684 238.1684 1.4347 1.5902 3.9876 -4.6112 1.4974 18.5383 1.5831 0.0112
Car 0.0000 0 1.8249 382.2280 167.7528 505.8922 245.6075 1.4385 1.5853 3.9596 -3.4116 1.3446 15.3378 1.6091 0.0112
Car 0.0000 0 1.7497 437.2041 170.0463 531.6907 234.8801 1.4142 1.5866 3.9714 -3.0056 1.3533 17.7319 1.5836 0.0112
Car 0.0000 0 1.9671 215.7367 175.7659 396.0359 269.1956 1.4479 1.5927 3.9946 -5.4167 1.5101 13.3142 1.5871 0.0112
Car 0.0000 0 1.7756 419.7713 173.8485 510.4764 233.4799 1.4279 1.5894 3.9823 -3.8077 1.4576 19.3419 1.5832 0.0112
Car 0.0000 0 1.7361 453.1500 172.0597 537.6526 231.1811 1.4212 1.5892 3.9770 -3.0044 1.4025 19.3408 1.5835 0.0112
Car 0.0000 0 1.8123 376.6357 171.2309 492.7067 243.5395 1.4160 1.5863 3.9736 -3.8095 1.3846 16.1234 1.5833 0.0112
Car 0.0000 0 1.8228 426.1570 166.1384 544.4578 240.6773 1.4149 1.5835 3.9327 -2.6130 1.2877 15.7223 1.6601 0.0112
Car 0.0000 0 2.0006 424.8780 166.0242 571.8317 243.7080 1.4249 1.5869 3.8797 -2.2542 1.3000 15.3170 1.8563 0.0112
Car 0.0000 0 -2.8513 0.0000 0.0000 1242.0000 375.0000 1.6216 1.6215 3.8883 4.1565 1.7691 -0.2832 -1.2827 0.0111
Cyclist 0.0000 0 0.0528 1174.2952 181.8864 1242.0000 319.5960 1.7668 0.4495 1.6496 8.9036 1.9026 10.0822 0.7609 0.0110
Pedestrian 0.0000 0 1.0468 601.7916 148.3039 644.7931 245.5995 1.6434 0.5228 0.5894 0.1756 1.2291 12.5697 1.0595 0.0110
Car 0.0000 0 -1.4326 300.2192 0.0000 1242.0000 375.0000 1.6286 1.6495 4.2152 0.1571 1.7322 1.0494 -1.3281 0.0109
Car 0.0000 0 2.1748 240.1537 172.0967 460.3084 272.3184 1.4382 1.5834 3.9243 -4.2830 1.4277 12.4557 1.8495 0.0109
Car 0.0000 0 2.1195 221.2470 171.1726 435.9540 271.6023 1.4479 1.5969 3.9275 -4.6583 1.4240 12.4823 1.7687 0.0108
Car 0.0000 0 -0.7227 81.3315 107.5852 561.7984 364.0266 1.9045 1.9580 4.6359 -2.6919 1.4202 7.8518 -1.0437 0.0106
Car 0.0000 0 2.0783 414.6082 166.4073 576.3105 245.8769 1.4112 1.5723 3.9189 -2.2454 1.2971 14.9214 1.9308 0.0105
Car 0.0000 0 -2.5063 0.0000 0.0000 789.3757 375.0000 1.6159 1.6527 3.9711 0.8669 1.7331 1.2494 -2.0020 0.0105
Car 0.0000 0 0.8145 852.0613 174.5187 960.6827 212.5221 1.4050 1.5930 4.1918 11.7918 1.4777 29.1114 1.1954 0.0104
Car 0.0000 0 3.6353 0.0000 0.0000 1242.0000 375.0000 1.5922 1.7278 4.4360 -1.6658 1.7378 0.7154 2.6035 0.0104
Car 0.0000 0 1.0417 895.1553 172.1810 984.0582 207.1035 1.4227 1.6221 4.1845 14.2545 1.3956 31.5590 1.4621 0.0104
Pedestrian 0.0000 0 -0.9647 1203.1520 143.7393 1242.0000 205.9800 2.0118 0.8077 0.7180 20.2208 1.0711 23.8040 -0.2668 0.0101
Car 0.0000 0 0.9313 895.8231 172.3406 994.2201 207.6755 1.4148 1.6257 4.2283 14.2834 1.3946 31.1257 1.3576 0.0101
Car 0.0000 0 0.7289 824.2734 173.6149 931.8375 209.9026 1.4048 1.6196 4.2041 11.0916 1.4394 30.2585 1.0766 0.0101
Pedestrian 0.0000 0 1.4478 559.0927 145.6918 601.0262 265.9190 1.7127 0.5498 0.5421 -0.4993 1.3261 10.5895 1.4007 0.0101
Car 0.0000 0 1.7056 0.0000 0.0000 1242.0000 375.0000 1.6406 1.7274 4.3450 2.3975 1.7175 0.1291 3.1016 0.0101
Car 0.0000 0 -2.9011 0.0000 0.0000 1242.0000 375.0000 1.6285 1.6398 3.9270 3.8097 1.7591 -0.1229 -1.3749 0.0100
Car 0.0000 0 4.1000 0.0000 0.0000 1242.0000 375.0000 1.5667 1.6131 4.5787 -2.6378 1.7659 0.3208 2.7557 0.0099
Car 0.0000 0 1.8038 616.3442 159.2904 698.2090 216.3709 1.4749 1.5212 3.7120 1.3932 1.1248 20.6390 1.8697 0.0099
Cyclist 0.0000 0 -1.3970 576.7617 156.5282 621.7805 259.4824 1.6044 0.4709 1.7299 -0.2074 1.3504 12.1328 -1.4149 0.0098
Cyclist 0.0000 0 -1.2370 566.4729 152.3990 622.6959 259.4575 1.6232 0.4523 1.4964 -0.2780 1.3134 11.7183 -1.2612 0.0097
Car 0.0000 0 -0.1150 0.0000 0.0000 1242.0000 375.0000 1.5818 1.6776 4.1603 -2.1532 1.6523 0.2764 -1.4305 0.0095
Car 0.0000 0 4.4955 0.0000 0.0000 1242.0000 375.0000 1.6354 1.7333 4.6670 -1.1607 1.6812 -0.1477 3.0453 0.0093
Cyclist 0.0000 0 -1.7823 603.8740 147.1523 644.8038 244.0237 1.6136 0.3941 1.5786 0.1821 1.1859 12.8288 -1.7693 0.0093
Car 0.0000 0 0.7768 836.3458 174.4665 944.8695 211.5666 1.4056 1.6037 4.2573 11.4282 1.4776 29.7992 1.1392 0.0091
Car 0.0000 0 -1.2580 623.8638 158.5589 711.4722 213.5353 1.5119 1.5698 3.7546 1.7892 1.1192 21.8755 -1.1780 0.0091
Car 0.0000 0 -2.5046 0.0000 0.0000 946.3872 375.0000 1.6204 1.6169 4.0450 0.5364 1.5928 0.2310 -1.7184 0.0090
Car 0.0000 0 1.3242 0.0000 0.0000 1242.0000 375.0000 1.6637 1.6771 4.0304 18.0837 1.7976 -0.2438 2.8921 0.0089
Car 0.0000 0 4.3130 0.0000 0.0000 1242.0000 375.0000 1.6082 1.6322 4.4283 -2.3636 1.7504 0.1013 2.9055 0.0089
Car 0.0000 0 0.7918 840.0220 173.8907 947.1700 211.4270 1.4155 1.6016 4.1690 11.4600 1.4616 29.5606 1.1579 0.0089
Car 0.0000 0 -0.0138 0.0000 201.1099 1242.0000 375.0000 1.6109 1.7037 4.2919 0.4814 1.7222 1.4892 0.2417 0.0088
Pedestrian 0.0000 0 -0.6860 542.3192 145.7965 605.9191 270.5268 1.6859 0.6170 0.6552 -0.5612 1.3206 10.1987 -0.7408 0.0087
Car 0.0000 0 -2.5300 0.0000 78.1916 1242.0000 375.0000 1.7143 1.7756 4.3693 -1.0083 1.6724 1.2787 -3.1084 0.0086
Car 0.0000 0 -2.6469 0.0000 0.0000 1242.0000 375.0000 1.5790 1.6295 3.7354 -0.2162 1.6089 1.1961 -2.8014 0.0086
Cyclist 0.0000 0 0.0288 542.4802 158.0928 640.3566 255.8610 1.6083 0.5045 1.6102 -0.3585 1.3659 12.1201 -0.0012 0.0086
Pedestrian 0.0000 0 -0.7019 542.8098 144.7059 605.4904 269.5990 1.6886 0.6048 0.6470 -0.5602 1.3084 10.1949 -0.7565 0.0086
Car 0.0000 0 -2.6607 0.0000 0.0000 1117.8964 375.0000 1.6092 1.6767 3.8960 1.7807 1.7144 1.1442 -1.7728 0.0085
Car 0.0000 0 0.8684 856.9423 174.7711 961.3093 212.4788 1.3822 1.5662 4.0862 11.7983 1.4651 28.8543 1.2525 0.0085
Car 0.0000 0 2.3649 218.8246 0.0000 1242.0000 375.0000 1.5861 1.6361 3.9328 -0.7373 1.8114 0.5395 1.6278 0.0083
Car 0.0000 0 -2.7396 0.0000 0.0000 1242.0000 375.0000 1.6259 1.6577 4.1523 4.0922 1.7846 -0.1546 -1.2027 0.0083
Cyclist 0.0000 0 -1.4429 556.6688 143.7226 604.9370 279.5373 1.7225 0.4634 1.6848 -0.4314 1.3534 10.0074 -1.4861 0.0083
Car 0.0000 0 -1.7941 0.0000 0.0000 1242.0000 375.0000 1.6241 1.7201 4.3503 4.0175 1.7530 0.1185 -0.3256 0.0081
Car 0.0000 0 -3.1929 0.0000 0.0000 1242.0000 375.0000 1.6266 1.6923 4.3632 0.5399 1.6972 0.9567 -2.7954 0.0080
Car 0.0000 0 -1.6484 0.0000 0.0000 1242.0000 375.0000 1.6129 1.7489 4.4163 5.2171 1.6885 0.3613 -0.2026 0.0079
Car 0.0000 0 0.7189 826.6974 173.9099 935.4616 210.7448 1.4093 1.6108 4.1895 11.1044 1.4568 29.9558 1.0703 0.0079
Car 0.0000 0 0.8218 843.7245 174.1551 950.1015 212.0947 1.4145 1.5907 4.1521 11.4792 1.4717 29.2740 1.1916 0.0079
Car 0.0000 0 1.6463 0.0000 0.0000 1242.0000 375.0000 1.6068 1.6601 4.2109 2.1611 1.7160 0.0565 3.0563 0.0079
Car 0.0000 0 -2.8675 0.0000 0.0000 1242.0000 375.0000 1.5555 1.6491 3.9006 1.4557 1.5577 0.1325 -1.5815 0.0078
Car 0.0000 0 0.0494 0.0000 0.0000 1242.0000 375.0000 1.5768 1.6905 4.1876 -2.5868 1.6569 0.3016 -1.2980 0.0078
Car 0.0000 0 -2.7613 0.0000 0.0000 1242.0000 375.0000 1.6168 1.6730 3.9270 2.6659 1.6267 0.2335 -1.3857 0.0078
Pedestrian 0.0000 0 -1.3478 0.0000 0.0000 1242.0000 375.0000 1.8434 0.5160 0.7743 17.0960 1.9447 0.1870 0.1946 0.0078
Cyclist 0.0000 0 1.3359 600.5976 146.2125 648.4222 246.7522 1.6092 0.4399 1.6402 0.1721 1.1832 12.3944 1.3486 0.0077
Car 0.0000 0 -2.3933 0.0000 0.0000 1067.9760 375.0000 1.5707 1.6748 4.0820 1.0327 1.6541 0.7667 -1.6272 0.0076
Car 0.0000 0 -3.5579 0.0000 0.0000 1242.0000 375.0000 1.5467 1.7049 4.4138 0.9378 1.6692 0.5276 -2.7129 0.0076
Car 0.0000 0 1.4073 0.0000 0.0000 1242.0000 375.0000 1.6264 1.6514 4.1008 18.3880 1.7931 -0.2587 2.9761 0.0076
Car 0.0000 0 1.5818 762.6835 173.5337 803.1448 210.3883 1.4740 1.5884 4.1657 7.4340 1.5058 31.1493 1.8134 0.0075
Car 0.0000 0 -1.8599 0.0000 0.0000 1242.0000 375.0000 1.6275 1.7840 4.7672 -1.4182 1.6907 0.1415 -3.1383 0.0075
Car 0.0000 0 4.2869 0.0000 0.0000 1242.0000 375.0000 1.6293 1.7643 4.4729 -0.9417 1.6607 0.0843 3.0888 0.0074
Pedestrian 0.0000 0 1.2617 584.2823 149.8579 622.8674 248.0788 1.6579 0.5018 0.6271 -0.1698 1.2701 12.5535 1.2475 0.0074
Car 0.0000 0 -1.8552 0.0000 0.0000 1242.0000 375.0000 1.6340 1.7067 4.5616 4.4184 1.6982 0.2573 -0.4084 0.0073
Car 0.0000 0 -2.6797 0.0000 0.0000 1242.0000 375.0000 1.4985 1.6441 3.6554 1.7554 1.5904 0.5569 -1.5617 0.0073
Car 0.0000 0 -3.2632 0.0000 0.0000 1242.0000 375.0000 1.5553 1.7061 4.2199 0.5904 1.6942 0.6345 -2.7076 0.0073
Car 0.0000 0 0.2477 0.0000 0.0000 1242.0000 375.0000 1.5542 1.6069 4.0609 26.3572 1.9212 1.1819 1.7623 0.0073
Car 0.0000 0 -2.6344 0.0000 0.0000 1242.0000 375.0000 1.5214 1.6032 3.9057 1.4394 1.6021 0.5017 -1.5709 0.0073
Car 0.0000 0 -2.1551 0.0000 0.0000 1242.0000 375.0000 1.5952 1.8073 4.6698 -1.5444 1.6530 0.7527 -3.1367 0.0073
Cyclist 0.0000 0 -0.2723 523.2112 140.3388 636.4514 271.3231 1.7665 0.5420 1.5128 -0.4827 1.3283 10.2229 -0.3194 0.0072
Car 0.0000 0 4.3388 0.0000 0.0000 1242.0000 375.0000 1.6088 1.6909 4.3548 -0.7088 1.6607 -0.1261 2.9906 0.0072
Cyclist 0.0000 0 0.5737 1208.0645 181.4056 1242.0000 324.5656 1.7341 0.4859 1.7311 9.1242 1.8607 9.7437 1.3104 0.0072
Car 0.0000 0 -2.6673 0.0000 0.0000 1195.9951 375.0000 1.5784 1.6795 3.8922 1.7697 1.6429 0.9221 -1.7014 0.0071
Pedestrian 0.0000 0 -0.1451 1149.1602 164.7857 1183.6981 226.7463 1.6602 0.6374 0.6588 15.1889 1.4444 19.7686 0.5025 0.0071
Car 0.0000 0 -2.8125 0.0000 0.0000 1242.0000 375.0000 1.5333 1.5745 3.8889 4.9675 1.6912 -0.2144 -1.2573 0.0071
Pedestrian 0.0000 0 1.1644 585.0475 151.7140 624.1450 248.1409 1.6332 0.4937 0.5727 -0.1508 1.2755 12.5797 1.1517 0.0071
Car 0.0000 0 -2.8609 0.0000 0.0000 1242.0000 375.0000 1.5569 1.6604 3.8952 2.3021 1.5682 0.0554 -1.4399 0.0071
Cyclist 0.0000 0 -2.3931 1169.0817 178.3520 1242.0000 315.0117 1.7857 0.4506 1.8369 9.0594 1.8728 10.4400 -1.6931 0.0069
Car 0.0000 0 -3.0781 0.0000 0.0000 1242.0000 375.0000 1.5210 1.7222 4.2058 0.3737 1.6749 0.6064 -2.6985 0.0069
Car 0.0000 0 1.3494 0.0000 0.0000 1242.0000 375.0000 1.6521 1.7975 4.5684 3.6574 1.7519 -0.0145 2.8441 0.0069
Pedestrian 0.0000 0 2.0920 0.0000 0.0000 1242.0000 375.0000 1.9295 0.6891 0.8724 -3.3904 1.7999 -0.2811 0.5241 0.0068
Pedestrian 0.0000 0 -0.2171 0.0000 0.0000 1242.0000 375.0000 1.9712 0.6822 0.9824 -3.4650 1.8746 -0.2412 -1.7734 0.0068
Car 0.0000 0 -2.8889 0.0000 0.0000 1242.0000 375.0000 1.6473 1.6623 4.0162 3.4741 1.7872 0.0063 -1.4043 0.0068
Car 0.0000 0 1.5605 0.0000 0.0000 1242.0000 375.0000 1.6546 1.8174 4.8256 3.1722 1.7857 0.1949 2.9781 0.0068
Pedestrian 0.0000 0 -0.8298 571.4100 142.8872 622.2444 265.9381 1.7455 0.5402 0.5167 -0.2464 1.3208 10.6047 -0.8536 0.0068
Car 0.0000 0 0.7838 885.6246 173.0705 986.9031 207.6915 1.3903 1.5874 4.0242 13.9404 1.4007 31.1635 1.2005 0.0068
Car 0.0000 0 -2.5491 0.0000 0.0000 1078.2319 375.0000 1.5554 1.5865 3.9349 1.4304 1.6849 0.9970 -1.7169 0.0067
Pedestrian 0.0000 0 -1.2891 1197.9200 141.7514 1233.5138 205.2758 2.0558 0.7559 0.6387 19.9668 1.0496 23.8398 -0.5981 0.0067
Pedestrian 0.0000 0 0.7433 530.4044 160.5143 577.7791 266.3181 1.6233 0.4641 0.5898 -0.9388 1.4343 11.4315 0.6622 0.0067
Pedestrian 0.0000 0 -0.2352 1005.4445 167.3941 1050.5947 255.3984 1.5431 0.4969 0.5980 7.4535 1.4477 12.9695 0.2761 0.0066
Car 0.0000 0 -2.6192 0.0000 0.0000 906.8113 375.0000 1.5890 1.6361 4.0122 1.3498 1.7529 1.3550 -1.9386 0.0066
Car 0.0000 0 0.8404 847.9421 174.1669 954.2145 212.4950 1.4111 1.5906 4.1166 11.5039 1.4681 28.9199 1.2151 0.0066
Pedestrian 0.0000 0 -2.5504 582.0571 142.6916 624.6169 239.1967 1.6815 0.5130 0.5758 -0.1698 1.1563 12.9411 -2.5641 0.0066
Car 0.0000 0 -1.5929 0.0000 0.0000 1242.0000 375.0000 1.5620 1.6456 4.1500 5.5425 1.6481 0.2211 -0.1146 0.0065
Cyclist 0.0000 0 1.2400 1058.1989 151.7976 1110.1268 219.8148 1.8092 0.6905 1.6656 13.1185 1.2495 20.0809 1.8117 0.0065
Pedestrian 0.0000 0 -2.4022 580.5580 140.4909 625.0540 238.9421 1.7084 0.5318 0.5929 -0.1807 1.1472 12.9133 -2.4168 0.0065
Car 0.0000 0 0.6751 871.7513 171.4009 974.3983 207.0041 1.4475 1.5903 3.9728 13.5125 1.3888 31.4580 1.0771 0.0065
Car 0.0000 0 -1.7473 0.0000 0.0000 1242.0000 375.0000 1.6231 1.7402 4.7998 -1.9208 1.7385 0.1515 -3.0937 0.0065
Car 0.0000 0 -2.2430 0.0000 0.0000 1242.0000 375.0000 1.6311 1.8007 4.5256 -0.9861 1.6315 0.6787 -3.0451 0.0065
Car 0.0000 0 -2.7077 0.0000 0.0000 1242.0000 375.0000 1.6621 1.6882 4.0233 3.1473 1.7626 -0.0202 -1.2236 0.0064
Car 0.0000 0 1.7068 0.0000 0.0000 1242.0000 375.0000 1.4883 1.6009 4.0802 1.8278 1.6100 -0.0182 3.1287 0.0064
Car 0.0000 0 -2.9477 0.0000 0.0000 1242.0000 375.0000 1.5427 1.6272 3.8870 0.2169 1.6400 0.9521 -2.7869 0.0064
Car 0.0000 0 -2.7843 0.0000 0.0000 1141.3245 375.0000 1.6342 1.6356 4.2820 0.9936 1.5810 0.1514 -1.6369 0.0063
Car 0.0000 0 -1.9273 0.0000 0.0000 1242.0000 375.0000 1.6633 1.6616 4.5585 4.5055 1.6349 -0.1560 -0.3866 0.0063
Pedestrian 0.0000 0 1.0479 555.6616 142.1284 607.8700 265.5358 1.7451 0.5684 0.5442 -0.4704 1.3109 10.5824 1.0034 0.0063
Car 0.0000 0 1.3736 0.0000 0.0000 1242.0000 375.0000 1.6515 1.7624 4.4520 4.0897 1.7095 -0.0489 2.8848 0.0062
Car 0.0000 0 -2.8681 0.0000 0.0000 1242.0000 375.0000 1.5378 1.6795 3.7188 1.7936 1.5339 0.2187 -1.5755 0.0062
Car 0.0000 0 -2.6308 0.0000 0.0000 1242.0000 375.0000 1.6248 1.6481 3.9041 2.7328 1.7061 0.5390 -1.3566 0.0062
Car 0.0000 0 0.7301 830.2325 173.4967 938.5662 210.8071 1.4174 1.5948 4.1456 11.1407 1.4462 29.6899 1.0853 0.0061
Car 0.0000 0 -2.4287 0.0000 0.0000 1242.0000 375.0000 1.6439 1.8155 4.2365 -0.7218 1.6685 0.8064 -3.0208 0.0061
Car 0.0000 0 -3.3866 0.0000 0.0000 1242.0000 375.0000 1.6604 1.7163 4.5149 0.8182 1.6864 0.9762 -2.8221 0.0060
Car 0.0000 0 -2.9312 0.0000 0.0000 1242.0000 375.0000 1.5523 1.6413 3.8298 2.1822 1.5392 0.3025 -1.6269 0.0060
Car 0.0000 0 1.7364 0.0000 0.0000 1242.0000 375.0000 1.6901 1.8530 4.7657 2.8294 1.7640 0.2307 3.1234 0.0060
Car 0.0000 0 -3.6258 0.0000 0.0000 1242.0000 375.0000 1.6948 1.7758 5.1254 1.3188 1.6997 0.8874 -2.7903 0.0058
Car 0.0000 0 0.7603 834.5748 173.7315 942.7513 211.9828 1.4326 1.6121 4.1048 11.1703 1.4713 29.3195 1.1205 0.0058
Car 0.0000 0 1.3120 0.0000 0.0000 1242.0000 375.0000 1.6532 1.7649 4.5804 3.5358 1.7979 -0.0237 2.8065 0.0058
Car 0.0000 0 -2.6541 0.0000 0.0000 1242.0000 375.0000 1.5631 1.6945 3.6876 -0.2932 1.6320 0.8003 -2.9299 0.0058
Car 0.0000 0 -0.9689 1150.5067 131.4301 1242.0000 178.3308 1.6661 1.8362 4.5973 22.9440 0.1949 27.1318 -0.2721 0.0058
Pedestrian 0.0000 0 -0.7880 571.4191 144.2812 620.6035 266.8573 1.7430 0.5237 0.4999 -0.2592 1.3370 10.6186 -0.8130 0.0057
Pedestrian 0.0000 0 -3.5986 1099.6217 163.9975 1155.0601 265.3822 1.6083 0.5215 0.5567 8.3574 1.4682 11.7428 -2.9924 0.0056
Car 0.0000 0 4.0113 0.0000 0.0000 1242.0000 375.0000 1.6136 1.7484 4.2669 -0.6194 1.6742 0.1631 3.0604 0.0056
Pedestrian 0.0000 0 1.9258 1124.7870 168.5019 1183.6221 281.4488 1.7276 0.5625 0.6460 8.5805 1.6614 11.4469 2.5560 0.0056
Pedestrian 0.0000 0 1.7130 1129.0482 167.8504 1179.3025 280.1967 1.7197 0.5652 0.6073 8.5904 1.6435 11.4566 2.3434 0.0055
Car 0.0000 0 0.7734 839.0910 173.4143 947.7071 212.5361 1.4438 1.6202 4.0493 11.1839 1.4683 28.8666 1.1391 0.0055
Car 0.0000 0 -2.9348 0.0000 0.0000 1242.0000 375.0000 1.6309 1.6612 4.0889 3.8036 1.7644 0.0911 -1.4649 0.0055
Car 0.0000 0 -2.7304 0.0000 0.0000 1242.0000 375.0000 1.5698 1.6584 3.8604 2.2203 1.6248 0.6102 -1.5474 0.0055
Pedestrian 0.0000 0 -0.6940 573.9164 136.3989 623.8704 257.0830 1.7776 0.5289 0.5509 -0.2232 1.2410 11.0056 -0.7149 0.0054
Car 0.0000 0 -2.3957 0.0000 0.0000 953.8552 375.0000 1.6165 1.6734 4.0502 0.9187 1.7025 0.8963 -1.7457 0.0054
Pedestrian 0.0000 0 -2.1883 552.6127 154.0582 602.2774 262.7896 1.7167 0.5289 0.6561 -0.5889 1.4203 11.8108 -2.2381 0.0054
Car 0.0000 0 -2.5671 0.0000 0.0000 1242.0000 375.0000 1.6138 1.7317 4.1538 -0.2792 1.6903 0.2004 -3.1083 0.0054
Cyclist 0.0000 0 -1.2141 563.5007 139.1864 626.2914 258.3148 1.7351 0.4894 1.5157 -0.2619 1.2451 11.3023 -1.2378 0.0053
Car 0.0000 0 -3.9450 0.0000 0.0000 1242.0000 375.0000 1.5521 1.7107 4.8521 1.4077 1.7289 0.4011 -2.8360 0.0053
Cyclist 0.0000 0 -1.4754 578.1885 138.4927 614.3680 262.9971 1.7666 0.4186 1.4759 -0.2441 1.2794 10.9864 -1.4982 0.0052
Pedestrian 0.0000 0 2.1657 559.2940 136.4266 626.3315 267.9830 1.7671 0.6843 0.6746 -0.2910 1.2782 10.1574 2.1366 0.0052
Car 0.0000 0 1.7125 0.0000 0.0000 1242.0000 375.0000 1.7085 1.8225 4.6358 2.5571 1.7458 0.1764 3.1011 0.0052
Car 0.0000 0 -2.8915 0.0000 0.0000 1242.0000 375.0000 1.6471 1.7027 4.1456 3.4572 1.7830 0.2100 -1.4657 0.0051
Car 0.0000 0 0.8514 853.6371 173.5963 958.3195 212.3825 1.4151 1.5725 3.9922 11.5520 1.4471 28.5488 1.2319 0.0051
Car 0.0000 0 -2.6497 0.0000 0.0000 1242.0000 375.0000 1.6723 1.6648 4.0578 3.1393 1.7460 0.2049 -1.2367 0.0051
Car 0.0000 0 -2.6120 0.0000 0.0000 1242.0000 375.0000 1.6565 1.6657 4.0775 3.1679 1.7768 0.5153 -1.2920 0.0050
Pedestrian 0.0000 0 -2.0990 551.8976 153.4541 601.7976 262.8364 1.7269 0.5622 0.6537 -0.5998 1.4210 11.8161 -2.1498 0.0049
Pedestrian 0.0000 0 0.4055 1195.2372 175.6629 1242.0000 304.5617 1.7420 0.4592 0.6415 8.6832 1.7834 10.1557 1.0978 0.0049
Pedestrian 0.0000 0 1.5722 441.7080 154.0456 480.1916 267.6408 1.6086 0.5366 0.5994 -2.2344 1.3426 10.5625 1.3679 0.0049
Pedestrian 0.0000 0 0.3093 1195.9651 178.2735 1242.0000 306.3058 1.7260 0.4745 0.6453 8.6886 1.8057 10.1580 1.0018 0.0047
Car 0.0000 0 -4.0490 0.0000 0.0000 1242.0000 375.0000 1.6597 1.8396 4.6400 2.8564 1.7978 0.5074 -2.7527 0.0046
Cyclist 0.0000 0 -2.1680 1200.0537 183.3091 1242.0000 310.2334 1.6891 0.4479 1.7678 9.5187 1.8569 10.6523 -1.4533 0.0046
Pedestrian 0.0000 0 2.4971 1098.9415 163.1181 1157.1757 264.9525 1.6168 0.5332 0.5595 8.3607 1.4625 11.7295 3.1040 0.0046
Pedestrian 0.0000 0 -1.2016 1195.7064 141.4407 1235.5861 204.5777 2.0392 0.8095 0.7108 19.9531 1.0250 23.8283 -0.5107 0.0045
Cyclist 0.0000 0 -0.5631 1219.9017 168.5395 1242.0000 263.3478 1.6462 0.6752 1.5860 12.0542 1.5716 12.9945 0.1731 0.0045
Car 0.0000 0 -3.4104 0.0000 0.0000 1242.0000 375.0000 1.6916 1.7765 5.1888 1.6253 1.7794 1.1426 -2.5680 0.0044
Pedestrian 0.0000 0 -0.9701 573.3538 136.3732 622.1794 257.4059 1.7803 0.5293 0.5441 -0.2366 1.2441 10.9830 -0.9922 0.0044
Car 0.0000 0 -4.1721 0.0000 0.0000 1242.0000 375.0000 1.6587 1.7624 4.8412 1.9345 1.7437 0.4664 -2.9777 0.0044
Cyclist 0.0000 0 1.5874 612.5555 148.9987 640.1819 249.7967 1.6035 0.4397 1.4497 0.2323 1.2244 12.2075 1.6050 0.0044
Car 0.0000 0 -3.8745 0.0000 0.0000 1242.0000 375.0000 1.7146 1.7521 4.4142 2.7504 1.7650 0.7605 -2.6713 0.0044
Car 0.0000 0 -2.8294 0.0000 0.0000 1242.0000 375.0000 1.6451 1.7090 4.1293 3.5278 1.7695 0.3726 -1.4458 0.0043
Cyclist 0.0000 0 -0.8480 1203.2677 177.6606 1242.0000 309.8423 1.7948 0.4859 1.8023 9.3433 1.8653 10.1692 -0.1201 0.0042
Cyclist 0.0000 0 -1.1753 430.4132 155.8040 499.7173 270.6632 1.6460 0.4470 1.6610 -2.2654 1.4020 11.1956 -1.3713 0.0042
Car 0.0000 0 -0.4082 1157.8699 131.7799 1242.0000 180.8062 1.6926 1.8138 4.4064 23.0165 0.2749 26.4301 0.3030 0.0041
Cyclist 0.0000 0 -2.0042 1071.4778 177.3357 1134.8905 259.9924 1.4340 0.3711 1.4610 9.0399 1.5219 13.3467 -1.4196 0.0041
Pedestrian 0.0000 0 -1.6600 1082.2538 154.1448 1116.3445 226.4857 1.9029 0.6899 0.7577 13.1488 1.4112 19.4750 -1.0735 0.0040
Cyclist 0.0000 0 -0.2013 557.6405 145.5626 645.3751 272.1590 1.8068 0.3924 1.2374 -0.1819 1.4177 10.6213 -0.2193 0.0040
Car 0.0000 0 -3.5165 0.0000 0.0000 1242.0000 375.0000 1.7270 1.7850 4.6296 2.4113 1.7623 1.0887 -2.4687 0.0040
Cyclist 0.0000 0 -0.0232 543.9695 140.8583 652.7256 270.8078 1.7672 0.5297 1.4847 -0.2224 1.3325 10.1084 -0.0459 0.0039
Pedestrian 0.0000 0 -2.2266 1144.6287 167.6219 1187.2965 228.5367 1.6379 0.6444 0.6763 15.1538 1.4976 19.7390 -1.5795 0.0039
Car 0.0000 0 -3.9968 0.0000 0.0000 1242.0000 375.0000 1.6940 1.8068 4.9105 2.7602 1.7919 0.7922 -2.8025 0.0039
Car 0.0000 0 -2.8282 0.0000 0.0000 1212.3319 375.0000 1.6175 1.6979 4.0703 2.1826 1.6545 0.9796 -1.7877 0.0039
Pedestrian 0.0000 0 -1.3897 1156.6294 164.5406 1194.1139 227.3159 1.6498 0.6841 0.7099 15.1953 1.4317 19.4516 -0.7342 0.0038
Car 0.0000 0 -0.7076 1150.1277 132.3728 1242.0000 180.1719 1.7178 1.8174 4.4588 22.9632 0.2634 26.8488 -0.0053 0.0038
Car 0.0000 0 -0.7273 1150.4894 135.6277 1242.0000 182.0246 1.6590 1.8199 4.5782 22.9555 0.3283 26.7602 -0.0236 0.0038
Cyclist 0.0000 0 -1.3037 551.1004 133.4532 612.0703 270.4396 1.8140 0.4302 1.7949 -0.4312 1.2926 10.4749 -1.3449 0.0037
Pedestrian 0.0000 0 -0.6053 1004.2980 162.8546 1055.5952 252.4577 1.5763 0.5100 0.6153 7.4921 1.4008 12.9730 -0.0919 0.0037
Pedestrian 0.0000 0 2.4031 558.3389 134.9100 625.3276 267.3746 1.7804 0.6922 0.6458 -0.3108 1.2708 10.1686 2.3722 0.0037
Cyclist 0.0000 0 -1.3756 560.9730 161.5350 608.1429 266.2824 1.6036 0.4555 1.7449 -0.4467 1.4307 11.9409 -1.4133 0.0035
Pedestrian 0.0000 0 -1.9141 557.0753 154.1499 601.9144 257.3144 1.6855 0.5614 0.6739 -0.5748 1.3802 12.2040 -1.9612 0.0035
Car 0.0000 0 -0.8431 1023.6714 166.6556 1187.5135 222.8731 1.4862 1.5785 3.9774 13.8881 1.3227 20.3310 -0.2508 0.0035
Pedestrian 0.0000 0 2.2094 1110.3894 159.0110 1175.6025 264.8719 1.6594 0.5773 0.6522 8.5713 1.4428 11.6826 2.8299 0.0035
Car 0.0000 0 -2.9058 837.0529 169.0619 983.5677 216.0441 1.5218 1.6710 4.4921 10.4464 1.3993 25.3565 -2.5195 0.0034
Car 0.0000 0 1.3090 1205.9056 159.4720 1242.0000 233.6130 1.5583 1.6129 4.1871 15.9314 1.2774 17.3942 2.0419 0.0034
Cyclist 0.0000 0 1.1354 1081.2974 164.0591 1138.5111 227.3248 1.6497 0.6263 1.6638 13.5566 1.4207 19.6831 1.7311 0.0034
Pedestrian 0.0000 0 -1.5019 1070.5975 149.9327 1102.9933 221.3208 1.9125 0.7014 0.7070 13.0534 1.2988 19.8209 -0.9267 0.0033
Pedestrian 0.0000 0 -1.2691 1067.6559 151.6115 1106.4780 222.2860 1.8935 0.7190 0.6983 13.0628 1.3247 19.8284 -0.6937 0.0033
Pedestrian 0.0000 0 -2.3488 528.0698 163.3490 576.7081 270.4771 1.6428 0.4883 0.5997 -0.9670 1.4974 11.4426 -2.4324 0.0032
Pedestrian 0.0000 0 -2.7925 648.4059 138.1919 692.4464 236.0241 1.6570 0.4673 0.6450 1.0027 1.0703 12.5638 -2.7155 0.0032
Pedestrian 0.0000 0 -1.8662 1078.2322 151.9010 1120.0834 225.5592 1.9400 0.7188 0.8340 13.1616 1.3885 19.5036 -1.2799 0.0032
Pedestrian 0.0000 0 0.7689 604.2286 150.4786 644.5811 246.6028 1.5848 0.4986 0.4701 0.1923 1.2163 12.2357 0.7833 0.0031
Pedestrian 0.0000 0 -2.0292 558.1425 152.6371 603.2499 256.1156 1.6927 0.5318 0.6421 -0.5532 1.3624 12.2098 -2.0745 0.0031
Car 0.0000 0 2.5325 1006.4257 167.6602 1194.2748 221.5935 1.4493 1.6454 4.1866 13.6219 1.3101 20.2593 3.1174 0.0031
Pedestrian 0.0000 0 -1.8704 1091.8696 160.8807 1129.1589 228.6801 1.7924 0.6414 0.7135 13.4744 1.4762 19.5072 -1.2734 0.0031
Pedestrian 0.0000 0 2.0655 1113.0505 156.3846 1174.8329 263.8984 1.6814 0.5804 0.6268 8.5872 1.4242 11.6799 2.6870 0.0031
Car 0.0000 0 -0.0081 816.9842 169.0338 946.1970 212.4564 1.5112 1.7242 4.3307 9.9078 1.3786 26.6498 0.3438 0.0031
Cyclist 0.0000 0 -1.0936 524.5488 163.3653 596.3801 268.1190 1.5955 0.4144 1.7736 -0.8322 1.4513 11.8831 -1.1631 0.0030
Cyclist 0.0000 0 1.5506 583.2496 147.2028 614.7266 253.0249 1.6794 0.4903 1.8355 -0.2610 1.2727 12.3754 1.5290 0.0030
Car 0.0000 0 0.9287 828.2402 169.7865 942.9912 214.6559 1.4748 1.6625 4.1713 9.7288 1.3743 25.9490 1.2832 0.0030
Pedestrian 0.0000 0 -1.7229 562.0468 146.3745 600.9686 261.0154 1.6997 0.5104 0.5742 -0.4949 1.3075 11.0265 -1.7678 0.0029
Pedestrian 0.0000 0 -1.9898 1089.4581 160.1249 1130.4001 228.5891 1.8123 0.6560 0.7552 13.4708 1.4757 19.5261 -1.3934 0.0029
Car 0.0000 0 1.0884 1072.3414 170.4857 1198.4080 224.2536 1.4668 1.5497 3.5254 15.4713 1.4026 21.5313 1.7046 0.0029
Pedestrian 0.0000 0 -1.8101 579.2155 142.9776 616.8065 248.3043 1.6768 0.4866 0.5951 -0.2552 1.2015 11.8343 -1.8321 0.0029
Pedestrian 0.0000 0 0.8088 603.3953 148.1282 645.4725 245.4897 1.6018 0.5187 0.4890 0.1921 1.1954 12.2240 0.8232 0.0029
Pedestrian 0.0000 0 -2.0127 552.7463 159.5761 598.9509 268.6118 1.6794 0.5113 0.6369 -0.6029 1.4753 11.5123 -2.0650 0.0028
Car 0.0000 0 -0.1353 1169.1576 132.7483 1242.0000 183.6427 1.6982 1.8090 4.3163 22.9297 0.3603 26.0138 0.5817 0.0028
Car 0.0000 0 0.9615 825.0271 171.4132 931.2704 215.1263 1.4758 1.6000 4.0608 9.6861 1.4275 26.5253 1.3076 0.0028
Car 0.0000 0 1.2352 835.0437 173.5838 916.8767 215.2359 1.4396 1.6025 4.0444 9.8078 1.4693 27.0352 1.5792 0.0028
Pedestrian 0.0000 0 -1.9709 552.3529 158.5134 599.5743 269.2221 1.7036 0.5477 0.6309 -0.6010 1.4833 11.5041 -2.0231 0.0028
Car 0.0000 0 0.9278 825.2611 171.4909 936.2637 215.4624 1.4698 1.6277 4.1091 9.7003 1.4246 26.3184 1.2769 0.0028
Cyclist 0.0000 0 -2.2639 1085.7983 166.2275 1188.8889 272.1655 1.6158 0.4257 1.5926 8.5274 1.5150 11.8129 -1.6510 0.0027
Car 0.0000 0 -0.3897 1159.1091 135.4377 1242.0000 183.3827 1.6546 1.8098 4.2971 22.9989 0.3637 26.4340 0.3210 0.0027
Cyclist 0.0000 0 -0.6802 1221.0953 168.2682 1242.0000 263.5743 1.6830 0.6582 1.5441 12.1203 1.6024 13.1093 0.0543 0.0027
Cyclist 0.0000 0 1.1134 1068.6565 154.3820 1135.4873 225.5695 1.8317 0.7305 1.8673 13.2323 1.3568 19.5365 1.7014 0.0027
Car 0.0000 0 0.9394 816.3421 169.7565 922.4689 213.8786 1.4897 1.6508 3.9126 9.3539 1.3855 26.4703 1.2752 0.0027
Car 0.0000 0 -3.0996 861.7965 169.6014 997.2902 215.0397 1.4711 1.6624 4.1684 10.9797 1.3662 25.0143 -2.6907 0.0026
Car 0.0000 0 1.0707 827.8749 172.2628 923.5155 215.4741 1.4770 1.5848 3.9816 9.6860 1.4572 26.7509 1.4141 0.0026
Cyclist 0.0000 0 -1.5903 578.7850 136.5137 611.8746 269.7354 1.8001 0.4415 1.4192 -0.2823 1.3094 10.4660 -1.6178 0.0026
Car 0.0000 0 2.7241 830.2554 172.1231 956.1467 212.5348 1.4929 1.6017 4.1876 10.7142 1.4663 27.5586 3.0909 0.0026
Car 0.0000 0 0.2913 846.4479 167.0095 995.9628 215.0635 1.5251 1.6914 4.4552 10.6456 1.3400 24.9664 0.6897 0.0026
Pedestrian 0.0000 0 -0.2681 576.5073 132.4742 621.6465 253.2519 1.8639 0.4964 0.6050 -0.2311 1.2411 11.4567 -0.2888 0.0026
Pedestrian 0.0000 0 1.8749 655.7757 140.1751 693.0022 238.2923 1.6101 0.4678 0.6164 1.0427 1.0742 12.2112 1.9573 0.0025
Car 0.0000 0 -0.8232 1161.6680 139.1439 1242.0000 184.6251 1.6132 1.8117 4.4758 23.2268 0.4179 26.7434 -0.1134 0.0025
Pedestrian 0.0000 0 0.9603 581.0615 158.3865 625.8771 255.1838 1.5812 0.4831 0.6269 -0.1662 1.3453 12.1795 0.9459 0.0025
Car 0.0000 0 0.9709 842.8072 168.6490 957.0275 214.7469 1.5019 1.6638 4.2155 10.1544 1.3652 25.7464 1.3423 0.0025
Pedestrian 0.0000 0 1.1198 580.7828 154.7044 623.4373 252.3810 1.5945 0.4903 0.6334 -0.1906 1.2986 12.1690 1.1034 0.0025
Car 0.0000 0 0.6993 1147.6168 180.2329 1242.0000 271.2686 1.4149 1.4223 3.0224 11.6591 1.5654 13.0741 1.4159 0.0025
Car 0.0000 0 -3.5722 901.1410 163.5091 1057.3350 214.2397 1.6129 1.6763 4.2894 12.0603 1.3162 23.8450 -3.1093 0.0025
Pedestrian 0.0000 0 -2.1578 576.7106 146.1561 619.7648 249.4073 1.6447 0.4682 0.5717 -0.2490 1.2198 11.8591 -2.1793 0.0024
Car 0.0000 0 2.4109 1101.7822 171.4025 1242.0000 223.2185 1.4198 1.4763 3.9857 16.4682 1.3803 20.6321 3.0772 0.0024
Car 0.0000 0 1.3247 851.3483 171.7104 928.0026 214.9523 1.4657 1.6329 4.1766 10.1611 1.4273 26.6216 1.6852 0.0024
Cyclist 0.0000 0 -0.2328 1215.7339 170.6749 1242.0000 265.6405 1.6128 0.6886 1.6877 11.9984 1.5762 12.9593 0.5023 0.0024
Car 0.0000 0 0.9592 814.7764 171.9082 915.1315 214.4587 1.4553 1.5709 3.8278 9.2900 1.4233 26.7309 1.2898 0.0024
Pedestrian 0.0000 0 -2.9868 520.6577 146.3044 573.9832 270.5103 1.6429 0.5235 0.6522 -0.8986 1.2921 9.8237 -3.0767 0.0024
Cyclist 0.0000 0 1.1377 1139.1913 168.5319 1197.7872 228.3509 1.5658 0.5632 1.7790 15.2529 1.4531 19.8136 1.7862 0.0023
Cyclist 0.0000 0 -0.2421 952.4910 161.3335 1071.1495 252.3523 1.5741 0.5699 1.7771 7.1328 1.3752 12.9720 0.2505 0.0023
Car 0.0000 0 -0.0036 1182.6943 133.5251 1242.0000 184.5221 1.6576 1.7812 4.2438 22.9815 0.3796 25.5226 0.7239 0.0023
Cyclist 0.0000 0 -1.2977 599.8296 134.6973 652.4465 255.8832 1.7159 0.3879 1.6272 0.2205 1.1760 11.0489 -1.2793 0.0023
Cyclist 0.0000 0 0.3435 1228.3579 170.0204 1242.0000 263.6171 1.5944 0.5996 1.4163 12.1505 1.5465 13.0542 1.0814 0.0023
Car 0.0000 0 1.4187 728.0310 157.5814 796.0003 209.2077 1.4407 1.4666 3.5859 4.4944 1.0149 21.9580 1.6176 0.0022
Car 0.0000 0 1.5019 858.6387 171.8423 914.9971 215.1126 1.4781 1.6413 4.1592 10.1802 1.4439 26.8724 1.8599 0.0022
Cyclist 0.0000 0 -1.4092 565.7050 166.2054 607.2275 265.5688 1.5720 0.4391 1.7393 -0.4297 1.4671 12.3027 -1.4445 0.0022
Pedestrian 0.0000 0 -2.8179 647.8939 142.0709 700.3558 240.3581 1.6145 0.5074 0.7664 1.0381 1.1092 12.2342 -2.7361 0.0022
Car 0.0000 0 -2.1110 1236.6858 189.4750 1242.0000 354.8043 1.6013 1.5095 3.9532 10.2505 1.8694 9.5148 -1.3045 0.0022
Car 0.0000 0 -0.1519 1170.1938 137.0557 1242.0000 186.0729 1.6337 1.8046 4.3206 22.9494 0.4409 25.9666 0.5664 0.0022
Cyclist 0.0000 0 -2.2693 1097.0419 158.8264 1207.2831 273.8472 1.7199 0.4285 1.6699 8.6290 1.5105 11.6345 -1.6438 0.0022
Cyclist 0.0000 0 1.0910 1072.3687 160.1582 1131.6381 224.7664 1.6995 0.5702 1.7997 13.4877 1.3659 19.9031 1.6793 0.0022
Pedestrian 0.0000 0 2.5001 520.1021 150.4095 580.4728 278.1022 1.6061 0.5042 0.6084 -0.8369 1.3242 9.4635 2.4131 0.0021
Car 0.0000 0 -1.0422 1184.8171 137.1928 1242.0000 190.8756 1.7013 1.8678 4.9033 22.2087 0.5715 24.5055 -0.3118 0.0020
Pedestrian 0.0000 0 0.1446 1075.5459 164.6713 1119.7836 247.0096 1.6187 0.5431 0.6764 9.8245 1.4582 14.6097 0.7268 0.0020
Pedestrian 0.0000 0 1.5504 155.2186 178.4362 200.7038 324.9895 1.5978 0.4333 0.5859 -4.9998 1.6649 8.2547 1.0195 0.0020
Car 0.0000 0 -1.6277 927.9437 157.1500 1000.3172 214.7494 1.6873 1.8091 4.8153 11.4610 1.2276 23.7041 -1.1825 0.0020
Pedestrian 0.0000 0 -2.2896 530.3323 160.5162 584.4927 269.6704 1.7249 0.5599 0.7062 -0.9180 1.5303 11.8462 -2.3664 0.0019
Pedestrian 0.0000 0 -1.6129 1162.6023 171.2198 1201.2797 232.3929 1.6086 0.7850 0.6412 15.3663 1.5660 19.4597 -0.9523 0.0019
Car 0.0000 0 -1.6520 927.8787 156.7341 1006.4516 214.2476 1.6685 1.8440 4.9985 11.4895 1.2012 23.5930 -1.2041 0.0018
Car 0.0000 0 -0.4333 715.7839 166.0375 846.4981 210.1987 1.6091 1.7363 4.5601 6.4702 1.3611 27.6036 -0.2059 0.0018
Cyclist 0.0000 0 0.3502 1231.1689 170.0723 1242.0000 263.9305 1.5894 0.6146 1.4418 12.1736 1.5426 12.9970 1.0912 0.0018
Car 0.0000 0 -1.7767 910.3857 159.7357 1002.8196 214.1583 1.6080 1.7786 4.6621 11.2249 1.2208 23.7886 -1.3409 0.0017
Cyclist 0.0000 0 -0.6766 1123.2958 166.9121 1200.8704 227.0598 1.6237 0.5953 1.6977 15.0906 1.4637 19.8010 -0.0329 0.0017
Car 0.0000 0 -1.3135 733.2631 165.1023 807.1097 211.3745 1.6243 1.7553 4.1942 6.1583 1.3526 27.5923 -1.0967 0.0017
Pedestrian 0.0000 0 -1.9908 140.9612 185.4550 210.0919 324.9220 1.5067 0.4562 0.6448 -5.0135 1.6574 8.2321 -2.5240 0.0017
Car 0.0000 0 -1.1385 741.7447 165.3347 835.1558 211.0768 1.6230 1.7997 4.4915 6.9391 1.3565 27.9147 -0.8978 0.0017
Car 0.0000 0 1.3168 1102.7133 174.0032 1201.6509 224.4023 1.3585 1.4593 3.5895 15.9574 1.3962 21.4724 1.9490 0.0017
Car 0.0000 0 -3.3085 707.8153 166.8648 831.1699 210.0828 1.5686 1.5996 4.3081 5.8667 1.3516 27.0793 -3.0978 0.0017
Pedestrian 0.0000 0 -0.6678 515.7695 152.3891 576.7139 280.2397 1.5929 0.4784 0.6279 -0.8811 1.3383 9.3768 -0.7601 0.0017
Pedestrian 0.0000 0 1.5833 659.4669 135.8515 687.0148 234.0157 1.6664 0.4667 0.5850 1.0499 1.0386 12.5588 1.6641 0.0017
Car 0.0000 0 -2.0009 0.0000 0.0000 1242.0000 375.0000 1.4997 1.5002 3.6524 6.1254 1.6884 -0.2529 -0.4365 0.0017
Pedestrian 0.0000 0 -2.0792 530.2590 160.9918 582.2933 270.5996 1.7299 0.5770 0.7111 -0.9394 1.5430 11.8407 -2.1577 0.0016
Cyclist 0.0000 0 -1.6987 1072.3888 180.5462 1113.8708 260.1973 1.4502 0.4144 1.9155 9.4789 1.6129 14.2709 -1.1225 0.0016
Pedestrian 0.0000 0 -1.9350 1085.4526 155.7889 1123.5322 225.0133 1.8584 0.6482 0.7057 13.5019 1.4006 19.7843 -1.3434 0.0016
Car 0.0000 0 -0.5357 959.7347 165.1838 1130.2758 218.0519 1.5461 1.5758 4.2285 13.0629 1.3221 21.8945 -0.0040 0.0016
Car 0.0000 0 -0.2387 718.0347 166.2896 841.5654 208.6028 1.5473 1.5835 4.2766 6.2941 1.3076 27.2038 -0.0141 0.0015
Car 0.0000 0 -1.6599 929.5624 156.8881 1009.1920 213.5732 1.6407 1.8318 4.9485 11.5246 1.1789 23.5194 -1.2096 0.0015
Car 0.0000 0 -0.1076 713.6006 166.0904 832.9002 209.3170 1.5648 1.6001 4.2203 6.0131 1.3203 27.1390 0.1077 0.0015
Car 0.0000 0 -1.0536 1083.2964 156.7742 1242.0000 224.9108 1.5684 1.7472 4.1102 14.1340 1.1987 18.2140 -0.4018 0.0015
Pedestrian 0.0000 0 2.3029 621.3438 146.6707 666.9077 243.7957 1.5858 0.4899 0.6044 0.5245 1.1587 12.1656 2.3441 0.0015
Car 0.0000 0 1.1266 0.0000 0.0000 1242.0000 375.0000 1.4484 1.4226 3.6405 -7.3937 1.5601 -0.1726 -0.4287 0.0015
Pedestrian 0.0000 0 -0.4576 978.5105 168.3412 1031.8939 254.1491 1.5193 0.4550 0.7156 7.0671 1.4398 13.0108 0.0300 0.0015
Pedestrian 0.0000 0 -0.0631 512.2576 148.0685 567.7455 267.7282 1.5756 0.4834 0.7187 -1.0113 1.2496 9.7951 -0.1643 0.0014
Car 0.0000 0 -1.5180 1094.7191 156.6442 1185.8322 225.0090 1.5727 1.7214 4.0993 13.7857 1.2001 18.7306 -0.8912 0.0014
Car 0.0000 0 2.0252 687.2953 157.1761 794.4214 208.1876 1.4002 1.6328 3.9503 4.0043 0.9702 21.8782 2.2035 0.0014
Pedestrian 0.0000 0 -1.6134 1088.7451 156.5048 1119.4941 224.4724 1.8229 0.6630 0.6519 13.5037 1.3848 19.7998 -1.0221 0.0014
Car 0.0000 0 -1.9934 1173.3462 161.4933 1242.0000 233.6016 1.5447 1.6844 4.1536 15.7076 1.3017 17.6862 -1.2757 0.0013
Car 0.0000 0 0.8711 0.0000 0.0000 1242.0000 375.0000 1.4560 1.5843 3.7152 -7.8567 1.5965 -0.1804 -0.6861 0.0013
Car 0.0000 0 1.0521 1172.3301 159.7053 1242.0000 233.9225 1.5368 1.7323 4.3021 15.5601 1.2649 17.2216 1.7782 0.0013
Car 0.0000 0 -0.4415 920.5766 171.7730 1172.1820 241.7335 1.4060 1.7615 4.3066 9.1738 1.3846 15.5534 0.0827 0.0013
Cyclist 0.0000 0 -2.9792 1203.0999 169.1997 1242.0000 259.7756 1.5620 0.5213 1.5495 11.8537 1.4993 13.2042 -2.2591 0.0013
Pedestrian 0.0000 0 2.6514 621.1275 146.6047 664.4667 245.3189 1.6175 0.4609 0.5798 0.4977 1.1877 12.1538 2.6905 0.0012
Car 0.0000 0 -2.0021 1172.5219 158.3115 1242.0000 231.7567 1.5713 1.6650 4.2086 15.7052 1.2605 17.6874 -1.2845 0.0012
Pedestrian 0.0000 0 -0.7700 1153.6245 172.4774 1194.9698 229.7819 1.5448 0.6123 0.6506 15.4240 1.5350 19.7899 -0.1156 0.0012
Cyclist 0.0000 0 -1.2853 432.9218 150.4476 500.5038 271.1461 1.6292 0.4504 1.9517 -2.1399 1.3271 10.7290 -1.4784 0.0012
Car 0.0000 0 -1.7289 914.7508 157.0617 1004.6105 213.4211 1.6360 1.8237 4.9722 11.2207 1.1779 23.5835 -1.2899 0.0012
Car 0.0000 0 -1.5814 0.0000 0.0000 1242.0000 375.0000 1.5222 1.6157 4.0801 6.8982 1.6856 -0.0043 -0.0524 0.0012
Cyclist 0.0000 0 0.1474 1215.2740 173.9785 1242.0000 263.3362 1.5166 0.6457 1.4756 11.9091 1.5385 13.0367 0.8760 0.0012
Pedestrian 0.0000 0 -2.9013 1071.3575 166.6704 1117.7557 251.5462 1.6713 0.5788 0.6684 9.7858 1.5499 14.6470 -2.3221 0.0012
Car 0.0000 0 -0.6266 1102.2198 169.9467 1242.0000 231.8951 1.4268 1.8113 4.1656 14.7173 1.3602 17.6451 0.0601 0.0011
Pedestrian 0.0000 0 -1.6680 1107.0371 161.6178 1142.7108 228.7683 1.7682 0.7182 0.6430 13.8241 1.4727 19.4531 -1.0577 0.0011
Car 0.0000 0 -0.3127 720.4104 166.6925 843.2883 208.4200 1.5200 1.5784 4.2320 6.3950 1.2959 27.2462 -0.0850 0.0011
Cyclist 0.0000 0 -1.4751 605.7701 135.9885 643.1058 267.7440 1.7734 0.4112 1.4626 0.1741 1.2775 10.4583 -1.4600 0.0010
Pedestrian 0.0000 0 0.2368 974.6619 169.6084 1015.8992 257.7733 1.5888 0.4879 0.5805 7.0913 1.5307 13.3747 0.7146 0.0010
Cyclist 0.0000 0 -2.1030 1082.2595 176.4595 1172.2019 273.5443 1.5064 0.3962 1.7021 8.5838 1.5716 12.1198 -1.4988 0.0010
Car 0.0000 0 0.8847 1188.2571 179.3300 1242.0000 275.7072 1.4581 1.3842 3.1377 12.0442 1.5872 12.7365 1.6301 0.0010
Pedestrian 0.0000 0 0.8842 746.3888 110.7431 791.3524 231.4574 1.9864 0.4996 0.5634 2.6381 0.9647 12.2356 1.0912 0.0010
Car 0.0000 0 -1.6825 0.0000 0.0000 1242.0000 375.0000 1.5472 1.6214 3.9035 7.2884 1.7147 -0.0835 -0.1404 0.0010
Car 0.0000 0 -1.4422 1083.3596 154.3125 1190.4288 225.9229 1.6502 1.7394 4.3503 13.7603 1.2232 18.8062 -0.8183 0.0009
Cyclist 0.0000 0 1.2116 1146.0746 173.8676 1198.7698 231.8211 1.5245 0.5632 1.7209 15.4448 1.5542 19.9151 1.8636 0.0009
Car 0.0000 0 -0.8549 1128.6389 179.9880 1242.0000 266.9093 1.4529 1.4313 3.8602 11.7618 1.5933 13.1928 -0.1384 0.0009
Car 0.0000 0 -1.9034 1082.9967 174.2994 1200.5758 226.4165 1.4028 1.5826 3.9881 15.7554 1.4509 21.6739 -1.2817 0.0009
Pedestrian 0.0000 0 2.4867 592.4425 130.8029 647.0255 260.3298 1.8305 0.5426 0.5929 0.0881 1.2366 10.5892 2.4937 0.0009
Cyclist 0.0000 0 -1.9368 1141.1663 171.3173 1188.3982 228.9671 1.5498 0.4536 1.7165 15.5201 1.5088 20.2819 -1.2910 0.0009
Pedestrian 0.0000 0 -2.1699 1154.2148 172.5275 1195.2494 230.9867 1.5750 0.6466 0.6200 15.4140 1.5665 19.7640 -1.5152 0.0009
Car 0.0000 0 0.9110 1085.9607 169.3279 1242.0000 238.7725 1.4717 1.6292 4.3327 13.7167 1.3973 17.4567 1.5685 0.0009
Car 0.0000 0 -1.6208 935.5240 158.9433 1008.7338 214.2105 1.5825 1.8098 4.9060 11.5012 1.1845 23.2681 -1.1670 0.0009
Car 0.0000 0 -1.9489 1089.5076 176.2665 1208.3998 225.9722 1.3252 1.5144 3.7768 15.8696 1.4369 21.5281 -1.3205 0.0008
Pedestrian 0.0000 0 0.6902 745.2813 110.6106 790.9164 231.0321 1.9798 0.5101 0.5599 2.6278 0.9568 12.2375 0.8963 0.0008
Car 0.0000 0 -1.2648 734.9020 164.7089 818.5703 211.7316 1.6541 1.8287 4.6838 6.4862 1.3680 27.8612 -1.0389 0.0008
Cyclist 0.0000 0 -1.6936 1066.5853 164.5247 1104.8297 241.2345 1.5079 0.4426 1.6723 9.8380 1.3445 15.0302 -1.1234 0.0008
Car 0.0000 0 -0.6159 1102.6375 172.9516 1242.0000 236.3422 1.4600 1.8130 4.1183 14.7228 1.4629 17.6678 0.0703 0.0008
Car 0.0000 0 -1.3556 734.5925 165.3076 803.8598 210.1382 1.5649 1.6976 4.3506 6.1073 1.3018 27.5151 -1.1399 0.0007
Car 0.0000 0 -2.1677 1061.0576 174.3544 1216.7083 228.2171 1.4728 1.6402 4.3327 15.8687 1.5235 22.0309 -1.5502 0.0007
Car 0.0000 0 1.7213 476.4475 150.3003 633.1798 307.5599 1.5590 1.3888 3.4523 -0.5576 1.3358 8.9313 1.6595 0.0007
Car 0.0000 0 1.4030 941.6990 163.2904 1042.9561 225.4537 1.3140 1.5082 3.5241 8.9086 1.1122 17.1554 1.8747 0.0007
Car 0.0000 0 -2.1319 1100.7019 178.4466 1239.1216 227.8259 1.3021 1.5072 3.6112 16.3124 1.4821 21.3091 -1.4856 0.0007
Car 0.0000 0 -2.1187 1097.6183 176.8141 1234.0901 226.7728 1.3335 1.5248 3.6008 16.2785 1.4617 21.4175 -1.4758 0.0006
Pedestrian 0.0000 0 0.7463 766.5834 113.9495 811.9193 235.3163 1.9957 0.5090 0.5453 2.9839 1.0274 12.2299 0.9796 0.0006
Pedestrian 0.0000 0 0.9911 723.4588 120.8029 764.0553 236.6406 1.9093 0.4537 0.5384 2.2103 1.0517 12.2268 1.1651 0.0006
Pedestrian 0.0000 0 2.7036 593.6824 129.9042 644.4345 260.0367 1.8492 0.5265 0.5758 0.0757 1.2392 10.6100 2.7094 0.0006
Car 0.0000 0 -0.2529 901.7488 169.0752 1116.5912 237.7640 1.3772 1.6918 3.7798 8.4619 1.3018 15.7225 0.2327 0.0006
Car 0.0000 0 -0.5150 752.9858 165.7051 873.3156 209.5354 1.5823 1.5085 4.1841 7.6214 1.3246 27.2858 -0.2459 0.0006
Pedestrian 0.0000 0 0.2073 1011.2657 160.2323 1074.0085 285.5085 1.7563 0.4728 0.7084 6.2567 1.5797 10.5255 0.7306 0.0006
Cyclist 0.0000 0 -1.7810 953.0809 149.5860 986.5106 210.5453 1.7951 0.4740 2.1352 11.0686 1.1103 22.3378 -1.3265 0.0006
Car 0.0000 0 -0.5858 955.1224 181.0270 1163.6425 245.4085 1.3141 1.5476 3.6372 9.6891 1.5031 15.7954 -0.0444 0.0006
Car 0.0000 0 -1.3688 735.8605 165.2267 803.7561 210.3756 1.5647 1.6924 4.2795 6.0804 1.3008 27.3029 -1.1524 0.0006
Car 0.0000 0 -0.7123 1185.4993 169.9126 1242.0000 235.4809 1.4613 1.6367 4.2395 16.3115 1.3961 16.9887 0.0438 0.0005
Car 0.0000 0 -1.2141 731.8141 165.4983 820.4802 210.3767 1.5690 1.8144 4.6351 6.4148 1.3122 27.6581 -0.9890 0.0005
Pedestrian 0.0000 0 -2.0891 1062.2903 175.5838 1114.0011 266.1259 1.5298 0.4727 0.6749 8.2597 1.5790 12.5590 -1.5187 0.0005
Car 0.0000 0 -1.5764 0.0000 0.0000 1242.0000 375.0000 1.5445 1.5673 3.9552 7.4274 1.7326 -0.0838 -0.0338 0.0005
Cyclist 0.0000 0 -2.1691 992.7874 172.0091 1087.4943 275.3245 1.5067 0.3797 1.6795 6.6740 1.4947 11.3717 -1.6503 0.0005
Car 0.0000 0 -1.8297 1105.1935 164.7307 1242.0000 237.8878 1.6121 1.8310 4.3721 14.1304 1.4334 18.2671 -1.1795 0.0005
Cyclist 0.0000 0 -1.7590 961.1027 153.0504 988.7773 211.7952 1.7209 0.3993 1.8649 11.1077 1.1411 22.0865 -1.2986 0.0005
Cyclist 0.0000 0 -2.0770 939.3616 167.4840 1041.6365 280.9046 1.6347 0.4362 2.1083 5.9173 1.5577 11.4587 -1.6116 0.0005
Car 0.0000 0 -0.5110 948.6469 180.7019 1167.5537 245.1395 1.2979 1.6126 3.7128 9.5074 1.4773 15.5966 0.0275 0.0005
Car 0.0000 0 -1.7958 0.0000 0.0000 1242.0000 375.0000 1.4823 1.7503 3.9425 6.8096 1.7811 0.3277 -0.3162 0.0005
Pedestrian 0.0000 0 2.0020 958.1309 159.5962 1011.5500 277.8138 1.7925 0.4973 0.7207 5.8496 1.5918 11.3569 2.4663 0.0005
Car 0.0000 0 -1.6747 924.9638 160.6221 1004.5350 214.9116 1.5622 1.7628 4.8032 11.2789 1.2106 23.3174 -1.2295 0.0005
Cyclist 0.0000 0 -2.1263 921.3214 158.5868 1008.0930 281.5242 1.7841 0.3668 1.6834 5.4671 1.5774 11.3257 -1.6876 0.0005
Car 0.0000 0 -1.1009 739.3331 164.9575 833.6557 210.0437 1.5943 1.7056 4.4411 6.8205 1.3155 27.7536 -0.8628 0.0005
Cyclist 0.0000 0 -2.1102 1119.4521 173.4264 1224.1838 284.5191 1.6465 0.3749 1.9218 8.9703 1.6569 11.6764 -1.4679 0.0004
Car 0.0000 0 -3.2520 872.8693 162.6349 1029.8759 211.2404 1.4433 1.5998 4.3325 10.6154 1.1402 22.8622 -2.8225 0.0004
Car 0.0000 0 -0.4660 733.0437 165.6538 849.3526 207.8724 1.5310 1.4970 4.0351 6.8016 1.2703 27.3429 -0.2252 0.0004
Pedestrian 0.0000 0 0.4088 1022.3422 164.3161 1097.0817 297.0354 1.6646 0.4816 0.7025 5.8441 1.5578 9.4726 0.9470 0.0004
Car 0.0000 0 -0.7985 1180.8286 172.6825 1242.0000 236.8440 1.4225 1.7823 4.8210 16.4575 1.4190 16.9747 -0.0375 0.0004
Car 0.0000 0 -2.5946 1063.0144 171.4825 1242.0000 242.4254 1.5169 1.7748 3.5630 13.2023 1.4880 17.4098 -1.9544 0.0004
Car 0.0000 0 -1.9801 962.2886 172.0906 1127.0630 236.7563 1.3217 1.7712 4.0425 9.8640 1.3065 16.8526 -1.4585 0.0004
Car 0.0000 0 -0.6888 944.1290 179.6872 1140.2421 244.2841 1.3275 1.5591 3.6024 9.5371 1.4905 16.1113 -0.1629 0.0004
Car 0.0000 0 -1.5610 0.0000 0.0000 1242.0000 375.0000 1.6638 1.7424 4.1007 8.4397 1.8660 -0.1954 -0.0020 0.0004
Car 0.0000 0 -0.3225 743.5532 167.6740 870.4697 210.4823 1.5424 1.5811 4.2862 7.2494 1.3561 26.9175 -0.0627 0.0004
Pedestrian 0.0000 0 0.1534 1068.0994 173.6712 1114.7803 263.0498 1.5117 0.4781 0.6174 8.3508 1.5268 12.5921 0.7277 0.0004
Car 0.0000 0 -1.1942 735.2251 165.9125 820.4051 210.0732 1.5453 1.7291 4.2405 6.4234 1.3027 27.4818 -0.9674 0.0004
Car 0.0000 0 -0.8049 960.4319 180.3583 1152.1571 245.9324 1.3414 1.6209 3.6582 9.9959 1.5245 16.3043 -0.2635 0.0004
Pedestrian 0.0000 0 2.4704 952.7736 163.5121 1015.2592 279.1201 1.7731 0.4818 0.7360 5.8382 1.6302 11.3754 2.9332 0.0004
Car 0.0000 0 -1.7026 1142.5599 137.2247 1239.1414 202.1727 1.8718 1.8415 4.0140 18.3153 0.8453 22.9882 -1.0361 0.0004
Cyclist 0.0000 0 -1.8050 1071.3412 175.6904 1119.2412 252.8457 1.4737 0.4074 1.6913 9.8142 1.5353 14.7075 -1.2263 0.0004
Car 0.0000 0 -0.3670 923.8802 174.3140 1137.9692 239.4204 1.3504 1.6249 3.7893 9.1761 1.3855 16.0856 0.1431 0.0004
Cyclist 0.0000 0 -2.1232 1145.2544 178.7709 1242.0000 282.4971 1.5556 0.3710 1.8657 9.5419 1.6611 11.8742 -1.4590 0.0004
Car 0.0000 0 -1.7833 973.9706 174.9233 1101.8689 238.8545 1.2949 1.7460 3.7610 9.7337 1.3494 16.8006 -1.2662 0.0004
Pedestrian 0.0000 0 0.6035 905.0377 116.7816 961.2061 260.1666 2.3500 0.5976 0.6478 5.4328 1.4313 12.2557 1.0112 0.0003
Pedestrian 0.0000 0 -3.1562 1168.3323 173.3001 1220.6989 281.4917 1.7074 0.5308 0.6489 9.4900 1.7153 11.7952 -2.4915 0.0003
Car 0.0000 0 -0.6290 509.3945 161.9013 782.4218 301.6436 1.5095 1.5114 3.2606 0.4601 1.3915 9.3193 -0.5826 0.0003
Car 0.0000 0 -2.9541 844.4368 160.4347 1016.4876 210.4668 1.4400 1.7152 4.7406 10.0096 1.0829 22.8045 -2.5455 0.0003
Car 0.0000 0 -0.2962 538.9388 155.4497 797.7426 296.2662 1.5786 1.3319 2.9803 0.6247 1.3838 9.0753 -0.2310 0.0003
Car 0.0000 0 -2.4543 1067.2882 171.6842 1242.0000 242.2586 1.4913 1.6798 3.8597 13.2635 1.4669 17.3173 -1.8093 0.0003
Pedestrian 0.0000 0 1.1093 921.9489 138.3848 978.8508 270.4414 2.0739 0.5785 0.6962 5.4488 1.5329 11.6869 1.5352 0.0003
Pedestrian 0.0000 0 0.8638 772.8064 121.1155 817.6964 249.9377 2.0634 0.4667 0.5564 3.0009 1.2350 11.9077 1.1041 0.0003
Cyclist 0.0000 0 -1.5344 1060.5825 177.1449 1092.4573 253.9832 1.4554 0.4982 1.9205 9.4708 1.5487 14.7016 -0.9718 0.0003
Pedestrian 0.0000 0 2.7278 895.6359 158.3986 956.3051 284.0218 1.8093 0.4818 0.6803 4.5957 1.6015 10.6361 3.1246 0.0003
Pedestrian 0.0000 0 -3.1095 814.7543 135.8656 857.2535 269.0141 1.9761 0.5055 0.6073 3.4085 1.4275 11.0417 -2.8184 0.0003
Pedestrian 0.0000 0 -1.5251 1183.4006 157.8043 1212.8871 224.0735 1.9334 0.6570 0.6731 17.4956 1.4947 21.5173 -0.8495 0.0003
Pedestrian 0.0000 0 1.0980 886.8945 109.6724 944.3260 255.7540 2.3969 0.6652 0.6530 5.1001 1.3606 12.1900 1.4851 0.0003
Pedestrian 0.0000 0 -1.2932 1183.0228 157.1022 1217.2524 224.1942 1.9581 0.6384 0.6554 17.5429 1.4987 21.5054 -0.6160 0.0003
Car 0.0000 0 -0.4861 1093.4950 173.3626 1242.0000 242.1621 1.5178 1.9428 4.5926 14.5822 1.5314 17.3524 0.2040 0.0002
Car 0.0000 0 1.8730 478.2316 151.1030 660.0498 301.7485 1.5950 1.3928 3.4113 -0.4049 1.3651 9.4639 1.8301 0.0002
Car 0.0000 0 -3.0954 861.3754 162.2293 1022.2128 210.9923 1.4285 1.6882 4.4873 10.4060 1.1176 22.8987 -2.6740 0.0002
Pedestrian 0.0000 0 2.3263 1092.2786 165.4174 1152.3297 266.1743 1.6482 0.5089 0.6622 8.5467 1.5269 12.1189 2.9286 0.0002
Pedestrian 0.0000 0 2.2013 897.8387 153.9547 956.1284 284.1563 1.8502 0.4912 0.6679 4.6177 1.5820 10.6333 2.6000 0.0002
Car 0.0000 0 0.6697 1086.0764 174.5758 1242.0000 248.6751 1.4807 1.6928 4.2553 13.5774 1.5266 16.7858 1.3408 0.0002
Car 0.0000 0 0.4012 1075.8235 174.3758 1242.0000 243.2638 1.4310 1.5526 3.8082 13.4388 1.4717 17.1156 1.0581 0.0002
Car 0.0000 0 1.2009 1128.3417 171.2779 1242.0000 252.6349 1.4924 1.7806 4.0393 12.8368 1.4639 15.4291 1.8850 0.0002
Car 0.0000 0 -1.1932 744.7134 164.5438 828.1987 209.0169 1.5665 1.6773 4.2113 6.7829 1.2742 27.6163 -0.9552 0.0002
Car 0.0000 0 -0.3569 738.1049 166.4741 857.7946 206.7973 1.4501 1.4873 4.0546 6.9220 1.2210 26.9032 -0.1081 0.0002
Car 0.0000 0 -0.1431 849.7608 166.1789 1008.2006 212.3772 1.4258 1.5737 4.5533 10.2470 1.2201 23.6138 0.2614 0.0002
Car 0.0000 0 0.5462 1086.8450 174.9204 1242.0000 247.6945 1.4216 1.6531 4.3123 13.5435 1.4759 16.5317 1.2234 0.0002
Cyclist 0.0000 0 -2.1348 852.8203 154.6615 945.9166 290.8602 1.8704 0.4361 1.6822 4.2181 1.6209 10.7735 -1.7719 0.0002
Pedestrian 0.0000 0 0.7803 931.1215 156.1003 987.2039 276.7308 1.8390 0.4691 0.6538 5.4492 1.5840 11.3852 1.2158 0.0002
Cyclist 0.0000 0 -1.7286 1056.2412 181.0536 1097.0267 262.1806 1.4006 0.3653 1.6171 8.6157 1.5630 13.4348 -1.1689 0.0002
Pedestrian 0.0000 0 -3.2781 867.5997 154.9101 914.5170 279.9948 1.8516 0.4651 0.6013 4.2118 1.5863 10.9706 -2.9214 0.0002
Car 0.0000 0 -1.1546 958.6478 175.7575 1113.3453 241.1619 1.3448 1.7284 3.8306 9.9291 1.4202 16.8208 -0.6294 0.0002
Car 0.0000 0 -3.1283 1100.5150 170.6121 1242.0000 241.5710 1.5018 1.6667 3.8987 14.0549 1.4547 17.1527 -2.4506 0.0002
Car 0.0000 0 -1.8122 932.1685 175.9100 1046.5677 239.3897 1.3012 1.4994 3.6008 8.6828 1.3813 16.8955 -1.3450 0.0002
Pedestrian 0.0000 0 0.7272 856.1276 124.8901 908.4009 272.4126 2.2469 0.5198 0.5686 4.2304 1.5167 11.3607 1.0743 0.0002
Car 0.0000 0 1.3935 962.8211 174.7753 1068.4843 235.7742 1.2579 1.5029 3.5537 9.3241 1.3085 16.9207 1.8894 0.0002
Car 0.0000 0 0.4059 1085.5087 175.1406 1242.0000 246.2521 1.4101 1.6537 4.0921 13.5453 1.4702 16.6403 1.0801 0.0002
Car 0.0000 0 -1.2601 966.6300 175.9532 1098.9261 240.9557 1.3360 1.6222 3.7557 9.8963 1.4168 16.8677 -0.7376 0.0002
Cyclist 0.0000 0 -1.8202 1084.2970 177.1603 1134.5454 251.4811 1.3840 0.4027 1.6698 9.8792 1.4754 14.3870 -1.2285 0.0002
Car 0.0000 0 -0.4208 1146.8302 170.1379 1242.0000 238.8827 1.4603 1.7080 4.6158 15.5579 1.4030 16.8528 0.3156 0.0002
Pedestrian 0.0000 0 1.9490 892.7845 158.9413 939.9352 280.7861 1.7827 0.4720 0.6099 4.5937 1.5795 10.9373 2.3361 0.0002
Pedestrian 0.0000 0 0.6242 830.2737 126.6923 881.3917 266.6693 2.1298 0.5105 0.5724 3.8148 1.4278 11.3576 0.9396 0.0002
Pedestrian 0.0000 0 1.6221 872.9531 145.9763 909.4539 278.4932 1.9388 0.4919 0.6804 4.2262 1.5459 10.9636 1.9801 0.0002
Pedestrian 0.0000 0 0.6079 806.4208 128.7529 856.8010 266.3396 2.0951 0.5000 0.5778 3.4366 1.4239 11.3663 0.8935 0.0001
Cyclist 0.0000 0 -2.2001 756.0074 131.4347 837.1519 266.4987 2.0260 0.4168 1.5520 2.9161 1.4050 11.6173 -1.9610 0.0001
Car 0.0000 0 -0.2814 829.8548 168.1132 965.5266 211.2081 1.3548 1.5695 3.8380 9.2887 1.2061 23.6318 0.0885 0.0001
Car 0.0000 0 -1.8841 950.4498 170.7258 1094.8944 233.4407 1.3203 1.7812 4.0764 9.6617 1.2759 17.3558 -1.3838 0.0001
Pedestrian 0.0000 0 2.7319 891.6740 160.2092 943.8694 278.1695 1.7574 0.4661 0.5914 4.6261 1.5694 10.9865 3.1200 0.0001
Pedestrian 0.0000 0 0.9267 823.4666 104.8539 874.7744 250.7298 2.3096 0.5583 0.5789 3.8478 1.2333 11.7863 1.2343 0.0001
Pedestrian 0.0000 0 2.6526 848.8917 142.7858 905.0299 278.1179 1.9437 0.5137 0.6049 3.8833 1.5122 10.6592 2.9922 0.0001
Car 0.0000 0 0.3693 1097.0999 177.3018 1242.0000 253.8341 1.4405 1.5428 4.4602 13.6909 1.5548 16.1713 1.0624 0.0001
Pedestrian 0.0000 0 0.5123 831.1135 126.7539 880.5305 266.1106 2.1204 0.4954 0.5683 3.8144 1.4193 11.3528 0.8278 0.0001
Pedestrian 0.0000 0 1.2925 878.6730 157.6029 924.4109 283.4820 1.8072 0.4758 0.5927 4.2501 1.5886 10.6727 1.6610 0.0001
Pedestrian 0.0000 0 0.4825 781.3610 128.5959 827.5315 263.2983 2.0638 0.4743 0.5500 3.0231 1.3861 11.4124 0.7342 0.0001
Car 0.0000 0 1.0401 1123.3448 173.1505 1242.0000 257.8434 1.5183 1.8868 4.2215 12.9324 1.5259 15.1853 1.7356 0.0001
Car 0.0000 0 -1.8108 949.2487 178.4512 1064.1608 240.4360 1.2662 1.5393 3.4318 9.1086 1.4122 16.9225 -1.3248 0.0001
Car 0.0000 0 -1.6796 938.3661 172.1791 1036.0266 236.2792 1.3237 1.5836 3.6164 8.6365 1.3101 16.8679 -1.2139 0.0001
Car 0.0000 0 -1.8365 960.0723 175.8986 1097.0353 239.1825 1.2881 1.7688 3.8773 9.6027 1.3690 16.9791 -1.3297 0.0001
Pedestrian 0.0000 0 1.4137 793.8301 132.6653 831.6465 263.7972 1.9576 0.4776 0.5122 3.0447 1.3580 11.0482 1.6750 0.0001
Car 0.0000 0 0.4721 1090.4917 177.9842 1242.0000 249.4650 1.3988 1.5177 4.0828 13.5705 1.5326 16.6017 1.1482 0.0001
Pedestrian 0.0000 0 1.5106 819.4939 136.7970 855.0145 269.8385 1.9692 0.4736 0.6160 3.4134 1.4359 11.0313 1.8023 0.0001
Car 0.0000 0 -1.7680 937.4829 176.4192 1054.1150 244.7348 1.3378 1.5351 3.9496 8.5801 1.4299 16.4561 -1.2952 0.0001
Cyclist 0.0000 0 -1.8232 837.9240 140.0173 908.6140 286.6436 1.9836 0.4644 2.0407 3.8354 1.5397 10.7940 -1.4913 0.0001
Pedestrian 0.0000 0 1.5921 854.4359 138.3048 891.9683 278.1418 1.9836 0.5044 0.6266 3.8193 1.4939 10.6140 1.9277 0.0001
Pedestrian 0.0000 0 -2.7477 867.0853 151.7136 928.4919 285.5072 1.9045 0.5131 0.7060 4.2120 1.6039 10.6972 -2.3830 0.0001
Car 0.0000 0 1.7203 1125.1016 170.8397 1242.0000 249.7932 1.4662 1.7233 4.0693 12.4912 1.4292 15.4139 2.3917 0.0001
Pedestrian 0.0000 0 1.0140 839.7221 152.6349 889.7859 271.0073 1.7529 0.4635 0.6141 3.8352 1.4539 11.0343 1.3394 0.0001
Pedestrian 0.0000 0 0.7479 747.1722 114.8682 796.2876 250.4786 2.1575 0.5277 0.5858 2.6052 1.2353 11.8680 0.9580 0.0001
Pedestrian 0.0000 0 0.8177 843.6996 110.2228 898.2636 259.7977 2.3690 0.6238 0.5629 4.2149 1.3774 11.8093 1.1519 0.0001
Car 0.0000 0 -1.8752 970.2739 178.7337 1121.3774 249.0174 1.3563 1.7471 4.0396 9.6580 1.5083 16.4438 -1.3525 0.0001
Pedestrian 0.0000 0 1.0565 728.6000 131.2094 768.8941 249.5150 1.8980 0.4575 0.5112 2.2295 1.2302 11.8894 1.2366 0.0001
Pedestrian 0.0000 0 -2.9421 788.4207 133.0296 830.8442 266.4090 1.9853 0.4582 0.5514 3.0114 1.3929 11.0645 -2.6839 0.0001
Car 0.0000 0 -1.6215 964.7218 177.3416 1054.8341 240.5217 1.2649 1.5840 3.7224 9.1071 1.3821 16.7516 -1.1314 0.0001
Pedestrian 0.0000 0 -2.5043 834.6736 146.8428 892.7163 274.2874 1.8756 0.4868 0.6815 3.8221 1.4931 11.0348 -2.1800 0.0001
Car 0.0000 0 -1.7116 955.7460 178.0054 1064.3356 246.1994 1.3444 1.5797 4.0539 9.0613 1.4797 16.7254 -1.2230 0.0001