Car 0.0000 0 -0.7872 1176.2599 168.3066 1224.0000 220.8869 1.5656 1.7921 4.1797 20.5508 1.2041 22.0307 -0.0422 0.9144
Car 0.0000 0 -0.7783 1175.3468 167.3514 1224.0000 220.6981 1.5909 1.7875 4.2557 20.5753 1.2003 22.0439 -0.0330 0.9072
Car 0.0000 0 -0.7669 1176.8031 169.8409 1224.0000 219.8762 1.4943 1.7299 4.0466 20.4881 1.1776 22.0235 -0.0233 0.9026
Car 0.0000 0 1.6279 521.2729 163.3047 561.6737 198.2924 1.4747 1.5924 3.4721 -2.8048 0.7514 31.5551 1.5420 0.8949
Car 0.0000 0 1.5880 522.1981 162.9991 559.1790 198.3039 1.4873 1.5548 3.5470 -2.8589 0.7515 31.6055 1.5006 0.8922
Car 0.0000 0 -3.8038 1178.0558 158.1065 1224.0000 219.7360 1.8053 1.7755 4.6701 20.7838 1.1509 21.8084 -3.0482 0.8915
Car 0.0000 0 1.5952 522.3362 163.0238 559.7936 198.4321 1.4911 1.5727 3.4753 -2.8259 0.7566 31.5536 1.5087 0.8874
Car 0.0000 0 -0.7443 1174.1648 166.9013 1224.0000 220.3391 1.5973 1.7565 4.3058 20.5520 1.1924 22.0100 0.0012 0.8870
Car 0.0000 0 1.5797 522.5231 162.4878 559.4841 198.2910 1.5094 1.5553 3.5885 -2.8643 0.7515 31.6534 1.4923 0.8791
Car 0.0000 0 1.5879 542.0347 165.9118 571.5865 192.0655 1.4000 1.5802 4.3129 -2.6953 0.6205 40.0342 1.5231 0.8753
Car 0.0000 0 -0.7898 1175.8440 167.4143 1224.0000 220.8210 1.5899 1.7843 4.3041 20.5912 1.2019 22.0291 -0.0437 0.8677
Car 0.0000 0 -0.8149 1176.1337 168.8448 1224.0000 220.2030 1.5299 1.7419 4.1441 20.5157 1.1843 22.0751 -0.0718 0.8677
Car 0.0000 0 -0.7517 1175.7567 166.6665 1224.0000 220.7787 1.6156 1.7451 4.2501 20.5491 1.2042 21.9903 -0.0059 0.8657
Car 0.0000 0 1.5779 522.8982 162.6511 559.4367 198.7131 1.5211 1.5384 3.4748 -2.8574 0.7697 31.6127 1.4906 0.8612
Car 0.0000 0 1.5970 522.0629 162.1448 558.5839 198.5068 1.5336 1.5262 3.6684 -2.8703 0.7609 31.6924 1.5095 0.8583
Car 0.0000 0 -0.7981 1176.2305 169.6315 1224.0000 219.2960 1.4823 1.6923 4.0301 20.4429 1.1595 22.0562 -0.0563 0.8556
Car 0.0000 0 1.5936 521.7672 162.5538 558.6591 198.3523 1.5083 1.5512 3.5949 -2.8712 0.7537 31.6292 1.5059 0.8535
Car 0.0000 0 -0.7452 1175.6987 165.3984 1224.0000 220.8565 1.6538 1.7498 4.3872 20.6009 1.2050 21.9605 0.0026 0.8534
Car 0.0000 0 1.5607 543.1937 165.6420 571.6213 192.1900 1.4240 1.5239 3.9346 -2.7152 0.6285 39.9400 1.4952 0.8341
Car 0.0000 0 1.5564 542.9330 166.2021 572.2240 192.2458 1.3947 1.5679 4.2486 -2.7230 0.6304 40.0379 1.4909 0.8282
Car 0.0000 0 1.5479 542.6306 165.9874 572.3503 192.0577 1.3968 1.5833 4.1134 -2.7379 0.6206 39.9953 1.4819 0.8180
Car 0.0000 0 1.5640 542.8444 165.6744 571.9064 192.0791 1.4155 1.5569 4.1203 -2.7155 0.6221 40.0102 1.4986 0.8122
Car 0.0000 0 1.6126 521.2859 162.6126 559.7167 198.1710 1.4997 1.5570 3.5252 -2.8546 0.7468 31.6109 1.5254 0.8115
Car 0.0000 0 1.5598 542.9307 165.7610 572.0319 192.0095 1.4069 1.5589 4.1184 -2.7181 0.6183 40.0038 1.4943 0.8068
Car 0.0000 0 1.5781 542.5079 165.8709 571.8985 192.1675 1.4099 1.5743 4.0459 -2.6923 0.6270 39.9690 1.5132 0.7863
Car 0.0000 0 1.6199 521.4383 163.2780 561.6132 198.2874 1.4778 1.6077 3.6596 -2.8126 0.7523 31.6984 1.5342 0.7828
Car 0.0000 0 1.5562 522.2706 161.5915 559.7573 198.8508 1.5698 1.5776 3.7178 -2.9146 0.7746 31.7140 1.4673 0.7817
Car 0.0000 0 1.5763 522.6729 162.4054 560.0739 199.1307 1.5532 1.5790 3.6061 -2.8635 0.7894 31.7595 1.4892 0.7794
Pedestrian 0.0000 0 -2.5503 982.2188 154.9034 1038.8031 221.2233 1.8501 0.7198 1.2236 11.6695 1.1376 20.4280 -2.0363 0.7757
Car 0.0000 0 -0.8167 1178.9706 169.1062 1224.0000 219.4393 1.5015 1.6621 4.0198 20.5023 1.1632 22.0634 -0.0736 0.7489
Car 0.0000 0 1.5532 542.8525 165.9163 572.9087 192.2852 1.4131 1.6104 4.2667 -2.7158 0.6330 40.0783 1.4880 0.7402
Pedestrian 0.0000 0 -2.2608 983.8198 155.8603 1038.5834 220.6661 1.8092 0.7166 1.2797 11.6823 1.1229 20.4270 -1.7463 0.7234
Pedestrian 0.0000 0 -2.6116 981.2847 155.7625 1036.8894 221.2210 1.8265 0.7019 1.2042 11.6259 1.1378 20.4204 -2.0990 0.7031
Car 0.0000 0 1.6442 522.5098 163.0958 563.9676 198.7382 1.5051 1.5799 3.6306 -2.7331 0.7716 31.6745 1.5609 0.6967
Car 0.0000 0 1.5632 544.1193 166.0424 572.5115 192.2048 1.4030 1.5216 4.1399 -2.6652 0.6291 40.0297 1.4992 0.6944
Car 0.0000 0 1.6021 520.4564 163.1022 558.3116 198.5155 1.4936 1.5674 3.6122 -2.9089 0.7613 31.6646 1.5133 0.6869
Car 0.0000 0 1.5497 544.3616 166.3716 572.5066 192.0808 1.3762 1.5006 4.1032 -2.6794 0.6213 39.9511 1.4851 0.6847
Pedestrian 0.0000 0 -2.1862 985.7148 154.3678 1035.5137 221.8459 1.8792 0.6318 1.2492 11.6159 1.1530 20.3388 -1.6724 0.6834
Car 0.0000 0 -0.7608 1175.0034 168.0004 1224.0000 219.1096 1.5305 1.7237 4.0303 20.4587 1.1577 22.0676 -0.0188 0.6811
Car 0.0000 0 1.5544 521.7455 161.6758 558.8126 198.3330 1.5458 1.5613 3.6426 -2.9495 0.7535 31.7038 1.4644 0.6796
Car 0.0000 0 -0.7783 1174.7380 168.8958 1224.0000 219.0026 1.4990 1.7262 3.9710 20.4197 1.1534 22.0838 -0.0376 0.6795
Car 0.0000 0 -3.7689 1170.9344 162.1541 1224.0000 220.9509 1.7190 1.8435 4.7636 20.7029 1.1842 21.8779 -3.0167 0.6783
Car 0.0000 0 1.5427 521.8664 162.6303 559.2501 198.4029 1.5057 1.5622 4.0202 -2.9721 0.7550 31.8427 1.4525 0.6742
Car 0.0000 0 1.5679 543.7489 166.3896 572.5942 192.3991 1.3937 1.5445 4.2103 -2.6635 0.6390 40.0333 1.5039 0.6702
Pedestrian 0.0000 0 -2.0205 989.1181 154.2317 1035.6289 221.5628 1.8752 0.6763 1.2486 11.6620 1.1452 20.3319 -1.5048 0.6697
Car 0.0000 0 1.6130 543.1111 166.3204 573.6614 192.4171 1.4008 1.5449 4.1433 -2.6031 0.6411 40.0349 1.5505 0.6665
Car 0.0000 0 -3.7993 1171.8665 159.5560 1224.0000 220.5517 1.7889 1.7695 4.8157 20.6858 1.1762 21.8404 -3.0467 0.6635
Car 0.0000 0 1.5235 541.2034 165.9964 573.4838 192.4084 1.4136 1.6257 4.1915 -2.7510 0.6387 40.0107 1.4573 0.6575
Car 0.0000 0 1.5836 544.3391 165.9056 572.5540 192.4513 1.4245 1.5126 4.1356 -2.6144 0.6427 40.0397 1.5208 0.6514
Car 0.0000 0 -0.8039 1173.5502 169.5697 1224.0000 218.3064 1.4571 1.7273 3.9818 20.3956 1.1318 22.1240 -0.0647 0.6497
Car 0.0000 0 1.6719 521.6837 162.9711 566.1578 198.5724 1.5012 1.6106 3.7058 -2.6985 0.7636 31.6777 1.5896 0.6437
Car 0.0000 0 1.5495 520.4160 161.2341 558.0250 198.5096 1.5732 1.5857 3.6639 -3.0102 0.7616 31.7451 1.4578 0.6327
Pedestrian 0.0000 0 -2.5965 983.0967 154.4877 1035.6152 222.1250 1.8862 0.6586 1.1359 11.6053 1.1624 20.3689 -2.0837 0.6313
Pedestrian 0.0000 0 -2.2960 982.2365 156.2071 1036.9467 220.8149 1.8027 0.6887 1.2843 11.6345 1.1265 20.4239 -1.7832 0.6234
Car 0.0000 0 1.5550 541.8134 165.0791 572.3843 193.1550 1.5010 1.6339 4.0678 -2.7419 0.6780 39.8888 1.4887 0.6219
Car 0.0000 0 -0.6904 1174.6808 164.3828 1224.0000 220.8122 1.6681 1.8150 4.5866 20.7282 1.1932 21.9415 0.0609 0.6108
Car 0.0000 0 1.5880 544.7129 165.7243 572.8993 192.4978 1.4366 1.5109 3.8125 -2.5769 0.6452 39.8714 1.5259 0.6054
Car 0.0000 0 -0.8346 1179.1007 168.4155 1224.0000 218.8381 1.5044 1.6217 3.8510 20.4021 1.1454 22.0791 -0.0943 0.6006
Car 0.0000 0 -0.7055 1175.9464 164.4984 1224.0000 220.5303 1.6608 1.7978 4.5798 20.7592 1.1881 21.9557 0.0462 0.5926
Car 0.0000 0 1.4172 536.5288 166.6752 575.4898 192.3629 1.3741 1.5863 4.1225 -2.8312 0.6360 40.0034 1.3490 0.5701
Car 0.0000 0 -0.7063 1177.2146 165.3059 1224.0000 220.5804 1.6397 1.7365 4.5654 20.7570 1.1905 21.9407 0.0457 0.5621
Car 0.0000 0 1.5584 520.7910 162.1875 558.5532 198.7384 1.5372 1.5861 3.6482 -2.9620 0.7685 31.6277 1.4679 0.5611
Car 0.0000 0 -3.7255 1172.7644 161.6746 1224.0000 220.8058 1.7239 1.7668 4.7574 20.7609 1.1766 21.8806 -2.9720 0.5386
Car 0.0000 0 1.6403 521.0341 162.7634 563.9371 198.4681 1.5075 1.6400 4.0341 -2.7763 0.7601 31.8759 1.5562 0.5380
Car 0.0000 0 1.5222 518.1505 160.6951 558.8531 198.3431 1.5876 1.6381 3.8175 -3.0630 0.7539 31.8165 1.4291 0.5279
Car 0.0000 0 1.6786 522.5693 163.0083 566.5308 199.1826 1.5285 1.5749 3.6231 -2.6744 0.7909 31.7014 1.5972 0.5111
Car 0.0000 0 1.6645 520.5873 164.3714 562.6987 199.3363 1.4672 1.5515 3.2621 -2.7768 0.7919 31.3024 1.5788 0.5058
Car 0.0000 0 1.6883 521.9080 162.7439 568.3676 198.6792 1.5153 1.6479 3.6499 -2.6416 0.7680 31.6633 1.6078 0.4850
Pedestrian 0.0000 0 -0.4336 985.3081 154.3572 1037.2736 220.9837 1.8809 0.6549 1.1228 11.6356 1.1444 20.3269 0.0813 0.4692
Car 0.0000 0 -3.7025 1178.3795 164.1090 1224.0000 220.9770 1.6495 1.7300 4.6397 20.8160 1.1757 21.8031 -2.9460 0.4592
Car 0.0000 0 1.6333 544.1779 167.0860 575.7580 192.4959 1.3688 1.5317 4.0194 -2.5174 0.6476 40.0942 1.5730 0.4337
Car 0.0000 0 1.4795 538.0502 165.6705 573.5355 192.6803 1.4439 1.6410 3.9732 -2.8307 0.6525 39.8840 1.4111 0.4324
Car 0.0000 0 1.7088 522.7444 162.4117 569.2619 199.1055 1.5496 1.5720 3.7618 -2.6109 0.7872 31.7776 1.6295 0.4152
Car 0.0000 0 1.6399 543.3851 164.9119 575.5740 192.7658 1.4911 1.5444 3.7201 -2.5237 0.6580 39.7117 1.5788 0.4149
Car 0.0000 0 -0.6862 1180.5492 167.3081 1224.0000 220.6422 1.5748 1.6372 4.1783 20.5415 1.1868 21.8209 0.0633 0.4068
Pedestrian 0.0000 0 -0.8322 0.0000 0.0000 1224.0000 370.0000 1.8670 0.6514 0.6309 -6.6838 1.6854 -0.2555 -2.3913 0.3841
Pedestrian 0.0000 0 -2.0604 990.4743 153.6743 1034.2812 223.3957 1.9234 0.5634 1.2249 11.5415 1.1849 20.1195 -1.5447 0.3825
Car 0.0000 0 -1.6706 542.6071 166.0700 576.5533 191.9741 1.3954 1.5408 3.9119 -2.6303 0.6195 40.1368 -1.7336 0.3816
Car 0.0000 0 1.5831 519.6359 164.1659 556.7427 199.3773 1.4673 1.5429 3.3931 -2.9440 0.7881 31.2099 1.4919 0.3713
Car 0.0000 0 1.6199 544.2256 164.8689 575.1321 192.8991 1.4960 1.5454 3.5525 -2.5034 0.6632 39.5163 1.5590 0.3692
Pedestrian 0.0000 0 -0.7772 0.0000 0.0000 1224.0000 370.0000 1.8690 0.6564 0.6158 -6.6759 1.6826 -0.2498 -2.3354 0.3633
Car 0.0000 0 1.5197 539.7216 164.1305 572.8822 193.3832 1.5541 1.6616 3.6808 -2.7695 0.6858 39.4836 1.4521 0.3550
Car 0.0000 0 -1.8658 533.1980 166.2328 579.8062 192.0556 1.3896 1.5580 3.9566 -2.8157 0.6232 40.1686 -1.9333 0.3489
Pedestrian 0.0000 0 2.3255 0.0000 0.0000 1224.0000 370.0000 1.7916 0.5824 0.6610 -6.3656 1.6946 -0.3141 0.7578 0.3458
Car 0.0000 0 1.3071 528.7006 165.7253 575.8105 192.2646 1.4200 1.6479 4.0972 -3.0503 0.6309 40.0307 1.2335 0.2931
Car 0.0000 0 1.6862 544.4056 166.2117 579.7689 192.4390 1.4070 1.5308 4.0717 -2.3870 0.6419 40.0028 1.6289 0.2929
Car 0.0000 0 1.3496 530.2335 165.0969 574.3729 192.5342 1.4667 1.6431 4.0290 -3.0397 0.6447 39.9574 1.2762 0.2786
Car 0.0000 0 1.4298 535.7557 164.7917 574.4378 193.2054 1.5110 1.6426 3.8164 -2.8530 0.6771 39.6336 1.3604 0.2776
Car 0.0000 0 -3.5773 1188.2781 165.3898 1224.0000 220.4741 1.5977 1.7357 4.3282 21.1569 1.1610 22.0141 -2.8174 0.2691
Car 0.0000 0 -3.7266 1175.5732 161.9932 1224.0000 219.1452 1.6875 1.7806 4.5443 20.9363 1.1426 22.1276 -2.9744 0.2634
Cyclist 0.0000 0 -1.9595 987.3065 155.4797 1037.6842 223.0434 1.8549 0.6077 1.7957 11.6556 1.1696 20.3353 -1.4441 0.2627
Car 0.0000 0 1.2923 0.0000 0.0000 1224.0000 370.0000 1.5297 1.6593 3.5285 -29.1181 1.5288 0.7660 -0.2395 0.2575
Car 0.0000 0 -3.3941 1201.5939 165.8325 1224.0000 220.8933 1.5898 1.6907 4.1264 21.5305 1.1678 22.1586 -2.6286 0.2569
Cyclist 0.0000 0 -1.9849 988.2802 153.5910 1039.6527 224.8173 1.9321 0.5572 1.8452 11.5724 1.2038 20.1210 -1.4681 0.2553
Car 0.0000 0 2.1178 0.0000 0.0000 1224.0000 370.0000 1.6143 1.6410 4.2065 0.3094 1.7160 1.0989 2.3332 0.2534
Car 0.0000 0 -2.3957 0.0000 0.0000 1052.6501 370.0000 1.4914 1.5684 3.5142 1.3871 1.6749 1.3229 -1.6940 0.2528
Car 0.0000 0 2.2456 0.0000 0.0000 1224.0000 370.0000 1.5664 1.6125 4.1602 0.4375 1.7046 1.3153 2.5078 0.2491
Pedestrian 0.0000 0 -0.6401 0.0000 0.0000 1224.0000 370.0000 1.8027 0.5727 0.6326 -6.3542 1.6905 -0.3091 -2.2071 0.2465
Car 0.0000 0 -3.6596 1209.8866 166.5317 1224.0000 220.6003 1.5586 1.6583 4.1078 21.4452 1.1575 21.6986 -2.8859 0.2446
Pedestrian 0.0000 0 -3.5616 988.4979 153.9043 1037.7018 222.9374 1.9242 0.6150 1.0480 11.5344 1.1845 20.0599 -3.0449 0.2376
Car 0.0000 0 -3.6943 1183.2727 162.7305 1224.0000 220.5722 1.6877 1.7509 4.5770 21.0719 1.1708 21.9511 -2.9350 0.2355
Car 0.0000 0 1.7179 544.0291 166.5690 580.4029 192.5250 1.3916 1.4795 3.9593 -2.3767 0.6461 39.9410 1.6608 0.2292
Car 0.0000 0 2.2516 0.0000 0.0000 1224.0000 370.0000 1.5891 1.6434 4.2186 0.2672 1.7154 1.1684 2.4302 0.2145
Car 0.0000 0 -0.5394 1188.3228 165.0336 1224.0000 221.7935 1.6176 1.6789 4.4267 20.7244 1.1784 21.4531 0.2228 0.2144
Car 0.0000 0 1.7204 544.0692 166.1961 581.6594 192.5161 1.4124 1.5297 4.0532 -2.3423 0.6462 40.0261 1.6643 0.2127
Car 0.0000 0 2.1919 0.0000 0.0000 1224.0000 370.0000 1.6467 1.6582 4.3100 0.2359 1.7244 1.0922 2.3583 0.2093
Car 0.0000 0 -3.6361 1194.2556 166.1134 1224.0000 222.3419 1.5976 1.7039 4.2773 20.8659 1.1904 21.4768 -2.8710 0.2018
Car 0.0000 0 1.7444 516.7319 165.4675 564.8402 200.0610 1.4302 1.5634 3.1560 -2.7729 0.8102 30.8662 1.6576 0.1999
Car 0.0000 0 1.3345 0.0000 0.0000 1224.0000 370.0000 1.6045 1.6702 3.7311 -29.0950 1.5240 0.8866 -0.1931 0.1990
Car 0.0000 0 1.7658 543.8381 166.1518 582.7427 192.6375 1.4188 1.4791 3.7723 -2.3107 0.6516 39.8414 1.7102 0.1918
Car 0.0000 0 1.4009 532.3792 165.6922 572.3475 192.8307 1.4475 1.6010 3.9371 -3.0214 0.6591 39.8102 1.3276 0.1809
Pedestrian 0.0000 0 -2.2382 985.0911 155.0976 1031.7042 221.3391 1.8847 0.6783 1.0471 11.7535 1.1635 20.6816 -1.7264 0.1764
Car 0.0000 0 -1.5547 583.5794 164.1774 602.0193 181.3642 1.6370 1.7408 3.5326 -1.1403 0.0834 69.1090 -1.5693 0.1764
Car 0.0000 0 -1.5620 583.6199 164.2935 601.5888 181.6590 1.6505 1.7078 3.1352 -1.1609 0.1113 68.7685 -1.5769 0.1710
Car 0.0000 0 1.2287 526.1678 165.8723 578.2205 192.1669 1.4128 1.6408 4.1946 -3.0718 0.6283 40.2340 1.1550 0.1640
Pedestrian 0.0000 0 -0.7067 0.0000 0.0000 1224.0000 370.0000 1.7486 0.5651 0.6328 -6.6952 1.6728 -0.0367 -2.2331 0.1588
Car 0.0000 0 -3.4628 1171.0168 163.1076 1224.0000 221.1034 1.6790 1.7886 4.8318 21.0960 1.1771 22.2870 -2.7104 0.1546
Pedestrian 0.0000 0 -2.3822 984.5471 155.8414 1030.4657 221.4092 1.8692 0.6523 0.9907 11.7531 1.1678 20.7210 -1.8711 0.1532
Car 0.0000 0 -3.6455 1197.7677 166.7708 1224.0000 222.6120 1.5852 1.7066 4.2326 20.9229 1.1970 21.4413 -2.8782 0.1525
Pedestrian 0.0000 0 -0.6814 0.0000 0.0000 1224.0000 370.0000 1.7451 0.5720 0.6545 -6.6954 1.6747 -0.0272 -2.2063 0.1507
Car 0.0000 0 1.3610 529.9655 165.4807 572.5414 192.8049 1.4553 1.6070 3.9131 -3.0810 0.6568 39.7563 1.2861 0.1493
Car 0.0000 0 1.2864 0.0000 0.0000 1224.0000 370.0000 1.5319 1.6319 3.5681 -29.4652 1.5915 0.7569 -0.2461 0.1416
Car 0.0000 0 -1.6298 581.2509 165.1953 600.0478 181.9582 1.5977 1.6244 3.8082 -1.4024 0.1401 69.3472 -1.6481 0.1401
Pedestrian 0.0000 0 0.9827 418.7233 162.8882 435.2425 199.2720 1.7638 0.5947 0.5250 -8.7447 0.9115 34.6678 0.7396 0.1362
Car 0.0000 0 0.8964 515.7503 165.5748 583.6786 192.5210 1.4482 1.6140 4.1257 -3.1866 0.6475 40.0526 0.8195 0.1342
Car 0.0000 0 -1.7644 0.0000 0.0000 1224.0000 370.0000 1.5127 1.5574 3.7527 0.8810 1.6604 1.0766 -1.2010 0.1329
Pedestrian 0.0000 0 0.8554 419.1043 162.0725 435.4965 198.8438 1.7842 0.5996 0.4997 -8.7342 0.8915 34.6909 0.6128 0.1326
Cyclist 0.0000 0 -1.5612 532.4284 156.2160 544.5914 200.3525 1.8893 0.5136 2.2616 -2.9639 0.8513 31.4088 -1.6524 0.1320
Car 0.0000 0 1.3572 0.0000 0.0000 1224.0000 370.0000 1.5754 1.6814 3.7328 -29.3320 1.5836 0.8388 -0.1724 0.1319
Car 0.0000 0 -1.6879 579.4436 164.9625 600.8551 182.1035 1.6334 1.6858 3.6473 -1.4516 0.1539 69.2942 -1.7070 0.1306
Pedestrian 0.0000 0 2.6054 951.8499 189.0559 1069.9142 352.7531 1.4684 0.5253 0.8067 3.7454 1.5539 6.6455 3.1002 0.1304
Car 0.0000 0 1.3960 0.0000 0.0000 1224.0000 370.0000 1.6878 1.6750 4.0235 -28.9037 1.4913 0.9289 -0.1299 0.1297
Car 0.0000 0 1.8339 542.3786 165.8017 585.2712 192.5351 1.4258 1.5066 3.6113 -2.2681 0.6433 39.6266 1.7791 0.1259
Car 0.0000 0 2.6989 529.8521 166.2335 605.2816 192.4778 1.4227 1.5846 3.9605 -2.1116 0.6507 39.9593 2.6484 0.1167
Car 0.0000 0 -1.6824 579.6712 165.7336 600.4724 181.9683 1.5473 1.6283 3.8170 -1.4616 0.1411 69.3815 -1.7016 0.1163
Car 0.0000 0 0.0353 0.0000 0.0000 1224.0000 370.0000 1.4077 1.4901 3.3359 4.1008 1.6110 0.9535 1.3058 0.1124
Car 0.0000 0 -1.5825 583.5900 164.0456 601.0937 182.1730 1.7274 1.6684 4.2382 -1.2378 0.1606 69.5134 -1.5984 0.1050
Car 0.0000 0 1.8581 631.5396 0.0000 1224.0000 370.0000 1.5681 1.5796 4.0971 0.4967 1.6510 1.0145 2.2154 0.1038
Car 0.0000 0 1.3204 0.0000 0.0000 1224.0000 370.0000 1.5705 1.6829 3.8626 -29.4612 1.6519 0.7863 -0.2112 0.1014
Pedestrian 0.0000 0 0.9091 297.0823 160.9978 322.2545 206.5917 1.8509 0.6104 0.7776 -12.2019 1.0607 29.1564 0.5185 0.1007
Car 0.0000 0 1.2657 526.5267 165.1110 574.4200 192.8013 1.4722 1.6038 3.8229 -3.1177 0.6554 39.6586 1.1897 0.1004
Pedestrian 0.0000 0 1.7831 0.0000 0.0000 1224.0000 370.0000 1.9404 0.6520 0.6073 -6.9323 1.6931 -0.2689 0.2217 0.0986
Car 0.0000 0 2.4008 0.0000 0.0000 1224.0000 370.0000 1.6281 1.7013 4.6130 0.1297 1.7351 1.1101 2.4921 0.0932
Car 0.0000 0 -0.1970 1192.0151 164.0011 1224.0000 220.2343 1.6348 1.7276 4.3553 21.5602 1.1567 22.4429 0.5628 0.0921
Pedestrian 0.0000 0 1.0149 297.6234 160.6583 321.9724 206.0588 1.8442 0.6306 0.7462 -12.2108 1.0397 29.1891 0.6245 0.0921
Pedestrian 0.0000 0 -2.6969 996.3821 155.7869 1044.2032 222.0528 1.8697 0.6889 1.0006 12.0334 1.1740 20.5523 -2.1723 0.0915
Car 0.0000 0 1.8166 563.6373 0.0000 1224.0000 370.0000 1.5719 1.5893 4.0307 0.5422 1.6506 1.0305 2.1992 0.0911
Pedestrian 0.0000 0 1.0024 0.0000 0.0000 1224.0000 370.0000 1.7684 0.5459 0.6308 -6.9584 1.6837 0.0110 -0.5188 0.0905
Car 0.0000 0 -1.0988 817.5771 0.0000 1224.0000 370.0000 1.5994 1.6196 4.0605 0.2922 1.6250 0.9187 -0.8657 0.0891
Car 0.0000 0 -1.5776 584.1469 164.9259 600.9724 182.0910 1.6369 1.6048 3.8477 -1.2020 0.1528 69.3629 -1.5930 0.0879
Car 0.0000 0 1.4269 0.0000 0.0000 1224.0000 370.0000 1.5370 1.6536 3.7705 -28.9032 1.4928 0.7971 -0.1035 0.0873
Car 0.0000 0 2.3315 0.0000 0.0000 1224.0000 370.0000 1.6523 1.6919 4.3719 0.2342 1.7231 1.1848 2.4867 0.0871
Car 0.0000 0 1.3450 0.0000 0.0000 1224.0000 370.0000 1.5804 1.6845 3.7146 -29.5521 1.6208 0.7875 -0.1866 0.0841
Car 0.0000 0 1.7335 545.5184 166.9657 583.5715 192.5567 1.3757 1.5183 3.9975 -2.2504 0.6496 40.0747 1.6798 0.0835
Car 0.0000 0 2.1868 0.0000 0.0000 1224.0000 370.0000 1.6566 1.6528 4.3650 0.2349 1.7239 1.0531 2.3570 0.0832
Car 0.0000 0 -1.5097 585.3730 164.6975 604.2866 181.4362 1.5947 1.6134 3.9201 -0.9424 0.0903 69.3536 -1.5214 0.0813
Car 0.0000 0 -1.5844 584.2856 164.8588 601.7161 182.1397 1.6482 1.6609 3.5977 -1.1677 0.1575 69.2515 -1.5994 0.0796
Car 0.0000 0 -1.5071 585.6087 165.0512 604.7662 181.4711 1.5643 1.6389 3.7028 -0.9071 0.0936 69.2468 -1.5183 0.0795
Pedestrian 0.0000 0 1.5498 955.2790 183.7942 1023.7864 350.7792 1.5147 0.5510 0.7955 3.6837 1.5508 6.9056 2.0228 0.0787
Car 0.0000 0 -1.6055 583.5215 165.6127 601.3477 182.0359 1.5665 1.6202 3.8202 -1.2270 0.1476 69.3853 -1.6213 0.0774
Car 0.0000 0 1.2476 0.0000 0.0000 1224.0000 370.0000 1.6124 1.6946 3.8323 -28.7313 1.6516 1.1114 -0.2717 0.0773
Car 0.0000 0 2.7041 529.3816 166.7792 599.9552 192.6647 1.4000 1.5145 3.6675 -2.2677 0.6593 39.7694 2.6495 0.0763
Car 0.0000 0 -2.2532 518.3695 166.5819 584.0859 193.1711 1.4236 1.6045 3.8771 -3.0767 0.6798 39.8114 -2.3279 0.0743
Car 0.0000 0 2.8562 524.9578 165.9721 602.7785 192.3299 1.4356 1.6323 4.0983 -2.3381 0.6457 39.9612 2.8001 0.0742
Car 0.0000 0 -1.4848 583.2169 164.2540 603.2261 181.6160 1.6314 1.6546 3.1926 -1.0846 0.1060 68.0855 -1.4988 0.0738
Pedestrian 0.0000 0 -0.7597 0.0000 0.0000 1224.0000 370.0000 1.7174 0.6747 0.5975 -28.2877 1.8175 0.0929 -2.3142 0.0726
Car 0.0000 0 1.4155 0.0000 0.0000 1224.0000 370.0000 1.5157 1.6816 3.8237 -29.4904 1.7047 0.9790 -0.1096 0.0709
Car 0.0000 0 -2.2656 517.4822 165.4801 584.2665 192.9002 1.4671 1.6412 3.8855 -3.0941 0.6649 39.7913 -2.3407 0.0699
Pedestrian 0.0000 0 -1.1350 261.5813 167.2645 280.5385 205.4790 1.8073 0.6415 0.5577 -15.9382 1.1828 33.7135 -1.5712 0.0697
Car 0.0000 0 0.7278 514.9020 166.8245 586.0184 192.6767 1.3894 1.5916 3.9322 -3.1090 0.6558 39.8211 0.6524 0.0694
Pedestrian 0.0000 0 -0.4794 0.0000 0.0000 1224.0000 370.0000 1.9451 0.6931 0.6189 -6.9383 1.7008 -0.2929 -2.0442 0.0684
Pedestrian 0.0000 0 -1.5715 262.2572 168.0885 278.7115 206.9773 1.8229 0.7007 0.6583 -15.9056 1.2426 33.5845 -2.0084 0.0683
Car 0.0000 0 -2.7588 1197.2294 160.8518 1224.0000 221.3295 1.6828 1.8471 4.0275 21.1936 1.1377 21.8840 -1.9951 0.0674
Car 0.0000 0 0.0178 503.0696 162.9285 587.6311 198.4718 1.5420 1.6173 3.6707 -2.6625 0.7812 31.5938 -0.0635 0.0668
Pedestrian 0.0000 0 1.2507 0.0000 0.0000 1224.0000 370.0000 1.7347 0.6782 0.5742 -28.2562 1.8260 0.1061 -0.3033 0.0665
Pedestrian 0.0000 0 0.9902 302.6560 160.0843 325.0336 206.0162 1.8781 0.6186 0.6246 -12.1041 1.0448 29.3375 0.6046 0.0661
Car 0.0000 0 2.1396 845.1218 0.0000 1224.0000 370.0000 1.6152 1.6994 4.5410 0.1610 1.7220 0.8194 2.2807 0.0657
Car 0.0000 0 1.5546 538.7703 164.5044 570.8199 192.9254 1.4966 1.6870 3.7250 -2.8184 0.6557 39.1538 1.4852 0.0645
Pedestrian 0.0000 0 -1.6360 685.1296 161.8087 702.2457 200.1556 1.8022 0.7699 0.5580 4.1854 0.9252 33.5261 -1.5111 0.0644
Pedestrian 0.0000 0 -1.5789 685.2398 161.4482 701.4623 199.8730 1.8053 0.7572 0.5644 4.1715 0.9117 33.5387 -1.4545 0.0644
Car 0.0000 0 1.4896 617.4144 168.1510 639.6203 186.2287 1.5398 1.6177 4.2741 2.0630 0.4891 62.3913 1.5243 0.0640
Car 0.0000 0 1.6127 618.1910 168.3686 637.6121 186.1768 1.5174 1.5413 3.9531 2.0638 0.4849 62.2691 1.6474 0.0635
Car 0.0000 0 0.9081 1171.6423 167.8772 1224.0000 220.9199 1.5140 1.6687 3.9351 20.0815 1.1553 22.1956 1.6380 0.0626
Pedestrian 0.0000 0 0.6989 300.6172 160.6974 324.3711 205.9344 1.8410 0.5979 0.6806 -12.0847 1.0366 29.1591 0.3117 0.0625
Pedestrian 0.0000 0 -0.4780 0.0000 0.0000 1224.0000 370.0000 1.7887 0.6847 0.6664 -28.2717 1.5468 0.3161 -2.0246 0.0609
Cyclist 0.0000 0 -1.9594 984.7523 155.8095 1037.4742 222.2478 1.8287 0.6484 1.8673 11.6633 1.1507 20.4228 -1.4455 0.0608
Pedestrian 0.0000 0 1.1114 303.3950 159.0439 325.5480 205.3280 1.8920 0.6432 0.6214 -12.0813 1.0164 29.3439 0.7265 0.0606
Pedestrian 0.0000 0 1.1771 302.3295 160.1376 324.2753 205.4873 1.8429 0.6351 0.6590 -12.0651 1.0169 29.1848 0.7908 0.0605
Car 0.0000 0 4.5437 0.0000 0.0000 1224.0000 370.0000 1.5182 1.6240 3.8433 -30.0109 1.6846 0.6534 3.0071 0.0605
Car 0.0000 0 1.5259 618.8177 168.4758 638.6767 186.3114 1.5210 1.5710 4.0155 2.0852 0.4968 62.3055 1.5609 0.0600
Car 0.0000 0 3.4098 0.0000 0.0000 1224.0000 370.0000 1.5008 1.5446 3.7427 -29.8192 1.7690 0.1451 1.8563 0.0600
Car 0.0000 0 1.2603 0.0000 0.0000 1224.0000 370.0000 1.5370 1.6465 3.9362 -29.5869 1.6087 0.7468 -0.2728 0.0600
Pedestrian 0.0000 0 0.9036 300.0893 159.0058 324.1798 205.1461 1.8852 0.6214 0.7051 -12.1708 1.0085 29.3283 0.5160 0.0599
Car 0.0000 0 1.2722 1182.4669 168.2783 1224.0000 221.5051 1.5427 1.6836 3.7956 20.0878 1.1901 22.5641 1.9941 0.0596
Car 0.0000 0 2.1201 0.0000 0.0000 1224.0000 370.0000 1.6036 1.6154 4.0491 0.3064 1.6667 1.0662 2.3388 0.0593
Cyclist 0.0000 0 -2.0954 980.5693 156.3429 1040.2435 222.1180 1.8138 0.6347 1.8665 11.6437 1.1493 20.4298 -1.5824 0.0585
Pedestrian 0.0000 0 -2.1087 440.5053 157.4585 459.4438 193.2579 1.8867 0.6571 0.8305 -8.2981 0.6738 37.7848 -2.3212 0.0579
Cyclist 0.0000 0 -2.0952 981.4534 155.2825 1039.9957 222.8608 1.8604 0.5965 1.8710 11.6357 1.1678 20.3988 -1.5819 0.0574
Car 0.0000 0 1.4803 614.2468 168.5632 635.9698 186.1654 1.4988 1.5587 3.9795 1.7606 0.4836 62.2313 1.5102 0.0570
Car 0.0000 0 -1.3346 573.4390 0.0000 1224.0000 370.0000 1.5842 1.6407 4.1188 0.5328 1.6242 0.9790 -0.9443 0.0566
Car 0.0000 0 2.1563 0.0000 0.0000 1224.0000 370.0000 1.5737 1.6454 4.2571 0.4781 1.7013 1.0671 2.4888 0.0563
Car 0.0000 0 1.4641 613.6523 168.6462 636.3527 186.3438 1.5061 1.5742 4.0703 1.7502 0.4985 62.2546 1.4939 0.0563
Car 0.0000 0 0.1080 523.2482 167.2978 593.1007 192.7255 1.4000 1.5696 3.7742 -2.6098 0.6745 39.7912 0.0449 0.0562
Car 0.0000 0 -1.4695 584.7015 163.8603 605.8804 181.6964 1.6998 1.6642 4.1635 -0.8950 0.1151 69.5261 -1.4805 0.0562
Car 0.0000 0 -1.6511 193.8831 0.0000 1224.0000 370.0000 1.5377 1.5926 3.9390 0.7728 1.6666 0.9626 -1.1084 0.0561
Car 0.0000 0 1.8924 677.3414 0.0000 1224.0000 370.0000 1.6235 1.6536 4.2937 0.3190 1.6841 0.8033 2.1699 0.0561
Car 0.0000 0 1.3824 611.4385 168.4723 638.5362 186.3674 1.5236 1.6268 4.2355 1.7475 0.5008 62.4141 1.4120 0.0539
Car 0.0000 0 0.4590 0.0000 0.0000 1139.0933 370.0000 1.5379 1.6113 3.6471 1.6235 1.6822 0.8920 1.3887 0.0538
Pedestrian 0.0000 0 -0.5392 265.1686 166.4470 284.7670 204.7733 1.7905 0.7030 0.5607 -15.6353 1.1354 33.4560 -0.9709 0.0537
Cyclist 0.0000 0 1.6064 304.8965 161.6405 318.5489 205.1146 1.7620 0.4621 1.6263 -12.2499 0.9991 29.4940 1.2185 0.0534
Pedestrian 0.0000 0 1.1410 300.6849 158.2536 323.1719 204.4494 1.8855 0.6340 0.6889 -12.1779 0.9790 29.3207 0.7531 0.0532
Pedestrian 0.0000 0 -2.4812 977.2027 97.5588 1224.0000 370.0000 1.8130 0.5735 0.9184 1.4383 1.6753 1.7069 -1.8633 0.0531
Pedestrian 0.0000 0 -2.0335 440.8444 157.3331 459.3446 192.9981 1.8802 0.6815 0.8008 -8.2941 0.6603 37.7948 -2.2458 0.0529
Car 0.0000 0 -2.9334 0.0000 0.0000 1224.0000 370.0000 1.5459 1.5832 3.2013 2.9851 1.6667 1.0986 -1.8055 0.0529
Car 0.0000 0 4.4652 0.0000 0.0000 1224.0000 370.0000 1.5255 1.6431 4.0538 -29.7628 1.6568 0.7166 2.9310 0.0518
Car 0.0000 0 1.3406 0.0000 0.0000 1224.0000 370.0000 1.6213 1.7523 4.3064 -30.1086 1.7003 0.7684 -0.1923 0.0512
Car 0.0000 0 -0.0663 509.7354 163.5277 592.8240 198.4237 1.4921 1.6022 3.5665 -2.4280 0.7679 31.2707 -0.1411 0.0494
Car 0.0000 0 -1.4952 585.5009 165.2570 605.1298 181.4624 1.5457 1.6303 3.9369 -0.8951 0.0929 69.4531 -1.5062 0.0492
Car 0.0000 0 -1.2010 730.9556 0.0000 1224.0000 370.0000 1.6230 1.6552 4.2134 0.2644 1.5624 0.6273 -0.9269 0.0492
Car 0.0000 0 0.2380 0.0000 0.0000 1224.0000 370.0000 1.5805 1.6690 3.8411 -29.2995 1.7596 0.1194 -1.3161 0.0492
Car 0.0000 0 1.8553 542.0571 165.0000 585.9080 192.7951 1.4770 1.5602 3.3313 -2.2486 0.6548 39.3668 1.8006 0.0488
Car 0.0000 0 1.3559 0.0000 0.0000 1224.0000 370.0000 1.5673 1.6805 4.0701 -29.9175 1.7042 0.7411 -0.1777 0.0473
Car 0.0000 0 0.8794 0.0000 0.0000 1222.9095 370.0000 1.5122 1.5812 3.6208 1.2170 1.7096 0.8623 1.6793 0.0471
Car 0.0000 0 -2.3800 516.8115 166.5516 582.8079 192.7827 1.4053 1.5920 3.5785 -3.1263 0.6594 39.6229 -2.4563 0.0463
Car 0.0000 0 0.8261 0.0000 0.0000 1224.0000 370.0000 1.5683 1.6203 3.6967 -29.2301 1.6776 0.2666 -0.7229 0.0462
Car 0.0000 0 0.3090 0.0000 0.0000 1224.0000 370.0000 1.5341 1.6650 3.6918 -29.3497 1.6232 0.3361 -1.2377 0.0458
Car 0.0000 0 4.5067 0.0000 0.0000 1224.0000 370.0000 1.5840 1.7073 4.1192 -30.0798 1.6651 0.6016 2.9682 0.0454
Car 0.0000 0 -1.4109 541.0757 0.0000 1224.0000 370.0000 1.6118 1.6688 4.2981 0.5310 1.5940 0.8867 -0.9952 0.0448
Pedestrian 0.0000 0 -1.9669 439.6779 155.2978 457.2445 192.4977 1.9507 0.6653 0.7753 -8.3342 0.6305 37.5789 -2.1814 0.0446
Car 0.0000 0 2.1309 0.0000 0.0000 1224.0000 370.0000 1.5953 1.6119 3.9549 0.2913 1.6517 1.0003 2.3493 0.0446
Car 0.0000 0 -2.7521 1189.8466 157.7196 1224.0000 219.0696 1.7303 1.8090 4.0489 21.1750 1.0894 22.1538 -1.9949 0.0445
Car 0.0000 0 -2.9681 524.5676 167.0715 587.1074 192.2794 1.3653 1.5043 3.2485 -2.7110 0.6394 39.2123 -3.0347 0.0439
Car 0.0000 0 -3.3477 1178.4471 161.8960 1224.0000 220.2716 1.6902 1.7758 4.6404 21.2826 1.1531 22.4329 -2.5941 0.0437
Car 0.0000 0 4.2835 0.0000 0.0000 1224.0000 370.0000 1.5507 1.5650 3.7033 -29.6448 1.7353 0.4713 2.7411 0.0424
Car 0.0000 0 1.6782 616.9204 168.2049 639.4837 186.0252 1.5149 1.5512 4.0925 2.0935 0.4709 62.2388 1.7134 0.0421
Pedestrian 0.0000 0 -1.8670 419.6748 161.1741 436.7472 199.5321 1.8746 0.6853 0.5645 -8.7600 0.9315 34.9664 -2.1085 0.0417
Car 0.0000 0 1.3319 607.2847 168.6360 635.2556 186.0927 1.4841 1.5745 3.9312 1.4169 0.4767 62.1920 1.3563 0.0416
Car 0.0000 0 -1.1544 0.0000 0.0000 1224.0000 370.0000 1.6331 1.6626 4.2737 0.5715 1.6740 0.7329 -0.6569 0.0416
Car 0.0000 0 0.0147 524.6937 166.5751 599.5894 192.3419 1.4261 1.5940 4.1479 -2.4167 0.6568 40.0136 -0.0433 0.0415
Car 0.0000 0 0.8493 1173.4868 166.2972 1224.0000 221.5022 1.5668 1.7627 4.1410 20.3065 1.1653 22.1462 1.5858 0.0409
Pedestrian 0.0000 0 -0.1132 0.0000 0.0000 1224.0000 370.0000 1.7628 0.7037 0.6359 -28.1132 1.7653 0.0914 -1.6677 0.0405
Pedestrian 0.0000 0 -0.6889 248.8651 158.0890 266.9324 195.0716 2.0174 0.6262 0.6440 -19.1497 0.7963 38.9874 -1.1403 0.0402
Car 0.0000 0 0.8709 0.0000 0.0000 1224.0000 370.0000 1.5469 1.6077 3.6631 -29.3333 1.7360 0.2590 -0.6784 0.0402
Pedestrian 0.0000 0 -0.4579 261.4120 166.8507 279.8939 205.0812 1.8012 0.6481 0.5713 -15.9700 1.1596 33.7324 -0.8947 0.0400
Car 0.0000 0 1.4359 0.0000 0.0000 1224.0000 370.0000 1.5235 1.6799 4.0425 -29.6136 1.7427 1.0002 -0.0887 0.0399
Car 0.0000 0 1.4818 614.2870 168.4037 636.0853 186.0384 1.5004 1.5657 4.0323 1.7664 0.4724 62.2123 1.5118 0.0396
Pedestrian 0.0000 0 -0.3531 266.8019 165.7253 284.1100 204.7148 1.8224 0.6891 0.5401 -15.6231 1.1333 33.4772 -0.7843 0.0394
Car 0.0000 0 -1.4168 585.3259 165.0040 606.2681 181.5584 1.5715 1.6119 2.8487 -0.8456 0.1016 68.6409 -1.4272 0.0391
Pedestrian 0.0000 0 0.9787 419.5954 160.8530 437.5363 199.1345 1.8683 0.6696 0.5465 -8.7329 0.9109 34.9346 0.7377 0.0388
Car 0.0000 0 0.5920 511.5552 166.0238 589.6839 192.0964 1.4119 1.6310 4.2204 -3.1065 0.6294 40.0352 0.5170 0.0381
Car 0.0000 0 0.9508 1174.3083 166.5904 1224.0000 222.4335 1.6080 1.7851 3.9050 20.3193 1.2091 22.3942 1.6821 0.0375
Car 0.0000 0 1.6995 619.0576 168.0657 643.1229 186.0194 1.5249 1.5837 4.2286 2.3514 0.4700 62.2649 1.7388 0.0375
Pedestrian 0.0000 0 1.9520 941.2578 181.6354 1038.3539 349.0554 1.5152 0.5821 0.8157 3.7029 1.5287 6.8875 2.4280 0.0375
Car 0.0000 0 0.2571 492.0249 163.3598 576.8622 198.6378 1.5025 1.5975 3.4279 -3.1002 0.7740 31.1712 0.1609 0.0373
Car 0.0000 0 1.3519 607.1422 168.4380 634.9111 186.1423 1.5036 1.5902 4.1016 1.3941 0.4804 62.2097 1.3759 0.0370
Car 0.0000 0 -2.4316 1183.7844 162.2870 1224.0000 222.3844 1.6674 1.8913 4.4173 20.8003 1.1636 21.9088 -1.6778 0.0369
Car 0.0000 0 -1.8436 160.8580 0.0000 1224.0000 370.0000 1.5915 1.6079 3.9914 0.8490 1.6464 0.7490 -1.1723 0.0363
Pedestrian 0.0000 0 -2.0450 438.9015 155.5253 457.4574 192.8673 1.9562 0.6636 0.8176 -8.3451 0.6493 37.5617 -2.2599 0.0362
Car 0.0000 0 1.7930 617.4172 168.0292 645.0370 185.8024 1.5098 1.5574 4.1133 2.3644 0.4516 62.2452 1.8325 0.0357
Car 0.0000 0 1.6630 619.7575 167.2191 642.5956 185.6707 1.5699 1.6192 4.3147 2.3637 0.4411 62.3969 1.7024 0.0353
Car 0.0000 0 3.2925 0.0000 0.0000 1224.0000 370.0000 1.5089 1.5692 3.6660 -30.1737 1.7804 -0.3049 1.7238 0.0353
Car 0.0000 0 -0.7344 763.3265 0.0000 1224.0000 370.0000 1.6061 1.6670 3.8993 -0.1166 1.6432 0.8003 -0.8358 0.0353
Car 0.0000 0 0.7067 1201.2850 166.1114 1224.0000 224.9403 1.5904 1.7566 4.1865 20.6838 1.2030 21.2792 1.4720 0.0352
Car 0.0000 0 2.4613 0.0000 0.0000 1224.0000 370.0000 1.6399 1.6273 4.4216 0.0594 1.7573 1.1217 2.5033 0.0352
Car 0.0000 0 -1.9194 170.5487 0.0000 1224.0000 370.0000 1.5719 1.6348 4.1038 0.8725 1.5910 0.6679 -1.1957 0.0351
Pedestrian 0.0000 0 0.8968 0.0000 0.0000 1224.0000 370.0000 1.7436 0.6965 0.6059 -28.1583 1.7293 0.0574 -0.6588 0.0342
Car 0.0000 0 -2.7365 1187.6980 157.7421 1224.0000 219.1946 1.7389 1.8059 4.1599 21.2598 1.0965 22.2693 -1.9798 0.0333
Car 0.0000 0 -2.3378 0.0000 0.0000 1224.0000 370.0000 1.5270 1.5735 3.7172 1.3273 1.6526 0.3542 -1.2375 0.0328
Car 0.0000 0 -0.1396 522.8101 166.6834 598.5411 192.5856 1.4210 1.6080 4.0910 -2.5355 0.6644 39.9795 -0.2006 0.0324
Pedestrian 0.0000 0 0.3318 0.0000 0.0000 1224.0000 370.0000 1.6914 0.4837 0.6354 3.7947 1.6132 0.2502 1.7541 0.0319
Pedestrian 0.0000 0 -0.2833 249.3713 158.0564 266.2038 194.8546 2.0048 0.6218 0.6887 -19.1531 0.7835 38.9777 -0.7349 0.0317
Car 0.0000 0 0.6535 1204.0526 164.4905 1224.0000 224.9212 1.6220 1.8062 4.2923 20.8535 1.1939 21.2279 1.4241 0.0314
Car 0.0000 0 -2.4616 512.1503 166.0933 581.4570 192.6193 1.4179 1.5828 3.6821 -3.2781 0.6492 39.4805 -2.5419 0.0313
Pedestrian 0.0000 0 3.0696 0.0000 0.0000 1224.0000 370.0000 1.7579 0.6879 0.6798 -28.0679 1.5007 0.2625 1.5213 0.0312
Car 0.0000 0 0.6661 1171.9365 164.0615 1224.0000 222.8493 1.6561 1.8061 4.2145 20.5100 1.1946 22.1396 1.4077 0.0311
Car 0.0000 0 0.2659 0.0000 0.0000 1224.0000 370.0000 1.5887 1.6694 3.7982 -29.6506 1.6449 0.9449 -1.2606 0.0310
Car 0.0000 0 0.7044 1170.8141 164.8635 1224.0000 222.3892 1.6455 1.8175 4.0134 20.5001 1.1998 22.3265 1.4417 0.0308
Pedestrian 0.0000 0 1.2865 260.5010 167.1116 280.9443 206.6013 1.8495 0.7233 0.6639 -15.9034 1.2239 33.5973 0.8498 0.0308
Car 0.0000 0 -3.6051 0.0000 0.0000 1224.0000 370.0000 1.5402 1.6448 3.9035 1.5238 1.7214 1.0678 -2.7727 0.0299
Car 0.0000 0 2.4131 0.0000 0.0000 1224.0000 370.0000 1.6305 1.6826 4.4077 0.1051 1.7568 1.1799 2.4838 0.0299
Cyclist 0.0000 0 0.0850 580.6985 162.8382 601.7680 182.1796 1.8414 0.6998 1.9651 -1.2870 0.1610 67.7253 0.0679 0.0298
Car 0.0000 0 -2.4894 1211.9111 161.8812 1224.0000 218.9968 1.6427 1.6966 4.0090 21.9663 1.1088 22.4387 -1.7202 0.0298
Car 0.0000 0 4.5809 0.0000 0.0000 1224.0000 370.0000 1.5191 1.6786 4.2346 -29.8896 1.7501 0.9396 3.0539 0.0293
Cyclist 0.0000 0 -2.0737 1118.6257 77.7614 1224.0000 370.0000 1.7444 0.5283 1.8038 1.3860 1.7297 1.0483 -1.2817 0.0292
Car 0.0000 0 -3.7536 0.0000 0.0000 1224.0000 370.0000 1.5750 1.6218 3.5637 2.1230 1.6542 0.9905 -2.7354 0.0290
Car 0.0000 0 0.1232 0.0000 0.0000 1224.0000 370.0000 1.5238 1.6737 3.5359 -28.9586 1.5545 0.2925 -1.4247 0.0289
Car 0.0000 0 1.1124 649.2749 162.4502 693.7688 185.7359 1.6646 1.7142 3.9828 4.9182 0.3756 52.7047 1.2067 0.0288
Car 0.0000 0 4.2524 0.0000 0.0000 1224.0000 370.0000 1.5498 1.6044 4.1284 -29.9098 1.8138 0.4436 2.7088 0.0262
Cyclist 0.0000 0 -1.4723 528.8332 160.2606 544.8564 201.0693 1.7283 0.4913 2.1133 -2.9967 0.8726 30.9974 -1.5658 0.0262
Car 0.0000 0 0.6654 513.7190 166.2344 582.1795 193.0832 1.4296 1.5957 3.5705 -3.1962 0.6714 39.2952 0.5868 0.0260
Car 0.0000 0 -2.5102 1181.1976 161.8728 1224.0000 222.0684 1.6890 1.9060 4.1692 20.8029 1.1679 22.0606 -1.7597 0.0259
Car 0.0000 0 -2.7055 1212.8712 164.3190 1224.0000 220.2760 1.5962 1.6619 3.7315 21.7492 1.1362 22.2036 -1.9361 0.0259
Car 0.0000 0 -4.0942 0.0000 0.0000 1224.0000 370.0000 1.5713 1.6849 3.4990 2.7661 1.5953 1.0205 -2.9740 0.0254
Cyclist 0.0000 0 -2.4614 1100.0231 6.9591 1224.0000 370.0000 1.7815 0.5235 1.6865 1.7185 1.6837 1.2586 -1.6332 0.0253
Car 0.0000 0 -0.6063 512.7342 160.6413 612.7683 199.1648 1.6201 1.6844 4.2806 -1.8682 0.7864 31.7109 -0.6627 0.0252
Car 0.0000 0 2.9716 511.8322 163.9074 590.2067 198.4389 1.4495 1.4921 3.1974 -2.3899 0.7545 30.7865 2.8968 0.0250
Cyclist 0.0000 0 -0.8824 747.0521 180.1343 1224.0000 370.0000 1.7043 0.6486 1.8901 1.2207 1.7057 1.3211 -0.2423 0.0248
Car 0.0000 0 -2.2107 180.5075 0.0000 1224.0000 370.0000 1.5884 1.6189 3.9629 1.0731 1.6328 0.3025 -1.1663 0.0240
Car 0.0000 0 4.4533 0.0000 0.0000 1224.0000 370.0000 1.5252 1.5879 3.8366 -30.0538 1.8267 0.4606 2.9102 0.0237
Car 0.0000 0 -4.1468 0.0000 0.0000 1224.0000 370.0000 1.5885 1.6694 3.4002 2.6652 1.6255 0.9680 -3.0256 0.0233
Pedestrian 0.0000 0 0.5251 0.0000 0.0000 1224.0000 370.0000 1.8100 0.5985 0.6157 -5.8676 1.7337 -0.2647 -1.0341 0.0230
Car 0.0000 0 0.3429 0.0000 0.0000 1224.0000 370.0000 1.5609 1.6604 3.9757 -29.2411 1.7482 0.0354 -1.2140 0.0227
Car 0.0000 0 -1.9117 406.7544 0.0000 1224.0000 370.0000 1.6240 1.6307 4.1753 0.7977 1.5954 0.3576 -1.0456 0.0225
Pedestrian 0.0000 0 4.0238 0.0000 0.0000 1224.0000 370.0000 1.7750 0.6668 0.6060 -28.1243 1.4775 0.2807 2.4761 0.0221
Car 0.0000 0 1.0388 449.3521 169.0881 493.8249 189.6590 1.5639 1.6321 4.0362 -10.5502 0.6976 55.8078 0.8548 0.0221
Car 0.0000 0 0.0845 0.0000 0.0000 1224.0000 370.0000 1.5487 1.6261 3.5622 -28.9216 1.7150 0.1172 -1.4694 0.0220
Car 0.0000 0 1.1303 518.0623 164.7991 574.9936 192.7711 1.4841 1.7009 3.8440 -3.3341 0.6525 39.5977 1.0488 0.0219
Cyclist 0.0000 0 4.5542 0.0000 0.0000 1224.0000 370.0000 1.8700 0.6668 1.6820 -28.6211 1.6650 0.0405 2.9977 0.0217
Car 0.0000 0 1.1373 519.8699 163.4847 576.5714 191.8172 1.5145 1.6969 3.9304 -3.2667 0.6064 39.9192 1.0581 0.0217
Car 0.0000 0 -2.7855 0.0000 0.0000 1224.0000 370.0000 1.5935 1.6201 3.1993 2.7954 1.6887 0.9010 -1.6259 0.0214
Car 0.0000 0 0.1444 0.0000 0.0000 1224.0000 370.0000 1.6109 1.7060 3.5090 -29.4004 1.6432 1.0730 -1.3773 0.0210
Car 0.0000 0 1.8193 617.0181 167.9004 645.9902 185.7742 1.5160 1.5654 4.1662 2.3879 0.4485 62.1841 1.8593 0.0210
Car 0.0000 0 1.0692 450.3384 167.7394 494.1921 188.7960 1.6044 1.6312 4.1321 -10.5322 0.6334 55.9840 0.8860 0.0208
Cyclist 0.0000 0 1.6620 302.3575 160.6857 320.5881 204.3134 1.7586 0.5432 1.6705 -12.2073 0.9614 29.3735 1.2738 0.0206
Car 0.0000 0 1.1575 456.7934 168.7737 495.8062 188.7994 1.5298 1.5598 4.0400 -10.2377 0.6353 56.1187 0.9799 0.0201
Car 0.0000 0 -0.9345 637.9826 0.0000 1224.0000 370.0000 1.5835 1.6086 3.8173 -0.1251 1.5969 0.5073 -1.0810 0.0199
Car 0.0000 0 1.1196 455.2269 169.3265 495.1069 189.9341 1.5709 1.5564 3.9142 -10.2910 0.7204 55.9320 0.9405 0.0198
Car 0.0000 0 1.2275 0.0000 0.0000 1224.0000 370.0000 1.5243 1.5506 3.5113 -28.9958 1.7104 -0.0934 -0.3338 0.0197
Cyclist 0.0000 0 0.3432 0.0000 0.0000 1224.0000 370.0000 1.7233 0.4783 1.7366 3.9065 1.6566 0.5046 1.7067 0.0195
Pedestrian 0.0000 0 2.6260 246.3070 157.1913 266.0204 194.4125 2.0178 0.5545 0.8023 -19.1589 0.7556 38.8124 2.1726 0.0194
Car 0.0000 0 -2.4911 508.9771 165.5640 581.2271 192.7337 1.4493 1.6132 3.8176 -3.3666 0.6540 39.4164 -2.5738 0.0194
Car 0.0000 0 1.1782 457.2168 168.9527 495.5018 189.0270 1.5317 1.5662 4.0363 -10.2238 0.6519 56.0663 1.0006 0.0185
Cyclist 0.0000 0 1.8946 298.5028 159.7372 325.6499 204.3022 1.8027 0.5487 1.6290 -12.1993 0.9643 29.4261 1.5073 0.0185
Car 0.0000 0 4.1322 0.0000 0.0000 1224.0000 370.0000 1.5252 1.6119 3.8315 -29.8659 1.8002 -0.3632 2.5617 0.0182
Car 0.0000 0 -0.3282 520.4252 160.5369 632.2093 200.3203 1.6924 1.6959 4.7154 -1.3016 0.8446 31.7103 -0.3669 0.0180
Car 0.0000 0 1.1883 521.5321 164.0455 575.4741 192.3148 1.5016 1.6837 3.8979 -3.2317 0.6290 39.6728 1.1096 0.0180
Car 0.0000 0 3.1292 535.5886 165.8364 598.0266 191.8089 1.4054 1.5569 3.3837 -2.1284 0.6133 39.1396 3.0772 0.0180
Car 0.0000 0 1.2636 651.6528 162.7309 690.7266 186.9975 1.7236 1.7202 4.1033 4.8634 0.4628 52.4035 1.3574 0.0177
Car 0.0000 0 1.2665 651.2385 161.5413 687.5588 185.8712 1.7385 1.6367 3.7496 4.7495 0.3851 52.5239 1.3580 0.0175
Car 0.0000 0 1.7832 618.6462 167.6831 645.2463 185.0436 1.4720 1.5111 4.0464 2.4201 0.3864 62.0929 1.8238 0.0174
Car 0.0000 0 -1.4304 0.0000 0.0000 1224.0000 370.0000 1.6338 1.6540 4.2706 1.0062 1.7062 0.5031 -0.5457 0.0174
Pedestrian 0.0000 0 -2.7167 0.0000 0.0000 1224.0000 370.0000 1.6559 0.4527 0.6162 3.7830 1.6366 0.1969 -1.2810 0.0173
Car 0.0000 0 0.3998 438.6441 170.1459 495.8021 189.6774 1.4911 1.6378 4.0646 -10.7306 0.7019 55.1986 0.2107 0.0172
Car 0.0000 0 -1.7878 667.4906 163.8927 717.5962 197.0250 1.5651 1.6637 3.9910 4.3093 0.7821 35.4609 -1.6661 0.0172
Car 0.0000 0 -2.2942 444.2444 169.4989 496.0130 189.7032 1.5320 1.6736 4.1457 -10.6064 0.6991 55.5416 -2.4801 0.0168
Car 0.0000 0 0.1631 496.1927 164.9600 573.7028 198.8127 1.4254 1.5299 3.1340 -3.0203 0.7725 30.6349 0.0677 0.0163
Car 0.0000 0 -0.6363 516.1890 159.6835 615.6199 198.7411 1.6280 1.6481 4.2725 -1.7087 0.7618 31.4592 -0.6881 0.0163
Car 0.0000 0 1.2192 457.8047 167.7584 495.1474 188.5382 1.5870 1.5866 4.1668 -10.2398 0.6152 56.1932 1.0417 0.0160
Car 0.0000 0 0.4516 441.3342 169.8188 495.0146 189.4957 1.5014 1.6214 3.7903 -10.6650 0.6877 55.2216 0.2637 0.0159
Car 0.0000 0 0.8611 449.0177 169.6768 496.0390 189.5757 1.5155 1.5556 3.7761 -10.4321 0.6925 55.6350 0.6786 0.0158
Car 0.0000 0 -2.7164 0.0000 0.0000 1224.0000 370.0000 1.6070 1.6674 3.7917 2.6955 1.6925 0.5367 -1.4529 0.0157
Car 0.0000 0 -1.7960 667.0609 164.3446 718.6913 197.2766 1.5527 1.6762 4.1486 4.3240 0.7925 35.4817 -1.6740 0.0155
Car 0.0000 0 3.8564 0.0000 0.0000 1224.0000 370.0000 1.4739 1.5930 3.5088 -29.4493 1.7409 -0.1762 2.2922 0.0155
Car 0.0000 0 1.3695 651.9366 162.4795 685.0411 186.1175 1.6826 1.6765 3.9929 4.6692 0.4012 52.4019 1.4596 0.0154
Car 0.0000 0 -2.9230 0.0000 0.0000 1224.0000 370.0000 1.6029 1.6109 3.0699 2.2115 1.7093 0.6723 -1.7737 0.0152
Car 0.0000 0 -2.2086 448.5061 168.6858 496.8059 188.7092 1.5264 1.6502 4.0831 -10.4772 0.6271 55.8906 -2.3911 0.0152
Car 0.0000 0 1.7309 400.6441 161.3595 443.1121 191.5740 1.6793 1.7067 4.5151 -10.7165 0.6169 41.6171 1.4826 0.0152
Car 0.0000 0 0.8268 447.4582 169.5814 496.3342 189.4372 1.5118 1.5966 3.8507 -10.4783 0.6817 55.6239 0.6435 0.0151
Pedestrian 0.0000 0 0.8936 0.0000 0.0000 1224.0000 370.0000 1.8179 0.5876 0.6232 -5.8677 1.7529 -0.2770 -0.6677 0.0149
Car 0.0000 0 -2.1900 447.1795 168.2300 496.6527 188.7756 1.5639 1.6878 4.2624 -10.5411 0.6312 55.9003 -2.3736 0.0149
Car 0.0000 0 4.3459 0.0000 0.0000 1224.0000 370.0000 1.5662 1.6648 3.7451 -30.2317 1.8515 0.3623 2.7994 0.0145
Car 0.0000 0 1.2738 615.9888 167.9064 644.8724 184.8983 1.4260 1.4112 3.9582 2.1934 0.3703 61.4245 1.3111 0.0142
Car 0.0000 0 -2.2708 165.6517 0.0000 1224.0000 370.0000 1.5277 1.5966 3.8508 1.2992 1.6188 0.2001 -1.0815 0.0142
Car 0.0000 0 1.1155 454.4067 169.0758 493.7485 189.7172 1.5698 1.5561 3.7672 -10.3400 0.7022 55.7429 0.9349 0.0140
Car 0.0000 0 1.9540 616.5244 167.7635 651.5405 185.9081 1.5363 1.5947 4.2552 2.6113 0.4591 62.1278 1.9976 0.0139
Car 0.0000 0 -2.3900 108.1608 0.0000 1224.0000 370.0000 1.5329 1.5889 3.7237 1.3683 1.5901 0.1082 -1.1232 0.0138
Car 0.0000 0 0.2883 0.0000 0.0000 1224.0000 370.0000 1.5467 1.6282 3.5375 -28.9928 1.6875 -0.0534 -1.2716 0.0138
Car 0.0000 0 -1.0421 276.6072 0.0000 1224.0000 370.0000 1.6074 1.6432 3.8250 -0.5160 1.7213 0.6439 -1.5311 0.0138
Cyclist 0.0000 0 1.7704 302.6728 161.0889 325.1090 204.9544 1.7745 0.5478 1.6205 -12.1338 0.9908 29.4443 1.3852 0.0137
Cyclist 0.0000 0 -1.6325 690.6763 161.1553 704.5894 198.6838 1.7905 0.5495 2.0642 4.5314 0.8690 34.7776 -1.5023 0.0132
Cyclist 0.0000 0 1.8632 302.2054 158.8967 327.2660 203.9129 1.8212 0.5302 1.5651 -12.0812 0.9487 29.4037 1.4791 0.0131
Pedestrian 0.0000 0 -1.9810 445.6230 156.6241 464.4163 193.0634 1.9222 0.7477 0.7492 -8.0346 0.6641 37.8135 -2.1867 0.0130
Car 0.0000 0 3.1711 440.1559 169.7013 492.6821 189.9926 1.5399 1.6437 3.9375 -10.6880 0.7216 54.7767 2.9813 0.0129
Car 0.0000 0 -2.0379 450.2596 167.7318 493.1228 188.6835 1.5962 1.6730 4.1008 -10.5806 0.6247 55.9977 -2.2219 0.0127
Cyclist 0.0000 0 0.9365 288.8869 157.9959 327.7881 205.3703 1.9216 0.5222 1.8133 -12.3529 1.0103 29.3669 0.5441 0.0127
Car 0.0000 0 -1.4474 0.0000 0.0000 1224.0000 370.0000 1.5493 1.5499 3.8483 -28.0718 1.3885 0.6934 -2.9803 0.0125
Pedestrian 0.0000 0 -1.9246 446.1662 156.8902 464.7303 193.0343 1.9073 0.7607 0.7485 -8.0141 0.6628 37.8235 -2.1297 0.0125
Car 0.0000 0 1.4500 466.8001 167.6187 493.5089 188.7098 1.6158 1.6072 4.2195 -9.9831 0.6302 56.4150 1.2777 0.0123
Car 0.0000 0 1.9423 617.2740 167.9678 651.2524 185.7525 1.5064 1.5706 4.1729 2.6293 0.4461 62.1107 1.9862 0.0123
Car 0.0000 0 2.3406 0.0000 0.0000 1224.0000 370.0000 1.5800 1.6633 4.1469 -0.0932 1.7642 1.1394 2.2778 0.0121
Cyclist 0.0000 0 0.0729 581.7786 163.0456 602.8462 182.4062 1.8421 0.6677 1.9719 -1.1826 0.1825 67.6589 0.0574 0.0116
Car 0.0000 0 1.3712 652.2818 162.2157 684.7595 186.9585 1.7604 1.6458 3.9294 4.6677 0.4608 52.3430 1.4614 0.0115
Car 0.0000 0 1.2410 651.4281 162.6874 691.6124 187.2850 1.7427 1.7021 4.1573 4.8774 0.4820 52.3079 1.3352 0.0112
Car 0.0000 0 1.2590 523.7525 164.8123 574.1423 193.1279 1.4936 1.6646 3.9687 -3.1907 0.6675 39.4435 1.1808 0.0112
Car 0.0000 0 -1.9445 450.5797 166.9228 491.2434 187.5084 1.5686 1.6855 4.4128 -10.6856 0.5353 56.1905 -2.1295 0.0111
Car 0.0000 0 3.9183 0.0000 0.0000 1224.0000 370.0000 1.5616 1.6009 3.8255 -30.4544 1.8222 -0.2772 2.3506 0.0111
Car 0.0000 0 -2.3082 440.7407 168.1634 494.1864 188.2198 1.5280 1.6988 4.2975 -10.8726 0.5894 55.8327 -2.4977 0.0110
Pedestrian 0.0000 0 -0.1421 64.2824 160.2834 83.2514 191.5073 1.8659 0.6506 0.8368 -32.1451 0.6592 42.7734 -0.7811 0.0109
Pedestrian 0.0000 0 0.0452 248.2444 157.3581 265.6620 193.6629 1.9715 0.5774 0.8312 -19.1169 0.7162 38.8211 -0.4072 0.0109
Cyclist 0.0000 0 1.6918 0.0000 0.0000 1224.0000 370.0000 1.9323 0.6146 1.7962 -5.6116 1.7550 -0.3310 0.1212 0.0108
Car 0.0000 0 1.8367 399.9587 160.3198 448.2699 191.6094 1.7347 1.6394 4.3531 -10.5223 0.6173 41.3868 1.5915 0.0108
Car 0.0000 0 -2.6715 0.0000 0.0000 1224.0000 370.0000 1.6138 1.6569 4.1218 2.5315 1.6910 0.2779 -1.3323 0.0107
Car 0.0000 0 1.3141 463.6911 168.8828 495.4954 188.8350 1.5258 1.5294 3.9967 -9.9900 0.6387 56.2001 1.1410 0.0105
Pedestrian 0.0000 0 0.9987 0.0000 0.0000 1224.0000 370.0000 1.6726 0.5623 0.4986 -19.3991 1.4717 0.0859 -0.5494 0.0104
Car 0.0000 0 -2.6583 505.5505 166.2459 579.7042 193.3879 1.4472 1.5927 3.7860 -3.4645 0.6886 39.1609 -2.7440 0.0104
Car 0.0000 0 1.8507 399.6095 160.2851 449.4072 192.3447 1.7790 1.6574 4.4278 -10.5178 0.6587 41.4722 1.6060 0.0104
Car 0.0000 0 1.9505 616.5681 167.8047 651.9702 186.0361 1.5416 1.6076 4.3412 2.6320 0.4693 62.0915 1.9944 0.0103
Car 0.0000 0 0.8618 0.0000 0.0000 1224.0000 370.0000 1.5530 1.6890 3.9456 1.7840 1.7447 0.3503 2.0731 0.0103
Cyclist 0.0000 0 1.6255 0.1954 167.0396 16.1805 200.2369 1.6122 0.5103 1.6349 -29.6712 0.9599 35.1400 0.9306 0.0102
Car 0.0000 0 1.4931 470.6772 167.0890 494.6720 188.2232 1.6221 1.5821 4.0546 -9.7797 0.5940 56.4230 1.3242 0.0101
Car 0.0000 0 -1.1294 677.6981 166.3157 737.3021 197.4363 1.4527 1.5562 3.5208 5.0883 0.7921 34.8972 -0.9841 0.0101
Car 0.0000 0 2.1191 519.7065 167.4369 565.3316 188.3363 1.6559 1.6787 4.4399 -5.0917 0.6221 58.3756 2.0344 0.0101
Car 0.0000 0 2.0233 616.2020 168.4200 654.2971 186.2427 1.5049 1.6023 4.3265 2.7129 0.4861 61.9804 2.0685 0.0101
Car 0.0000 0 1.1350 652.1269 162.4426 696.8325 186.9358 1.7422 1.7400 4.0833 5.1156 0.4591 52.5011 1.2334 0.0099
Car 0.0000 0 2.1513 519.1081 168.6249 565.0415 188.1621 1.5435 1.6630 4.3166 -5.1115 0.6066 58.1485 2.0659 0.0099
Car 0.0000 0 -1.8564 473.1817 0.0000 1224.0000 370.0000 1.5544 1.6786 4.2139 1.4255 1.6457 0.2237 -0.6505 0.0099
Car 0.0000 0 -0.4659 515.5976 160.3682 616.9700 198.5014 1.6009 1.6224 4.2208 -1.7165 0.7572 31.4287 -0.5180 0.0098
Car 0.0000 0 3.2082 504.4303 165.8788 573.5496 193.9793 1.5070 1.6175 3.6715 -3.5880 0.7243 38.7639 3.1186 0.0097
Car 0.0000 0 1.3412 464.8622 168.9987 495.5343 188.9283 1.5244 1.5364 4.0002 -9.9448 0.6459 56.2181 1.1689 0.0096
Car 0.0000 0 2.1064 504.1337 171.8868 556.5828 194.0395 1.4852 1.6612 4.3773 -5.1859 0.9090 49.7328 2.0050 0.0095
Car 0.0000 0 2.1488 500.0440 172.4850 554.2549 194.3947 1.4680 1.6811 4.3435 -5.4077 0.9323 49.6865 2.0428 0.0094
Cyclist 0.0000 0 4.2572 0.0000 0.0000 1224.0000 370.0000 1.7725 0.7152 1.5604 -28.3793 1.4963 0.3902 2.7131 0.0093
Car 0.0000 0 1.3802 0.0000 0.0000 1224.0000 370.0000 1.4748 1.6578 3.7860 -31.5801 1.5336 0.4061 -0.1659 0.0093
Car 0.0000 0 2.1347 536.3841 166.1618 577.9285 184.9388 1.6406 1.6948 4.3404 -4.2698 0.3890 64.0839 2.0703 0.0092
Car 0.0000 0 -2.6768 0.0000 0.0000 1224.0000 370.0000 1.4751 1.6175 4.0538 25.1750 1.0969 1.9673 -1.1952 0.0092
Car 0.0000 0 1.8168 542.8355 166.6875 572.3009 183.8522 1.5175 1.6762 4.3614 -4.2820 0.2975 64.7984 1.7529 0.0091
Car 0.0000 0 -1.3342 0.0000 0.0000 1224.0000 370.0000 1.5354 1.6328 3.6598 2.0060 1.7706 0.8758 -0.3007 0.0090
Car 0.0000 0 -0.2909 0.0000 0.0000 1224.0000 370.0000 1.5581 1.6274 3.4454 -29.5291 1.6688 1.7229 -1.7909 0.0089
Car 0.0000 0 0.4137 0.0000 0.0000 1224.0000 370.0000 1.4782 1.6769 4.0110 -25.0541 1.7246 0.1343 -1.1372 0.0088
Pedestrian 0.0000 0 0.6389 993.6927 160.3566 1033.2925 223.3223 1.8287 0.5801 0.8388 12.1121 1.2452 21.0299 1.1565 0.0088
Car 0.0000 0 3.1684 521.4633 162.2267 608.0616 197.9253 1.5079 1.5580 3.6598 -1.7423 0.7375 30.6891 3.1142 0.0088
Pedestrian 0.0000 0 0.1945 63.3857 160.8445 83.5510 191.9197 1.8585 0.6320 0.8675 -32.1425 0.6843 42.7537 -0.4447 0.0088
Pedestrian 0.0000 0 -0.0894 60.9955 159.8516 80.7355 190.0384 1.8041 0.5949 0.9065 -32.3225 0.5714 42.7763 -0.7310 0.0088
Car 0.0000 0 1.9480 539.9608 166.9121 574.8617 184.1355 1.5156 1.6913 4.3451 -4.2764 0.3211 64.5417 1.8839 0.0087
Cyclist 0.0000 0 0.1925 471.5219 166.7607 497.9567 194.8965 1.8916 0.6372 1.6736 -8.1362 0.9692 47.8729 0.0270 0.0086
Car 0.0000 0 1.4573 0.0000 0.0000 1224.0000 370.0000 1.5029 1.6306 3.8568 -31.6335 1.4968 0.5012 -0.0859 0.0086
Pedestrian 0.0000 0 -0.3617 64.6164 159.9856 86.5013 189.9356 1.7945 0.6485 0.8936 -32.1366 0.5667 42.9101 -0.9990 0.0086
Car 0.0000 0 1.4045 466.1125 168.5445 494.5780 188.8608 1.5531 1.5679 4.1663 -9.9433 0.6404 56.2709 1.2323 0.0085
Cyclist 0.0000 0 1.9099 258.5780 170.1152 285.8434 206.3322 1.6862 0.6715 1.6223 -15.8900 1.2042 33.7542 1.4753 0.0085
Pedestrian 0.0000 0 -2.2916 894.2258 147.0691 917.4642 191.8040 1.9645 0.7014 0.6426 13.3651 0.4979 31.4594 -1.8917 0.0085
Car 0.0000 0 -1.5748 675.1315 163.0503 712.7592 196.8436 1.6026 1.7759 4.4727 4.4821 0.7765 35.8527 -1.4497 0.0085
Car 0.0000 0 2.0559 537.8163 167.3398 576.6586 185.1299 1.5591 1.6934 4.3324 -4.2749 0.4069 64.2835 1.9917 0.0085
Car 0.0000 0 2.0514 0.0000 0.0000 1224.0000 370.0000 1.5680 1.6584 3.9130 0.5876 1.6750 0.4223 2.7204 0.0084
Pedestrian 0.0000 0 -1.4182 475.9193 165.5732 489.5504 194.3781 1.9261 0.8062 0.7058 -8.2327 0.9293 47.6321 -1.5864 0.0084
Car 0.0000 0 1.6443 650.1970 161.0333 675.2094 185.8195 1.7676 1.5727 3.7638 4.3152 0.3807 52.4002 1.7278 0.0084
Car 0.0000 0 -1.9332 224.3554 0.0000 1224.0000 370.0000 1.6262 1.7100 4.2252 1.8879 1.7276 0.3526 -0.7047 0.0084
Car 0.0000 0 1.2226 460.4364 169.7381 496.0186 189.6241 1.5119 1.5741 3.7746 -10.0211 0.6949 55.7784 1.0477 0.0083
Car 0.0000 0 1.4568 626.1346 166.4569 649.3395 184.2689 1.4921 1.5539 4.1046 2.8259 0.3169 61.3214 1.5044 0.0083
Car 0.0000 0 2.2211 535.1529 164.9231 578.6916 183.9349 1.6555 1.6670 4.2774 -4.2760 0.3003 63.8078 2.1563 0.0082
Car 0.0000 0 -0.2100 518.9347 162.2948 615.5473 197.9146 1.4990 1.5476 3.9981 -1.6924 0.7343 31.0150 -0.2620 0.0081
Car 0.0000 0 1.0743 514.2328 164.5621 574.0012 192.8403 1.4981 1.7123 3.8278 -3.4604 0.6551 39.5214 0.9895 0.0081
Cyclist 0.0000 0 1.9866 303.7692 164.4490 332.0443 207.6232 1.7558 0.4788 1.6160 -12.0131 1.1046 29.5657 1.6062 0.0079
Car 0.0000 0 1.9974 504.0486 171.2147 550.5344 193.6030 1.5107 1.6468 4.2552 -5.4317 0.8855 49.9834 1.8916 0.0079
Car 0.0000 0 1.2121 651.7895 162.9073 692.5754 187.3273 1.7296 1.6375 4.1798 4.9257 0.4848 52.3038 1.3073 0.0078
Car 0.0000 0 1.7426 540.8469 165.8184 567.5324 184.2958 1.6256 1.6961 4.3803 -4.5703 0.3351 64.4662 1.6740 0.0078
Pedestrian 0.0000 0 -1.4254 476.0332 165.8740 489.5817 194.4240 1.9097 0.8053 0.7062 -8.2312 0.9327 47.6524 -1.5936 0.0078
Pedestrian 0.0000 0 -1.7173 311.9762 160.2222 327.4159 195.4533 1.8887 0.6876 0.6784 -15.4946 0.8030 38.3646 -2.0964 0.0077
Car 0.0000 0 -1.6733 649.6201 0.0000 1224.0000 370.0000 1.5609 1.6708 4.0901 0.9057 1.6971 0.2632 -0.6757 0.0077
Car 0.0000 0 1.4693 469.4399 167.9472 494.7574 188.8078 1.5961 1.5850 4.0796 -9.8010 0.6369 56.2723 1.2996 0.0077
Car 0.0000 0 -2.6987 0.0000 0.0000 1224.0000 370.0000 1.6189 1.6641 4.1708 2.5477 1.7334 0.0816 -1.2839 0.0077
Car 0.0000 0 2.5587 0.0000 0.0000 1224.0000 370.0000 1.4944 1.6616 4.0456 -25.4092 1.6830 1.5140 1.0617 0.0076
Car 0.0000 0 2.1206 503.1267 172.0437 556.8808 194.0818 1.4612 1.6945 4.3426 -5.1552 0.9019 49.2002 2.0186 0.0076
Car 0.0000 0 -1.8214 541.9130 0.0000 1224.0000 370.0000 1.5166 1.6838 4.2041 1.2209 1.6375 0.2206 -0.6681 0.0076
Car 0.0000 0 2.9083 0.0000 0.0000 1224.0000 370.0000 1.4682 1.6974 3.9381 -25.0951 1.5524 0.8804 1.3870 0.0076
Cyclist 0.0000 0 -1.3190 45.1390 171.7533 68.9874 208.3540 1.7693 0.5224 1.6915 -27.1700 1.3479 35.0547 -1.9722 0.0075
Car 0.0000 0 1.1533 651.7552 163.1071 696.5651 187.3432 1.7167 1.7258 4.2476 5.0749 0.4860 52.3651 1.2512 0.0075
Car 0.0000 0 1.5011 0.0000 0.0000 1224.0000 370.0000 1.5053 1.6144 3.8852 -31.7947 1.4843 0.4922 -0.0425 0.0075
Car 0.0000 0 -3.0483 500.7667 165.6039 572.9626 193.8223 1.5143 1.6021 3.8030 -3.7029 0.7163 38.7390 -3.1409 0.0075
Car 0.0000 0 0.5204 647.5114 162.8117 712.8234 185.7328 1.6595 1.7781 4.6192 5.6423 0.3801 53.2625 0.6271 0.0074
Car 0.0000 0 1.4311 469.5420 169.1375 495.8481 189.2549 1.5413 1.5263 4.0059 -9.7592 0.6720 56.3067 1.2622 0.0074
Car 0.0000 0 -3.4689 1054.8710 168.7161 1179.5055 208.6625 1.5079 1.6025 3.6699 20.1353 1.0646 27.9818 -2.8489 0.0074
Car 0.0000 0 -1.4256 484.5405 161.8110 508.7111 181.4582 1.8516 1.7159 4.2690 -10.4754 0.0914 68.7650 -1.5742 0.0074
Car 0.0000 0 1.0198 0.0000 0.0000 1224.0000 370.0000 1.4582 1.5791 3.6362 -31.1550 1.7131 0.1905 -0.5329 0.0074
Cyclist 0.0000 0 4.4736 0.0000 0.0000 1224.0000 370.0000 1.8085 0.6612 1.6321 -28.4071 1.7887 0.0951 2.9191 0.0073
Car 0.0000 0 1.7513 649.1462 161.5081 678.4744 183.9662 1.6168 1.6106 3.2964 4.4204 0.2508 52.6997 1.8363 0.0072
Car 0.0000 0 1.2517 462.8499 169.6425 496.8643 189.8581 1.5437 1.5422 3.8065 -9.9367 0.7159 56.0281 1.0789 0.0072
Pedestrian 0.0000 0 0.1174 59.8992 159.8477 81.1943 190.1088 1.8089 0.5862 0.9638 -32.3187 0.5757 42.7541 -0.5244 0.0071
Car 0.0000 0 -1.5396 482.9755 162.1935 502.4942 182.2018 1.8807 1.7297 4.3656 -10.8528 0.1611 68.7257 -1.6937 0.0071
Car 0.0000 0 -2.1592 124.9808 0.0000 1224.0000 370.0000 1.5480 1.6839 3.8596 1.6306 1.7030 0.2580 -0.9293 0.0071
Car 0.0000 0 1.7415 399.9733 160.4353 441.9774 191.6696 1.7284 1.6473 4.3557 -10.7058 0.6195 41.3577 1.4920 0.0071
Car 0.0000 0 1.3293 0.0000 0.0000 1224.0000 370.0000 1.4501 1.6124 3.5569 -31.0488 1.6318 0.4525 -0.2149 0.0071
Car 0.0000 0 0.4742 0.0000 0.0000 1224.0000 370.0000 1.4770 1.7356 4.0207 -25.0430 1.6046 0.4142 -1.0655 0.0070
Pedestrian 0.0000 0 0.1142 184.1198 163.0744 202.2582 205.3018 1.9235 0.7545 0.6399 -19.0464 1.1312 32.6758 -0.4075 0.0069
Pedestrian 0.0000 0 0.1230 65.8037 160.2043 85.8074 189.9536 1.7858 0.6200 0.9015 -32.1324 0.5688 42.9297 -0.5141 0.0069
Pedestrian 0.0000 0 1.5134 1183.1068 190.2741 1224.0000 294.7673 1.3080 0.3666 0.6271 7.7995 1.4429 9.2745 2.1974 0.0069
Car 0.0000 0 1.1670 0.0000 0.0000 1224.0000 370.0000 1.5820 1.6790 3.9874 -28.7423 1.6073 1.2760 -0.3466 0.0069
Car 0.0000 0 -3.3371 1065.3535 168.2736 1179.2915 208.2321 1.4975 1.6109 3.3745 20.2970 1.0408 27.9269 -2.7125 0.0068
Car 0.0000 0 1.6979 400.8381 161.1455 438.7112 191.2715 1.6689 1.6112 4.1803 -10.7790 0.5981 41.3377 1.4467 0.0068
Car 0.0000 0 -0.1677 0.0000 0.0000 1224.0000 370.0000 1.4576 1.5231 3.3863 -23.2312 1.5308 -0.1120 -1.7278 0.0068
Car 0.0000 0 0.8069 0.0000 0.0000 1224.0000 370.0000 1.6278 1.6692 4.1436 -28.3266 1.7315 1.7527 -0.6892 0.0067
Cyclist 0.0000 0 0.6820 290.0242 157.9759 334.7874 204.5135 1.8954 0.5470 1.7695 -12.1539 0.9795 29.3110 0.2947 0.0067
Car 0.0000 0 -0.3401 0.0000 0.0000 1224.0000 370.0000 1.5999 1.6169 3.6827 -29.4172 1.7024 1.9212 -1.8331 0.0066
Car 0.0000 0 -0.1036 0.0000 0.0000 1224.0000 370.0000 1.6182 1.5921 3.0166 -29.0181 1.4613 1.4873 -1.6104 0.0066
Car 0.0000 0 2.6997 0.0000 0.0000 1224.0000 370.0000 1.4701 1.6522 3.8154 -25.0083 1.6645 1.1646 1.1899 0.0066
Cyclist 0.0000 0 3.7612 0.0000 0.0000 1224.0000 370.0000 1.7498 0.6401 1.5762 -28.1232 1.4531 0.2240 2.2115 0.0065
Car 0.0000 0 -0.1358 0.0000 0.0000 1224.0000 370.0000 1.5121 1.5689 3.6242 -27.6107 1.3949 0.3866 -1.6792 0.0065
Car 0.0000 0 -0.0650 0.0000 0.0000 1224.0000 370.0000 1.6718 1.7224 3.7123 -27.6992 1.5179 -0.0516 -1.6243 0.0065
Car 0.0000 0 -0.4237 0.0000 0.0000 1224.0000 370.0000 1.6263 1.6794 3.8238 -29.5346 1.7209 1.9622 -1.9157 0.0064
Car 0.0000 0 -2.5718 0.0000 0.0000 1224.0000 370.0000 1.4668 1.6131 3.9010 24.8278 1.2202 1.6740 -1.0798 0.0064
Pedestrian 0.0000 0 -0.9139 130.1635 176.2808 149.7898 214.2458 1.7149 0.5567 0.5017 -21.2006 1.5258 32.2061 -1.4898 0.0064
Car 0.0000 0 -2.3450 121.4172 0.0000 1224.0000 370.0000 1.5651 1.6613 4.0351 1.6606 1.6658 0.1120 -1.0291 0.0063
Car 0.0000 0 -0.2581 0.0000 0.0000 1224.0000 370.0000 1.4662 1.4409 3.3011 -23.0299 1.6221 -0.0385 -1.8149 0.0063
Car 0.0000 0 3.3004 0.0000 0.0000 1224.0000 370.0000 1.5199 1.8540 3.5906 -24.6402 1.6487 1.0095 1.7852 0.0063
Car 0.0000 0 -2.0018 17.8262 0.0000 1224.0000 370.0000 1.6749 1.7680 4.1552 2.2768 1.7126 0.3788 -0.7286 0.0062
Car 0.0000 0 1.2345 652.5860 162.7081 691.3618 186.9860 1.7179 1.5434 4.2215 4.9070 0.4602 52.2604 1.3293 0.0062
Cyclist 0.0000 0 -3.1202 583.6099 163.5281 603.1151 182.4247 1.7967 0.6594 1.8493 -1.0803 0.1841 67.5595 -3.1343 0.0062
Car 0.0000 0 1.9876 533.5042 165.9969 572.9956 185.2894 1.6838 1.8565 4.6239 -4.6241 0.4192 64.1957 1.9179 0.0061
Car 0.0000 0 -3.4443 1059.7706 169.0110 1180.6033 209.0621 1.5087 1.6017 3.5379 20.2289 1.0774 27.9450 -2.8216 0.0061
Car 0.0000 0 -2.0236 516.8810 0.0000 1224.0000 370.0000 1.6015 1.6629 4.2920 1.2908 1.5946 0.0059 -0.7011 0.0060
Pedestrian 0.0000 0 -0.4332 62.8118 158.3200 82.3958 187.9228 1.7787 0.6738 0.7381 -32.3569 0.4474 42.9634 -1.0732 0.0060
Car 0.0000 0 -0.2980 518.1310 161.1966 615.4842 198.0517 1.5458 1.5644 3.9894 -1.7021 0.7377 31.0701 -0.3502 0.0059
Pedestrian 0.0000 0 -1.5869 205.1039 161.5764 222.2146 203.8823 2.0000 0.7101 0.6943 -18.7822 1.1068 33.8971 -2.0871 0.0059
Car 0.0000 0 2.9142 0.0000 0.0000 1224.0000 370.0000 1.6013 1.6118 4.0809 -27.8616 1.4562 0.1708 1.3628 0.0059
Car 0.0000 0 2.1365 503.6288 171.7791 554.7966 194.5270 1.5086 1.6378 3.9946 -5.2020 0.9316 49.0373 2.0332 0.0058
Pedestrian 0.0000 0 -1.5944 204.8384 161.6969 221.9270 203.9948 1.9998 0.7043 0.6588 -18.7888 1.1123 33.8854 -2.0949 0.0058
Car 0.0000 0 1.2459 619.2916 166.7009 647.5439 184.3426 1.4814 1.4867 3.2338 2.4491 0.3239 61.1267 1.2876 0.0057
Car 0.0000 0 1.1869 716.1265 0.0000 1224.0000 370.0000 1.5958 1.6333 4.2522 0.8985 1.7173 -0.1154 2.5319 0.0057
Car 0.0000 0 1.5890 403.5522 163.5058 434.2340 192.3464 1.5877 1.6369 4.1581 -10.7868 0.6536 41.1316 1.3364 0.0057
Car 0.0000 0 1.2735 0.0000 0.0000 1224.0000 370.0000 1.4665 1.5485 3.7081 -31.5220 1.6831 0.2443 -0.2777 0.0057
Cyclist 0.0000 0 4.5085 0.0000 0.0000 1224.0000 370.0000 1.8488 0.6867 1.6389 -28.2797 1.6155 0.0176 2.9514 0.0057
Car 0.0000 0 -1.3601 0.0000 0.0000 1224.0000 370.0000 1.5841 1.4382 3.8091 -27.8865 1.5276 -0.0853 -2.9208 0.0056
Cyclist 0.0000 0 0.3784 284.8091 155.2934 336.5661 202.0468 1.9103 0.5982 1.8873 -12.1650 0.8819 29.1929 -0.0106 0.0056
Pedestrian 0.0000 0 -0.0854 64.4996 157.8136 82.0395 187.6441 1.7917 0.6982 0.7992 -32.3369 0.4304 42.9877 -0.7248 0.0056
Car 0.0000 0 -0.4232 516.6995 159.3587 622.1447 198.1098 1.6205 1.6514 4.3684 -1.5755 0.7379 31.2897 -0.4711 0.0056
Car 0.0000 0 1.3678 621.8638 166.7993 647.4941 184.4374 1.4765 1.4919 3.7383 2.5546 0.3308 61.1468 1.4111 0.0056
Pedestrian 0.0000 0 -1.6733 655.8893 156.2039 668.3779 184.5904 1.8474 0.7509 0.6763 3.7432 0.2675 46.3569 -1.5914 0.0056
Car 0.0000 0 0.4650 0.0000 0.0000 1224.0000 370.0000 1.5346 1.7062 4.0019 25.1778 1.1202 2.0639 1.9427 0.0055
Car 0.0000 0 2.6470 0.0000 0.0000 1224.0000 370.0000 1.5014 1.5687 3.2333 -23.3077 1.4783 0.4678 1.1118 0.0055
Car 0.0000 0 -2.3694 0.0000 0.0000 1224.0000 370.0000 1.6421 1.7586 4.3125 2.3198 1.7172 0.5089 -1.1415 0.0055
Car 0.0000 0 0.0023 0.0000 0.0000 1224.0000 370.0000 1.4802 1.5055 3.4489 -28.4521 1.6603 -0.1909 -1.5623 0.0054
Pedestrian 0.0000 0 -1.0075 130.4266 176.0839 149.8772 214.4976 1.7358 0.5628 0.4949 -21.1857 1.5377 32.1962 -1.5833 0.0054
Car 0.0000 0 -1.5087 388.5540 157.2116 423.9071 190.2573 1.8346 1.7289 4.1026 -11.6011 0.5431 41.4325 -1.7777 0.0054
Car 0.0000 0 -1.4243 393.7537 159.2688 434.3551 191.3212 1.7852 1.7072 4.1010 -11.1565 0.6041 41.5089 -1.6830 0.0054
Cyclist 0.0000 0 0.7898 290.1162 156.5444 334.8545 202.3344 1.8595 0.5902 1.8480 -12.1661 0.8882 29.3412 0.4025 0.0054
Car 0.0000 0 2.0884 501.3737 173.7350 551.4633 195.3602 1.4350 1.6387 4.1007 -5.4012 0.9874 49.1187 1.9813 0.0054
Car 0.0000 0 4.3645 0.0000 0.0000 1224.0000 370.0000 1.5441 1.7212 3.5072 -24.9374 1.6130 0.9181 2.8451 0.0053
Car 0.0000 0 -0.9958 1219.7745 167.4905 1224.0000 239.2197 1.5422 1.6381 4.0630 16.7294 1.2641 16.4195 -0.2092 0.0053
Car 0.0000 0 2.1375 504.7970 171.8199 554.0378 194.3805 1.4973 1.5625 3.8557 -5.1867 0.9225 48.9928 2.0345 0.0053
Car 0.0000 0 0.1594 0.0000 0.0000 1224.0000 370.0000 1.5685 1.6117 3.8901 -17.8712 1.4622 0.0958 -1.3863 0.0053
Cyclist 0.0000 0 2.1738 53.8140 156.7960 86.3684 190.0214 1.9473 0.5815 1.8916 -32.0576 0.5594 42.3912 1.5319 0.0053
Car 0.0000 0 -0.3012 0.0000 0.0000 1224.0000 370.0000 1.4478 1.4791 3.2212 -22.9484 1.4878 0.0461 -1.8543 0.0053
Pedestrian 0.0000 0 -1.4765 479.2051 168.1743 491.0947 194.7899 1.7789 0.7261 0.7010 -8.0696 0.9564 47.6281 -1.6415 0.0053
Car 0.0000 0 0.0222 0.0000 0.0000 1224.0000 370.0000 1.4260 1.4155 3.4087 -23.3590 1.6331 -0.3212 -1.5469 0.0053
Car 0.0000 0 -0.4557 0.0000 0.0000 1224.0000 370.0000 1.4840 1.7180 3.8223 -22.5754 1.4873 1.4375 -1.9470 0.0053
Car 0.0000 0 2.9657 0.0000 0.0000 1224.0000 370.0000 1.5437 1.5627 4.0884 -21.7942 1.5040 1.8526 1.4960 0.0053
Car 0.0000 0 1.9204 0.0000 0.0000 1224.0000 370.0000 1.5717 1.7403 3.7630 -29.0325 1.6350 1.3871 0.4101 0.0053
Pedestrian 0.0000 0 -1.4261 479.2326 168.2146 491.5486 194.6634 1.7691 0.7243 0.6991 -8.0564 0.9487 47.6459 -1.5907 0.0052
Car 0.0000 0 -0.1288 0.0000 0.0000 1224.0000 370.0000 1.5961 1.6351 3.6766 -28.5951 1.4161 0.2890 -1.6765 0.0052
Car 0.0000 0 2.4366 0.0000 0.0000 1224.0000 370.0000 1.4928 1.5898 3.9180 -25.0621 1.7240 1.9003 0.9559 0.0052
Car 0.0000 0 3.1902 0.0000 0.0000 1224.0000 370.0000 1.5020 1.6667 4.3596 -17.0671 1.5499 0.3680 1.6616 0.0051
Car 0.0000 0 -1.4215 394.0537 160.1446 435.1754 191.2540 1.7330 1.7031 4.2889 -11.1462 0.6004 41.6058 -1.6794 0.0051
Car 0.0000 0 -1.4603 394.4207 159.5309 432.3417 191.1634 1.7603 1.6934 4.0921 -11.1949 0.5948 41.4912 -1.7200 0.0051
Car 0.0000 0 2.7128 0.0000 0.0000 1224.0000 370.0000 1.3954 1.6136 4.1307 -16.6340 1.5016 0.5314 1.1950 0.0051
Car 0.0000 0 0.0590 0.0000 0.0000 1224.0000 370.0000 1.4698 1.5720 3.5909 -23.9258 1.5750 -0.3158 -1.5099 0.0051
Car 0.0000 0 -0.3234 0.0000 0.0000 1224.0000 370.0000 1.4320 1.6424 3.6164 -22.6092 1.4997 1.1696 -1.8266 0.0050
Car 0.0000 0 -0.2579 0.0000 0.0000 1224.0000 370.0000 1.5950 1.6943 4.2714 -22.2789 1.5202 2.0501 -1.7209 0.0050
Car 0.0000 0 -2.4610 0.0000 0.0000 1224.0000 370.0000 1.6464 1.7350 4.4669 2.2986 1.7119 0.4200 -1.2014 0.0050
Pedestrian 0.0000 0 -1.2726 478.6706 169.2977 492.8055 195.0574 1.7285 0.7541 0.7563 -8.0695 0.9781 47.8647 -1.4368 0.0049
Car 0.0000 0 -2.3911 0.0000 0.0000 1224.0000 370.0000 1.5851 1.6560 3.7977 2.1939 1.7034 0.3232 -1.1054 0.0049
Car 0.0000 0 -2.8309 0.0000 0.0000 1224.0000 370.0000 1.6396 1.6453 4.1058 2.7996 1.6970 -0.0219 -1.3657 0.0048
Cyclist 0.0000 0 0.0562 474.7341 166.3978 502.0916 195.2198 1.9354 0.6685 1.7935 -7.8890 0.9897 47.8989 -0.1042 0.0048
Car 0.0000 0 -1.3207 0.0000 0.0000 1224.0000 370.0000 1.4634 1.7199 3.8508 -22.7078 1.4125 0.6055 -2.8490 0.0048
Car 0.0000 0 -0.0511 522.8400 162.1959 613.2761 197.7074 1.4971 1.4253 3.8379 -1.6494 0.7269 30.7087 -0.1023 0.0048
Pedestrian 0.0000 0 -0.0368 0.0000 0.0000 1224.0000 370.0000 1.8166 0.5623 0.6642 -8.2136 1.8296 0.1468 -1.5490 0.0048
Car 0.0000 0 -0.3791 0.0000 0.0000 1224.0000 370.0000 1.4522 1.4776 3.2545 -22.7329 1.6246 -0.0209 -1.9350 0.0048
Cyclist 0.0000 0 -1.8649 661.7907 157.9819 676.5568 186.7914 1.6431 0.4082 1.6024 3.7202 0.3602 41.1455 -1.7735 0.0047
Pedestrian 0.0000 0 -1.0861 315.3429 157.8010 333.9219 193.2572 1.9028 0.6717 0.7330 -15.2115 0.6860 38.3404 -1.4590 0.0047
Pedestrian 0.0000 0 -0.3538 312.6939 160.8179 331.8090 196.5339 1.9244 0.6957 0.7782 -15.4522 0.8653 38.6094 -0.7297 0.0047
Car 0.0000 0 -1.1262 0.0000 0.0000 1224.0000 370.0000 1.4609 1.5873 3.6557 -22.7185 1.4434 0.4214 -2.6625 0.0047
Car 0.0000 0 4.2862 0.0000 0.0000 1224.0000 370.0000 1.5376 1.7309 3.4924 -25.1709 1.6497 0.9336 2.7669 0.0047
Car 0.0000 0 3.1739 0.0000 0.0000 1224.0000 370.0000 1.3977 1.6676 3.7120 -17.0932 1.5142 0.8233 1.6717 0.0046
Car 0.0000 0 -2.0141 410.7127 0.0000 1224.0000 370.0000 1.6191 1.6932 4.3580 1.6276 1.6250 0.0779 -0.6835 0.0046
Car 0.0000 0 -0.8834 0.0000 0.0000 1224.0000 370.0000 1.4989 1.5570 3.6954 -22.6820 1.5809 0.0660 -2.4354 0.0046
Car 0.0000 0 1.4706 471.0723 168.9377 495.2132 188.6871 1.5118 1.5069 3.9776 -9.7098 0.6280 56.2371 1.3024 0.0045
Cyclist 0.0000 0 4.2114 0.0000 0.0000 1224.0000 370.0000 1.7692 0.6751 1.5062 -28.2556 1.4410 0.3659 2.6666 0.0045
Pedestrian 0.0000 0 -1.1320 1178.1117 162.3080 1206.0780 207.4969 1.7814 0.5719 0.8137 23.4785 1.0658 28.3011 -0.4434 0.0045
Car 0.0000 0 0.8030 0.0000 0.0000 1224.0000 370.0000 1.4455 1.5769 3.7760 -25.0043 1.7218 0.0959 -0.7494 0.0045
Car 0.0000 0 -2.1546 231.2633 0.0000 1224.0000 370.0000 1.6802 1.7315 4.4684 2.0263 1.7351 0.0825 -0.7798 0.0045
Car 0.0000 0 0.4481 0.0000 0.0000 1224.0000 370.0000 1.4443 1.6367 3.7893 -24.8299 1.6917 0.2389 -1.0985 0.0044
Pedestrian 0.0000 0 -1.3369 478.8616 169.4018 491.9820 195.2495 1.7360 0.7269 0.7254 -8.0917 0.9919 47.8687 -1.5016 0.0044
Pedestrian 0.0000 0 -1.5611 314.1168 161.2643 327.3176 196.4149 1.8925 0.6579 0.7746 -15.5044 0.8583 38.5417 -1.9389 0.0044
Car 0.0000 0 -0.5755 0.0000 0.0000 1224.0000 370.0000 1.5157 1.7294 4.3583 -25.4158 1.6916 1.0873 -2.0892 0.0044
Car 0.0000 0 2.7329 0.0000 0.0000 1224.0000 370.0000 1.4432 1.6496 4.6242 -16.5998 1.5933 0.2078 1.1957 0.0044
Pedestrian 0.0000 0 -1.1866 376.3592 162.9352 394.4096 201.8382 1.8882 0.6738 0.5851 -10.7709 1.0371 34.6327 -1.4837 0.0044
Pedestrian 0.0000 0 0.0839 256.6717 168.9115 275.6255 205.6415 1.8838 0.6935 0.8309 -17.6107 1.2909 36.7282 -0.3581 0.0044
Pedestrian 0.0000 0 -1.5075 477.3145 168.5959 489.0813 195.1273 1.7812 0.7401 0.7184 -8.2404 0.9833 47.8590 -1.6751 0.0044
Car 0.0000 0 0.3810 0.0000 0.0000 1224.0000 370.0000 1.6389 1.7780 4.1856 -26.8688 1.4414 1.7353 -1.1116 0.0043
Car 0.0000 0 0.2641 0.0000 0.0000 1224.0000 370.0000 1.4675 1.4304 3.5512 -24.4374 1.6392 -0.1485 -1.2979 0.0043
Car 0.0000 0 2.8867 0.0000 0.0000 1224.0000 370.0000 1.4519 1.5625 3.3157 -24.7445 1.6533 1.3846 1.3864 0.0043
Pedestrian 0.0000 0 1.4232 1002.3466 162.0781 1043.3945 259.4500 1.6846 0.5371 0.6260 7.4044 1.3676 12.6171 1.9446 0.0043
Pedestrian 0.0000 0 -1.4919 477.1851 168.4879 489.4513 195.1951 1.7919 0.7596 0.7610 -8.2301 0.9873 47.8476 -1.6594 0.0042
Car 0.0000 0 2.1180 502.8738 172.2829 550.4920 194.6577 1.4863 1.5635 3.7278 -5.3775 0.9418 48.9834 2.0111 0.0042
Car 0.0000 0 -1.3299 0.0000 0.0000 1224.0000 370.0000 1.6195 1.6814 3.7675 -29.6611 1.7153 1.3127 -2.8440 0.0042
Car 0.0000 0 0.2235 0.0000 0.0000 1224.0000 370.0000 1.4283 1.5502 3.3929 -24.5740 1.6528 0.1138 -1.3279 0.0042
Car 0.0000 0 2.0132 498.8761 174.7855 546.3754 197.4081 1.4989 1.6179 4.2224 -5.6595 1.1216 49.1015 1.9009 0.0042
Pedestrian 0.0000 0 -1.0742 1177.7510 163.2023 1206.8734 208.4141 1.7851 0.5911 0.7971 23.5142 1.1036 28.3347 -0.3855 0.0042
Car 0.0000 0 4.3051 0.0000 0.0000 1224.0000 370.0000 1.5326 1.6727 4.1764 -25.3213 1.6637 -0.2960 2.7370 0.0042
Car 0.0000 0 -2.3381 87.5587 0.0000 1224.0000 370.0000 1.6288 1.6164 3.8797 2.1659 1.7142 -0.1403 -0.8499 0.0041
Pedestrian 0.0000 0 0.6147 654.5488 158.7059 669.8290 187.3817 1.8592 0.7616 0.6844 3.7498 0.4475 46.3487 0.6967 0.0041
Car 0.0000 0 -1.4889 395.4094 162.2507 430.9890 191.5946 1.6310 1.6736 4.0431 -11.1936 0.6181 41.4325 -1.7489 0.0041
Car 0.0000 0 1.8365 399.5483 160.1683 448.5296 191.6416 1.7405 1.6685 4.3697 -10.5022 0.6175 41.2960 1.5912 0.0041
Car 0.0000 0 2.8139 0.0000 0.0000 1224.0000 370.0000 1.4634 1.7077 4.1602 -16.8263 1.5696 0.6781 1.3041 0.0041
Car 0.0000 0 -2.7695 502.8030 165.5410 577.3295 193.3854 1.4867 1.6465 3.7596 -3.5836 0.6894 39.0629 -2.8583 0.0041
Car 0.0000 0 0.1465 170.8476 165.0376 266.4680 193.6182 1.6294 1.8287 4.7620 -22.8302 0.7492 41.9725 -0.3467 0.0040
Car 0.0000 0 -1.2348 0.0000 0.0000 1224.0000 370.0000 1.5762 1.8126 4.0708 -25.1360 1.6560 1.6366 -2.7262 0.0040
Car 0.0000 0 -1.2454 0.0000 0.0000 1224.0000 370.0000 1.5012 1.5915 3.7449 -22.7458 1.4469 0.5933 -2.7742 0.0040
Car 0.0000 0 1.6831 401.0308 162.1179 438.1809 191.5070 1.6248 1.6276 4.1587 -10.7689 0.6099 41.2566 1.4315 0.0040
Cyclist 0.0000 0 1.4006 661.5635 162.5979 673.7448 187.3789 1.7869 0.5730 1.9297 4.6041 0.4973 51.9633 1.4902 0.0040
Cyclist 0.0000 0 3.5465 0.0000 0.0000 1224.0000 370.0000 1.8449 0.7172 1.6361 -28.2209 1.6399 0.0354 1.9900 0.0040
Pedestrian 0.0000 0 0.9799 0.0000 0.0000 1224.0000 370.0000 1.6909 0.5184 0.6116 -8.1724 1.8558 0.1621 -0.5301 0.0040
Car 0.0000 0 4.2396 0.0000 0.0000 1224.0000 370.0000 1.4772 1.5790 4.0197 -31.5808 1.7733 -0.1353 2.6763 0.0040
Car 0.0000 0 -1.2558 0.0000 0.0000 1224.0000 370.0000 1.4577 1.5587 3.6458 -22.8646 1.4238 0.5873 -2.7852 0.0040
Car 0.0000 0 0.1670 0.0000 0.0000 1224.0000 370.0000 1.4492 1.4600 3.5770 -24.5186 1.7272 -0.1103 -1.3935 0.0040
Car 0.0000 0 4.5048 0.0000 0.0000 1224.0000 370.0000 1.5147 1.8062 4.1440 -25.3053 1.5609 0.9796 2.9870 0.0039
Cyclist 0.0000 0 -2.3231 42.3406 161.4260 88.9420 203.1467 2.0152 0.7874 1.8273 -26.4763 1.0954 34.6928 -2.9688 0.0039
Car 0.0000 0 2.1802 502.0470 172.9889 552.7009 195.0016 1.4616 1.5814 3.8240 -5.3305 0.9642 48.9985 2.0742 0.0039
Car 0.0000 0 0.3566 0.0000 0.0000 1224.0000 370.0000 1.4796 1.6094 3.9163 -24.8005 1.7465 0.0126 -1.1991 0.0039
Car 0.0000 0 2.9609 0.0000 0.0000 1224.0000 370.0000 1.4423 1.6381 4.4692 -16.8865 1.5840 0.1633 1.4206 0.0039
Car 0.0000 0 2.9066 0.0000 0.0000 1224.0000 370.0000 1.4717 1.6900 4.0824 -16.8109 1.5656 0.5322 1.3883 0.0039
Car 0.0000 0 3.3820 0.0000 0.0000 1224.0000 370.0000 1.5083 1.7122 3.5650 -24.5880 1.5881 0.9869 1.8661 0.0039
Car 0.0000 0 3.1743 0.0000 0.0000 1224.0000 370.0000 1.4843 1.5266 3.3866 -24.4645 1.6001 1.5685 1.6823 0.0039
Cyclist 0.0000 0 1.2918 662.8071 158.3258 678.1144 188.5273 1.7127 0.4804 1.5210 3.7706 0.4566 40.8833 1.3849 0.0038
Car 0.0000 0 0.4000 0.0000 0.0000 1224.0000 370.0000 1.5000 1.5944 3.9583 -24.8330 1.6854 0.0110 -1.1558 0.0038
Car 0.0000 0 2.8304 0.0000 0.0000 1224.0000 370.0000 1.3228 1.5341 3.2604 -17.5368 1.3929 1.7312 1.3780 0.0038
Car 0.0000 0 -0.3132 0.0000 0.0000 1224.0000 370.0000 1.3530 1.5021 3.2886 -17.8007 1.3305 1.4915 -1.7807 0.0038
Car 0.0000 0 0.4167 0.0000 0.0000 1224.0000 370.0000 1.3746 1.5911 3.7622 -17.5851 1.4019 0.6084 -1.0994 0.0038
Car 0.0000 0 3.4640 0.0000 0.0000 1224.0000 370.0000 1.5275 1.7607 4.2760 -17.4630 1.5032 0.4709 1.9403 0.0037
Car 0.0000 0 2.4194 0.0000 0.0000 1224.0000 370.0000 1.4993 1.5923 3.9125 -25.0612 1.6486 1.6654 0.9294 0.0037
Pedestrian 0.0000 0 -0.0459 0.0000 160.6355 19.4186 199.5713 1.8998 0.6598 0.8946 -29.6408 0.9320 35.0401 -0.7417 0.0037
Car 0.0000 0 2.9181 0.0000 0.0000 1224.0000 370.0000 1.3207 1.5279 3.2751 -17.0932 1.4016 1.5582 1.4586 0.0037
Car 0.0000 0 1.1091 651.3120 163.3710 697.0576 187.2598 1.6875 1.6622 4.1973 5.0614 0.4788 52.1966 1.2069 0.0037
Car 0.0000 0 2.6372 0.0000 0.0000 1224.0000 370.0000 1.4556 1.7031 4.7285 -16.6014 1.5679 0.3969 1.1114 0.0037
Car 0.0000 0 3.5119 0.0000 0.0000 1224.0000 370.0000 1.4748 1.7552 4.0265 -17.4581 1.4966 0.5971 1.9954 0.0037
Car 0.0000 0 2.8398 0.0000 0.0000 1224.0000 370.0000 1.4753 1.6848 4.4317 -16.7379 1.5739 0.3866 1.3131 0.0037
Car 0.0000 0 4.5009 0.0000 0.0000 1224.0000 370.0000 1.5585 1.7131 4.2349 -25.4119 1.6591 -0.2955 2.9328 0.0037
Car 0.0000 0 -1.4523 0.0000 0.0000 1224.0000 370.0000 1.6725 1.7020 4.0443 11.3676 1.4550 -0.0983 0.1002 0.0037
Car 0.0000 0 1.4901 654.3278 162.3261 681.1612 187.1370 1.7580 1.6266 4.3739 4.6063 0.4716 52.2863 1.5793 0.0037
Car 0.0000 0 -0.3855 518.8051 160.3122 619.0246 198.3183 1.5828 1.6277 4.0822 -1.5959 0.7435 31.0379 -0.4344 0.0037
Car 0.0000 0 1.2726 0.0000 0.0000 1224.0000 370.0000 1.4964 1.5151 3.8429 -31.7685 1.7079 0.2415 -0.2789 0.0036
Pedestrian 0.0000 0 -1.2476 180.2349 163.4479 202.8151 206.3656 1.9633 0.7094 0.7212 -19.1742 1.1847 32.7642 -1.7710 0.0036
Pedestrian 0.0000 0 -0.5490 0.0000 162.0640 23.0011 200.2655 1.8702 0.6785 0.8434 -29.6205 0.9691 35.1171 -1.2433 0.0036
Car 0.0000 0 1.1932 0.0000 0.0000 1224.0000 370.0000 1.5091 1.5411 4.0526 -31.9453 1.6605 0.2310 -0.3586 0.0035
Pedestrian 0.0000 0 -1.3322 184.0305 162.4411 203.8578 204.5865 1.9403 0.6697 0.6186 -19.1631 1.1103 32.9361 -1.8531 0.0035
Car 0.0000 0 -1.5875 0.0000 0.0000 1224.0000 370.0000 1.4600 1.8681 4.1794 -18.2968 1.4559 1.0430 -3.0820 0.0035
Pedestrian 0.0000 0 -0.5915 177.4769 160.9410 199.6285 199.3993 2.0115 0.7407 0.7227 -22.0776 0.9899 37.4630 -1.1185 0.0035
Car 0.0000 0 -1.0908 0.0000 0.0000 1224.0000 370.0000 1.5646 1.6809 3.9712 -22.4590 1.5660 0.0525 -2.6433 0.0035
Pedestrian 0.0000 0 -1.1068 1188.0072 167.5061 1214.9276 209.4352 1.6573 0.5880 0.6715 23.8909 1.1452 28.3462 -0.4105 0.0035
Pedestrian 0.0000 0 -0.7213 69.8753 166.7233 98.7538 208.3903 1.8506 0.7129 0.7693 -23.4721 1.2402 31.8506 -1.3498 0.0035
Car 0.0000 0 3.2458 0.0000 0.0000 1224.0000 370.0000 1.4805 1.4645 3.3118 -24.2342 1.5057 1.6160 1.7565 0.0035
Car 0.0000 0 4.5276 0.0000 0.0000 1224.0000 370.0000 1.5409 1.8102 4.5576 -25.9076 1.7009 -0.1894 2.9636 0.0034
Pedestrian 0.0000 0 -0.5942 70.4171 166.6258 98.0586 208.4062 1.8549 0.7039 0.7364 -23.4774 1.2404 31.8509 -1.2229 0.0034
Car 0.0000 0 4.5857 0.0000 0.0000 1224.0000 370.0000 1.5365 1.8741 4.4595 -25.5215 1.5679 0.9396 3.0660 0.0034
Car 0.0000 0 0.7362 0.0000 0.0000 1224.0000 370.0000 1.7728 1.7851 4.2396 -27.6023 1.6022 1.9394 -0.7512 0.0034
Car 0.0000 0 2.2042 505.3023 171.8841 555.0730 194.5707 1.5061 1.5054 3.7302 -5.1310 0.9355 48.9249 2.1021 0.0034
Car 0.0000 0 2.1449 498.1540 174.4606 547.8234 196.4878 1.4609 1.5767 3.8453 -5.6283 1.0617 48.9608 2.0329 0.0033
Car 0.0000 0 0.9218 0.0000 0.0000 1224.0000 370.0000 1.4489 1.6129 3.8913 -25.2233 1.7015 0.1719 -0.6278 0.0033
Car 0.0000 0 4.2831 0.0000 0.0000 1224.0000 370.0000 1.4899 1.7951 4.1365 -25.4008 1.5558 0.5669 2.7489 0.0033
Car 0.0000 0 3.0087 0.0000 0.0000 1224.0000 370.0000 1.4827 1.5278 3.8973 -21.7611 1.4173 1.6255 1.5289 0.0033
Car 0.0000 0 2.1080 499.2216 173.7839 546.1689 196.2238 1.4888 1.5495 3.6932 -5.6452 1.0445 48.9062 1.9956 0.0033
Car 0.0000 0 2.5931 0.0000 0.0000 1224.0000 370.0000 1.5348 1.5416 3.7500 -24.7605 1.5810 1.7925 1.1092 0.0033
Car 0.0000 0 -0.9323 0.0000 0.0000 1224.0000 370.0000 1.6648 1.7534 4.0964 -29.5199 1.6706 1.8064 -2.4294 0.0033
Car 0.0000 0 -1.5011 0.0000 0.0000 1224.0000 370.0000 1.5661 1.7986 4.0933 -19.5504 1.4831 1.1594 -2.9945 0.0032
Pedestrian 0.0000 0 -1.0573 376.5530 163.0803 394.5378 201.7111 1.8745 0.6608 0.5413 -10.7659 1.0307 34.6392 -1.3542 0.0031
Car 0.0000 0 -1.2061 0.0000 0.0000 1224.0000 370.0000 1.6572 1.7274 3.9550 -29.5092 1.6713 1.4341 -2.7158 0.0031
Car 0.0000 0 0.2823 0.0000 0.0000 1224.0000 370.0000 1.5400 1.5497 4.1622 -17.4726 1.5346 0.3087 -1.2507 0.0031
Car 0.0000 0 4.4182 0.0000 0.0000 1224.0000 370.0000 1.5446 1.7671 4.4814 -25.5135 1.6679 -0.0391 2.8602 0.0031
Cyclist 0.0000 0 -0.9643 56.4189 160.8263 89.8916 191.9763 1.8394 0.6001 1.9629 -32.1328 0.6791 42.7378 -1.6035 0.0031
Car 0.0000 0 0.9081 0.0000 0.0000 1224.0000 370.0000 1.4659 1.5903 3.5484 -25.0277 1.6770 0.5816 -0.6250 0.0031
Car 0.0000 0 1.4516 0.0000 0.0000 1224.0000 370.0000 1.5285 1.4839 3.3862 -27.2555 1.5004 -0.3468 -0.1184 0.0031
Cyclist 0.0000 0 0.5809 469.1346 164.9356 498.1588 194.9203 1.9890 0.7399 1.8194 -8.1698 0.9579 47.6000 0.4138 0.0030
Car 0.0000 0 1.9703 502.3395 172.2043 542.1703 194.8510 1.5001 1.5201 3.3892 -5.6539 0.9519 48.6704 1.8571 0.0030
Pedestrian 0.0000 0 0.8283 660.1883 158.2968 674.7993 186.7831 2.0685 0.6776 0.8409 4.5912 0.4575 51.8754 0.9178 0.0030
Cyclist 0.0000 0 -2.7434 0.0000 0.0000 1224.0000 370.0000 1.9024 0.6383 2.1970 2.7733 1.6975 0.8457 -1.5700 0.0030
Pedestrian 0.0000 0 -1.3382 1189.4377 167.5793 1212.5461 209.4194 1.6514 0.5709 0.6718 23.8608 1.1429 28.3307 -0.6422 0.0030
Pedestrian 0.0000 0 -1.6528 661.8277 160.5948 671.3948 187.1521 1.9321 0.6341 0.8162 4.5221 0.4852 51.8437 -1.5646 0.0030
Car 0.0000 0 3.1693 0.0000 0.0000 1224.0000 370.0000 1.4570 1.7337 4.2362 -16.9607 1.4981 0.4993 1.6486 0.0030
Car 0.0000 0 3.1141 0.0000 0.0000 1224.0000 370.0000 1.4310 1.7479 4.1918 -16.9162 1.5036 0.5236 1.5950 0.0030
Car 0.0000 0 1.3663 0.0000 0.0000 1224.0000 370.0000 1.6083 1.6899 4.5787 -26.4461 1.4970 -0.2181 -0.1989 0.0030
Pedestrian 0.0000 0 -1.4323 374.3696 159.6404 391.7200 201.7490 2.0203 0.7274 0.5853 -10.7698 1.0209 34.2655 -1.7324 0.0029
Car 0.0000 0 -1.3849 0.0000 0.0000 1224.0000 370.0000 1.6494 1.7222 4.1850 11.9858 1.5123 -0.1511 0.1730 0.0029
Car 0.0000 0 -1.1461 0.0000 0.0000 1224.0000 370.0000 1.6816 1.6777 3.6645 -29.3894 1.6471 1.4425 -2.6553 0.0028
Cyclist 0.0000 0 3.7233 0.0000 0.0000 1224.0000 370.0000 1.7541 0.6595 1.7122 -28.2471 1.5173 0.4119 2.1801 0.0028
Car 0.0000 0 0.0833 515.0534 163.4769 589.3552 198.3730 1.4652 1.2953 3.0822 -2.2544 0.7519 30.3475 0.0119 0.0028
Car 0.0000 0 2.1507 503.1553 171.8072 550.7552 194.5292 1.5098 1.5304 3.6336 -5.3571 0.9335 48.9429 2.0441 0.0028
Car 0.0000 0 0.7963 0.0000 166.1249 1.5858 205.0667 1.5881 1.6356 3.6972 -27.9106 1.0034 29.7388 0.0498 0.0028
Car 0.0000 0 -0.5077 0.0000 0.0000 1224.0000 370.0000 1.5590 1.7985 4.2473 -22.3313 1.4902 1.6449 -1.9889 0.0027
Cyclist 0.0000 0 3.4946 0.0000 0.0000 1224.0000 370.0000 1.7553 0.6248 1.6313 -28.3526 1.8105 0.2113 1.9443 0.0027
Car 0.0000 0 2.9687 0.0000 0.0000 1224.0000 370.0000 1.4837 1.4617 3.6381 -28.5733 1.7634 -0.1899 1.4041 0.0027
Car 0.0000 0 2.7079 0.0000 0.0000 1224.0000 370.0000 1.4669 1.6873 3.6657 -16.7894 1.4904 0.9452 1.2142 0.0027
Car 0.0000 0 -0.0321 0.0000 0.0000 1224.0000 370.0000 1.3693 1.5302 3.7491 -18.4342 1.4414 1.8090 -1.4860 0.0026
Car 0.0000 0 -1.3097 0.0000 0.0000 1224.0000 370.0000 1.6016 1.7381 4.1904 11.8396 1.5239 0.2968 0.2103 0.0026
Car 0.0000 0 -1.2774 0.0000 0.0000 1224.0000 370.0000 1.6809 1.7401 4.1060 11.3371 1.4272 0.2860 0.2412 0.0026
Car 0.0000 0 1.6339 1137.8306 170.0675 1190.3961 207.1662 1.5383 1.5782 4.3504 24.9028 1.1072 31.4601 2.3001 0.0026
Car 0.0000 0 1.6990 498.6347 172.8766 529.7856 196.2670 1.5579 1.6333 4.0559 -6.2599 1.0515 49.1193 1.5748 0.0026
Car 0.0000 0 -1.5603 399.6064 163.7741 429.7539 193.1261 1.6277 1.6232 4.0213 -11.1061 0.7015 41.3514 -1.8189 0.0026
Car 0.0000 0 -0.4537 517.4313 158.5527 622.7349 197.6198 1.6171 1.6509 4.3300 -1.5291 0.7101 31.0248 -0.5005 0.0026
Pedestrian 0.0000 0 1.6054 1194.4501 191.0624 1224.0000 298.7283 1.3166 0.3769 0.6368 7.7802 1.4594 9.0756 2.2985 0.0026
Car 0.0000 0 -0.9629 0.0000 0.0000 1224.0000 370.0000 1.6889 1.8072 3.9618 -29.7208 1.7343 1.7902 -2.4612 0.0025
Cyclist 0.0000 0 -2.1786 38.4781 164.1843 83.7864 206.7432 2.0227 0.7737 1.9484 -26.3763 1.2487 34.2673 -2.8283 0.0025
Car 0.0000 0 0.7611 0.0000 165.6082 10.2770 204.9698 1.6097 1.6756 3.9714 -27.7520 1.0022 29.7839 0.0182 0.0024
Cyclist 0.0000 0 -1.0334 57.7979 160.0660 85.1411 187.7257 1.6426 0.4725 1.7838 -32.3592 0.4305 42.8954 -1.6742 0.0024
Cyclist 0.0000 0 1.6803 0.3137 168.0146 15.9270 199.2225 1.5338 0.4269 1.5310 -29.9802 0.9216 35.5017 0.9853 0.0024
Car 0.0000 0 -1.7704 0.0000 155.9376 15.6728 188.9069 1.6911 1.8087 4.4449 -33.7490 0.4326 38.3343 -2.4861 0.0024
Car 0.0000 0 -2.0041 0.0000 157.7187 27.4990 191.7614 1.7689 1.7671 3.8798 -33.4635 0.5866 38.3392 -2.7157 0.0024
Car 0.0000 0 0.0159 522.3737 161.7526 609.8398 198.9370 1.5530 1.3432 3.6567 -1.6707 0.7715 30.2640 -0.0368 0.0024
Car 0.0000 0 0.2700 170.5186 164.2908 259.6233 193.2854 1.6511 1.8716 4.2505 -22.8909 0.7295 41.6500 -0.2274 0.0024
Car 0.0000 0 -0.0518 0.0000 0.0000 1224.0000 370.0000 1.4971 1.7654 4.4657 22.3458 1.5794 2.1818 1.4089 0.0024
Cyclist 0.0000 0 1.4684 661.7286 161.1666 672.0137 187.4313 1.8918 0.5513 1.9945 4.5438 0.5005 51.9225 1.5569 0.0024
Car 0.0000 0 2.0776 501.1180 173.1664 545.4857 195.9453 1.5132 1.5438 3.4874 -5.6033 1.0274 48.8707 1.9659 0.0024
Car 0.0000 0 3.5273 170.1567 165.9835 254.7564 193.3237 1.5671 1.6822 4.0155 -23.0347 0.7364 41.5884 3.0266 0.0023
Car 0.0000 0 -1.4450 49.6062 158.0313 96.0110 189.6009 1.8798 1.7003 5.0423 -33.5734 0.5433 44.7102 -2.0838 0.0023
Car 0.0000 0 -0.0665 0.0000 0.0000 1224.0000 370.0000 1.6558 1.6152 3.4036 -28.6310 1.3600 1.5660 -1.5697 0.0023
Pedestrian 0.0000 0 0.9512 183.5093 161.0401 206.3137 204.0951 1.9779 0.7067 0.5926 -19.1118 1.0854 32.9214 0.4312 0.0023
Cyclist 0.0000 0 1.8360 159.4505 159.3105 189.1788 204.4645 2.2049 0.7502 2.0886 -21.6961 1.1717 35.6282 1.2947 0.0023
Cyclist 0.0000 0 2.4476 59.7313 162.1864 93.6836 189.8162 1.6445 0.5913 1.6553 -32.0831 0.5558 42.9513 1.8115 0.0022
Car 0.0000 0 0.8357 0.0000 0.0000 1224.0000 370.0000 1.7716 1.7898 4.2603 -27.3845 1.5647 1.9869 -0.6493 0.0022
Pedestrian 0.0000 0 -0.9800 177.8198 160.0680 199.7656 199.8829 2.0876 0.7071 0.7442 -22.0616 1.0177 37.4622 -1.5067 0.0022
Pedestrian 0.0000 0 1.9836 1184.9036 189.9312 1224.0000 298.3268 1.3347 0.3744 0.6445 7.7828 1.4615 9.0669 2.6773 0.0022
Car 0.0000 0 -1.0964 0.0000 0.0000 1224.0000 370.0000 1.4980 1.7513 3.9938 -22.3919 1.4920 0.0501 -2.6488 0.0022
Car 0.0000 0 2.4493 1118.3896 165.4697 1224.0000 207.4720 1.5864 1.6836 4.2149 22.7026 1.0202 27.5567 3.1343 0.0022
Car 0.0000 0 -2.9303 0.0000 0.0000 1224.0000 370.0000 1.6340 1.7309 4.2492 11.1655 1.5526 0.0429 -1.3908 0.0022
Car 0.0000 0 -2.0299 138.4763 165.6821 215.8190 197.3455 1.6452 1.8177 4.5348 -23.4721 0.8767 38.7252 -2.5694 0.0022
Car 0.0000 0 3.0124 0.0000 0.0000 1224.0000 370.0000 1.4699 1.3446 3.4010 -28.0935 1.5925 -0.0075 1.4545 0.0022
Car 0.0000 0 2.0159 229.8691 162.1709 276.3515 187.4186 1.7444 1.4506 3.8772 -25.2118 0.4793 50.7926 1.5596 0.0021
Cyclist 0.0000 0 -2.1590 146.1710 160.7925 190.6446 204.4021 2.1337 0.7574 2.2947 -21.8910 1.1709 35.4164 -2.7068 0.0021
Car 0.0000 0 -1.6283 0.0000 158.0678 12.2940 190.4991 1.6625 1.7840 4.0237 -33.4760 0.5140 38.3049 -2.3404 0.0021
Car 0.0000 0 -0.1455 523.0272 162.6918 616.8071 198.4806 1.5051 1.4377 3.9154 -1.5713 0.7576 30.8124 -0.1940 0.0021
Car 0.0000 0 3.1619 497.9542 165.4018 572.1753 194.2839 1.5386 1.6521 3.9516 -3.8058 0.7357 38.6320 3.0664 0.0021
Car 0.0000 0 1.7764 213.7529 172.3199 265.1790 203.6685 1.4988 1.5848 3.6377 -18.4334 1.1091 35.7617 1.3059 0.0020
Car 0.0000 0 1.7655 215.3221 172.5018 265.9414 203.8316 1.4995 1.5764 3.7046 -18.4111 1.1182 35.8331 1.2963 0.0020
Car 0.0000 0 1.3456 0.0000 0.0000 1224.0000 370.0000 1.4823 1.6898 4.1664 -21.6371 1.4896 1.0484 -0.1602 0.0020
Car 0.0000 0 1.7233 0.0000 0.0000 1224.0000 370.0000 1.4737 1.4797 3.4969 -27.9052 1.3117 0.7705 0.1934 0.0020
Car 0.0000 0 -1.2679 0.0000 0.0000 1224.0000 370.0000 1.6223 1.7202 3.9801 11.6495 1.5072 0.2976 0.2511 0.0020
Cyclist 0.0000 0 1.7750 55.4551 171.4482 79.4497 209.2442 1.8064 0.5991 1.6915 -26.3706 1.3752 34.6806 1.1310 0.0020
Car 0.0000 0 -0.0211 0.0000 0.0000 1224.0000 370.0000 1.5765 1.7433 4.5515 -21.5849 1.5053 2.0625 -1.4801 0.0020
Car 0.0000 0 1.7017 0.0000 0.0000 1224.0000 370.0000 1.4877 1.6869 3.9634 -22.4248 1.4145 0.9532 0.1894 0.0019
Car 0.0000 0 -1.3012 0.0000 0.0000 1224.0000 370.0000 1.4135 1.7443 3.8208 -22.6359 1.4163 0.5958 -2.8298 0.0019
Car 0.0000 0 -3.0544 0.0000 0.0000 1224.0000 370.0000 1.6256 1.7583 4.2478 11.0818 1.4991 0.2667 -1.5353 0.0019
Car 0.0000 0 -1.5486 216.5246 171.7248 256.7784 205.1069 1.5887 1.7021 3.6102 -18.5272 1.1725 35.6401 -2.0226 0.0019
Cyclist 0.0000 0 -2.6413 0.0000 0.0000 1224.0000 370.0000 1.9283 0.5048 1.9023 10.2968 1.3489 0.5486 -1.1535 0.0019
Car 0.0000 0 1.7160 211.9255 172.0252 261.6943 205.0887 1.5785 1.6548 4.0503 -18.6522 1.1754 35.9346 1.2426 0.0018
Car 0.0000 0 2.1854 503.6348 171.6803 551.6832 194.5276 1.5175 1.5283 3.5553 -5.3042 0.9330 48.8802 2.0798 0.0018
Car 0.0000 0 0.7011 0.0000 0.0000 1224.0000 370.0000 1.7655 1.8318 4.0984 -27.2278 1.4321 2.0285 -0.7818 0.0018
Car 0.0000 0 -1.9638 1132.5280 161.8438 1217.5704 199.3701 1.6201 1.6353 3.9844 26.1892 0.8161 32.6602 -1.2911 0.0017
Car 0.0000 0 -1.2600 0.0000 0.0000 1224.0000 370.0000 1.6210 1.8062 3.8390 11.2751 1.5945 0.7961 0.2134 0.0017
Car 0.0000 0 -2.0888 0.0000 0.0000 1224.0000 370.0000 1.6951 1.7702 3.9340 10.9888 1.5943 1.5659 -0.6867 0.0017
Car 0.0000 0 -1.2714 0.0000 0.0000 1224.0000 370.0000 1.5708 1.7621 4.1152 11.4703 1.5905 0.7228 0.2100 0.0017
Car 0.0000 0 -1.7688 1129.0613 162.5853 1196.8833 201.9744 1.7030 1.6863 4.0063 25.7138 0.9299 32.7334 -1.1061 0.0017
Car 0.0000 0 -1.2906 666.9380 164.2587 721.4999 196.5865 1.5642 1.7443 4.0053 4.6371 0.7798 36.3911 -1.1632 0.0017
Car 0.0000 0 0.9059 0.0000 0.0000 1224.0000 370.0000 1.7457 1.8932 4.3926 -27.0118 1.5677 1.9603 -0.5790 0.0017
Car 0.0000 0 -1.2086 0.0000 0.0000 1224.0000 370.0000 1.6585 1.8048 4.0007 11.2731 1.5153 0.7938 0.2649 0.0016
Car 0.0000 0 -0.2172 524.5905 161.5313 625.0576 198.4402 1.5260 1.5217 4.0975 -1.3373 0.7432 30.4880 -0.2586 0.0016
Cyclist 0.0000 0 -2.2202 153.7721 160.9145 198.2015 203.3148 2.0745 0.7957 2.1036 -21.4671 1.1177 35.3494 -2.7601 0.0016
Car 0.0000 0 1.5887 1132.6464 166.1403 1180.0725 204.0845 1.5987 1.6014 4.2787 24.9241 0.9952 31.9542 2.2479 0.0016
Car 0.0000 0 -0.0370 0.0000 0.0000 1224.0000 370.0000 1.5128 1.7265 4.3475 -21.6982 1.4300 1.8204 -1.5076 0.0015
Car 0.0000 0 1.5242 0.0000 0.0000 1224.0000 370.0000 1.6693 1.5643 3.3506 -26.9646 1.4796 -0.2268 -0.0414 0.0015
Car 0.0000 0 4.6131 0.0000 0.0000 1224.0000 370.0000 1.4660 1.5982 4.3955 -25.8829 1.5932 -0.1575 3.0504 0.0015
Car 0.0000 0 1.4292 0.0000 0.0000 1224.0000 370.0000 1.6433 1.7630 3.4569 -26.4517 1.3402 0.5066 -0.1086 0.0015
Cyclist 0.0000 0 1.3872 374.1010 164.5689 392.3745 200.1823 1.7257 0.6451 1.2683 -10.9892 0.9552 34.9673 1.0871 0.0015
Car 0.0000 0 0.6351 0.0000 168.9291 5.8851 207.2278 1.5535 1.6210 3.6412 -27.7456 1.0856 29.6790 -0.1095 0.0015
Car 0.0000 0 1.1965 0.0000 0.0000 1224.0000 370.0000 1.6034 1.6722 4.0499 -26.2742 1.5072 0.0287 -0.3593 0.0015
Car 0.0000 0 3.0145 493.8344 165.3796 571.5255 194.8193 1.5370 1.6058 3.9999 -3.9310 0.7490 38.1420 2.9145 0.0015
Cyclist 0.0000 0 -2.1837 49.9747 162.4608 94.8199 206.7394 2.1312 0.7597 1.9884 -26.1550 1.2644 34.6984 -2.8234 0.0014
Car 0.0000 0 -1.3291 0.0000 0.0000 1224.0000 370.0000 1.4414 1.5694 3.9388 -22.6259 1.4336 0.6672 -2.8544 0.0014
Pedestrian 0.0000 0 -1.0169 366.5670 160.9618 387.8636 203.2410 2.0267 0.7329 0.6848 -11.0671 1.0916 34.3096 -1.3244 0.0014
Pedestrian 0.0000 0 -1.5583 123.4309 175.0520 140.9525 215.2801 1.8111 0.6555 0.4954 -21.5576 1.5673 32.2121 -2.1419 0.0014
Pedestrian 0.0000 0 -3.0344 1168.9893 157.1479 1195.0847 207.8121 1.9945 0.5947 0.7523 23.0806 1.0767 28.3063 -2.3542 0.0014
Car 0.0000 0 -1.7365 0.0000 158.1237 13.9839 191.3552 1.7035 1.6109 3.6375 -33.2595 0.5579 38.0215 -2.4492 0.0014
Cyclist 0.0000 0 -2.2151 141.8097 155.2469 186.5476 200.8823 2.2387 0.7603 2.1672 -22.1085 1.0013 35.4303 -2.7671 0.0013
Car 0.0000 0 -2.0859 132.6899 165.7134 211.6657 196.9207 1.6266 1.7163 4.4808 -23.7191 0.8573 38.6937 -2.6303 0.0013
Car 0.0000 0 1.2761 0.0000 0.0000 1224.0000 370.0000 1.4241 1.6802 4.1830 -22.2958 1.4631 0.7662 -0.2442 0.0013
Car 0.0000 0 -1.4897 213.8964 171.2193 258.8050 205.1618 1.6149 1.6913 3.7859 -18.5683 1.1748 35.7073 -1.9638 0.0013
Car 0.0000 0 -2.1399 0.0000 0.0000 1224.0000 370.0000 1.7385 1.7926 4.2573 10.8848 1.6029 1.6765 -0.7493 0.0013
Pedestrian 0.0000 0 1.2248 122.3949 178.2729 142.3106 216.3090 1.7113 0.6241 0.4979 -21.5485 1.6125 32.2045 0.6413 0.0012
Cyclist 0.0000 0 0.5403 54.9545 158.8316 97.1496 188.0308 1.7566 0.6039 2.0346 -32.1117 0.4544 42.9286 -0.0965 0.0012
Car 0.0000 0 0.0546 0.0000 0.0000 1224.0000 370.0000 1.5854 1.7619 4.4682 21.8061 1.4024 2.0967 1.5164 0.0012
Car 0.0000 0 -2.0425 192.1012 175.2833 258.8069 206.2115 1.4690 1.5649 3.3941 -18.9247 1.2227 35.1928 -2.5303 0.0012
Car 0.0000 0 -2.0731 0.0000 0.0000 1224.0000 370.0000 1.7397 1.7956 4.4581 10.7560 1.5846 1.7298 -0.6893 0.0012
Car 0.0000 0 -4.1690 0.0000 0.0000 1224.0000 370.0000 1.5946 1.6571 3.8583 11.3419 1.5378 0.5658 -2.6749 0.0011
Cyclist 0.0000 0 -1.4012 155.4103 163.0938 184.7874 206.9575 2.1081 0.8516 2.3533 -21.6590 1.2730 35.2260 -1.9467 0.0011
Car 0.0000 0 -0.0216 0.0000 0.0000 1224.0000 370.0000 1.5656 1.7482 4.2081 -21.6665 1.4983 1.9925 -1.4843 0.0011
Car 0.0000 0 2.4304 1110.6710 166.0933 1224.0000 207.3213 1.5644 1.6150 4.2466 22.4675 1.0192 27.7022 3.1079 0.0011
Car 0.0000 0 1.3952 0.0000 0.0000 1224.0000 370.0000 1.4531 1.7482 4.0350 -22.2286 1.4295 1.0763 -0.1110 0.0010
Car 0.0000 0 2.9850 490.1096 165.0421 573.7212 194.8407 1.5477 1.7166 4.2672 -3.9659 0.7463 38.0928 2.8840 0.0010
Car 0.0000 0 0.3594 286.4393 166.1650 380.9056 204.3848 1.5964 1.6753 3.4175 -11.6203 0.9992 30.3674 -0.0007 0.0010
Car 0.0000 0 -2.2792 0.0000 0.0000 1224.0000 370.0000 1.7462 1.7484 3.9276 10.5845 1.4817 1.7270 -0.8982 0.0010
Car 0.0000 0 0.6950 0.0000 0.0000 1224.0000 370.0000 1.7975 1.8789 4.1139 -27.2099 1.5307 2.1053 -0.7852 0.0010
Car 0.0000 0 1.2829 0.0000 0.0000 1224.0000 370.0000 1.6285 1.5771 3.2843 -26.6637 1.4637 -0.1461 -0.2796 0.0010
Cyclist 0.0000 0 0.4934 1109.0242 159.0298 1176.6208 215.5115 1.7692 0.5525 1.6888 17.4562 1.0983 23.0249 1.1371 0.0010
Car 0.0000 0 -0.1476 522.5606 161.4200 616.5658 198.3939 1.5431 1.5685 3.8825 -1.5831 0.7483 30.6529 -0.1967 0.0010
Cyclist 0.0000 0 1.4326 124.4735 183.1740 141.4294 216.3266 1.4758 0.4688 1.3440 -21.5477 1.6017 32.2357 0.8496 0.0009
Pedestrian 0.0000 0 0.7137 222.1506 158.3537 257.7661 220.7740 1.8496 0.6163 0.7305 -11.0443 1.1950 21.3335 0.2439 0.0009
Car 0.0000 0 1.5167 58.1755 156.4029 91.5256 188.4453 1.9361 1.4919 3.9776 -33.5653 0.4814 44.7241 0.8782 0.0009
Cyclist 0.0000 0 1.5410 465.1812 160.3781 475.5081 190.1138 1.7838 0.5706 1.8615 -8.2726 0.5781 43.3789 1.3558 0.0009
Car 0.0000 0 2.4436 1102.7998 170.3247 1224.0000 210.6917 1.5296 1.6563 4.1691 22.1112 1.1455 27.6720 3.1137 0.0009
Pedestrian 0.0000 0 0.8581 221.0910 159.7305 257.0430 221.4803 1.8264 0.6075 0.7734 -11.0737 1.2136 21.3348 0.3873 0.0009
Cyclist 0.0000 0 -2.5765 132.7197 156.6472 187.4278 204.1726 2.3270 0.8611 2.1768 -22.0605 1.1605 35.0543 -3.1324 0.0008
Pedestrian 0.0000 0 0.0678 1166.8372 155.5399 1194.7888 207.0421 2.0272 0.5974 0.8322 23.0486 1.0462 28.3273 0.7469 0.0008
Pedestrian 0.0000 0 0.6849 218.6247 163.7577 252.4467 223.4926 1.7421 0.5905 0.6664 -10.9903 1.2554 20.9738 0.2103 0.0008
Car 0.0000 0 -2.0869 191.4531 176.2875 259.7790 206.1443 1.4205 1.5455 3.3694 -18.9125 1.2215 35.1916 -2.5745 0.0008
Car 0.0000 0 0.0433 524.8626 161.9843 619.1926 197.9101 1.5101 1.4219 3.9652 -1.4082 0.7333 30.4274 -0.0005 0.0007
Car 0.0000 0 1.9791 266.9273 161.8759 341.8466 204.2479 1.6415 1.4843 3.7094 -12.3634 0.9215 29.2509 1.5850 0.0007
Car 0.0000 0 1.6265 0.0000 0.0000 1224.0000 370.0000 1.5574 1.7885 4.1780 -21.8673 1.4304 1.0872 0.1218 0.0007
Pedestrian 0.0000 0 1.2736 272.6704 151.1362 296.0044 220.0874 2.0902 0.5205 0.5465 -9.9245 1.2016 21.8061 0.8539 0.0007
Car 0.0000 0 -2.2643 193.5935 175.2668 270.5614 205.9388 1.4708 1.4852 3.5407 -18.6196 1.2213 35.2694 -2.7446 0.0007
Pedestrian 0.0000 0 0.6414 220.0085 163.7384 253.0133 223.1454 1.7357 0.6017 0.6359 -10.9762 1.2476 21.0032 0.1679 0.0007
Cyclist 0.0000 0 -2.9301 0.0000 0.0000 1224.0000 370.0000 1.9140 0.5678 1.9102 9.9420 1.3886 0.6193 -1.4523 0.0007
Car 0.0000 0 1.5151 0.0000 0.0000 1224.0000 370.0000 1.4317 1.6386 3.9735 -17.1517 1.4660 0.8083 0.0118 0.0006
Car 0.0000 0 0.1018 247.7884 161.5054 361.6083 203.0995 1.6735 1.6336 4.2717 -12.5848 0.9108 29.8390 -0.2916 0.0006
Pedestrian 0.0000 0 -1.8210 159.8556 163.9985 184.8085 208.0262 2.1597 0.8727 0.8915 -21.6199 1.3517 35.3015 -2.3648 0.0005
Pedestrian 0.0000 0 -1.0003 167.0982 168.8733 193.3627 207.2463 1.8977 0.7952 0.8470 -21.2760 1.3241 35.3986 -1.5358 0.0005
Cyclist 0.0000 0 -2.1430 157.4881 166.7911 195.0664 206.1532 1.9121 0.7723 1.7556 -21.2878 1.2476 35.0765 -2.6827 0.0005
Cyclist 0.0000 0 1.4808 463.9305 162.3717 475.3442 190.6750 1.7012 0.5211 1.9370 -8.3391 0.6130 43.4965 1.2946 0.0005
Pedestrian 0.0000 0 -1.8937 159.9603 164.2948 185.1752 208.2510 2.1585 0.8485 0.8603 -21.6167 1.3642 35.3170 -2.4373 0.0005
Pedestrian 0.0000 0 -1.4667 71.7153 165.9253 92.7979 208.4377 2.0522 0.7587 0.7025 -25.6081 1.3501 34.6209 -2.0974 0.0005
Pedestrian 0.0000 0 -1.2718 70.3727 165.8571 94.7936 208.5880 2.0659 0.7934 0.6873 -25.6001 1.3594 34.6324 -1.9022 0.0004
Pedestrian 0.0000 0 -1.4357 169.0926 168.4768 189.0506 207.1897 1.9065 0.7562 0.7583 -21.2831 1.3159 35.3128 -1.9724 0.0004
Pedestrian 0.0000 0 -1.1703 222.8472 164.2891 248.8205 205.9592 1.9684 0.8788 0.7455 -17.6590 1.2041 33.7991 -1.6461 0.0004
Pedestrian 0.0000 0 3.5260 279.3002 158.6519 304.7580 225.7920 2.0061 0.5221 0.5475 -9.4977 1.3548 21.3889 3.1154 0.0004
Cyclist 0.0000 0 -2.2614 141.9994 159.7197 190.1789 205.2198 2.2074 0.8335 2.1870 -21.7718 1.2007 35.0457 -2.8114 0.0003
Cyclist 0.0000 0 1.5525 466.4931 161.4715 473.9774 189.6586 1.7075 0.4266 1.6940 -8.3377 0.5562 43.6980 1.3672 0.0003
Pedestrian 0.0000 0 -1.8941 369.3332 159.5623 389.2390 201.2305 2.0104 0.7725 0.6189 -11.0587 1.0017 34.5869 -2.1990 0.0003
Pedestrian 0.0000 0 -0.9689 164.7831 167.0060 189.9270 204.8547 1.8563 0.7879 0.7374 -21.2202 1.1959 35.0651 -1.5073 0.0002
Pedestrian 0.0000 0 -1.3055 369.5244 159.0502 389.9747 201.8379 2.0772 0.8200 0.6209 -11.0497 1.0373 34.6459 -1.6098 0.0002
Pedestrian 0.0000 0 -0.9129 163.3214 168.1531 191.1254 206.2799 1.8670 0.8507 0.8299 -21.2355 1.2639 35.0811 -1.4515 0.0002
Pedestrian 0.0000 0 -1.9484 158.5670 166.6357 183.5825 209.4567 2.0927 0.8109 0.8363 -21.5734 1.4166 35.1252 -2.4934 0.0001
Pedestrian 0.0000 0 -2.0998 158.0298 167.5952 184.5645 210.0692 2.0755 0.8135 0.8378 -21.5469 1.4464 35.1028 -2.6446 0.0001