Pedestrian 0.0000 0 0.3000 299.8803 156.5843 409.7990 317.3583 1.8279 0.6686 1.0774 -2.9903 1.5577 8.3836 -0.0291 0.9689
Pedestrian 0.0000 0 0.2593 299.6875 158.8659 408.3925 319.9899 1.8234 0.6519 1.0779 -2.9907 1.5803 8.3599 -0.0707 0.9577
Pedestrian 0.0000 0 0.3016 304.9062 156.2926 405.6036 316.6031 1.8212 0.6767 0.9654 -2.9858 1.5478 8.3786 -0.0271 0.9514
Pedestrian 0.0000 0 0.3085 304.4891 158.3131 406.0182 318.4133 1.8208 0.6397 0.9832 -2.9828 1.5702 8.3662 -0.0205 0.9324
Pedestrian 0.0000 0 0.2912 302.2338 154.6983 408.6213 318.0165 1.8554 0.6340 1.0471 -2.9782 1.5639 8.3637 -0.0374 0.8128
Pedestrian 0.0000 0 0.2688 303.6212 154.5087 408.2981 316.3384 1.8347 0.6451 1.0314 -2.9710 1.5417 8.3633 -0.0590 0.8031
Pedestrian 0.0000 0 0.2495 305.0737 157.8338 410.3868 319.5626 1.8357 0.6137 1.0555 -2.9514 1.5801 8.3663 -0.0762 0.6760
Pedestrian 0.0000 0 0.2851 307.3842 157.4289 409.7783 317.7716 1.8246 0.6086 1.0120 -2.9432 1.5637 8.3649 -0.0398 0.6213
Pedestrian 0.0000 0 0.1302 1208.6926 111.7904 1224.0000 263.5399 1.9852 0.5684 1.1050 9.1425 1.0880 9.8493 0.8641 0.4297
Car 0.0000 0 4.4064 0.0000 0.0000 1224.0000 370.0000 1.5145 1.6169 4.2137 -2.5773 1.6953 0.4483 3.1280 0.4185
Car 0.0000 0 4.4101 0.0000 0.0000 1224.0000 370.0000 1.5258 1.6118 4.2633 -2.5546 1.6967 -0.0416 2.9507 0.4118
Pedestrian 0.0000 0 -2.9059 1201.6578 109.2903 1224.0000 265.7842 2.0296 0.5724 1.2170 9.1180 1.1077 9.8285 -2.1724 0.4097
Car 0.0000 0 -1.8051 0.0000 0.0000 1224.0000 370.0000 1.5003 1.6099 4.2168 -2.5524 1.6963 0.4535 -3.0789 0.4008
Car 0.0000 0 4.3845 301.1198 0.0000 1224.0000 370.0000 1.5717 1.6184 4.3787 -2.4299 1.6938 -0.2336 2.8522 0.3742
Pedestrian 0.0000 0 -0.0188 1206.3727 109.2065 1224.0000 264.3722 2.0268 0.5401 1.1888 9.0959 1.0972 9.8239 0.7138 0.3718
Car 0.0000 0 4.4712 0.0000 0.0000 1224.0000 370.0000 1.5110 1.5980 4.2641 -2.4609 1.6833 0.0494 3.0524 0.3595
Car 0.0000 0 4.3601 0.0000 0.0000 1224.0000 370.0000 1.5557 1.6299 4.2903 -2.6639 1.7068 0.0474 2.9291 0.3501
Car 0.0000 0 -4.1846 0.0000 0.0000 1224.0000 370.0000 1.4930 1.6016 3.8042 1.5939 1.6509 0.2812 -2.9748 0.3441
Pedestrian 0.0000 0 -0.0945 1208.6964 111.6285 1224.0000 264.5705 2.0038 0.5588 1.1667 9.1411 1.1031 9.8311 0.6402 0.3400
Pedestrian 0.0000 0 -2.9181 1198.8622 111.5015 1224.0000 268.0704 2.0258 0.5902 1.2843 9.1295 1.1347 9.8382 -2.1844 0.3196
Pedestrian 0.0000 0 1.1137 1009.5401 221.1335 1100.7467 370.0000 1.1361 0.3533 0.5763 3.3429 1.4634 5.3602 1.6472 0.3127
Car 0.0000 0 -1.8598 0.0000 0.0000 1224.0000 370.0000 1.5086 1.6086 4.3518 -2.3509 1.6850 0.4422 -3.1142 0.2797
Car 0.0000 0 -4.2863 0.0000 0.0000 1224.0000 370.0000 1.5194 1.6644 3.9257 1.2532 1.6141 0.1473 -3.0732 0.2568
Car 0.0000 0 4.4074 0.0000 0.0000 1224.0000 370.0000 1.5766 1.6740 4.4002 -2.5750 1.7305 0.3861 3.1069 0.2484
Car 0.0000 0 0.4514 247.4687 0.0000 1224.0000 370.0000 1.5561 1.5785 3.5739 -1.1734 1.6380 -0.2201 -1.0297 0.2179
Car 0.0000 0 4.4115 0.0000 0.0000 1224.0000 370.0000 1.5652 1.6383 4.4290 -2.9778 1.7210 -0.1330 2.9061 0.2039
Car 0.0000 0 4.2914 205.6638 0.0000 1224.0000 370.0000 1.6015 1.5886 4.1507 -2.4970 1.7002 -0.1242 2.8018 0.2006
Car 0.0000 0 4.3560 0.0000 0.0000 1224.0000 370.0000 1.5720 1.6407 4.3495 -2.7399 1.6928 0.0507 2.9224 0.1948
Car 0.0000 0 4.4401 0.0000 0.0000 1224.0000 370.0000 1.5517 1.6081 4.2513 -2.2303 1.7011 -0.1476 2.9495 0.1942
Pedestrian 0.0000 0 -2.9649 1208.2737 110.1971 1224.0000 265.1577 2.0304 0.5944 1.1329 9.2032 1.1109 9.8889 -2.2297 0.1720
Car 0.0000 0 0.2376 0.0000 0.0000 1224.0000 370.0000 1.4629 1.5576 3.4599 1.4153 1.6266 -0.1070 1.6582 0.1715
Car 0.0000 0 2.8182 0.0000 0.0000 1224.0000 370.0000 1.4602 1.5016 3.5710 -1.4599 1.6682 0.0514 1.5004 0.1712
Pedestrian 0.0000 0 0.0353 1208.5109 110.6186 1224.0000 266.0045 2.0477 0.5934 1.1285 9.1870 1.1284 9.9180 0.7683 0.1679
Car 0.0000 0 -0.9759 0.0000 0.0000 1224.0000 370.0000 1.4898 1.5846 3.6032 1.7337 1.6009 0.2048 0.3007 0.1654
Car 0.0000 0 0.2966 0.0000 0.0000 1224.0000 370.0000 1.4864 1.6372 3.5946 1.6030 1.6112 0.0961 1.6130 0.1602
Car 0.0000 0 -4.3641 0.0000 0.0000 1224.0000 370.0000 1.4718 1.5882 3.6126 1.7528 1.6272 0.2182 -3.0914 0.1591
Car 0.0000 0 -1.0366 0.0000 0.0000 1224.0000 370.0000 1.4616 1.5530 3.4537 1.9897 1.6154 0.4114 0.1820 0.1366
Car 0.0000 0 4.3121 90.9215 0.0000 1224.0000 370.0000 1.5821 1.6086 4.1734 -2.7293 1.7097 -0.1266 2.8148 0.1346
Car 0.0000 0 -4.2525 0.0000 0.0000 1224.0000 370.0000 1.4835 1.6469 3.5147 1.7098 1.6100 0.1662 -2.9590 0.1243
Pedestrian 0.0000 0 -3.1148 1200.4535 110.5174 1224.0000 268.3543 2.0532 0.6028 1.2992 9.1306 1.1445 9.8586 -2.3821 0.1211
Car 0.0000 0 0.6105 0.0000 0.0000 1224.0000 370.0000 1.4266 1.4978 3.5596 1.4028 1.6419 0.4213 1.6948 0.1186
Car 0.0000 0 -0.9458 0.0000 0.0000 735.1906 370.0000 1.5258 1.6026 3.8675 1.6392 1.6060 -0.0078 0.4363 0.1178
Car 0.0000 0 0.2333 1.4055 0.0000 1224.0000 370.0000 1.5037 1.5846 3.7101 1.1965 1.6280 -0.1914 1.6957 0.1155
Car 0.0000 0 -1.1197 0.0000 0.0000 1224.0000 370.0000 1.4632 1.5084 3.3964 2.1600 1.5657 0.2061 0.2122 0.1139
Car 0.0000 0 -0.0538 0.0000 0.0000 1224.0000 370.0000 1.4712 1.6603 3.7409 2.0207 1.6024 -0.0137 1.3664 0.1116
Car 0.0000 0 -1.0762 0.0000 0.0000 1224.0000 370.0000 1.5383 1.5811 3.6338 1.9555 1.5908 -0.0182 0.3412 0.1111
Car 0.0000 0 0.1549 0.0000 0.0000 1224.0000 370.0000 1.5085 1.6437 3.7687 2.0541 1.5965 0.0438 1.5503 0.1073
Car 0.0000 0 3.0051 0.0000 0.0000 1224.0000 370.0000 1.4583 1.5115 3.5917 -1.7611 1.6655 0.1784 1.7135 0.1060
Car 0.0000 0 -4.3935 0.0000 0.0000 1224.0000 370.0000 1.5523 1.6562 3.8628 1.3662 1.6158 -0.0025 -3.0519 0.1011
Car 0.0000 0 0.2231 0.0000 0.0000 1224.0000 370.0000 1.4364 1.5331 3.5706 1.4716 1.6459 0.0128 1.5709 0.1008
Car 0.0000 0 4.4450 0.0000 0.0000 1224.0000 370.0000 1.5223 1.5893 4.1944 -2.0349 1.6563 0.1065 3.0840 0.0967
Car 0.0000 0 2.0559 0.0000 0.0000 1224.0000 370.0000 1.5145 1.6309 4.1512 0.9666 1.6462 0.3098 3.0484 0.0964
Car 0.0000 0 0.3465 0.0000 0.0000 1224.0000 370.0000 1.4496 1.5852 3.7162 1.5867 1.6234 0.1787 1.6123 0.0964
Car 0.0000 0 0.7163 0.0000 0.0000 1224.0000 370.0000 1.4505 1.6065 3.8003 1.6406 1.6198 0.5348 1.8068 0.0944
Car 0.0000 0 -4.0682 0.0000 0.0000 1224.0000 370.0000 1.5299 1.6498 4.1915 0.7543 1.6259 0.2422 -3.1390 0.0899
Car 0.0000 0 4.2287 0.0000 0.0000 1224.0000 370.0000 1.5337 1.6142 4.1831 -1.7514 1.6552 -0.0971 2.7881 0.0857
Car 0.0000 0 0.3628 0.0000 0.0000 1224.0000 370.0000 1.4672 1.6117 3.7355 1.2708 1.6392 0.0299 1.6640 0.0820
Car 0.0000 0 2.0663 0.0000 0.0000 1224.0000 370.0000 1.5035 1.6460 4.0218 1.5676 1.6709 0.6162 3.0987 0.0812
Car 0.0000 0 -1.4964 724.0520 151.8463 750.3214 180.7507 2.2937 1.8178 4.2820 10.9696 0.0211 58.4052 -1.3099 0.0700
Car 0.0000 0 -0.6073 0.0000 0.0000 1224.0000 370.0000 1.4491 1.5342 3.6141 -1.6202 1.6597 0.6805 -1.6217 0.0668
Car 0.0000 0 0.0793 0.0000 0.0000 1224.0000 370.0000 1.5548 1.6437 3.8749 2.1638 1.5693 -0.1754 1.5832 0.0668
Car 0.0000 0 -2.0957 742.3934 153.3714 789.3707 179.8566 2.0894 1.7658 4.4771 13.2178 -0.0540 58.2916 -1.8721 0.0650
Car 0.0000 0 -1.3414 719.8646 155.8570 752.4276 180.2808 1.9632 1.8070 4.0166 11.0079 -0.0178 59.0713 -1.1563 0.0628
Pedestrian 0.0000 0 -2.8421 1153.7997 153.0690 1197.5746 222.5735 1.7454 0.5517 0.7507 14.6657 1.0582 18.2164 -2.1712 0.0609
Car 0.0000 0 -4.2161 0.0000 0.0000 1224.0000 370.0000 1.5883 1.6666 4.3695 0.7790 1.5970 0.0602 -3.1011 0.0607
Pedestrian 0.0000 0 -3.2562 1199.7500 118.2099 1224.0000 273.3351 2.0015 0.5553 1.2511 8.9663 1.1995 9.7061 -2.5249 0.0605
Cyclist 0.0000 0 1.8351 0.0000 0.0000 1224.0000 370.0000 1.9960 0.6259 1.8056 -4.2284 1.8172 -0.2958 0.2722 0.0602
Cyclist 0.0000 0 0.0427 0.0000 0.0000 1224.0000 370.0000 1.6814 0.5325 1.9122 -1.1394 1.5707 0.0505 -1.2086 0.0592
Car 0.0000 0 -2.1659 742.1481 151.9885 789.8926 179.5296 2.1805 1.7853 4.2179 13.2667 -0.0821 58.4251 -1.9420 0.0591
Car 0.0000 0 -3.0136 0.0000 0.0000 1224.0000 370.0000 1.5538 1.6807 3.5750 1.6722 1.5872 -0.1885 -1.5219 0.0589
Car 0.0000 0 3.5866 0.0000 0.0000 1224.0000 370.0000 1.5215 1.5945 4.0414 -2.1239 1.6389 -0.3124 2.0226 0.0577
Car 0.0000 0 -1.4111 721.1424 154.5409 751.2352 181.2939 2.1372 1.8138 4.1861 10.9536 0.0647 58.7539 -1.2259 0.0573
Car 0.0000 0 -1.1879 0.0000 0.0000 1224.0000 370.0000 1.5399 1.5147 3.7464 2.2990 1.5545 -0.0456 0.2640 0.0566
Car 0.0000 0 -1.2200 0.0000 0.0000 1224.0000 370.0000 1.5491 1.5339 3.6417 2.2196 1.5930 0.0033 0.2062 0.0557
Car 0.0000 0 -0.2211 301.5291 0.0000 1224.0000 370.0000 1.4902 1.5986 3.5426 -0.7742 1.6673 0.1512 -1.2402 0.0526
Car 0.0000 0 2.1971 0.0000 0.0000 1224.0000 370.0000 1.5332 1.6216 4.1250 0.6210 1.6232 0.2005 3.0690 0.0519
Car 0.0000 0 -1.8087 745.6861 154.5136 780.4671 179.6056 1.9746 1.7989 4.3751 12.9291 -0.0750 57.9971 -1.5887 0.0499
Car 0.0000 0 2.1485 0.0000 0.0000 1224.0000 370.0000 1.6073 1.6358 4.2493 0.6030 1.5925 0.0803 3.1313 0.0498
Car 0.0000 0 0.3623 0.0000 0.0000 1224.0000 370.0000 1.4858 1.7287 4.0988 2.0426 1.6219 0.4299 1.5814 0.0490
Cyclist 0.0000 0 -0.0995 177.1667 0.0000 1224.0000 370.0000 1.6685 0.4446 1.8326 -1.0854 1.6838 0.3945 -1.0843 0.0455
Car 0.0000 0 0.3547 220.0063 0.0000 1224.0000 370.0000 1.5917 1.6626 3.4867 -0.7907 1.6186 -0.3142 -1.2025 0.0450
Car 0.0000 0 -1.5737 730.0065 155.1501 751.1399 177.2656 1.8223 1.7336 4.1606 11.7282 -0.2885 61.1083 -1.3832 0.0423
Car 0.0000 0 3.5874 0.0000 0.0000 1224.0000 370.0000 1.4958 1.5628 3.9343 -2.1756 1.6672 -0.1324 2.1058 0.0414
Car 0.0000 0 0.6788 0.0000 0.0000 1224.0000 370.0000 1.4078 1.5100 3.5929 1.2481 1.6208 0.3583 1.7514 0.0409
Car 0.0000 0 -0.0883 180.1344 0.0000 1224.0000 370.0000 1.4945 1.5532 3.6170 -1.1201 1.6584 0.1376 -1.2669 0.0408
Car 0.0000 0 1.0694 0.0000 0.0000 1224.0000 370.0000 1.5619 1.6339 4.2163 -1.1279 1.6306 -0.0168 -0.2341 0.0403
Car 0.0000 0 2.3419 0.0000 0.0000 1224.0000 370.0000 1.4886 1.5907 3.8315 0.8572 1.6476 0.5581 3.1151 0.0399
Car 0.0000 0 -2.3619 0.0000 0.0000 1224.0000 370.0000 1.4401 1.5181 3.7898 1.7388 1.6255 0.8189 -1.3707 0.0394
Car 0.0000 0 -3.8224 0.0000 0.0000 1224.0000 370.0000 1.4731 1.5679 4.0404 0.4437 1.6321 0.2146 -3.1306 0.0390
Cyclist 0.0000 0 0.0217 0.0000 0.0000 1224.0000 370.0000 1.6496 0.4933 1.7687 -1.3482 1.6480 0.3503 -1.0838 0.0387
Car 0.0000 0 -2.1928 1181.8633 158.7954 1224.0000 216.2612 1.5215 1.5740 3.5285 18.8296 0.9484 20.5570 -1.4573 0.0387
Car 0.0000 0 2.2327 0.0000 0.0000 1224.0000 370.0000 1.5460 1.5863 4.2598 0.4608 1.6225 0.1261 3.0326 0.0382
Car 0.0000 0 -1.9153 1175.0677 158.5072 1224.0000 217.6503 1.5502 1.6587 3.8514 18.3530 0.9753 20.6228 -1.1941 0.0375
Car 0.0000 0 -1.8672 1181.2020 158.7139 1224.0000 217.1094 1.5300 1.6408 3.7297 18.3614 0.9608 20.5574 -1.1442 0.0355
Car 0.0000 0 -2.5152 0.0000 0.0000 1224.0000 370.0000 1.5338 1.5792 3.7582 5.5922 1.5026 -0.2502 -0.9561 0.0351
Car 0.0000 0 -1.7591 726.0397 151.7941 758.1408 181.2104 2.3319 1.8048 4.3713 11.2574 0.0576 58.2335 -1.5673 0.0340
Car 0.0000 0 -1.4917 731.0651 155.1350 755.4221 177.6407 1.8566 1.7384 4.2106 12.0093 -0.2553 61.1619 -1.2969 0.0337
Car 0.0000 0 -1.9110 743.2216 151.1258 782.3036 180.6551 2.3383 1.7702 4.4061 12.9618 0.0135 58.2757 -1.6914 0.0333
Car 0.0000 0 3.2595 35.1018 0.0000 1224.0000 370.0000 1.4942 1.5975 3.7355 -1.9841 1.6689 0.3021 1.9957 0.0325
Car 0.0000 0 2.0303 0.0000 0.0000 1224.0000 370.0000 1.5160 1.6197 3.6250 1.8717 1.6598 0.6998 3.1024 0.0317
Car 0.0000 0 -2.0499 0.0000 0.0000 1224.0000 370.0000 1.5382 1.5743 3.7885 5.2961 1.5522 -0.2861 -0.4847 0.0316
Car 0.0000 0 0.9686 0.0000 0.0000 1224.0000 370.0000 1.4755 1.5184 3.9829 -0.7800 1.5986 0.1416 -0.0620 0.0310
Car 0.0000 0 -1.5075 729.1938 156.5724 752.1254 177.6258 1.7330 1.6881 4.0268 11.7418 -0.2554 60.9483 -1.3163 0.0308
Car 0.0000 0 -2.0528 1155.8906 158.5916 1224.0000 217.0211 1.5294 1.6609 3.8405 17.9679 0.9575 20.5615 -1.3406 0.0307
Car 0.0000 0 -1.9873 0.0000 0.0000 1224.0000 370.0000 1.4292 1.4704 3.5005 -1.3623 1.6463 0.3943 -3.0714 0.0303
Car 0.0000 0 -1.6812 745.7614 153.8566 773.9369 179.6571 2.0178 1.7814 4.2558 12.5968 -0.0702 57.6477 -1.4654 0.0296
Car 0.0000 0 -2.2910 0.0000 0.0000 1224.0000 370.0000 1.4358 1.4854 3.3826 1.5109 1.6218 0.9702 -1.4266 0.0295
Car 0.0000 0 -2.2997 0.0000 0.0000 1224.0000 370.0000 1.4431 1.5766 3.6739 1.3332 1.6350 0.8727 -1.4584 0.0294
Car 0.0000 0 3.0342 0.0000 0.0000 1224.0000 370.0000 1.5051 1.5701 4.1244 0.0217 1.6761 0.4142 3.0653 0.0292
Car 0.0000 0 -1.8830 743.2901 152.2720 780.3878 180.7661 2.2667 1.7720 4.2401 12.9256 0.0224 58.4352 -1.6646 0.0291
Car 0.0000 0 0.6971 0.0000 0.0000 1224.0000 370.0000 1.6230 1.7319 3.9071 -2.8635 1.7083 0.0917 -0.7282 0.0291
Car 0.0000 0 1.6146 727.2484 158.1543 751.8500 180.6959 1.8280 1.8579 4.0236 11.3715 0.0171 59.5038 1.8042 0.0287
Car 0.0000 0 -2.0146 1157.0962 158.5737 1224.0000 217.9586 1.5549 1.6539 3.9165 17.9952 0.9824 20.6155 -1.3030 0.0285
Car 0.0000 0 -2.1050 742.5822 153.8507 788.0397 180.1044 2.0874 1.7672 4.2164 13.2384 -0.0329 58.5601 -1.8820 0.0283
Car 0.0000 0 -1.9136 1179.4513 159.0029 1224.0000 216.5844 1.5095 1.6071 3.5815 18.2964 0.9475 20.4911 -1.1908 0.0279
Car 0.0000 0 2.2200 0.0000 172.6322 10.7619 208.4112 1.4158 1.5904 4.0640 -27.6674 1.1060 30.0676 1.4833 0.0275
Pedestrian 0.0000 0 -0.2692 110.2860 169.9296 153.1499 262.1299 1.6295 0.4297 0.5560 -8.6412 1.4444 12.8419 -0.8483 0.0272
Car 0.0000 0 -1.9665 1223.7769 158.7067 1224.0000 222.0041 1.6229 1.6504 3.9878 19.6619 1.0657 20.2802 -1.2028 0.0270
Car 0.0000 0 2.1689 0.0000 172.8228 11.7178 208.7312 1.4366 1.6275 3.8195 -27.6628 1.1309 30.2838 1.4358 0.0270
Car 0.0000 0 1.5870 728.2100 157.0821 751.6901 181.5107 1.9730 1.8665 3.9074 11.3459 0.0829 59.2041 1.7772 0.0270
Car 0.0000 0 -3.0157 0.0000 0.0000 1224.0000 370.0000 1.4537 1.6364 3.5280 9.2025 1.4581 -0.2407 -1.4524 0.0267
Car 0.0000 0 -1.8623 725.0425 153.8321 762.0263 179.9160 2.0520 1.7860 4.3896 11.3236 -0.0486 57.9920 -1.6687 0.0266
Car 0.0000 0 -2.1419 742.3228 155.6802 786.9576 179.2997 1.8834 1.7756 3.9219 13.2309 -0.1022 58.7399 -1.9197 0.0255
Car 0.0000 0 -1.6928 744.5883 152.9097 773.0284 180.3343 2.1743 1.7890 4.1833 12.6429 -0.0130 58.2441 -1.4784 0.0249
Car 0.0000 0 -2.0348 1160.5046 157.5711 1224.0000 217.6418 1.5786 1.6627 3.9947 18.2395 0.9776 20.7168 -1.3189 0.0241
Car 0.0000 0 3.6873 0.0000 0.0000 1224.0000 370.0000 1.5914 1.6609 4.0773 -2.5363 1.6254 -0.1392 2.1907 0.0239
Car 0.0000 0 -2.0518 1182.6521 157.2562 1224.0000 218.0631 1.5950 1.6547 4.1392 19.0138 0.9869 20.7524 -1.3161 0.0239
Car 0.0000 0 -1.6203 727.3181 152.8739 752.1500 180.2320 2.1637 1.7930 4.3263 11.0717 -0.0217 58.2256 -1.4316 0.0238
Car 0.0000 0 -1.9498 1169.8704 158.0005 1224.0000 217.3745 1.5612 1.6560 3.7823 18.2635 0.9712 20.6457 -1.2316 0.0236
Car 0.0000 0 -2.0754 741.4351 156.6248 783.5504 179.1622 1.8095 1.7998 3.8433 13.1367 -0.1146 59.1104 -1.8560 0.0235
Car 0.0000 0 2.1959 0.0000 171.8516 13.2418 208.5271 1.4597 1.6250 4.0146 -27.6474 1.1170 30.2187 1.4620 0.0232
Car 0.0000 0 1.3304 739.9972 156.3416 773.0768 178.5874 1.8189 1.7926 4.2627 12.9007 -0.1679 60.3339 1.5418 0.0231
Car 0.0000 0 -1.7312 743.5984 150.7488 774.1813 180.3396 2.3361 1.7600 4.4701 12.6166 -0.0125 58.1194 -1.5168 0.0229
Car 0.0000 0 -1.6212 728.2780 152.4772 753.5767 182.0098 2.3484 1.8353 4.3353 11.2210 0.1213 58.4936 -1.4309 0.0226
Car 0.0000 0 -2.2334 1192.0298 158.7675 1224.0000 216.9268 1.5171 1.6439 3.6930 19.1143 0.9518 20.3486 -1.4854 0.0224
Car 0.0000 0 3.3254 0.0000 0.0000 1224.0000 370.0000 1.5856 1.6425 3.9703 -0.1047 1.5856 -0.0425 2.9746 0.0222
Car 0.0000 0 -2.0402 1215.6162 158.7755 1224.0000 219.5282 1.5539 1.6556 3.9330 19.4785 0.9998 20.2010 -1.2793 0.0217
Car 0.0000 0 3.7567 59.9295 0.0000 1224.0000 370.0000 1.5861 1.6537 4.0596 -2.6675 1.6863 0.2087 2.3843 0.0211
Car 0.0000 0 -1.9721 727.1290 154.1716 768.7381 179.7157 2.0000 1.7538 4.3948 11.6477 -0.0655 57.8279 -1.7726 0.0209
Pedestrian 0.0000 0 0.3422 246.5260 167.5582 285.7293 248.1688 1.6320 0.5343 0.5831 -7.0348 1.3716 14.6033 -0.0964 0.0209
Car 0.0000 0 2.4072 0.0000 0.0000 1224.0000 370.0000 1.5794 1.5946 4.1445 0.2627 1.5678 0.0487 3.0254 0.0201
Car 0.0000 0 2.5480 0.0000 0.0000 1224.0000 370.0000 1.4727 1.5285 4.0549 0.3456 1.6550 0.2540 3.0893 0.0200
Cyclist 0.0000 0 -0.3209 177.9042 0.0000 1224.0000 370.0000 1.6524 0.4240 1.7127 -1.0998 1.7289 0.6275 -1.1776 0.0199
Car 0.0000 0 -2.0260 748.3090 147.2318 803.1721 180.0938 2.0981 1.7567 4.5603 11.4220 -0.0275 47.6152 -1.7902 0.0198
Car 0.0000 0 -1.0201 1217.5509 158.5628 1224.0000 216.6760 1.5226 1.6245 3.9304 19.4833 0.9494 19.7912 -0.2490 0.0197
Car 0.0000 0 -2.0539 0.0000 0.0000 1224.0000 370.0000 1.5308 1.5490 3.7535 5.3501 1.4696 -0.2930 -0.4874 0.0196
Car 0.0000 0 -2.0614 730.7796 154.0372 776.1035 179.9109 2.0151 1.7616 4.3492 12.0287 -0.0487 57.5025 -1.8545 0.0194
Car 0.0000 0 2.3602 0.0000 170.8122 12.9729 208.3960 1.5066 1.6589 3.9445 -27.9798 1.1198 30.3510 1.6225 0.0193
Car 0.0000 0 -1.7053 774.0530 150.7018 807.2410 179.3858 1.8457 1.6588 3.8186 12.4652 -0.0769 47.6426 -1.4492 0.0193
Car 0.0000 0 0.4089 106.6185 0.0000 1224.0000 370.0000 1.5841 1.7546 3.7615 -2.5637 1.7120 0.6322 -0.8036 0.0193
Pedestrian 0.0000 0 0.2594 533.3055 171.0145 569.7748 266.9281 1.7344 0.4207 0.5829 -1.0260 1.5645 13.0409 0.1844 0.0192
Car 0.0000 0 -1.8855 756.8020 149.0311 803.5001 180.4901 2.0244 1.7527 4.4865 11.7713 0.0006 47.7964 -1.6437 0.0191
Car 0.0000 0 1.4864 728.0707 155.9503 754.2681 182.5572 2.1410 1.8126 3.9872 11.3353 0.1668 58.9690 1.6771 0.0189
Car 0.0000 0 2.3533 0.0000 170.2323 11.4203 207.5576 1.4819 1.6324 4.1177 -27.9415 1.0757 30.1580 1.6132 0.0189
Car 0.0000 0 1.3159 744.1772 156.9957 777.6575 181.1935 1.9438 1.7825 3.9242 12.9351 0.0569 58.7875 1.5331 0.0188
Car 0.0000 0 -1.4412 789.2256 144.9746 825.3371 180.6364 2.2822 1.7420 4.7912 13.7218 0.0101 47.7871 -1.1615 0.0188
Car 0.0000 0 -1.9075 757.9675 150.3106 804.5969 179.6331 1.8792 1.7066 4.3342 11.8213 -0.0599 47.6781 -1.6641 0.0185
Car 0.0000 0 -1.8888 763.8197 151.5183 806.3563 179.2753 1.7856 1.6506 3.8441 12.0778 -0.0846 47.6281 -1.6402 0.0182
Cyclist 0.0000 0 3.0463 0.0000 0.0000 1224.0000 370.0000 1.7239 0.5565 1.8392 -1.7436 1.6872 0.2768 1.8086 0.0180
Car 0.0000 0 -2.0534 1169.5968 156.7307 1224.0000 218.0745 1.6075 1.6631 4.1624 18.6170 0.9862 20.7434 -1.3279 0.0180
Pedestrian 0.0000 0 1.4286 984.3293 173.3163 1016.8057 261.6436 1.4337 0.3865 0.5905 6.5603 1.3188 11.8158 1.9258 0.0179
Car 0.0000 0 -1.6366 780.9680 150.1385 811.5857 180.4110 1.9477 1.7162 4.1571 12.8608 -0.0050 47.7054 -1.3731 0.0175
Car 0.0000 0 -2.0464 1201.1787 158.8936 1224.0000 220.3202 1.6035 1.6497 4.0011 19.4090 1.0411 20.6011 -1.2969 0.0174
Car 0.0000 0 1.6530 0.0000 182.9326 9.5376 240.6297 1.4625 1.5991 4.0863 -18.2524 1.5409 20.2103 0.9280 0.0173
Car 0.0000 0 3.1671 0.0000 0.0000 1224.0000 370.0000 1.5688 1.6170 4.1988 -0.1064 1.6676 0.5965 3.0537 0.0172
Car 0.0000 0 2.7935 0.0000 0.0000 1224.0000 370.0000 1.5033 1.5633 4.0821 0.1531 1.6349 0.1721 3.0958 0.0171
Car 0.0000 0 -0.6420 0.0000 0.0000 1224.0000 370.0000 1.6705 1.6392 4.0127 13.5150 0.6649 1.7901 0.7750 0.0169
Pedestrian 0.0000 0 -1.2796 248.4613 166.8245 284.0214 247.8754 1.6385 0.5204 0.5630 -7.0333 1.3636 14.6049 -1.7181 0.0168
Car 0.0000 0 -1.3462 785.4080 144.4317 827.2508 180.3499 2.2995 1.7580 4.4872 13.6228 -0.0093 47.6715 -1.0677 0.0166
Car 0.0000 0 -0.6371 0.0000 0.0000 1224.0000 370.0000 1.7058 1.6430 4.0036 13.5336 0.6579 1.7900 0.7802 0.0166
Car 0.0000 0 1.3262 741.8420 157.4689 775.1234 180.1443 1.8364 1.8284 3.9245 12.8466 -0.0297 59.3085 1.5402 0.0161
Car 0.0000 0 -2.2206 62.8693 184.4454 253.6524 258.7614 1.4148 1.5748 3.6109 -9.5007 1.5078 14.9853 -2.7743 0.0160
Car 0.0000 0 1.3208 743.8797 157.5267 777.2018 180.4872 1.8486 1.8210 3.8038 12.9207 0.0001 58.8568 1.5376 0.0159
Car 0.0000 0 -0.6758 360.2062 0.0000 1224.0000 370.0000 1.4734 1.6495 3.5401 -0.4408 1.6822 0.2547 -1.3257 0.0157
Car 0.0000 0 -2.7883 0.0000 0.0000 1224.0000 370.0000 1.4821 1.6043 3.9232 5.8029 1.4152 -0.1565 -1.2449 0.0156
Car 0.0000 0 2.3498 0.0000 169.6036 15.3837 207.8353 1.5283 1.6602 4.1026 -27.9224 1.0942 30.3437 1.6130 0.0154
Car 0.0000 0 -1.3652 792.2828 145.8526 832.9680 179.9736 2.1776 1.7518 4.4671 14.0183 -0.0359 47.5763 -1.0786 0.0153
Car 0.0000 0 -2.0823 1173.8870 157.1185 1224.0000 217.1991 1.5775 1.6631 3.8726 18.6321 0.9652 20.6297 -1.3538 0.0152
Car 0.0000 0 1.5473 730.2991 159.5659 753.5108 181.5958 1.7910 1.8279 3.5899 11.4876 0.0903 59.3996 1.7391 0.0151
Car 0.0000 0 -1.9016 758.3776 150.2170 804.8771 179.8424 1.9018 1.7225 4.3317 11.8543 -0.0452 47.7164 -1.6578 0.0151
Car 0.0000 0 2.3856 0.0000 173.1226 17.1738 209.2715 1.4699 1.6725 3.7734 -28.0344 1.1714 30.6937 1.6524 0.0150
Car 0.0000 0 -1.6384 775.7958 150.5940 806.7873 180.1591 1.9017 1.7437 4.0472 12.5174 -0.0227 47.6770 -1.3814 0.0150
Car 0.0000 0 1.2459 737.9407 157.2526 772.0780 179.6372 1.8450 1.6739 3.9721 12.8105 -0.0752 60.5034 1.4553 0.0147
Car 0.0000 0 0.4003 315.9085 0.0000 1224.0000 370.0000 1.4779 1.7424 4.0089 0.8759 1.6561 -0.3007 1.9467 0.0147
Car 0.0000 0 -1.5832 783.4295 151.2828 810.2842 179.7835 1.8280 1.6737 4.1836 12.9097 -0.0493 47.6922 -1.3186 0.0144
Car 0.0000 0 -1.6352 781.0356 150.4513 812.2533 180.7603 1.9511 1.7605 4.1815 12.8923 0.0181 47.7350 -1.3712 0.0143
Car 0.0000 0 1.4193 744.5649 158.1946 772.5560 180.6355 1.8022 1.7262 3.7121 12.7243 0.0121 58.6837 1.6335 0.0140
Car 0.0000 0 1.6639 0.0000 181.3311 4.6588 240.8535 1.4994 1.6073 4.2104 -18.2851 1.5271 20.0366 0.9338 0.0139
Car 0.0000 0 -1.5413 782.9897 153.9866 810.3525 179.6119 1.6440 1.6627 4.1103 12.9722 -0.0614 47.7190 -1.2757 0.0139
Car 0.0000 0 3.1825 0.0000 0.0000 1224.0000 370.0000 1.5490 1.6101 3.9975 -0.0409 1.5763 0.0423 3.0765 0.0138
Car 0.0000 0 -2.0838 1210.2070 158.7519 1224.0000 219.8061 1.5721 1.6380 3.8948 19.4487 1.0137 20.2888 -1.3258 0.0138
Pedestrian 0.0000 0 0.9408 101.2313 168.7540 147.3900 263.7817 1.6593 0.3947 0.6223 -8.6342 1.4558 12.6340 0.3548 0.0138
Pedestrian 0.0000 0 1.0733 533.0519 170.9014 569.1998 269.9065 1.7768 0.4520 0.5608 -1.0405 1.6061 13.0420 0.9972 0.0137
Car 0.0000 0 -1.4903 784.4473 147.9378 816.8477 181.0584 2.1270 1.7597 4.4371 13.2669 0.0372 47.7868 -1.2193 0.0136
Cyclist 0.0000 0 -0.6937 0.0000 0.0000 1224.0000 370.0000 1.6866 0.4383 1.7331 -0.6412 1.7312 0.7537 -1.2296 0.0135
Car 0.0000 0 -0.7385 595.2073 0.0000 1224.0000 370.0000 1.4858 1.5864 3.6249 -0.3577 1.7043 0.8818 -1.0257 0.0134
Car 0.0000 0 -1.9279 1184.2563 158.3182 1224.0000 217.3192 1.5502 1.6598 3.7566 18.6403 0.9689 20.6230 -1.1990 0.0134
Car 0.0000 0 -1.9055 758.6368 153.8278 803.7195 179.9729 1.6779 1.6925 4.0685 11.7908 -0.0357 47.5585 -1.6622 0.0132
Car 0.0000 0 3.1098 0.0000 0.0000 1224.0000 370.0000 1.4824 1.5534 4.1540 -0.0081 1.6559 0.3293 3.0995 0.0132
Car 0.0000 0 -1.4197 793.5345 145.4480 830.7139 179.5911 2.1848 1.7607 4.4485 14.0353 -0.0632 47.7538 -1.1338 0.0132
Car 0.0000 0 -1.6633 775.2910 151.8306 806.0221 179.1218 1.7521 1.6495 3.8131 12.4600 -0.0954 47.6089 -1.4070 0.0128
Car 0.0000 0 -2.1084 0.0000 0.0000 1211.0626 370.0000 1.5099 1.8695 4.0528 0.9742 1.7201 0.8247 -1.4034 0.0128
Car 0.0000 0 1.3508 741.5880 158.1520 773.8336 180.3273 1.8006 1.7984 4.0927 12.8209 -0.0139 59.4933 1.5638 0.0128
Car 0.0000 0 -1.1517 471.3925 153.9088 581.4745 221.1710 1.7972 1.7775 3.9715 -2.2474 1.0883 21.0507 -1.2546 0.0127
Car 0.0000 0 -2.1265 555.6023 160.7718 604.3880 186.2451 1.8025 1.6469 4.1751 -1.8836 0.4078 52.2192 -2.1604 0.0126
Car 0.0000 0 1.7141 725.7413 158.5760 754.7618 180.9695 1.8197 1.8637 3.8951 11.4491 0.0394 59.5937 1.9047 0.0126
Car 0.0000 0 1.3760 728.9821 159.5957 758.1837 182.5281 1.8554 1.7170 3.6406 11.5478 0.1653 59.0206 1.5700 0.0126
Car 0.0000 0 -1.8056 728.4629 154.0356 760.9694 181.0619 2.1514 1.7372 4.0289 11.4964 0.0460 58.3265 -1.6102 0.0126
Car 0.0000 0 2.5730 0.0000 0.0000 1224.0000 370.0000 1.4800 1.5980 4.0901 0.5406 1.6257 0.6339 3.0891 0.0126
Car 0.0000 0 -1.8722 727.7266 152.1265 765.1132 180.3490 2.2249 1.7881 4.3672 11.5667 -0.0117 58.0247 -1.6747 0.0125
Car 0.0000 0 -1.8635 764.4496 152.1005 804.9999 179.3609 1.7539 1.6200 3.7636 12.0396 -0.0784 47.5622 -1.6153 0.0125
Car 0.0000 0 2.9976 0.0000 0.0000 1224.0000 370.0000 1.5231 1.5858 4.0821 0.0444 1.6191 0.1870 3.0875 0.0125
Pedestrian 0.0000 0 0.2250 52.1118 177.4611 101.1918 273.4764 1.6749 0.4247 0.6219 -9.4872 1.6236 12.6468 -0.4049 0.0124
Car 0.0000 0 -0.5446 0.0000 171.1902 18.7612 208.9571 1.5445 1.6551 3.6753 -28.2340 1.1653 30.9093 -1.2779 0.0123
Car 0.0000 0 -1.8508 763.3722 151.0534 805.5964 180.3331 1.8904 1.7177 3.9883 12.0502 -0.0104 47.6899 -1.6030 0.0123
Car 0.0000 0 1.7029 726.4352 157.7393 754.4597 179.7975 1.8042 1.8034 4.2226 11.5971 -0.0610 60.2625 1.8938 0.0123
Pedestrian 0.0000 0 1.7657 983.0244 175.6890 1015.9965 263.2166 1.4201 0.3810 0.5884 6.5522 1.3437 11.8145 2.2624 0.0120
Car 0.0000 0 -1.6034 777.6054 153.9801 805.1147 179.5736 1.6432 1.6591 3.8746 12.5126 -0.0638 47.6154 -1.3462 0.0120
Car 0.0000 0 1.6648 729.4316 156.0846 753.7787 177.1578 1.7266 1.6834 4.0144 11.7907 -0.2964 60.7760 1.8573 0.0118
Car 0.0000 0 -3.5240 0.0000 0.0000 1224.0000 370.0000 1.6355 1.5883 3.9111 13.4839 0.7184 1.7038 -2.1010 0.0118
Car 0.0000 0 -2.2017 1191.4133 159.4550 1224.0000 217.6438 1.5156 1.6449 3.7769 19.1102 0.9691 20.3824 -1.4546 0.0117
Car 0.0000 0 2.6422 549.7465 164.2271 608.1351 186.9971 1.5793 1.7012 3.8427 -1.8549 0.4519 50.7463 2.6078 0.0116
Car 0.0000 0 -2.1106 556.0659 159.7059 605.2092 186.0387 1.8630 1.6698 4.2781 -1.8404 0.3932 52.2685 -2.1438 0.0114
Car 0.0000 0 -0.9757 0.0000 0.0000 1224.0000 370.0000 1.5209 1.7353 4.1206 0.2132 1.7265 1.0832 -0.8241 0.0113
Car 0.0000 0 -2.0351 1183.6873 158.0040 1224.0000 216.6655 1.5385 1.6323 3.6833 18.7051 0.9501 20.5307 -1.3023 0.0113
Pedestrian 0.0000 0 1.7311 265.5471 173.7589 305.2353 275.9780 1.5380 0.4628 0.6356 -5.0100 1.4382 10.9989 1.3163 0.0112
Car 0.0000 0 -1.1731 470.6922 155.3783 579.8972 223.6696 1.8199 1.7689 4.0790 -2.2751 1.1520 21.0456 -1.2773 0.0112
Pedestrian 0.0000 0 1.7364 267.9778 174.7352 305.1522 274.7449 1.5091 0.4316 0.5942 -4.9958 1.4238 11.0051 1.3229 0.0112
Car 0.0000 0 -1.3496 785.3112 145.8248 827.0333 180.2919 2.2033 1.7717 4.4325 13.5887 -0.0134 47.5920 -1.0713 0.0112
Car 0.0000 0 -1.2669 1215.9850 160.3680 1224.0000 219.8320 1.5487 1.6259 3.8978 19.2023 1.0260 20.0709 -0.5100 0.0111
Car 0.0000 0 2.7631 0.0000 0.0000 1224.0000 370.0000 1.4659 1.5923 4.1041 0.2705 1.6297 0.5951 3.0516 0.0110
Car 0.0000 0 1.8771 0.0000 174.5870 4.0806 226.6799 1.5713 1.6880 4.1471 -21.8506 1.3945 23.5590 1.1378 0.0109
Car 0.0000 0 1.3450 742.7397 157.7235 774.3610 180.7774 1.8591 1.7744 3.7574 12.7671 0.0236 58.9016 1.5591 0.0109
Car 0.0000 0 2.6153 552.4944 165.9251 609.5573 188.9840 1.5994 1.7038 3.7446 -1.7047 0.5898 50.7507 2.5837 0.0109
Car 0.0000 0 2.6986 546.1031 164.5643 608.7643 187.0256 1.5589 1.6936 4.1742 -1.9651 0.4542 50.7797 2.6620 0.0108
Car 0.0000 0 -2.1975 1179.6920 158.4688 1224.0000 218.5941 1.5728 1.6690 4.0709 19.0425 0.9981 20.6073 -1.4576 0.0107
Car 0.0000 0 2.8486 550.5832 164.1350 607.8015 186.4871 1.5710 1.7100 3.8025 -1.8678 0.4221 51.1102 2.8141 0.0105
Car 0.0000 0 -2.2058 46.5284 183.0499 255.9948 258.9189 1.4422 1.6817 4.0910 -9.7096 1.5037 15.0693 -2.7668 0.0105
Car 0.0000 0 -1.0629 486.8427 165.6027 595.5318 224.3761 1.6345 1.6842 3.7915 -1.8879 1.2218 21.7326 -1.1464 0.0104
Cyclist 0.0000 0 0.6373 62.0536 173.9586 157.4547 264.4217 1.6122 0.4340 1.4530 -9.0282 1.4973 12.8401 0.0378 0.0103
Car 0.0000 0 -1.1914 466.8937 157.7971 577.7271 228.1333 1.8414 1.7525 4.2880 -2.3239 1.2487 20.8064 -1.2991 0.0102
Cyclist 0.0000 0 -1.4518 248.7412 172.5300 280.6813 250.6891 1.5275 0.4014 1.5587 -7.0601 1.3733 14.6159 -1.8914 0.0102
Car 0.0000 0 1.9281 0.0000 171.3965 8.0003 227.5977 1.6658 1.7656 4.5055 -21.7815 1.3975 23.3715 1.1865 0.0102
Car 0.0000 0 -1.0305 1142.2617 158.3609 1224.0000 221.2373 1.5784 1.6732 3.9839 16.8135 1.0242 19.1601 -0.3169 0.0101
Pedestrian 0.0000 0 -0.0090 744.6119 160.1549 752.8958 181.9232 1.8202 0.8145 0.6764 12.1287 0.1202 59.5797 0.1926 0.0100
Car 0.0000 0 -3.6489 0.0000 0.0000 1224.0000 370.0000 1.7295 1.6497 4.0227 13.4973 0.5733 1.9324 -2.2424 0.0099
Car 0.0000 0 -1.8052 766.6160 154.3669 804.5466 179.7451 1.6351 1.6456 3.7179 12.0924 -0.0515 47.5331 -1.5558 0.0099
Car 0.0000 0 1.8244 0.0000 177.8755 5.1182 226.6085 1.5049 1.6328 3.6999 -21.8463 1.4254 23.8470 1.0911 0.0098
Car 0.0000 0 -0.2979 547.6185 164.7014 608.3638 186.7550 1.5500 1.7109 4.0706 -1.9547 0.4409 51.1639 -0.3340 0.0096
Car 0.0000 0 -1.8191 764.3692 149.9554 804.9935 180.9357 2.0057 1.7062 4.0720 12.0936 0.0295 47.8070 -1.5710 0.0095
Car 0.0000 0 -2.0913 66.7881 183.0762 254.1300 258.5400 1.4328 1.6861 3.9667 -9.6409 1.4961 15.2212 -2.6447 0.0094
Car 0.0000 0 0.8279 224.5625 0.0000 1224.0000 370.0000 1.4601 1.7621 4.0103 0.8623 1.7329 0.1406 1.9066 0.0094
Car 0.0000 0 -2.0523 0.0000 0.0000 1087.7999 370.0000 1.4885 1.7378 3.7167 0.8543 1.7554 1.0356 -1.4899 0.0094
Car 0.0000 0 -2.6893 0.0000 0.0000 1224.0000 370.0000 1.5639 1.5948 3.4531 5.8870 1.5256 -0.0243 -1.1678 0.0094
Car 0.0000 0 -0.3788 580.1323 163.1657 636.1580 184.9232 1.5559 1.6842 3.7671 0.2347 0.3176 52.0258 -0.3724 0.0093
Car 0.0000 0 -1.6505 0.0000 180.7644 15.4664 240.2674 1.5165 1.6482 4.3019 -18.1885 1.5264 20.1182 -2.3760 0.0093
Car 0.0000 0 -2.1312 58.9111 183.3685 252.1561 257.8797 1.4198 1.6563 4.0031 -9.7318 1.4897 15.2120 -2.6891 0.0093
Cyclist 0.0000 0 -1.7547 745.2346 160.8189 753.3063 180.7017 1.6502 0.3704 1.6453 12.1546 0.0180 59.5037 -1.5524 0.0093
Car 0.0000 0 -3.4481 0.0000 0.0000 1224.0000 370.0000 1.6885 1.5743 3.9535 13.3988 0.5775 1.7214 -2.0274 0.0093
Car 0.0000 0 -1.5070 787.4184 152.7602 818.1178 179.8915 1.7382 1.7269 4.2593 13.3800 -0.0417 47.6912 -1.2334 0.0092
Car 0.0000 0 -2.1913 49.3333 182.5765 255.4250 259.0008 1.4518 1.6815 4.0440 -9.6819 1.5022 15.0573 -2.7514 0.0092
Car 0.0000 0 -3.0526 0.0000 0.0000 1224.0000 370.0000 1.5011 1.5947 3.5337 6.0556 1.4978 -0.0760 -1.5211 0.0091
Car 0.0000 0 -1.3668 787.9059 149.6679 828.3118 179.6719 1.9102 1.7505 4.4191 13.6930 -0.0571 47.5039 -1.0861 0.0091
Car 0.0000 0 -3.4626 0.0000 0.0000 1224.0000 370.0000 1.6869 1.6090 3.9833 13.4422 0.5950 1.7646 -2.0446 0.0091
Car 0.0000 0 -1.9873 561.8715 160.6667 606.9918 186.1272 1.8059 1.7310 4.3629 -1.5702 0.4004 52.4860 -2.0152 0.0091
Car 0.0000 0 -0.3381 564.3259 169.5268 622.9459 190.9272 1.5166 1.6427 3.9534 -0.8259 0.7403 51.5552 -0.3522 0.0090
Car 0.0000 0 -1.6083 778.3834 150.8753 808.1650 181.7556 1.9852 1.7759 4.2383 12.6600 0.0821 47.7119 -1.3488 0.0089
Car 0.0000 0 -2.7446 434.1878 164.7544 591.1749 221.8577 1.6813 1.7346 4.5898 -2.9142 1.2193 22.2617 -2.8711 0.0089
Car 0.0000 0 -3.6393 0.0000 0.0000 1224.0000 370.0000 1.7307 1.6178 3.9926 13.5582 0.5446 1.8937 -2.2293 0.0089
Car 0.0000 0 1.2418 0.0000 0.0000 1224.0000 370.0000 1.4925 1.4141 3.8666 -5.4343 1.7102 -0.1865 -0.3022 0.0089
Car 0.0000 0 -2.0811 1201.6934 157.8214 1224.0000 221.4485 1.6415 1.6804 4.1456 19.4167 1.0580 20.4502 -1.3278 0.0088
Car 0.0000 0 -1.5100 784.7983 147.4901 816.4822 181.0844 2.1543 1.7968 4.4022 13.2440 0.0388 47.7087 -1.2391 0.0088
Car 0.0000 0 -0.3717 553.6915 165.5989 610.2113 188.1605 1.5826 1.6978 3.7208 -1.6621 0.5386 51.0998 -0.4022 0.0087
Car 0.0000 0 1.8595 0.0000 176.0380 5.9322 228.6201 1.5612 1.7302 4.4490 -21.6569 1.4303 23.3674 1.1206 0.0087
Car 0.0000 0 -1.4805 784.3405 148.9380 817.3699 180.1840 2.0012 1.7631 4.3264 13.2456 -0.0211 47.6627 -1.2093 0.0087
Cyclist 0.0000 0 0.5054 77.2972 171.2312 183.2265 264.0791 1.6460 0.4327 1.5875 -8.6239 1.4834 12.8043 -0.0740 0.0086
Car 0.0000 0 -0.5516 556.0494 167.1516 614.1876 189.4510 1.5582 1.7219 3.8798 -1.4194 0.6268 51.1812 -0.5774 0.0084
Car 0.0000 0 -1.1470 1152.4955 161.0736 1224.0000 221.3980 1.4798 1.6209 3.8426 16.6184 1.0049 18.8797 -0.4319 0.0084
Car 0.0000 0 -2.7211 0.0000 0.0000 1224.0000 370.0000 1.5637 1.5840 3.4745 5.8829 1.5005 -0.0805 -1.1901 0.0084
Car 0.0000 0 2.4797 0.0000 167.6891 13.8860 208.5835 1.6343 1.6890 4.1751 -28.2648 1.1238 30.4513 1.7386 0.0083
Cyclist 0.0000 0 -0.6187 41.9177 169.7681 154.3673 264.8322 1.6352 0.4448 1.7464 -9.3454 1.4522 13.0537 -1.2267 0.0083
Car 0.0000 0 -2.0484 561.5104 162.8636 607.1702 186.8025 1.6984 1.6850 4.0983 -1.5672 0.4484 52.3596 -2.0763 0.0082
Car 0.0000 0 -2.8513 0.0000 0.0000 1224.0000 370.0000 1.5025 1.4916 3.3723 5.8633 1.4284 -0.1386 -1.3106 0.0082
Car 0.0000 0 -0.8021 0.0000 0.0000 1224.0000 370.0000 1.6636 1.6219 3.9325 13.2355 0.6671 1.5552 0.6290 0.0082
Cyclist 0.0000 0 0.4981 83.2175 172.2671 189.9651 263.1575 1.6061 0.4350 1.5991 -8.4838 1.4623 12.7664 -0.0752 0.0081
Cyclist 0.0000 0 0.6755 27.8147 168.5180 131.2289 264.3107 1.7091 0.4196 1.6098 -9.5914 1.4970 12.8585 0.0483 0.0080
Car 0.0000 0 -3.6082 0.0000 0.0000 1224.0000 370.0000 1.7025 1.6704 3.9410 13.5332 0.6869 1.8739 -2.1970 0.0080
Car 0.0000 0 -1.5979 582.5113 161.2697 606.9763 185.1676 1.7067 1.7078 4.2536 -0.7920 0.3346 52.6508 -1.6110 0.0080
Pedestrian 0.0000 0 -0.6170 66.4670 179.4103 117.7563 271.6764 1.6409 0.4638 0.6033 -9.4198 1.6232 12.9310 -1.2333 0.0079
Car 0.0000 0 2.1182 468.3787 156.6141 586.7459 219.7616 1.6929 1.7665 3.8083 -2.2271 1.0542 21.0494 2.0163 0.0079
Car 0.0000 0 -0.4220 0.0000 226.2340 1224.0000 370.0000 1.5666 1.7725 4.2498 0.8344 1.7147 1.2085 0.0781 0.0079
Pedestrian 0.0000 0 1.6442 20.0463 174.2611 54.4555 253.3138 1.5535 0.4894 0.6645 -11.5199 1.4325 14.3017 0.9788 0.0078
Car 0.0000 0 -3.3990 0.0000 0.0000 1224.0000 370.0000 1.4674 1.5777 3.5461 1.0343 1.7390 1.1897 -2.7981 0.0078
Car 0.0000 0 -0.1634 558.1868 167.0671 615.3611 189.0394 1.5638 1.7008 3.9413 -1.3406 0.6090 51.5184 -0.1875 0.0078
Cyclist 0.0000 0 -1.7875 745.8030 159.5547 756.4912 181.3739 1.7865 0.4752 1.8885 12.1708 0.0728 58.8338 -1.5828 0.0078
Pedestrian 0.0000 0 2.7033 128.3139 175.5387 174.2513 261.5061 1.5219 0.4006 0.5914 -8.3003 1.4357 12.8687 2.1435 0.0077
Car 0.0000 0 -0.7205 0.0000 0.0000 1224.0000 370.0000 1.6704 1.6071 3.9217 13.3810 0.6384 1.6268 0.7069 0.0075
Car 0.0000 0 -1.0495 452.6553 156.6830 573.5634 221.8899 1.7310 1.7441 4.0721 -2.6291 1.1003 20.9790 -1.1704 0.0074
Car 0.0000 0 -1.8204 247.0419 0.0000 1126.8815 370.0000 1.4925 1.7251 3.8049 0.2748 1.6596 0.2984 -1.4025 0.0074
Car 0.0000 0 1.7446 545.6025 160.0255 596.0646 197.8180 1.5840 1.6200 3.7523 -1.4837 0.7274 31.5952 1.7000 0.0073
Pedestrian 0.0000 0 -0.1284 72.2676 179.7486 115.8362 271.0562 1.6207 0.4654 0.5951 -9.3815 1.6090 12.9180 -0.7432 0.0071
Car 0.0000 0 1.9070 0.0000 167.3363 4.8787 227.7951 1.7835 1.7362 4.6117 -21.7928 1.3967 23.3136 1.1639 0.0071
Car 0.0000 0 -3.1290 635.2485 167.5771 730.8903 204.6651 1.4731 1.6583 3.8068 3.1882 0.9613 29.1336 -3.0194 0.0070
Car 0.0000 0 -2.0251 561.6647 162.7386 606.8854 186.4584 1.6818 1.6889 4.1716 -1.5741 0.4238 52.3664 -2.0531 0.0070
Car 0.0000 0 1.5544 0.0000 181.1569 15.8447 239.3468 1.4808 1.6652 4.0108 -17.9619 1.5029 20.0777 0.8341 0.0070
Car 0.0000 0 -0.7283 0.0000 0.0000 1224.0000 370.0000 1.6489 1.5855 3.8957 13.2570 0.6511 1.5193 0.7057 0.0069
Cyclist 0.0000 0 0.5991 44.4106 172.4742 150.2940 265.4762 1.6240 0.4762 1.5376 -9.0673 1.4855 12.5882 -0.0114 0.0069
Car 0.0000 0 -2.9932 645.0618 167.2587 741.3241 205.3081 1.4928 1.6600 3.7190 3.6198 0.9748 29.0345 -2.8687 0.0069
Car 0.0000 0 -1.0903 452.8873 157.3091 571.6515 223.5600 1.7384 1.7521 4.0800 -2.6230 1.1315 20.7658 -1.2122 0.0069
Pedestrian 0.0000 0 0.8685 959.2217 167.6510 1007.3307 257.2735 1.4524 0.3821 0.6400 6.2656 1.2458 11.8077 1.3471 0.0068
Cyclist 0.0000 0 -1.8163 744.8492 160.7914 755.4451 181.2267 1.6831 0.4412 1.8088 12.1515 0.0611 59.1409 -1.6129 0.0068
Car 0.0000 0 1.5232 736.8455 158.0956 762.3439 180.7801 1.8337 1.8884 4.4426 12.1414 0.0239 59.4888 1.7253 0.0068
Car 0.0000 0 -1.7954 572.0155 162.3586 607.4792 186.1458 1.6925 1.7293 4.2698 -1.1733 0.4030 52.5834 -1.8158 0.0067
Car 0.0000 0 -0.2005 632.6965 166.4593 731.3431 203.0879 1.4739 1.6448 3.8308 3.1411 0.9104 29.4441 -0.0935 0.0066
Car 0.0000 0 -2.1902 1183.7766 159.6667 1224.0000 219.2682 1.5567 1.6707 3.9878 19.0777 1.0142 20.5434 -1.4479 0.0066
Pedestrian 0.0000 0 0.4846 43.3403 174.8810 86.9664 257.6194 1.6728 0.4475 0.5705 -11.1507 1.5608 14.5557 -0.1569 0.0066
Cyclist 0.0000 0 0.6266 51.0710 171.2128 153.4057 266.8923 1.7109 0.4376 1.5674 -9.1862 1.5465 12.8731 0.0202 0.0066
Car 0.0000 0 -1.8963 570.2803 164.3975 608.9301 187.3171 1.6291 1.6769 3.9896 -1.1772 0.4858 52.4129 -1.9168 0.0065
Car 0.0000 0 1.9162 0.0000 174.2056 8.4616 229.8013 1.6433 1.7250 4.5002 -21.6553 1.4589 23.3034 1.1760 0.0064
Car 0.0000 0 -1.6071 583.0175 164.3497 607.3442 187.0437 1.6216 1.6630 4.0861 -0.7571 0.4689 52.5990 -1.6196 0.0064
Car 0.0000 0 1.4663 684.9452 164.8285 736.4526 202.6788 1.4290 1.6584 3.8186 4.1869 0.8389 28.6309 1.6118 0.0064
Car 0.0000 0 -2.1569 0.0000 180.8740 13.8502 225.1396 1.5051 1.6566 4.1735 -23.7140 1.5207 25.3589 -2.9009 0.0064
Car 0.0000 0 -1.4524 688.4966 159.6606 739.4117 198.8269 1.5010 1.6241 3.9338 4.5389 0.7039 29.2045 -1.2979 0.0063
Pedestrian 0.0000 0 -0.0782 130.5446 173.9183 171.4592 262.4179 1.5705 0.4144 0.6011 -8.3220 1.4554 12.8881 -0.6386 0.0063
Car 0.0000 0 -0.8227 0.0000 170.4987 0.2787 203.0366 1.6605 1.6548 4.1517 -35.2639 1.1515 38.1604 -1.5627 0.0062
Car 0.0000 0 -4.3082 0.0000 0.0000 1224.0000 370.0000 1.4710 1.5845 4.2902 16.3055 0.8226 -0.2041 -2.7434 0.0062
Car 0.0000 0 -3.0256 0.0000 0.0000 1224.0000 370.0000 1.5447 1.5958 3.3329 6.0257 1.5377 -0.0902 -1.4920 0.0061
Car 0.0000 0 -3.0499 618.4963 166.6753 712.5966 203.2594 1.4625 1.6111 3.7655 2.5252 0.9113 29.3872 -2.9633 0.0061
Car 0.0000 0 -2.2542 36.2696 181.0634 254.0406 257.6944 1.4802 1.6758 4.1655 -9.8602 1.4950 15.1257 -2.8205 0.0061
Car 0.0000 0 -1.5546 635.1274 164.6079 677.3308 202.9348 1.5032 1.6554 3.7157 2.1547 0.8814 29.6503 -1.4810 0.0060
Car 0.0000 0 -1.8154 572.0026 164.0043 607.3177 186.7888 1.6205 1.6830 4.0770 -1.1744 0.4486 52.4689 -1.8358 0.0060
Car 0.0000 0 -3.1716 602.2367 166.0058 698.2849 202.3027 1.4466 1.6196 3.8305 1.8068 0.8705 29.0480 -3.1083 0.0060
Car 0.0000 0 -0.3402 645.7968 165.4548 743.2040 202.6916 1.4905 1.6239 3.6993 3.6834 0.8898 29.4849 -0.2154 0.0060
Car 0.0000 0 0.1726 553.1848 165.2005 610.3198 187.7498 1.6100 1.6874 3.9348 -1.6675 0.5189 51.5930 0.1423 0.0060
Car 0.0000 0 0.2619 550.8428 164.1213 608.5171 186.6204 1.6011 1.6768 3.9025 -1.8251 0.4368 51.5679 0.2286 0.0059
Pedestrian 0.0000 0 -0.2647 743.5125 160.2033 753.7946 181.9287 1.8170 0.8156 0.6580 12.1157 0.1207 59.5581 -0.0632 0.0059
Car 0.0000 0 1.9549 0.0000 176.0573 9.3748 229.5750 1.5914 1.6959 4.3079 -21.6823 1.4609 23.3346 1.2147 0.0058
Car 0.0000 0 -3.0158 0.0000 0.0000 1224.0000 370.0000 1.5018 1.5813 3.3520 6.0510 1.4683 -0.1183 -1.4775 0.0057
Car 0.0000 0 -2.1713 40.1272 181.9469 242.9652 257.9532 1.4630 1.6762 4.0587 -10.0257 1.4989 15.2246 -2.7423 0.0057
Pedestrian 0.0000 0 1.3435 18.5500 176.1054 54.9222 253.8797 1.5295 0.4415 0.6579 -11.5218 1.4447 14.2775 0.6771 0.0057
Pedestrian 0.0000 0 0.0937 48.3679 172.5833 84.8764 255.2524 1.6662 0.4689 0.5545 -11.1458 1.5083 14.5899 -0.5465 0.0057
Car 0.0000 0 1.4404 626.4973 164.8045 679.6065 203.6733 1.5070 1.7191 3.6992 1.9026 0.9000 29.3092 1.5063 0.0056
Car 0.0000 0 -0.8233 0.0000 173.4801 72.9851 209.7857 1.6080 1.6677 4.1364 -27.6462 1.2986 33.4272 -1.5079 0.0056
Car 0.0000 0 -2.0663 561.0538 163.6843 606.9000 187.2252 1.6641 1.6817 3.9952 -1.5852 0.4767 52.1254 -2.0947 0.0056
Car 0.0000 0 -4.4155 0.0000 0.0000 1224.0000 370.0000 1.4322 1.5736 4.1197 16.2580 0.8445 0.0731 -2.8678 0.0056
Car 0.0000 0 0.0669 653.5815 165.4672 744.8885 202.5302 1.4637 1.6313 3.6220 3.8818 0.8715 29.0775 0.2000 0.0056
Car 0.0000 0 -0.9660 1222.6849 161.3531 1224.0000 219.4112 1.5253 1.6921 4.1974 19.8656 1.0239 19.7890 -0.1852 0.0056
Car 0.0000 0 0.0030 670.3007 159.0125 788.8815 200.4743 1.5829 1.7825 4.5227 4.9238 0.7641 28.2611 0.1755 0.0056
Car 0.0000 0 -1.6792 0.0000 180.4805 24.1158 239.6231 1.5132 1.6528 4.2927 -18.0398 1.5143 20.1446 -2.4000 0.0056
Car 0.0000 0 -1.3179 671.2587 162.3721 731.9240 200.1340 1.4787 1.6340 3.7747 4.1031 0.7704 29.7387 -1.1804 0.0056
Pedestrian 0.0000 0 2.8472 47.7074 170.8557 90.0017 272.3559 1.8052 0.4312 0.5156 -9.8311 1.6353 12.9054 2.2097 0.0056
Car 0.0000 0 1.3834 574.2162 166.2750 604.5563 188.3949 1.5658 1.5785 3.6521 -1.1760 0.5601 51.9935 1.3627 0.0055
Car 0.0000 0 -4.1733 0.0000 0.0000 1224.0000 370.0000 1.5098 1.5459 3.9977 16.0623 0.8188 -0.1472 -2.6121 0.0055
Car 0.0000 0 -1.2881 680.3334 160.9032 745.3173 200.1671 1.5206 1.6528 3.9138 4.5429 0.7632 29.5002 -1.1351 0.0055
Car 0.0000 0 -1.0346 1140.0677 161.8019 1224.0000 221.4835 1.5006 1.5951 3.8488 16.6402 1.0321 19.1439 -0.3256 0.0053
Car 0.0000 0 -1.0784 0.0000 0.0000 1224.0000 370.0000 1.6180 1.5728 3.8651 12.8318 0.7093 1.1699 0.3778 0.0053
Car 0.0000 0 -2.2624 0.0000 183.7018 108.4938 225.9661 1.4388 1.5787 3.9917 -20.2574 1.5609 25.4414 -2.9271 0.0053
Pedestrian 0.0000 0 2.9888 50.8738 173.1191 88.9596 273.4011 1.7863 0.4293 0.4995 -9.8229 1.6565 12.9180 2.3522 0.0053
Car 0.0000 0 0.1815 668.8910 158.1658 792.8566 201.1775 1.5977 1.7614 4.5717 4.9428 0.7696 27.8823 0.3569 0.0053
Car 0.0000 0 2.9092 614.6508 168.1313 710.9294 203.3457 1.3964 1.6572 3.6686 2.3217 0.9074 29.1282 2.9897 0.0052
Car 0.0000 0 2.2022 594.2074 164.0382 685.2085 203.3684 1.4264 1.5662 3.8716 1.3970 0.8309 27.6337 2.2540 0.0052
Car 0.0000 0 1.7194 632.2512 168.4448 688.3436 207.1178 1.4811 1.7743 3.6460 2.3121 1.0209 29.0502 1.7997 0.0052
Car 0.0000 0 1.3097 735.9128 159.4820 769.8223 182.1825 1.8331 1.8501 3.7977 12.3195 0.1371 59.0362 1.5161 0.0052
Car 0.0000 0 1.3494 739.9189 160.5308 770.9528 182.6008 1.7765 1.8148 3.3812 12.4498 0.1703 58.6086 1.5594 0.0051
Car 0.0000 0 -1.8949 615.7302 161.6858 684.6824 201.1214 1.5505 1.6830 4.1221 1.8107 0.8123 30.0027 -1.8333 0.0051
Car 0.0000 0 -1.4671 0.0000 0.0000 1224.0000 370.0000 1.4931 1.6695 4.0842 16.2789 0.5099 0.4089 0.0600 0.0051
Car 0.0000 0 -3.2945 0.0000 0.0000 1224.0000 370.0000 1.7275 1.4793 3.6801 13.1816 0.5054 1.5940 -1.8668 0.0051
Car 0.0000 0 0.7718 128.7516 195.5278 255.1978 236.5547 1.4126 1.7771 4.0395 -15.5906 2.0105 26.6954 0.2498 0.0051
Car 0.0000 0 1.3459 737.4508 155.5116 770.2299 182.2577 2.1139 1.7750 3.9997 12.1568 0.1402 57.8928 1.5536 0.0051
Car 0.0000 0 -1.6173 635.7640 163.7580 679.4143 202.6130 1.5449 1.6615 3.8989 2.1554 0.8807 30.0788 -1.5447 0.0051
Car 0.0000 0 2.8528 592.0438 164.7896 694.3320 201.4341 1.4209 1.6312 3.8328 1.4994 0.8133 28.6516 2.9065 0.0051
Car 0.0000 0 3.0611 582.9427 163.1506 692.8436 200.0949 1.4680 1.6830 4.3798 1.2676 0.7801 29.0077 3.1062 0.0051
Pedestrian 0.0000 0 0.6408 116.4541 170.8892 164.3836 264.6878 1.6471 0.3836 0.6077 -8.3362 1.4800 12.6237 0.0705 0.0051
Car 0.0000 0 -1.7941 546.9933 161.5688 604.9743 199.3903 1.6403 1.7662 4.4086 -1.4505 0.8207 33.0183 -1.8357 0.0050
Pedestrian 0.0000 0 -2.8606 962.3055 171.3755 1009.3833 258.0269 1.4012 0.3658 0.6152 6.2961 1.2553 11.7728 -2.3789 0.0050
Car 0.0000 0 -1.2789 0.0000 177.8992 10.6501 241.2015 1.5916 1.5984 4.1379 -18.5217 1.5278 19.9836 -2.0167 0.0050
Car 0.0000 0 -0.5405 0.0000 169.0680 15.1738 208.2676 1.5977 1.6192 3.6956 -28.3190 1.1332 30.8154 -1.2767 0.0050
Car 0.0000 0 -4.2145 0.0000 0.0000 1224.0000 370.0000 1.5159 1.5390 3.8854 16.0502 0.8819 -0.1593 -2.6526 0.0050
Car 0.0000 0 0.2809 656.9225 164.9225 754.2359 202.1433 1.4365 1.5998 3.6172 4.0672 0.8368 28.7537 0.4217 0.0050
Car 0.0000 0 2.6108 592.9715 162.9211 692.3954 201.0376 1.4397 1.6152 3.6534 1.4910 0.7772 28.2563 2.6649 0.0050
Car 0.0000 0 -2.1081 0.0000 180.2231 11.0373 224.1603 1.4892 1.6894 4.3445 -23.8421 1.4813 25.3850 -2.8542 0.0049
Car 0.0000 0 -0.4665 1206.2662 144.2540 1224.0000 259.6879 1.5416 1.7480 4.2935 12.3696 1.0592 11.0186 0.3639 0.0049
Cyclist 0.0000 0 1.2191 992.8029 165.9755 1046.3031 233.2384 1.5872 0.5890 1.6806 10.2261 1.2461 17.5571 1.7403 0.0049
Car 0.0000 0 -0.1804 0.0000 0.0000 1224.0000 370.0000 1.5321 1.6496 4.2786 -26.7726 1.5630 0.4788 -1.7196 0.0049
Car 0.0000 0 0.0090 655.7969 163.6682 748.0994 200.3768 1.4586 1.5876 3.6673 3.9620 0.7913 29.1396 0.1446 0.0049
Pedestrian 0.0000 0 -3.0700 1145.3700 168.1222 1203.3621 277.9114 1.7042 0.3989 0.7038 9.0977 1.5137 11.3539 -2.4066 0.0049
Car 0.0000 0 -0.1324 0.0000 0.0000 1224.0000 370.0000 1.5375 1.6305 4.1822 -26.7430 1.5849 0.5092 -1.6705 0.0049
Car 0.0000 0 -2.8423 606.9072 165.3851 704.6440 202.4418 1.4688 1.5975 3.7565 2.0971 0.8712 29.4453 -2.7702 0.0049
Car 0.0000 0 -3.2025 634.4137 169.6714 740.2966 205.5384 1.4227 1.6396 4.1963 3.2907 0.9947 28.9705 -3.0888 0.0049
Car 0.0000 0 -1.7833 547.8478 160.7374 604.1672 198.3261 1.6299 1.7635 4.2208 -1.4402 0.7744 32.9177 -1.8247 0.0049
Car 0.0000 0 -1.6613 633.1913 163.2213 680.6808 201.6743 1.5269 1.6645 3.7511 2.1172 0.8423 29.9617 -1.5896 0.0049
Car 0.0000 0 -1.2944 672.1818 162.4374 735.7371 200.8413 1.4778 1.6376 3.7648 4.1353 0.7842 29.2551 -1.1536 0.0048
Car 0.0000 0 1.4497 581.3633 167.1864 607.8884 188.6806 1.5347 1.5210 3.7977 -0.7955 0.5854 52.4628 1.4364 0.0048
Car 0.0000 0 -1.2889 0.0000 178.1857 9.9943 240.2077 1.5685 1.5907 4.0853 -18.5710 1.5115 20.0600 -2.0262 0.0048
Car 0.0000 0 1.1915 1163.7864 157.5843 1224.0000 256.4225 1.4468 1.6047 4.2531 11.7353 1.1130 12.6180 1.9298 0.0048
Car 0.0000 0 -4.2775 0.0000 0.0000 1224.0000 370.0000 1.4792 1.5671 3.9159 16.1056 0.8115 0.0154 -2.7264 0.0048
Car 0.0000 0 -1.2942 0.0000 181.7283 6.9486 240.6750 1.4966 1.5156 3.8338 -18.5893 1.5366 20.0855 -2.0313 0.0047
Car 0.0000 0 -0.7372 1187.2834 156.0204 1224.0000 252.3157 1.4660 1.7195 3.8727 12.3072 1.0950 11.7337 0.0602 0.0047
Car 0.0000 0 2.9039 580.6429 163.6906 692.3979 201.0440 1.4487 1.6415 4.2535 1.2220 0.7983 28.6313 2.9480 0.0047
Car 0.0000 0 -1.2259 484.8084 156.1162 581.5831 219.2985 1.7225 1.6625 3.9330 -2.0885 1.0593 21.3827 -1.3199 0.0047
Car 0.0000 0 1.2005 606.0463 157.0537 684.9664 199.0089 1.6281 1.7917 4.5416 1.5849 0.7198 29.8694 1.2548 0.0047
Cyclist 0.0000 0 0.5533 0.0000 0.0000 1224.0000 370.0000 1.6281 0.5359 1.8809 1.4418 1.6595 0.5275 1.5925 0.0047
Car 0.0000 0 -0.2845 0.0000 0.0000 1224.0000 370.0000 1.5088 1.6133 4.3532 -26.7349 1.6255 0.4215 -1.8259 0.0047
Car 0.0000 0 -1.1537 0.0000 175.5439 17.3160 240.5324 1.6129 1.6146 4.2484 -18.4814 1.4915 19.8136 -1.8946 0.0047
Car 0.0000 0 -1.4428 0.0000 182.0646 5.3406 242.9917 1.5193 1.6333 4.3335 -18.3340 1.5701 19.9883 -2.1754 0.0046
Car 0.0000 0 2.6778 606.1541 166.9745 698.8057 204.2593 1.4439 1.5521 3.4277 1.9046 0.9216 28.7543 2.7450 0.0046
Car 0.0000 0 -0.7571 1181.3350 152.6591 1224.0000 249.6473 1.4838 1.7365 4.2240 12.4082 1.0596 11.7703 0.0429 0.0046
Car 0.0000 0 1.7824 179.6753 200.3003 251.7462 244.3941 1.4708 1.6650 3.8369 -15.0716 2.3010 27.5160 1.2875 0.0046
Car 0.0000 0 -1.3135 634.6874 165.2952 693.2162 202.7736 1.4703 1.6204 3.4368 2.5041 0.8753 29.6232 -1.2283 0.0046
Cyclist 0.0000 0 1.2226 998.8275 167.1032 1053.6202 234.8824 1.5732 0.5716 1.7604 10.2498 1.2639 17.3232 1.7505 0.0046
Car 0.0000 0 1.0505 670.8983 164.4473 757.6492 203.8046 1.4400 1.7028 3.8209 4.2065 0.8542 27.9537 1.2000 0.0046
Car 0.0000 0 1.4814 676.0683 169.9373 728.1176 207.3292 1.4048 1.7301 3.8100 3.8194 1.0095 28.4996 1.6150 0.0046
Car 0.0000 0 -0.6240 651.6987 160.5885 762.2947 199.5080 1.5423 1.7576 4.4235 4.2990 0.7547 29.8148 -0.4804 0.0046
Car 0.0000 0 -1.8330 545.1372 161.7262 605.0427 199.6052 1.6364 1.7603 4.1215 -1.4764 0.8268 32.7693 -1.8757 0.0045
Car 0.0000 0 -1.6091 562.0680 161.7009 602.9309 199.7082 1.6628 1.7463 4.1665 -1.1282 0.8418 33.0669 -1.6410 0.0045
Car 0.0000 0 -0.7068 1184.1743 150.2524 1224.0000 249.8651 1.5001 1.7650 3.9899 12.3246 1.0463 11.7058 0.0925 0.0045
Car 0.0000 0 -0.7485 1186.1620 148.4122 1224.0000 252.9413 1.5404 1.7825 4.7000 12.5315 1.0692 11.4660 0.0691 0.0045
Car 0.0000 0 -1.2404 670.0995 161.9895 736.5402 201.0914 1.5228 1.6380 3.6982 4.1479 0.8034 29.5508 -1.1005 0.0045
Cyclist 0.0000 0 -0.8573 16.1396 170.3240 124.3366 277.2787 1.8123 0.4487 1.8714 -9.7543 1.6416 12.9267 -1.4903 0.0045
Car 0.0000 0 2.8567 621.1091 168.4712 717.1216 204.2845 1.4128 1.6731 3.6036 2.5808 0.9398 29.0579 2.9461 0.0045
Car 0.0000 0 -1.3987 670.3404 165.8622 722.3507 203.0195 1.4429 1.6006 3.2467 3.8040 0.8760 29.2395 -1.2689 0.0045
Car 0.0000 0 -1.1343 0.0000 0.0000 1224.0000 370.0000 1.6461 1.6017 3.8605 12.9130 0.6420 1.0630 0.3308 0.0045
Car 0.0000 0 1.1170 160.1175 202.1934 250.6549 245.4802 1.4510 1.6506 3.5261 -15.3469 2.3347 27.0668 0.6075 0.0045
Car 0.0000 0 1.8552 619.0797 165.9551 681.0480 204.5251 1.4533 1.5782 3.4887 1.8562 0.9067 28.5447 1.9213 0.0044
Car 0.0000 0 -4.1560 0.0000 0.0000 1224.0000 370.0000 1.5172 1.5191 3.7558 15.9642 0.8825 -0.1731 -2.5933 0.0044
Car 0.0000 0 0.2124 661.8191 161.9888 769.6204 200.9616 1.4983 1.6644 4.0624 4.4730 0.7882 28.6843 0.3673 0.0044
Car 0.0000 0 0.2666 553.6047 164.2177 643.3623 199.6643 1.5761 1.6402 3.8581 -0.3006 0.8536 32.7206 0.2594 0.0044
Car 0.0000 0 -0.5830 1190.6370 151.8682 1224.0000 255.1846 1.4877 1.7357 4.0079 12.2904 1.0771 11.4686 0.2248 0.0044
Car 0.0000 0 -0.0920 0.0000 0.0000 1224.0000 370.0000 1.5935 1.6836 4.3079 -26.9666 1.5869 0.5994 -1.6269 0.0044
Cyclist 0.0000 0 3.8577 0.0000 0.0000 1224.0000 370.0000 1.6908 0.6218 1.8686 -1.4976 1.7381 0.3952 2.7356 0.0044
Car 0.0000 0 -0.4114 1206.8685 150.3671 1224.0000 260.5371 1.4932 1.7388 3.8169 12.1664 1.0865 11.1304 0.4058 0.0044
Car 0.0000 0 0.9103 667.1802 163.7289 764.5475 204.3220 1.4604 1.6883 3.9200 4.2071 0.8585 27.5549 1.0620 0.0044
Car 0.0000 0 -4.4449 0.0000 0.0000 1224.0000 370.0000 1.4686 1.6134 3.7591 16.1295 0.6073 0.3429 -2.9141 0.0044
Car 0.0000 0 1.0080 676.7661 159.0576 776.4368 202.7116 1.5427 1.7124 4.3674 4.5570 0.7864 27.3259 1.1732 0.0043
Car 0.0000 0 -2.7814 634.1046 167.6237 756.1086 206.2756 1.4432 1.7128 4.5140 3.5458 0.9639 28.2056 -2.6559 0.0043
Cyclist 0.0000 0 0.6524 29.6028 174.2219 140.2174 271.7017 1.6949 0.5126 1.6121 -9.2753 1.5874 12.5692 0.0304 0.0043
Car 0.0000 0 -0.9228 1174.5806 150.6641 1224.0000 247.5381 1.4994 1.7932 4.0248 12.3200 1.0392 12.1073 -0.1402 0.0043
Car 0.0000 0 -1.4374 601.6413 162.0490 647.8668 197.7120 1.5505 1.6548 3.6975 0.9508 0.7498 32.6937 -1.4067 0.0043
Car 0.0000 0 2.0782 611.9709 167.1229 688.6644 206.1917 1.4503 1.4989 3.5697 1.8397 0.9552 28.1470 2.1446 0.0043
Car 0.0000 0 1.0883 167.0992 202.4997 259.1594 245.8138 1.4541 1.6353 3.5514 -15.0600 2.3503 27.0864 0.5872 0.0043
Car 0.0000 0 -0.4206 1204.3392 144.8420 1224.0000 257.5455 1.5282 1.7504 3.9088 12.1966 1.0464 11.1456 0.3973 0.0043
Pedestrian 0.0000 0 2.3485 667.5365 157.7702 724.5134 273.8337 1.7203 0.3974 0.8406 1.3608 1.3850 10.8915 2.4711 0.0043
Car 0.0000 0 -1.5085 605.3657 160.4727 646.6611 196.5004 1.5609 1.6681 3.7106 1.0011 0.6947 32.5528 -1.4762 0.0043
Car 0.0000 0 -4.1660 0.0000 0.0000 1224.0000 370.0000 1.4696 1.4736 3.6051 15.9184 0.8813 -0.0204 -2.6129 0.0042
Car 0.0000 0 -0.0358 0.0000 0.0000 1224.0000 370.0000 1.6238 1.7118 4.5146 -26.9800 1.5716 0.4998 -1.5745 0.0042
Pedestrian 0.0000 0 -2.9429 1141.6212 165.8471 1202.0160 277.2238 1.7309 0.4453 0.6893 9.0843 1.5049 11.3899 -2.2816 0.0042
Car 0.0000 0 -0.5739 1192.3441 149.6257 1224.0000 254.6570 1.5126 1.7555 3.8170 12.2167 1.0696 11.4685 0.2309 0.0042
Car 0.0000 0 -0.1255 662.9277 159.5309 768.1066 198.6977 1.5612 1.7363 4.0869 4.4583 0.7269 29.1014 0.0267 0.0042
Car 0.0000 0 2.6342 581.1702 162.5113 692.9236 201.4916 1.4641 1.6323 4.1903 1.2711 0.7900 28.2146 2.6807 0.0042
Car 0.0000 0 -3.2164 628.0899 170.3007 734.0269 207.1066 1.4174 1.7104 4.0702 2.9351 1.0261 28.1393 -3.1118 0.0042
Car 0.0000 0 -4.2181 0.0000 0.0000 1224.0000 370.0000 1.4761 1.5349 3.7129 15.9955 0.8919 -0.0192 -2.6649 0.0042
Car 0.0000 0 2.0656 174.4327 198.9033 262.2919 241.3753 1.4469 1.5682 3.3020 -14.7811 2.1986 27.1667 1.5736 0.0041
Car 0.0000 0 -0.5316 1193.6544 159.4060 1224.0000 260.0112 1.4410 1.7191 3.7113 12.1522 1.1405 11.4480 0.2715 0.0041
Car 0.0000 0 1.9724 181.4202 200.3200 268.7498 243.2120 1.4497 1.6532 3.7428 -14.7440 2.2795 27.6111 1.4881 0.0041
Car 0.0000 0 -1.3338 665.9531 163.3930 723.7388 201.6718 1.5009 1.6105 3.5741 3.8061 0.8317 29.6757 -1.2057 0.0041
Pedestrian 0.0000 0 0.6661 51.1931 179.7437 103.8375 274.6100 1.6679 0.4086 0.6405 -9.4719 1.6562 12.6419 0.0368 0.0041
Car 0.0000 0 -3.0215 0.0000 0.0000 1224.0000 370.0000 1.5651 1.5748 3.2487 6.0132 1.4952 -0.1071 -1.4852 0.0041
Car 0.0000 0 -1.7829 602.3332 162.0357 656.2356 197.6064 1.5149 1.6855 3.7567 1.0194 0.7300 32.1052 -1.7496 0.0041
Car 0.0000 0 3.0844 590.4021 164.1175 694.3614 200.5582 1.4541 1.6542 4.1513 1.4648 0.8019 29.0470 3.1361 0.0040
Car 0.0000 0 -1.8737 542.6836 160.1784 605.2136 197.2622 1.5946 1.7492 4.0413 -1.5207 0.7222 32.5953 -1.9179 0.0040
Car 0.0000 0 -0.0723 0.0000 0.0000 1224.0000 370.0000 1.5535 1.6375 4.4084 -26.9726 1.6205 0.4064 -1.6144 0.0040
Car 0.0000 0 2.6851 608.7382 169.2048 713.4041 205.4335 1.4051 1.6288 3.9524 2.2674 0.9685 28.9021 2.7643 0.0040
Car 0.0000 0 0.8196 0.0000 184.1755 101.6404 225.8708 1.4120 1.5756 3.6824 -20.2530 1.5499 25.1792 0.1501 0.0040
Car 0.0000 0 -1.9743 890.7525 177.7215 1024.8690 240.3298 1.5166 1.6710 4.2968 9.3934 1.4509 19.3057 -1.5263 0.0040
Car 0.0000 0 1.2358 668.2753 170.9682 738.5331 208.4530 1.3804 1.6724 3.5166 3.7852 1.0309 27.9221 1.3709 0.0040
Car 0.0000 0 0.6211 145.1423 200.9117 268.3192 243.4951 1.4892 1.6410 3.8287 -15.0436 2.2929 26.7484 0.1151 0.0040
Car 0.0000 0 -1.6051 561.8761 161.5587 602.6389 198.9238 1.6342 1.7583 4.0924 -1.1370 0.8073 33.0191 -1.6373 0.0039
Car 0.0000 0 -1.5740 0.0000 180.6213 10.9249 241.2388 1.5296 1.6604 4.3218 -18.0164 1.5350 20.0117 -2.2973 0.0039
Car 0.0000 0 -0.3743 1221.4257 153.4234 1224.0000 265.6663 1.4965 1.7145 3.5857 12.1204 1.1372 10.9712 0.4480 0.0039
Car 0.0000 0 1.1914 605.8074 159.6307 683.5421 200.3401 1.5753 1.7441 4.3980 1.5469 0.7693 29.7184 1.2448 0.0039
Car 0.0000 0 -0.6539 651.6688 161.2774 759.4355 199.9005 1.5284 1.7411 4.3315 4.2393 0.7692 29.7951 -0.5122 0.0039
Car 0.0000 0 -1.5349 0.0000 181.0068 7.2274 241.9818 1.5275 1.6584 4.3744 -18.0320 1.5449 19.9589 -2.2600 0.0039
Car 0.0000 0 -1.4088 0.0000 179.0406 10.7529 241.8835 1.5669 1.6180 4.3575 -18.1754 1.5321 19.8960 -2.1394 0.0039
Car 0.0000 0 2.4355 605.0369 167.7649 694.7981 206.2161 1.4567 1.5290 3.4289 1.8085 0.9758 28.4205 2.5001 0.0039
Car 0.0000 0 -1.2785 659.6686 164.0247 724.3129 202.1203 1.5098 1.6622 3.9672 3.7583 0.8583 30.1660 -1.1540 0.0038
Car 0.0000 0 0.9954 669.8197 160.5406 764.4377 203.5847 1.5315 1.6866 4.0118 4.2102 0.8229 27.3267 1.1484 0.0038
Car 0.0000 0 1.7956 178.1227 200.6717 248.5142 243.8245 1.4443 1.6069 3.5943 -15.1238 2.2839 27.4260 1.2979 0.0038
Car 0.0000 0 1.9713 182.1728 200.4241 266.0170 243.1316 1.4503 1.6032 3.5463 -14.7615 2.2800 27.5520 1.4856 0.0038
Car 0.0000 0 -3.6002 1180.8035 160.7399 1224.0000 217.8656 1.4188 1.4588 4.1635 18.1795 0.9297 18.8706 -2.8403 0.0038
Car 0.0000 0 2.4913 606.5002 168.4326 705.1474 204.9624 1.3979 1.5920 3.8182 2.0708 0.9376 28.7602 2.5642 0.0038
Car 0.0000 0 0.9978 668.9034 159.5477 766.7326 202.0288 1.4849 1.6766 4.1657 4.1679 0.7540 26.9524 1.1514 0.0038
Car 0.0000 0 -1.4434 0.0000 181.6342 7.0934 243.4131 1.5457 1.6249 4.2147 -18.2465 1.5828 19.9618 -2.1743 0.0038
Car 0.0000 0 2.1584 607.2504 167.9302 688.4764 205.9721 1.4089 1.4778 3.5809 1.7331 0.9449 28.0533 2.2212 0.0038
Car 0.0000 0 1.6663 0.0000 179.2371 11.6136 239.6815 1.5373 1.7023 3.9566 -18.1688 1.5067 20.0768 0.9404 0.0038
Car 0.0000 0 1.0075 669.7191 160.2693 765.2814 203.4376 1.5223 1.6886 4.0821 4.1896 0.8104 27.1363 1.1608 0.0038
Car 0.0000 0 -0.4428 905.0392 178.6778 1096.5817 236.1799 1.4420 1.6973 4.0859 10.2970 1.3979 18.6859 0.0553 0.0038
Car 0.0000 0 -2.8374 651.0394 168.5552 753.9337 205.6702 1.4318 1.5648 3.8615 3.9405 0.9725 28.8024 -2.7012 0.0038
Car 0.0000 0 -1.3051 650.0883 161.9372 716.3647 201.7466 1.5782 1.7633 4.2657 3.4131 0.8438 30.3325 -1.1924 0.0037
Car 0.0000 0 -1.6736 0.0000 0.0000 1224.0000 370.0000 1.6887 1.7892 5.0884 16.4042 0.5099 1.3075 -0.2005 0.0037
Car 0.0000 0 -0.8111 0.0000 167.6259 15.2297 201.6786 1.7465 1.7447 4.4337 -34.8890 1.0876 38.4991 -1.5414 0.0037
Car 0.0000 0 -1.3723 560.5283 161.5564 614.4023 198.5734 1.6211 1.7420 4.0931 -0.7682 0.7929 33.1262 -1.3934 0.0037
Pedestrian 0.0000 0 0.4262 30.3124 177.9002 78.1231 276.4871 1.7256 0.4041 0.5556 -9.8773 1.6817 12.6294 -0.2237 0.0037
Car 0.0000 0 -1.3314 650.3746 161.7600 714.8262 202.0692 1.5979 1.7911 4.2282 3.3833 0.8565 30.3171 -1.2196 0.0037
Car 0.0000 0 -1.5653 598.8862 163.2724 636.5979 198.5208 1.5496 1.6587 3.7541 0.5869 0.7937 32.9763 -1.5458 0.0036
Car 0.0000 0 1.7762 174.6999 200.9799 243.0838 243.9984 1.4350 1.6061 3.4820 -15.2235 2.2820 27.2882 1.2736 0.0036
Car 0.0000 0 1.9094 623.1332 171.1493 689.1829 208.1692 1.3563 1.5040 3.5228 2.0497 1.0152 27.8140 1.9840 0.0036
Car 0.0000 0 3.4474 0.0000 182.1183 112.7418 223.3766 1.4349 1.6731 3.7422 -20.6849 1.4995 26.1337 2.7855 0.0036
Car 0.0000 0 -1.6960 597.7965 162.8640 643.4727 198.5815 1.5561 1.6697 3.5803 0.6497 0.7892 32.6652 -1.6745 0.0036
Car 0.0000 0 2.2323 528.2551 159.8165 610.9270 197.7645 1.5448 1.6056 3.7832 -1.4993 0.7043 30.7865 2.1861 0.0036
Car 0.0000 0 1.8742 183.9051 200.2941 257.7431 242.8156 1.4396 1.5665 3.3509 -14.8175 2.2582 27.3920 1.3846 0.0035
Car 0.0000 0 2.2915 195.1478 201.2852 291.9478 244.6833 1.4781 1.5638 3.3052 -14.0376 2.3437 27.5938 1.8269 0.0035
Car 0.0000 0 1.4340 670.1604 162.9131 728.6870 205.3379 1.4787 1.6405 3.9743 3.4495 0.8673 26.6326 1.5632 0.0035
Car 0.0000 0 -2.0986 584.2430 162.8037 655.6237 197.8518 1.5079 1.7054 3.5569 0.6081 0.7480 32.3834 -2.0781 0.0035
Car 0.0000 0 1.1635 667.9764 168.6461 738.7401 206.1292 1.3864 1.5841 3.2965 3.7955 0.9495 27.9469 1.2988 0.0035
Car 0.0000 0 -2.8956 584.1295 163.0857 697.3353 200.7324 1.4872 1.7005 4.4186 1.4763 0.8007 29.3865 -2.8441 0.0035
Car 0.0000 0 -0.9368 1173.1071 150.8487 1224.0000 247.3288 1.4983 1.7832 4.1735 12.3932 1.0395 12.1763 -0.1539 0.0035
Car 0.0000 0 -1.5058 666.6566 164.9947 709.6800 201.9938 1.4699 1.5838 3.5375 3.5527 0.8554 29.9690 -1.3872 0.0035
Car 0.0000 0 -2.8369 573.2654 163.1796 663.5484 199.1792 1.5757 1.7182 3.7911 0.6086 0.8190 32.3617 -2.8164 0.0035
Car 0.0000 0 -0.2561 651.2154 163.4841 752.4360 202.1674 1.5534 1.6877 3.8756 3.9699 0.8716 29.4612 -0.1217 0.0035
Car 0.0000 0 -1.3532 0.0000 183.0475 0.7861 239.4046 1.4413 1.4686 3.5763 -18.6584 1.5225 20.1674 -2.0901 0.0035
Car 0.0000 0 1.5301 670.5225 163.7694 716.8281 202.9420 1.5011 1.7181 4.0232 3.5678 0.8615 29.1643 1.6524 0.0035
Car 0.0000 0 -0.5031 0.0000 187.9394 101.9752 233.9000 1.4150 1.4892 3.2908 -19.4121 1.6897 24.1522 -1.1721 0.0035
Car 0.0000 0 -2.9300 656.0991 167.3498 755.5378 204.2685 1.4232 1.5774 3.7406 4.0676 0.9178 28.6385 -2.7886 0.0034
Car 0.0000 0 0.1454 663.2888 160.8462 775.0327 201.5750 1.5697 1.7558 4.2737 4.6308 0.8137 28.7239 0.3054 0.0034
Cyclist 0.0000 0 0.7593 0.0000 0.0000 1224.0000 370.0000 1.6793 0.5475 1.8674 1.1021 1.6950 0.3280 1.7979 0.0034
Car 0.0000 0 2.4899 519.0104 159.5924 612.2155 198.1100 1.5867 1.6891 3.8438 -1.7083 0.7269 31.0093 2.4374 0.0034
Car 0.0000 0 1.1480 1152.7341 155.2294 1224.0000 255.5845 1.4461 1.6729 4.1688 11.4791 1.0836 12.4242 1.8828 0.0034
Car 0.0000 0 -1.3870 560.9305 163.2419 614.2570 200.4684 1.6307 1.7599 4.1691 -0.7618 0.8762 33.1666 -1.4079 0.0034
Car 0.0000 0 -1.4076 667.0418 163.3396 719.5519 201.4172 1.4993 1.6125 3.7396 3.7656 0.8251 29.8578 -1.2816 0.0034
Pedestrian 0.0000 0 1.5676 82.5889 172.6149 113.8961 265.9851 1.6116 0.4441 0.6500 -9.0669 1.4771 12.5922 0.9573 0.0034
Car 0.0000 0 -3.2068 647.6550 168.5702 743.5394 206.0193 1.4103 1.6099 3.6009 3.4422 0.9626 27.5333 -3.0821 0.0034
Car 0.0000 0 -0.3149 655.7906 162.0994 761.9272 200.7131 1.5428 1.7275 4.0344 4.2647 0.8091 29.4392 -0.1707 0.0034
Car 0.0000 0 -0.6334 644.4161 162.8195 745.5959 202.0457 1.5612 1.7241 3.9935 3.7951 0.8590 29.8572 -0.5065 0.0034
Car 0.0000 0 2.2500 612.0842 170.3266 700.7140 207.2366 1.3869 1.5555 3.7352 2.0975 1.0061 28.4567 2.3245 0.0033
Car 0.0000 0 1.4390 605.7914 163.3281 654.1086 198.4978 1.4728 1.6758 3.6813 1.0331 0.7552 31.5182 1.4733 0.0033
Car 0.0000 0 1.7019 555.1593 162.3628 603.5864 199.0629 1.5340 1.6928 3.5486 -1.1002 0.7774 31.3964 1.6692 0.0033
Car 0.0000 0 -3.1023 557.1418 162.8797 638.7743 197.3983 1.5362 1.6261 3.6424 -0.3111 0.7535 32.3315 -3.1100 0.0033
Car 0.0000 0 0.4996 113.6330 194.3938 253.9010 236.0994 1.4614 1.8258 4.1350 -15.6553 2.0007 26.3909 -0.0291 0.0033
Car 0.0000 0 -4.1632 0.0000 0.0000 1224.0000 370.0000 1.4558 1.4430 3.4796 15.8563 0.8944 -0.0043 -2.6111 0.0033
Car 0.0000 0 0.0177 0.0000 0.0000 1224.0000 370.0000 1.4946 1.5990 3.7499 -26.6561 1.6436 0.2272 -1.5308 0.0033
Car 0.0000 0 0.1849 548.4142 164.9217 635.5039 199.9361 1.5639 1.6452 3.7894 -0.5909 0.8695 32.7034 0.1688 0.0033
Car 0.0000 0 -4.0876 0.0000 0.0000 1224.0000 370.0000 1.4852 1.4579 3.6269 15.8526 0.8984 -0.2384 -2.5208 0.0033
Car 0.0000 0 -1.5215 0.0000 180.5091 5.6207 241.6733 1.5208 1.6492 4.4926 -18.0115 1.5227 19.8425 -2.2488 0.0033
Pedestrian 0.0000 0 0.4186 209.0237 191.9813 234.7031 239.1548 1.6869 0.6611 0.6064 -14.0043 2.1131 25.8010 -0.0721 0.0033
Car 0.0000 0 -1.1858 639.0936 164.3712 710.5385 202.7236 1.5167 1.6924 3.8641 3.0136 0.8803 30.0591 -1.0850 0.0033
Car 0.0000 0 -2.4947 599.1981 163.7604 704.9739 202.8199 1.5355 1.7039 4.2907 1.9091 0.8789 29.8372 -2.4297 0.0033
Car 0.0000 0 0.3598 666.2241 158.8037 785.3285 201.6091 1.5528 1.6947 4.2306 4.6352 0.7672 27.4395 0.5272 0.0032
Car 0.0000 0 0.7116 140.5934 201.8286 257.3988 244.3756 1.4699 1.6483 3.6527 -15.3555 2.3139 26.7564 0.1971 0.0032
Car 0.0000 0 -1.3037 660.1584 162.9494 723.4360 201.9164 1.5403 1.6927 3.9286 3.7390 0.8481 30.0827 -1.1795 0.0032
Car 0.0000 0 0.1302 148.4006 202.3434 267.5497 247.4985 1.5107 1.6117 3.7026 -14.7617 2.3735 26.4509 -0.3724 0.0032
Car 0.0000 0 1.9286 626.2158 169.1193 697.0744 207.9108 1.4718 1.6016 3.9646 2.3701 1.0415 28.9562 2.0112 0.0032
Car 0.0000 0 1.8753 640.9826 166.6240 712.9211 205.5389 1.4658 1.7072 4.3239 3.0074 0.9446 28.9502 1.9795 0.0032
Cyclist 0.0000 0 0.4643 4.7383 180.5628 123.3731 278.3765 1.6846 0.4327 1.6577 -9.6049 1.6874 12.5307 -0.1758 0.0032
Car 0.0000 0 -1.9241 614.8216 164.3434 681.8021 202.9084 1.5110 1.6283 3.6733 1.7252 0.8795 29.6920 -1.8648 0.0032
Car 0.0000 0 -0.1386 662.4656 159.6678 772.6991 199.7439 1.6026 1.7700 4.2858 4.5543 0.7710 29.1894 0.0164 0.0032
Car 0.0000 0 -1.0509 0.0000 183.5735 19.3883 238.1935 1.4415 1.4536 3.4326 -19.0354 1.5409 20.6919 -1.7852 0.0032
Car 0.0000 0 1.4970 661.6151 168.5706 711.2970 208.8541 1.4389 1.6187 3.5252 3.0278 1.0143 27.0429 1.6090 0.0031
Car 0.0000 0 -1.7205 630.8990 163.0150 684.4351 202.0036 1.5447 1.6726 4.0647 2.1468 0.8535 30.0986 -1.6482 0.0031
Car 0.0000 0 -1.5993 561.0780 161.6607 601.7439 198.9149 1.6197 1.7663 4.1101 -1.1710 0.8021 32.8406 -1.6327 0.0031
Car 0.0000 0 -1.9518 538.5812 160.4244 607.5566 197.5964 1.5869 1.7432 4.1320 -1.5569 0.7313 32.4215 -1.9974 0.0031
Car 0.0000 0 2.0884 189.1469 202.4268 273.7037 245.0435 1.4611 1.5256 3.1779 -14.4739 2.3664 27.5187 1.6102 0.0031
Car 0.0000 0 -1.6670 558.3779 160.9864 605.6410 197.5677 1.5786 1.7830 4.2129 -1.1477 0.7380 32.7104 -1.6998 0.0031
Car 0.0000 0 0.1431 0.0000 0.0000 1224.0000 370.0000 1.6182 1.7689 4.4746 -27.2419 1.5475 0.4772 -1.3967 0.0031
Car 0.0000 0 -0.1234 0.0000 0.0000 1224.0000 370.0000 1.5481 1.7104 4.0747 -27.0000 1.6736 0.5296 -1.6611 0.0031
Car 0.0000 0 -2.7677 576.6136 157.3083 698.0533 198.0615 1.6144 1.8691 4.7651 1.3325 0.6972 29.8293 -2.7216 0.0031
Car 0.0000 0 1.2382 672.2091 162.4991 748.6750 204.9047 1.4881 1.6469 3.9980 3.8926 0.8579 26.9241 1.3819 0.0031
Car 0.0000 0 2.3299 189.0457 197.7834 289.1299 241.5602 1.4852 1.5846 3.2898 -14.0128 2.1959 27.2079 1.8604 0.0030
Car 0.0000 0 -1.4229 637.2639 163.8080 690.0130 202.5511 1.5348 1.6977 3.7263 2.5285 0.8751 30.0143 -1.3379 0.0030
Car 0.0000 0 -1.4192 637.1038 164.2016 689.6631 202.1906 1.5051 1.6622 3.8495 2.5246 0.8609 30.0734 -1.3345 0.0030
Car 0.0000 0 2.3611 528.3601 161.4518 614.0037 197.5713 1.4888 1.6171 3.6810 -1.4564 0.7052 31.0400 2.3167 0.0030
Car 0.0000 0 0.3665 162.1490 200.0755 293.4749 243.0845 1.5129 1.6451 4.0893 -14.2682 2.2878 26.8764 -0.1153 0.0030
Car 0.0000 0 1.7739 646.3806 170.0684 710.6809 209.0766 1.4328 1.7267 4.2626 2.9958 1.0511 28.2577 1.8801 0.0030
Car 0.0000 0 3.0749 0.0000 0.0000 1224.0000 370.0000 1.5062 1.6209 3.8281 -29.1602 1.8673 1.9116 1.5821 0.0030
Car 0.0000 0 2.7463 520.2750 161.2486 615.5599 197.3559 1.5221 1.6961 3.8723 -1.6621 0.7120 31.4002 2.6959 0.0030
Car 0.0000 0 2.6337 505.2289 158.9259 609.3346 196.7594 1.5574 1.7022 4.2595 -2.0784 0.6708 30.9692 2.5694 0.0030
Car 0.0000 0 -1.3597 643.6009 162.4721 703.3330 201.7388 1.5576 1.7162 4.1159 2.9816 0.8440 30.2630 -1.2607 0.0030
Car 0.0000 0 -1.9754 609.1979 157.0874 690.3325 200.4907 1.7029 1.7849 4.5783 1.7843 0.7858 30.1920 -1.9151 0.0030
Car 0.0000 0 3.0241 0.0000 0.0000 1224.0000 370.0000 1.5043 1.5905 3.7364 -29.1803 1.8457 1.7217 1.5248 0.0030
Pedestrian 0.0000 0 -1.8837 29.1893 165.8659 69.6382 250.3806 1.6961 0.5072 0.5741 -11.4823 1.4041 14.5564 -2.5391 0.0030
Pedestrian 0.0000 0 -0.4137 210.1500 192.7489 234.3177 239.8085 1.6736 0.6318 0.5713 -13.9842 2.1290 25.7779 -0.9042 0.0030
Car 0.0000 0 2.2702 195.9948 202.1277 290.3686 245.1170 1.4661 1.5324 3.2707 -14.0853 2.3678 27.6563 1.8051 0.0030
Car 0.0000 0 -0.4262 917.9262 180.4601 1118.7045 237.7717 1.4336 1.7781 4.2437 10.7785 1.4342 18.7565 0.0897 0.0029
Car 0.0000 0 -1.3883 560.0361 161.1597 613.7336 198.5276 1.6272 1.7593 4.2261 -0.7896 0.7865 33.0095 -1.4101 0.0029
Car 0.0000 0 -0.8085 1170.5956 145.6882 1224.0000 246.2327 1.5597 1.8035 4.5001 12.4340 1.0214 11.8934 -0.0126 0.0029
Car 0.0000 0 2.8063 0.0000 0.0000 1224.0000 370.0000 1.5377 1.4491 3.4400 -29.1451 1.7650 1.2812 1.2921 0.0029
Car 0.0000 0 0.3876 666.0847 159.8868 785.5756 202.0439 1.5521 1.7310 4.3129 4.7105 0.7947 27.8989 0.5549 0.0029
Car 0.0000 0 -2.6272 0.0000 0.0000 1224.0000 370.0000 1.5346 1.7500 4.2612 20.1497 0.5463 1.0406 -1.1227 0.0029
Car 0.0000 0 -0.7633 1118.2847 159.8907 1224.0000 221.5814 1.6085 1.7288 4.4905 16.8908 1.0727 19.4144 -0.0538 0.0029
Car 0.0000 0 -1.2450 0.0000 0.0000 1224.0000 370.0000 1.7889 1.8102 5.4031 17.0379 0.6148 1.4051 0.2260 0.0029
Car 0.0000 0 -2.9457 0.0000 0.0000 1224.0000 370.0000 1.5380 1.7793 4.4560 19.8283 0.4580 1.1554 -1.4480 0.0029
Car 0.0000 0 1.0398 668.3243 169.0168 751.0225 207.6986 1.3986 1.6260 3.4903 3.9682 0.9850 27.4833 1.1833 0.0029
Car 0.0000 0 -0.0491 620.1857 158.5668 696.2655 188.3901 1.6881 1.6773 4.3052 3.0274 0.4480 40.9104 0.0261 0.0029
Car 0.0000 0 2.7527 0.0000 0.0000 1224.0000 370.0000 1.5074 1.6458 3.8933 -29.5706 1.8796 1.8038 1.2553 0.0029
Car 0.0000 0 0.7734 0.0000 185.1247 98.1835 229.4031 1.4788 1.7105 4.1681 -20.4843 1.6498 24.8697 0.0924 0.0029
Car 0.0000 0 -1.8896 1163.2062 152.4160 1224.0000 254.3415 1.4992 1.7079 4.0981 11.6286 1.0878 12.6140 -1.1557 0.0029
Car 0.0000 0 3.7780 0.0000 181.0121 119.2529 221.8915 1.4367 1.7020 4.1703 -20.4179 1.4575 25.7709 3.1157 0.0029
Pedestrian 0.0000 0 0.9382 27.8715 169.7332 77.1329 250.4413 1.5826 0.4904 0.6537 -11.1267 1.3731 14.1868 0.2858 0.0029
Car 0.0000 0 2.5724 509.6134 158.4912 609.7690 196.5880 1.5692 1.6916 4.1224 -1.9705 0.6642 31.0166 2.5116 0.0029
Pedestrian 0.0000 0 1.1430 29.9887 168.9734 74.9959 250.8903 1.6022 0.5020 0.6253 -11.1341 1.3784 14.1927 0.4905 0.0029
Car 0.0000 0 -0.7612 244.3199 165.1584 535.5363 325.1657 1.6704 1.6804 3.4109 -2.6581 1.5120 9.2710 -1.0297 0.0028
Car 0.0000 0 1.6635 555.8805 161.1869 598.9609 197.5871 1.5054 1.5677 3.4668 -1.1786 0.7081 31.0111 1.6278 0.0028
Car 0.0000 0 1.3655 670.1667 166.9997 731.7854 207.5632 1.4461 1.6245 3.5862 3.5717 0.9663 27.0492 1.4971 0.0028
Pedestrian 0.0000 0 -1.5923 32.9652 165.3473 66.0122 250.6289 1.7094 0.5273 0.6008 -11.4908 1.4073 14.5667 -2.2478 0.0028
Car 0.0000 0 -2.8351 589.8983 164.6004 699.4926 202.5354 1.4992 1.6636 4.2583 1.6344 0.8724 29.4723 -2.7784 0.0028
Car 0.0000 0 0.3752 664.6088 161.2921 776.7073 201.9896 1.5299 1.7037 4.0970 4.5903 0.8094 28.3531 0.5358 0.0028
Car 0.0000 0 1.6060 645.2076 170.6791 688.7404 209.4501 1.4146 1.5703 3.5651 2.4516 1.0578 27.6578 1.6952 0.0028
Car 0.0000 0 -0.5688 1199.2616 161.1031 1224.0000 260.4854 1.4290 1.7111 3.4957 12.0822 1.1518 11.3985 0.2335 0.0028
Car 0.0000 0 2.4144 0.0000 0.0000 1224.0000 370.0000 1.5604 1.5841 3.7166 -29.8984 1.9401 1.4962 0.9059 0.0028
Car 0.0000 0 0.3520 661.6284 159.8754 781.6593 201.7849 1.5707 1.7340 4.4194 4.6235 0.7992 28.3348 0.5138 0.0028
Car 0.0000 0 0.1833 125.6032 197.6009 252.6897 240.2254 1.4114 1.7867 3.7680 -15.2215 2.0787 26.0543 -0.3387 0.0027
Car 0.0000 0 1.5896 661.1979 166.5499 707.8737 208.2694 1.4444 1.6129 3.8975 2.9893 0.9630 26.5127 1.7024 0.0027
Car 0.0000 0 1.6623 657.7734 164.2216 712.0269 206.7952 1.4662 1.6592 3.9595 3.0316 0.9071 26.4528 1.7769 0.0027
Car 0.0000 0 -0.3609 655.5789 161.2571 764.0395 199.8630 1.5394 1.7179 4.1306 4.3163 0.7736 29.4684 -0.2152 0.0027
Car 0.0000 0 2.6684 596.9324 169.9670 715.8755 209.3271 1.4832 1.7459 4.4429 2.0399 1.0878 28.3079 2.7413 0.0027
Car 0.0000 0 2.8615 504.3477 159.2968 609.0471 196.7032 1.5784 1.7292 4.3277 -2.1695 0.6852 31.3786 2.7951 0.0027
Car 0.0000 0 0.4716 663.7700 163.7053 767.6065 202.2279 1.4493 1.6138 3.7949 4.3834 0.8189 28.3598 0.6252 0.0027
Car 0.0000 0 -2.6329 584.4782 161.7135 699.3622 201.1975 1.5598 1.7616 4.5692 1.5012 0.8191 29.8865 -2.5813 0.0027
Car 0.0000 0 -2.6412 0.0000 0.0000 1224.0000 370.0000 1.5526 1.6951 4.5543 20.2528 0.5901 1.4250 -1.1552 0.0027
Car 0.0000 0 1.1723 670.4051 166.5451 747.9655 208.1030 1.4747 1.6118 3.7091 3.8790 0.9810 27.0833 1.3147 0.0027
Car 0.0000 0 3.3709 184.1562 200.6096 302.3283 242.9374 1.4664 1.5146 3.7359 -13.6299 2.2629 26.7757 2.9062 0.0027
Car 0.0000 0 -1.7819 584.9404 163.7250 636.4576 199.3396 1.5754 1.6644 3.7801 0.1899 0.8348 33.2897 -1.7744 0.0026
Car 0.0000 0 0.1748 116.8171 194.7471 247.1630 238.6931 1.4603 1.8391 3.8467 -15.4501 2.0168 26.0107 -0.3544 0.0026
Car 0.0000 0 -1.1408 0.0000 175.6274 10.5095 236.1329 1.5513 1.4516 3.7391 -18.7600 1.4280 20.1251 -1.8814 0.0026
Car 0.0000 0 -1.4603 638.9063 163.5775 688.3310 202.0343 1.5237 1.6690 3.9410 2.5368 0.8547 30.1041 -1.3753 0.0026
Car 0.0000 0 -0.6615 0.0000 171.1871 14.6470 203.5541 1.6537 1.7214 4.2771 -34.9106 1.1793 38.3775 -1.3938 0.0026
Car 0.0000 0 2.7929 508.0947 159.6913 611.2634 196.8399 1.5629 1.7309 4.2342 -2.0277 0.6889 31.3808 2.7310 0.0026
Car 0.0000 0 0.3895 669.2832 160.7957 784.3410 202.6960 1.5206 1.6672 4.0724 4.6734 0.8071 27.4406 0.5581 0.0026
Car 0.0000 0 -0.1396 0.0000 0.0000 1224.0000 370.0000 1.5079 1.7349 4.1925 -27.2311 1.6345 1.3283 -1.6482 0.0026
Car 0.0000 0 1.4745 672.0477 170.1122 720.1774 207.0080 1.3843 1.5646 3.5572 3.5656 0.9961 28.3236 1.6001 0.0026
Car 0.0000 0 2.3643 0.0000 188.1972 98.4475 238.0481 1.4533 1.5931 4.2173 -19.3096 1.7341 23.4668 1.6840 0.0025
Car 0.0000 0 1.8175 627.6159 171.4892 683.7942 207.7484 1.3535 1.4873 3.2231 2.0468 1.0186 28.1514 1.8911 0.0025
Car 0.0000 0 0.7517 594.2200 156.2012 708.8304 201.2805 1.7553 1.8421 4.8969 1.8557 0.8107 29.9395 0.8148 0.0025
Car 0.0000 0 -0.5749 646.4207 162.7220 751.4638 201.1204 1.5282 1.7081 4.1219 3.9450 0.8221 29.7885 -0.4428 0.0025
Car 0.0000 0 1.6741 657.6418 170.5889 706.4570 209.8033 1.4361 1.5542 3.4699 3.0529 1.0747 27.7492 1.7842 0.0025
Car 0.0000 0 -1.9329 1159.0343 154.5552 1224.0000 253.4548 1.4706 1.6845 3.8957 11.6013 1.0865 12.6294 -1.2008 0.0025
Car 0.0000 0 1.7236 634.7222 170.4260 685.1619 206.7347 1.3761 1.5698 3.1101 2.2380 0.9958 28.4860 1.8029 0.0025
Car 0.0000 0 -1.7753 479.1729 183.8186 571.2977 244.8824 1.3574 1.5910 3.6837 -2.1578 1.4525 17.9277 -1.8913 0.0025
Car 0.0000 0 3.1485 549.3295 163.9623 630.4246 197.4289 1.4938 1.6562 3.6218 -0.7041 0.7571 32.4058 3.1289 0.0025
Car 0.0000 0 3.3477 0.0000 0.0000 1224.0000 370.0000 1.4881 1.6193 3.9162 -28.8058 1.7919 2.0247 1.8598 0.0025
Car 0.0000 0 -1.3275 651.8120 161.4888 714.6627 201.0010 1.5748 1.7773 3.9517 3.4049 0.8186 30.3369 -1.2150 0.0025
Car 0.0000 0 0.5140 668.0704 163.0000 774.8344 203.2969 1.4829 1.6572 3.8288 4.5232 0.8404 27.8571 0.6750 0.0025
Car 0.0000 0 2.3410 178.9449 198.6117 279.2301 242.8463 1.5013 1.5679 3.2768 -14.4228 2.2471 27.2552 1.8604 0.0025
Car 0.0000 0 -1.1106 0.0000 180.0953 12.9737 238.0365 1.5018 1.4578 3.6246 -18.8322 1.4929 20.2646 -1.8498 0.0024
Car 0.0000 0 3.1017 517.0588 162.5727 615.6618 197.8659 1.5373 1.7646 4.3202 -1.7824 0.7579 31.8714 3.0483 0.0024
Car 0.0000 0 3.1362 504.5220 160.0914 607.6356 197.3817 1.6256 1.7987 4.5086 -2.2172 0.7374 31.8781 3.0694 0.0024
Car 0.0000 0 -0.3236 653.2774 160.5506 769.3779 200.4466 1.5954 1.7650 4.4644 4.3800 0.7991 29.5285 -0.1761 0.0024
Car 0.0000 0 -0.8012 1186.8280 154.7832 1224.0000 250.7410 1.4886 1.7812 3.6317 12.2731 1.0913 11.8738 -0.0110 0.0024
Car 0.0000 0 -2.7153 529.7108 164.1643 626.4115 198.7376 1.5225 1.7325 4.1249 -1.2635 0.8046 32.7159 -2.7516 0.0024
Car 0.0000 0 -0.2505 0.0000 0.0000 1224.0000 370.0000 1.5707 1.6410 3.4029 -28.9776 1.8596 0.5922 -1.7881 0.0024
Car 0.0000 0 0.7872 961.0717 178.3300 1134.2272 238.7669 1.3533 1.5768 3.6078 10.8969 1.3063 17.7665 1.3310 0.0024
Car 0.0000 0 -2.7795 660.1183 165.5875 765.1405 204.0048 1.4514 1.5828 3.8509 4.2724 0.8895 28.3406 -2.6296 0.0024
Car 0.0000 0 0.7287 0.0000 187.4893 102.9331 229.8050 1.4395 1.7630 3.7637 -20.5153 1.7015 25.3589 0.0563 0.0024
Car 0.0000 0 -1.2337 637.5110 164.1115 705.6944 202.4342 1.5169 1.6771 3.9482 2.8863 0.8697 30.1251 -1.1373 0.0023
Car 0.0000 0 3.2804 0.0000 0.0000 1224.0000 370.0000 1.5508 1.4693 3.5302 -28.9016 1.6180 1.0776 1.7597 0.0023
Car 0.0000 0 2.0977 190.5597 203.5493 274.1622 245.7948 1.4519 1.5043 3.1450 -14.5128 2.4076 27.6572 1.6205 0.0023
Car 0.0000 0 0.5754 0.0000 181.4679 109.8055 223.9088 1.4866 1.6750 3.6846 -20.5623 1.5248 25.8058 -0.0896 0.0023
Car 0.0000 0 3.0997 0.0000 0.0000 1224.0000 370.0000 1.5633 1.4576 3.5017 -28.8905 1.6304 0.6546 1.5643 0.0023
Car 0.0000 0 1.8194 628.9761 170.7550 690.1772 208.2661 1.4012 1.5962 3.6585 2.2324 1.0387 28.3950 1.8988 0.0023
Car 0.0000 0 -3.1561 0.0000 0.0000 1224.0000 370.0000 1.6183 1.7823 4.8105 19.4252 0.4511 1.4373 -1.6744 0.0023
Car 0.0000 0 0.9086 0.0000 181.9831 102.9013 224.6808 1.4613 1.7378 3.9507 -20.5996 1.5193 25.5963 0.2388 0.0023
Car 0.0000 0 -1.9684 1158.6172 159.6738 1224.0000 259.1288 1.4285 1.6723 3.9124 11.3737 1.1311 12.2738 -1.2323 0.0023
Car 0.0000 0 2.2840 197.5457 203.3393 291.9666 245.9663 1.4554 1.5308 3.2778 -14.1060 2.4130 27.8164 1.8206 0.0023
Car 0.0000 0 2.1491 189.4728 204.3257 279.0996 246.5822 1.4414 1.5530 3.3067 -14.4942 2.4373 27.7819 1.6742 0.0023
Car 0.0000 0 1.4115 670.8495 172.9232 726.4061 210.2851 1.3685 1.5861 3.6612 3.5795 1.0925 27.7465 1.5401 0.0023
Car 0.0000 0 -1.3503 0.0000 0.0000 1224.0000 370.0000 1.5606 1.7415 3.8413 20.5407 0.6420 -0.0319 0.2077 0.0023
Car 0.0000 0 0.7911 973.0002 175.0237 1172.2502 239.9861 1.4275 1.6990 4.1661 11.4425 1.3088 17.7480 1.3572 0.0023
Car 0.0000 0 1.3476 0.0000 184.4482 8.5745 236.1976 1.4694 1.6436 3.8967 -20.3994 1.6046 22.1360 0.6119 0.0023
Car 0.0000 0 2.6351 0.0000 0.0000 1224.0000 370.0000 1.5304 1.5765 3.6365 -29.5333 1.8401 1.6808 1.1336 0.0022
Car 0.0000 0 1.4493 671.0559 169.5310 720.7693 208.0283 1.4246 1.5328 3.3704 3.4977 1.0202 27.8481 1.5746 0.0022
Car 0.0000 0 0.4463 666.2667 161.7619 781.3245 202.7489 1.5108 1.7032 4.1557 4.6319 0.8216 27.9460 0.6106 0.0022
Car 0.0000 0 -3.2996 930.4212 179.5791 1109.2439 237.7460 1.3900 1.4879 3.7802 10.5024 1.3696 18.2512 -2.7834 0.0022
Car 0.0000 0 2.7782 540.8723 164.6932 632.9893 198.5600 1.4623 1.6647 3.8293 -0.8403 0.7813 32.0182 2.7541 0.0022
Car 0.0000 0 2.3975 940.0075 175.5060 1120.7844 236.3450 1.3828 1.4561 3.7950 10.2594 1.2709 17.1768 2.9295 0.0022
Car 0.0000 0 2.0903 0.0000 180.3037 18.7313 232.6410 1.5643 1.6775 4.3240 -21.7000 1.5600 23.4201 1.3515 0.0022
Car 0.0000 0 2.4222 0.0000 0.0000 1224.0000 370.0000 1.5571 1.5274 3.6729 -29.9007 1.9378 1.5144 0.9144 0.0022
Cyclist 0.0000 0 0.7261 0.0000 0.0000 1224.0000 370.0000 1.6303 0.5462 1.6377 1.1429 1.7203 0.6895 1.5732 0.0022
Car 0.0000 0 -2.9531 539.5005 164.8143 623.6669 196.9717 1.4242 1.6718 3.6069 -1.0599 0.7310 32.4176 -2.9836 0.0022
Car 0.0000 0 1.3837 0.0000 184.6138 8.0183 237.8489 1.5102 1.6455 3.9630 -20.3915 1.6517 22.1926 0.6494 0.0022
Car 0.0000 0 0.0474 0.0000 0.0000 1224.0000 370.0000 1.5961 1.7848 4.4211 -27.2941 1.5252 0.6918 -1.4846 0.0022
Car 0.0000 0 1.8297 627.3008 172.0297 685.8117 208.1833 1.3493 1.5578 3.1849 2.0803 1.0347 28.1435 1.9044 0.0022
Car 0.0000 0 2.8743 367.4417 184.3264 568.9136 248.9558 1.4082 1.7253 4.5758 -3.3715 1.5136 17.3896 2.6878 0.0021
Car 0.0000 0 -2.6201 578.7953 165.2425 663.6534 200.9814 1.5338 1.6908 3.4512 0.7042 0.8805 31.9576 -2.5964 0.0021
Car 0.0000 0 0.5168 0.0000 184.8360 120.4358 228.5051 1.5045 1.7974 4.0272 -20.3596 1.6713 25.7675 -0.1442 0.0021
Car 0.0000 0 0.3252 133.4154 201.4457 260.7084 244.7258 1.4767 1.6938 3.7830 -15.1866 2.2973 26.4570 -0.1894 0.0021
Car 0.0000 0 1.7757 652.2184 172.1709 715.5618 210.8187 1.4020 1.6810 4.0766 3.1578 1.1013 27.8426 1.8891 0.0021
Car 0.0000 0 -1.8482 583.9673 164.3039 640.4958 199.1031 1.5193 1.6729 3.6994 0.2560 0.8136 32.8683 -1.8386 0.0021
Car 0.0000 0 2.5665 0.0000 0.0000 1224.0000 370.0000 1.5241 1.5223 3.5339 -29.5675 1.8499 1.6392 1.0636 0.0021
Car 0.0000 0 2.9073 0.0000 0.0000 1224.0000 370.0000 1.4886 1.5467 3.5495 -29.2565 1.8352 1.6714 1.4061 0.0021
Car 0.0000 0 -1.2415 556.4584 162.7520 618.4839 198.1400 1.5229 1.7478 3.6620 -0.7576 0.7606 32.4325 -1.2627 0.0021
Car 0.0000 0 -0.5949 962.2840 176.6986 1148.6758 235.4451 1.3619 1.6028 3.5577 10.8644 1.2754 17.2579 -0.0397 0.0021
Car 0.0000 0 -1.2000 638.8431 164.6976 708.3497 202.5237 1.5027 1.7081 3.7377 2.9660 0.8764 30.1373 -1.1011 0.0021
Car 0.0000 0 -0.6983 0.0000 171.7538 13.1226 204.9467 1.7007 1.7641 4.2260 -35.0050 1.2540 38.4377 -1.4311 0.0021
Car 0.0000 0 2.5101 532.5759 163.7266 619.2626 198.2490 1.4561 1.7084 3.5442 -1.2923 0.7501 31.5864 2.4715 0.0021
Car 0.0000 0 -1.4487 0.0000 0.0000 1224.0000 370.0000 1.5638 1.7935 3.9492 20.1766 0.6618 0.0371 0.1056 0.0021
Car 0.0000 0 0.3046 561.6193 164.6971 655.1798 200.1850 1.5561 1.7194 3.9572 0.1517 0.8646 32.4224 0.3111 0.0020
Car 0.0000 0 0.3087 589.2980 161.1387 678.8493 197.0119 1.5523 1.7154 3.7083 1.3092 0.7160 32.0334 0.3510 0.0020
Cyclist 0.0000 0 -0.0435 0.0000 0.0000 1224.0000 370.0000 1.5169 0.4218 1.6070 -6.9839 1.5522 0.3538 -1.5159 0.0020
Car 0.0000 0 1.4186 670.3889 171.7457 727.5613 210.1459 1.4043 1.6786 3.5865 3.5814 1.0857 27.6642 1.5476 0.0020
Car 0.0000 0 -0.9188 1161.1628 147.2790 1224.0000 244.5900 1.5169 1.7705 4.5000 12.3555 1.0007 12.2038 -0.1385 0.0020
Car 0.0000 0 1.4683 565.3110 163.9622 609.5798 198.6343 1.4407 1.6121 3.3322 -0.8415 0.7550 31.1292 1.4434 0.0020
Car 0.0000 0 0.3222 130.6660 200.9515 251.2635 244.0712 1.4711 1.6950 3.5325 -15.3975 2.2710 26.4166 -0.1990 0.0020
Car 0.0000 0 -0.2262 923.4737 181.7233 1113.2104 239.9800 1.3983 1.6589 3.9760 10.5308 1.4341 18.3833 0.2881 0.0020
Cyclist 0.0000 0 -3.8593 1219.4767 125.4999 1224.0000 300.2238 1.8500 0.4627 1.8723 7.8702 1.2693 7.7645 -3.0858 0.0019
Car 0.0000 0 -2.0009 1146.3145 157.8821 1224.0000 253.1132 1.4196 1.6214 3.9419 11.4778 1.0841 12.6565 -1.2751 0.0019
Pedestrian 0.0000 0 -3.0222 0.0000 0.0000 1224.0000 370.0000 1.7620 0.5076 0.4922 11.7894 1.2392 0.1886 -1.4934 0.0019
Car 0.0000 0 1.6469 560.5908 162.2550 604.7842 199.5952 1.5858 1.6975 3.9627 -0.9696 0.8124 32.0425 1.6188 0.0019
Car 0.0000 0 -1.8134 472.8313 181.9647 579.7222 244.2321 1.4311 1.8104 4.2711 -2.2427 1.4761 18.6708 -1.9292 0.0019
Car 0.0000 0 3.0490 511.3243 160.7511 608.9610 197.2780 1.5853 1.7659 4.2492 -2.0797 0.7297 31.8831 2.9865 0.0019
Car 0.0000 0 3.4229 0.0000 0.0000 1224.0000 370.0000 1.5037 1.5906 3.7476 -28.7751 1.6869 1.9281 1.9318 0.0019
Car 0.0000 0 -2.8712 0.0000 0.0000 1224.0000 370.0000 1.5076 1.6572 3.6899 19.3413 0.3150 0.4669 -1.3400 0.0019
Car 0.0000 0 -2.0116 1144.1545 157.9351 1224.0000 253.1984 1.4202 1.6626 3.9377 11.4789 1.0855 12.6590 -1.2859 0.0019
Car 0.0000 0 1.3678 0.0000 185.3163 9.0746 236.5011 1.4517 1.6017 3.8070 -20.3095 1.6163 22.1549 0.6346 0.0019
Car 0.0000 0 2.2998 0.0000 188.3775 97.5969 239.1793 1.4586 1.6215 4.4168 -19.1757 1.7441 23.2357 1.6182 0.0019
Car 0.0000 0 -3.0922 0.0000 0.0000 1224.0000 370.0000 1.5730 1.6650 3.5724 19.9445 0.6418 0.2299 -1.5478 0.0019
Car 0.0000 0 1.6464 636.9489 172.3271 684.6870 211.1038 1.4288 1.6049 3.7505 2.2470 1.1291 28.0241 1.7272 0.0019
Car 0.0000 0 1.3401 597.0919 166.8663 652.0112 200.3727 1.3984 1.6551 3.5964 0.7878 0.8309 31.4322 1.3667 0.0019
Car 0.0000 0 2.8970 534.5860 165.1018 624.3835 198.2170 1.4378 1.7142 3.7636 -1.1944 0.7707 32.0361 2.8620 0.0018
Cyclist 0.0000 0 1.5305 990.8911 163.7867 1021.6818 233.8720 1.6365 0.5791 1.5659 9.7849 1.2479 17.3343 2.0382 0.0018
Car 0.0000 0 0.2267 662.2354 166.9716 759.1473 205.0749 1.4154 1.5337 3.4887 4.1087 0.9144 27.6111 0.3745 0.0018
Cyclist 0.0000 0 2.2522 1220.8715 133.3668 1224.0000 310.7592 1.8460 0.5334 2.0097 7.8490 1.3572 7.7333 3.0263 0.0018
Car 0.0000 0 -1.0722 0.0000 172.3572 15.6787 237.4494 1.6443 1.5219 4.0268 -18.7326 1.4402 19.9932 -1.8154 0.0018
Car 0.0000 0 -1.6387 486.6894 184.3926 560.8475 244.5778 1.3617 1.6346 3.7969 -2.2261 1.4750 18.2690 -1.7562 0.0018
Cyclist 0.0000 0 0.3309 0.0000 0.0000 1224.0000 370.0000 1.4966 0.3837 1.5104 -6.6668 1.6368 0.4163 -1.1277 0.0018
Car 0.0000 0 -1.4939 573.9951 163.1774 619.8168 199.5373 1.6149 1.8472 4.2463 -0.3347 0.8470 33.5805 -1.5020 0.0018
Car 0.0000 0 -2.8561 0.0000 0.0000 1224.0000 370.0000 1.4868 1.7260 3.5107 20.2670 0.2684 0.6274 -1.3309 0.0018
Car 0.0000 0 2.0192 0.0000 0.0000 1224.0000 370.0000 1.5197 1.4317 3.3454 -29.9351 1.8606 1.2578 0.5028 0.0018
Car 0.0000 0 0.7247 0.0000 182.2556 106.4514 224.2850 1.4640 1.7124 3.7266 -20.5629 1.5316 25.6644 0.0570 0.0018
Car 0.0000 0 1.7194 632.8557 172.2254 685.9225 209.7248 1.3962 1.5917 3.6367 2.2111 1.0896 28.2709 1.7984 0.0018
Car 0.0000 0 1.1980 593.1428 166.2050 656.2290 200.5433 1.4437 1.6367 3.5548 0.8004 0.8442 31.6716 1.2249 0.0017
Car 0.0000 0 2.4924 0.0000 0.0000 1224.0000 370.0000 1.5106 1.4550 3.3215 -29.6027 1.8085 1.5436 0.9861 0.0017
Car 0.0000 0 -3.4166 918.4360 178.6320 1103.6790 238.9316 1.4703 1.4890 3.9200 10.3863 1.4264 18.4121 -2.9088 0.0017
Car 0.0000 0 0.8773 971.9385 176.6903 1138.7063 238.9729 1.3862 1.5533 3.5637 10.9834 1.3030 17.6053 1.4286 0.0017
Car 0.0000 0 0.5658 0.0000 0.0000 1224.0000 370.0000 1.6360 1.9240 3.9710 -28.1269 1.4611 1.0718 -0.9538 0.0017
Car 0.0000 0 -2.8490 0.0000 0.0000 1224.0000 370.0000 1.5324 1.6934 3.7061 19.3988 0.2637 0.6141 -1.3253 0.0017
Car 0.0000 0 -0.2296 935.1353 180.1238 1134.8756 239.4895 1.4246 1.7611 4.1397 10.9619 1.4172 18.4174 0.3013 0.0017
Car 0.0000 0 0.6058 981.8127 169.9561 1198.7112 240.6225 1.4883 1.7054 4.0539 11.4511 1.2679 17.0850 1.1893 0.0017
Car 0.0000 0 2.1659 0.0000 0.0000 1224.0000 370.0000 1.4881 1.4746 3.2503 -29.8997 1.9200 1.5000 0.6576 0.0017
Car 0.0000 0 1.3333 596.0608 166.9933 650.8359 200.9046 1.4140 1.6400 3.5247 0.7389 0.8523 31.3714 1.3585 0.0017
Car 0.0000 0 -2.9645 518.4536 163.4465 615.0134 197.8421 1.5191 1.7541 4.1676 -1.7283 0.7674 32.3553 -3.0155 0.0016
Car 0.0000 0 3.9154 0.0000 0.0000 1224.0000 370.0000 1.5388 1.6766 4.2823 -28.0482 1.5956 1.8982 2.4253 0.0016
Car 0.0000 0 2.6016 928.2723 178.6075 1113.7876 235.1270 1.3643 1.3453 3.8900 10.3391 1.3202 17.7717 3.1224 0.0016
Car 0.0000 0 -3.1014 945.3254 177.7155 1122.9246 237.1849 1.3582 1.4431 3.6812 10.6348 1.2962 17.7479 -2.5679 0.0016
Car 0.0000 0 0.5920 0.0000 0.0000 1224.0000 370.0000 1.6080 1.7722 3.9772 -28.4725 1.7325 2.0452 -0.8942 0.0016
Car 0.0000 0 -1.7873 584.7000 165.1353 637.5973 200.1005 1.5440 1.6882 3.8896 0.2077 0.8670 33.2948 -1.7793 0.0016
Pedestrian 0.0000 0 3.2719 30.6564 174.9532 72.9547 277.0952 1.7822 0.3943 0.5460 -9.9271 1.6870 12.6385 2.6199 0.0016
Car 0.0000 0 -2.9893 0.0000 0.0000 1224.0000 370.0000 1.5060 1.7130 3.8916 19.4531 0.4550 0.7609 -1.4729 0.0016
Car 0.0000 0 -2.8022 0.0000 0.0000 1224.0000 370.0000 1.4958 1.8381 3.6167 19.8165 0.2336 0.6267 -1.2780 0.0015
Car 0.0000 0 -3.0065 0.0000 0.0000 1224.0000 370.0000 1.4529 1.7721 3.4507 19.9186 0.2952 0.3043 -1.4659 0.0015
Car 0.0000 0 -2.8188 0.0000 0.0000 1224.0000 370.0000 1.4835 1.7394 3.7246 19.7786 0.4688 0.7657 -1.3017 0.0015
Car 0.0000 0 0.6604 979.0121 173.4412 1197.0708 242.2876 1.4618 1.6929 4.2251 11.5052 1.3135 17.2805 1.2409 0.0015
Car 0.0000 0 -1.9009 0.0000 0.0000 1224.0000 370.0000 1.5752 1.4826 3.7575 12.7963 0.8762 -0.1593 -0.3416 0.0015
Car 0.0000 0 1.4652 564.2686 162.5772 607.8989 197.1129 1.4157 1.5359 3.5058 -0.8955 0.6825 30.8168 1.4384 0.0014
Pedestrian 0.0000 0 -0.4286 1153.2206 163.4314 1216.5479 271.2294 1.7031 0.3874 0.6926 9.3262 1.4350 11.4369 0.2435 0.0014
Car 0.0000 0 0.6650 0.0000 184.8274 112.0698 227.4382 1.4924 1.7542 3.8506 -20.5630 1.6573 25.8145 0.0000 0.0014
Car 0.0000 0 -1.6716 576.5001 164.1061 625.8745 200.9927 1.6434 1.9260 4.2881 -0.2694 0.9145 33.7301 -1.6777 0.0014
Car 0.0000 0 1.3239 981.6675 179.0004 1116.4828 248.4787 1.4332 1.6935 4.1052 10.2995 1.4039 16.7908 1.8673 0.0014
Car 0.0000 0 -1.9623 584.6606 164.6558 645.9745 198.5556 1.4656 1.7155 3.1891 0.4033 0.7821 32.3619 -1.9481 0.0014
Car 0.0000 0 3.7827 0.0000 0.0000 1224.0000 370.0000 1.4560 1.6439 4.1150 -28.1696 1.6359 1.9152 2.2928 0.0014
Car 0.0000 0 0.1748 983.1996 171.8218 1207.2434 242.1775 1.4901 1.6728 4.2227 11.6412 1.3079 17.0378 0.7671 0.0014
Car 0.0000 0 0.7427 0.0000 183.9867 102.1340 225.5528 1.4404 1.6824 3.6227 -20.6287 1.5731 25.6295 0.0727 0.0013
Car 0.0000 0 0.8806 973.8235 177.7383 1138.5940 240.7150 1.4009 1.5697 3.4692 10.9769 1.3411 17.5491 1.4330 0.0013
Car 0.0000 0 -0.0783 943.6911 179.9433 1130.1803 237.9152 1.3440 1.7193 3.8974 10.7624 1.3327 18.0145 0.4541 0.0013
Car 0.0000 0 1.2511 2.1551 187.6453 94.2876 232.2372 1.5016 1.6452 3.5623 -20.5373 1.7830 26.0159 0.5904 0.0013
Car 0.0000 0 1.5723 562.9274 165.1571 604.3768 200.1318 1.4534 1.7232 3.4168 -0.9556 0.8173 31.1089 1.5438 0.0013
Car 0.0000 0 -3.6222 895.2366 177.3052 1086.1836 236.8775 1.4919 1.5853 4.1285 9.9546 1.4135 18.5096 -3.1344 0.0013
Car 0.0000 0 -1.5739 578.1848 161.1051 619.7810 199.4769 1.6982 1.8415 4.4381 -0.3090 0.8413 33.5154 -1.5812 0.0013
Car 0.0000 0 0.7886 982.9873 168.5776 1185.4260 239.6683 1.4885 1.6311 4.0010 11.1785 1.2405 16.9236 1.3653 0.0012
Pedestrian 0.0000 0 -1.6639 665.8116 162.9473 678.4882 193.7182 1.7239 0.6571 0.6233 3.7802 0.7419 39.9182 -1.5684 0.0012
Car 0.0000 0 3.7844 0.0000 0.0000 1224.0000 370.0000 1.6033 1.5608 3.8265 -28.4841 1.5646 1.6333 2.2839 0.0012
Car 0.0000 0 1.0038 974.4401 182.5325 1113.6621 240.2752 1.2954 1.3489 3.3186 10.7648 1.3526 17.6513 1.5450 0.0012
Car 0.0000 0 0.5381 0.0000 0.0000 1224.0000 370.0000 1.6472 1.5748 4.0238 15.4622 0.7435 1.8705 1.9694 0.0012
Car 0.0000 0 1.0198 0.0000 186.7497 23.7268 237.2362 1.4640 1.5136 3.5952 -20.2698 1.6712 22.0342 0.2849 0.0012
Pedestrian 0.0000 0 -1.6560 665.7395 162.8617 678.5876 193.9531 1.7406 0.6679 0.6613 3.7802 0.7545 39.9126 -1.5605 0.0012
Pedestrian 0.0000 0 -0.1738 743.7371 161.3716 754.6775 183.4355 1.8372 0.8057 0.7708 12.1058 0.2456 59.2843 0.0283 0.0012
Car 0.0000 0 1.1775 987.7126 175.8145 1124.6127 239.9979 1.3928 1.5697 3.4095 10.7305 1.2927 17.1457 1.7301 0.0011
Car 0.0000 0 0.4439 567.2940 167.3041 657.4999 200.8459 1.4510 1.5907 3.7825 0.3100 0.8816 32.1268 0.4553 0.0011
Car 0.0000 0 0.1245 975.8886 173.0043 1168.3870 237.4301 1.4282 1.6604 3.8190 11.4680 1.2636 17.5312 0.6971 0.0011
Car 0.0000 0 1.1149 981.2244 181.1998 1117.6057 240.0542 1.3009 1.4477 3.4257 10.7539 1.3215 17.4361 1.6610 0.0011
Car 0.0000 0 1.1156 584.1772 167.4543 655.0034 203.0090 1.4830 1.5457 4.0337 0.5585 0.9404 31.6417 1.1349 0.0011
Car 0.0000 0 0.0822 948.6417 179.9439 1127.3167 238.3067 1.3446 1.6792 3.7532 10.9571 1.3334 18.0596 0.6214 0.0010
Car 0.0000 0 1.0674 0.0000 186.4412 107.2979 231.4023 1.5296 1.7911 4.2861 -20.7497 1.7649 26.1550 0.4042 0.0010
Car 0.0000 0 -3.2756 815.8798 171.8474 1024.8136 234.1553 1.5200 1.7743 4.8458 8.1045 1.3106 18.7444 -2.8720 0.0010
Cyclist 0.0000 0 -1.3803 0.0000 170.2926 29.9969 253.9617 1.6551 0.3676 1.4527 -12.4098 1.4548 14.7072 -2.0688 0.0010
Car 0.0000 0 1.7093 654.1383 172.6821 713.0679 213.5345 1.4588 1.6878 4.4112 3.1234 1.1812 27.5898 1.8225 0.0010
Car 0.0000 0 1.7255 558.7294 164.8646 608.0301 200.8695 1.4935 1.5979 3.8863 -0.9150 0.8464 31.3535 1.6985 0.0010
Pedestrian 0.0000 0 -0.3942 742.9182 161.1988 754.9561 183.1541 1.8263 0.7923 0.7411 12.0805 0.2220 59.2692 -0.1924 0.0010
Car 0.0000 0 0.9258 960.8305 182.7812 1120.2798 243.5427 1.3533 1.3980 3.7781 10.7542 1.4188 17.8430 1.4619 0.0010
Car 0.0000 0 -1.2118 0.0000 0.0000 1224.0000 370.0000 1.6306 1.5475 4.1543 12.9536 0.5897 0.7057 0.2810 0.0009
Car 0.0000 0 -1.9645 0.0000 0.0000 1224.0000 370.0000 1.5669 1.4410 3.7204 12.6663 0.9041 -0.1613 -0.4053 0.0009
Pedestrian 0.0000 0 -0.2597 1191.8931 107.5631 1224.0000 248.3271 2.0128 0.5213 0.9303 9.3770 0.9715 10.5434 0.4541 0.0009
Car 0.0000 0 -0.1037 0.0000 0.0000 1224.0000 370.0000 1.6638 1.6554 4.2583 -6.0719 1.5464 1.7780 -1.3395 0.0009
Car 0.0000 0 -1.6873 0.0000 0.0000 1224.0000 370.0000 1.6048 1.5444 3.6880 12.2609 0.9000 -0.1040 -0.1332 0.0009
Car 0.0000 0 -1.2703 0.0000 0.0000 1224.0000 370.0000 1.6074 1.4659 4.0880 12.9353 0.6018 0.7260 0.2208 0.0009
Pedestrian 0.0000 0 -1.8455 1219.0618 154.4418 1224.0000 221.6588 1.6865 0.6770 0.6481 16.2974 1.0343 18.1741 -1.1216 0.0009
Car 0.0000 0 3.9193 0.0000 0.0000 1224.0000 370.0000 1.5900 1.6198 3.8126 -28.2670 1.6002 1.6296 2.4191 0.0009
Car 0.0000 0 0.8886 0.0000 185.3673 110.3856 230.6827 1.5620 1.7569 4.2801 -20.7542 1.7515 25.9796 0.2222 0.0009
Car 0.0000 0 0.1626 963.6780 179.7210 1146.8036 245.0947 1.4202 1.5681 3.5422 10.7866 1.4049 17.1111 0.7183 0.0008
Car 0.0000 0 0.2550 952.8400 179.1180 1131.7792 239.6425 1.3536 1.6355 3.5038 10.7852 1.3243 17.6330 0.7975 0.0008
Car 0.0000 0 1.0737 978.9339 181.2169 1125.0261 242.2410 1.3407 1.5096 3.4892 10.7500 1.3617 17.3508 1.6218 0.0008
Car 0.0000 0 -0.0187 0.0000 0.0000 1224.0000 370.0000 1.5317 1.8004 3.9959 -27.3176 1.5720 1.1149 -1.5353 0.0008
Car 0.0000 0 0.9568 0.0000 187.2856 39.1046 238.7523 1.4923 1.5212 3.8930 -19.9435 1.7163 21.9907 0.2290 0.0008
Car 0.0000 0 3.9395 0.0000 0.0000 1224.0000 370.0000 1.5971 1.6041 4.0054 -28.2610 1.6379 1.6909 2.4415 0.0008
Car 0.0000 0 -1.2111 557.8588 161.1508 626.9677 197.6658 1.5778 1.8834 4.0718 -0.5235 0.7432 32.7810 -1.2250 0.0008
Car 0.0000 0 1.5063 28.4912 187.4972 88.4273 231.1887 1.4735 1.5557 3.5690 -20.3880 1.7536 26.2908 0.8542 0.0008
Car 0.0000 0 1.2962 976.9015 181.6829 1112.7848 249.9125 1.4302 1.6911 4.0351 10.3687 1.4640 17.0593 1.8357 0.0008
Cyclist 0.0000 0 -1.7827 264.7742 169.9042 306.0442 249.6424 1.5623 0.4679 1.5635 -6.6654 1.3563 14.6177 -2.2004 0.0008
Car 0.0000 0 1.3003 980.2797 182.0121 1115.3076 248.4014 1.3824 1.6304 4.2085 10.4376 1.4253 17.0652 1.8425 0.0007
Car 0.0000 0 0.1799 817.1148 164.8762 1013.3055 232.0886 1.5764 1.7554 4.4793 8.0325 1.2115 18.5452 0.5841 0.0007
Car 0.0000 0 1.0982 962.5703 183.9663 1113.8204 247.7305 1.3655 1.4396 4.0475 10.4197 1.4627 17.4237 1.6307 0.0007
Pedestrian 0.0000 0 -2.0768 1217.7125 154.3647 1224.0000 220.9923 1.6767 0.6100 0.6393 16.2664 1.0206 18.1658 -1.3536 0.0007
Car 0.0000 0 1.4890 592.6458 169.1057 640.3279 204.2139 1.4282 1.7466 4.0192 0.4147 0.9661 30.8204 1.5041 0.0006
Car 0.0000 0 1.4942 567.6094 167.2393 612.1374 201.3980 1.3969 1.6605 3.6392 -0.7340 0.8561 30.8021 1.4725 0.0006
Car 0.0000 0 1.3827 16.8686 189.3573 92.6104 233.4491 1.4915 1.6226 3.5050 -20.6019 1.8459 26.3950 0.7273 0.0006
Car 0.0000 0 0.7758 0.0000 0.0000 1224.0000 370.0000 1.6054 1.8070 4.0631 -28.0889 1.5955 1.7945 -0.7181 0.0006
Cyclist 0.0000 0 -1.3056 0.0000 161.5243 25.0090 255.8719 1.7644 0.3814 2.1459 -12.3360 1.4111 14.2707 -2.0056 0.0006
Car 0.0000 0 1.2537 587.8678 170.3279 650.4810 204.3041 1.3984 1.6434 3.8156 0.5348 0.9812 31.1607 1.2725 0.0006
Car 0.0000 0 -1.0990 139.3727 152.0151 456.2597 349.0762 1.6539 1.5348 3.8725 -3.0913 1.4165 7.9411 -1.4550 0.0006
Car 0.0000 0 1.4455 566.6906 168.5626 615.0309 202.0801 1.3719 1.6430 3.8356 -0.7001 0.8848 30.9516 1.4250 0.0005
Cyclist 0.0000 0 -1.1593 0.0000 171.7142 56.8750 264.0805 1.7269 0.4551 2.2627 -11.9886 1.5643 14.3650 -1.8421 0.0005
Pedestrian 0.0000 0 -0.2417 1148.1079 148.5674 1224.0000 275.3178 1.8963 0.4803 0.9668 9.0647 1.4202 10.9949 0.4353 0.0005
Car 0.0000 0 1.6815 570.7914 167.0776 619.9954 203.5477 1.5079 1.7299 4.1185 -0.3776 0.9544 31.3641 1.6714 0.0005
Pedestrian 0.0000 0 0.4357 592.8633 153.7128 610.5852 197.5553 1.9225 0.7260 0.5313 -0.1626 0.7493 31.4399 0.4325 0.0005
Pedestrian 0.0000 0 -1.2811 670.2352 160.1967 687.5076 192.4290 1.7862 0.8090 0.6577 4.1345 0.6625 39.6362 -1.1761 0.0004
Pedestrian 0.0000 0 -1.4115 665.5098 163.8344 680.1646 192.9941 1.6163 0.7214 0.6612 3.7930 0.6939 39.5981 -1.3149 0.0004
Pedestrian 0.0000 0 -1.1533 1155.5667 127.2789 1224.0000 262.0247 2.0236 0.5242 0.9152 9.1118 1.2260 11.0560 -0.4764 0.0003
Pedestrian 0.0000 0 -1.7455 670.6560 157.3959 685.7343 188.7275 1.7510 0.7430 0.6538 4.1153 0.4612 39.8623 -1.6415 0.0003
Pedestrian 0.0000 0 -1.4211 665.5720 163.9308 680.2393 192.8421 1.6017 0.7299 0.6400 3.7936 0.6852 39.5654 -1.3245 0.0003
Pedestrian 0.0000 0 -1.7595 670.7709 157.3935 685.9038 188.8170 1.7553 0.7348 0.6747 4.1228 0.4660 39.8582 -1.6553 0.0003
Car 0.0000 0 -0.8230 258.0927 171.4759 499.4569 319.6644 1.5946 1.3373 2.9267 -2.8244 1.4991 9.2111 -1.1092 0.0002
Pedestrian 0.0000 0 -0.3348 1147.2506 97.6996 1224.0000 243.7024 2.0555 0.5989 1.3689 8.9220 0.8915 10.4694 0.3579 0.0002