Pedestrian 0.0000 0 2.7519 720.8812 160.6031 835.2957 330.0829 1.7204 0.6394 1.0209 1.7855 1.5202 7.5719 2.9760 0.9090
Pedestrian 0.0000 0 2.7256 723.1072 160.1249 832.4944 329.2668 1.7149 0.6467 0.9552 1.7837 1.5100 7.5722 2.9496 0.9019
Pedestrian 0.0000 0 2.7344 720.6633 159.4975 836.4088 331.7183 1.7462 0.6344 1.0345 1.7907 1.5350 7.5699 2.9592 0.8660
Pedestrian 0.0000 0 2.7072 723.1855 159.2618 832.4644 331.3593 1.7455 0.6182 0.9637 1.7851 1.5318 7.5691 2.9314 0.8277
Pedestrian 0.0000 0 2.7623 720.2214 161.4899 838.4184 330.1216 1.7139 0.6274 1.0703 1.7986 1.5223 7.5729 2.9880 0.7225
Pedestrian 0.0000 0 1.1205 0.0000 0.0000 1224.0000 370.0000 1.9428 0.6568 0.6800 -4.4777 1.7117 -0.0986 -0.3986 0.5630
Pedestrian 0.0000 0 1.1474 0.0000 0.0000 1224.0000 370.0000 1.9443 0.6310 0.6115 -4.4801 1.6957 -0.1093 -0.3741 0.5318
Pedestrian 0.0000 0 1.0694 0.0000 0.0000 1224.0000 370.0000 1.8519 0.6066 0.5190 -4.4095 1.7068 0.0223 -0.4216 0.4790
Pedestrian 0.0000 0 0.9847 0.0000 0.0000 1224.0000 370.0000 1.8574 0.6210 0.5111 -4.4036 1.7031 0.0240 -0.5058 0.4585
Pedestrian 0.0000 0 1.0685 0.0000 0.0000 1224.0000 370.0000 1.9378 0.6286 0.7009 -4.3907 1.7078 -0.1189 -0.4541 0.4427
Pedestrian 0.0000 0 1.0067 0.0000 0.0000 1224.0000 370.0000 1.9384 0.6057 0.6492 -4.3707 1.7010 -0.1157 -0.5150 0.4392
Pedestrian 0.0000 0 1.0534 0.0000 0.0000 1224.0000 370.0000 1.8725 0.6484 0.5728 -4.4718 1.7039 0.0522 -0.4321 0.4230
Pedestrian 0.0000 0 1.1258 0.0000 0.0000 1224.0000 370.0000 1.8644 0.6288 0.5718 -4.4523 1.7078 0.0503 -0.3597 0.4136
Car 0.0000 0 0.2649 335.0210 0.0000 1224.0000 370.0000 1.5157 1.5634 3.5581 -1.0623 1.6242 -0.0097 -1.0167 0.4102
Car 0.0000 0 0.0655 375.7445 0.0000 1224.0000 370.0000 1.4534 1.5468 3.7265 -0.9614 1.6470 0.1195 -1.0716 0.3934
Car 0.0000 0 0.1676 413.6340 0.0000 1224.0000 370.0000 1.4731 1.5165 3.5606 -0.9769 1.6201 0.1199 -0.9751 0.3921
Car 0.0000 0 3.6322 326.4902 0.0000 1224.0000 370.0000 1.4688 1.4954 3.6230 -1.2369 1.6404 -0.1387 2.2114 0.3086
Pedestrian 0.0000 0 1.1813 111.4644 168.6142 157.7789 264.4806 1.6921 0.4860 0.6774 -8.6071 1.4839 12.8673 0.6050 0.2666
Car 0.0000 0 -0.2871 512.4704 0.0000 1224.0000 370.0000 1.4690 1.5588 3.6939 -0.6940 1.6703 0.4566 -1.0126 0.2556
Car 0.0000 0 0.0083 0.0000 0.0000 1224.0000 370.0000 1.4847 1.5963 3.5903 1.7444 1.6325 0.0216 1.3853 0.2492
Car 0.0000 0 -0.2084 467.6106 0.0000 1224.0000 370.0000 1.4964 1.5984 3.6231 -0.7154 1.6311 0.3161 -1.0475 0.2476
Car 0.0000 0 -0.5188 534.3392 0.0000 1224.0000 370.0000 1.4854 1.5578 3.6842 -0.5627 1.6680 0.6335 -1.0487 0.2425
Pedestrian 0.0000 0 1.0427 999.0373 227.5779 1096.8239 370.0000 1.1167 0.3683 0.5983 3.2985 1.4968 5.3788 1.5689 0.2263
Pedestrian 0.0000 0 1.4593 115.0316 168.5038 152.2958 264.1611 1.6839 0.5002 0.6549 -8.6180 1.4744 12.8534 0.8819 0.2150
Car 0.0000 0 0.0460 0.0000 0.0000 1224.0000 370.0000 1.5171 1.5977 3.7143 1.6904 1.6258 -0.1542 1.5186 0.2080
Car 0.0000 0 -0.2522 397.7274 0.0000 1224.0000 370.0000 1.4669 1.5457 3.6068 -0.9573 1.6420 0.5491 -1.0820 0.2048
Car 0.0000 0 -4.1248 0.0000 0.0000 1224.0000 370.0000 1.4917 1.6167 4.0008 1.4298 1.6353 0.3694 -3.0036 0.2020
Pedestrian 0.0000 0 -2.4858 123.6851 170.2270 177.7113 263.1732 1.6547 0.4481 0.6986 -8.2892 1.4735 12.8390 -3.0460 0.1879
Cyclist 0.0000 0 0.6930 60.4081 167.2570 169.3043 264.8377 1.7335 0.4960 1.7205 -8.9680 1.4999 12.8867 0.0983 0.1873
Pedestrian 0.0000 0 1.2913 987.3334 221.4958 1069.9808 370.0000 1.1750 0.3518 0.6610 3.1459 1.5093 5.3698 1.7978 0.1768
Pedestrian 0.0000 0 0.9712 1000.4000 222.7407 1103.6577 370.0000 1.1649 0.3700 0.6148 3.3197 1.5064 5.3641 1.5013 0.1766
Car 0.0000 0 -0.2329 0.0000 0.0000 1224.0000 370.0000 1.4913 1.5680 3.6865 2.1272 1.5980 0.0357 1.1721 0.1723
Car 0.0000 0 0.2648 0.0000 0.0000 1224.0000 370.0000 1.4897 1.5656 3.6903 1.4422 1.6849 -0.0253 1.6333 0.1661
Car 0.0000 0 0.3116 0.0000 0.0000 1224.0000 370.0000 1.4752 1.6025 3.8185 1.5988 1.6457 0.0682 1.6438 0.1617
Car 0.0000 0 0.1179 0.0000 0.0000 1224.0000 370.0000 1.5136 1.6113 3.7722 1.4078 1.6310 -0.3028 1.6755 0.1587
Pedestrian 0.0000 0 2.3642 122.5660 169.8401 175.3206 263.3116 1.6493 0.4491 0.6879 -8.3294 1.4628 12.8570 1.8024 0.1496
Car 0.0000 0 -0.7684 592.3387 0.0000 1224.0000 370.0000 1.4914 1.5885 3.6858 -0.3295 1.6571 0.7963 -1.0527 0.1432
Car 0.0000 0 0.1859 0.0000 0.0000 1224.0000 370.0000 1.4847 1.6006 3.6973 1.4872 1.6394 -0.1079 1.6144 0.1427
Car 0.0000 0 -3.0074 0.0000 0.0000 1224.0000 370.0000 1.4558 1.5911 3.4546 9.6295 1.4218 -0.2841 -1.4393 0.1289
Cyclist 0.0000 0 0.7046 78.5207 168.6492 182.4655 265.2247 1.7118 0.4688 1.6745 -8.6711 1.5034 12.8644 0.1247 0.1223
Car 0.0000 0 -0.0428 332.5500 0.0000 1224.0000 370.0000 1.5463 1.6731 3.5586 -0.7531 1.6581 0.0326 -1.1701 0.1179
Car 0.0000 0 -0.8057 505.3439 0.0000 1224.0000 370.0000 1.4931 1.6031 3.6512 -0.3530 1.6548 0.5479 -1.1887 0.1141
Car 0.0000 0 -3.6908 0.0000 0.0000 1224.0000 370.0000 1.5141 1.5742 3.9386 1.5338 1.6753 0.7889 -2.7458 0.1138
Pedestrian 0.0000 0 1.1778 104.0290 168.3301 148.9980 265.1165 1.6888 0.4726 0.6188 -8.6419 1.4781 12.7010 0.5937 0.1105
Car 0.0000 0 -0.2173 0.0000 0.0000 1224.0000 370.0000 1.5136 1.5846 3.7143 2.0812 1.6065 -0.1049 1.2503 0.1093
Car 0.0000 0 -2.9934 0.0000 0.0000 1224.0000 370.0000 1.4963 1.5965 3.5507 1.9411 1.6239 0.2477 -1.7072 0.1078
Pedestrian 0.0000 0 1.0037 101.1892 168.8760 151.5579 264.9143 1.6768 0.4678 0.6663 -8.6342 1.4755 12.6890 0.4196 0.1054
Cyclist 0.0000 0 1.7883 0.0000 0.0000 1224.0000 370.0000 1.8482 0.5973 1.8214 -3.6748 1.7073 -0.2740 0.2325 0.1023
Car 0.0000 0 -1.0187 0.0000 0.0000 1224.0000 370.0000 1.4707 1.5111 3.4446 1.8774 1.6332 0.4842 0.1474 0.0970
Car 0.0000 0 3.0816 208.7152 0.0000 1224.0000 370.0000 1.4455 1.5570 3.5023 -1.1788 1.6695 0.2240 1.9472 0.0943
Car 0.0000 0 -4.1808 0.0000 0.0000 1224.0000 370.0000 1.4997 1.6531 3.7677 1.3692 1.6204 0.2085 -2.9790 0.0923
Car 0.0000 0 -1.1288 0.0000 0.0000 1224.0000 370.0000 1.4306 1.5258 3.3111 1.9631 1.6240 0.8506 -0.0953 0.0907
Car 0.0000 0 0.5916 0.0000 0.0000 1224.0000 370.0000 1.4743 1.5379 3.5205 1.5318 1.6856 0.3546 1.7473 0.0855
Car 0.0000 0 -0.1198 0.0000 0.0000 1224.0000 370.0000 1.6411 1.7012 3.9660 20.0323 0.7434 -0.2648 1.4494 0.0812
Car 0.0000 0 0.7852 0.0000 0.0000 1224.0000 370.0000 1.3686 1.5420 3.5339 11.7225 1.1499 1.5339 2.2003 0.0805
Car 0.0000 0 0.4694 0.0000 0.0000 1224.0000 370.0000 1.5459 1.6372 3.7548 1.3010 1.7096 0.0511 1.7616 0.0791
Car 0.0000 0 -1.0747 0.0000 0.0000 1224.0000 370.0000 1.4372 1.5289 3.4134 1.8636 1.6268 0.8198 -0.0525 0.0760
Car 0.0000 0 0.0526 0.0000 0.0000 1224.0000 370.0000 1.6501 1.6514 3.9557 19.7411 0.7427 -0.2754 1.6223 0.0760
Car 0.0000 0 -0.9629 0.0000 0.0000 1224.0000 370.0000 1.4744 1.5383 3.3448 1.8644 1.6063 0.1673 0.3521 0.0753
Pedestrian 0.0000 0 3.7048 62.5225 170.8635 115.1125 266.8437 1.7196 0.5514 0.5711 -9.4935 1.5486 12.9540 3.0858 0.0743
Car 0.0000 0 -3.1278 0.0000 0.0000 1224.0000 370.0000 1.4266 1.5947 3.4593 9.6651 1.4406 -0.2671 -1.5614 0.0719
Car 0.0000 0 -0.7467 489.1165 0.0000 1224.0000 370.0000 1.5114 1.6255 3.5930 -0.3380 1.6141 0.3684 -1.1984 0.0714
Car 0.0000 0 0.8166 0.0000 0.0000 1224.0000 370.0000 1.5359 1.6152 4.0567 -0.8628 1.6540 0.0316 -0.3620 0.0681
Car 0.0000 0 -0.3959 0.0000 0.0000 1224.0000 370.0000 1.5168 1.5805 4.0131 0.9208 1.6948 0.7559 0.3119 0.0674
Car 0.0000 0 3.6851 0.0000 0.0000 1224.0000 370.0000 1.5841 1.6553 3.8848 -0.2662 1.6787 -0.0552 2.9050 0.0666
Car 0.0000 0 -3.1882 0.0000 0.0000 1224.0000 370.0000 1.5349 1.6056 4.1564 0.4760 1.6856 0.7865 -2.7816 0.0655
Car 0.0000 0 4.2931 0.0000 0.0000 1224.0000 370.0000 1.4955 1.5642 3.9258 -1.7472 1.6785 -0.1379 2.8296 0.0641
Car 0.0000 0 -1.1761 545.6302 0.0000 1224.0000 370.0000 1.5405 1.6491 3.7956 -0.0037 1.7015 0.9578 -1.1777 0.0636
Car 0.0000 0 -4.1147 0.0000 0.0000 1224.0000 370.0000 1.5883 1.6824 4.1005 1.1563 1.6477 0.1697 -2.9454 0.0634
Cyclist 0.0000 0 0.4166 41.0005 165.3221 161.1404 265.8554 1.7401 0.5200 1.6884 -9.0263 1.4790 12.6473 -0.1896 0.0620
Car 0.0000 0 0.3507 92.3921 0.0000 1224.0000 370.0000 1.5164 1.6410 3.9071 1.2264 1.6653 -0.1754 1.8030 0.0618
Car 0.0000 0 4.1452 0.0000 0.0000 1224.0000 370.0000 1.4980 1.6475 4.2759 -1.9172 1.7189 0.5163 2.9886 0.0599
Car 0.0000 0 2.4052 0.0000 0.0000 1224.0000 370.0000 1.5428 1.5714 4.2964 0.6431 1.6645 0.4432 3.1049 0.0599
Car 0.0000 0 -3.1524 0.0000 0.0000 1224.0000 370.0000 1.6022 1.6609 3.6427 19.9807 0.6714 0.0453 -1.5987 0.0594
Car 0.0000 0 3.7917 317.6719 0.0000 1224.0000 370.0000 1.4619 1.5706 3.7449 -1.7223 1.6414 0.0411 2.4312 0.0594
Car 0.0000 0 -4.1047 0.0000 0.0000 1224.0000 370.0000 1.5506 1.6373 3.9687 1.2172 1.6844 0.3732 -3.0521 0.0583
Car 0.0000 0 2.0485 0.0000 0.0000 1224.0000 370.0000 1.5980 1.6475 4.0813 0.7006 1.6174 0.1344 3.0423 0.0578
Car 0.0000 0 2.4414 0.0000 0.0000 1224.0000 370.0000 1.5418 1.6215 4.0702 0.2801 1.6458 0.2080 2.9286 0.0574
Pedestrian 0.0000 0 1.1108 88.4877 165.5130 137.8561 265.1515 1.7668 0.5193 0.6285 -9.0271 1.5027 12.9131 0.5140 0.0570
Car 0.0000 0 -1.7149 0.0000 0.0000 1224.0000 370.0000 1.3825 1.5660 3.5141 10.4760 1.3702 -0.2847 -0.1464 0.0557
Car 0.0000 0 4.1588 0.0000 0.0000 1224.0000 370.0000 1.4520 1.5659 3.9900 -1.2000 1.6496 0.3637 3.1099 0.0545
Car 0.0000 0 -3.1493 0.0000 0.0000 1224.0000 370.0000 1.6009 1.6406 3.5596 19.9941 0.6702 0.2665 -1.6067 0.0541
Car 0.0000 0 0.7856 0.0000 0.0000 1224.0000 370.0000 1.4960 1.5870 3.6070 1.3315 1.6711 0.3348 1.8988 0.0534
Car 0.0000 0 -1.1741 0.0000 0.0000 1224.0000 370.0000 1.5987 1.6893 3.8951 20.4179 0.7228 -0.2006 0.3921 0.0534
Car 0.0000 0 2.1856 0.0000 0.0000 1224.0000 370.0000 1.5161 1.6224 4.1501 0.7004 1.6129 0.2543 3.0686 0.0527
Car 0.0000 0 -1.5269 223.3970 0.0000 1224.0000 370.0000 1.5368 1.6552 3.8428 0.1065 1.6835 0.7124 -1.4230 0.0519
Car 0.0000 0 4.3310 0.0000 0.0000 1224.0000 370.0000 1.4576 1.5626 3.9825 -1.8677 1.6810 0.0980 2.9837 0.0512
Car 0.0000 0 -3.4232 0.0000 0.0000 1224.0000 370.0000 1.6667 1.7369 3.7120 20.2303 0.6961 -0.0511 -1.8645 0.0504
Car 0.0000 0 0.6874 640.5370 0.0000 1224.0000 370.0000 1.4262 1.5947 4.1582 -1.4205 1.6549 0.2646 -0.4892 0.0498
Car 0.0000 0 0.1491 0.0000 0.0000 1224.0000 370.0000 1.4049 1.5625 3.3997 9.5507 1.3843 -0.2039 1.7089 0.0495
Car 0.0000 0 -3.1318 0.0000 0.0000 1224.0000 370.0000 1.4277 1.5313 3.5717 14.5965 1.4532 -0.1826 -1.5691 0.0493
Car 0.0000 0 3.5988 0.0000 0.0000 1224.0000 370.0000 1.4681 1.5439 3.8776 -0.5751 1.6207 0.1917 2.7610 0.0493
Pedestrian 0.0000 0 0.5987 0.0000 0.0000 1224.0000 370.0000 1.9006 0.6522 0.6057 -3.9178 1.7395 -0.2509 -0.9521 0.0489
Car 0.0000 0 4.2238 0.0000 0.0000 1224.0000 370.0000 1.4769 1.5720 3.8448 -1.8961 1.6714 -0.2325 2.7025 0.0483
Car 0.0000 0 -2.6565 0.0000 0.0000 1224.0000 370.0000 1.4467 1.5678 3.6633 1.6479 1.6418 0.4277 -1.5118 0.0479
Car 0.0000 0 1.3509 0.0000 0.0000 1224.0000 370.0000 1.4566 1.5538 3.6859 14.6026 1.4657 -0.2256 2.9165 0.0477
Car 0.0000 0 -4.2973 0.0000 0.0000 1224.0000 370.0000 1.5214 1.6184 3.9842 1.1607 1.6041 0.1817 -3.1354 0.0473
Car 0.0000 0 0.2263 0.0000 0.0000 1224.0000 370.0000 1.4745 1.6782 3.6536 8.0106 1.2957 1.7962 1.5399 0.0471
Car 0.0000 0 2.1380 0.0000 0.0000 1224.0000 370.0000 1.5470 1.6170 4.0933 0.7634 1.6171 0.2540 3.0631 0.0471
Pedestrian 0.0000 0 0.6465 0.0000 0.0000 1224.0000 370.0000 1.9019 0.6556 0.6130 -3.9457 1.7515 -0.2512 -0.9046 0.0468
Car 0.0000 0 -1.3354 0.0000 0.0000 1224.0000 370.0000 1.6111 1.7149 3.9858 20.6724 0.6928 0.0722 0.2176 0.0452
Car 0.0000 0 4.2438 0.0000 0.0000 1224.0000 370.0000 1.4497 1.5212 3.8940 -1.7124 1.6337 0.0234 2.8746 0.0440
Car 0.0000 0 4.2794 0.0000 0.0000 1224.0000 370.0000 1.4931 1.5390 4.0521 -1.7244 1.6694 -0.1167 2.8296 0.0436
Car 0.0000 0 2.3901 0.0000 0.0000 1224.0000 370.0000 1.6175 1.6540 4.0102 0.3468 1.6026 0.1737 3.0019 0.0435
Cyclist 0.0000 0 0.6230 89.7996 170.2158 192.2621 264.6674 1.6837 0.4271 1.6207 -8.4707 1.5020 12.8557 0.0535 0.0434
Car 0.0000 0 -2.1390 0.0000 0.0000 972.0513 370.0000 1.5738 1.6909 3.8503 0.6410 1.7148 0.8084 -1.6224 0.0428
Car 0.0000 0 1.1004 0.0000 0.0000 1224.0000 370.0000 1.5409 1.6185 4.1664 -2.0122 1.6708 0.1400 -0.2424 0.0422
Car 0.0000 0 -3.2325 0.0000 0.0000 1224.0000 370.0000 1.6396 1.6901 3.7140 20.0002 0.7802 0.0829 -1.6806 0.0422
Car 0.0000 0 2.2163 0.0000 0.0000 1224.0000 370.0000 1.5380 1.6095 4.0552 0.6462 1.6226 0.2384 3.0734 0.0421
Car 0.0000 0 -1.0879 0.0000 0.0000 1224.0000 370.0000 1.5109 1.5125 3.5000 2.0539 1.5968 -0.0462 0.3502 0.0419
Car 0.0000 0 4.2612 186.3939 0.0000 1224.0000 370.0000 1.5149 1.5853 3.8670 -2.2295 1.6580 -0.2770 2.7129 0.0419
Car 0.0000 0 -3.1397 0.0000 0.0000 1224.0000 370.0000 1.5676 1.6453 3.9200 0.2606 1.6806 0.8715 -2.9235 0.0414
Car 0.0000 0 -3.0128 0.0000 0.0000 1224.0000 370.0000 1.4237 1.4795 3.5193 14.3884 1.4392 -0.1653 -1.4515 0.0410
Car 0.0000 0 2.3603 0.0000 0.0000 1224.0000 370.0000 1.5289 1.6019 4.1056 0.6661 1.6792 0.4292 3.0863 0.0403
Car 0.0000 0 2.2533 0.0000 0.0000 1224.0000 370.0000 1.5082 1.6183 4.0170 0.7140 1.6755 0.4895 2.9756 0.0397
Cyclist 0.0000 0 0.2258 0.0000 0.0000 1224.0000 370.0000 1.6610 0.5202 1.9844 -1.1211 1.5800 -0.0999 -1.1460 0.0393
Car 0.0000 0 -1.1081 0.0000 0.0000 1224.0000 370.0000 1.6386 1.7104 3.9216 20.1426 0.7508 -0.2580 0.4608 0.0390
Car 0.0000 0 -0.7950 0.0000 0.0000 695.0789 370.0000 1.5171 1.5907 3.9494 1.5013 1.6024 0.0890 0.5092 0.0389
Pedestrian 0.0000 0 -3.5958 1117.2556 57.8619 1224.0000 370.0000 1.7654 0.6244 0.8383 1.4190 1.6337 1.1872 -2.8399 0.0386
Car 0.0000 0 1.5518 0.0000 0.0000 1224.0000 370.0000 1.4066 1.4717 3.6086 14.6965 1.5248 -0.1114 3.1097 0.0386
Car 0.0000 0 1.3592 1207.1384 196.1266 1224.0000 370.0000 1.3494 1.4411 3.5224 6.5458 1.5313 6.2754 2.1422 0.0382
Cyclist 0.0000 0 0.7087 37.6764 166.6139 144.6881 266.2841 1.7742 0.5106 1.6565 -9.4164 1.5286 12.9111 0.0920 0.0375
Pedestrian 0.0000 0 0.8861 118.1068 168.9986 170.2435 264.6586 1.6727 0.4516 0.6908 -8.3084 1.4732 12.6813 0.3194 0.0371
Pedestrian 0.0000 0 0.5754 1075.8253 77.2527 1224.0000 370.0000 1.7035 0.6291 0.8204 1.3748 1.5967 1.2167 1.3059 0.0371
Car 0.0000 0 -1.7857 0.0000 0.0000 1224.0000 370.0000 1.3621 1.5578 3.4772 10.2853 1.3884 -0.2506 -0.2205 0.0369
Car 0.0000 0 -1.1585 0.0000 0.0000 1224.0000 370.0000 1.6059 1.7161 3.9996 20.4931 0.7185 -0.0285 0.3993 0.0366
Car 0.0000 0 3.2378 0.0000 0.0000 1224.0000 370.0000 1.4766 1.5628 3.9383 -0.2726 1.6870 0.3876 2.8732 0.0365
Car 0.0000 0 -2.9969 0.0000 0.0000 1224.0000 370.0000 1.5462 1.6096 3.9825 0.0486 1.6698 0.7038 -2.9479 0.0363
Car 0.0000 0 -1.2135 0.0000 0.0000 1224.0000 370.0000 1.5837 1.6892 3.8995 20.5786 0.7037 -0.1642 0.3509 0.0361
Car 0.0000 0 -1.7297 0.0000 0.0000 1224.0000 370.0000 1.3817 1.5583 3.6287 10.4993 1.3731 -0.2549 -0.1640 0.0356
Car 0.0000 0 -4.3749 0.0000 0.0000 1224.0000 370.0000 1.6843 1.7328 4.0353 19.7477 0.7591 -0.0703 -2.8156 0.0348
Cyclist 0.0000 0 -0.4623 304.5108 0.0000 1224.0000 370.0000 1.7248 0.4721 1.7224 -0.6605 1.6327 0.3613 -1.2275 0.0347
Car 0.0000 0 -0.6645 181.2302 0.0000 990.8295 370.0000 1.5927 1.6907 3.7890 -0.2976 1.6011 -0.0920 -1.5702 0.0346
Car 0.0000 0 -1.7874 200.2524 0.0000 1024.9680 370.0000 1.5985 1.7122 3.8524 0.2088 1.6351 0.3370 -1.4789 0.0341
Car 0.0000 0 -1.8812 1176.0648 154.4069 1224.0000 214.7429 1.5792 1.6300 3.9331 18.3184 0.8979 20.6296 -1.1611 0.0337
Car 0.0000 0 -2.9737 0.0000 0.0000 1224.0000 370.0000 1.5037 1.7195 3.4755 9.8878 1.4601 -0.2251 -1.4114 0.0337
Pedestrian 0.0000 0 1.8809 87.1905 165.0172 134.0603 266.2924 1.7910 0.5275 0.6335 -9.0389 1.5189 12.8777 1.2822 0.0334
Car 0.0000 0 -3.1383 0.0000 0.0000 1224.0000 370.0000 1.6156 1.6230 3.5137 19.7303 0.6781 -0.0091 -1.5821 0.0334
Pedestrian 0.0000 0 1.1740 122.3921 167.6329 166.2936 264.2135 1.6837 0.4561 0.6314 -8.3136 1.4610 12.6882 0.6072 0.0330
Car 0.0000 0 -3.0463 0.0000 0.0000 1224.0000 370.0000 1.3993 1.5119 3.6190 14.6013 1.4854 0.0657 -1.5006 0.0329
Car 0.0000 0 2.1229 0.0000 0.0000 1224.0000 370.0000 1.5749 1.6756 4.2487 0.7688 1.5871 0.1579 3.1362 0.0328
Car 0.0000 0 -2.1738 1144.4083 154.3542 1224.0000 214.8905 1.5852 1.6468 3.9626 17.8422 0.9021 20.5664 -1.4652 0.0320
Car 0.0000 0 -3.3661 0.0000 0.0000 1224.0000 370.0000 1.6317 1.7199 3.6054 20.2184 0.7339 0.1459 -1.8171 0.0320
Car 0.0000 0 -2.7870 0.0000 0.0000 1224.0000 370.0000 1.5419 1.6256 4.0427 -0.3573 1.6949 0.7373 -3.1105 0.0319
Cyclist 0.0000 0 0.6636 0.0000 0.0000 1224.0000 370.0000 1.7330 0.5463 1.8216 1.1240 1.6991 0.3601 1.6896 0.0317
Cyclist 0.0000 0 1.6344 0.0000 0.0000 1224.0000 370.0000 1.9259 0.5695 1.9349 -3.7372 1.7194 0.1164 0.1823 0.0310
Car 0.0000 0 -3.0093 0.0000 0.0000 1224.0000 370.0000 1.6090 1.6619 3.8121 19.9254 0.7950 0.7374 -1.4903 0.0308
Car 0.0000 0 0.1803 115.2574 0.0000 1224.0000 370.0000 1.5142 1.7652 3.7693 -2.2367 1.6599 0.6367 -0.9833 0.0306
Car 0.0000 0 -4.5233 0.0000 0.0000 1224.0000 370.0000 1.6608 1.7405 3.9324 19.3336 0.8687 0.0039 -2.9681 0.0304
Car 0.0000 0 -3.0825 0.0000 0.0000 1224.0000 370.0000 1.6822 1.6353 3.6217 19.7049 0.7925 -0.0588 -1.5237 0.0298
Car 0.0000 0 -2.3766 1123.1761 154.0852 1224.0000 215.4627 1.5981 1.6483 4.0691 17.4615 0.9119 20.5149 -1.6774 0.0292
Car 0.0000 0 0.3565 187.9531 0.0000 1224.0000 370.0000 1.5113 1.6897 3.8265 -2.2008 1.6329 0.5393 -0.8389 0.0291
Cyclist 0.0000 0 -0.6606 1220.4491 150.2451 1224.0000 217.8648 1.8093 0.6114 1.7345 17.9257 1.0014 19.2890 0.0816 0.0283
Car 0.0000 0 -2.0752 1146.9369 153.0699 1224.0000 215.5807 1.6370 1.6893 4.1260 17.9309 0.9203 20.7025 -1.3673 0.0282
Car 0.0000 0 -0.9997 0.0000 0.0000 1224.0000 370.0000 1.5246 1.5543 3.6645 1.7948 1.5956 -0.0414 0.4167 0.0280
Car 0.0000 0 -1.0602 0.0000 0.0000 1224.0000 370.0000 1.6718 1.7488 4.0546 20.1854 0.7739 -0.1850 0.5051 0.0275
Cyclist 0.0000 0 0.1345 14.4860 170.5376 132.2236 269.3072 1.6804 0.5039 1.6267 -9.4963 1.5126 12.6333 -0.4963 0.0270
Car 0.0000 0 -1.2398 0.0000 0.0000 1224.0000 370.0000 1.6751 1.7213 4.0439 19.9335 0.7336 -0.1898 0.3257 0.0269
Car 0.0000 0 -1.4206 0.0000 0.0000 1224.0000 370.0000 1.6348 1.6769 4.2124 21.0503 0.7108 0.1253 0.1303 0.0268
Car 0.0000 0 -3.2864 0.0000 0.0000 1224.0000 370.0000 1.5506 1.7766 3.6146 20.1449 0.5922 0.1477 -1.7377 0.0264
Car 0.0000 0 1.2013 0.0000 0.0000 1224.0000 370.0000 1.4421 1.5238 3.7844 14.4277 1.4208 -0.2844 2.7709 0.0264
Car 0.0000 0 -1.4065 0.0000 0.0000 1224.0000 370.0000 1.6510 1.6889 4.0531 20.9244 0.6868 0.1163 0.1447 0.0263
Car 0.0000 0 -1.5281 0.0000 0.0000 1224.0000 370.0000 1.7018 1.7498 3.8389 19.3086 0.8071 -0.0660 0.0307 0.0262
Car 0.0000 0 -1.2583 0.0000 0.0000 1224.0000 370.0000 1.6035 1.6749 4.0360 20.9947 0.7017 -0.1230 0.3043 0.0259
Car 0.0000 0 -2.6379 0.0000 0.0000 1224.0000 370.0000 1.4000 1.6194 3.5849 9.8413 1.4378 0.0062 -1.0991 0.0252
Car 0.0000 0 1.6486 0.0000 185.5176 5.5040 245.1026 1.4766 1.6159 4.1469 -18.2074 1.6354 20.0157 0.9200 0.0249
Car 0.0000 0 -1.2501 0.0000 0.0000 1224.0000 370.0000 1.5854 1.6799 4.3732 21.1012 0.7080 -0.1200 0.3124 0.0249
Pedestrian 0.0000 0 2.2240 59.2160 168.6070 113.9042 269.4244 1.7878 0.5546 0.5919 -9.4495 1.5785 12.8377 1.6030 0.0247
Pedestrian 0.0000 0 -3.4567 824.6603 166.1520 867.5931 259.7011 1.6290 0.4447 0.6099 4.2241 1.3808 12.5307 -3.1374 0.0245
Car 0.0000 0 3.2061 0.0000 0.0000 1224.0000 370.0000 1.5075 1.5953 3.8756 -0.1427 1.6493 0.1391 2.9093 0.0243
Car 0.0000 0 0.9946 0.0000 0.0000 1082.4146 370.0000 1.5438 1.6761 3.9184 0.5897 1.7334 0.4720 1.6338 0.0241
Car 0.0000 0 2.7572 0.0000 0.0000 1224.0000 370.0000 1.6084 1.6634 3.8773 0.1092 1.6262 0.0452 3.0485 0.0241
Car 0.0000 0 -2.4044 1123.3287 154.1831 1224.0000 215.7957 1.6011 1.6623 4.0015 17.4359 0.9188 20.4623 -1.7047 0.0241
Car 0.0000 0 -1.3689 0.0000 0.0000 1224.0000 370.0000 1.5592 1.7131 3.8679 20.6270 0.5776 0.3232 0.1719 0.0237
Car 0.0000 0 -1.6505 0.0000 0.0000 1224.0000 370.0000 1.5891 1.7218 3.9527 20.8949 0.5665 0.5161 -0.1186 0.0234
Car 0.0000 0 -3.5474 0.0000 0.0000 1224.0000 370.0000 1.6960 1.7904 3.8283 20.4934 0.7334 0.2320 -2.0023 0.0233
Cyclist 0.0000 0 -0.4247 0.0000 0.0000 1224.0000 370.0000 1.8137 0.5003 1.7911 -5.3288 1.6898 0.2791 -1.8814 0.0231
Car 0.0000 0 1.2781 0.0000 0.0000 1224.0000 370.0000 1.3913 1.4973 3.7959 13.8457 1.4781 -0.2743 2.8468 0.0228
Cyclist 0.0000 0 -0.1356 0.0000 0.0000 1224.0000 370.0000 1.7202 0.6117 1.8274 19.5773 0.7394 0.3179 1.4039 0.0223
Car 0.0000 0 1.2465 0.0000 0.0000 1224.0000 370.0000 1.6172 1.7077 3.8568 18.7420 0.8500 -0.1296 2.8083 0.0222
Car 0.0000 0 -1.4970 0.0000 173.5067 35.7446 208.7276 1.5252 1.6204 3.9841 -27.5382 1.2238 32.7052 -2.1903 0.0221
Car 0.0000 0 -3.5513 0.0000 0.0000 1224.0000 370.0000 1.6846 1.7815 3.8407 20.4735 0.7092 -0.0608 -1.9920 0.0210
Car 0.0000 0 -1.4009 0.0000 0.0000 1224.0000 370.0000 1.6401 1.6964 4.5202 21.2875 0.7428 0.1425 0.1494 0.0210
Car 0.0000 0 -0.0233 199.2228 0.0000 1224.0000 370.0000 1.4664 1.6502 3.8594 -1.8638 1.6926 0.7298 -1.0782 0.0208
Car 0.0000 0 -1.6549 748.1532 146.7144 775.5658 177.7521 2.4237 1.8166 4.5211 12.8353 -0.2334 57.9896 -1.4364 0.0206
Car 0.0000 0 -1.7745 738.5328 147.8171 769.6289 176.2022 2.2177 1.7541 3.7648 12.1390 -0.3610 57.6951 -1.5663 0.0205
Car 0.0000 0 0.4920 0.0000 0.0000 1224.0000 370.0000 1.5819 1.7294 3.8937 -2.5613 1.5383 -0.0214 -0.9595 0.0204
Pedestrian 0.0000 0 2.3081 823.7426 165.0662 867.4321 260.2520 1.6390 0.4463 0.5994 4.2132 1.3749 12.5112 2.6271 0.0203
Car 0.0000 0 2.5118 0.0000 0.0000 1224.0000 370.0000 1.5020 1.5948 3.9238 0.3056 1.6452 0.4242 2.9019 0.0199
Car 0.0000 0 -1.2942 0.0000 179.2238 45.0990 223.1727 1.5068 1.5906 3.7682 -22.4131 1.4646 26.2818 -1.9926 0.0197
Car 0.0000 0 -1.7952 0.0000 0.0000 1224.0000 370.0000 1.3912 1.5329 3.6371 10.2714 1.4023 -0.2003 -0.2350 0.0194
Car 0.0000 0 -2.5189 0.0000 0.0000 1224.0000 370.0000 1.5890 1.7093 3.9613 20.3017 0.6708 1.0755 -1.0155 0.0193
Car 0.0000 0 0.6836 285.4582 0.0000 1224.0000 370.0000 1.5315 1.6864 4.0267 0.7174 1.7168 -0.0315 1.8696 0.0191
Car 0.0000 0 -1.5077 0.0000 173.6372 34.8187 208.7698 1.5209 1.6236 3.9392 -27.5304 1.2253 32.6723 -2.2013 0.0191
Car 0.0000 0 0.3065 0.0000 0.0000 1224.0000 370.0000 1.3547 1.4429 3.5613 14.3967 1.4804 0.0072 1.8559 0.0191
Car 0.0000 0 1.4823 0.0000 0.0000 1224.0000 370.0000 1.6056 1.7416 4.0766 18.5373 0.8421 0.0700 3.0332 0.0190
Car 0.0000 0 -1.5701 0.0000 0.0000 1224.0000 370.0000 1.3878 1.5438 3.6238 15.2880 1.4933 -0.0453 -0.0160 0.0189
Car 0.0000 0 -1.7292 0.0000 0.0000 1224.0000 370.0000 1.5938 1.6500 3.9156 20.6847 0.6468 0.6985 -0.2064 0.0188
Car 0.0000 0 0.1506 0.0000 0.0000 1224.0000 370.0000 1.3418 1.5137 3.4827 14.5921 1.3985 0.4180 1.6722 0.0187
Car 0.0000 0 -3.5038 1117.5758 156.3029 1224.0000 216.6862 1.5860 1.6436 3.9715 17.1113 0.9520 20.0018 -2.8023 0.0186
Car 0.0000 0 -1.4430 0.0000 178.0917 32.9431 222.3034 1.5147 1.6417 4.0338 -22.6760 1.4338 26.3583 -2.1457 0.0180
Car 0.0000 0 -3.1647 0.0000 0.0000 1224.0000 370.0000 1.5640 1.8039 3.7200 20.1733 0.5935 0.3640 -1.6266 0.0179
Car 0.0000 0 -3.0885 0.0000 0.0000 1224.0000 370.0000 1.4294 1.5711 3.4631 14.8358 1.4371 0.0460 -1.5411 0.0178
Cyclist 0.0000 0 0.6022 0.0000 0.0000 1224.0000 370.0000 1.6596 0.5587 1.8504 1.4100 1.6975 0.4205 1.6891 0.0178
Car 0.0000 0 -2.6537 0.0000 0.0000 1224.0000 370.0000 1.4916 1.4961 3.2422 5.7054 1.4390 0.0919 -1.1541 0.0176
Pedestrian 0.0000 0 -1.8709 432.2142 171.9542 462.2417 253.3198 1.6918 0.4909 0.5273 -3.4018 1.5157 15.0465 -2.0870 0.0175
Car 0.0000 0 -1.3232 0.0000 176.4392 49.8778 220.7605 1.5253 1.6151 4.0059 -22.3764 1.3871 26.4836 -2.0170 0.0175
Car 0.0000 0 -4.1267 0.0000 0.0000 1224.0000 370.0000 1.6296 1.6683 3.8540 20.3838 0.6218 0.2128 -2.5809 0.0171
Car 0.0000 0 -1.3480 0.0000 177.5395 46.6056 222.0157 1.5311 1.6237 3.9020 -22.4087 1.4307 26.4422 -2.0434 0.0170
Car 0.0000 0 -4.1495 0.0000 0.0000 1224.0000 370.0000 1.6100 1.6924 3.9863 19.8899 0.5966 0.1548 -2.6014 0.0170
Car 0.0000 0 -3.0641 0.0000 0.0000 1224.0000 370.0000 1.4935 1.5207 3.3791 19.7459 0.6630 0.4788 -1.5326 0.0170
Car 0.0000 0 -1.7993 1189.0442 152.9088 1224.0000 215.1336 1.6172 1.6664 3.6906 18.3350 0.9017 20.3906 -1.0730 0.0169
Car 0.0000 0 -1.4740 0.0000 175.9751 33.6480 220.0814 1.5136 1.6503 4.1351 -22.6433 1.3598 26.4293 -2.1747 0.0169
Car 0.0000 0 -1.3306 0.0000 175.0569 53.3618 210.6328 1.5480 1.6139 3.9147 -27.2038 1.3126 32.8748 -2.0154 0.0167
Car 0.0000 0 -1.4341 0.0000 178.6162 36.5201 222.6124 1.5109 1.6393 4.0397 -22.6104 1.4478 26.4223 -2.1342 0.0167
Car 0.0000 0 2.2924 1152.0240 155.9797 1224.0000 215.7602 1.5550 1.5850 3.8992 17.4440 0.9188 19.4137 3.0179 0.0165
Car 0.0000 0 0.0076 0.0000 0.0000 1224.0000 370.0000 1.3295 1.4939 3.3930 14.5620 1.3865 0.3725 1.5322 0.0163
Pedestrian 0.0000 0 -1.7493 432.8380 170.6489 461.2546 252.6129 1.7041 0.5043 0.5342 -3.4046 1.5009 15.0386 -1.9657 0.0161
Car 0.0000 0 -1.5625 0.0000 172.5919 29.3054 207.7314 1.5193 1.6247 3.9020 -27.6168 1.1789 32.5881 -2.2589 0.0161
Cyclist 0.0000 0 3.7657 0.0000 165.8791 34.9746 206.5301 1.8052 0.6676 1.7425 -26.8132 1.1574 31.7876 3.0717 0.0161
Cyclist 0.0000 0 -3.9732 874.3256 211.9991 1224.0000 370.0000 1.7153 0.6225 1.8011 1.2763 1.7681 0.8245 -3.1336 0.0161
Car 0.0000 0 -2.5848 0.0000 0.0000 1224.0000 370.0000 1.5686 1.5724 3.5852 5.6731 1.5133 -0.1460 -1.0438 0.0159
Car 0.0000 0 0.4156 0.0000 0.0000 1224.0000 370.0000 1.5537 1.7878 3.7856 -1.9789 1.5661 -0.1805 -1.0812 0.0159
Car 0.0000 0 -1.0621 1186.2448 150.6415 1224.0000 214.1208 1.6372 1.7825 4.1236 18.5862 0.8687 19.7120 -0.3125 0.0158
Cyclist 0.0000 0 0.7026 67.4447 167.1180 179.5616 266.1986 1.7285 0.5297 1.7440 -8.6792 1.4967 12.6942 0.1163 0.0157
Car 0.0000 0 1.3617 0.0000 0.0000 1224.0000 370.0000 1.6443 1.7088 4.3677 17.9780 0.9752 -0.0128 2.9166 0.0157
Car 0.0000 0 -2.2708 1125.9178 152.8841 1224.0000 215.7249 1.6462 1.6997 4.1470 17.5224 0.9244 20.5916 -1.5718 0.0157
Car 0.0000 0 -1.7465 605.5425 165.9221 656.8643 201.8885 1.5380 1.7088 3.6840 1.1120 0.9161 32.1731 -1.7104 0.0157
Car 0.0000 0 -3.7790 1140.4344 154.5335 1224.0000 214.6932 1.6020 1.6567 3.8717 17.5768 0.9121 19.8073 -3.0596 0.0155
Car 0.0000 0 -1.4258 0.0000 172.7238 44.6837 208.1461 1.5373 1.6048 3.8288 -27.2849 1.2013 32.7343 -2.1140 0.0153
Car 0.0000 0 -1.8877 1170.4708 153.3185 1224.0000 215.8667 1.6357 1.6825 4.1400 18.2980 0.9265 20.7191 -1.1702 0.0153
Car 0.0000 0 -1.9371 0.0000 0.0000 1224.0000 370.0000 1.6106 1.7487 4.1999 20.8442 0.5815 0.8535 -0.4214 0.0151
Car 0.0000 0 1.4556 0.0000 0.0000 1224.0000 370.0000 1.3713 1.4525 3.7116 14.1563 1.4878 -0.1607 3.0164 0.0150
Car 0.0000 0 -4.2661 0.0000 0.0000 1224.0000 370.0000 1.5301 1.6677 3.7218 18.9367 0.6956 0.3168 -2.7278 0.0150
Car 0.0000 0 3.6570 0.0000 178.6478 27.5177 223.9266 1.5174 1.6538 4.1810 -23.3158 1.4569 24.9674 2.9139 0.0150
Car 0.0000 0 0.5809 0.0000 0.0000 1224.0000 370.0000 1.3680 1.5306 3.5081 12.1252 1.1356 1.5163 2.0025 0.0147
Car 0.0000 0 -1.4293 0.0000 172.3763 44.3119 207.4903 1.5241 1.6178 3.7055 -27.2553 1.1729 32.6863 -2.1178 0.0146
Car 0.0000 0 -1.7162 605.3911 165.9982 653.4203 201.0906 1.5184 1.6953 3.5888 1.0452 0.8924 32.4659 -1.6825 0.0145
Car 0.0000 0 -1.7680 725.4942 146.6097 759.6569 177.3851 2.4067 1.8861 4.5877 11.2565 -0.2647 58.0533 -1.5757 0.0144
Car 0.0000 0 -0.0673 0.0000 0.0000 1224.0000 370.0000 1.3205 1.4071 3.3019 14.5019 1.3723 0.4034 1.4549 0.0143
Car 0.0000 0 -1.4090 1210.0469 154.9807 1224.0000 216.7786 1.6044 1.7094 4.0971 18.9666 0.9435 20.2868 -0.6634 0.0143
Car 0.0000 0 1.3510 0.0000 190.2365 14.7818 240.1836 1.3914 1.5804 3.8968 -20.1691 1.7227 22.1608 0.6214 0.0143
Car 0.0000 0 3.8639 0.0000 176.8595 37.9635 220.7845 1.5209 1.7074 4.5201 -23.3258 1.3964 25.3602 3.1283 0.0142
Cyclist 0.0000 0 0.3785 18.6219 170.5298 140.8015 269.3300 1.7516 0.4750 1.7528 -9.6484 1.5765 12.9751 -0.2475 0.0142
Car 0.0000 0 -1.6402 744.7576 146.1297 772.1145 176.8895 2.3947 1.8804 4.4804 12.5452 -0.3067 57.9461 -1.4262 0.0141
Car 0.0000 0 -2.0680 0.0000 0.0000 1224.0000 370.0000 1.5854 1.7116 4.3045 20.9913 0.6155 1.2877 -0.5724 0.0141
Car 0.0000 0 3.7436 0.0000 172.5745 45.3498 206.6370 1.4785 1.6598 3.9153 -27.8124 1.1360 31.7265 3.0307 0.0139
Car 0.0000 0 1.6798 0.0000 185.9761 14.8696 236.3829 1.4285 1.6427 4.2688 -20.3056 1.6233 22.7331 0.9594 0.0138
Car 0.0000 0 -1.4756 0.0000 0.0000 1224.0000 370.0000 1.3820 1.5481 3.5859 15.5755 1.4170 -0.1800 0.0875 0.0138
Car 0.0000 0 -1.3648 0.0000 0.0000 1224.0000 370.0000 1.4013 1.5443 3.5118 15.0995 1.4460 -0.2892 0.2052 0.0138
Pedestrian 0.0000 0 1.8451 291.4702 166.0331 336.1855 273.6460 1.6565 0.4655 0.7661 -4.6821 1.4355 11.2843 1.4636 0.0138
Car 0.0000 0 1.6580 0.0000 181.8226 5.4828 240.3906 1.4684 1.6089 4.1877 -18.1968 1.5114 19.9783 0.9289 0.0137
Car 0.0000 0 -2.6590 0.0000 0.0000 1224.0000 370.0000 1.5862 1.5205 3.4996 5.6864 1.5099 -0.1890 -1.1103 0.0136
Car 0.0000 0 -2.8864 0.0000 0.0000 1224.0000 370.0000 1.5898 1.8830 4.0039 20.5322 0.5542 0.6761 -1.3629 0.0135
Car 0.0000 0 -1.7201 0.0000 0.0000 1224.0000 370.0000 1.6131 1.7274 4.3384 20.9562 0.5439 0.5644 -0.1903 0.0135
Car 0.0000 0 3.7361 0.0000 179.7082 38.5140 222.8585 1.4763 1.6319 4.1635 -23.1112 1.4507 25.2800 3.0035 0.0135
Pedestrian 0.0000 0 1.8961 292.1241 167.1034 338.0501 274.5117 1.6634 0.4702 0.7234 -4.6769 1.4576 11.3192 1.5159 0.0134
Car 0.0000 0 -2.2401 0.0000 0.0000 1224.0000 370.0000 1.6431 1.7408 4.1490 20.8077 0.6151 1.1708 -0.7396 0.0134
Car 0.0000 0 -2.0718 1162.5569 153.2764 1224.0000 215.6183 1.6055 1.6620 3.7516 17.9053 0.9060 20.2150 -1.3531 0.0134
Car 0.0000 0 -2.3677 1120.9585 155.0015 1224.0000 216.6793 1.6144 1.6555 4.0704 17.4562 0.9486 20.6093 -1.6709 0.0133
Car 0.0000 0 3.7794 0.0000 178.9711 34.9118 222.6473 1.4985 1.6492 4.1869 -23.2410 1.4476 25.2779 3.0439 0.0133
Car 0.0000 0 3.6844 0.0000 177.6287 31.2377 223.2526 1.5343 1.6858 4.3676 -23.3386 1.4393 25.0320 2.9421 0.0133
Car 0.0000 0 -1.3751 1199.0920 152.2351 1224.0000 214.0267 1.6061 1.6825 4.2799 18.7656 0.8730 20.3197 -0.6356 0.0131
Cyclist 0.0000 0 -0.1379 222.6190 0.0000 1224.0000 370.0000 1.6640 0.4550 1.8010 -1.0435 1.6678 0.4689 -1.0576 0.0131
Car 0.0000 0 -2.0475 0.0000 0.0000 1224.0000 370.0000 1.6229 1.7210 4.1931 20.9771 0.7029 1.2350 -0.5495 0.0131
Car 0.0000 0 -1.3982 0.0000 172.1257 47.3024 207.7485 1.5450 1.6072 3.8944 -27.2413 1.1832 32.7502 -2.0855 0.0129
Car 0.0000 0 -2.0213 0.0000 0.0000 1224.0000 370.0000 1.6013 1.7299 4.2328 21.0323 0.6343 1.2138 -0.5220 0.0128
Car 0.0000 0 -1.6230 746.5961 145.3894 772.6900 177.2221 2.4834 1.8539 4.5291 12.6644 -0.2789 58.0312 -1.4074 0.0128
Car 0.0000 0 3.1684 522.6940 165.7493 613.9065 201.8358 1.6096 1.6983 4.0707 -1.6748 0.9531 32.4262 3.1192 0.0127
Car 0.0000 0 -0.2710 1119.0364 154.7094 1224.0000 215.9026 1.6135 1.6892 4.0251 17.3353 0.9350 20.2457 0.4310 0.0127
Car 0.0000 0 -1.7120 0.0000 0.0000 1224.0000 370.0000 1.6344 1.7289 4.0658 20.9980 0.5501 0.5240 -0.1802 0.0127
Car 0.0000 0 3.8144 0.0000 177.4108 36.9987 221.3938 1.5127 1.6890 4.4661 -23.3193 1.4080 25.2979 3.0777 0.0127
Car 0.0000 0 3.6674 0.0000 177.1844 32.8605 223.3459 1.5456 1.7090 4.5712 -23.3805 1.4362 24.9982 2.9235 0.0127
Cyclist 0.0000 0 1.5040 284.0240 162.6396 323.9269 273.1278 1.7016 0.5090 1.6851 -5.0687 1.4282 11.7518 1.1084 0.0126
Car 0.0000 0 -1.6305 749.6449 150.0589 775.6433 177.0862 2.0917 1.7979 4.5532 12.8388 -0.2890 57.7104 -1.4109 0.0126
Car 0.0000 0 -1.9202 0.0000 0.0000 1224.0000 370.0000 1.5979 1.7660 4.2096 20.9623 0.6166 0.8996 -0.4064 0.0125
Car 0.0000 0 -0.0751 0.0000 0.0000 1224.0000 370.0000 1.8760 1.7008 3.8621 -4.6670 1.6964 1.9310 -1.1943 0.0125
Cyclist 0.0000 0 0.2199 0.0000 0.0000 1224.0000 370.0000 1.6256 0.5522 1.8651 -1.3680 1.5940 -0.0254 -1.1343 0.0124
Car 0.0000 0 2.9810 661.8292 166.1179 770.9860 205.5443 1.5732 1.6570 4.2158 4.4928 1.0008 29.0517 3.1346 0.0124
Car 0.0000 0 -0.0080 0.0000 0.0000 1224.0000 370.0000 1.3290 1.4206 3.4247 14.4505 1.3732 0.4201 1.5129 0.0123
Car 0.0000 0 -2.1655 0.0000 179.8918 37.5270 222.3779 1.4669 1.6489 4.0930 -23.0881 1.4474 25.7156 -2.8893 0.0121
Car 0.0000 0 -1.9454 0.0000 0.0000 1224.0000 370.0000 1.6367 1.7503 4.3205 20.9542 0.5387 0.9662 -0.4347 0.0121
Car 0.0000 0 -1.7544 0.0000 172.5434 43.4766 207.6546 1.5203 1.6710 4.0550 -27.4471 1.1773 32.5486 -2.4483 0.0121
Car 0.0000 0 -1.5819 0.0000 0.0000 1224.0000 370.0000 1.3396 1.5245 3.5807 15.6219 1.4173 -0.0055 -0.0299 0.0121
Car 0.0000 0 -2.1419 1142.6592 154.3140 1224.0000 215.7577 1.6154 1.6514 4.0399 17.8637 0.9285 20.6960 -1.4358 0.0121
Car 0.0000 0 -1.2565 601.6051 167.3980 661.4405 201.9886 1.5377 1.7011 3.9338 1.3080 0.9567 33.5661 -1.2161 0.0120
Car 0.0000 0 -2.2177 0.0000 0.0000 1224.0000 370.0000 1.6663 1.7733 4.3110 20.8558 0.6247 1.3602 -0.7261 0.0119
Car 0.0000 0 1.8529 0.0000 179.4222 56.4181 221.8587 1.4741 1.5313 3.9807 -22.3020 1.4382 26.6864 1.1644 0.0119
Car 0.0000 0 -1.9162 0.0000 172.4993 40.9173 207.0801 1.4951 1.6670 3.8371 -27.6365 1.1506 32.2445 -2.6181 0.0118
Car 0.0000 0 0.8528 1220.3179 154.2234 1224.0000 220.9923 1.5463 1.6617 3.7835 18.3048 0.9393 18.3074 1.6310 0.0117
Car 0.0000 0 -3.1802 0.0000 0.0000 1224.0000 370.0000 1.4565 1.5618 3.3672 14.9246 1.4227 -0.2357 -1.6138 0.0117
Car 0.0000 0 -1.6922 723.6039 148.6025 752.0679 176.9117 2.2215 1.7881 4.3514 10.9193 -0.3059 58.2731 -1.5060 0.0116
Pedestrian 0.0000 0 1.9662 657.5750 171.8207 688.2573 254.7096 1.6716 0.4364 0.5986 1.3669 1.4982 14.6208 2.0591 0.0116
Car 0.0000 0 3.4740 0.0000 174.6574 23.2769 222.0704 1.5504 1.6742 4.2602 -23.3345 1.3609 24.7412 2.7260 0.0116
Car 0.0000 0 -1.9301 0.0000 171.8541 40.5282 206.6651 1.5036 1.6843 3.9822 -27.7237 1.1316 32.2381 -2.6337 0.0115
Car 0.0000 0 0.6203 572.6710 167.8158 662.2158 203.2458 1.5117 1.6537 3.7912 0.5141 0.9720 31.9568 0.6381 0.0115
Car 0.0000 0 -1.3189 602.9763 168.0568 657.2388 202.4405 1.5395 1.6762 3.8500 1.2431 0.9838 33.7371 -1.2806 0.0115
Car 0.0000 0 2.7733 658.8397 166.2109 765.8353 206.3219 1.5949 1.6655 4.0659 4.4082 1.0282 29.3641 2.9225 0.0115
Car 0.0000 0 -1.5472 0.0000 0.0000 1224.0000 370.0000 1.3362 1.5154 3.5898 15.4192 1.4360 -0.0377 0.0066 0.0115
Cyclist 0.0000 0 0.4676 114.7177 170.9644 222.5188 262.7135 1.6359 0.4248 1.6631 -7.9724 1.4675 12.8753 -0.0740 0.0115
Car 0.0000 0 -1.1896 1203.3291 153.6935 1224.0000 215.3108 1.6001 1.6943 3.8985 18.9264 0.9056 19.9478 -0.4368 0.0114
Car 0.0000 0 -2.2033 0.0000 0.0000 1224.0000 370.0000 1.6185 1.7706 4.3204 21.0189 0.6067 1.5585 -0.7204 0.0114
Car 0.0000 0 0.3804 565.0054 168.8999 655.0804 203.0214 1.4792 1.6311 3.7543 0.2131 0.9778 32.1130 0.3887 0.0113
Car 0.0000 0 -2.3494 278.5736 0.0000 1094.2006 370.0000 1.6450 1.7348 3.8269 0.1496 1.5433 -0.1846 -1.5215 0.0113
Car 0.0000 0 -1.6530 1205.1707 154.0446 1224.0000 216.1444 1.6215 1.6758 3.9916 18.6613 0.9323 20.5538 -0.9219 0.0113
Pedestrian 0.0000 0 2.4200 656.1765 175.3859 690.6907 255.0965 1.6145 0.3983 0.5987 1.3777 1.5126 14.6533 2.5134 0.0113
Car 0.0000 0 -2.3993 1149.6752 155.7645 1224.0000 217.7013 1.5464 1.7156 4.0569 17.7378 0.9304 19.7544 -1.6740 0.0113
Car 0.0000 0 1.6398 522.1187 170.7689 565.1409 206.4788 1.4642 1.6029 3.8686 -2.6463 1.0667 30.9310 1.5571 0.0112
Car 0.0000 0 2.4304 178.2653 175.7246 335.8474 232.9904 1.4807 1.6186 3.9791 -9.9206 1.3588 20.4237 1.9862 0.0112
Car 0.0000 0 -1.5455 606.0328 169.5299 644.0873 202.7598 1.4864 1.7047 3.9665 0.9894 0.9972 33.6508 -1.5146 0.0112
Car 0.0000 0 -1.7486 602.5582 170.9315 650.9368 203.9523 1.4474 1.6300 3.6123 0.9372 1.0295 32.8942 -1.7186 0.0112
Car 0.0000 0 -2.1028 0.0000 0.0000 1224.0000 370.0000 1.6611 1.7351 4.3478 20.9237 0.7018 1.2622 -0.6062 0.0111
Car 0.0000 0 -2.7439 0.0000 0.0000 1224.0000 370.0000 1.4813 1.4929 3.2895 5.8303 1.4967 0.1812 -1.2580 0.0111
Car 0.0000 0 1.4544 0.0000 0.0000 1224.0000 370.0000 1.3520 1.4782 3.5685 13.9642 1.4854 -0.1272 3.0127 0.0111
Car 0.0000 0 -1.6662 747.5875 145.4890 776.1848 177.6866 2.5191 1.8579 4.6341 12.8702 -0.2398 58.1498 -1.4477 0.0109
Car 0.0000 0 -2.4925 0.0000 0.0000 1224.0000 370.0000 1.5757 1.7864 4.0103 20.4423 0.5468 0.8310 -0.9768 0.0108
Car 0.0000 0 3.0032 653.8639 168.8376 753.6855 206.9547 1.5210 1.6991 3.8618 3.9783 1.0571 29.0622 3.1396 0.0108
Car 0.0000 0 1.7059 725.4401 155.0410 753.4954 179.4078 1.9713 1.8337 3.6943 11.3477 -0.0938 59.4225 1.8955 0.0108
Car 0.0000 0 -1.9270 0.0000 0.0000 1224.0000 370.0000 1.6284 1.7651 4.2200 21.0011 0.5589 0.9114 -0.4135 0.0108
Cyclist 0.0000 0 0.0330 12.8282 0.0000 1224.0000 370.0000 1.6316 0.4641 1.8659 -1.3763 1.6954 0.3542 -1.0788 0.0108
Car 0.0000 0 -1.8160 0.0000 0.0000 1224.0000 370.0000 1.7479 1.7938 4.0403 20.7996 0.8634 1.2440 -0.3190 0.0107
Car 0.0000 0 0.2911 564.4814 169.5380 657.3093 203.7984 1.4966 1.7040 3.9131 0.2659 1.0192 32.2740 0.3010 0.0107
Car 0.0000 0 2.9831 656.9232 168.9405 755.2780 206.2513 1.4844 1.6912 3.7706 4.0691 1.0260 29.0057 3.1227 0.0106
Car 0.0000 0 -0.3767 0.0000 0.0000 1224.0000 370.0000 1.5119 1.5695 3.7342 2.3660 1.5674 -0.3002 1.1857 0.0106
Car 0.0000 0 -2.3183 0.0000 0.0000 1224.0000 370.0000 1.6331 1.7492 4.4047 20.8333 0.7315 1.6224 -0.8393 0.0105
Car 0.0000 0 -2.8254 0.0000 0.0000 1224.0000 370.0000 1.5219 1.4657 3.2224 5.8687 1.5177 0.0291 -1.3131 0.0105
Car 0.0000 0 1.9345 620.4234 171.4465 696.3670 211.8087 1.4402 1.6424 3.9042 2.1159 1.1186 27.3389 2.0126 0.0105
Car 0.0000 0 -1.4048 0.0000 0.0000 1224.0000 370.0000 1.3906 1.5281 3.7884 15.9506 1.2958 -0.1785 0.1584 0.0104
Car 0.0000 0 1.5510 0.0000 0.0000 1224.0000 370.0000 1.3352 1.4788 3.4629 13.7762 1.4536 -0.1003 3.1072 0.0104
Car 0.0000 0 2.0980 0.0000 179.4073 77.4770 221.5079 1.4715 1.5158 3.8730 -21.9439 1.4348 26.7369 1.4183 0.0104
Car 0.0000 0 -1.5815 0.0000 0.0000 1224.0000 370.0000 1.3538 1.5421 3.7320 15.8886 1.3327 -0.0279 -0.0278 0.0103
Car 0.0000 0 -1.6698 747.3275 150.5382 776.3112 177.8985 2.1447 1.8905 4.4852 12.8778 -0.2216 58.2048 -1.4513 0.0103
Car 0.0000 0 -2.2135 0.0000 0.0000 1224.0000 370.0000 1.6495 1.7818 4.5594 21.0291 0.6078 1.6665 -0.7356 0.0101
Car 0.0000 0 -1.5758 727.7421 150.3538 751.8326 179.5107 2.3194 1.8932 4.3687 11.1957 -0.0842 58.7190 -1.3865 0.0101
Car 0.0000 0 2.9939 634.6088 171.8708 743.5809 210.5238 1.5345 1.7762 4.2216 3.3660 1.1934 29.0185 3.1099 0.0101
Car 0.0000 0 3.5950 0.0000 179.5402 30.3093 224.2836 1.4936 1.6351 4.0989 -23.1620 1.4631 24.9613 2.8551 0.0101
Car 0.0000 0 -2.2306 0.0000 0.0000 1224.0000 370.0000 1.6049 1.6972 4.2774 20.8179 0.7088 1.5800 -0.7495 0.0099
Car 0.0000 0 -2.8259 0.0000 0.0000 1224.0000 370.0000 1.5903 1.6507 3.8247 20.1303 0.8064 1.7347 -1.3555 0.0099
Car 0.0000 0 -1.4312 0.0000 0.0000 1224.0000 370.0000 1.3715 1.5592 3.6613 15.7767 1.3881 -0.2168 0.1343 0.0099
Cyclist 0.0000 0 3.4914 0.0000 166.7727 39.9657 207.4440 1.7905 0.6940 1.6923 -26.5494 1.1876 31.7315 2.8014 0.0099
Car 0.0000 0 -2.7809 0.0000 0.0000 1224.0000 370.0000 1.6177 1.6008 3.3903 5.9126 1.5799 0.1247 -1.2842 0.0098
Car 0.0000 0 -2.7934 0.0000 0.0000 1224.0000 370.0000 1.5965 1.5436 3.3538 5.8967 1.5828 0.1052 -1.2936 0.0097
Car 0.0000 0 -1.3121 1207.7627 154.7215 1224.0000 217.0085 1.6277 1.7036 3.9990 19.0911 0.9556 20.2587 -0.5625 0.0097
Car 0.0000 0 1.8898 0.0000 188.7079 41.8359 239.1431 1.4142 1.5629 3.8922 -19.6887 1.7025 22.6003 1.1818 0.0097
Car 0.0000 0 2.8251 647.6050 167.6344 755.0620 207.1541 1.5690 1.7790 4.0604 3.9332 1.0597 29.3096 2.9588 0.0097
Car 0.0000 0 -3.4279 0.0000 0.0000 1224.0000 370.0000 1.6718 1.7312 3.9321 20.9618 0.6764 0.3084 -1.8858 0.0096
Car 0.0000 0 2.0717 0.0000 173.9913 58.6168 207.3217 1.4487 1.3980 3.3661 -26.8982 1.1672 32.5083 1.3871 0.0096
Car 0.0000 0 -2.2941 0.0000 0.0000 1224.0000 370.0000 1.6163 1.7295 4.0265 20.6542 0.6821 1.3979 -0.8051 0.0095
Car 0.0000 0 2.9654 663.7156 167.5115 762.6685 205.2442 1.5049 1.6136 3.7915 4.3707 0.9884 29.0519 3.1149 0.0094
Car 0.0000 0 1.5245 0.0000 0.0000 1224.0000 370.0000 1.3742 1.5453 4.0515 16.1568 1.2868 0.0319 3.0748 0.0094
Pedestrian 0.0000 0 1.3223 1119.7217 169.8845 1219.8868 370.0000 1.6197 0.4356 0.6420 4.2392 1.5459 5.4025 1.9613 0.0094
Car 0.0000 0 1.9526 609.0117 171.3393 686.5253 212.8478 1.4841 1.6709 3.8673 1.7075 1.1581 27.3791 2.0159 0.0094
Car 0.0000 0 1.9810 608.4283 172.0143 687.5223 212.6223 1.4648 1.6923 3.8226 1.7260 1.1602 27.5866 2.0445 0.0093
Car 0.0000 0 -1.3513 587.7115 158.3946 622.5229 183.4055 1.7840 1.7277 4.1310 0.0616 0.2085 52.6329 -1.3482 0.0093
Car 0.0000 0 1.5330 0.0000 184.0537 19.0923 243.1454 1.4845 1.6215 4.1642 -17.9014 1.5974 20.0765 0.8144 0.0093
Car 0.0000 0 0.2150 0.0000 173.5395 40.8719 209.4800 1.5068 1.6781 3.9852 -27.7161 1.2165 31.3336 -0.5024 0.0092
Car 0.0000 0 -1.9282 1202.1971 152.1066 1224.0000 215.6630 1.6472 1.6854 3.9863 19.1286 0.9129 20.4837 -1.1831 0.0091
Car 0.0000 0 -3.0902 531.2072 167.0179 616.0676 201.8888 1.5578 1.6734 3.7951 -1.4141 0.9570 32.4369 -3.1316 0.0091
Car 0.0000 0 2.9878 521.6589 165.6884 617.1630 202.3310 1.5971 1.7100 4.1127 -1.6615 0.9530 32.0641 2.9384 0.0090
Car 0.0000 0 -2.6306 0.0000 0.0000 1224.0000 370.0000 1.6028 1.6888 4.0627 20.3497 0.8707 2.0833 -1.1761 0.0090
Pedestrian 0.0000 0 3.2327 0.0000 168.4180 14.7113 233.7864 1.7143 0.5073 0.6876 -16.3278 1.3990 18.9419 2.5314 0.0090
Car 0.0000 0 -2.9718 516.0437 165.8020 615.7916 202.0491 1.6035 1.7193 4.3324 -1.7663 0.9548 32.3814 -3.0240 0.0090
Car 0.0000 0 1.4630 746.5331 156.2639 773.6701 178.2768 1.7663 1.8203 3.7348 12.9399 -0.1907 59.0799 1.6794 0.0090
Car 0.0000 0 -1.6168 747.1996 149.9795 772.7684 176.4535 2.0422 1.8269 4.4726 12.6028 -0.3421 57.6187 -1.4007 0.0090
Car 0.0000 0 -1.7655 749.6663 147.3687 783.0656 177.1664 2.3330 1.8221 4.5850 13.2424 -0.2841 58.1923 -1.5410 0.0089
Cyclist 0.0000 0 0.5107 0.0000 0.0000 1224.0000 370.0000 1.8477 0.4443 1.5927 -4.4713 1.7235 0.0431 -0.9768 0.0089
Car 0.0000 0 1.8197 526.4229 174.0999 588.6782 211.2628 1.4321 1.6299 4.0197 -1.9131 1.1870 29.3672 1.7571 0.0089
Car 0.0000 0 -1.7343 625.7857 171.3927 680.4186 211.2288 1.5422 1.6875 3.5434 1.9003 1.1911 29.2130 -1.6683 0.0089
Car 0.0000 0 -1.5542 754.1873 148.0840 777.6807 177.9010 2.3213 1.7990 4.6012 13.2323 -0.2207 57.9177 -1.3289 0.0088
Pedestrian 0.0000 0 2.9627 0.0000 169.0130 15.8275 234.3618 1.7118 0.5048 0.6754 -16.3128 1.4125 18.9376 2.2617 0.0088
Car 0.0000 0 -1.1976 0.0000 172.4931 63.6292 207.8591 1.5351 1.6292 3.9187 -26.9334 1.1890 32.7986 -1.8786 0.0088
Car 0.0000 0 -1.5403 746.4595 150.2619 772.0446 177.6273 2.1267 1.9067 4.5761 12.6859 -0.2441 57.9111 -1.3239 0.0088
Car 0.0000 0 -2.6248 0.0000 0.0000 1224.0000 370.0000 1.5936 1.6674 3.9756 20.3696 0.8666 2.0140 -1.1668 0.0088
Car 0.0000 0 -1.4789 631.3236 172.6109 682.8054 211.5023 1.4723 1.7459 3.7848 2.1586 1.1751 28.7727 -1.4031 0.0087
Pedestrian 0.0000 0 1.8123 278.0478 164.8592 320.3549 274.8667 1.7123 0.4640 0.7141 -4.9621 1.4705 11.3894 1.4134 0.0087
Car 0.0000 0 -0.3728 0.0000 0.0000 1224.0000 370.0000 1.4456 1.6554 4.1465 -26.4377 1.5785 1.5193 -1.8724 0.0087
Car 0.0000 0 2.8003 652.7897 167.5157 759.4657 207.2019 1.5803 1.6929 4.0550 4.1489 1.0647 29.3826 2.9408 0.0086
Car 0.0000 0 -2.2182 0.0000 0.0000 1224.0000 370.0000 1.6321 1.7317 4.2815 20.9353 0.7104 1.5518 -0.7353 0.0086
Car 0.0000 0 -1.6132 0.0000 0.0000 1224.0000 370.0000 1.6311 1.7178 4.5576 21.1622 0.5187 0.4663 -0.0784 0.0086
Car 0.0000 0 0.0664 0.0000 176.8433 83.5953 210.5164 1.4547 1.6324 3.7587 -26.1887 1.2982 32.2839 -0.6086 0.0086
Car 0.0000 0 -1.6789 797.9589 146.0325 831.8968 176.1187 1.9109 1.7312 4.3868 14.1669 -0.3098 47.8909 -1.3912 0.0085
Car 0.0000 0 -1.6779 603.5380 170.1439 648.5028 203.0328 1.4221 1.6829 3.5574 0.8909 0.9758 32.4064 -1.6489 0.0085
Car 0.0000 0 -1.3263 619.7824 171.8253 684.2043 212.3140 1.5146 1.7044 3.8719 1.9463 1.1916 28.5480 -1.2573 0.0085
Car 0.0000 0 2.0334 609.7612 171.7771 690.2727 212.6609 1.5007 1.6839 3.7434 1.8260 1.1820 27.9886 2.0996 0.0085
Car 0.0000 0 -2.3603 0.0000 0.0000 1224.0000 370.0000 1.6204 1.6987 4.1108 20.7013 0.8927 1.7456 -0.8877 0.0084
Car 0.0000 0 -1.6151 582.1670 160.0285 607.6234 185.1879 1.7998 1.7131 4.2427 -0.7830 0.3366 52.7420 -1.6280 0.0084
Car 0.0000 0 3.7656 0.0000 188.9744 135.4805 238.0238 1.4842 1.6416 4.0623 -17.6160 1.7670 22.5761 3.1114 0.0084
Car 0.0000 0 -1.3287 625.2682 172.5679 688.0105 211.6243 1.4563 1.6718 3.6902 2.1152 1.1620 28.3726 -1.2534 0.0084
Car 0.0000 0 -2.4429 0.0000 0.0000 1224.0000 370.0000 1.6181 1.7269 4.3000 20.6522 0.8946 1.8948 -0.9776 0.0084
Cyclist 0.0000 0 0.7641 87.3206 167.0081 191.9720 265.8616 1.7136 0.4831 1.7179 -8.3700 1.4814 12.6535 0.1930 0.0083
Car 0.0000 0 -2.0318 606.6589 169.8379 682.8453 209.7659 1.5582 1.7345 3.6510 1.5711 1.1436 29.6083 -1.9776 0.0083
Car 0.0000 0 -1.5099 0.0000 172.0278 35.4435 207.2043 1.5203 1.6038 3.6632 -27.3413 1.1556 32.5050 -2.2026 0.0082
Car 0.0000 0 -2.8689 0.0000 0.0000 1224.0000 370.0000 1.6288 1.9111 4.2162 21.1904 0.4475 0.8088 -1.3502 0.0082
Car 0.0000 0 -2.3140 0.0000 0.0000 1224.0000 370.0000 1.6054 1.7804 4.0606 20.8204 0.4428 0.8702 -0.7991 0.0082
Cyclist 0.0000 0 -1.0506 46.2760 173.1243 131.0811 274.5944 1.7199 0.4544 1.6794 -9.3701 1.5965 12.8370 -1.6677 0.0081
Car 0.0000 0 3.1031 518.3407 165.7147 618.5242 202.7269 1.6242 1.7268 4.4219 -1.6975 0.9769 32.0788 3.0526 0.0081
Car 0.0000 0 -1.8293 727.8669 146.8501 764.1506 176.5685 2.3155 1.8253 4.4951 11.5253 -0.3341 57.9924 -1.6323 0.0081
Car 0.0000 0 0.1075 591.2533 164.1634 690.4725 200.6619 1.5870 1.7311 4.3148 1.6370 0.8781 31.9370 0.1600 0.0081
Car 0.0000 0 1.3191 661.1259 171.9847 723.4324 211.0814 1.3994 1.5938 3.2431 3.2439 1.0962 27.0155 1.4390 0.0081
Car 0.0000 0 1.5126 666.2268 172.2659 715.1678 211.9283 1.4961 1.7135 4.4664 3.4072 1.1870 28.9462 1.6302 0.0080
Car 0.0000 0 -1.5034 585.9746 159.2805 612.7064 184.6389 1.8145 1.7128 4.1229 -0.3759 0.2974 52.6968 -1.5086 0.0080
Car 0.0000 0 2.0330 0.0000 186.7584 72.5234 235.8474 1.4098 1.6241 4.3838 -19.5503 1.6374 23.2113 1.3414 0.0080
Car 0.0000 0 -1.8541 0.0000 0.0000 1224.0000 370.0000 1.7171 1.7468 4.5866 21.2106 0.5230 0.9222 -0.3406 0.0080
Car 0.0000 0 -2.9485 0.0000 0.0000 1224.0000 370.0000 1.5540 1.5895 3.4581 5.9150 1.5752 0.0814 -1.4445 0.0080
Car 0.0000 0 -1.0397 0.0000 174.1362 76.2378 210.2670 1.5823 1.6251 4.0368 -26.8473 1.3051 33.0736 -1.7151 0.0080
Car 0.0000 0 -0.8369 645.2795 169.5026 740.2768 209.1512 1.5707 1.6790 4.1071 3.7487 1.1365 29.9820 -0.7121 0.0080
Car 0.0000 0 -2.6346 0.0000 0.0000 1224.0000 370.0000 1.5742 1.7589 4.1867 21.5925 0.5801 1.3477 -1.1397 0.0079
Car 0.0000 0 -0.1002 628.2890 170.7640 729.9221 207.0777 1.5096 1.6183 4.1729 3.0862 1.1063 30.2016 0.0023 0.0079
Car 0.0000 0 1.2702 0.0000 187.2264 22.7128 237.3376 1.4266 1.6224 4.3099 -20.4187 1.6586 22.4116 0.5401 0.0079
Car 0.0000 0 -1.1360 0.0000 171.5899 68.4628 207.4407 1.5595 1.6218 3.9862 -26.8916 1.1734 32.8811 -1.8150 0.0079
Car 0.0000 0 -1.7535 0.0000 0.0000 1224.0000 370.0000 1.3429 1.5065 3.5483 10.6292 1.3333 -0.2327 -0.1898 0.0078
Car 0.0000 0 -3.3528 1105.8156 155.5793 1224.0000 217.3784 1.6216 1.6516 4.3303 17.1042 0.9693 20.2854 -2.6584 0.0078
Pedestrian 0.0000 0 2.4372 655.1218 172.2834 691.3670 251.7076 1.6343 0.4331 0.6305 1.3979 1.4669 14.9024 2.5305 0.0077
Car 0.0000 0 -1.8988 1171.1422 154.1387 1224.0000 216.2658 1.6278 1.6483 4.0088 18.2749 0.9387 20.6879 -1.1813 0.0077
Car 0.0000 0 0.7509 576.7932 169.6558 666.3977 205.4063 1.5053 1.7017 3.9097 0.6779 1.0502 31.7412 0.7738 0.0077
Cyclist 0.0000 0 3.4192 0.0000 168.9129 33.3223 210.3150 1.7997 0.7457 1.7565 -26.6484 1.2975 31.4280 2.7226 0.0077
Car 0.0000 0 -1.3349 788.4304 145.4552 830.0361 176.4338 1.9508 1.7288 4.2748 13.7380 -0.2845 47.4061 -1.0527 0.0077
Car 0.0000 0 -1.8492 725.9516 152.2035 760.1792 178.4852 2.0884 1.7384 4.0334 11.4093 -0.1717 58.5830 -1.6560 0.0077
Car 0.0000 0 -1.5965 1214.0713 154.8228 1224.0000 217.8751 1.6475 1.7106 4.1268 18.8456 0.9782 20.5922 -0.8614 0.0077
Car 0.0000 0 1.2781 0.0000 188.2445 22.0325 238.4131 1.4212 1.6463 4.2097 -20.3881 1.6876 22.3786 0.5479 0.0077
Car 0.0000 0 2.0363 519.6580 171.9963 597.3467 209.8376 1.4798 1.6341 4.0092 -1.8987 1.1487 29.8080 1.9751 0.0076
Car 0.0000 0 -2.0255 824.4308 145.6922 895.3340 185.6282 1.9872 1.7949 4.3336 13.3806 0.2566 37.4313 -1.6830 0.0076
Car 0.0000 0 0.2576 0.0000 170.5940 38.0857 207.5834 1.5482 1.7458 4.0704 -27.8881 1.1351 31.2804 -0.4636 0.0076
Car 0.0000 0 2.8354 506.8177 167.0296 617.4750 202.9551 1.5243 1.6979 4.6448 -1.9332 0.9543 31.6173 2.7768 0.0076
Car 0.0000 0 -4.5318 0.0000 0.0000 1224.0000 370.0000 1.4069 1.5661 4.2187 16.2474 1.2290 -0.1707 -2.9689 0.0076
Car 0.0000 0 -1.6573 580.6045 157.9076 609.5256 185.2752 1.9570 1.7913 4.3460 -0.7763 0.3427 52.8053 -1.6700 0.0076
Car 0.0000 0 -1.4816 584.5598 157.6086 613.8972 185.2757 1.9793 1.8099 4.2782 -0.3801 0.3429 52.7852 -1.4869 0.0075
Car 0.0000 0 -3.0113 657.2477 169.1069 761.1504 207.4059 1.4824 1.6652 3.9926 4.2272 1.0429 28.7084 -2.8650 0.0075
Car 0.0000 0 -1.3921 788.2505 143.0196 827.2036 176.7480 2.1328 1.7599 4.4429 13.6998 -0.2641 47.6167 -1.1118 0.0075
Car 0.0000 0 -0.8561 1188.8821 162.5631 1224.0000 257.1671 1.4243 1.6631 3.6301 11.9823 1.1559 11.5893 -0.0660 0.0075
Car 0.0000 0 -1.5617 606.5779 169.7745 642.9742 203.6611 1.5393 1.6543 3.9125 0.9552 1.0536 34.1001 -1.5322 0.0074
Pedestrian 0.0000 0 2.8207 656.1379 173.7641 691.5050 252.0111 1.6212 0.4081 0.6462 1.4081 1.4832 14.9155 2.9145 0.0074
Car 0.0000 0 1.7828 0.0000 179.8011 45.4215 223.1008 1.4984 1.5107 3.6922 -22.3451 1.4757 26.4484 1.0890 0.0074
Cyclist 0.0000 0 3.4881 0.0000 164.1624 29.2287 205.6412 1.8059 0.7038 1.6809 -26.7637 1.0960 31.3980 2.7890 0.0073
Car 0.0000 0 1.1166 0.0000 190.2894 16.4446 240.0788 1.4055 1.5407 3.8069 -20.3554 1.7303 21.9285 0.3773 0.0073
Car 0.0000 0 1.8811 622.7480 172.4435 691.2634 211.3984 1.4274 1.6515 3.6741 2.0969 1.1337 27.9157 1.9570 0.0072
Car 0.0000 0 -1.2442 614.7818 171.4289 685.1743 212.5988 1.5190 1.6455 3.8553 1.8419 1.1858 28.1779 -1.1779 0.0072
Car 0.0000 0 -1.4465 790.1858 141.4662 825.8864 176.6601 2.2260 1.7590 4.6003 13.7492 -0.2712 47.7141 -1.1658 0.0072
Car 0.0000 0 1.0452 0.0000 189.9761 20.9057 239.3647 1.4053 1.5366 3.8037 -20.3205 1.7182 21.9206 0.3065 0.0072
Car 0.0000 0 -1.5452 661.6405 170.3955 702.6797 207.4954 1.4768 1.6306 3.7823 3.3124 1.0761 30.1232 -1.4350 0.0072
Car 0.0000 0 -1.5857 605.6152 169.9412 644.1979 203.1100 1.4348 1.6691 3.4832 0.8637 0.9795 32.3333 -1.5574 0.0072
Car 0.0000 0 1.3365 667.0072 170.2460 732.1082 210.2762 1.5163 1.6737 4.3109 3.7628 1.1294 29.0089 1.4658 0.0071
Car 0.0000 0 -2.5894 0.0000 0.0000 1224.0000 370.0000 1.5944 1.8032 4.2138 21.5831 0.4188 0.9986 -1.0785 0.0071
Car 0.0000 0 1.7011 633.5092 173.1198 686.1964 212.2680 1.4642 1.6422 3.6946 2.2424 1.1897 28.4170 1.7807 0.0071
Cyclist 0.0000 0 1.6713 288.1741 170.9033 333.4381 277.6999 1.5730 0.4931 1.6022 -4.7008 1.4333 11.2469 1.2872 0.0071
Car 0.0000 0 -3.0585 656.1520 170.5696 757.5894 207.9683 1.4615 1.6301 3.9786 4.1616 1.0749 28.8658 -2.9151 0.0071
Car 0.0000 0 0.0743 571.8872 168.7235 661.5202 202.3018 1.4739 1.7306 3.9472 0.5552 0.9585 32.0768 0.0933 0.0070
Car 0.0000 0 -1.3393 0.0000 183.5791 4.0277 240.5931 1.4424 1.5247 3.8484 -18.6480 1.5406 20.1561 -2.0763 0.0070
Car 0.0000 0 1.9792 0.0000 180.1475 64.9641 222.6314 1.4762 1.5107 3.6598 -22.0189 1.4655 26.5295 1.2940 0.0070
Car 0.0000 0 -0.6807 1195.9611 160.9779 1224.0000 260.5239 1.4515 1.6723 3.4188 11.8935 1.1685 11.3338 0.1164 0.0069
Car 0.0000 0 2.2875 0.0000 188.0532 98.1237 238.2541 1.4369 1.6857 4.3643 -19.0592 1.7090 23.1086 1.6063 0.0069
Cyclist 0.0000 0 -0.2023 0.0000 163.2749 130.7148 272.5213 1.8261 0.4393 1.8614 -9.6864 1.5398 12.6543 -0.8418 0.0068
Car 0.0000 0 -3.1200 0.0000 0.0000 1224.0000 370.0000 1.4924 1.5918 3.5750 18.4731 1.0613 0.7025 -1.6032 0.0068
Car 0.0000 0 1.5322 661.2021 171.8126 706.6504 210.3069 1.3912 1.6044 3.1875 2.9582 1.0788 27.1945 1.6411 0.0068
Car 0.0000 0 -2.3475 0.0000 0.0000 1224.0000 370.0000 1.6418 1.7262 4.0272 20.6776 0.6865 1.6161 -0.8688 0.0068
Car 0.0000 0 -1.5219 759.2940 151.2258 784.3691 177.0382 1.9999 1.7748 4.5743 13.7067 -0.2942 57.8765 -1.2887 0.0068
Car 0.0000 0 -1.4759 797.6864 146.3371 831.2934 176.6772 1.9162 1.7659 4.3401 14.1418 -0.2687 47.5856 -1.1869 0.0067
Car 0.0000 0 -0.4880 614.4054 172.8683 715.3322 211.0279 1.4731 1.6348 3.7677 2.4136 1.1800 28.7817 -0.4035 0.0067
Car 0.0000 0 -1.4109 797.4431 147.3915 834.7925 176.9523 1.8568 1.7361 4.2599 14.1524 -0.2473 47.2531 -1.1198 0.0067
Car 0.0000 0 -4.2454 0.0000 0.0000 1224.0000 370.0000 1.6196 1.7011 3.7448 20.1918 0.5643 0.7229 -2.7250 0.0067
Car 0.0000 0 3.2800 0.0000 170.3655 32.0275 207.1596 1.5194 1.7020 3.9626 -27.7841 1.1024 30.9971 2.5561 0.0067
Car 0.0000 0 -0.8666 0.0000 187.7155 105.1342 238.5244 1.4829 1.7198 4.5062 -19.1824 1.7481 23.5545 -1.5418 0.0066
Car 0.0000 0 -0.5934 1214.9789 159.6806 1224.0000 265.8504 1.5138 1.6535 3.7259 12.3938 1.2187 11.2994 0.2258 0.0066
Car 0.0000 0 -1.6487 1217.2771 149.8310 1224.0000 215.4373 1.7015 1.7003 4.2441 19.0149 0.9077 20.5282 -0.9076 0.0066
Car 0.0000 0 -0.7682 0.0000 171.0244 89.9372 207.2824 1.5818 1.6198 4.0239 -26.4591 1.1699 32.9416 -1.4384 0.0066
Car 0.0000 0 -3.2032 605.2676 174.0050 695.7427 211.6806 1.5004 1.6211 3.6022 1.7897 1.2432 28.9653 -3.1405 0.0066
Car 0.0000 0 -1.6318 603.8076 168.6682 646.1951 203.2740 1.4862 1.7110 3.4477 0.8390 0.9795 32.1112 -1.6042 0.0064
Car 0.0000 0 1.3911 652.6366 173.2455 709.9251 211.4343 1.4047 1.6236 3.5321 2.9093 1.1394 27.8252 1.4958 0.0063
Car 0.0000 0 -2.5793 1110.8461 157.4537 1224.0000 216.4174 1.5220 1.6314 3.9767 17.1229 0.9287 20.3895 -1.8868 0.0063
Car 0.0000 0 1.5563 647.0185 173.3554 690.7271 212.0419 1.4390 1.6229 3.8664 2.4966 1.1747 28.2825 1.6451 0.0063
Car 0.0000 0 -3.1263 593.0905 174.8036 691.9536 211.1412 1.4478 1.6250 3.9526 1.5248 1.2223 29.1123 -3.0729 0.0063
Car 0.0000 0 -1.9679 612.6197 169.4897 685.0958 208.5354 1.5335 1.7292 3.7399 1.7522 1.1026 29.8150 -1.9081 0.0063
Car 0.0000 0 -3.2590 768.7756 154.3530 833.1239 178.5371 1.5565 1.6355 3.9358 12.9182 -0.1317 46.7886 -2.9894 0.0063
Car 0.0000 0 -2.5667 1108.2987 156.3844 1224.0000 216.2463 1.5504 1.6505 4.0432 17.1433 0.9274 20.4837 -1.8758 0.0062
Car 0.0000 0 -1.3803 782.0146 142.3789 822.1279 177.4902 2.2286 1.7799 4.5401 13.3498 -0.2122 47.7195 -1.1073 0.0062
Car 0.0000 0 1.4448 684.1496 171.5692 736.8229 210.0523 1.4767 1.6526 3.8819 4.2442 1.1355 29.0833 1.5899 0.0062
Car 0.0000 0 -1.4572 0.0000 183.0817 5.0220 242.1808 1.4690 1.6198 4.1757 -18.2405 1.5512 19.9297 -2.1887 0.0062
Car 0.0000 0 2.7956 0.0000 175.5677 97.1246 209.8273 1.4848 1.4986 3.8666 -26.0422 1.2725 32.6740 2.1292 0.0062
Car 0.0000 0 1.7939 0.0000 0.0000 1224.0000 370.0000 1.4869 1.6696 3.8641 -12.0943 1.4082 -0.1641 0.2380 0.0061
Car 0.0000 0 1.2177 0.0000 173.3109 45.4748 207.5388 1.4877 1.5888 3.6537 -27.4085 1.1767 32.3251 0.5211 0.0061
Car 0.0000 0 1.4972 661.1167 168.8336 710.8887 209.6848 1.4362 1.5967 3.4800 2.9623 1.0276 26.6212 1.6085 0.0061
Car 0.0000 0 -1.4893 780.1730 144.0938 813.6298 176.9891 2.0869 1.8281 4.3966 13.0008 -0.2476 47.7369 -1.2232 0.0061
Car 0.0000 0 2.2040 0.0000 179.8650 85.2863 221.9778 1.4749 1.5049 3.6713 -21.6431 1.4542 26.6238 1.5290 0.0061
Cyclist 0.0000 0 0.9309 0.0000 0.0000 1224.0000 370.0000 1.6901 0.6335 1.8240 -1.3332 1.6501 0.0722 -0.3497 0.0061
Car 0.0000 0 0.0271 0.0000 172.6813 100.2434 208.0492 1.5408 1.6318 3.9389 -25.7443 1.2017 32.6230 -0.6345 0.0061
Car 0.0000 0 2.0269 0.0000 178.3082 69.0450 221.0870 1.4879 1.5056 3.7380 -21.9938 1.4132 26.5772 1.3432 0.0061
Car 0.0000 0 -0.3899 640.2585 172.2930 743.1593 209.2697 1.4687 1.7287 3.8853 3.5643 1.1442 29.4285 -0.2689 0.0061
Car 0.0000 0 -0.3023 659.2868 168.7584 769.6081 208.3312 1.5811 1.7149 4.2137 4.4893 1.1134 29.4081 -0.1507 0.0061
Car 0.0000 0 1.6324 636.1677 174.4167 683.1292 211.9441 1.4005 1.6529 3.5735 2.2164 1.1750 28.2674 1.7115 0.0060
Car 0.0000 0 -1.5528 0.0000 181.3946 2.1907 239.8774 1.4531 1.6212 4.2824 -17.9807 1.4824 19.7799 -2.2808 0.0060
Car 0.0000 0 2.6308 0.0000 0.0000 1224.0000 370.0000 1.4601 1.6206 4.3558 -26.3151 1.5685 1.4690 1.1296 0.0060
Car 0.0000 0 1.1158 0.0000 189.3357 24.2584 239.6288 1.4286 1.6238 3.9535 -20.3326 1.7249 22.0901 0.3806 0.0060
Car 0.0000 0 2.6061 0.0000 0.0000 1224.0000 370.0000 1.4650 1.6188 4.0896 -26.3405 1.6409 1.6369 1.1112 0.0060
Car 0.0000 0 -0.7410 0.0000 172.8293 94.5672 210.4488 1.6403 1.6742 4.1926 -26.4223 1.3073 33.0285 -1.4093 0.0060
Car 0.0000 0 2.2105 0.0000 178.3826 86.6310 220.4872 1.4761 1.4981 3.7124 -21.6394 1.4034 26.6642 1.5363 0.0060
Car 0.0000 0 -1.5201 1210.2207 154.0323 1224.0000 218.1520 1.6734 1.6743 4.1688 18.8431 0.9842 20.5110 -0.7832 0.0060
Car 0.0000 0 0.2401 0.0000 167.8984 30.4590 206.7240 1.6124 1.6967 4.0186 -28.0038 1.0906 31.0485 -0.4868 0.0059
Car 0.0000 0 2.8494 0.0000 0.0000 1224.0000 370.0000 1.4748 1.6717 4.2175 -26.7629 1.6402 1.7693 1.3583 0.0059
Car 0.0000 0 0.0229 0.0000 175.4153 97.6880 209.6550 1.4845 1.6797 3.8489 -25.7074 1.2655 32.4731 -0.6402 0.0059
Car 0.0000 0 -1.7017 1196.5157 154.4906 1224.0000 217.1517 1.6385 1.6614 4.1090 18.5952 0.9600 20.6495 -0.9747 0.0059
Car 0.0000 0 1.9646 0.0000 180.2514 61.6411 222.7469 1.4713 1.5087 3.6156 -22.0304 1.4642 26.4239 1.2772 0.0059
Car 0.0000 0 2.2511 0.0000 180.3223 84.7920 222.1029 1.4571 1.5043 3.6722 -21.6262 1.4525 26.4924 1.5741 0.0059
Car 0.0000 0 2.4725 0.0000 175.9840 83.3776 209.4738 1.4548 1.4866 3.6499 -26.4341 1.2601 32.6544 1.7985 0.0058
Car 0.0000 0 -1.4330 0.0000 0.0000 1224.0000 370.0000 1.5300 1.5764 3.9679 -11.8001 1.3713 -0.3054 -3.0006 0.0058
Car 0.0000 0 -0.7470 0.0000 123.1657 309.6588 370.0000 1.9891 2.0551 5.1677 -5.7515 1.5901 7.6742 -1.3688 0.0058
Car 0.0000 0 -3.1363 633.1610 174.4967 747.4479 211.5278 1.4536 1.6703 4.4979 3.4391 1.2194 28.8565 -3.0173 0.0058
Car 0.0000 0 -1.6685 1200.3761 153.9089 1224.0000 217.2879 1.6578 1.6657 4.0581 18.6064 0.9639 20.6195 -0.9404 0.0058
Car 0.0000 0 0.6065 0.0000 173.6976 52.3357 207.5455 1.4734 1.6130 3.8903 -27.4883 1.1788 31.7694 -0.1000 0.0058
Pedestrian 0.0000 0 2.7114 671.4172 163.3683 703.8924 235.7684 1.8164 0.6010 0.6326 2.0773 1.3882 18.1177 2.8253 0.0058
Car 0.0000 0 2.7628 0.0000 173.5835 99.5322 208.4176 1.5131 1.5463 3.8974 -26.0295 1.2142 32.7813 2.0982 0.0058
Car 0.0000 0 1.1059 661.9766 170.7037 743.4418 210.6795 1.4229 1.6449 3.6007 3.6423 1.0758 27.1322 1.2396 0.0057
Car 0.0000 0 -0.4705 0.0000 115.6003 288.9591 370.0000 2.0399 1.9989 5.2408 -6.5313 1.5601 8.0381 -1.1318 0.0057
Car 0.0000 0 -1.4131 675.6143 148.0195 716.3458 184.0250 1.9874 1.7094 4.2581 5.3608 0.1960 41.3065 -1.2831 0.0057
Car 0.0000 0 -3.0028 0.0000 0.0000 1224.0000 370.0000 1.4402 1.7503 3.4156 10.6151 1.4777 -0.2986 -1.4329 0.0057
Car 0.0000 0 -3.0322 572.1994 173.7547 685.1309 209.8829 1.4167 1.6146 4.4543 0.9806 1.1537 28.8411 -2.9968 0.0057
Car 0.0000 0 -1.7851 635.7043 168.1658 697.1274 206.1227 1.5165 1.7240 4.4406 2.5433 1.0252 30.5583 -1.7012 0.0057
Car 0.0000 0 -1.6075 605.7183 169.6707 644.7003 203.2853 1.4568 1.6532 3.3920 0.8595 0.9889 32.3401 -1.5794 0.0057
Car 0.0000 0 0.3490 586.3122 165.9027 695.6122 203.7371 1.6036 1.7727 4.5583 1.5861 0.9864 31.6680 0.4003 0.0056
Car 0.0000 0 -0.8723 0.0000 188.1177 110.3594 236.9418 1.4359 1.6423 4.1722 -18.8404 1.7141 23.5595 -1.5387 0.0056
Car 0.0000 0 -1.5521 0.0000 182.6558 4.3615 241.0356 1.4564 1.6353 4.1949 -18.0414 1.5252 19.9162 -2.2785 0.0056
Car 0.0000 0 -1.4696 0.0000 180.5699 1.2214 239.6481 1.4767 1.5851 4.2380 -18.2351 1.4805 19.8511 -2.2029 0.0056
Cyclist 0.0000 0 -0.2632 9.1514 168.5042 142.8957 273.9086 1.7875 0.4475 1.8988 -9.6158 1.5857 12.8650 -0.8915 0.0056
Pedestrian 0.0000 0 2.9717 51.0667 162.0445 99.5517 266.0305 1.8466 0.5368 0.6351 -9.7591 1.5205 12.9654 2.3400 0.0056
Cyclist 0.0000 0 0.7812 0.0000 0.0000 1224.0000 370.0000 1.6521 0.5543 1.7064 1.1608 1.7574 0.8274 1.5722 0.0056
Car 0.0000 0 0.4197 0.0000 175.4338 56.3690 209.3724 1.4615 1.5879 3.8843 -27.3118 1.2448 31.7483 -0.2840 0.0056
Car 0.0000 0 2.7718 0.0000 0.0000 1224.0000 370.0000 1.4889 1.6913 4.1914 -26.8724 1.5905 2.0609 1.2911 0.0056
Car 0.0000 0 -1.3656 781.2650 143.0298 822.6262 176.8940 2.1444 1.8166 4.4543 13.3282 -0.2541 47.6751 -1.0928 0.0056
Car 0.0000 0 1.6772 643.3539 172.2220 695.0889 210.8038 1.3960 1.6352 3.5188 2.5275 1.0980 27.4650 1.7696 0.0055
Car 0.0000 0 2.7373 0.0000 172.1511 101.6882 207.0266 1.5200 1.5482 3.9251 -26.0238 1.1576 32.9024 2.0746 0.0055
Car 0.0000 0 -2.5627 0.0000 0.0000 1224.0000 370.0000 1.5876 1.6754 3.8866 20.4223 0.6640 1.7452 -1.0915 0.0055
Car 0.0000 0 2.4736 0.0000 173.9428 88.5355 208.3488 1.5007 1.5437 3.7485 -26.3898 1.2162 32.8364 1.8032 0.0055
Car 0.0000 0 0.0404 615.7767 173.2347 728.6852 211.5891 1.5194 1.8252 4.5042 2.7677 1.2331 29.2139 0.1355 0.0055
Car 0.0000 0 -0.6399 0.0000 111.2071 290.1602 370.0000 2.0410 2.0734 5.3328 -6.2402 1.5616 7.7521 -1.2961 0.0055
Car 0.0000 0 2.6315 518.2395 163.8398 626.1212 202.6801 1.6232 1.7457 4.5204 -1.4467 0.9284 31.4745 2.5879 0.0055
Car 0.0000 0 -0.6119 0.0000 112.3730 299.8740 370.0000 2.0382 2.0175 5.2496 -6.1739 1.5492 7.8968 -1.2543 0.0055
Car 0.0000 0 1.4255 642.4229 172.6783 698.4973 211.0751 1.4094 1.6615 3.7506 2.4838 1.1238 27.8675 1.5151 0.0055
Car 0.0000 0 -1.2580 655.4220 168.2502 724.6155 207.6608 1.5626 1.7348 4.1906 3.6975 1.0784 30.2953 -1.1361 0.0055
Car 0.0000 0 0.5884 0.0000 181.6563 42.6184 225.5403 1.4934 1.6619 4.3325 -23.0373 1.5381 25.2473 -0.1433 0.0054
Cyclist 0.0000 0 -0.7285 58.9856 166.7990 168.9685 268.6400 1.6646 0.4964 1.6733 -8.6176 1.4423 12.4240 -1.3211 0.0054
Car 0.0000 0 -0.0523 622.3551 172.0512 729.7111 209.6447 1.5420 1.6303 4.4029 2.9310 1.1969 29.9124 0.0461 0.0054
Pedestrian 0.0000 0 1.8173 275.7611 163.0111 319.5115 275.0772 1.7293 0.4591 0.7907 -4.9608 1.4611 11.3317 1.4167 0.0054
Car 0.0000 0 1.1514 1205.2028 153.0844 1224.0000 214.3009 1.4709 1.5167 3.7536 17.9289 0.8138 19.0050 1.9010 0.0054
Car 0.0000 0 0.1452 636.1425 156.1454 710.9564 185.7089 1.6531 1.7273 4.0966 3.9731 0.2927 40.8633 0.2433 0.0054
Car 0.0000 0 -1.4084 636.7368 173.8941 691.2064 211.9058 1.4168 1.5790 3.8258 2.4092 1.1721 28.3963 -1.3229 0.0054
Cyclist 0.0000 0 -1.6229 1220.3049 175.7281 1224.0000 352.2275 1.5809 0.4534 1.9266 6.6030 1.5399 7.2247 -0.9025 0.0054
Car 0.0000 0 -1.6565 603.1016 171.3312 645.3649 205.0437 1.4559 1.6401 3.3594 0.8103 1.0614 32.2551 -1.6299 0.0053
Car 0.0000 0 1.5430 599.4631 169.2812 639.1444 204.8609 1.5080 1.6762 3.7309 0.5729 1.0340 31.8340 1.5626 0.0053
Car 0.0000 0 -0.5992 653.7202 166.6305 764.8658 206.5831 1.5824 1.7924 4.3825 4.3812 1.0346 29.7635 -0.4528 0.0053
Car 0.0000 0 -1.5883 643.9880 171.4930 686.0876 208.3149 1.4646 1.6719 3.4638 2.4818 1.1078 29.9007 -1.5046 0.0053
Car 0.0000 0 1.9398 0.0000 174.4103 60.1234 208.3065 1.4701 1.5433 3.6671 -26.8708 1.2074 32.6415 1.2577 0.0053
Car 0.0000 0 -1.8241 0.0000 0.0000 1224.0000 370.0000 1.6121 1.5936 3.8044 5.1639 1.4862 -0.3134 -0.2538 0.0053
Car 0.0000 0 1.5933 653.3937 175.1686 696.4149 212.4057 1.3671 1.5778 3.8966 2.7841 1.1729 27.9837 1.6931 0.0053
Cyclist 0.0000 0 1.8643 111.2538 166.2708 173.4482 266.8254 1.7443 0.4728 1.7257 -8.6147 1.4991 13.1545 1.2973 0.0052
Car 0.0000 0 -2.9727 0.0000 0.0000 1224.0000 370.0000 1.5129 1.5828 3.4568 5.9383 1.5960 0.1690 -1.4831 0.0052
Car 0.0000 0 2.8394 609.9279 172.8510 709.6938 210.2659 1.4558 1.5798 3.7353 2.1767 1.1597 28.6941 2.9160 0.0052
Car 0.0000 0 3.2116 0.0000 0.0000 1224.0000 370.0000 1.5130 1.6395 4.1644 -27.2375 1.6422 2.1326 1.7323 0.0052
Car 0.0000 0 0.2574 0.0000 172.1437 42.0257 209.0140 1.5451 1.7380 4.0569 -27.7160 1.1964 31.3047 -0.4604 0.0052
Cyclist 0.0000 0 0.6020 0.0000 0.0000 1224.0000 370.0000 1.6229 0.5586 1.7528 -1.3366 1.7067 0.4327 -0.4526 0.0052
Car 0.0000 0 -1.4164 675.5667 167.2170 726.9921 205.8577 1.5282 1.6086 3.6997 4.1149 1.0043 29.9602 -1.2796 0.0052
Car 0.0000 0 -0.8570 1195.3292 162.4101 1224.0000 259.4919 1.4652 1.6529 3.7232 12.1509 1.1939 11.6040 -0.0607 0.0052
Car 0.0000 0 -2.9115 619.2902 170.4176 708.6375 207.6479 1.4792 1.5848 3.4282 2.4416 1.0801 29.3702 -2.8277 0.0052
Car 0.0000 0 -0.1659 569.7176 171.2681 669.6418 204.2938 1.4610 1.8326 4.3475 0.6147 1.0541 32.4958 -0.1454 0.0052
Pedestrian 0.0000 0 -1.3766 434.0213 167.2263 468.7656 251.9602 1.8039 0.6244 0.6464 -3.3738 1.5229 15.3753 -1.5866 0.0052
Car 0.0000 0 -2.9433 0.0000 0.0000 1224.0000 370.0000 1.5100 1.6688 3.4082 18.5803 0.7140 0.3668 -1.4083 0.0052
Car 0.0000 0 -1.3500 651.2342 169.1309 711.9892 208.5235 1.5640 1.7308 4.0850 3.3313 1.1141 30.2800 -1.2398 0.0051
Car 0.0000 0 1.0270 669.3672 168.9708 759.9812 209.4345 1.4363 1.7163 3.7875 4.0993 1.0286 27.1706 1.1768 0.0051
Car 0.0000 0 -1.5482 0.0000 183.1248 5.3110 240.5126 1.4366 1.6262 4.1261 -18.0567 1.5202 19.9869 -2.2733 0.0051
Car 0.0000 0 -0.8946 0.0000 168.6601 10.8611 202.4611 1.7311 1.7256 4.3050 -34.8708 1.1261 38.4027 -1.6259 0.0051
Car 0.0000 0 2.6895 603.7820 173.0806 701.7748 210.8795 1.4392 1.5384 3.6046 1.8868 1.1582 28.3050 2.7571 0.0051
Car 0.0000 0 -1.4674 647.7040 168.4653 698.1579 207.7533 1.5637 1.7404 4.0397 2.9539 1.0862 30.2894 -1.3694 0.0051
Car 0.0000 0 1.4548 644.2429 174.2106 696.4763 212.3242 1.4183 1.6403 3.7265 2.5145 1.1857 28.1895 1.5445 0.0051
Car 0.0000 0 -0.1700 611.8729 174.5869 727.3595 212.7014 1.5039 1.8233 4.4671 2.5669 1.2721 28.9834 -0.0809 0.0051
Car 0.0000 0 -2.6471 0.0000 0.0000 1224.0000 370.0000 1.4211 1.7085 4.0386 10.5099 1.4526 -0.1593 -1.0905 0.0050
Car 0.0000 0 2.5028 0.0000 0.0000 1224.0000 370.0000 1.4873 1.6216 4.0518 -25.9489 1.6256 1.5735 1.0066 0.0050
Car 0.0000 0 -0.6106 649.1368 168.3459 753.1476 207.7398 1.5662 1.7196 4.1013 4.0450 1.0845 29.8087 -0.4754 0.0050
Car 0.0000 0 1.4866 646.6777 174.3570 696.4536 211.5505 1.3820 1.6500 3.7525 2.5605 1.1553 28.1497 1.5780 0.0050
Car 0.0000 0 -0.0985 0.0000 162.1774 28.6954 206.6171 1.8067 1.6297 4.0022 -27.8031 1.0633 30.7637 -0.8264 0.0050
Car 0.0000 0 3.2545 0.0000 173.4519 34.5741 208.2243 1.4354 1.6129 3.9870 -27.6468 1.1460 30.9843 2.5329 0.0050
Car 0.0000 0 1.2326 662.2642 168.3756 734.2581 209.0722 1.4243 1.5884 3.5488 3.4091 1.0015 26.6422 1.3601 0.0050
Car 0.0000 0 -4.1544 0.0000 0.0000 1224.0000 370.0000 1.2951 1.3726 3.3143 14.4865 1.3474 0.0259 -2.6062 0.0050
Car 0.0000 0 0.9417 0.0000 189.4271 28.3485 238.9062 1.4274 1.5498 3.7289 -20.2228 1.7204 21.9429 0.2060 0.0050
Car 0.0000 0 -1.8358 624.6657 170.4993 686.5596 208.4652 1.5064 1.7263 3.5964 2.0551 1.1111 29.9814 -1.7664 0.0049
Car 0.0000 0 0.0955 630.4061 156.1602 707.6083 186.7251 1.7164 1.7635 4.3059 3.7272 0.3510 40.9668 0.1874 0.0049
Car 0.0000 0 -2.9898 574.6677 174.5390 685.4758 211.3960 1.4550 1.6654 4.3616 1.0427 1.2212 29.1344 -2.9527 0.0049
Car 0.0000 0 3.0440 613.1739 173.2840 701.6234 210.6065 1.4832 1.6382 3.4660 2.0749 1.1979 28.9558 3.1165 0.0049
Car 0.0000 0 -1.4487 666.5892 168.2770 715.9515 206.7815 1.5299 1.6490 3.6584 3.7022 1.0457 30.0622 -1.3257 0.0049
Pedestrian 0.0000 0 1.8597 285.4894 165.5197 333.2756 271.8185 1.5993 0.4767 0.7992 -4.6554 1.3756 11.0535 1.4732 0.0049
Car 0.0000 0 -2.9322 0.0000 0.0000 1224.0000 370.0000 1.5548 1.4747 3.0820 5.9491 1.5498 0.0818 -1.4279 0.0049
Car 0.0000 0 -1.4735 779.1927 145.5503 814.0440 176.9524 1.9893 1.8521 4.3861 12.9735 -0.2500 47.7035 -1.2077 0.0049
Car 0.0000 0 -2.9585 0.0000 0.0000 1224.0000 370.0000 1.6056 1.5328 3.1493 5.9522 1.6122 0.1068 -1.4583 0.0049
Car 0.0000 0 -0.4523 1216.5042 153.5263 1224.0000 217.1344 1.6048 1.6473 3.9219 19.4311 0.9259 19.2500 0.3311 0.0048
Car 0.0000 0 -1.5208 667.3206 167.6374 712.1049 206.9285 1.5681 1.7089 3.9615 3.6683 1.0563 30.3108 -1.3999 0.0048
Cyclist 0.0000 0 2.7022 0.0000 170.6555 38.4796 213.8084 1.8571 0.6919 1.8538 -26.4503 1.4349 31.4088 2.0090 0.0048
Car 0.0000 0 -2.4298 614.7330 169.2404 708.1791 207.4819 1.5106 1.6188 3.7915 2.3102 1.0674 29.8419 -2.3516 0.0047
Car 0.0000 0 -1.3119 670.3524 167.6836 731.1089 207.1356 1.5450 1.6396 3.6837 4.0595 1.0446 29.6999 -1.1757 0.0047
Car 0.0000 0 1.0907 0.0000 188.0818 27.2598 238.5138 1.4444 1.6159 3.9554 -20.3064 1.6988 22.1287 0.3571 0.0047
Car 0.0000 0 -2.7212 1109.3479 159.6773 1224.0000 218.8139 1.5189 1.6436 4.0134 17.1137 0.9857 20.3189 -2.0273 0.0047
Car 0.0000 0 -3.0436 625.1725 174.2509 734.9235 213.3694 1.4672 1.6532 4.1414 2.9510 1.2343 27.7432 -2.9372 0.0047
Car 0.0000 0 1.6607 727.0998 157.0852 753.0930 179.8512 1.8498 1.8248 3.7093 11.4334 -0.0554 59.5975 1.8511 0.0047
Car 0.0000 0 1.4158 665.6492 173.4108 717.8778 210.7265 1.3864 1.5604 3.1847 3.3402 1.1245 27.8828 1.5354 0.0047
Pedestrian 0.0000 0 2.8309 618.4324 175.9760 660.1712 270.5741 1.6479 0.4571 0.6336 0.5642 1.5708 12.6156 2.8761 0.0047
Car 0.0000 0 -0.1951 610.7515 174.0847 718.1097 212.0937 1.4937 1.8476 4.0941 2.3571 1.2431 28.9306 -0.1130 0.0046
Car 0.0000 0 -0.6414 652.3183 167.3772 758.1784 207.3485 1.5837 1.7446 4.2090 4.2202 1.0653 29.7843 -0.5003 0.0046
Car 0.0000 0 -1.6751 642.4332 168.1930 693.6204 208.0652 1.5922 1.7539 4.0938 2.6060 1.1022 30.2914 -1.5885 0.0046
Car 0.0000 0 0.1858 0.0000 179.0863 136.1531 223.3618 1.5236 1.7093 4.4365 -20.0887 1.4764 26.0804 -0.4629 0.0046
Car 0.0000 0 2.0907 519.0809 169.7506 597.0128 206.7695 1.4710 1.5922 3.8871 -1.9494 1.0453 30.1853 2.0286 0.0046
Pedestrian 0.0000 0 2.9585 672.6850 164.2020 702.6929 235.9076 1.8088 0.5792 0.6689 2.0799 1.3993 18.1431 3.0724 0.0046
Car 0.0000 0 -0.1381 664.7779 166.2369 780.9174 205.7908 1.5746 1.7595 4.5064 4.7477 1.0083 29.0757 0.0238 0.0046
Car 0.0000 0 1.1191 0.0000 188.4190 24.2407 239.2425 1.4467 1.6087 3.9358 -20.2938 1.7121 22.0672 0.3844 0.0046
Car 0.0000 0 -2.8305 611.8565 171.1104 703.0417 209.1201 1.5030 1.5880 3.4537 2.1600 1.1332 29.3389 -2.7560 0.0046
Car 0.0000 0 0.1909 0.0000 0.0000 1224.0000 370.0000 1.3194 1.5885 3.2061 14.7665 1.3715 0.4094 1.7136 0.0045
Car 0.0000 0 -3.1159 617.6127 172.7904 730.1259 211.7932 1.4732 1.6505 4.2718 2.6814 1.1835 27.7812 -3.0191 0.0045
Car 0.0000 0 -0.7668 770.4171 151.3034 837.6244 176.5265 1.6019 1.7083 4.3569 13.3132 -0.2742 47.2420 -0.4919 0.0045
Car 0.0000 0 1.0902 0.0000 180.9788 27.8723 232.5745 1.5038 1.6496 4.1943 -20.3903 1.5213 22.1311 0.3546 0.0045
Car 0.0000 0 -0.9806 1208.2421 154.6753 1224.0000 219.4646 1.7063 1.7221 4.2864 19.5653 1.0277 19.9048 -0.2102 0.0045
Car 0.0000 0 -1.4898 649.2328 168.8640 697.6166 207.5392 1.5400 1.7438 3.9446 2.9673 1.0781 30.2443 -1.3913 0.0045
Car 0.0000 0 2.6757 599.7121 172.4635 703.8244 211.9957 1.4714 1.6881 3.7260 1.8119 1.1738 27.8140 2.7418 0.0045
Car 0.0000 0 -1.6333 779.1923 145.3642 811.4623 176.2477 1.9648 1.8538 3.8680 12.7770 -0.2977 47.6314 -1.3710 0.0045
Car 0.0000 0 -1.9196 622.0964 167.9413 695.0681 208.9794 1.6234 1.7646 4.2112 2.1780 1.1281 30.2304 -1.8467 0.0045
Car 0.0000 0 -1.7589 631.1243 168.9968 687.1819 207.5547 1.5355 1.7076 3.6889 2.2141 1.0789 30.0812 -1.6845 0.0044
Car 0.0000 0 -1.5884 671.5635 167.1952 713.4683 205.4814 1.5286 1.6655 3.8206 3.6768 0.9989 30.2103 -1.4668 0.0044
Pedestrian 0.0000 0 -3.1380 620.5969 178.4788 657.4199 270.4323 1.6141 0.4410 0.6464 0.5637 1.5803 12.6422 -3.0929 0.0044
Car 0.0000 0 -0.4935 0.0000 111.7858 280.6199 370.0000 2.0080 2.0158 5.4035 -6.5375 1.5376 7.7345 -1.1733 0.0044
Car 0.0000 0 1.1169 0.0000 173.7261 49.7377 207.3077 1.4664 1.6291 3.7668 -27.4849 1.1721 32.3806 0.4197 0.0044
Car 0.0000 0 -4.2560 0.0000 0.0000 1224.0000 370.0000 1.3006 1.3615 3.4121 14.5045 1.3385 0.0263 -2.7079 0.0044
Car 0.0000 0 0.1761 627.3682 173.7787 730.0114 212.5480 1.4414 1.7296 3.7455 2.8784 1.1930 27.6310 0.2805 0.0044
Car 0.0000 0 -1.5705 653.6450 172.2214 694.2938 208.0240 1.4293 1.6194 3.4348 2.9022 1.1003 30.0092 -1.4733 0.0044
Car 0.0000 0 -0.8691 1206.7649 158.1832 1224.0000 258.4451 1.5088 1.6628 3.6572 12.3027 1.1746 11.5849 -0.0657 0.0044
Car 0.0000 0 -1.9281 793.4443 145.5739 853.0217 180.3168 1.8987 1.8821 4.3329 12.5230 -0.0098 40.8792 -1.6310 0.0044
Car 0.0000 0 0.2163 0.0000 182.1832 132.9019 227.2347 1.5438 1.6928 4.2718 -20.0917 1.6112 26.0136 -0.4338 0.0044
Car 0.0000 0 0.3364 0.0000 185.7326 126.5825 229.2850 1.4763 1.6149 4.0204 -20.0139 1.6783 25.6917 -0.3178 0.0043
Car 0.0000 0 1.1531 677.5943 174.2957 751.0289 210.1515 1.3413 1.6086 3.5205 4.2837 1.1107 28.3546 1.3031 0.0043
Car 0.0000 0 2.7703 606.7361 170.7637 716.7441 209.6580 1.4425 1.7756 3.9071 2.1708 1.0829 27.6308 2.8496 0.0043
Car 0.0000 0 -2.9890 0.0000 0.0000 1224.0000 370.0000 1.6240 1.5443 3.2343 5.9801 1.6136 0.0335 -1.4763 0.0043
Car 0.0000 0 -2.9967 615.1678 173.3432 732.9393 213.3143 1.4967 1.6562 4.4175 2.7144 1.2302 27.8047 -2.8988 0.0042
Car 0.0000 0 -3.0252 617.1055 173.2446 732.5143 213.6451 1.5152 1.6747 4.3509 2.7493 1.2446 27.7956 -2.9261 0.0042
Car 0.0000 0 0.3596 0.0000 0.0000 1224.0000 370.0000 1.3452 1.4691 3.4354 14.8526 1.3535 0.4895 1.8772 0.0042
Car 0.0000 0 -1.6127 644.5197 168.0772 689.4650 206.8831 1.5547 1.7471 3.7904 2.5704 1.0585 30.2526 -1.5271 0.0042
Car 0.0000 0 1.0600 683.7877 170.7728 769.4859 209.6754 1.4274 1.6736 3.8331 4.7057 1.0720 28.0240 1.2263 0.0042
Car 0.0000 0 0.0692 668.3265 173.1467 762.4144 209.4566 1.4073 1.6941 3.6573 4.4746 1.1238 28.6305 0.2243 0.0041
Car 0.0000 0 0.9715 661.1718 168.0204 757.9667 209.3714 1.4241 1.6932 3.8493 3.7933 0.9959 26.4468 1.1141 0.0041
Car 0.0000 0 0.2863 663.2266 171.0407 757.3896 209.2773 1.4179 1.6378 3.3163 4.0980 1.0686 27.6531 0.4335 0.0041
Cyclist 0.0000 0 0.1848 0.0000 0.0000 1224.0000 370.0000 1.6642 0.5507 1.6720 -1.7736 1.7608 0.3127 -1.0405 0.0040
Car 0.0000 0 1.3973 664.8405 175.9537 720.9866 212.8214 1.3664 1.5710 3.7925 3.4014 1.1994 28.1350 1.5179 0.0040
Car 0.0000 0 -2.5324 617.9349 170.4117 712.9767 207.4581 1.4885 1.6067 3.8154 2.5246 1.0847 30.2416 -2.4482 0.0040
Car 0.0000 0 -1.7888 805.0320 145.0526 855.2457 180.1944 1.9180 1.8671 4.2876 12.9202 -0.0173 40.8414 -1.4827 0.0040
Car 0.0000 0 2.9911 596.8575 175.8478 692.3665 210.6938 1.3739 1.4934 3.6994 1.5520 1.1920 28.7925 3.0461 0.0040
Car 0.0000 0 -1.2956 780.6543 146.3681 825.6157 176.2188 1.8840 1.7999 4.3536 13.3900 -0.3011 47.6151 -1.0213 0.0040
Car 0.0000 0 0.0961 667.9705 170.0985 768.4310 208.0005 1.4720 1.6965 3.8925 4.6068 1.0695 28.7664 0.2549 0.0039
Car 0.0000 0 -3.1273 0.0000 0.0000 1224.0000 370.0000 1.6461 1.7389 3.8238 19.8401 0.9071 1.9524 -1.6693 0.0039
Cyclist 0.0000 0 1.1332 0.0000 0.0000 1224.0000 370.0000 1.6936 0.6376 1.7955 -1.8342 1.6362 -0.0109 -0.2671 0.0039
Car 0.0000 0 0.9448 677.1215 170.3798 771.8871 209.3418 1.4216 1.7444 3.8638 4.6044 1.0539 27.9113 1.1083 0.0039
Cyclist 0.0000 0 0.3816 0.0000 0.0000 1224.0000 370.0000 1.6690 0.5919 1.7098 -1.7113 1.6486 -0.0320 -1.0188 0.0039
Car 0.0000 0 1.6553 648.4963 174.8464 699.1075 214.2017 1.4546 1.6593 4.3503 2.8134 1.2472 28.4181 1.7546 0.0039
Car 0.0000 0 1.0699 660.2405 173.2525 737.9357 210.5752 1.3737 1.6405 3.3038 3.6150 1.1085 27.8561 1.1993 0.0039
Pedestrian 0.0000 0 0.2417 743.4236 156.5853 754.6992 179.3039 1.8947 0.8898 0.7395 12.1600 -0.1006 59.5831 0.4438 0.0039
Car 0.0000 0 1.1642 667.2815 175.8330 739.4043 211.7172 1.3416 1.6004 3.4909 3.8421 1.1687 28.3264 1.2993 0.0039
Car 0.0000 0 0.1286 648.4260 155.1889 718.0901 184.8939 1.6612 1.7209 3.8084 4.5305 0.2471 40.8238 0.2402 0.0039
Car 0.0000 0 1.1325 663.1452 174.6035 739.2864 211.4862 1.3675 1.6930 3.4283 3.7263 1.1504 28.1001 1.2646 0.0038
Car 0.0000 0 0.5536 0.0000 186.1679 116.6489 228.7477 1.4456 1.6812 4.0172 -20.1645 1.6588 25.3387 -0.1108 0.0038
Car 0.0000 0 -1.9336 620.9316 167.2955 697.0734 208.1510 1.6158 1.7669 4.4895 2.1961 1.0951 30.3621 -1.8603 0.0038
Car 0.0000 0 -2.4039 608.5600 168.5706 707.2427 207.7534 1.5466 1.6876 4.0969 2.1582 1.0773 29.9698 -2.3310 0.0038
Car 0.0000 0 0.0312 655.2982 152.5066 728.9000 182.8887 1.7037 1.7498 4.1305 5.0331 0.1353 40.8256 0.1548 0.0038
Car 0.0000 0 -1.5610 779.8292 147.2526 809.3110 176.0780 1.8251 1.8387 3.8921 12.7612 -0.3093 47.5364 -1.2984 0.0038
Car 0.0000 0 2.8385 595.4536 156.8385 681.9486 186.5577 1.6418 1.7247 4.6426 1.9062 0.3360 40.4733 2.8871 0.0038
Car 0.0000 0 -1.6792 641.8605 168.1073 693.8020 208.2514 1.6057 1.7779 4.0455 2.5999 1.1115 30.3169 -1.5928 0.0037
Car 0.0000 0 0.2051 0.0000 164.6768 30.3596 205.9187 1.6975 1.7052 4.3966 -28.1361 1.0477 30.9386 -0.5259 0.0037
Car 0.0000 0 -3.0238 618.7766 173.6678 728.1060 213.4625 1.4782 1.6986 4.0653 2.6705 1.2259 27.5227 -2.9264 0.0037
Car 0.0000 0 1.5191 747.5452 156.7962 771.0130 179.1809 1.7957 1.7180 3.7131 12.8406 -0.1124 58.9187 1.7344 0.0037
Car 0.0000 0 -0.7193 1210.1207 156.3425 1224.0000 214.8260 1.4554 1.5661 4.0475 18.5436 0.8558 18.4944 0.0604 0.0037
Cyclist 0.0000 0 0.9383 0.0000 0.0000 1224.0000 370.0000 1.6922 0.5258 1.7613 1.3949 1.7387 0.8520 1.8103 0.0037
Car 0.0000 0 0.3459 673.6970 169.0330 774.0093 208.6532 1.4657 1.7555 3.4988 4.6386 1.0430 27.7731 0.5113 0.0037
Car 0.0000 0 -2.8882 607.1831 171.8155 697.4362 208.8276 1.4672 1.5564 3.4534 1.9513 1.1245 29.3070 -2.8207 0.0036
Car 0.0000 0 -1.5854 659.6324 151.8111 690.2856 184.1521 1.8270 1.7264 4.0818 4.1212 0.2077 42.0443 -1.4865 0.0036
Pedestrian 0.0000 0 2.0553 674.8467 153.8164 718.9394 269.4553 1.6760 0.3881 0.6809 1.3412 1.2909 10.6329 2.1791 0.0036
Cyclist 0.0000 0 1.8137 266.1487 165.1517 326.9382 273.2286 1.6071 0.4837 1.7190 -4.9811 1.3805 11.3954 1.4137 0.0036
Car 0.0000 0 -1.6278 779.8519 151.4763 808.9902 176.6092 1.6001 1.6825 3.6399 12.7063 -0.2712 47.5687 -1.3665 0.0035
Cyclist 0.0000 0 -0.9377 123.9632 169.5399 210.2968 261.7071 1.6272 0.4347 1.7317 -8.2687 1.4354 13.3603 -1.4795 0.0035
Pedestrian 0.0000 0 -0.8630 434.2130 168.7627 475.0961 253.4072 1.7960 0.6260 0.6100 -3.3159 1.5485 15.4149 -1.0690 0.0035
Car 0.0000 0 0.2727 0.0000 186.4219 100.5148 234.8547 1.5191 1.7404 4.1409 -20.0013 1.7368 24.1912 -0.4101 0.0035
Car 0.0000 0 -1.5118 481.2776 184.1724 553.7842 242.4680 1.3203 1.6086 3.8920 -2.1928 1.4270 18.2474 -1.6276 0.0035
Car 0.0000 0 1.2494 662.4849 167.6516 737.4437 209.0889 1.4314 1.6590 3.7554 3.4339 0.9891 26.4211 1.3790 0.0035
Car 0.0000 0 0.2750 656.0329 171.8625 743.7187 209.6641 1.3989 1.6064 3.0606 3.6747 1.0807 27.5041 0.4081 0.0035
Pedestrian 0.0000 0 -0.0750 744.1474 156.8714 753.5045 179.4586 1.8867 0.8753 0.7087 12.1342 -0.0873 59.5793 0.1267 0.0034
Car 0.0000 0 3.0762 599.9985 156.9306 682.3875 186.3523 1.6616 1.7183 4.6466 2.0341 0.3319 40.8187 3.1276 0.0034
Car 0.0000 0 -1.5672 784.2004 149.3349 814.3959 176.6605 1.7253 1.8758 4.4397 13.1115 -0.2707 47.6993 -1.2987 0.0034
Car 0.0000 0 -1.4477 647.6860 169.0729 699.3679 207.0891 1.5206 1.7507 3.7942 2.9785 1.0650 30.3190 -1.3491 0.0034
Car 0.0000 0 1.5124 662.4791 167.2567 714.0610 209.5161 1.4596 1.6751 3.7859 3.0073 1.0037 26.3528 1.6265 0.0034
Car 0.0000 0 0.0463 0.0000 172.6373 42.1656 209.0203 1.5222 1.6031 3.7664 -27.4066 1.1947 31.3690 -0.6649 0.0033
Car 0.0000 0 -3.1919 611.6271 172.6050 740.2529 213.4794 1.5560 1.8035 4.8994 2.7189 1.2569 27.9269 -3.0943 0.0033
Car 0.0000 0 -1.7484 647.5967 153.3331 689.6180 185.6188 1.8281 1.7886 4.1305 3.7293 0.2912 42.1661 -1.6589 0.0033
Car 0.0000 0 -1.4447 655.2733 169.4550 707.8787 208.6937 1.5610 1.7432 4.0404 3.3255 1.1231 30.2906 -1.3347 0.0033
Car 0.0000 0 1.0850 674.2615 173.9738 753.1888 210.6817 1.3651 1.6580 3.5038 4.2387 1.1239 28.2154 1.2342 0.0033
Car 0.0000 0 -1.0710 557.9329 167.8410 628.7797 204.4283 1.5734 1.7447 3.5672 -0.4932 1.0305 32.3851 -1.0843 0.0032
Car 0.0000 0 3.0834 603.4682 156.7275 681.1517 186.0793 1.6595 1.6973 4.3873 2.1015 0.3168 40.8310 3.1364 0.0032
Car 0.0000 0 -2.0755 604.7859 166.0566 694.1057 207.4953 1.6351 1.7997 4.6335 1.7809 1.0667 30.3725 -2.0158 0.0032
Car 0.0000 0 0.2969 0.0000 182.8172 124.8193 227.8326 1.5300 1.6753 4.1078 -20.1251 1.6206 25.6881 -0.3600 0.0032
Car 0.0000 0 -1.9148 614.5767 167.5019 685.9906 207.9355 1.5942 1.7393 4.1006 1.8185 1.0832 30.0838 -1.8533 0.0032
Car 0.0000 0 0.4273 650.3439 173.1017 759.9985 212.2458 1.4714 1.6713 4.0231 3.9656 1.1948 28.3576 0.5664 0.0032
Car 0.0000 0 -2.7204 607.3398 154.9777 691.4857 187.1512 1.8066 1.7145 4.6381 2.5838 0.3749 41.5372 -2.6568 0.0032
Car 0.0000 0 3.0788 607.4535 156.6064 683.7019 186.0719 1.6684 1.6861 4.3029 2.2944 0.3169 40.8827 3.1364 0.0032
Car 0.0000 0 1.1149 1200.8208 155.5331 1224.0000 215.4730 1.4737 1.5084 3.1455 17.7955 0.8615 19.1011 1.8583 0.0032
Pedestrian 0.0000 0 2.8310 679.4866 169.3043 706.2379 239.6177 1.7439 0.5003 0.5412 2.1750 1.4678 17.8279 2.9519 0.0031
Car 0.0000 0 -2.5080 609.9724 169.1369 702.4283 207.6259 1.5256 1.5923 3.6524 2.0996 1.0767 29.8105 -2.4367 0.0031
Car 0.0000 0 -1.6838 769.4758 146.9376 802.7819 174.7260 1.7544 1.7598 3.5886 12.0804 -0.4007 47.3223 -1.4335 0.0031
Car 0.0000 0 0.8785 667.5828 170.8765 764.2033 209.7362 1.4104 1.7532 3.7331 4.2437 1.0627 27.7094 1.0306 0.0031
Car 0.0000 0 -0.4241 615.9680 175.3225 720.4530 211.6024 1.4021 1.6775 3.8863 2.5365 1.2035 28.7514 -0.3354 0.0031
Car 0.0000 0 1.4289 664.8482 175.5109 719.0216 213.3435 1.3906 1.6037 3.6328 3.3276 1.2087 27.8169 1.5483 0.0031
Car 0.0000 0 2.2195 521.9228 170.1732 617.6675 207.8734 1.5027 1.6831 4.6059 -1.4462 1.0926 30.5516 2.1745 0.0031
Car 0.0000 0 0.1411 675.7228 166.7408 788.7616 207.3867 1.5180 1.7295 4.1866 5.0068 1.0056 27.8774 0.3186 0.0031
Car 0.0000 0 0.0548 619.2407 155.5912 693.8504 186.0836 1.7192 1.6506 4.2249 3.0072 0.3162 40.9496 0.1294 0.0031
Car 0.0000 0 -2.8924 609.2614 155.9404 690.6281 186.3568 1.7106 1.7191 4.4528 2.6240 0.3308 41.2650 -2.8275 0.0031
Car 0.0000 0 1.0101 668.2146 174.1782 752.5922 210.5039 1.3477 1.7069 3.5193 4.1027 1.1147 28.1820 1.1548 0.0031
Car 0.0000 0 2.6606 613.2787 172.8175 713.1469 211.8024 1.4915 1.5721 3.7042 2.3223 1.1991 28.4900 2.7427 0.0031
Car 0.0000 0 -0.5066 616.5244 175.1891 718.6970 212.6257 1.4411 1.6829 3.8004 2.5238 1.2382 28.7538 -0.4183 0.0031
Pedestrian 0.0000 0 -1.2257 957.9209 157.7664 997.2902 240.5546 1.6060 0.5272 0.5996 7.3955 1.1666 14.1079 -0.7503 0.0031
Cyclist 0.0000 0 1.3198 0.0000 0.0000 1224.0000 370.0000 1.8386 0.4573 1.7264 -4.4974 1.6713 -0.0170 -0.1814 0.0030
Car 0.0000 0 -0.0602 651.0271 174.3056 742.0687 210.0952 1.3530 1.6039 3.4334 3.4957 1.1203 27.6369 0.0659 0.0030
Pedestrian 0.0000 0 2.0826 439.1412 165.7469 478.9255 250.9335 1.7907 0.5778 0.6895 -3.1882 1.4822 15.2742 1.8827 0.0030
Car 0.0000 0 3.3591 0.0000 168.1972 33.5158 205.7747 1.5544 1.6869 4.0699 -27.8169 1.0470 30.9689 2.6342 0.0030
Car 0.0000 0 -1.4540 670.6629 148.4829 707.6509 183.1857 1.9302 1.6822 4.1511 4.9857 0.1508 41.5371 -1.3334 0.0030
Car 0.0000 0 -2.8030 618.7344 155.0475 692.3510 185.6183 1.7157 1.7436 3.9291 2.9437 0.2886 41.2604 -2.7304 0.0030
Pedestrian 0.0000 0 2.6274 672.1873 156.7445 724.1141 269.3346 1.6459 0.3731 0.6788 1.3532 1.3003 10.6323 2.7522 0.0029
Car 0.0000 0 0.3173 0.0000 181.0809 127.3409 225.6679 1.5264 1.6584 4.2302 -20.1295 1.5503 25.7244 -0.3389 0.0029
Car 0.0000 0 -1.4380 655.3643 169.3513 707.3574 206.9971 1.5057 1.7192 3.8777 3.3204 1.0613 30.3632 -1.3285 0.0029
Car 0.0000 0 0.5556 0.0000 187.4360 109.4355 230.9348 1.4413 1.6935 4.0358 -20.1012 1.6971 24.8415 -0.1168 0.0029
Car 0.0000 0 -1.9178 0.0000 0.0000 1224.0000 370.0000 1.3359 1.6737 4.0362 10.6471 1.2329 0.1348 -0.3886 0.0029
Car 0.0000 0 3.0457 606.5618 170.7296 721.4200 212.7827 1.6264 1.7055 4.4222 2.2651 1.2501 28.2266 3.1266 0.0029
Car 0.0000 0 0.0133 622.4239 174.7688 729.8503 214.1432 1.4807 1.7861 4.0538 2.7559 1.2667 27.6997 0.1130 0.0028
Car 0.0000 0 -1.6857 821.3629 150.6602 860.6276 182.5441 1.7300 1.6762 3.9655 13.4433 0.1123 40.4707 -1.3655 0.0028
Car 0.0000 0 2.7571 608.5942 171.9555 717.1476 212.4639 1.5496 1.6322 4.0316 2.2896 1.2242 28.4225 2.8383 0.0028
Car 0.0000 0 -0.4358 650.9618 153.3109 730.8021 184.7480 1.7746 1.7918 4.2876 5.0147 0.2412 41.4223 -0.3143 0.0028
Car 0.0000 0 0.0997 663.0194 167.1427 777.4977 207.0470 1.5411 1.7584 4.4387 4.6825 1.0268 28.7244 0.2613 0.0028
Car 0.0000 0 -1.8524 807.6974 152.8796 858.4819 183.0653 1.6531 1.6964 4.1272 13.0816 0.1419 40.8018 -1.5426 0.0027
Car 0.0000 0 0.6446 0.0000 184.1836 112.5235 226.6814 1.4662 1.6883 3.9770 -20.3295 1.6048 25.4292 -0.0220 0.0027
Car 0.0000 0 0.3218 0.0000 183.4320 123.6011 227.9837 1.5149 1.6570 4.0840 -20.1609 1.6290 25.6834 -0.3360 0.0027
Car 0.0000 0 -1.6301 660.5558 152.5608 692.9063 184.7374 1.8131 1.6669 3.9879 4.1950 0.2402 41.8621 -1.5290 0.0027
Car 0.0000 0 -0.6728 0.0000 171.3231 13.2884 203.6198 1.6471 1.7185 4.2563 -34.8960 1.1805 38.2948 -1.4059 0.0027
Car 0.0000 0 -2.5261 606.3505 169.6553 700.6971 207.7481 1.5092 1.6245 3.7095 1.9882 1.0810 29.8082 -2.4585 0.0027
Car 0.0000 0 -2.9994 592.3860 173.4917 692.4284 211.6434 1.5176 1.6711 3.9466 1.5601 1.2403 29.3244 -2.9451 0.0027
Car 0.0000 0 0.8172 0.0000 182.1841 39.9435 234.3293 1.5423 1.6147 4.1390 -20.2087 1.5985 21.9442 0.0819 0.0027
Pedestrian 0.0000 0 2.2495 439.3365 166.4493 479.3602 250.4931 1.7708 0.5784 0.6350 -3.1907 1.4763 15.3073 2.0499 0.0027
Pedestrian 0.0000 0 -1.6095 962.7004 158.1433 994.8679 240.6246 1.5982 0.5368 0.6057 7.3969 1.1667 14.0833 -1.1334 0.0026
Car 0.0000 0 -2.6791 604.4953 155.4361 690.1367 187.2892 1.7835 1.7255 4.7487 2.4520 0.3815 41.5180 -2.6186 0.0026
Car 0.0000 0 -1.4806 663.5822 152.0964 698.4417 185.0869 1.8461 1.6836 4.0531 4.5235 0.2581 41.7125 -1.3715 0.0026
Cyclist 0.0000 0 -1.9523 931.1539 159.0190 993.3568 243.9034 1.5844 0.4548 1.7888 7.0453 1.1851 14.1009 -1.4962 0.0026
Car 0.0000 0 -1.9366 0.0000 0.0000 1224.0000 370.0000 1.3241 1.6138 3.9852 10.6548 1.2515 0.4041 -0.4325 0.0026
Cyclist 0.0000 0 1.4074 113.4973 171.9760 160.8506 268.6302 1.6708 0.4794 1.6385 -8.6530 1.5251 12.9844 0.8326 0.0026
Car 0.0000 0 -3.1273 615.0576 156.5052 686.6553 185.8464 1.6591 1.6840 4.0565 2.6546 0.3037 40.9766 -3.0612 0.0026
Car 0.0000 0 -2.9899 599.9351 155.9913 684.9916 186.2334 1.7050 1.7315 4.7406 2.1975 0.3246 41.1901 -2.9351 0.0026
Car 0.0000 0 0.6539 0.0000 183.3545 111.4690 226.6559 1.4978 1.7092 3.9642 -20.3788 1.6056 25.4486 -0.0136 0.0025
Car 0.0000 0 0.3777 668.4810 173.9150 767.8852 211.3027 1.4109 1.7084 3.5520 4.4981 1.1639 28.3171 0.5352 0.0025
Car 0.0000 0 1.1111 666.8898 176.6009 743.1271 213.1424 1.3510 1.6107 3.4683 3.8672 1.2083 28.0355 1.2483 0.0025
Car 0.0000 0 -1.0900 1184.0896 157.0642 1224.0000 213.0723 1.4247 1.4629 3.6816 17.8004 0.8302 19.3014 -0.3516 0.0025
Car 0.0000 0 2.9447 602.6177 170.1389 726.2079 212.0627 1.6104 1.7394 4.6751 2.3016 1.2139 28.2874 3.0267 0.0025
Car 0.0000 0 -1.9220 618.3629 165.9872 695.1871 206.5719 1.6110 1.7493 4.8191 2.1093 1.0364 30.6194 -1.8522 0.0025
Car 0.0000 0 1.5946 651.8772 175.8957 695.1517 213.9878 1.3882 1.5757 3.9082 2.7135 1.2219 27.7966 1.6925 0.0025
Car 0.0000 0 1.7461 782.0288 150.2098 819.8059 177.0608 1.7021 1.7708 4.0552 13.2295 -0.2410 47.5947 2.0174 0.0025
Car 0.0000 0 -0.5598 0.0000 189.4355 115.7785 236.9521 1.4753 1.4679 3.0550 -18.8580 1.8049 24.2694 -1.2125 0.0024
Pedestrian 0.0000 0 -0.0785 0.0000 0.0000 1224.0000 370.0000 1.7281 0.6093 0.7105 -1.7818 1.6199 0.0250 -1.4544 0.0024
Car 0.0000 0 1.4263 665.5961 176.3265 717.9733 213.6379 1.3693 1.5169 3.6726 3.3210 1.2177 27.7982 1.5456 0.0024
Car 0.0000 0 0.3244 0.0000 181.1966 126.9487 224.9798 1.5024 1.6602 4.1980 -20.1607 1.5308 25.7723 -0.3318 0.0024
Car 0.0000 0 0.6178 0.0000 182.3687 112.7475 225.1595 1.4784 1.6702 4.0236 -20.3573 1.5496 25.4375 -0.0493 0.0023
Car 0.0000 0 0.3930 643.1927 159.1729 717.4241 187.4681 1.5599 1.6108 3.9228 4.3072 0.3855 40.6208 0.4997 0.0023
Car 0.0000 0 -3.3298 0.0000 0.0000 1224.0000 370.0000 1.6395 1.6516 3.5705 6.0588 1.6470 -0.2085 -1.7764 0.0022
Car 0.0000 0 0.3566 0.0000 183.6152 133.1584 227.1487 1.5031 1.6747 4.1655 -20.0746 1.6254 26.0106 -0.2931 0.0022
Car 0.0000 0 0.1683 670.5898 167.0281 783.6829 206.9800 1.5148 1.7927 4.2298 4.8861 1.0055 28.3516 0.3389 0.0022
Car 0.0000 0 0.5920 0.0000 182.9442 104.7603 228.2317 1.4985 1.6892 4.1835 -20.1151 1.5883 24.5228 -0.0870 0.0022
Pedestrian 0.0000 0 0.9857 67.2205 180.3626 99.5808 237.0937 1.6187 0.4505 0.6926 -15.1597 1.6163 20.5015 0.3581 0.0022
Car 0.0000 0 -0.7206 0.0000 171.5253 11.7963 205.0574 1.7137 1.7648 4.2427 -34.9835 1.2565 38.3399 -1.4543 0.0022
Car 0.0000 0 0.6016 0.0000 182.6340 112.6501 226.1235 1.4855 1.6670 3.8528 -20.1086 1.5660 25.1951 -0.0642 0.0022
Car 0.0000 0 -1.5822 668.8267 152.9917 698.9653 185.1287 1.7925 1.6741 4.1021 4.6039 0.2596 41.5568 -1.4708 0.0022
Car 0.0000 0 -2.1496 596.8394 166.2180 696.4481 207.3482 1.6219 1.8185 5.0339 1.6549 1.0602 30.5105 -2.0942 0.0022
Car 0.0000 0 0.5912 0.0000 184.9781 111.9638 228.4149 1.4732 1.6623 3.7460 -20.0427 1.6401 25.1418 -0.0740 0.0022
Car 0.0000 0 1.5182 656.7995 175.5767 703.0929 213.1467 1.3672 1.5873 3.8777 2.8477 1.1896 27.7017 1.6212 0.0022
Car 0.0000 0 0.4862 0.0000 185.5536 111.2229 228.3203 1.4284 1.5992 3.7760 -19.9903 1.6167 25.0021 -0.1804 0.0021
Car 0.0000 0 -1.7415 656.8585 153.5607 696.9723 185.1936 1.7753 1.6909 4.0277 4.1848 0.2648 41.7442 -1.6404 0.0021
Car 0.0000 0 -2.9217 603.1246 156.3924 687.2933 186.5381 1.6974 1.7095 4.6433 2.3511 0.3414 41.2652 -2.8633 0.0021
Car 0.0000 0 0.8788 1.8148 185.2244 121.7323 228.3913 1.5117 1.5684 3.6525 -20.1275 1.6962 26.1961 0.2312 0.0021
Pedestrian 0.0000 0 -3.2014 679.7028 172.1167 703.3109 240.4867 1.7007 0.4823 0.5617 2.1418 1.4938 17.8402 -3.0824 0.0021
Cyclist 0.0000 0 -1.9953 938.0189 164.1898 1000.0513 242.0710 1.5198 0.4917 1.6434 7.4540 1.2032 14.6239 -1.5309 0.0020
Car 0.0000 0 0.3317 668.6058 171.8054 775.8831 210.3667 1.4525 1.7697 3.8760 4.6638 1.1265 28.3275 0.4948 0.0020
Car 0.0000 0 -1.4918 477.6104 183.8907 559.9453 242.9444 1.3503 1.7869 4.2886 -2.1767 1.4514 18.5848 -1.6047 0.0019
Car 0.0000 0 0.7475 0.0000 182.8183 101.8533 227.3684 1.4865 1.6444 4.0545 -20.1349 1.5720 24.6506 0.0706 0.0019
Pedestrian 0.0000 0 1.9520 260.3393 166.9249 310.5997 269.6496 1.5422 0.4612 0.7524 -5.0030 1.3400 10.9934 1.5377 0.0019
Car 0.0000 0 0.2404 669.7605 169.5832 777.3089 208.0758 1.4582 1.7564 3.9524 4.7350 1.0462 28.3671 0.4057 0.0019
Pedestrian 0.0000 0 -0.1087 743.5787 159.2881 756.4395 181.6871 1.8657 0.7981 0.9760 12.1817 0.1001 59.3301 0.0945 0.0019
Car 0.0000 0 1.7939 53.2170 184.0518 127.9877 226.3442 1.4741 1.5271 3.5575 -19.4964 1.6204 26.8989 1.1740 0.0018
Cyclist 0.0000 0 -1.9026 943.1724 158.8956 1002.8294 246.8747 1.5898 0.4213 1.8638 7.0624 1.2010 13.7232 -1.4349 0.0018
Cyclist 0.0000 0 -1.4929 677.6799 164.5783 700.7258 236.5091 1.7478 0.4405 1.9925 2.1459 1.3625 18.1951 -1.3758 0.0018
Car 0.0000 0 0.7952 0.0000 180.5007 106.3279 224.7717 1.4861 1.6354 4.0835 -20.0388 1.4877 24.7927 0.1234 0.0017
Car 0.0000 0 -1.6337 667.2128 153.9919 701.1804 185.6910 1.7650 1.7255 3.9333 4.5794 0.2904 41.3685 -1.5224 0.0017
Car 0.0000 0 -2.0209 1149.6805 164.4373 1224.0000 220.5204 1.4013 1.7051 4.0595 17.2416 1.0016 19.8422 -1.3118 0.0017
Pedestrian 0.0000 0 2.0079 262.9023 167.9671 311.6456 269.8925 1.5378 0.4405 0.6855 -4.9847 1.3504 11.0108 1.5955 0.0017
Cyclist 0.0000 0 -2.1159 944.5742 159.6112 1018.7609 244.1909 1.5720 0.4257 1.7711 7.3915 1.1854 14.0346 -1.6387 0.0017
Car 0.0000 0 0.5746 0.0000 180.7857 108.1641 224.6565 1.5152 1.6611 3.8189 -20.4319 1.5274 25.4339 -0.0944 0.0016
Car 0.0000 0 1.8108 52.0356 184.1083 128.9531 226.8731 1.4910 1.5219 3.6546 -19.5394 1.6402 26.9597 1.1909 0.0016
Car 0.0000 0 1.8326 51.8874 185.0125 129.5725 227.4258 1.4757 1.5133 3.5012 -19.4937 1.6611 26.9050 1.2129 0.0016
Car 0.0000 0 -0.1763 920.4412 170.0970 1149.3389 248.1751 1.4667 1.6793 3.8140 8.6771 1.2729 14.7180 0.3487 0.0015
Pedestrian 0.0000 0 -0.2125 743.2955 159.2664 756.2418 181.4940 1.8531 0.7790 0.9205 12.1630 0.0841 59.3352 -0.0095 0.0015
Pedestrian 0.0000 0 0.9537 58.6078 176.0657 101.7068 240.2917 1.8046 0.6192 0.8492 -15.0941 1.6816 20.2899 0.3232 0.0015
Car 0.0000 0 1.9711 48.4309 183.1604 139.6529 226.7656 1.5217 1.4707 3.6739 -19.3127 1.6316 26.8583 1.3550 0.0015
Pedestrian 0.0000 0 -1.0783 59.9139 178.5075 97.3873 239.4286 1.7170 0.5557 0.7890 -15.1769 1.6624 20.3519 -1.7099 0.0014
Car 0.0000 0 -3.3759 0.0000 0.0000 1224.0000 370.0000 1.6025 1.6443 3.7769 6.0205 1.7501 -0.0042 -1.8564 0.0014
Pedestrian 0.0000 0 -1.1106 771.4362 177.5183 804.8004 242.0664 1.5908 0.6177 0.5928 4.5867 1.5190 17.8469 -0.8617 0.0013
Cyclist 0.0000 0 2.0514 110.6478 170.9508 185.7124 265.3526 1.6115 0.4465 1.5994 -8.3253 1.4501 12.8798 1.4906 0.0013
Car 0.0000 0 2.0385 50.4277 182.1260 147.4385 224.9764 1.5124 1.4762 3.7238 -19.2532 1.5806 27.0460 1.4270 0.0013
Car 0.0000 0 2.0949 51.8157 182.9196 155.3110 225.5209 1.5108 1.5258 3.8234 -19.2174 1.6123 27.2602 1.4880 0.0013
Cyclist 0.0000 0 1.4083 0.0000 0.0000 1224.0000 370.0000 1.8401 0.4457 1.7185 -4.4640 1.7104 0.0142 -0.0854 0.0013
Car 0.0000 0 2.0077 50.4494 183.2676 142.8915 226.4720 1.5174 1.4499 3.6141 -19.2996 1.6319 26.9773 1.3940 0.0013
Pedestrian 0.0000 0 0.3351 209.5461 169.5281 237.0184 226.3361 2.0409 0.6257 0.7135 -13.9300 1.6482 25.7605 -0.1538 0.0013
Pedestrian 0.0000 0 -1.4765 970.3068 159.8128 1005.1722 242.6539 1.5748 0.5533 0.5785 7.4486 1.1832 13.8295 -0.9902 0.0013
Car 0.0000 0 -2.8372 565.5799 170.7946 691.8972 212.2003 1.6199 1.8903 4.9023 0.9705 1.2417 29.3620 -2.8028 0.0012
Pedestrian 0.0000 0 -1.2294 771.4399 176.9813 804.3139 242.7127 1.6189 0.6313 0.6290 4.5818 1.5338 17.8459 -0.9807 0.0012
Pedestrian 0.0000 0 -1.4252 970.1681 161.8168 1004.7665 242.9714 1.5469 0.5257 0.5598 7.4556 1.1924 13.8532 -0.9392 0.0012
Car 0.0000 0 0.7057 0.0000 185.0940 110.3694 228.0351 1.4689 1.5858 3.5764 -20.0060 1.6401 25.2368 0.0432 0.0011
Car 0.0000 0 -0.2194 911.6152 169.7060 1137.4932 246.9876 1.4659 1.6757 3.7621 8.5024 1.2628 14.7565 0.2957 0.0011
Car 0.0000 0 -0.1930 918.2296 162.8380 1154.6544 244.1568 1.5177 1.7146 3.9009 8.6523 1.1897 14.6391 0.3330 0.0011
Cyclist 0.0000 0 0.3776 662.2565 153.6690 703.6052 188.8323 1.9228 0.7969 2.1549 4.3423 0.4570 39.5151 0.4880 0.0009
Cyclist 0.0000 0 -2.0772 953.2103 159.8202 1027.8035 248.9909 1.6229 0.4013 1.8710 7.4365 1.2481 13.8022 -1.5909 0.0009
Cyclist 0.0000 0 1.3001 663.8032 156.7190 683.9446 190.0424 1.8252 0.6300 1.9376 3.8489 0.5240 39.7298 1.3978 0.0008
Cyclist 0.0000 0 -0.3219 0.0000 0.0000 1224.0000 370.0000 1.9589 0.5666 1.5547 -4.4097 1.7687 -0.2423 -1.8729 0.0008
Cyclist 0.0000 0 -2.0940 964.4429 155.8022 1041.0656 249.7110 1.6576 0.3991 1.7979 7.4376 1.2233 13.3788 -1.5950 0.0008
Pedestrian 0.0000 0 -1.6680 665.9469 161.4644 678.2698 192.0083 1.7105 0.6382 0.5830 3.7747 0.6459 39.8830 -1.5726 0.0008
Cyclist 0.0000 0 0.1146 662.2288 154.2971 699.8723 189.1975 1.9411 0.7354 2.0418 4.2875 0.4851 39.9036 0.2226 0.0008
Cyclist 0.0000 0 -1.8489 1033.1266 162.7121 1092.9054 260.7853 1.6329 0.4371 1.6509 8.0989 1.3384 12.6211 -1.2881 0.0007
Pedestrian 0.0000 0 -1.6629 665.9239 161.2509 678.3455 192.0447 1.7238 0.6422 0.6304 3.7767 0.6476 39.8907 -1.5674 0.0007
Pedestrian 0.0000 0 2.5700 770.0493 177.5026 811.2622 244.1583 1.6024 0.6678 0.7373 4.5331 1.5319 17.4254 2.8217 0.0007
Pedestrian 0.0000 0 2.6061 0.0000 0.0000 1224.0000 370.0000 1.7192 0.5664 0.8681 -1.7363 1.8010 0.3804 1.4214 0.0007
Cyclist 0.0000 0 -1.8261 1219.7584 150.5646 1224.0000 247.1307 1.5969 0.4556 1.4963 11.3251 1.1035 12.4575 -1.0993 0.0007
Car 0.0000 0 -0.1435 940.2012 166.1748 1147.7189 244.9011 1.4616 1.5989 3.4013 8.7661 1.1973 14.5101 0.3920 0.0006
Car 0.0000 0 -0.1024 943.6108 166.9343 1147.2635 246.2790 1.4621 1.6553 3.3609 8.7724 1.2137 14.4815 0.4342 0.0006
Pedestrian 0.0000 0 2.1311 769.8560 178.3173 810.1238 245.8115 1.6142 0.6483 0.7748 4.5187 1.5636 17.4072 2.3822 0.0006
Pedestrian 0.0000 0 -1.8658 837.7599 171.3181 874.8435 238.7026 1.6646 0.7117 0.6740 6.2861 1.4394 17.8121 -1.5305 0.0005
Cyclist 0.0000 0 -1.0904 0.0000 171.8224 56.8472 259.8408 1.6689 0.4123 1.9724 -12.0007 1.5060 14.4088 -1.7722 0.0005
Pedestrian 0.0000 0 -1.8581 837.0952 167.3490 873.9113 237.8146 1.7398 0.7012 0.7007 6.2681 1.4167 17.8189 -1.5238 0.0005
Pedestrian 0.0000 0 1.8745 0.0000 0.0000 1224.0000 370.0000 1.6832 0.5989 0.7812 -1.7258 1.7316 0.4137 0.7086 0.0005
Pedestrian 0.0000 0 -1.1668 668.6015 159.3571 688.0515 191.4283 1.7755 0.8409 0.7961 4.1099 0.6064 39.6909 -1.0626 0.0005
Pedestrian 0.0000 0 -1.6439 669.5546 160.3473 684.6835 191.2151 1.7260 0.8023 0.6612 4.0552 0.6005 39.8725 -1.5415 0.0005
Pedestrian 0.0000 0 -1.3373 665.2460 162.6321 681.1924 193.0740 1.6878 0.7308 0.7784 3.8232 0.6985 39.6834 -1.2402 0.0004
Pedestrian 0.0000 0 -1.1575 668.3015 159.6716 688.4094 191.5895 1.7659 0.8744 0.8011 4.1101 0.6149 39.6784 -1.0533 0.0004
Pedestrian 0.0000 0 -1.6383 669.9738 159.8036 684.7921 190.8563 1.7350 0.7848 0.7100 4.0694 0.5800 39.8679 -1.5355 0.0004
Pedestrian 0.0000 0 -1.3645 665.4116 162.7392 681.2935 193.0844 1.6815 0.7481 0.7538 3.8270 0.6987 39.6459 -1.2672 0.0004
Car 0.0000 0 -0.1415 947.0360 163.3602 1154.3253 245.2022 1.5067 1.7075 3.3506 8.8595 1.1928 14.4510 0.4004 0.0004
Car 0.0000 0 -0.3380 937.8114 163.6102 1183.5977 243.9629 1.5009 1.6451 3.8812 9.0428 1.1871 14.4181 0.2139 0.0004
Car 0.0000 0 -0.0951 964.1705 165.5642 1157.7416 247.6440 1.4854 1.6015 3.1006 8.9225 1.2168 14.1942 0.4578 0.0004
Car 0.0000 0 -0.2288 954.8427 162.7064 1167.8035 245.4569 1.5136 1.5884 3.3045 8.9376 1.1898 14.2070 0.3244 0.0003
Cyclist 0.0000 0 0.0198 654.0917 154.5356 696.0692 189.7619 1.9631 0.6996 2.3363 3.9478 0.5175 39.8842 0.1196 0.0003
Cyclist 0.0000 0 -0.9879 0.0000 159.5672 45.6775 253.0375 1.7695 0.3863 2.0005 -12.3158 1.3748 14.3957 -1.6829 0.0003
Cyclist 0.0000 0 -0.9064 0.0000 155.4411 32.5143 254.8468 1.8364 0.3983 1.9287 -12.3475 1.3751 14.0289 -1.6150 0.0001