Car 0.0000 0 -0.9977 55.5987 173.4621 148.2890 213.2337 1.5268 1.4718 3.4120 -20.6897 1.5534 29.4791 -1.6055 0.9967
Car 0.0000 0 -0.9837 52.5393 173.2900 148.8047 212.9328 1.5195 1.5184 3.4961 -20.7199 1.5388 29.4574 -1.5926 0.9961
Car 0.0000 0 -0.9647 54.7798 173.7217 149.1689 212.8313 1.4988 1.4395 3.4352 -20.6620 1.5366 29.4433 -1.5725 0.9960
Car 0.0000 0 -0.9726 55.3913 173.7749 148.4411 212.8073 1.4958 1.4252 3.4039 -20.6620 1.5359 29.4368 -1.5805 0.9959
Car 0.0000 0 -0.9673 55.1295 173.6319 148.9867 212.7335 1.4993 1.4454 3.4042 -20.6558 1.5333 29.4372 -1.5751 0.9945
Car 0.0000 0 -0.9674 53.7923 173.4547 149.0259 212.9543 1.5145 1.4952 3.4080 -20.6697 1.5408 29.4218 -1.5757 0.9940
Car 0.0000 0 -0.9785 55.7542 173.5939 149.7137 212.8091 1.5026 1.4367 3.4681 -20.6378 1.5350 29.4546 -1.5856 0.9863
Car 0.0000 0 -1.5605 573.3312 173.1924 613.2619 213.0418 1.6401 1.6457 4.1762 -0.7591 1.6564 31.8290 -1.5848 0.9632
Car 0.0000 0 -0.9913 54.3842 173.3876 148.9146 212.8817 1.5140 1.4978 3.4538 -20.6795 1.5374 29.4522 -1.5993 0.9627
Car 0.0000 0 -1.5699 574.2627 173.3660 614.4036 213.0417 1.6302 1.6531 4.2263 -0.7341 1.6547 31.8304 -1.5933 0.9608
Car 0.0000 0 -1.5708 573.6450 173.4546 613.6178 212.9653 1.6238 1.6470 4.1180 -0.7661 1.6524 31.7932 -1.5953 0.9601
Car 0.0000 0 -1.5691 574.2076 173.5181 613.9658 213.1816 1.6296 1.6381 4.2388 -0.7437 1.6613 31.8514 -1.5928 0.9593
Car 0.0000 0 -1.5645 573.5905 173.4224 613.2377 213.2499 1.6371 1.6334 4.1259 -0.7621 1.6642 31.7931 -1.5889 0.9532
Car 0.0000 0 -0.9960 54.4563 173.4620 146.1767 213.0613 1.5193 1.4970 3.2877 -20.7057 1.5458 29.4003 -1.6055 0.9521
Car 0.0000 0 -1.5816 574.1969 173.0431 614.9908 212.9399 1.6418 1.6813 4.2853 -0.7504 1.6511 31.8803 -1.6056 0.9443
Car 0.0000 0 -1.5448 573.8934 173.2925 614.3539 212.9098 1.6310 1.6686 4.1496 -0.6882 1.6520 31.8262 -1.5668 0.9434
Car 0.0000 0 -1.5862 574.3086 173.2870 614.3843 213.2100 1.6402 1.6508 4.2030 -0.7696 1.6609 31.8202 -1.6108 0.9410
Car 0.0000 0 -0.9853 54.7760 173.5390 147.7677 213.1752 1.5192 1.4292 3.4404 -20.6956 1.5492 29.4494 -1.5938 0.9407
Car 0.0000 0 -1.5608 574.0590 173.3242 613.8226 213.0611 1.6351 1.6392 4.2047 -0.7317 1.6575 31.8495 -1.5842 0.9391
Car 0.0000 0 -1.5813 574.5063 173.4908 613.4338 213.2654 1.6331 1.6032 4.1905 -0.7751 1.6634 31.8122 -1.6061 0.9385
Car 0.0000 0 -0.9784 56.0052 173.3125 148.6462 212.6876 1.5122 1.4113 3.4289 -20.6705 1.5324 29.4733 -1.5859 0.9300
Car 0.0000 0 -0.9801 54.8451 173.4771 148.4249 212.7937 1.5110 1.5093 3.3425 -20.6935 1.5382 29.4637 -1.5883 0.9281
Car 0.0000 0 -1.5588 573.5131 174.0320 613.7248 213.6184 1.6250 1.6578 4.0925 -0.7409 1.6807 31.7950 -1.5825 0.8863
Car 0.0000 0 -1.5455 573.1562 174.1166 613.1752 213.5335 1.6184 1.6507 4.1467 -0.7320 1.6781 31.8306 -1.5689 0.8435
Car 0.0000 0 -1.5527 574.6791 174.7795 613.2872 213.2677 1.5768 1.5926 4.0714 -0.7119 1.6674 31.8003 -1.5755 0.8246
Car 0.0000 0 -1.5558 573.8166 174.7347 612.6440 213.2267 1.5759 1.6010 4.2432 -0.7521 1.6649 31.8752 -1.5798 0.8124
Car 0.0000 0 -1.5749 573.9232 173.7052 614.0714 213.2555 1.6272 1.6579 4.2423 -0.7622 1.6677 31.9187 -1.5992 0.7755
Car 0.0000 0 -1.2700 330.8401 174.9839 363.9765 192.7704 1.4272 1.6056 3.5796 -21.8751 1.6105 60.1562 -1.6176 0.7537
Car 0.0000 0 -1.2654 330.5262 176.2110 363.3647 193.5688 1.3868 1.5793 3.5372 -21.9096 1.6754 60.1425 -1.6136 0.7261
Car 0.0000 0 1.8708 333.0370 176.0312 364.7972 193.6830 1.4167 1.5538 3.4133 -21.7954 1.6902 60.2741 1.5250 0.6456
Car 0.0000 0 1.8694 332.9276 176.1164 365.1905 193.8559 1.4229 1.5720 3.5084 -21.7983 1.7041 60.3195 1.5238 0.6436
Car 0.0000 0 -1.2577 332.2106 176.0961 365.2121 193.4968 1.3914 1.5416 3.6408 -21.7919 1.6707 60.2274 -1.6037 0.6395
Car 0.0000 0 1.8656 332.4512 176.3278 365.2807 193.8539 1.4033 1.6055 3.5897 -21.8167 1.7030 60.3306 1.5198 0.6390
Car 0.0000 0 1.8827 331.8648 174.5735 364.7596 192.8464 1.4684 1.5532 3.5751 -21.7923 1.6164 60.1343 1.5362 0.6308
Car 0.0000 0 1.8794 332.3344 176.0822 365.2908 193.7659 1.4186 1.5954 3.5194 -21.8188 1.6969 60.3217 1.5335 0.6260
Pedestrian 0.0000 0 -2.6762 0.0000 0.0000 1242.0000 375.0000 1.9658 0.7138 0.5331 11.3680 1.7141 -0.1555 -1.1176 0.6255
Car 0.0000 0 1.8644 332.3371 176.6727 365.4363 193.9045 1.3770 1.6036 3.6880 -21.8298 1.7069 60.3757 1.5186 0.6171
Pedestrian 0.0000 0 -2.5652 0.0000 0.0000 1242.0000 375.0000 1.9608 0.7040 0.4932 11.3954 1.7042 -0.1352 -1.0083 0.6117
Car 0.0000 0 1.8756 333.0648 176.3541 366.3680 193.8555 1.4018 1.5759 3.7284 -21.7840 1.7046 60.4427 1.5308 0.6048
Car 0.0000 0 -1.2560 331.9449 175.1353 365.0750 192.9166 1.4268 1.5538 3.6148 -21.7978 1.6233 60.1970 -1.6023 0.5553
Car 0.0000 0 1.8858 331.3211 176.1344 367.1610 193.6223 1.3977 1.6322 4.1075 -21.8439 1.6826 60.5203 1.5405 0.5273
Car 0.0000 0 -1.4884 575.1718 175.0394 619.7977 213.1307 1.5536 1.6225 4.3373 -0.5284 1.6573 31.8978 -1.5054 0.5208
Car 0.0000 0 1.8768 331.6924 176.3404 366.4545 193.9532 1.4080 1.6398 3.8909 -21.8320 1.7100 60.4374 1.5313 0.4720
Car 0.0000 0 1.9120 330.6796 174.8581 364.7304 192.9580 1.4492 1.5323 3.6305 -21.7891 1.6212 59.9903 1.5647 0.4675
Car 0.0000 0 1.8713 331.4621 175.8150 365.8314 193.6121 1.4259 1.6504 3.8032 -21.8518 1.6821 60.3890 1.5253 0.4642
Car 0.0000 0 1.9379 332.1941 175.6601 370.2835 193.4649 1.4270 1.6232 4.1588 -21.6966 1.6711 60.5846 1.5952 0.4450
Pedestrian 0.0000 0 -3.4628 0.0000 0.0000 1242.0000 375.0000 1.9672 0.7687 0.5635 11.1964 1.7331 -0.1950 -1.9008 0.4294
Car 0.0000 0 1.7860 330.7219 174.6445 361.3130 193.1061 1.4804 1.6332 3.7424 -22.0081 1.6351 60.2023 1.4367 0.4107
Car 0.0000 0 1.9163 330.6053 176.0621 368.2559 193.8342 1.4225 1.6556 4.1725 -21.8510 1.7016 60.5918 1.5713 0.4040
Car 0.0000 0 1.8670 330.4637 175.4925 364.8842 193.5977 1.4500 1.6416 3.8812 -21.9146 1.6783 60.3409 1.5198 0.3978
Pedestrian 0.0000 0 0.2239 0.0000 0.0000 1242.0000 375.0000 1.8086 0.6345 0.4617 11.4289 1.6971 -0.0569 1.7740 0.3826
Car 0.0000 0 1.8070 330.8940 173.7121 362.7343 192.5838 1.5090 1.6283 3.8299 -21.8180 1.5830 59.8691 1.4587 0.3765
Pedestrian 0.0000 0 0.3735 0.0000 0.0000 1242.0000 375.0000 1.8012 0.6509 0.4992 11.4070 1.7049 -0.0576 1.9236 0.3458
Car 0.0000 0 1.8833 330.3086 174.3169 364.2930 192.9532 1.4870 1.5753 3.7178 -21.7337 1.6123 59.7496 1.5357 0.3405
Car 0.0000 0 1.7732 330.3219 173.9145 360.0081 192.8477 1.5187 1.5965 3.7476 -22.0301 1.6102 60.0651 1.4229 0.3221
Car 0.0000 0 1.8947 331.1682 175.4134 369.0054 193.0998 1.4177 1.6369 4.5351 -21.8580 1.6418 60.7797 1.5506 0.2770
Car 0.0000 0 1.9136 329.3151 175.7471 368.1578 193.4633 1.4186 1.6878 4.4007 -21.9416 1.6711 60.6948 1.5679 0.2709
Car 0.0000 0 1.8863 335.5452 175.7793 368.8484 193.6894 1.4363 1.5113 3.8265 -21.5693 1.6895 60.4258 1.5446 0.2368
Pedestrian 0.0000 0 -0.5688 959.8833 166.0138 990.3511 219.9044 1.8494 0.6739 0.6912 12.6674 1.6150 25.1307 -0.1071 0.2356
Pedestrian 0.0000 0 -1.5157 0.0000 0.0000 1242.0000 375.0000 1.9618 0.7372 0.5450 11.2078 1.7428 -0.1746 0.0444 0.2338
Car 0.0000 0 1.9575 334.1864 175.5814 369.7977 193.4803 1.4333 1.5291 3.6582 -21.5074 1.6682 60.2035 1.6156 0.2332
Car 0.0000 0 1.9016 335.0331 175.6242 368.4025 193.6481 1.4467 1.5125 3.6771 -21.5765 1.6858 60.3284 1.5593 0.2284
Pedestrian 0.0000 0 -0.4402 960.2043 166.1912 990.6312 219.9454 1.8453 0.6869 0.7183 12.6702 1.6169 25.1178 0.0218 0.2174
Car 0.0000 0 -3.3111 228.0061 181.9052 1242.0000 375.0000 1.5885 1.6818 4.2328 0.9352 1.6383 2.8676 -3.0278 0.1689
Pedestrian 0.0000 0 0.4382 0.0000 0.0000 1242.0000 375.0000 1.7871 0.6668 0.4987 11.2576 1.7452 0.0066 1.9822 0.1647
Car 0.0000 0 -0.2641 273.8962 191.8451 1242.0000 375.0000 1.5621 1.5980 4.0494 0.9837 1.6614 2.8933 0.0310 0.1526
Car 0.0000 0 1.9970 332.5747 174.9317 369.7652 193.3519 1.4747 1.5591 3.6090 -21.5198 1.6534 60.0477 1.6540 0.1462
Pedestrian 0.0000 0 0.2223 0.0000 0.0000 1242.0000 375.0000 1.7968 0.6703 0.5174 11.2371 1.7540 0.0073 1.7663 0.1354
Car 0.0000 0 -0.2290 234.4648 186.8883 1242.0000 375.0000 1.5965 1.6468 3.9813 1.1281 1.6628 2.2036 0.1904 0.1341
Car 0.0000 0 1.6281 331.4413 175.0578 355.4587 193.8306 1.4980 1.6442 4.1809 -22.2775 1.6896 60.3401 1.2756 0.1289
Car 0.0000 0 1.6290 331.3537 175.2520 354.8606 193.6295 1.4672 1.6124 3.9511 -22.2879 1.6750 60.2833 1.2760 0.1193
Car 0.0000 0 1.6497 330.9344 174.7841 356.1756 194.0302 1.5387 1.6524 4.1979 -22.2802 1.7065 60.3765 1.2974 0.1078
Car 0.0000 0 1.9061 332.5012 175.0430 367.7954 193.2826 1.4502 1.5615 3.8721 -21.5043 1.6378 59.7760 1.5619 0.1063
Car 0.0000 0 -0.1388 272.8038 187.7810 1242.0000 375.0000 1.5832 1.6142 4.1738 1.1076 1.6625 2.5581 0.2272 0.1045
Car 0.0000 0 1.6217 331.5378 173.1603 354.6344 192.4344 1.5422 1.6055 3.7319 -22.1190 1.5688 59.8151 1.2687 0.1005
Car 0.0000 0 1.8892 335.0970 174.8114 372.6640 193.0077 1.4654 1.6255 4.6067 -21.5894 1.6374 60.9252 1.5497 0.0999
Pedestrian 0.0000 0 -3.5097 959.1295 167.4255 983.3091 220.5917 1.8511 0.6576 0.5612 12.7026 1.6624 25.4710 -3.0522 0.0964
Pedestrian 0.0000 0 -3.4380 960.3033 165.7537 981.4898 219.9052 1.8851 0.6546 0.4960 12.6955 1.6383 25.4785 -2.9809 0.0899
Car 0.0000 0 3.2504 63.7810 169.6208 143.7211 200.2150 1.5298 1.5768 3.2502 -26.3013 1.3685 37.5469 2.6425 0.0573
Car 0.0000 0 -2.1430 699.4488 179.7904 1242.0000 375.0000 1.5904 1.6379 4.1928 1.4982 1.6357 2.5076 -1.6557 0.0573
Car 0.0000 0 -2.5458 0.0000 0.0000 1159.8389 375.0000 1.6126 1.6024 3.9986 2.0913 1.6269 1.4894 -1.6837 0.0550
Car 0.0000 0 3.2298 63.8011 170.0077 145.0446 200.0370 1.5000 1.5880 3.3328 -26.2679 1.3582 37.5548 2.6226 0.0538
Car 0.0000 0 3.1241 60.5344 170.6566 143.7369 202.1189 1.5562 1.5595 3.4625 -26.2722 1.4479 37.3337 2.5141 0.0515
Car 0.0000 0 3.2928 56.2101 169.4413 146.8544 199.2557 1.4893 1.6282 3.6525 -26.4228 1.3192 37.5771 2.6832 0.0499
Car 0.0000 0 3.4631 59.8035 167.6573 148.6856 197.7557 1.5210 1.6699 3.4567 -26.4179 1.2587 37.7472 2.8557 0.0482
Car 0.0000 0 1.6768 336.6486 174.7212 363.6375 192.4700 1.4374 1.6879 4.4978 -22.0627 1.6027 61.3197 1.3326 0.0479
Car 0.0000 0 3.2561 60.4098 169.1005 145.4426 199.0614 1.4964 1.6187 3.4566 -26.3485 1.3092 37.5656 2.6476 0.0474
Car 0.0000 0 2.9698 650.4567 179.8685 694.3121 194.2047 1.3524 1.5203 4.0310 6.0094 2.0414 69.9055 3.0548 0.0472
Cyclist 0.0000 0 -1.2447 287.1782 171.3399 301.0076 195.5392 1.6757 0.3900 1.6274 -22.2589 1.5713 50.7893 -1.6560 0.0469
Pedestrian 0.0000 0 2.6072 956.8010 166.6436 978.0249 219.3629 1.8608 0.5764 0.4459 12.7183 1.6419 25.7698 3.0606 0.0392
Car 0.0000 0 0.2865 62.5334 167.5714 151.4010 197.7885 1.5249 1.6209 3.4955 -26.2597 1.2587 37.7270 -0.3184 0.0391
Car 0.0000 0 3.3587 69.2728 169.0278 154.7151 199.7209 1.5494 1.6069 3.4168 -26.0493 1.3566 37.8043 2.7585 0.0389
Car 0.0000 0 3.2819 65.5608 169.9997 152.0483 200.7348 1.5391 1.5422 3.5186 -26.0719 1.3966 37.6055 2.6789 0.0379
Car 0.0000 0 1.5594 331.5517 174.8886 352.4201 193.6466 1.4974 1.5819 3.8038 -22.3680 1.6731 60.1022 1.2043 0.0366
Pedestrian 0.0000 0 2.5705 955.9081 167.9765 979.3750 219.9565 1.8331 0.6024 0.5035 12.7268 1.6615 25.7713 3.0241 0.0360
Pedestrian 0.0000 0 -3.4088 952.0219 166.5284 977.0598 220.0258 1.8566 0.6243 0.6461 12.4332 1.6374 25.4036 -2.9588 0.0355
Car 0.0000 0 3.0244 651.0922 178.9392 694.6682 193.2718 1.3558 1.5727 4.0426 6.0461 1.9522 69.8224 3.1100 0.0348
Car 0.0000 0 1.4526 328.0800 174.3094 353.1392 193.2525 1.5137 1.5296 3.6612 -22.4240 1.6390 59.9363 1.0958 0.0343
Car 0.0000 0 3.3662 71.1237 168.8917 152.1258 199.4484 1.5442 1.5901 3.2159 -26.0666 1.3443 37.7908 2.7655 0.0342
Car 0.0000 0 3.1752 59.3759 170.9380 141.4665 202.0777 1.5426 1.5738 3.4115 -26.3142 1.4480 37.3302 2.5644 0.0340
Pedestrian 0.0000 0 -1.3370 147.4468 167.5250 167.6301 201.8785 1.8319 0.8322 0.4772 -24.3833 1.5481 38.8315 -1.8948 0.0339
Car 0.0000 0 -3.0977 647.4458 178.7288 689.8800 193.7851 1.4206 1.6282 4.0352 5.6873 1.9992 69.9585 -3.0173 0.0330
Car 0.0000 0 2.9026 649.3150 180.4049 695.5688 194.5145 1.3226 1.4888 4.2265 6.0128 2.0649 69.8286 2.9877 0.0315
Pedestrian 0.0000 0 -1.4221 149.9115 167.3808 169.0159 199.9770 1.7452 0.8084 0.5170 -24.4004 1.4525 39.0254 -1.9780 0.0313
Car 0.0000 0 -2.6656 507.7015 178.7019 1242.0000 375.0000 1.6054 1.6611 4.0930 1.3165 1.6410 2.1883 -2.1823 0.0309
Car 0.0000 0 -1.7502 33.6028 0.0000 960.0039 375.0000 1.5091 1.5612 3.6173 0.2055 1.5532 0.5959 -1.5377 0.0304
Car 0.0000 0 -0.0720 652.6636 178.7004 696.9809 193.5810 1.4082 1.6268 4.1605 6.2270 1.9809 69.7912 0.0162 0.0282
Car 0.0000 0 0.1460 330.1362 175.8537 378.8841 193.0759 1.4037 1.5469 3.6543 -21.3387 1.6594 60.3014 -0.1929 0.0281
Car 0.0000 0 -0.1617 651.9508 178.7188 695.8279 193.4858 1.3932 1.6216 4.0171 6.1429 1.9687 69.7927 -0.0746 0.0280
Car 0.0000 0 -2.4709 0.0000 0.0000 1077.2474 375.0000 1.6038 1.6485 3.9641 1.7791 1.6661 1.5766 -1.7141 0.0269
Pedestrian 0.0000 0 -1.2439 149.6134 167.6486 169.4851 199.9369 1.7317 0.7914 0.5054 -24.4003 1.4529 39.0317 -1.7997 0.0265
Pedestrian 0.0000 0 2.4220 1026.2313 165.6500 1061.4558 227.2018 1.8356 0.5816 0.7069 13.0972 1.6211 21.8658 2.9552 0.0264
Car 0.0000 0 3.1576 54.7646 170.4406 141.1578 200.8105 1.4996 1.5725 3.5790 -26.4175 1.3808 37.2826 2.5444 0.0255
Car 0.0000 0 0.9871 614.0053 181.2947 1242.0000 375.0000 1.5848 1.6936 3.9746 1.2383 1.6449 2.9719 1.3457 0.0255
Car 0.0000 0 1.1992 76.1858 163.2106 142.3527 194.1829 1.5725 1.6191 3.8240 -26.6860 1.0832 38.3720 0.5947 0.0244
Car 0.0000 0 0.4469 54.1978 167.5490 151.6033 197.1319 1.5066 1.6505 3.8494 -26.5768 1.2368 37.8684 -0.1619 0.0243
Car 0.0000 0 0.6764 327.5733 188.6543 1242.0000 375.0000 1.5892 1.6906 4.1661 0.5614 1.6897 2.4311 0.8741 0.0242
Car 0.0000 0 0.2785 323.5428 175.2745 376.5017 193.0640 1.4586 1.6403 3.8667 -21.7380 1.6646 60.3611 -0.0660 0.0235
Pedestrian 0.0000 0 -0.7421 961.1852 167.7127 986.6862 219.5124 1.8320 0.5978 0.5591 13.0073 1.6505 25.8802 -0.2814 0.0230
Car 0.0000 0 1.2455 324.4944 175.8236 359.2958 194.1076 1.4552 1.5947 3.7657 -22.3512 1.7107 60.0251 0.8903 0.0229
Car 0.0000 0 0.6728 472.3473 178.5051 1242.0000 375.0000 1.5863 1.7045 4.2541 1.0374 1.6244 2.5586 1.0172 0.0228
Car 0.0000 0 -1.7120 40.0502 0.0000 971.8958 375.0000 1.5523 1.5795 3.9233 0.1964 1.5935 0.7413 -1.5378 0.0228
Pedestrian 0.0000 0 -0.1724 506.4020 174.1999 516.6176 195.4479 1.7818 0.6312 0.7580 -8.3471 1.8967 60.9728 -0.3083 0.0226
Pedestrian 0.0000 0 -0.1179 505.8285 174.2258 516.4990 195.4865 1.7827 0.6068 0.8270 -8.3728 1.8997 60.9464 -0.2542 0.0223
Car 0.0000 0 -0.8886 180.9187 0.0000 1242.0000 375.0000 1.5181 1.5476 3.5945 -0.5966 1.5575 0.4469 -1.5815 0.0219
Car 0.0000 0 0.9211 422.1664 174.6126 1242.0000 375.0000 1.6262 1.7014 3.9930 0.5312 1.6388 2.8463 1.0840 0.0203
Car 0.0000 0 0.4066 317.7527 173.8993 372.0583 192.3803 1.4996 1.6883 3.8586 -21.8948 1.5877 59.6024 0.0558 0.0202
Car 0.0000 0 2.9296 650.6096 177.7123 693.9388 193.0142 1.4490 1.6273 3.9353 6.0122 1.9281 70.0493 3.0145 0.0201
Car 0.0000 0 -0.1101 651.1258 177.4917 699.5770 193.0173 1.4772 1.6877 4.5256 6.3029 1.9336 70.0706 -0.0211 0.0197
Car 0.0000 0 1.3390 325.2893 175.7581 356.3293 194.1342 1.4586 1.5907 3.7754 -22.4028 1.7083 59.9182 0.9824 0.0196
Pedestrian 0.0000 0 -0.6504 960.5857 168.7962 986.6056 220.2919 1.8205 0.6171 0.5757 12.9856 1.6774 25.8628 -0.1901 0.0195
Pedestrian 0.0000 0 3.2971 288.1281 169.4924 298.8665 195.8158 1.8372 0.6727 0.5945 -22.2912 1.6029 50.7559 2.8850 0.0194
Car 0.0000 0 0.6282 376.0667 183.2331 1242.0000 375.0000 1.5876 1.7104 4.1174 0.7390 1.6563 2.6201 0.8717 0.0192
Pedestrian 0.0000 0 0.2156 507.3154 173.9161 516.4858 194.9111 1.7699 0.7225 0.6319 -8.3481 1.8610 61.2492 0.0804 0.0187
Pedestrian 0.0000 0 2.3573 958.8748 163.1385 981.7739 214.7650 1.8495 0.6060 0.4451 13.0403 1.5018 26.2046 2.8141 0.0182
Car 0.0000 0 0.1105 331.0940 176.8809 382.6115 194.2031 1.4144 1.5919 3.9378 -21.2750 1.7603 60.6957 -0.2256 0.0182
Car 0.0000 0 0.4128 362.5590 182.9642 1242.0000 375.0000 1.5951 1.6268 4.0953 0.9323 1.6552 2.2609 0.7576 0.0178
Car 0.0000 0 1.3206 462.3408 183.8846 1242.0000 375.0000 1.6082 1.6992 4.4765 0.1804 1.6917 3.0714 1.3694 0.0172
Car 0.0000 0 1.2849 445.3694 180.8354 1242.0000 375.0000 1.6689 1.6839 4.4698 0.1427 1.7305 3.1590 1.3214 0.0167
Car 0.0000 0 -0.1317 652.5106 177.2076 697.3838 193.1050 1.5096 1.6806 4.1460 6.2565 1.9377 69.9535 -0.0432 0.0167
Cyclist 0.0000 0 -1.5394 506.8682 173.5321 512.1393 194.5832 1.7719 0.3915 1.7994 -8.6134 1.8311 61.7040 -1.6779 0.0164
Car 0.0000 0 1.5322 651.3134 180.1191 669.1425 194.9404 1.3577 1.5697 3.8505 4.8283 2.0820 69.9493 1.6004 0.0164
Pedestrian 0.0000 0 2.4118 957.9411 165.0003 982.4747 215.7287 1.8151 0.6389 0.4960 13.0275 1.5344 26.1889 2.8684 0.0161
Car 0.0000 0 3.1739 70.8076 158.3501 159.8212 186.4146 1.5738 1.7568 4.2364 -28.9532 0.7608 42.3359 2.5769 0.0159
Car 0.0000 0 -2.6484 0.0000 0.0000 1242.0000 375.0000 1.5712 1.6035 3.7373 1.6367 1.7067 1.6072 -1.9418 0.0157
Car 0.0000 0 2.1210 73.7773 167.6812 146.7657 198.8774 1.5743 1.5894 3.4692 -26.3930 1.3136 38.1818 1.5193 0.0157
Cyclist 0.0000 0 -1.2724 285.6099 171.1383 299.9337 195.6017 1.6864 0.4341 1.7139 -22.2744 1.5685 50.6145 -1.6852 0.0154
Car 0.0000 0 -1.8405 83.1365 162.2732 143.0798 193.5223 1.5901 1.6454 3.9909 -26.6669 1.0521 38.6281 -2.4416 0.0153
Car 0.0000 0 1.1745 319.4557 174.8586 358.2856 193.6911 1.5009 1.6109 3.9724 -22.5657 1.6733 59.9240 0.8156 0.0151
Pedestrian 0.0000 0 -2.6621 287.0379 169.4935 300.4699 195.5788 1.8231 0.6536 0.6359 -22.2804 1.5886 50.7723 -3.0739 0.0150
Car 0.0000 0 1.3425 0.0000 197.8715 1242.0000 375.0000 1.6143 1.6978 3.9962 0.3153 1.7633 2.2063 1.4614 0.0149
Car 0.0000 0 -3.0791 644.7970 178.9630 688.2255 194.0858 1.4269 1.5982 4.1120 5.4829 2.0293 70.0276 -3.0017 0.0148
Car 0.0000 0 0.7679 1177.2546 162.1203 1242.0000 224.6268 1.5100 1.6505 4.2971 17.9976 1.2511 19.6279 1.5023 0.0148
Car 0.0000 0 0.6237 1183.4396 166.3049 1242.0000 231.8121 1.5302 1.6676 4.4232 18.0504 1.3776 19.1854 1.3707 0.0145
Car 0.0000 0 0.7147 1182.1926 167.4798 1242.0000 230.8592 1.5122 1.6506 4.2890 18.0511 1.3843 19.4381 1.4553 0.0145
Car 0.0000 0 0.3229 324.2115 174.4756 376.7931 192.3215 1.4501 1.6236 3.7695 -21.4395 1.5863 59.6312 -0.0211 0.0144
Pedestrian 0.0000 0 0.0993 508.3402 173.8462 516.2598 194.8888 1.7742 0.7390 0.5964 -8.3142 1.8593 61.2496 -0.0353 0.0143
Car 0.0000 0 0.3179 316.3995 183.0845 1242.0000 375.0000 1.6435 1.6901 4.1498 0.9597 1.7008 2.0252 0.7047 0.0143
Car 0.0000 0 0.7567 1190.7552 168.2002 1242.0000 230.6850 1.5013 1.6459 4.2557 18.2914 1.3898 19.5127 1.5020 0.0140
Car 0.0000 0 -3.0068 640.1873 179.6681 683.7766 194.6696 1.4084 1.5426 4.0468 5.0343 2.0807 69.9706 -2.9356 0.0140
Car 0.0000 0 1.4886 326.2222 173.8735 351.2453 193.4260 1.5653 1.6327 3.9572 -22.6524 1.6536 60.1222 1.1295 0.0137
Car 0.0000 0 1.2024 420.7720 184.4652 1242.0000 375.0000 1.6956 1.6867 4.2792 0.2372 1.7727 2.4704 1.2819 0.0137
Car 0.0000 0 0.9227 321.0348 175.1172 368.2260 193.4365 1.4800 1.6691 3.9494 -22.2857 1.6757 60.4972 0.5710 0.0137
Car 0.0000 0 0.8871 1191.7439 162.7154 1242.0000 224.3199 1.4950 1.6301 4.2591 18.2669 1.2493 19.6796 1.6276 0.0136
Car 0.0000 0 0.9615 1190.2997 163.1501 1242.0000 223.6662 1.4880 1.6177 4.2100 18.2836 1.2498 19.9286 1.6963 0.0135
Car 0.0000 0 1.4884 94.0035 159.8254 137.9682 192.5297 1.6700 1.6395 3.9887 -26.7078 1.0051 38.9070 0.8899 0.0133
Car 0.0000 0 2.0423 424.5738 175.4212 463.8288 192.2810 1.3854 1.6221 4.0678 -14.2480 1.6145 62.1178 1.8175 0.0131
Car 0.0000 0 0.6017 1190.8872 168.2073 1242.0000 232.1132 1.4980 1.6490 4.3611 18.2727 1.3895 19.2177 1.3540 0.0130
Car 0.0000 0 -1.9984 0.0000 0.0000 817.0157 375.0000 1.5494 1.5716 4.0549 0.4575 1.6652 1.2870 -1.7254 0.0129
Car 0.0000 0 2.0175 427.5898 175.5939 465.7968 192.9813 1.4501 1.6300 4.1341 -14.2460 1.6982 63.0604 1.7960 0.0129
Car 0.0000 0 -0.1097 651.9366 177.7916 698.9840 193.2128 1.4653 1.7039 4.3849 6.3100 1.9510 70.0279 -0.0206 0.0129
Car 0.0000 0 2.0248 425.3883 175.4817 464.3411 192.5528 1.4086 1.6320 4.1436 -14.2582 1.6444 62.4177 1.8009 0.0129
Car 0.0000 0 1.2453 321.6690 175.2031 355.6595 193.6828 1.4671 1.5461 3.6480 -22.4838 1.6679 59.6662 0.8861 0.0128
Car 0.0000 0 2.0225 426.2517 175.3884 465.0545 192.5204 1.4210 1.6355 4.1601 -14.2567 1.6494 62.7115 1.7996 0.0126
Car 0.0000 0 1.1589 319.2045 175.1205 357.2083 193.5473 1.4653 1.5437 3.8256 -22.5548 1.6594 59.7538 0.7992 0.0126
Car 0.0000 0 1.8872 517.9756 175.8788 552.4819 195.0117 1.5142 1.6347 4.1857 -6.1985 1.7755 60.0201 1.7844 0.0126
Car 0.0000 0 1.5803 529.7712 176.4323 550.0405 194.7629 1.4444 1.6144 4.0003 -5.8065 1.7512 59.7224 1.4835 0.0123
Car 0.0000 0 2.0990 510.8784 175.7496 554.2762 195.1653 1.4752 1.6217 4.0643 -6.1661 1.7158 57.6593 1.9926 0.0123
Car 0.0000 0 2.1941 413.0006 174.4840 459.4988 192.3096 1.4390 1.6411 4.2569 -14.6447 1.5821 60.9408 1.9589 0.0123
Car 0.0000 0 2.1602 414.1570 174.1318 459.5568 191.9051 1.4441 1.6359 4.2935 -14.6664 1.5570 61.2495 1.9259 0.0123
Car 0.0000 0 0.4551 0.0000 0.0000 1242.0000 375.0000 1.5250 1.6402 4.0843 38.4060 2.0239 1.9656 1.9668 0.0121
Car 0.0000 0 1.6779 580.2594 176.4996 617.9485 205.3434 1.5463 1.7252 4.2039 -0.6072 1.7668 41.3988 1.6628 0.0121
Car 0.0000 0 3.1991 60.6928 157.0135 153.4600 186.6895 1.6608 1.7845 4.3592 -29.3787 0.7746 42.2725 2.5946 0.0121
Car 0.0000 0 1.5292 582.6922 175.7128 609.9906 199.2435 1.4790 1.6355 4.0947 -0.9760 1.6776 47.9506 1.5085 0.0120
Car 0.0000 0 1.6968 526.3947 176.6219 552.1664 194.9380 1.4325 1.6171 4.0172 -5.8000 1.7531 59.2944 1.5994 0.0120
Car 0.0000 0 1.3957 567.5154 176.5822 610.5113 205.0786 1.5280 1.7181 4.4603 -1.3061 1.7558 41.6624 1.3641 0.0119
Car 0.0000 0 2.0602 421.5283 174.7094 462.4715 192.5289 1.4851 1.6280 4.3378 -14.6182 1.6532 62.9181 1.8326 0.0118
Car 0.0000 0 1.8445 518.4772 176.1472 550.7775 194.8821 1.4743 1.6136 4.0871 -6.2163 1.7569 59.6843 1.7408 0.0118
Car 0.0000 0 1.7440 522.2228 175.8987 550.5340 194.5009 1.4903 1.6566 4.2918 -6.1780 1.7562 60.7229 1.6427 0.0118
Car 0.0000 0 1.8439 519.3194 175.7122 552.2656 194.7344 1.5138 1.6460 4.2889 -6.1847 1.7621 60.3474 1.7419 0.0118
Car 0.0000 0 2.0060 288.5134 175.2440 340.1419 197.2182 1.4025 1.6309 4.1132 -19.8739 1.5708 48.5984 1.6195 0.0118
Car 0.0000 0 1.5308 577.8158 176.4414 611.1144 205.1455 1.5444 1.7322 4.4924 -0.9825 1.7634 41.6891 1.5069 0.0118
Car 0.0000 0 1.1109 76.3743 163.6663 144.2454 194.4773 1.5692 1.5975 3.4571 -26.5568 1.1016 38.2822 0.5075 0.0117
Car 0.0000 0 2.1045 510.0047 175.9547 553.6034 195.4393 1.4691 1.6165 4.0269 -6.1850 1.7248 57.2563 1.9970 0.0117
Car 0.0000 0 1.5504 328.5840 173.8187 350.5484 193.5328 1.5792 1.6350 3.8652 -22.5728 1.6628 60.1008 1.1923 0.0117
Car 0.0000 0 1.5360 96.8989 158.3998 137.3064 191.9922 1.7137 1.6673 4.0073 -26.6533 0.9767 38.9153 0.9385 0.0116
Car 0.0000 0 1.5840 531.2343 176.5848 551.4198 194.5667 1.4434 1.6386 3.9610 -5.7834 1.7687 60.8004 1.4892 0.0116
Car 0.0000 0 1.5469 531.2290 176.5284 551.9433 194.6709 1.4473 1.6282 3.9827 -5.7837 1.7661 60.4699 1.4516 0.0115
Car 0.0000 0 1.2581 322.2008 174.6404 355.9674 193.4861 1.4994 1.5692 3.6491 -22.4561 1.6523 59.6844 0.8995 0.0115
Car 0.0000 0 1.8465 513.8855 176.5995 547.6569 196.1624 1.4502 1.6013 3.9793 -6.1741 1.7542 56.3832 1.7376 0.0114
Car 0.0000 0 1.5181 529.8669 176.3568 552.0825 194.7804 1.4606 1.6284 4.0011 -5.8013 1.7630 60.0991 1.4220 0.0114
Car 0.0000 0 1.2061 924.6102 176.2652 1003.5481 212.8309 1.4801 1.6361 4.4092 15.4870 1.6420 31.8913 1.6541 0.0114
Car 0.0000 0 1.5551 578.4610 176.2548 610.0407 205.1546 1.5528 1.7208 4.3168 -0.9788 1.7590 41.4732 1.5312 0.0114
Car 0.0000 0 1.9922 513.4338 175.7362 552.7496 194.9323 1.4682 1.6187 4.0777 -6.1642 1.7091 58.0311 1.8865 0.0114
Car 0.0000 0 0.3825 320.8416 176.8561 380.1519 193.6398 1.3813 1.5756 4.4255 -21.8137 1.7230 60.6661 0.0385 0.0113
Car 0.0000 0 1.5924 947.4897 176.7163 992.6370 214.1086 1.4727 1.6385 4.2995 15.5444 1.6522 31.1724 2.0508 0.0113
Car 0.0000 0 2.0725 419.4329 174.6138 461.7643 192.0889 1.4428 1.6538 4.3905 -14.6114 1.6010 62.3760 1.8431 0.0113
Car 0.0000 0 1.7051 529.9980 176.8676 556.5471 195.7984 1.4555 1.6149 4.0373 -5.3881 1.7921 58.3932 1.6132 0.0112
Car 0.0000 0 1.3351 933.4000 176.9603 1001.7863 213.8364 1.4663 1.6569 4.4310 15.4865 1.6596 31.5512 1.7872 0.0112
Car 0.0000 0 2.0065 291.6109 174.6460 343.1064 196.5021 1.4112 1.6447 4.1408 -19.8489 1.5386 49.0411 1.6236 0.0112
Car 0.0000 0 1.7396 571.7947 175.9029 605.9401 199.3687 1.4771 1.6245 4.0131 -1.3939 1.6894 48.0618 1.7104 0.0112
Car 0.0000 0 2.1549 415.9181 174.1920 461.3583 191.8004 1.4405 1.6644 4.3358 -14.6208 1.5595 61.6980 1.9229 0.0112
Car 0.0000 0 1.6090 576.2036 175.7412 602.9786 199.2696 1.4687 1.6144 4.0394 -1.3389 1.6675 47.5618 1.5805 0.0111
Car 0.0000 0 1.9671 609.7256 174.3021 658.9263 201.5483 1.5665 1.6342 3.8323 1.4910 1.6589 43.7857 2.0005 0.0111
Car 0.0000 0 -1.0302 136.3015 0.0000 1217.3169 375.0000 1.6315 1.5664 3.7274 -0.6243 1.5872 0.5633 -1.6735 0.0111
Car 0.0000 0 -1.9395 881.4371 176.1742 958.7196 216.3721 1.4322 1.5141 3.6093 11.8215 1.5691 27.8325 -1.5421 0.0110
Car 0.0000 0 1.8084 518.8271 176.5062 549.8171 194.9562 1.4422 1.6175 4.1026 -6.2110 1.7539 59.3848 1.7043 0.0110
Car 0.0000 0 1.9159 610.6457 174.1869 657.1128 201.4289 1.5643 1.6152 3.8329 1.4613 1.6492 43.7116 1.9486 0.0110
Car 0.0000 0 0.9240 1192.9838 179.3484 1242.0000 251.9723 1.4736 1.6164 4.2860 16.2669 1.6491 17.2470 1.6712 0.0109
Car 0.0000 0 1.7346 578.1672 175.7476 612.2560 199.0656 1.4749 1.6416 4.0741 -0.9755 1.6775 48.2992 1.7141 0.0109
Car 0.0000 0 1.6899 530.9966 176.8805 556.5640 195.5558 1.4465 1.6112 4.0088 -5.3840 1.7862 58.7833 1.5986 0.0109
Car 0.0000 0 1.0211 911.6901 175.4296 1007.7768 212.6207 1.4951 1.6529 4.5103 15.1616 1.6168 31.6568 1.4637 0.0109
Car 0.0000 0 2.0954 78.0819 164.9787 152.6918 197.8902 1.6610 1.7148 3.5343 -26.1560 1.2639 38.2379 1.4985 0.0109
Car 0.0000 0 1.7724 571.4484 176.7582 620.3343 209.3258 1.5427 1.6916 4.2257 -0.6945 1.7550 36.9411 1.7532 0.0109
Car 0.0000 0 2.1165 422.1499 174.8207 464.8025 192.5131 1.4851 1.6512 4.3134 -14.5973 1.6645 63.3839 1.8908 0.0109
Car 0.0000 0 2.1223 417.7863 174.3185 461.6547 191.6426 1.4257 1.6515 4.3239 -14.6185 1.5567 62.0790 1.8918 0.0109
Car 0.0000 0 1.5542 535.1494 176.4061 555.8554 194.7036 1.4374 1.6311 4.0378 -5.3778 1.7415 59.5878 1.4643 0.0108
Car 0.0000 0 1.4791 943.5394 176.3425 996.9483 213.5501 1.4744 1.6507 4.3679 15.5327 1.6377 31.3626 1.9348 0.0108
Car 0.0000 0 1.6366 532.9030 176.7948 555.8571 195.1287 1.4305 1.6162 4.0287 -5.3758 1.7653 59.2029 1.5461 0.0108
Car 0.0000 0 2.0626 420.4166 174.3879 462.2306 191.9209 1.4546 1.6523 4.3944 -14.6025 1.5931 62.6054 1.8341 0.0107
Car 0.0000 0 1.5949 576.5736 175.5881 602.2802 199.2399 1.4876 1.6114 4.0066 -1.3593 1.6769 47.8495 1.5662 0.0106
Car 0.0000 0 1.3698 561.5632 177.0399 612.0297 209.6933 1.5376 1.7194 4.4162 -1.2928 1.7658 36.9241 1.3345 0.0106
Car 0.0000 0 1.6075 534.6265 176.4848 556.0256 194.7785 1.4493 1.6290 4.0055 -5.3724 1.7619 60.0138 1.5182 0.0106
Car 0.0000 0 1.5582 571.1874 176.4884 596.6331 199.6066 1.4562 1.6261 4.0090 -1.7996 1.7093 48.1327 1.5206 0.0106
Car 0.0000 0 1.5156 570.4093 176.1571 598.2956 199.6816 1.4753 1.6202 4.0888 -1.7730 1.7049 47.9516 1.4785 0.0106
Car 0.0000 0 1.5261 326.3634 173.4725 348.6514 193.2402 1.5868 1.5773 3.5398 -22.6948 1.6402 59.9760 1.1656 0.0105
Car 0.0000 0 1.1767 921.2269 176.0565 1004.4494 213.4046 1.4911 1.6493 4.4394 15.2105 1.6411 31.4516 1.6231 0.0105
Car 0.0000 0 0.4912 0.0000 0.0000 1242.0000 375.0000 1.4839 1.6482 4.1330 38.4100 1.9987 1.5691 2.0133 0.0104
Car 0.0000 0 -0.3772 157.0310 175.1861 231.6018 204.3219 1.6029 1.5338 3.4202 -24.0718 1.7442 41.7981 -0.8972 0.0104
Car 0.0000 0 1.8071 518.4649 176.3224 549.7524 194.9213 1.4449 1.6287 4.1076 -6.1872 1.7391 58.9930 1.7027 0.0104
Car 0.0000 0 1.6699 945.4815 174.9657 998.2482 211.8248 1.4529 1.6281 4.2369 15.5180 1.5503 30.9216 2.1308 0.0103
Pedestrian 0.0000 0 -2.7916 502.7353 174.6777 515.0184 195.8918 1.7776 0.5833 0.8803 -8.5563 1.9328 60.8983 -2.9309 0.0103
Car 0.0000 0 1.4015 37.3889 191.8560 1242.0000 375.0000 1.6046 1.6950 4.4503 0.2798 1.7361 2.6927 1.4894 0.0102
Car 0.0000 0 1.6681 534.0952 176.1572 558.1384 194.3167 1.4654 1.6369 4.1012 -5.3921 1.7546 61.0281 1.5800 0.0101
Car 0.0000 0 1.6448 580.3146 176.0687 609.6493 199.4650 1.4452 1.6267 4.0434 -0.9733 1.6650 47.1961 1.6239 0.0101
Car 0.0000 0 1.4469 938.2095 176.0052 995.1154 213.9100 1.4908 1.6377 4.3672 15.2386 1.6372 31.0940 1.8984 0.0100
Car 0.0000 0 1.6192 581.8647 176.4096 615.8350 205.2397 1.5536 1.7513 4.4771 -0.6269 1.7706 41.7039 1.6038 0.0100
Car 0.0000 0 -1.6962 571.0216 177.4210 615.7335 209.7807 1.5169 1.7471 4.1746 -0.9413 1.7630 36.6338 -1.7222 0.0099
Car 0.0000 0 1.7252 619.1481 174.2909 656.1396 201.1804 1.5402 1.6595 3.8920 1.6828 1.6315 43.6153 1.7630 0.0098
Car 0.0000 0 2.0945 292.9871 173.8449 348.6402 196.0771 1.4550 1.6468 4.2459 -19.8483 1.5266 49.6371 1.7157 0.0098
Car 0.0000 0 1.6839 627.9525 174.2694 657.7188 199.9367 1.5622 1.4909 3.7473 2.1020 1.6569 46.0976 1.7287 0.0098
Car 0.0000 0 -1.7029 569.9166 176.7244 615.5462 209.2538 1.5416 1.7701 4.3308 -0.9863 1.7528 37.0126 -1.7299 0.0098
Car 0.0000 0 -2.0233 873.5336 172.8466 960.0461 214.5387 1.5073 1.5972 3.7210 11.7498 1.5074 27.9874 -1.6300 0.0098
Car 0.0000 0 1.4651 569.8695 176.4760 607.3297 205.1213 1.5333 1.6929 4.3133 -1.3162 1.7530 41.4416 1.4331 0.0098
Car 0.0000 0 2.0431 292.7810 174.2794 346.0085 196.2530 1.4299 1.6485 4.1926 -19.8507 1.5321 49.3946 1.6626 0.0098
Car 0.0000 0 1.6650 533.6789 176.4142 557.5167 194.3555 1.4331 1.6219 3.9909 -5.3837 1.7415 60.4257 1.5762 0.0097
Car 0.0000 0 1.5505 577.5727 175.9183 603.5679 199.3805 1.4512 1.6100 4.0144 -1.3376 1.6607 47.2050 1.5219 0.0097
Car 0.0000 0 2.1410 294.3509 173.7060 351.4113 195.8382 1.4588 1.6322 4.2492 -19.8388 1.5208 49.9705 1.7647 0.0095
Car 0.0000 0 2.2809 413.1350 176.3698 468.4123 197.1208 1.4665 1.6295 4.2860 -12.6430 1.7413 54.0378 2.0518 0.0095
Car 0.0000 0 1.7598 531.5465 176.3769 559.7863 194.4865 1.4496 1.6305 4.0748 -5.3957 1.7566 60.6842 1.6712 0.0094
Car 0.0000 0 -1.8365 561.0624 177.4591 615.7001 209.4144 1.5010 1.7296 4.2024 -1.2066 1.7507 36.8039 -1.8696 0.0094
Car 0.0000 0 2.2099 296.0846 173.2707 355.9084 195.5074 1.4800 1.6500 4.2917 -19.7887 1.5108 50.3936 1.8373 0.0093
Car 0.0000 0 2.2818 412.0432 176.0544 467.1443 196.9264 1.4683 1.6154 4.2389 -12.6526 1.7169 53.7003 2.0512 0.0093
Car 0.0000 0 1.6726 628.1848 174.9540 658.1927 200.3304 1.5515 1.5391 4.0128 2.1492 1.6935 46.5574 1.7180 0.0093
Car 0.0000 0 1.3963 560.1598 177.1113 601.7574 204.9970 1.5023 1.6775 4.3028 -1.7741 1.7631 41.8477 1.3537 0.0092
Car 0.0000 0 -1.9924 874.7480 174.9557 957.0109 215.1629 1.4545 1.5271 3.7653 11.8081 1.5425 28.2020 -1.6001 0.0092
Car 0.0000 0 2.2221 298.1939 172.6380 358.2267 195.2016 1.5137 1.6579 4.3009 -19.7536 1.4996 50.6991 1.8521 0.0091
Car 0.0000 0 1.7447 276.0770 176.6668 318.2491 202.5654 1.4731 1.6349 4.2818 -19.0353 1.7178 43.9778 1.3381 0.0091
Car 0.0000 0 1.5449 571.3994 176.0645 597.6904 199.8622 1.4800 1.6163 4.1212 -1.7449 1.7014 47.5475 1.5080 0.0091
Car 0.0000 0 1.8380 613.4320 173.6617 655.7245 201.1681 1.5811 1.6250 3.7556 1.4985 1.6326 43.6259 1.8717 0.0091
Car 0.0000 0 1.6626 626.0252 174.6182 656.5150 199.7111 1.5362 1.6071 4.0400 2.0273 1.6556 46.5762 1.7054 0.0090
Pedestrian 0.0000 0 1.1636 147.7952 168.2949 168.7312 203.6180 1.8760 0.8261 0.4955 -24.3256 1.6342 38.7982 0.6065 0.0090
Car 0.0000 0 1.4889 570.0576 175.8959 599.7954 199.8270 1.4753 1.6064 4.0406 -1.7078 1.6832 47.1136 1.4524 0.0090
Car 0.0000 0 1.6424 624.0191 173.6396 653.8754 200.6667 1.5541 1.5494 3.5792 1.7454 1.6038 43.4591 1.6818 0.0089
Car 0.0000 0 1.3455 628.5886 172.7430 668.4974 200.1851 1.5757 1.6034 3.6829 2.2378 1.5697 43.3813 1.3962 0.0089
Car 0.0000 0 1.6516 629.1564 175.3532 658.3276 200.2935 1.5259 1.5773 3.8816 2.1835 1.6946 46.5722 1.6977 0.0089
Car 0.0000 0 1.9918 247.2785 167.6468 300.9786 197.8766 1.9532 1.7309 4.1623 -22.6272 1.6171 48.7089 1.5588 0.0088
Car 0.0000 0 2.1187 602.0605 174.5974 658.8896 201.2487 1.5333 1.6606 3.9148 1.2589 1.6447 43.8755 2.1468 0.0087
Car 0.0000 0 2.2363 414.9919 176.2616 469.0092 196.8504 1.4633 1.6560 4.3057 -12.6200 1.7312 54.3411 2.0089 0.0087
Car 0.0000 0 1.6773 628.2123 175.0743 658.9014 200.2368 1.5388 1.5725 3.9411 2.1727 1.6888 46.5544 1.7232 0.0087
Pedestrian 0.0000 0 -2.8080 504.9003 173.9542 514.9022 195.6933 1.8295 0.6958 0.6481 -8.5063 1.9237 61.1645 -2.9460 0.0086
Car 0.0000 0 2.1516 601.5245 173.9099 659.2341 200.9335 1.5632 1.6737 3.8594 1.2528 1.6309 43.9582 2.1794 0.0086
Car 0.0000 0 0.2173 0.0000 0.0000 1242.0000 375.0000 1.5454 1.7395 4.4859 37.9606 2.1025 1.8242 1.7321 0.0086
Car 0.0000 0 1.9581 264.9886 169.1701 307.7311 193.0000 1.7012 1.5389 3.8684 -23.9525 1.4386 53.4666 1.5385 0.0086
Car 0.0000 0 1.6490 623.4390 173.7981 655.2568 201.0936 1.5651 1.6264 3.8441 1.7767 1.6251 43.5137 1.6891 0.0085
Car 0.0000 0 1.5717 576.8245 176.0951 603.0092 199.7609 1.4500 1.6252 4.1108 -1.3363 1.6701 46.8514 1.5429 0.0084
Car 0.0000 0 1.7376 581.2333 175.4806 617.5069 199.8763 1.4938 1.6986 4.0944 -0.6731 1.6724 46.7943 1.7228 0.0083
Car 0.0000 0 3.4417 0.0000 0.0000 1242.0000 375.0000 1.4805 1.6698 3.2788 -23.8837 1.5655 0.3083 1.8956 0.0083
Car 0.0000 0 -2.0495 870.0032 172.2173 958.2338 213.6233 1.5130 1.5799 3.8343 11.7916 1.4900 28.3413 -1.6593 0.0083
Car 0.0000 0 3.4859 0.0000 0.0000 1242.0000 375.0000 1.4388 1.5437 3.4184 -23.9819 1.5593 0.2425 1.9370 0.0083
Car 0.0000 0 3.4866 0.0000 0.0000 1242.0000 375.0000 1.5684 1.6161 3.7067 -24.0258 1.7549 0.0752 1.9308 0.0083
Car 0.0000 0 1.3355 628.7658 173.4659 669.0109 200.6230 1.5576 1.5951 3.6761 2.2607 1.5964 43.4210 1.3867 0.0083
Car 0.0000 0 1.3213 0.0000 0.0000 1176.3815 375.0000 1.7572 1.7489 4.2513 0.3170 1.8212 1.8861 1.4580 0.0082
Car 0.0000 0 1.6446 623.2405 173.1283 654.0216 200.5855 1.5808 1.5908 3.6974 1.7304 1.5984 43.5040 1.6836 0.0082
Car 0.0000 0 -1.8221 566.2333 175.6989 614.6070 204.6249 1.5421 1.7099 4.4164 -1.2182 1.7145 41.2860 -1.8519 0.0082
Car 0.0000 0 1.7200 578.3129 175.8907 612.2166 199.6663 1.4572 1.6217 4.0400 -0.9437 1.6637 46.8651 1.6996 0.0081
Car 0.0000 0 2.9700 68.9675 157.5233 160.7754 186.5833 1.6176 1.6977 4.2070 -28.9635 0.7646 42.2345 2.3717 0.0081
Car 0.0000 0 1.5675 98.8718 162.4338 135.8514 194.0136 1.6106 1.5769 3.6940 -26.4973 1.0795 38.7663 0.9710 0.0081
Car 0.0000 0 1.6523 97.9413 161.3097 141.6588 193.4957 1.6450 1.6262 3.9649 -26.4697 1.0553 39.0004 1.0590 0.0081
Car 0.0000 0 2.1363 416.8268 176.0337 467.7372 196.5257 1.4640 1.6632 4.3811 -12.6587 1.7153 54.6137 1.9093 0.0079
Car 0.0000 0 1.5711 586.4191 175.6749 613.9600 200.0766 1.4832 1.6932 4.2643 -0.6665 1.6737 46.4931 1.5564 0.0079
Car 0.0000 0 1.9434 276.3195 176.4816 329.5620 202.1150 1.4694 1.5920 4.1212 -18.6940 1.7016 44.0280 1.5438 0.0078
Car 0.0000 0 1.3633 628.6286 173.2882 667.0044 200.7630 1.5730 1.5666 3.6736 2.1915 1.6006 43.3062 1.4131 0.0078
Car 0.0000 0 2.0212 265.6557 167.5296 309.6299 192.0573 1.7749 1.6166 3.5539 -24.1054 1.3900 54.0120 1.6031 0.0078
Car 0.0000 0 1.8060 568.4936 176.7184 623.1281 209.2971 1.5397 1.7503 4.7864 -0.6877 1.7529 37.2213 1.7871 0.0078
Car 0.0000 0 1.6792 626.9186 174.2324 657.5729 199.9362 1.5699 1.5491 4.0058 2.0812 1.6629 46.3876 1.7233 0.0078
Car 0.0000 0 1.9608 249.4987 169.6309 299.9410 197.3369 1.7937 1.6610 4.0795 -22.6276 1.5854 48.7840 1.5284 0.0077
Car 0.0000 0 -2.0649 875.0822 172.9090 967.6974 216.4340 1.5541 1.6471 3.7795 11.8075 1.5567 27.7246 -1.6666 0.0077
Car 0.0000 0 2.1082 355.5005 173.9613 400.8115 192.7437 1.5004 1.6505 4.2530 -19.2960 1.5966 60.1619 1.7988 0.0076
Pedestrian 0.0000 0 -1.0828 837.7948 173.6888 855.8880 205.4600 1.6870 0.6706 0.7121 12.7083 1.7328 38.8230 -0.7691 0.0076
Car 0.0000 0 2.0456 603.1937 174.2746 657.7863 201.3711 1.5532 1.6706 3.9909 1.2598 1.6440 43.7343 2.0737 0.0076
Cyclist 0.0000 0 -3.2808 0.0000 0.0000 1242.0000 375.0000 1.5808 0.4233 1.7139 16.7551 1.7382 0.5493 -1.7604 0.0075
Car 0.0000 0 -1.7908 571.3356 175.7963 619.2014 205.3880 1.5729 1.7772 4.5233 -0.9424 1.7513 41.2386 -1.8140 0.0075
Car 0.0000 0 2.1045 631.8607 172.6900 676.7129 193.5840 1.5563 1.6344 4.0552 3.4422 1.5445 55.8799 2.1653 0.0075
Car 0.0000 0 0.3546 0.0000 0.0000 1242.0000 375.0000 1.4606 1.6361 4.1529 37.9627 2.0810 1.2229 1.8851 0.0074
Car 0.0000 0 1.6741 626.4927 174.5125 657.7065 199.9179 1.5510 1.6014 4.0666 2.0763 1.6631 46.4546 1.7180 0.0074
Car 0.0000 0 2.1079 260.0566 168.9166 308.0222 193.1076 1.7367 1.6112 3.6474 -24.2312 1.4544 53.7014 1.6857 0.0074
Car 0.0000 0 1.7374 275.6725 176.2016 316.4972 202.3928 1.4917 1.6094 4.1032 -19.0433 1.7056 43.8345 1.3295 0.0074
Car 0.0000 0 1.5033 627.1638 177.7371 646.9153 193.5753 1.4540 1.6230 4.1110 2.5632 1.9395 69.5995 1.5395 0.0073
Car 0.0000 0 1.4953 626.5061 176.8869 646.8471 193.2754 1.5095 1.6406 4.2321 2.5288 1.9112 69.6578 1.5311 0.0073
Pedestrian 0.0000 0 -1.2285 838.2060 174.0140 855.5011 205.8729 1.6901 0.6895 0.7023 12.7015 1.7536 38.7980 -0.9148 0.0073
Car 0.0000 0 3.6387 0.0000 0.0000 1242.0000 375.0000 1.4747 1.5574 3.6294 -24.1358 1.6948 0.0756 2.0829 0.0073
Car 0.0000 0 1.6588 98.5698 160.3414 142.3866 192.6018 1.6506 1.6110 3.9319 -26.4495 1.0107 39.0242 1.0661 0.0072
Car 0.0000 0 1.6606 580.1296 175.7021 611.0687 199.6815 1.4551 1.6242 4.1970 -0.9148 1.6473 46.4429 1.6405 0.0072
Car 0.0000 0 3.5215 0.0000 0.0000 1242.0000 375.0000 1.5474 1.6367 3.7258 -24.0140 1.7026 0.1458 1.9686 0.0071
Car 0.0000 0 1.7863 627.9803 174.7529 663.1342 199.7654 1.5106 1.4915 3.6310 2.2641 1.6367 45.8172 1.8350 0.0071
Car 0.0000 0 1.7182 276.8312 176.1690 315.6596 202.1726 1.4827 1.5877 3.9848 -19.0280 1.6941 43.8114 1.3104 0.0071
Car 0.0000 0 2.1910 262.3342 168.5536 310.4366 192.8331 1.7513 1.5726 3.4341 -24.1431 1.4414 53.8806 1.7714 0.0070
Car 0.0000 0 -2.7796 0.0000 0.0000 1242.0000 375.0000 1.6148 1.6202 3.8401 1.0556 1.6982 1.3640 -2.2187 0.0070
Car 0.0000 0 1.3842 567.7910 175.6265 604.8103 199.8936 1.4823 1.6489 4.1448 -1.6151 1.6709 46.7784 1.3494 0.0070
Car 0.0000 0 1.9257 513.8220 175.4408 550.9523 194.4252 1.5167 1.6811 4.3891 -6.4934 1.7427 60.6107 1.8191 0.0070
Car 0.0000 0 1.6984 559.2813 176.6801 582.9321 193.8694 1.4402 1.5787 4.0300 -3.4088 1.7879 63.4388 1.6446 0.0070
Car 0.0000 0 1.6037 571.9189 177.0426 608.7692 209.1696 1.5260 1.7490 4.7360 -0.9919 1.7564 37.2613 1.5768 0.0069
Car 0.0000 0 1.3267 628.9434 172.1861 668.4583 200.2681 1.6083 1.5351 3.5758 2.2410 1.5704 43.2220 1.3777 0.0069
Car 0.0000 0 -0.0976 59.7719 0.0000 1242.0000 375.0000 1.5968 1.6947 4.1715 -2.8498 1.6857 1.3226 -1.1559 0.0069
Car 0.0000 0 1.7984 614.5523 173.4180 654.4175 200.8857 1.5768 1.5951 3.7821 1.4889 1.6128 43.5346 1.8319 0.0069
Car 0.0000 0 1.5028 552.8667 176.4520 574.2736 194.0672 1.4725 1.5929 4.1264 -4.1260 1.7994 63.3414 1.4377 0.0068
Car 0.0000 0 2.0871 261.9763 168.1159 308.1918 192.0530 1.7312 1.6030 3.5626 -24.3036 1.3889 54.0292 1.6660 0.0068
Car 0.0000 0 4.2787 0.0000 0.0000 1242.0000 375.0000 1.5794 1.7199 4.4615 -4.1704 1.5495 0.1189 2.8049 0.0068
Car 0.0000 0 1.9235 512.2746 175.4635 549.2523 194.7676 1.5190 1.6420 4.3455 -6.5312 1.7436 59.7038 1.8146 0.0068
Car 0.0000 0 0.4309 0.0000 0.0000 1242.0000 375.0000 1.5454 1.6546 4.0778 -4.3207 1.5464 0.2651 -1.0130 0.0067
Car 0.0000 0 1.9781 511.5167 175.6900 550.7408 194.9858 1.5283 1.6479 4.3912 -6.5508 1.7744 60.1763 1.8697 0.0067
Car 0.0000 0 -2.5445 675.5482 172.5814 735.2713 198.3762 1.6034 1.7026 3.4681 6.1145 1.5868 46.6364 -2.4153 0.0067
Car 0.0000 0 0.1955 0.0000 0.0000 1242.0000 375.0000 1.5597 1.7049 3.8938 -4.3685 1.5737 0.4676 -1.2045 0.0067
Car 0.0000 0 2.0421 265.2588 168.1459 309.8524 192.6999 1.7610 1.4961 3.7234 -23.9453 1.4237 53.6451 1.6240 0.0067
Car 0.0000 0 1.6429 556.2480 176.5623 577.4129 194.0048 1.4632 1.5746 3.9992 -3.7847 1.7997 63.3898 1.5831 0.0066
Car 0.0000 0 1.4090 561.3690 177.1699 601.8403 205.3788 1.5089 1.6537 4.2445 -1.7224 1.7711 41.5255 1.3673 0.0066
Car 0.0000 0 1.5865 576.7171 176.2413 602.7473 199.9461 1.4390 1.6012 4.0704 -1.3055 1.6670 46.4288 1.5581 0.0066
Car 0.0000 0 -2.5379 675.6060 173.3150 734.9758 198.5762 1.5651 1.6811 3.4505 6.0941 1.5963 46.5439 -2.4090 0.0066
Car 0.0000 0 2.1337 632.2824 172.7202 677.6510 193.4321 1.5416 1.6067 4.0215 3.4886 1.5320 55.8033 2.1954 0.0066
Car 0.0000 0 1.4516 562.5494 176.6253 594.6179 200.3221 1.4677 1.6172 4.1881 -2.1458 1.7283 47.5855 1.4063 0.0066
Car 0.0000 0 2.0521 530.3651 175.2005 570.2448 193.9211 1.5083 1.6213 4.1461 -5.0184 1.7140 60.9147 1.9699 0.0065
Car 0.0000 0 1.7714 94.6397 159.2893 149.0915 193.1232 1.7310 1.6464 4.1182 -26.4261 1.0374 39.1297 1.1805 0.0065
Car 0.0000 0 1.6012 275.0031 176.2949 306.9954 202.0854 1.4637 1.6435 4.1156 -19.3291 1.6833 43.7534 1.1872 0.0065
Car 0.0000 0 1.9713 561.7707 176.0004 596.3522 194.0857 1.5127 1.6000 3.9937 -2.6951 1.7982 63.2464 1.9285 0.0065
Car 0.0000 0 -1.8958 212.7125 159.8764 252.4458 186.9678 2.1953 1.6908 4.2432 -31.7182 1.1441 60.5460 -2.3767 0.0065
Car 0.0000 0 2.0289 561.6165 176.3148 596.6545 194.0509 1.4813 1.5419 3.8000 -2.6863 1.7942 63.1090 1.9862 0.0065
Car 0.0000 0 1.3769 560.9921 175.6003 597.5666 199.9044 1.4986 1.6132 4.1406 -2.0864 1.6869 47.1867 1.3325 0.0065
Car 0.0000 0 2.0415 629.6194 172.7591 670.1648 193.2612 1.5323 1.5557 3.8760 3.1062 1.5256 55.9905 2.0963 0.0064
Car 0.0000 0 0.6003 0.0000 0.0000 1242.0000 375.0000 1.5932 1.6785 4.3466 -5.0258 1.6605 -0.0571 -0.9245 0.0064
Car 0.0000 0 -0.8415 242.2923 175.5353 315.1906 203.0581 1.4936 1.6659 3.8707 -19.0794 1.6565 41.6565 -1.2688 0.0064
Car 0.0000 0 1.7208 544.8365 175.1123 571.8691 193.5621 1.4988 1.7086 4.0066 -4.3659 1.6971 61.1824 1.6495 0.0063
Car 0.0000 0 0.3451 315.6374 177.7017 379.1369 194.5431 1.3882 1.6445 4.7512 -22.1077 1.8025 60.7766 -0.0026 0.0063
Car 0.0000 0 1.8242 560.9030 176.2972 589.2889 194.1986 1.4970 1.5588 3.8954 -3.0441 1.8088 63.1970 1.7759 0.0063
Car 0.0000 0 2.6558 644.3965 175.2606 723.1786 201.9408 1.6034 1.7185 4.6627 4.6085 1.7605 45.3330 2.7560 0.0063
Car 0.0000 0 1.6362 277.4014 175.8470 310.0988 201.7330 1.4760 1.5673 3.6697 -19.0959 1.6655 43.5925 1.2253 0.0063
Car 0.0000 0 2.1256 629.8351 172.5934 674.4385 192.9365 1.5127 1.6923 3.7988 3.2595 1.4936 55.6894 2.1834 0.0063
Car 0.0000 0 3.5221 123.6639 169.0620 222.9607 198.5804 1.6619 1.7442 4.6110 -25.2787 1.4487 41.8482 2.9813 0.0062
Car 0.0000 0 -2.2534 674.6169 172.9879 730.3643 199.6325 1.6520 1.6946 3.5824 5.9166 1.6614 46.7207 -2.1286 0.0062
Pedestrian 0.0000 0 -1.7383 277.3899 165.7293 289.6139 193.3753 1.9419 0.6740 0.7563 -23.1902 1.4418 51.1805 -2.1619 0.0061
Car 0.0000 0 2.0720 564.9193 176.3092 603.6417 194.6722 1.5217 1.5715 4.1485 -2.2208 1.8335 62.8280 2.0364 0.0061
Car 0.0000 0 1.6469 628.8666 173.9408 656.9477 199.7160 1.5761 1.5160 3.8512 2.1151 1.6492 46.2889 1.6918 0.0061
Car 0.0000 0 2.1170 260.7674 167.3596 310.2570 192.0019 1.7790 1.6299 3.8264 -24.2910 1.3827 54.0885 1.6966 0.0061
Car 0.0000 0 -1.5957 0.0000 0.0000 1242.0000 375.0000 1.4414 1.5324 4.0809 5.6531 1.5366 0.5654 -0.1755 0.0061
Pedestrian 0.0000 0 -1.8880 276.6865 166.1676 290.2734 194.1849 1.9677 0.6864 0.7257 -23.1875 1.4985 51.1725 -2.3117 0.0060
Car 0.0000 0 -2.5114 672.9235 173.6859 732.8162 199.1798 1.5806 1.7176 3.5011 5.9530 1.6369 46.6769 -2.3857 0.0060
Car 0.0000 0 -0.4912 0.0000 0.0000 1242.0000 375.0000 1.6179 1.6085 4.1559 -2.4242 1.6587 1.1778 -1.5205 0.0060
Car 0.0000 0 1.6111 630.1404 177.4799 648.5336 193.3333 1.4584 1.6151 4.1443 2.8442 1.9196 69.7466 1.6513 0.0060
Car 0.0000 0 1.6415 623.1238 172.7487 654.6608 200.5259 1.5980 1.6368 3.8468 1.7489 1.5923 43.5094 1.6810 0.0060
Car 0.0000 0 2.0407 510.0484 175.5677 551.4809 194.6699 1.5071 1.6243 4.3552 -6.5523 1.7416 59.9100 1.9319 0.0059
Car 0.0000 0 1.7376 623.5311 173.6940 657.3241 199.2584 1.5837 1.5885 3.7934 1.9841 1.6410 46.8491 1.7792 0.0059
Car 0.0000 0 1.9621 275.2496 175.9738 327.7022 201.7115 1.4774 1.5507 3.9125 -18.7155 1.6759 43.8562 1.5607 0.0059
Car 0.0000 0 -2.5719 677.6737 172.6720 737.1339 198.3606 1.5925 1.6568 3.4440 6.2226 1.5816 46.4716 -2.4401 0.0059
Car 0.0000 0 -2.1221 675.8470 172.5499 727.1349 199.2188 1.6534 1.6684 3.5591 5.8449 1.6349 46.6966 -1.9988 0.0059
Car 0.0000 0 2.1758 417.4691 175.7375 470.0570 196.5479 1.4948 1.7062 4.3759 -12.5953 1.7236 54.8228 1.9508 0.0058
Car 0.0000 0 1.6661 647.7233 179.5408 668.8918 195.1110 1.4114 1.6658 3.9205 4.6453 2.0727 69.2482 1.7324 0.0058
Car 0.0000 0 2.0986 630.7112 172.2601 676.4210 193.4329 1.5797 1.6518 4.2088 3.3993 1.5358 56.0418 2.1585 0.0058
Car 0.0000 0 1.7268 274.0104 169.7854 308.3537 194.7125 1.6053 1.5137 3.9505 -21.4409 1.4080 48.5664 1.3129 0.0058
Car 0.0000 0 -2.4958 244.5702 176.1654 313.9300 202.4166 1.4998 1.6054 3.4618 -19.5752 1.7013 42.6702 -2.9238 0.0058
Car 0.0000 0 2.5018 236.5520 174.7557 314.4338 202.8073 1.5226 1.6916 3.8080 -19.2154 1.6378 41.5182 2.0706 0.0058
Car 0.0000 0 1.9370 272.2972 175.1062 322.8329 201.0380 1.4843 1.5917 3.6377 -18.7918 1.6261 43.4678 1.5309 0.0058
Car 0.0000 0 -0.2014 687.4482 172.2612 754.8912 198.5718 1.6540 1.7036 4.0154 7.0689 1.6170 46.3087 -0.0513 0.0057
Car 0.0000 0 2.0543 290.9932 173.3324 347.7846 196.6225 1.5308 1.7329 4.5173 -20.0248 1.5657 49.8532 1.6740 0.0057
Car 0.0000 0 0.5853 0.0000 0.0000 1242.0000 375.0000 1.5830 1.6939 4.3680 -4.7262 1.6341 -0.0150 -0.9278 0.0057
Car 0.0000 0 0.3705 0.0000 0.0000 1242.0000 375.0000 1.5755 1.7335 4.3151 -4.7305 1.5918 0.1260 -1.1132 0.0057
Car 0.0000 0 1.5948 275.1568 176.1639 306.4493 201.8803 1.4609 1.6314 3.9818 -19.3165 1.6716 43.6923 1.1806 0.0057
Car 0.0000 0 2.1684 291.7856 172.7455 352.7632 196.0092 1.5426 1.7115 4.4833 -19.9706 1.5358 50.2168 1.7915 0.0056
Car 0.0000 0 1.9547 289.2634 173.4960 339.9366 196.4327 1.4857 1.6759 4.3439 -20.0278 1.5316 49.0300 1.5686 0.0056
Car 0.0000 0 2.0264 290.5903 173.4222 345.5732 196.5380 1.5138 1.6928 4.5073 -20.0440 1.5551 49.6730 1.6445 0.0056
Car 0.0000 0 1.9335 640.9875 174.7268 687.8603 199.9749 1.5147 1.6210 4.1037 3.4731 1.6397 45.8125 2.0082 0.0056
Car 0.0000 0 1.7017 629.4220 174.4542 659.8944 199.8895 1.5428 1.4616 3.8037 2.2155 1.6496 46.0151 1.7491 0.0056
Car 0.0000 0 -2.5475 244.5730 176.2973 312.7643 202.2295 1.4835 1.6041 3.3364 -19.5836 1.6924 42.6238 -2.9761 0.0055
Pedestrian 0.0000 0 -1.3398 835.4843 170.8967 852.4143 204.3907 1.7939 0.7380 0.6848 12.6524 1.6895 39.1263 -1.0297 0.0055
Car 0.0000 0 2.2132 527.7816 175.9734 573.4608 194.8320 1.5087 1.6540 4.1798 -4.9729 1.7808 60.6603 2.1314 0.0055
Car 0.0000 0 3.3217 0.0000 0.0000 1242.0000 375.0000 1.5291 1.5987 3.1898 -23.8270 1.7122 0.3061 1.7757 0.0055
Car 0.0000 0 0.2353 627.8872 173.0359 690.2645 194.3378 1.5728 1.6799 4.4553 3.7043 1.5873 54.7597 0.3021 0.0055
Car 0.0000 0 1.9248 276.8852 175.6961 326.3592 201.4098 1.4785 1.5353 3.8050 -18.7085 1.6592 43.8491 1.5235 0.0055
Car 0.0000 0 1.6959 277.0547 176.0045 313.9679 202.1739 1.4959 1.5748 3.9072 -19.0898 1.6969 43.8425 1.2872 0.0055
Car 0.0000 0 1.6504 629.2207 174.5105 658.6887 199.6914 1.5523 1.6071 3.9188 2.2084 1.6648 46.7914 1.6968 0.0055
Pedestrian 0.0000 0 -1.5589 836.8362 171.6452 850.9579 204.7174 1.7725 0.7220 0.6476 12.6379 1.7081 39.0895 -1.2488 0.0055
Car 0.0000 0 3.4838 124.5104 167.7037 215.7019 196.9376 1.6467 1.6970 4.1954 -25.4967 1.3569 41.8919 2.9398 0.0054
Car 0.0000 0 1.1400 708.1947 173.7176 763.1366 200.5556 1.5477 1.6877 4.1987 7.5617 1.6035 43.9991 1.3086 0.0054
Car 0.0000 0 1.7864 614.9595 174.4753 653.6207 200.9158 1.5116 1.5793 3.6880 1.4729 1.6141 43.4718 1.8195 0.0054
Car 0.0000 0 1.7773 101.5438 158.1385 159.1460 194.7531 1.8789 1.7287 4.4631 -26.1444 1.1241 39.4157 1.1946 0.0053
Car 0.0000 0 1.1330 707.4692 173.4886 763.1339 200.1777 1.5388 1.7062 4.2047 7.5319 1.5798 43.9590 1.3012 0.0053
Car 0.0000 0 1.9288 276.3233 175.7177 326.3270 201.6635 1.4910 1.5491 3.8134 -18.7167 1.6730 43.8279 1.5271 0.0053
Car 0.0000 0 -2.4827 676.4818 172.4910 739.9359 198.9422 1.6371 1.6986 3.8173 6.2794 1.6150 46.6084 -2.3500 0.0053
Car 0.0000 0 0.8941 707.4177 173.7763 772.0371 199.8262 1.5131 1.7213 4.0728 7.8642 1.5728 44.2616 1.0684 0.0053
Car 0.0000 0 1.9266 559.9839 176.6007 590.7786 194.3523 1.4834 1.4924 3.7157 -3.0174 1.8219 63.1310 1.8787 0.0052
Car 0.0000 0 2.1511 277.6660 175.0898 336.8478 201.2315 1.5049 1.4998 3.7555 -18.3661 1.6473 43.8580 1.7564 0.0052
Car 0.0000 0 1.5827 275.2098 176.3533 305.5009 202.0604 1.4603 1.6079 3.9036 -19.3448 1.6827 43.6689 1.1677 0.0052
Car 0.0000 0 0.0622 0.0000 0.0000 1242.0000 375.0000 1.5736 1.8090 4.6986 37.7124 2.1694 2.2955 1.5641 0.0052
Car 0.0000 0 1.9792 291.1174 173.2799 343.2361 196.3084 1.5048 1.6884 4.4191 -20.0234 1.5356 49.4579 1.5962 0.0052
Car 0.0000 0 1.8677 674.7169 174.4233 718.5263 200.5670 1.5197 1.5926 3.9444 5.3334 1.6211 44.3215 1.9863 0.0052
Car 0.0000 0 1.7736 96.7023 159.4123 151.4522 193.8053 1.7625 1.6962 3.9179 -26.2940 1.0740 39.1076 1.1847 0.0052
Pedestrian 0.0000 0 0.4916 503.9137 174.5816 514.7141 196.0411 1.8046 0.6974 0.6558 -8.5591 1.9525 61.1837 0.3529 0.0052
Car 0.0000 0 0.9673 707.1202 173.5252 770.5950 200.1824 1.5414 1.7190 4.2171 7.7762 1.5849 44.1076 1.1402 0.0051
Car 0.0000 0 1.6201 632.4516 178.3910 653.3748 194.7034 1.4908 1.8082 4.4961 3.1999 2.0450 69.8404 1.6653 0.0051
Car 0.0000 0 1.7875 94.8030 160.8729 149.8214 193.6642 1.6773 1.6668 3.8372 -26.3149 1.0648 38.9950 1.1969 0.0051
Car 0.0000 0 2.1332 528.6652 176.4619 572.6176 195.0269 1.4747 1.6552 4.2605 -4.9518 1.7888 60.4684 2.0515 0.0051
Car 0.0000 0 1.7713 95.3582 161.6917 147.9170 194.1237 1.6553 1.6225 3.7366 -26.2666 1.0860 38.8614 1.1800 0.0051
Car 0.0000 0 1.7002 559.5829 176.8149 582.4163 194.5366 1.4850 1.5308 3.7432 -3.4112 1.8431 63.2443 1.6461 0.0051
Car 0.0000 0 0.1296 0.0000 0.0000 1242.0000 375.0000 1.5567 1.7894 4.6281 28.8159 1.9152 1.2444 1.6468 0.0051
Car 0.0000 0 1.6671 638.0112 173.4121 669.2635 200.0382 1.5284 1.5223 3.8640 2.6382 1.5640 43.5279 1.7268 0.0051
Car 0.0000 0 2.1262 277.6245 174.7550 336.3406 201.1085 1.5181 1.4862 3.8386 -18.3840 1.6394 43.8660 1.7312 0.0050
Pedestrian 0.0000 0 1.1612 33.8681 167.0850 60.6962 213.4747 1.8431 0.5799 0.8125 -22.7486 1.6142 29.1137 0.5023 0.0050
Car 0.0000 0 -1.8837 0.0000 0.0000 1242.0000 375.0000 1.4994 1.7347 4.5580 38.4592 2.0595 1.4676 -0.3590 0.0050
Car 0.0000 0 -2.3560 128.1745 166.0291 212.9901 196.2636 1.6969 1.7158 4.2309 -25.4920 1.3142 41.8313 -2.9006 0.0050
Car 0.0000 0 0.1623 0.0000 0.0000 1242.0000 375.0000 1.5296 1.8148 4.4785 28.8159 1.9475 1.5192 1.6700 0.0049
Car 0.0000 0 2.0053 530.5344 176.5167 570.8051 195.2132 1.4754 1.6494 4.4037 -4.9243 1.7933 60.2073 1.9237 0.0049
Car 0.0000 0 1.7952 636.5537 175.6735 676.0972 203.7829 1.4892 1.5005 3.3826 2.5991 1.6547 40.4262 1.8584 0.0048
Car 0.0000 0 1.6319 642.1557 173.4103 670.4865 200.2618 1.5376 1.4808 3.6759 2.7812 1.5728 43.3099 1.6951 0.0048
Car 0.0000 0 2.2125 262.3701 169.1309 316.4432 195.4530 1.7301 1.5400 3.5802 -21.8947 1.4858 49.3398 1.7966 0.0048
Car 0.0000 0 -1.9827 679.7153 170.7077 728.3911 198.7157 1.7334 1.7606 3.7488 6.0041 1.6010 46.7001 -1.8561 0.0048
Car 0.0000 0 2.0734 561.6669 176.4698 598.3994 194.2082 1.4744 1.5011 3.9152 -2.5981 1.8005 62.9084 2.0320 0.0048
Car 0.0000 0 -0.0181 0.0000 0.0000 1242.0000 375.0000 1.4857 1.7021 4.3508 37.7094 1.9963 0.7851 1.5238 0.0048
Pedestrian 0.0000 0 -1.6503 787.0477 171.1742 797.7169 198.2833 1.8197 0.6434 0.7131 12.3116 1.7073 48.8348 -1.4052 0.0048
Car 0.0000 0 0.6376 0.0000 0.0000 1242.0000 375.0000 1.4546 1.6937 4.3861 28.0422 1.8249 1.1593 2.1565 0.0047
Car 0.0000 0 1.6989 639.2483 176.0497 674.6462 203.8951 1.4667 1.5447 3.4845 2.6245 1.6537 40.2866 1.7630 0.0047
Car 0.0000 0 0.1123 0.0000 0.0000 1242.0000 375.0000 1.4238 1.5340 3.3174 15.8516 1.9281 0.2769 1.6469 0.0047
Car 0.0000 0 1.9111 535.3665 175.7271 571.8777 195.1091 1.5342 1.6692 4.3774 -4.6739 1.7833 60.1336 1.8335 0.0047
Car 0.0000 0 1.7543 279.0733 171.4232 312.9908 195.0150 1.5442 1.4913 3.5449 -21.3598 1.4509 49.1185 1.3458 0.0047
Car 0.0000 0 2.3874 227.0174 175.0165 312.2668 204.2800 1.5510 1.7583 4.3438 -19.2427 1.6810 40.9286 1.9502 0.0046
Car 0.0000 0 1.5222 293.5084 171.3557 321.5965 195.1716 1.5690 1.6084 3.5058 -20.7868 1.4706 49.4594 1.1260 0.0046
Car 0.0000 0 0.4876 535.4696 177.0388 583.4432 194.7161 1.4776 1.5920 3.8501 -4.4038 1.8494 62.5301 0.4172 0.0046
Car 0.0000 0 0.2230 0.0000 0.0000 1242.0000 375.0000 1.5012 1.7223 4.5356 28.7775 1.8391 1.2276 1.7407 0.0046
Car 0.0000 0 1.6992 558.7314 175.2135 581.4875 193.1959 1.5067 1.5036 3.8535 -3.4723 1.7194 62.9487 1.6440 0.0045
Car 0.0000 0 0.3741 0.0000 0.0000 1242.0000 375.0000 1.4753 1.7107 4.5763 28.4229 1.8542 1.1958 1.8924 0.0045
Car 0.0000 0 1.4705 551.5722 176.7239 574.0735 194.8180 1.5110 1.5775 3.9123 -4.1813 1.8614 63.1935 1.4044 0.0045
Car 0.0000 0 -1.2147 0.0000 0.0000 1242.0000 375.0000 1.3824 1.5729 4.0417 -24.7642 1.6871 1.5320 -2.7123 0.0045
Car 0.0000 0 1.2510 543.1797 176.5434 574.5839 194.8511 1.5246 1.6016 3.8510 -4.5175 1.8578 63.0083 1.1794 0.0045
Car 0.0000 0 3.2715 0.0000 0.0000 1242.0000 375.0000 1.5554 1.7351 3.3373 -23.8354 1.7617 0.1975 1.7209 0.0045
Car 0.0000 0 0.0997 0.0000 0.0000 1242.0000 375.0000 1.4986 1.6762 4.3595 37.6722 2.1185 1.1925 1.6308 0.0045
Car 0.0000 0 0.6278 0.0000 0.0000 1242.0000 375.0000 1.4901 1.7504 4.5014 28.1027 1.8962 1.2655 2.1430 0.0045
Car 0.0000 0 -0.1486 0.0000 0.0000 1242.0000 375.0000 1.4788 1.5931 3.9285 16.0388 1.7979 -0.1168 1.4110 0.0044
Car 0.0000 0 0.4043 0.0000 0.0000 1242.0000 375.0000 1.5166 1.7593 4.6346 28.4566 1.9487 1.1920 1.9226 0.0044
Car 0.0000 0 0.2104 628.0606 174.0342 692.4267 195.0811 1.5472 1.7178 4.6086 3.7886 1.6394 54.6625 0.2789 0.0044
Car 0.0000 0 2.1854 564.3011 176.7398 605.3724 194.6118 1.4781 1.5324 4.0160 -2.1718 1.8273 62.6834 2.1505 0.0044
Car 0.0000 0 2.4041 222.8355 175.0419 313.6061 204.7422 1.5618 1.7862 4.6367 -19.2447 1.6934 40.7900 1.9656 0.0043
Car 0.0000 0 0.6837 537.6683 177.1894 583.3707 194.9328 1.4818 1.5810 3.8343 -4.3471 1.8704 62.8624 0.6146 0.0043
Car 0.0000 0 1.6609 629.9431 174.4400 658.0782 199.9185 1.5588 1.4704 3.8654 2.1915 1.6656 46.4074 1.7074 0.0043
Car 0.0000 0 0.3699 631.1277 174.4520 695.2890 194.8927 1.4844 1.7121 4.5109 3.9771 1.6091 54.4061 0.4421 0.0043
Car 0.0000 0 0.0802 0.0000 0.0000 1242.0000 375.0000 1.4816 1.5847 3.6786 15.7066 1.8181 -0.1803 1.6437 0.0042
Car 0.0000 0 0.4291 628.8206 174.1721 695.0026 195.4519 1.5397 1.7008 4.6844 3.8633 1.6427 54.3044 0.4994 0.0042
Car 0.0000 0 0.4106 0.0000 0.0000 1242.0000 375.0000 1.5412 1.8036 4.4825 28.4964 1.9735 1.4380 1.9205 0.0042
Car 0.0000 0 1.6947 631.0357 174.3487 659.6142 199.8329 1.5514 1.4130 3.3901 2.2474 1.6507 45.9247 1.7429 0.0042
Car 0.0000 0 0.1226 0.0000 0.0000 1242.0000 375.0000 1.4804 1.5495 3.6782 15.7290 1.8057 -0.1677 1.6852 0.0042
Car 0.0000 0 2.3169 497.7928 174.7581 540.7639 194.8794 1.6879 1.6092 3.7347 -7.8975 1.8595 62.8869 2.1922 0.0042
Car 0.0000 0 2.6899 523.4942 176.2852 573.8234 195.0235 1.5295 1.6999 3.9079 -5.2210 1.8294 61.2561 2.6049 0.0042
Car 0.0000 0 1.8871 560.2116 175.1215 590.8992 193.6495 1.5470 1.5159 3.9609 -2.9865 1.7516 62.8700 1.8395 0.0041
Car 0.0000 0 0.2820 0.0000 0.0000 1242.0000 375.0000 1.4076 1.7835 3.8437 32.2960 2.0870 1.6484 1.7924 0.0041
Car 0.0000 0 -0.5870 689.0726 172.7408 758.1800 198.5760 1.6062 1.7147 4.1463 7.2968 1.5995 46.5045 -0.4328 0.0041
Car 0.0000 0 1.9542 629.8488 172.5116 667.4968 193.1235 1.5450 1.5782 3.9223 3.0241 1.5197 56.1926 2.0073 0.0041
Car 0.0000 0 3.0300 0.0000 0.0000 1242.0000 375.0000 1.6106 1.7538 4.4244 -2.3214 1.7504 1.6476 2.1513 0.0041
Car 0.0000 0 2.1050 561.7165 176.0151 599.5112 194.0559 1.4992 1.4984 3.9232 -2.5422 1.7837 62.7712 2.0643 0.0041
Car 0.0000 0 1.7082 277.3153 171.5107 309.6171 194.6626 1.5067 1.5155 3.6475 -21.4456 1.4196 48.9141 1.2968 0.0041
Car 0.0000 0 1.8717 643.4004 175.6311 687.1843 200.6905 1.4930 1.6287 4.0890 3.5168 1.6776 45.6729 1.9476 0.0041
Car 0.0000 0 -1.8458 217.2074 162.4923 253.0273 185.9404 1.9001 1.6534 3.9615 -31.4676 1.0608 60.4770 -2.3239 0.0041
Car 0.0000 0 1.6979 641.1606 176.0805 674.8519 203.8407 1.4739 1.4830 3.3139 2.6933 1.6632 40.4848 1.7634 0.0041
Car 0.0000 0 2.0220 638.8412 174.2999 690.1187 200.0398 1.5532 1.6134 4.1519 3.4899 1.6502 45.9848 2.0968 0.0040
Car 0.0000 0 1.9694 264.9651 166.5978 310.0967 191.8281 1.8182 1.6392 4.0462 -24.1131 1.3677 54.0338 1.5513 0.0040
Car 0.0000 0 -0.7735 240.7824 175.5868 312.8957 202.8692 1.4788 1.5688 3.7322 -19.1412 1.6441 41.5353 -1.2031 0.0040
Car 0.0000 0 1.2981 542.3761 176.5433 571.4339 194.5507 1.4883 1.5693 3.6848 -4.6469 1.8182 62.4500 1.2237 0.0039
Car 0.0000 0 1.6324 556.2841 176.9606 576.5874 194.7069 1.4877 1.5487 3.7965 -3.8144 1.8590 63.2652 1.5721 0.0039
Car 0.0000 0 1.7175 629.4229 172.2644 657.1631 193.1790 1.5770 1.6098 3.9800 2.6169 1.5329 56.5111 1.7631 0.0039
Car 0.0000 0 1.5189 284.9299 172.0986 314.8860 195.4738 1.5030 1.6532 3.8467 -20.8960 1.4548 48.4830 1.1137 0.0039
Car 0.0000 0 1.5849 445.2839 174.6622 479.6203 205.7929 1.5904 1.7390 4.3441 -8.0620 1.6953 39.4219 1.3841 0.0039
Car 0.0000 0 1.5188 0.0000 0.0000 1242.0000 375.0000 1.4152 1.3871 3.9078 5.2987 1.5506 0.7939 2.8872 0.0039
Car 0.0000 0 -0.0737 711.6429 174.0349 781.3102 199.6935 1.5671 1.7557 4.1707 8.4773 1.6433 45.2670 0.1098 0.0039
Car 0.0000 0 1.8422 646.1640 175.0978 688.4296 200.0474 1.4937 1.6349 4.1179 3.6543 1.6434 45.8069 1.9209 0.0039
Car 0.0000 0 1.6704 679.4816 173.1551 703.0916 193.3577 1.5576 1.5206 3.6871 6.4969 1.5828 57.6468 1.7817 0.0039
Car 0.0000 0 0.1365 0.0000 0.0000 1242.0000 375.0000 1.5479 1.7853 4.6461 37.6411 2.1335 1.6233 1.6561 0.0039
Car 0.0000 0 -2.5936 679.4710 172.2759 744.2238 198.7232 1.6336 1.6658 3.8136 6.4958 1.5983 46.4185 -2.4558 0.0039
Car 0.0000 0 -0.2024 709.4019 173.5012 776.4813 198.5884 1.5538 1.7413 3.8997 8.3410 1.5959 45.6495 -0.0232 0.0038
Car 0.0000 0 0.4938 0.0000 0.0000 1242.0000 375.0000 1.5358 1.8090 4.3537 28.4242 2.0130 1.5823 1.9984 0.0038
Car 0.0000 0 1.6799 559.0871 174.9531 581.7373 192.7356 1.4877 1.5612 3.8431 -3.4371 1.6765 62.7872 1.6251 0.0038
Car 0.0000 0 -0.9254 497.3993 174.8043 539.6857 194.9754 1.6840 1.6481 3.8763 -7.9361 1.8596 62.7324 -1.0511 0.0038
Car 0.0000 0 1.8268 276.9273 170.5924 314.6302 194.7646 1.5937 1.5528 3.3922 -21.4806 1.4449 49.3621 1.4181 0.0038
Car 0.0000 0 1.5716 445.8749 174.6740 480.3161 205.8667 1.5922 1.7436 4.3607 -8.0545 1.6978 39.4068 1.3709 0.0038
Car 0.0000 0 -0.9327 496.8724 174.2552 540.2103 194.9509 1.7307 1.6740 4.0256 -7.9410 1.8572 62.7946 -1.0584 0.0038
Car 0.0000 0 -1.1514 729.8852 171.7393 798.1638 202.3864 1.5726 1.8383 4.8774 8.4722 1.5158 39.5357 -0.9423 0.0037
Car 0.0000 0 -0.7595 237.1887 175.3550 313.8961 203.2583 1.5034 1.6034 3.9804 -19.1453 1.6547 41.4034 -1.1904 0.0037
Car 0.0000 0 1.9877 631.7253 172.5456 670.1115 192.9154 1.5206 1.5542 3.8334 3.1816 1.4979 55.9193 2.0439 0.0037
Car 0.0000 0 2.3003 352.1507 175.4407 396.9283 192.7438 1.5394 1.6950 4.0373 -21.8489 1.7880 67.0355 1.9861 0.0037
Car 0.0000 0 1.5593 274.0109 176.5665 303.8135 202.3701 1.4657 1.5812 3.6573 -19.4287 1.7004 43.5481 1.1417 0.0037
Car 0.0000 0 1.6384 643.5964 175.3116 674.8082 203.0077 1.4799 1.5405 3.2405 2.7637 1.6243 40.5644 1.7054 0.0037
Car 0.0000 0 2.0723 497.5800 175.8396 532.4817 195.3369 1.6299 1.4993 3.5342 -8.2569 1.8981 62.8195 1.9418 0.0037
Car 0.0000 0 -3.0014 689.0879 172.9348 746.2397 198.8096 1.6100 1.5801 3.4303 6.8650 1.6157 46.1445 -2.8550 0.0037
Car 0.0000 0 0.1201 0.0000 0.0000 1242.0000 375.0000 1.4692 1.5688 3.6228 15.7823 1.8598 -0.1289 1.6803 0.0037
Car 0.0000 0 2.1879 356.6626 175.3675 413.0005 200.4211 1.5689 1.6258 3.8465 -14.8494 1.7426 47.6796 1.8873 0.0037
Car 0.0000 0 -0.2392 708.3340 171.8133 775.9898 196.9888 1.5606 1.6896 3.9224 8.3028 1.4964 45.6860 -0.0610 0.0036
Cyclist 0.0000 0 -1.6867 882.6564 167.8488 909.8477 243.0479 1.6808 0.3919 1.6316 6.6657 1.5693 16.9636 -1.3188 0.0036
Pedestrian 0.0000 0 -1.4828 43.9996 165.8300 63.9560 212.5656 1.8803 0.5813 0.7429 -22.7673 1.5981 29.4960 -2.1359 0.0036
Pedestrian 0.0000 0 0.3503 213.0987 166.0059 229.8866 198.2563 1.8018 0.6699 0.6423 -21.9392 1.4196 40.6860 -0.1417 0.0036
Car 0.0000 0 2.2322 632.2082 172.1175 682.3134 193.1280 1.5598 1.6725 4.1354 3.6547 1.5055 55.6639 2.2970 0.0036
Car 0.0000 0 1.3352 643.3003 173.9702 684.9570 202.3332 1.5205 1.5782 3.4009 2.9682 1.5865 40.6270 1.4071 0.0035
Car 0.0000 0 1.0162 278.4285 172.9715 322.1442 191.1411 1.4348 1.5488 3.7084 -25.2323 1.4450 58.6945 0.6116 0.0035
Car 0.0000 0 1.2563 542.5813 176.4089 572.9042 194.6337 1.5157 1.5461 3.7457 -4.6018 1.8355 62.8210 1.1831 0.0035
Car 0.0000 0 0.1150 0.0000 0.0000 1242.0000 375.0000 1.6025 1.8330 4.9459 37.6682 2.1843 1.8338 1.6290 0.0035
Car 0.0000 0 1.3677 549.1760 175.7108 575.1440 194.1500 1.5394 1.5320 3.7280 -4.2178 1.7966 62.8559 1.3006 0.0035
Car 0.0000 0 1.9159 560.8936 176.4623 590.9608 194.2990 1.4899 1.4531 3.7238 -2.9670 1.8156 63.0668 1.8687 0.0034
Car 0.0000 0 1.5830 556.2639 175.8624 573.6765 193.6813 1.4927 1.4721 3.6719 -3.9281 1.7633 62.9431 1.5206 0.0034
Car 0.0000 0 -2.0545 640.7803 174.0069 691.0465 201.9693 1.5044 1.5053 3.2022 3.0809 1.5727 40.7313 -1.9800 0.0034
Car 0.0000 0 1.9510 672.5235 174.2877 721.9398 201.9732 1.6176 1.6184 4.1322 5.4067 1.7109 44.5846 2.0704 0.0034
Car 0.0000 0 2.6422 200.4751 173.9586 304.0441 204.0611 1.5440 1.6867 4.8899 -19.5978 1.6089 39.6714 2.1858 0.0034
Car 0.0000 0 2.3797 346.8911 174.6913 392.8297 191.8354 1.5327 1.7845 3.9000 -22.3111 1.7094 67.1025 2.0596 0.0034
Car 0.0000 0 0.3532 0.0000 0.0000 1242.0000 375.0000 1.3934 1.6187 3.4146 32.1803 2.0117 1.7573 1.8600 0.0034
Car 0.0000 0 0.5576 0.0000 0.0000 1242.0000 375.0000 1.5193 1.8272 3.9772 28.1396 1.8990 1.7259 2.0565 0.0034
Car 0.0000 0 1.8997 439.9496 177.2308 497.7647 206.8211 1.5089 1.7003 4.7348 -7.7676 1.7667 39.9811 1.7086 0.0034
Car 0.0000 0 1.8050 557.2434 176.1960 583.3194 194.2057 1.5082 1.4572 3.7136 -3.4645 1.8099 63.1039 1.7500 0.0033
Car 0.0000 0 0.6314 629.7204 174.0077 693.4847 195.5318 1.5416 1.7059 4.6515 3.8020 1.6318 54.0580 0.7008 0.0033
Car 0.0000 0 -0.6480 629.7751 173.9403 686.8848 193.9976 1.4896 1.6456 4.2685 3.7209 1.5766 55.6475 -0.5819 0.0033
Car 0.0000 0 0.6128 629.3853 173.8765 693.7289 195.4707 1.5481 1.7240 4.6629 3.8010 1.6281 54.0669 0.6822 0.0033
Car 0.0000 0 1.6344 556.2590 176.9812 576.0380 194.6873 1.4844 1.5016 3.6599 -3.8358 1.8566 63.1743 1.5736 0.0033
Car 0.0000 0 0.8425 631.0629 174.3940 689.8743 196.1830 1.5433 1.6827 4.6751 3.6821 1.6635 53.7995 0.9100 0.0033
Car 0.0000 0 1.2415 428.5191 175.9866 485.3350 206.2250 1.5346 1.7057 4.3773 -8.4538 1.7161 39.4101 1.0312 0.0033
Car 0.0000 0 1.8254 629.2918 172.4679 660.0848 193.0471 1.5520 1.5275 3.6910 2.7191 1.5233 56.4035 1.8729 0.0033
Car 0.0000 0 2.8444 584.5012 173.2555 638.6828 193.7006 1.5691 1.7388 3.9303 0.0906 1.6019 56.8341 2.8456 0.0033
Car 0.0000 0 1.5715 444.7219 175.7746 478.8605 206.6317 1.5742 1.7330 4.0168 -8.1153 1.7425 39.3539 1.3691 0.0032
Car 0.0000 0 1.4934 549.5009 176.0676 571.3992 193.9663 1.4853 1.6061 3.7080 -4.3416 1.7728 62.5250 1.4240 0.0032
Car 0.0000 0 1.6278 556.0734 176.5527 575.3853 194.4653 1.5019 1.4802 3.7016 -3.8691 1.8353 63.1136 1.5664 0.0032
Car 0.0000 0 -0.6219 629.2758 174.0795 687.3683 194.0719 1.4856 1.6641 4.3130 3.7209 1.5837 55.6839 -0.5559 0.0032
Car 0.0000 0 2.9240 0.0000 0.0000 1242.0000 375.0000 1.4265 1.6522 3.2674 -23.5336 1.8079 0.0208 1.3663 0.0032
Car 0.0000 0 1.6304 631.3784 175.9344 658.2083 200.3172 1.4909 1.5142 3.7204 2.2456 1.6982 46.5352 1.6779 0.0032
Car 0.0000 0 1.5128 678.0126 172.6324 700.3516 193.0167 1.5708 1.5663 3.3103 6.2363 1.5541 57.2903 1.6203 0.0032
Car 0.0000 0 1.2263 542.5168 176.9114 574.1513 195.1310 1.5150 1.5672 3.7703 -4.5595 1.8807 62.9429 1.1540 0.0032
Car 0.0000 0 0.7609 629.5391 174.4657 689.5739 196.1537 1.5437 1.6882 4.5683 3.6320 1.6696 53.9435 0.8274 0.0032
Car 0.0000 0 1.6046 284.5663 171.5428 312.3989 195.1574 1.5309 1.5999 3.6557 -21.0476 1.4463 48.7672 1.1989 0.0032
Pedestrian 0.0000 0 1.0706 41.7117 167.0269 68.1449 213.6822 1.8796 0.5659 0.7523 -22.7180 1.6452 29.4765 0.4182 0.0031
Car 0.0000 0 1.4531 551.4788 176.9170 574.0258 194.8728 1.5001 1.5396 3.6996 -4.1813 1.8670 63.1255 1.3869 0.0031
Car 0.0000 0 1.5680 645.7720 174.0462 675.2972 202.3121 1.5216 1.5933 3.2518 2.8024 1.5919 40.6534 1.6358 0.0031
Car 0.0000 0 2.6441 629.9224 172.2389 687.9839 192.8917 1.5415 1.6307 4.1828 3.7426 1.4959 55.4650 2.7108 0.0031
Car 0.0000 0 1.2712 428.7041 175.7547 482.8760 206.1065 1.5442 1.7293 4.1790 -8.5055 1.7119 39.3808 1.0594 0.0031
Car 0.0000 0 -0.3358 708.2999 175.6891 783.4313 200.8549 1.5385 1.7104 4.3386 8.5182 1.7224 45.5472 -0.1525 0.0031
Car 0.0000 0 2.4449 261.6023 170.3205 323.0056 195.8360 1.6915 1.6319 3.6957 -21.9239 1.5239 49.8479 2.0323 0.0031
Car 0.0000 0 1.8273 90.2856 161.6530 146.7218 194.4399 1.6673 1.6483 3.5206 -26.2712 1.0980 38.6223 1.2331 0.0031
Cyclist 0.0000 0 -0.9150 29.8126 171.5042 76.4119 212.9330 1.6410 0.4321 1.9081 -22.8061 1.5879 29.5320 -1.5684 0.0031
Car 0.0000 0 1.7381 559.3315 176.8866 582.3458 194.6590 1.4907 1.4449 3.5456 -3.4246 1.8546 63.1976 1.6838 0.0031
Car 0.0000 0 -0.1902 709.3718 175.8889 785.3409 201.0846 1.5421 1.7617 4.4249 8.5396 1.7366 45.2655 -0.0054 0.0031
Car 0.0000 0 0.1792 0.0000 0.0000 1242.0000 375.0000 1.4219 1.5805 3.5711 15.6507 1.8630 -0.1681 1.7418 0.0031
Car 0.0000 0 1.4390 550.5089 176.5534 573.6349 194.7280 1.5183 1.5371 3.7124 -4.2364 1.8521 63.0504 1.3719 0.0031
Car 0.0000 0 2.1236 496.7081 175.1687 533.5745 195.3194 1.6878 1.5676 3.5201 -8.2456 1.8959 62.8029 1.9932 0.0031
Car 0.0000 0 -1.9840 680.1926 170.9288 729.7007 198.3852 1.6997 1.7717 3.8561 6.0677 1.5808 46.7631 -1.8562 0.0031
Car 0.0000 0 1.7808 294.6074 170.4874 336.5523 195.3251 1.6411 1.8172 4.3475 -20.3540 1.4851 49.9708 1.3957 0.0031
Car 0.0000 0 1.6605 628.0833 171.9558 651.4124 192.6585 1.5609 1.5114 3.5218 2.3201 1.4936 56.2437 1.7012 0.0031
Car 0.0000 0 1.7875 640.1769 172.9358 676.3950 195.0452 1.5907 1.8081 4.4579 3.6561 1.5975 54.3207 1.8540 0.0031
Car 0.0000 0 2.4226 632.9315 173.1555 691.1052 194.5132 1.5820 1.7475 4.4076 4.0030 1.6065 55.5278 2.4938 0.0030
Car 0.0000 0 -0.1669 0.0000 0.0000 1242.0000 375.0000 1.5810 1.7702 4.5476 37.4648 1.9484 0.5373 1.3815 0.0030
Car 0.0000 0 2.3983 633.9409 172.9093 692.3180 194.1483 1.5793 1.7776 4.4791 4.1075 1.5841 55.7491 2.4711 0.0030
Pedestrian 0.0000 0 1.7772 194.6103 167.2458 209.7618 199.5652 1.7514 0.6052 0.6295 -22.3524 1.4478 39.4890 1.2648 0.0030
Car 0.0000 0 0.7561 0.0000 0.0000 1242.0000 375.0000 1.4812 1.7631 3.9462 28.3770 2.0089 1.8670 2.2506 0.0030
Car 0.0000 0 1.4940 285.4754 172.1921 316.3069 195.7013 1.5372 1.6574 3.6553 -21.1264 1.4943 49.1802 1.0900 0.0030
Car 0.0000 0 1.1996 284.3636 172.5910 322.8912 191.6833 1.5060 1.5593 3.9762 -25.0499 1.4856 58.8806 0.7988 0.0029
Car 0.0000 0 -0.1739 0.0000 0.0000 1242.0000 375.0000 1.4301 1.5230 3.7285 16.0575 1.8717 -0.0761 1.3832 0.0029
Car 0.0000 0 -1.2272 0.0000 0.0000 1242.0000 375.0000 1.4519 1.6834 4.3241 -25.1095 1.7173 1.2875 -2.7355 0.0029
Car 0.0000 0 -0.5857 630.8611 174.1534 689.9000 194.1996 1.4839 1.7445 4.2770 3.8589 1.5874 55.4597 -0.5170 0.0029
Car 0.0000 0 2.0719 705.8350 173.4028 763.5873 199.2247 1.5660 1.6961 4.4891 7.9928 1.6032 46.1394 2.2420 0.0029
Car 0.0000 0 1.8524 292.0663 171.6797 337.3490 196.4983 1.6381 1.8091 4.1290 -20.3309 1.5609 49.7680 1.4663 0.0029
Car 0.0000 0 1.6538 627.0491 171.6335 650.6372 192.7331 1.5915 1.5457 3.6688 2.2550 1.4998 56.3381 1.6932 0.0029
Car 0.0000 0 -2.6113 702.2419 173.8772 798.3831 212.8791 1.5990 1.6414 3.8182 6.0531 1.6468 31.5515 -2.4240 0.0028
Car 0.0000 0 1.5660 633.3179 175.4059 658.8067 200.3344 1.5349 1.5822 3.6940 2.2884 1.7070 46.6876 1.6142 0.0028
Cyclist 0.0000 0 -1.7947 870.8733 166.2620 901.3721 237.7353 1.6669 0.3669 1.4526 6.6597 1.5135 17.5692 -1.4386 0.0028
Car 0.0000 0 -0.6176 629.9175 174.0099 686.4587 193.8038 1.4724 1.6079 4.1984 3.7081 1.5648 55.6631 -0.5518 0.0028
Car 0.0000 0 0.5993 0.0000 0.0000 1242.0000 375.0000 1.5429 1.6972 3.6287 31.1924 1.8648 1.7497 2.1044 0.0028
Car 0.0000 0 -1.2726 494.9045 175.3545 526.4979 195.1812 1.6547 1.6598 3.8711 -8.6223 1.8797 62.7758 -1.4089 0.0028
Car 0.0000 0 -0.0823 0.0000 0.0000 1242.0000 375.0000 1.5584 1.7385 4.3768 37.0568 1.7752 0.6725 1.4623 0.0028
Car 0.0000 0 -1.1207 730.7170 171.8757 799.5931 202.5939 1.5771 1.8075 4.7404 8.5148 1.5273 39.4686 -0.9102 0.0028
Car 0.0000 0 -0.5099 628.1054 173.6178 687.6165 193.5760 1.4925 1.6139 4.3553 3.6807 1.5536 55.7462 -0.4447 0.0028
Car 0.0000 0 2.4786 346.7935 175.2656 392.9852 192.6091 1.5470 1.8194 3.7428 -22.2794 1.7782 66.9919 2.1584 0.0028
Car 0.0000 0 1.8243 630.5333 172.0077 661.9158 192.8699 1.5623 1.5749 3.6339 2.8185 1.4993 55.9992 1.8740 0.0027
Car 0.0000 0 0.4433 0.0000 0.0000 1242.0000 375.0000 1.5535 1.6822 4.1784 36.1482 1.8524 0.9851 1.9786 0.0027
Car 0.0000 0 1.6997 638.8219 179.9733 662.6167 196.4602 1.4957 1.7834 4.0744 3.9348 2.2031 69.4915 1.7556 0.0027
Car 0.0000 0 1.9071 673.9321 174.6616 721.0500 200.9181 1.5223 1.6334 4.0466 5.3875 1.6391 44.3062 2.0268 0.0027
Car 0.0000 0 -1.0729 495.1193 175.2419 533.5031 195.3629 1.6765 1.6461 3.9007 -8.3010 1.8915 62.7341 -1.2043 0.0027
Car 0.0000 0 -0.5185 630.4974 173.7221 689.8214 193.7856 1.4901 1.7215 4.2538 3.8340 1.5592 55.4332 -0.4502 0.0027
Car 0.0000 0 0.9572 632.8373 174.0927 688.5873 195.9130 1.5373 1.7181 4.7168 3.6777 1.6338 53.5720 1.0250 0.0027
Car 0.0000 0 1.7710 629.1891 172.1211 659.6727 193.1534 1.5855 1.6214 4.0262 2.7099 1.5306 56.5408 1.8183 0.0027
Car 0.0000 0 2.1937 356.4780 176.2210 412.8121 200.4221 1.5076 1.5602 3.9087 -14.8453 1.7401 47.6310 1.8929 0.0026
Car 0.0000 0 1.5803 645.7444 173.8158 675.1122 202.1677 1.5306 1.5889 3.3736 2.8287 1.5877 40.8119 1.6485 0.0026
Car 0.0000 0 1.3938 434.1741 175.5880 481.1779 206.2772 1.5607 1.7677 4.3661 -8.4228 1.7195 39.4650 1.1845 0.0026
Car 0.0000 0 1.0844 642.5307 174.6035 695.4879 202.7399 1.5017 1.5602 3.3856 3.2400 1.6050 40.6013 1.1630 0.0026
Car 0.0000 0 1.7225 695.8982 177.1197 717.8175 193.6971 1.5394 1.5700 3.7171 9.4087 1.9657 70.0368 1.8551 0.0026
Car 0.0000 0 0.6697 0.0000 0.0000 1242.0000 375.0000 1.5584 1.6926 3.7216 30.5502 1.8064 1.8834 2.1691 0.0026
Car 0.0000 0 -1.2975 494.4539 175.2792 525.6066 195.3929 1.6777 1.6873 3.9234 -8.6747 1.8959 62.7367 -1.4346 0.0026
Car 0.0000 0 1.2788 0.0000 0.0000 1242.0000 375.0000 1.5353 1.6165 3.9160 -8.0295 1.4969 -0.2625 -0.2889 0.0026
Car 0.0000 0 0.0113 0.0000 0.0000 1242.0000 375.0000 1.5903 1.7675 4.5587 37.4057 2.0172 0.8630 1.5509 0.0026
Car 0.0000 0 -0.0082 710.4731 172.4408 778.2722 198.2365 1.5764 1.6972 4.1058 8.3745 1.5515 45.2816 0.1731 0.0026
Car 0.0000 0 3.0776 60.9404 156.1536 162.6523 188.1940 1.7095 1.9749 4.6099 -28.0895 0.8188 40.6939 2.4764 0.0026
Car 0.0000 0 0.1474 629.0285 173.9660 692.5616 194.7298 1.5312 1.7689 4.5971 3.8414 1.6180 54.7088 0.2167 0.0026
Pedestrian 0.0000 0 0.5093 183.0424 169.2667 198.6074 191.5398 1.7918 0.7892 0.8079 -33.9743 1.5036 58.4440 -0.0155 0.0025
Car 0.0000 0 1.1341 283.6644 172.6407 324.0188 191.4854 1.4864 1.5326 3.8751 -24.9856 1.4700 58.7776 0.7336 0.0025
Car 0.0000 0 -1.1853 624.0242 171.3956 664.4708 193.1806 1.6263 1.6711 4.2503 2.6836 1.5178 56.1421 -1.1382 0.0025
Pedestrian 0.0000 0 0.5135 183.5522 169.1014 198.2867 191.4422 1.7978 0.7666 0.7526 -33.9700 1.4962 58.4492 -0.0111 0.0025
Car 0.0000 0 2.8993 0.0000 0.0000 1242.0000 375.0000 1.4366 1.6536 3.0395 -23.5536 1.7341 0.0906 1.3445 0.0025
Car 0.0000 0 -0.6056 627.7365 173.3208 686.9360 193.4305 1.5028 1.6096 4.4481 3.6564 1.5405 55.8387 -0.5409 0.0025
Car 0.0000 0 1.8592 709.4261 171.0168 753.0615 196.7957 1.5702 1.7557 3.7510 7.7405 1.4587 46.0169 2.0244 0.0025
Cyclist 0.0000 0 -1.4659 891.0703 169.2513 913.8205 238.0845 1.5970 0.3670 1.5228 7.0531 1.5138 17.4973 -1.0892 0.0025
Car 0.0000 0 0.5250 0.0000 0.0000 1242.0000 375.0000 1.5306 1.6615 3.4277 31.2696 1.8225 1.7177 2.0314 0.0024
Car 0.0000 0 1.7826 292.6120 172.1566 333.8120 196.6093 1.6038 1.8113 3.9699 -20.3041 1.5584 49.4342 1.3945 0.0024
Car 0.0000 0 -1.7033 739.6961 170.6090 780.9570 200.7290 1.5558 1.7064 3.6659 8.0681 1.4402 39.1542 -1.5020 0.0024
Cyclist 0.0000 0 -2.1484 950.6197 149.7735 1044.8477 286.7980 1.8150 0.3459 1.6113 5.4714 1.5096 10.3737 -1.6755 0.0024
Car 0.0000 0 1.4875 713.1631 172.8469 746.0505 200.2986 1.5952 1.6552 3.7055 7.1905 1.5951 43.8369 1.6486 0.0024
Car 0.0000 0 1.9481 705.9390 170.2853 754.8266 196.6712 1.6234 1.7395 4.0757 7.7853 1.4657 46.5844 2.1123 0.0024
Car 0.0000 0 -1.4077 739.8947 172.5333 783.3448 201.4263 1.4974 1.6992 4.0989 8.3365 1.4811 39.6091 -1.2021 0.0023
Car 0.0000 0 1.9453 708.5613 172.0925 760.3414 199.1267 1.6410 1.6607 4.7317 8.0033 1.5952 46.2497 2.1152 0.0023
Car 0.0000 0 1.6630 629.7762 174.6939 657.7431 200.4057 1.5669 1.4535 3.7673 2.1651 1.6901 46.2160 1.7090 0.0023
Car 0.0000 0 -1.5769 741.8581 170.3799 774.6722 200.2372 1.5537 1.6797 3.5883 8.0525 1.4253 39.4658 -1.3775 0.0023
Pedestrian 0.0000 0 1.1520 86.1158 159.6983 120.0258 228.1685 1.8826 0.5686 0.6413 -14.2712 1.5212 20.2451 0.5440 0.0023
Car 0.0000 0 -0.1425 742.2615 169.3849 836.6366 201.9326 1.6672 1.7442 4.6223 9.3550 1.4898 38.0462 0.0964 0.0022
Car 0.0000 0 2.0574 704.6671 171.2886 760.0999 198.5768 1.6788 1.6758 4.3984 7.9278 1.5828 46.6419 2.2243 0.0022
Car 0.0000 0 0.5441 629.5264 173.7185 693.7434 194.9149 1.5253 1.7143 4.5740 3.8177 1.5929 54.1033 0.6138 0.0022
Car 0.0000 0 1.2251 641.9750 174.3740 687.6052 202.1088 1.4939 1.5789 3.1833 3.0217 1.5839 40.7995 1.2980 0.0022
Car 0.0000 0 1.3039 285.1524 173.2920 318.8730 192.3575 1.5053 1.5568 3.9418 -25.2717 1.5428 59.0887 0.9012 0.0022
Car 0.0000 0 -0.6575 728.5300 175.2852 820.0856 205.5683 1.5883 1.7188 4.9239 9.0797 1.7295 39.9527 -0.4361 0.0022
Car 0.0000 0 1.0899 642.6198 174.4200 694.9451 202.7297 1.5163 1.5767 3.3177 3.2354 1.6089 40.6820 1.1682 0.0022
Car 0.0000 0 1.9487 707.7925 171.6905 760.4393 198.6968 1.6474 1.7120 4.7636 8.0242 1.5768 46.4912 2.1181 0.0022
Car 0.0000 0 -1.1305 734.1088 171.7085 799.9483 202.6302 1.5947 1.8210 4.4173 8.6198 1.5360 39.5169 -0.9177 0.0022
Car 0.0000 0 2.0119 706.8121 172.7542 760.5734 197.2274 1.4967 1.7403 4.3050 7.9683 1.4910 46.3873 2.1806 0.0021
Car 0.0000 0 2.0100 706.0682 172.2063 760.2065 197.8953 1.5763 1.7066 4.4853 7.9727 1.5369 46.6002 2.1780 0.0021
Car 0.0000 0 1.7415 738.1523 172.8719 782.2642 201.5676 1.4882 1.6631 4.4148 8.2994 1.4896 39.7779 1.9453 0.0021
Car 0.0000 0 -0.8183 728.8175 172.2390 811.6143 204.1232 1.6460 1.8125 4.5088 8.7151 1.6146 39.2706 -0.6020 0.0021
Car 0.0000 0 -1.5097 739.7343 171.4928 774.3949 201.0578 1.5394 1.6382 3.9652 8.0962 1.4689 39.6933 -1.3104 0.0021
Car 0.0000 0 1.7631 629.8595 179.4172 655.7899 195.6977 1.4724 1.6884 4.3995 3.1781 2.1259 69.4726 1.8082 0.0021
Car 0.0000 0 1.0975 642.2009 174.3375 695.0228 202.7411 1.5192 1.5771 3.4112 3.2219 1.6070 40.6632 1.1755 0.0021
Car 0.0000 0 1.0248 640.9514 175.5587 700.3339 203.5152 1.4718 1.5711 3.7804 3.3073 1.6314 40.4205 1.1054 0.0021
Car 0.0000 0 1.2434 642.3778 174.2952 688.5030 202.3175 1.5054 1.6053 3.3217 3.0517 1.5907 40.7534 1.3171 0.0021
Car 0.0000 0 -1.4731 738.7446 171.1821 776.0476 200.5187 1.5241 1.6539 3.7267 8.0750 1.4376 39.5062 -1.2734 0.0021
Car 0.0000 0 -0.7362 628.8881 172.7122 686.8847 193.4913 1.5471 1.6726 4.5245 3.7065 1.5369 55.7792 -0.6705 0.0021
Car 0.0000 0 -0.7173 723.6907 172.1614 813.3070 203.7531 1.6458 1.7340 4.8557 8.6712 1.6101 39.5176 -0.5033 0.0021
Car 0.0000 0 -1.0484 734.5815 171.0100 804.9090 202.0370 1.5952 1.8115 4.3650 8.7182 1.5007 39.3164 -0.8322 0.0021
Car 0.0000 0 1.2592 642.4886 173.9897 687.0924 201.9911 1.5111 1.6014 3.2077 3.0231 1.5785 40.8258 1.3321 0.0021
Car 0.0000 0 -0.7061 623.5901 172.7482 680.0618 193.4080 1.5431 1.5868 4.3845 3.2389 1.5356 55.8479 -0.6488 0.0021
Pedestrian 0.0000 0 -2.6979 0.0000 0.0000 1242.0000 375.0000 1.8156 0.6512 0.7037 16.6074 1.7944 -0.2887 -1.1275 0.0021
Car 0.0000 0 -0.6809 628.4987 173.0736 686.9346 193.5109 1.5235 1.6491 4.4689 3.6888 1.5414 55.7886 -0.6156 0.0020
Car 0.0000 0 -1.4400 740.9916 172.1089 782.2788 201.3238 1.5139 1.6919 4.2350 8.3502 1.4757 39.6658 -1.2345 0.0020
Car 0.0000 0 0.1983 737.8922 172.1149 820.8285 202.5644 1.5362 1.7246 3.9951 8.8837 1.4993 38.0107 0.4257 0.0020
Pedestrian 0.0000 0 -1.6091 194.8019 166.4996 208.7516 199.0184 1.7609 0.6424 0.6247 -22.3878 1.4172 39.5030 -2.1219 0.0020
Car 0.0000 0 1.3901 0.0000 0.0000 1242.0000 375.0000 1.5224 1.6028 3.8704 -7.7887 1.4469 -0.2652 -0.1780 0.0020
Car 0.0000 0 -2.6257 656.8342 173.4407 748.3712 205.1480 1.6064 1.6921 4.6334 4.8850 1.6399 38.6903 -2.5016 0.0020
Car 0.0000 0 -0.6294 628.4595 172.8200 690.0338 193.5635 1.5463 1.6974 4.6366 3.8005 1.5441 55.7356 -0.5621 0.0020
Car 0.0000 0 2.0636 703.2993 170.9697 756.3799 196.7892 1.5998 1.6841 4.0573 7.7866 1.4834 46.8255 2.2269 0.0020
Car 0.0000 0 2.0391 704.8642 172.0774 760.2681 198.6503 1.6309 1.6715 4.5219 7.9351 1.5836 46.5961 2.2063 0.0020
Car 0.0000 0 -0.8237 624.9629 172.2392 685.2098 193.3674 1.5690 1.7895 4.9307 3.5133 1.5237 55.9284 -0.7617 0.0019
Car 0.0000 0 0.0638 742.4160 172.5156 824.6751 203.6263 1.5756 1.7770 4.1108 9.1155 1.5588 37.9898 0.2971 0.0019
Car 0.0000 0 -0.8252 735.8249 171.2056 815.4047 201.1950 1.5388 1.8347 4.1948 8.9320 1.4546 38.9651 -0.6019 0.0019
Car 0.0000 0 -0.1220 742.7324 170.1954 833.4785 202.0212 1.6294 1.7506 4.4610 9.2889 1.4936 38.0633 0.1151 0.0019
Car 0.0000 0 0.1474 0.0000 0.0000 1242.0000 375.0000 1.5903 1.7668 4.7171 37.1198 1.8419 0.9318 1.6850 0.0019
Car 0.0000 0 -0.2235 739.7075 170.7014 824.0836 200.9854 1.5721 1.8276 4.0572 9.0535 1.4607 38.3799 0.0060 0.0019
Car 0.0000 0 0.1193 0.0000 0.0000 1242.0000 375.0000 1.6348 1.8012 4.6118 37.3835 2.1299 1.4754 1.6425 0.0019
Car 0.0000 0 -1.3728 738.7010 171.5638 785.5013 201.2178 1.5348 1.7692 3.9693 8.3422 1.4683 39.5133 -1.1667 0.0019
Car 0.0000 0 1.6176 633.2698 172.8836 660.3655 195.1670 1.6357 1.8789 4.1791 2.8247 1.6384 55.1366 1.6681 0.0018
Car 0.0000 0 0.5333 0.0000 0.0000 1242.0000 375.0000 1.3996 1.5237 3.2151 31.9855 2.0095 1.7437 2.0402 0.0018
Car 0.0000 0 2.1302 357.4386 175.3415 410.9136 199.6022 1.5160 1.5427 3.8727 -14.8601 1.6875 47.5772 1.8287 0.0018
Car 0.0000 0 0.3542 0.0000 0.0000 1242.0000 375.0000 1.5038 1.7170 4.1300 36.6478 1.7905 0.9905 1.8897 0.0018
Car 0.0000 0 -1.1173 703.5046 170.6439 754.4192 197.9366 1.6863 1.6340 4.0830 7.7134 1.5501 46.7155 -0.9551 0.0018
Pedestrian 0.0000 0 0.8328 704.6409 169.8090 736.3077 254.4986 1.7646 0.4223 0.5254 2.3006 1.7015 15.3672 0.9776 0.0017
Pedestrian 0.0000 0 0.3452 305.2890 170.7587 321.1312 197.0529 1.8813 0.6905 0.8735 -21.4089 1.7318 51.9868 -0.0439 0.0017
Car 0.0000 0 -0.5207 628.8867 173.2917 684.1173 193.8666 1.5424 1.6386 3.9721 3.5739 1.5775 55.7670 -0.4575 0.0017
Car 0.0000 0 -1.4425 740.8920 171.0841 780.7003 201.1282 1.5565 1.6808 3.6539 8.2349 1.4652 39.3794 -1.2382 0.0017
Car 0.0000 0 0.1678 632.1276 174.0919 692.7074 194.9248 1.5377 1.7234 4.3613 3.9661 1.6343 54.7693 0.2393 0.0017
Pedestrian 0.0000 0 -2.5169 731.7476 187.2428 761.2516 247.8368 1.3183 0.3322 0.5606 3.0066 1.6474 16.1635 -2.3372 0.0017
Car 0.0000 0 1.8064 631.0948 172.4314 660.2420 192.8628 1.5344 1.4846 3.5246 2.7770 1.5030 56.0848 1.8553 0.0017
Pedestrian 0.0000 0 0.8288 734.9411 181.8961 768.3088 244.8481 1.3490 0.3646 0.6705 3.0766 1.5540 15.9493 1.0150 0.0017
Car 0.0000 0 -2.7640 671.9911 172.1486 748.7812 203.1537 1.5664 1.6337 3.6688 5.2492 1.5311 38.0616 -2.6284 0.0017
Car 0.0000 0 -1.0236 732.4476 175.4641 805.2289 207.1667 1.6024 1.7822 4.4854 8.6170 1.7522 39.0736 -0.8087 0.0017
Pedestrian 0.0000 0 0.2626 305.9169 170.3657 320.9029 196.8970 1.8972 0.7066 0.8444 -21.3988 1.7197 51.9977 -0.1263 0.0017
Car 0.0000 0 0.4041 0.0000 0.0000 1242.0000 375.0000 1.6305 1.8059 4.4329 37.1323 1.9575 1.5486 1.9251 0.0017
Car 0.0000 0 -0.6883 735.4402 170.1123 824.1454 201.7820 1.6298 1.9570 4.4373 9.1467 1.4891 38.9911 -0.4600 0.0017
Car 0.0000 0 3.0649 587.7943 172.8179 635.9905 193.1255 1.5774 1.7298 3.6861 0.1004 1.5749 57.0433 3.0663 0.0017
Car 0.0000 0 1.6859 629.0011 171.4839 653.1939 192.6284 1.5954 1.4814 3.6607 2.4322 1.4923 56.3613 1.7284 0.0016
Car 0.0000 0 1.7898 620.6064 171.7765 650.8539 192.9239 1.5918 1.5413 3.9711 2.0231 1.5111 56.4254 1.8251 0.0016
Car 0.0000 0 -2.5982 657.1115 171.2442 751.9359 204.5788 1.6793 1.7065 4.8270 4.9548 1.5985 38.5131 -2.4717 0.0016
Car 0.0000 0 1.7528 703.2422 172.8441 739.4161 199.8106 1.5716 1.5848 3.4503 6.7813 1.5714 43.9389 1.9045 0.0016
Car 0.0000 0 -2.9480 653.6918 170.7919 746.7806 204.0325 1.7163 1.7295 4.7259 4.8233 1.6102 38.8088 -2.8257 0.0016
Car 0.0000 0 0.2903 0.0000 0.0000 1242.0000 375.0000 1.6467 1.8699 4.9956 37.4638 2.2792 1.8788 1.8028 0.0016
Car 0.0000 0 -0.0696 742.7622 169.6938 834.2448 202.2522 1.6525 1.7278 4.5410 9.2496 1.4924 37.8493 0.1678 0.0016
Car 0.0000 0 -0.7529 732.4234 171.2852 819.4809 204.1368 1.6915 1.8859 4.5417 8.9797 1.6111 39.1088 -0.5293 0.0016
Pedestrian 0.0000 0 1.1476 705.0102 168.5578 734.9378 254.0148 1.7802 0.4467 0.5350 2.2850 1.6911 15.3467 1.2916 0.0016
Car 0.0000 0 -1.8551 698.5237 172.4083 747.5767 203.4798 1.5912 1.6870 3.4670 5.9853 1.5687 38.7773 -1.7035 0.0016
Car 0.0000 0 -0.3587 740.3906 170.6103 829.9944 200.9507 1.5633 1.9134 4.2282 9.2422 1.4481 38.3872 -0.1246 0.0016
Car 0.0000 0 2.1151 704.6486 171.7315 757.4481 197.7058 1.6138 1.6011 3.8893 7.8594 1.5444 46.8234 2.2800 0.0016
Car 0.0000 0 -2.7985 669.0101 172.3436 748.9379 203.0897 1.5534 1.6809 3.8384 5.1799 1.5280 38.0804 -2.6648 0.0016
Pedestrian 0.0000 0 -2.3098 733.0577 186.3283 762.2861 246.5833 1.3099 0.3516 0.5671 3.0320 1.6184 16.1656 -2.1286 0.0016
Car 0.0000 0 -2.6391 661.6022 172.4762 751.4308 203.4529 1.5671 1.6941 4.4879 5.0750 1.5483 38.5078 -2.5095 0.0016
Car 0.0000 0 -1.8495 698.5746 171.5219 746.3680 202.5645 1.5964 1.6597 3.4089 5.9753 1.5282 38.8988 -1.6986 0.0016
Car 0.0000 0 1.6332 627.1171 171.4941 650.3087 192.9742 1.6202 1.5757 3.9207 2.2513 1.5180 56.4531 1.6725 0.0015
Car 0.0000 0 -0.8197 728.0716 173.2484 809.4209 205.8290 1.6797 1.7556 4.4580 8.6276 1.7026 39.2345 -0.6053 0.0015
Car 0.0000 0 -0.8717 625.2484 172.5286 683.2560 193.5799 1.5651 1.7715 4.8820 3.4569 1.5413 56.0204 -0.8107 0.0015
Car 0.0000 0 -0.7816 723.5837 173.5639 809.1982 205.8718 1.6667 1.7590 4.6845 8.5168 1.7077 39.3130 -0.5702 0.0015
Car 0.0000 0 0.4762 0.0000 0.0000 1242.0000 375.0000 1.4600 1.7285 4.0725 36.7396 2.0736 2.1548 1.9802 0.0015
Car 0.0000 0 0.5214 0.0000 0.0000 1242.0000 375.0000 1.5792 1.7296 4.2669 36.6709 1.9452 1.3532 2.0470 0.0015
Car 0.0000 0 -0.8140 725.8444 175.1687 809.2093 206.3497 1.6034 1.7319 4.6570 8.6086 1.7368 39.4326 -0.6011 0.0015
Car 0.0000 0 -2.7980 700.7153 175.0096 797.1115 212.2207 1.5278 1.5898 3.8161 5.9989 1.6271 31.4639 -2.6119 0.0015
Car 0.0000 0 -1.0165 624.8778 171.6646 672.9958 193.2782 1.6100 1.6955 4.3530 3.0408 1.5218 56.0161 -0.9629 0.0015
Car 0.0000 0 0.5825 0.0000 0.0000 1242.0000 375.0000 1.5212 1.5505 3.9309 5.2337 1.4539 0.6951 1.9669 0.0015
Pedestrian 0.0000 0 -2.9514 0.0000 0.0000 1242.0000 375.0000 1.8328 0.6651 0.7214 16.6356 1.8084 -0.2594 -1.3828 0.0015
Car 0.0000 0 -2.7898 661.6353 171.8192 750.9718 204.6097 1.6718 1.7621 4.3978 5.0991 1.6194 38.5838 -2.6599 0.0015
Car 0.0000 0 -2.6755 663.7288 172.4897 751.9044 203.3793 1.5627 1.7005 4.3516 5.1415 1.5446 38.4266 -2.5440 0.0014
Car 0.0000 0 -0.0653 741.4350 169.9872 838.7168 202.4925 1.6461 1.7265 4.8345 9.3133 1.5012 37.8043 0.1740 0.0014
Car 0.0000 0 -0.4307 738.3161 171.4090 828.5913 202.3243 1.6007 1.8067 4.3475 9.2322 1.5263 38.6711 -0.1985 0.0014
Car 0.0000 0 -0.6853 732.1606 171.7482 817.8321 203.5086 1.6379 1.8779 4.3018 8.8920 1.5812 39.0083 -0.4633 0.0014
Car 0.0000 0 -0.8261 728.6996 173.4383 809.2240 206.1689 1.6857 1.7216 4.4455 8.6348 1.7194 39.2095 -0.6114 0.0014
Car 0.0000 0 -1.0776 736.3743 174.6727 806.0170 207.0316 1.6336 1.7983 4.4161 8.7159 1.7378 38.9378 -0.8595 0.0014
Car 0.0000 0 0.2723 0.0000 0.0000 1242.0000 375.0000 1.6593 1.8787 4.7739 37.4338 2.2317 1.9901 1.7819 0.0014
Car 0.0000 0 -2.6731 667.1262 172.0921 751.3428 203.3936 1.5774 1.6740 4.1032 5.1915 1.5394 38.2109 -2.5395 0.0014
Car 0.0000 0 1.4361 629.3591 171.0636 660.0291 195.4006 1.6240 1.5897 4.0800 2.3454 1.5049 50.2481 1.4821 0.0014
Car 0.0000 0 0.4997 0.0000 0.0000 1242.0000 375.0000 1.6021 1.7893 4.2729 36.7800 2.0898 2.0173 2.0074 0.0013
Car 0.0000 0 0.4683 0.0000 0.0000 1242.0000 375.0000 1.6701 1.8317 4.4231 37.1556 2.1535 2.0036 1.9770 0.0013
Car 0.0000 0 -2.6732 670.3757 171.5805 750.0905 203.0441 1.5899 1.6776 3.8396 5.2537 1.5259 38.2375 -2.5382 0.0013
Car 0.0000 0 1.5208 632.0884 171.7711 658.8628 195.8027 1.6089 1.6437 4.3735 2.4132 1.5368 50.4936 1.5679 0.0013
Car 0.0000 0 0.3008 0.0000 0.0000 1242.0000 375.0000 1.6444 1.8888 4.5385 37.3763 2.2110 1.9576 1.8111 0.0013
Car 0.0000 0 1.5487 794.9774 168.4050 838.5457 210.0913 1.6885 1.7066 4.1622 8.9053 1.5086 31.4507 1.8217 0.0013
Car 0.0000 0 -2.8032 667.8958 171.7206 750.0956 202.8330 1.5744 1.6952 3.9710 5.1919 1.5174 38.1667 -2.6694 0.0013
Car 0.0000 0 0.2720 0.0000 0.0000 1242.0000 375.0000 1.4650 1.7168 3.8418 32.2546 1.7807 1.9185 1.7741 0.0013
Car 0.0000 0 0.9076 643.6055 175.3364 703.6042 203.0401 1.4630 1.5245 3.4608 3.4747 1.6085 40.3016 0.9925 0.0013
Car 0.0000 0 -1.8407 698.8319 173.1027 746.3414 203.5042 1.5552 1.6791 3.3240 5.9498 1.5695 38.6872 -1.6898 0.0013
Car 0.0000 0 1.4612 629.9284 171.0673 659.2258 195.3154 1.6165 1.6015 3.9404 2.3337 1.4978 50.1166 1.5071 0.0013
Car 0.0000 0 -2.6881 698.3213 176.2970 792.5342 213.7984 1.5309 1.5957 3.7207 5.8455 1.6900 31.5177 -2.5070 0.0013
Car 0.0000 0 0.1413 0.0000 0.0000 1242.0000 375.0000 1.5278 1.8300 3.9098 32.5477 2.0431 1.8813 1.6451 0.0013
Pedestrian 0.0000 0 0.3852 0.0000 0.0000 1242.0000 375.0000 1.9890 0.5297 0.5185 16.6851 1.6841 0.0220 1.9370 0.0013
Car 0.0000 0 -0.6040 632.1039 174.8641 692.8339 194.8799 1.4779 1.8057 4.4222 4.0286 1.6383 55.5550 -0.5324 0.0013
Car 0.0000 0 0.1442 742.9694 170.1242 826.4207 203.7909 1.6878 1.8581 4.0254 9.1171 1.5513 37.7767 0.3788 0.0013
Car 0.0000 0 1.6213 625.1721 171.9830 646.6879 193.2061 1.6041 1.5015 3.6888 2.0293 1.5386 56.4354 1.6567 0.0013
Car 0.0000 0 -0.1550 747.2170 168.6776 845.2881 203.2575 1.7398 1.7661 4.6992 9.5424 1.5300 37.3962 0.0925 0.0013
Car 0.0000 0 1.6345 633.7291 175.6079 662.2234 197.4862 1.5577 1.8590 4.6084 2.8781 1.7747 54.3684 1.6867 0.0012
Car 0.0000 0 0.4907 0.0000 0.0000 1242.0000 375.0000 1.7005 1.8664 4.4423 37.1265 2.1016 1.7862 2.0053 0.0012
Cyclist 0.0000 0 -1.6813 896.4034 165.5890 925.6672 243.2794 1.7329 0.4174 1.8471 7.0404 1.5712 17.0365 -1.2962 0.0012
Car 0.0000 0 -0.3287 738.9672 172.5641 826.1006 202.5722 1.5591 1.8035 4.1712 9.1494 1.5444 38.5870 -0.0980 0.0012
Car 0.0000 0 0.3598 704.7949 173.1579 800.5315 210.3767 1.5343 1.5336 3.7925 6.1489 1.5486 31.4154 0.5508 0.0012
Car 0.0000 0 -1.3526 630.5276 172.1498 660.9843 192.9773 1.5618 1.5453 4.0012 2.7980 1.5094 56.2387 -1.3035 0.0012
Car 0.0000 0 0.4747 0.0000 0.0000 1242.0000 375.0000 1.6391 1.8090 4.7304 37.1714 2.1861 2.0366 1.9825 0.0012
Car 0.0000 0 1.7007 623.0049 171.2788 649.3603 192.6935 1.6140 1.5762 3.8608 2.0542 1.4957 56.4137 1.7366 0.0012
Car 0.0000 0 0.0539 0.0000 0.0000 1242.0000 375.0000 1.5226 1.8068 3.9745 32.5116 2.1660 1.7870 1.5604 0.0012
Car 0.0000 0 -2.7531 653.4091 174.2753 741.3044 205.5359 1.6018 1.6184 4.4215 4.6530 1.6823 38.9107 -2.6355 0.0012
Pedestrian 0.0000 0 -3.6613 1067.5459 144.3011 1135.7252 276.6013 1.7649 0.4035 0.6543 6.6448 1.3844 9.8437 -3.0819 0.0012
Car 0.0000 0 1.7753 735.4948 172.0199 780.4889 200.5519 1.4905 1.6372 4.1523 8.2023 1.4472 39.9197 1.9761 0.0011
Car 0.0000 0 -2.6558 655.3781 171.1637 751.9022 203.9435 1.6583 1.7255 4.8771 4.9279 1.5732 38.6056 -2.5303 0.0011
Car 0.0000 0 1.4850 630.3630 170.8466 659.1606 195.3071 1.6285 1.6477 4.0213 2.3440 1.4952 50.0775 1.5311 0.0011
Car 0.0000 0 2.3657 354.4592 175.0052 416.7481 200.7037 1.6098 1.5470 3.9858 -14.7973 1.7586 47.6709 2.0660 0.0011
Car 0.0000 0 1.4828 792.4677 168.7053 843.8862 210.5189 1.6935 1.7617 4.2136 8.9555 1.5258 31.4537 1.7573 0.0011
Car 0.0000 0 1.6951 623.1766 171.4511 648.8859 192.7291 1.6044 1.5580 3.7532 2.0395 1.4990 56.3806 1.7307 0.0011
Car 0.0000 0 -2.6004 698.6746 173.9733 800.2747 213.0420 1.5913 1.6409 4.0850 5.9905 1.6435 31.4688 -2.4146 0.0011
Car 0.0000 0 2.0762 364.9272 172.1535 412.5189 194.8463 1.5985 1.6468 3.9108 -16.1965 1.5496 52.9082 1.7802 0.0011
Car 0.0000 0 0.7025 0.0000 0.0000 1242.0000 375.0000 1.5468 1.5920 3.8550 5.1067 1.4529 0.4152 2.1359 0.0010
Car 0.0000 0 1.5117 794.1071 169.0814 841.4875 210.2766 1.6702 1.7211 3.9970 8.9292 1.5176 31.3870 1.7859 0.0010
Car 0.0000 0 1.6779 626.1470 172.0233 652.0525 193.0839 1.5885 1.6094 4.0405 2.2887 1.5262 56.5357 1.7178 0.0010
Car 0.0000 0 -2.6647 660.7103 171.4863 752.0059 203.4747 1.6109 1.7093 4.5244 5.0448 1.5424 38.3239 -2.5353 0.0010
Car 0.0000 0 0.4908 0.0000 0.0000 1242.0000 375.0000 1.5955 1.7966 4.2919 36.7975 2.0107 1.7574 2.0056 0.0010
Car 0.0000 0 -1.8318 701.7471 170.8920 748.8346 202.0413 1.5979 1.6453 3.4868 6.1154 1.4976 38.8324 -1.6772 0.0010
Car 0.0000 0 1.6774 736.4026 168.3674 773.4417 199.1509 1.6004 1.5969 3.8866 7.9605 1.3675 39.6022 1.8739 0.0010
Car 0.0000 0 -2.7561 703.4080 173.8466 792.5616 211.9942 1.5723 1.5296 3.4931 5.9473 1.6181 31.4058 -2.5712 0.0010
Cyclist 0.0000 0 -0.8656 229.6335 172.9586 257.2710 203.3128 1.7737 0.4035 1.7941 -21.9067 1.7804 43.0851 -1.3337 0.0009
Car 0.0000 0 1.4424 790.2878 167.6318 842.5646 208.6164 1.6685 1.6970 3.7177 8.8531 1.4563 31.3330 1.7149 0.0008
Car 0.0000 0 -2.7651 698.5940 175.5270 796.1753 212.6111 1.5203 1.6983 3.8391 5.9502 1.6440 31.5677 -2.5810 0.0008
Car 0.0000 0 -0.3186 621.6429 172.0461 672.5684 192.1520 1.5712 1.7768 3.6977 2.9314 1.5084 57.7293 -0.2685 0.0008
Car 0.0000 0 -2.7730 705.2914 173.3391 801.7339 211.5896 1.5669 1.5129 3.8074 6.1505 1.5894 31.2497 -2.5810 0.0007
Car 0.0000 0 1.6052 624.6653 172.7469 645.5533 193.4607 1.5673 1.5090 3.8711 1.9708 1.5596 56.5751 1.6394 0.0007
Cyclist 0.0000 0 -1.1587 237.2705 174.6524 256.4500 201.7423 1.5952 0.3605 1.7491 -21.9091 1.7062 43.4866 -1.6232 0.0007
Car 0.0000 0 2.2376 361.1455 172.4241 413.6280 195.1109 1.5857 1.6132 3.8501 -16.1764 1.5560 52.5158 1.9399 0.0007
Car 0.0000 0 -2.7600 675.1737 171.2359 749.1233 203.0066 1.6065 1.6440 3.5032 5.3447 1.5250 38.0650 -2.6220 0.0007
Cyclist 0.0000 0 -2.2009 784.0240 163.4637 813.4507 207.6051 1.7895 0.3973 1.4556 7.7936 1.4092 29.9978 -1.9496 0.0005
Car 0.0000 0 1.4769 791.9996 168.5871 839.7480 208.9096 1.6255 1.6287 3.4703 8.7253 1.4538 30.9357 1.7488 0.0005
Car 0.0000 0 2.2987 356.8853 171.9684 411.2584 194.9217 1.5925 1.6479 3.7834 -16.2971 1.5314 52.1216 1.9968 0.0005
Car 0.0000 0 1.4770 790.5418 168.3426 838.9589 208.6378 1.6376 1.6661 3.5739 8.7570 1.4546 31.2259 1.7476 0.0005
Car 0.0000 0 -3.4723 0.0000 0.0000 1242.0000 375.0000 1.4286 1.6756 3.7618 18.3199 1.6364 0.6499 -1.9531 0.0004
Car 0.0000 0 -2.8229 0.0000 0.0000 1242.0000 375.0000 1.4438 1.7070 4.1583 17.6569 1.7095 0.6863 -1.3077 0.0004
Pedestrian 0.0000 0 -1.9329 191.0842 164.9363 208.7951 199.0077 1.8310 0.6620 0.6176 -22.3290 1.4059 39.2252 -2.4477 0.0003
Pedestrian 0.0000 0 -0.2512 303.7363 170.6171 319.7539 197.1205 1.8788 0.7672 0.8993 -21.4105 1.7206 51.7241 -0.6421 0.0003
Pedestrian 0.0000 0 0.1359 303.4463 170.9977 318.3698 197.3171 1.8677 0.7533 0.8934 -21.4456 1.7363 51.6768 -0.2559 0.0002