Pedestrian 0.0000 0 2.4292 942.5295 135.3297 1075.4701 321.5117 1.9380 0.7359 1.0576 4.4019 1.4695 7.8275 2.9261 0.9597
Pedestrian 0.0000 0 2.4279 942.8233 134.8486 1074.4587 321.6951 1.9429 0.7545 1.0242 4.3963 1.4699 7.8261 2.9244 0.9524
Pedestrian 0.0000 0 2.4251 942.7249 134.6677 1080.4467 321.5982 1.9409 0.7804 1.0787 4.4314 1.4667 7.8334 2.9245 0.9421
Pedestrian 0.0000 0 2.4117 942.4725 134.2568 1078.0802 321.2899 1.9411 0.7824 1.0536 4.4185 1.4628 7.8347 2.9098 0.9393
Pedestrian 0.0000 0 2.4363 941.5287 137.4041 1079.1156 322.3785 1.9265 0.7880 1.0743 4.4289 1.4794 7.8552 2.9344 0.8192
Pedestrian 0.0000 0 2.4614 940.5496 137.4780 1075.6298 321.1587 1.9154 0.7687 1.0550 4.3969 1.4685 7.8428 2.9571 0.8102
Pedestrian 0.0000 0 2.4417 945.4383 137.6784 1075.1718 321.1662 1.9162 0.7449 1.0082 4.4252 1.4707 7.8446 2.9400 0.7601
Car 0.0000 0 -0.0265 0.0000 0.0000 1224.0000 370.0000 1.4905 1.5441 3.4889 1.6784 1.6285 -0.0390 1.3780 0.3087
Car 0.0000 0 0.0756 0.0000 0.0000 1224.0000 370.0000 1.4539 1.5127 3.5474 1.6461 1.6346 0.0025 1.4525 0.3086
Pedestrian 0.0000 0 1.0771 981.3348 221.4909 1075.7212 370.0000 1.1727 0.3446 0.6372 3.1627 1.5063 5.4000 1.5837 0.3059
Car 0.0000 0 -4.0952 0.0000 0.0000 1224.0000 370.0000 1.4793 1.5902 3.7244 1.6296 1.6453 0.2798 -2.8774 0.2922
Car 0.0000 0 4.4465 0.0000 0.0000 1224.0000 370.0000 1.5111 1.6032 4.2837 -2.5106 1.6798 0.0026 3.0064 0.2918
Car 0.0000 0 -0.0032 0.0000 0.0000 1224.0000 370.0000 1.5111 1.5370 3.5867 1.6669 1.6096 -0.1545 1.4680 0.2650
Pedestrian 0.0000 0 0.9567 995.5712 224.6073 1093.7749 370.0000 1.1286 0.3437 0.6022 3.2902 1.4874 5.4038 1.4799 0.2623
Car 0.0000 0 -1.7976 0.0000 0.0000 1224.0000 370.0000 1.4880 1.6018 4.1636 -2.5135 1.6958 0.3953 -3.0883 0.2502
Car 0.0000 0 4.3599 0.0000 0.0000 1224.0000 370.0000 1.5228 1.6197 4.2037 -2.5844 1.7038 0.4055 3.0655 0.2419
Pedestrian 0.0000 0 2.7487 860.6716 165.3775 903.2369 265.9251 1.6480 0.4549 0.5258 4.5798 1.4018 11.8189 3.1111 0.2405
Car 0.0000 0 4.4868 0.0000 0.0000 1224.0000 370.0000 1.5026 1.5865 4.2470 -2.3874 1.6755 0.0190 3.0601 0.2281
Car 0.0000 0 -0.0076 0.0000 0.0000 1224.0000 370.0000 1.4765 1.4927 3.4208 1.6164 1.6522 -0.0560 1.4009 0.2244
Car 0.0000 0 0.3441 0.0000 0.0000 1224.0000 370.0000 1.4527 1.5646 3.7720 1.6144 1.6141 0.2869 1.5551 0.2201
Pedestrian 0.0000 0 -1.0000 971.1370 168.5724 1020.9727 270.3116 1.5952 0.4354 0.6339 6.2751 1.4099 11.4256 -0.5078 0.2177
Car 0.0000 0 -0.8108 0.0000 0.0000 1224.0000 370.0000 1.4815 1.5450 3.4786 1.7139 1.5797 0.1981 0.4662 0.2146
Car 0.0000 0 -3.3974 853.9652 178.5477 1086.0436 261.2426 1.3805 1.5522 3.4694 6.4382 1.3495 12.9020 -2.9426 0.2102
Car 0.0000 0 3.5594 172.0265 0.0000 1224.0000 370.0000 1.4860 1.5148 3.6717 -1.3288 1.6309 -0.2285 2.0617 0.2070
Car 0.0000 0 -0.0023 0.0000 0.0000 1224.0000 370.0000 1.4836 1.5409 3.5113 1.5971 1.6260 -0.0815 1.4197 0.2038
Car 0.0000 0 0.0079 0.0000 0.0000 1224.0000 370.0000 1.5006 1.5562 3.6345 1.8394 1.6003 0.0135 1.3990 0.2031
Pedestrian 0.0000 0 0.9220 996.1201 220.5949 1097.1327 370.0000 1.1758 0.3454 0.6113 3.2982 1.5021 5.3933 1.4470 0.1943
Car 0.0000 0 4.3620 217.5051 0.0000 1224.0000 370.0000 1.5704 1.5985 4.2977 -2.5337 1.7015 -0.2019 2.8407 0.1907
Car 0.0000 0 -0.7859 0.0000 0.0000 843.5504 370.0000 1.5146 1.5893 3.7739 1.6322 1.5829 -0.0117 0.5976 0.1895
Car 0.0000 0 4.3766 0.0000 0.0000 1224.0000 370.0000 1.5377 1.6376 4.4093 -2.6763 1.7044 0.0491 2.9456 0.1869
Car 0.0000 0 0.0213 0.0000 0.0000 1224.0000 370.0000 1.4999 1.5420 3.5422 1.5096 1.6133 -0.2444 1.5412 0.1766
Car 0.0000 0 0.0052 0.0000 0.0000 1224.0000 370.0000 1.4727 1.5873 3.6425 1.8478 1.6287 0.0555 1.3753 0.1756
Car 0.0000 0 -0.8440 0.0000 0.0000 917.6913 370.0000 1.5299 1.5582 3.6149 1.7769 1.5809 -0.0136 0.5556 0.1752
Pedestrian 0.0000 0 2.0075 966.4530 163.6405 1014.3437 268.1591 1.6643 0.4863 0.6045 6.2964 1.3975 11.6303 2.4940 0.1665
Pedestrian 0.0000 0 2.3942 985.5940 173.5511 1035.8519 269.6673 1.5181 0.3793 0.6110 6.5058 1.4100 11.4191 2.9018 0.1645
Car 0.0000 0 -3.9973 0.0000 0.0000 1224.0000 370.0000 1.4884 1.6032 3.9591 1.3091 1.6548 0.3428 -2.8957 0.1632
Car 0.0000 0 4.3907 319.1725 0.0000 1224.0000 370.0000 1.5442 1.6025 4.3293 -2.3797 1.6758 -0.2297 2.8608 0.1625
Pedestrian 0.0000 0 -0.4522 971.9898 170.7141 1023.3779 269.3055 1.5643 0.3950 0.6136 6.2939 1.4107 11.4234 0.0413 0.1624
Car 0.0000 0 0.2356 0.0000 0.0000 1224.0000 370.0000 1.4957 1.5530 3.7420 1.1444 1.6269 -0.0523 1.5754 0.1608
Car 0.0000 0 0.3005 324.3733 0.0000 1224.0000 370.0000 1.5364 1.5348 3.4957 -1.1007 1.6094 -0.0199 -0.9991 0.1588
Car 0.0000 0 -0.8970 0.0000 0.0000 1224.0000 370.0000 1.4766 1.5389 3.5270 1.9094 1.6318 0.4214 0.3035 0.1508
Car 0.0000 0 -4.0480 0.0000 0.0000 1224.0000 370.0000 1.4857 1.6457 3.5771 1.6126 1.6011 0.1758 -2.7759 0.1504
Car 0.0000 0 -0.3334 337.1588 0.0000 1224.0000 370.0000 1.4850 1.5759 3.6076 -0.6877 1.6418 0.1964 -1.2549 0.1423
Car 0.0000 0 0.3943 227.5269 0.0000 1224.0000 370.0000 1.5459 1.5811 3.5937 -1.1888 1.6162 -0.1887 -1.0618 0.1377
Car 0.0000 0 4.4559 0.0000 0.0000 1224.0000 370.0000 1.5427 1.6105 4.3105 -2.1735 1.6774 -0.1481 2.9672 0.1298
Car 0.0000 0 -0.7102 599.4377 0.0000 1224.0000 370.0000 1.5117 1.6171 3.7966 -0.3499 1.6327 0.7043 -1.0362 0.1261
Car 0.0000 0 0.3449 0.0000 0.0000 1224.0000 370.0000 1.4955 1.5570 3.6663 1.1295 1.6542 0.0019 1.6369 0.1142
Car 0.0000 0 0.7049 0.0000 0.0000 1224.0000 370.0000 1.4553 1.5100 3.5742 1.1006 1.6542 0.2274 1.8133 0.1120
Car 0.0000 0 2.6281 16.5518 0.0000 1224.0000 370.0000 1.4537 1.5025 3.6385 -1.3934 1.6554 0.5473 1.6176 0.1119
Car 0.0000 0 3.4730 94.4921 0.0000 1224.0000 370.0000 1.4748 1.5039 3.8283 -1.6708 1.6216 -0.0923 2.0415 0.1116
Car 0.0000 0 -0.6276 5.9554 0.0000 1224.0000 370.0000 1.4803 1.5472 3.7848 -1.2175 1.6325 0.4921 -1.6063 0.1097
Car 0.0000 0 -1.0414 612.3533 253.9924 1224.0000 370.0000 1.4542 1.5257 3.6577 1.8211 1.6350 0.8678 -0.0483 0.1065
Car 0.0000 0 -3.4468 818.8529 176.5730 1081.5537 260.5546 1.4124 1.5972 4.0165 6.0782 1.3480 12.9317 -3.0151 0.1062
Pedestrian 0.0000 0 2.3481 963.1107 165.8210 1015.6334 267.8472 1.6361 0.4627 0.6158 6.2844 1.4024 11.6473 2.8333 0.1057
Pedestrian 0.0000 0 1.2274 280.1877 174.0134 322.7201 271.0612 1.5410 0.4519 0.6548 -5.0372 1.4397 11.6163 0.8300 0.1030
Car 0.0000 0 0.6166 0.0000 0.0000 1224.0000 370.0000 1.4538 1.4798 3.3509 1.3286 1.6621 0.2723 1.7675 0.0964
Car 0.0000 0 -0.2717 855.7711 180.8094 1089.6394 262.7564 1.3672 1.5256 3.4839 6.4754 1.3749 12.8715 0.1863 0.0961
Car 0.0000 0 -2.1780 0.0000 0.0000 856.2230 370.0000 1.5011 1.6428 3.7651 0.5692 1.6743 0.9868 -1.7666 0.0957
Pedestrian 0.0000 0 1.4644 282.4875 172.4823 317.5665 271.1726 1.5603 0.4639 0.6675 -5.0460 1.4352 11.5780 1.0652 0.0952
Car 0.0000 0 -0.1202 452.0865 0.0000 1224.0000 370.0000 1.5638 1.6376 3.6030 -0.7002 1.6035 0.1896 -1.0561 0.0941
Car 0.0000 0 -2.2220 0.0000 0.0000 918.5146 370.0000 1.5335 1.6560 3.9247 0.6552 1.6629 0.8231 -1.7012 0.0927
Car 0.0000 0 -1.2652 0.0000 0.0000 1224.0000 370.0000 1.4400 1.5537 3.4926 1.9422 1.6318 0.8974 -0.2540 0.0918
Car 0.0000 0 -1.0135 0.0000 0.0000 1224.0000 370.0000 1.4971 1.5046 3.5447 2.0758 1.5602 -0.0569 0.4311 0.0914
Car 0.0000 0 0.7366 0.0000 0.0000 1224.0000 370.0000 1.5897 1.6563 4.4662 -0.5472 1.6549 0.0414 -0.2443 0.0900
Car 0.0000 0 -0.1286 0.0000 0.0000 1224.0000 370.0000 1.5233 1.5836 3.8093 1.9350 1.5812 -0.1532 1.3559 0.0900
Car 0.0000 0 3.4179 218.8826 0.0000 1224.0000 370.0000 1.4954 1.5472 4.2366 -1.9901 1.6286 0.3355 2.1687 0.0846
Car 0.0000 0 4.2879 0.0000 0.0000 1224.0000 370.0000 1.5318 1.6556 4.7827 -2.6614 1.6935 0.1233 2.8850 0.0804
Car 0.0000 0 4.2569 0.0000 0.0000 1224.0000 370.0000 1.5288 1.6065 4.2466 -1.4866 1.6506 -0.1157 2.8266 0.0791
Car 0.0000 0 -4.0350 0.0000 0.0000 618.6396 370.0000 1.5314 1.6681 3.9009 1.3847 1.6000 0.0164 -2.7033 0.0784
Pedestrian 0.0000 0 1.9583 987.4804 171.7757 1031.1857 270.6625 1.5507 0.4076 0.6425 6.5022 1.4156 11.4428 2.4648 0.0782
Car 0.0000 0 2.6308 0.0000 0.0000 1224.0000 370.0000 1.5327 1.6099 4.1489 0.2448 1.5939 0.2847 3.0164 0.0780
Car 0.0000 0 3.1287 0.0000 0.0000 1224.0000 370.0000 1.5182 1.5896 4.0595 -0.0119 1.6202 0.5695 3.1178 0.0766
Car 0.0000 0 -1.7451 135.5195 0.0000 993.5817 370.0000 1.5374 1.6348 3.8227 0.2428 1.6163 0.5639 -1.4757 0.0764
Car 0.0000 0 2.9248 170.3838 0.0000 1224.0000 370.0000 1.4652 1.5153 3.8404 -1.6853 1.6659 0.7136 1.9073 0.0763
Car 0.0000 0 -4.0125 0.0000 0.0000 1224.0000 370.0000 1.5104 1.6741 4.0731 1.0533 1.6119 0.1979 -2.8996 0.0758
Car 0.0000 0 4.3454 0.0000 0.0000 1224.0000 370.0000 1.5459 1.6091 4.2841 -2.6794 1.7087 -0.1250 2.8500 0.0705
Car 0.0000 0 2.6479 0.0000 0.0000 1224.0000 370.0000 1.5110 1.6325 4.1747 0.3360 1.6329 0.3905 3.0900 0.0704
Car 0.0000 0 3.1378 262.1440 0.0000 1224.0000 370.0000 1.5321 1.6111 4.0681 -1.8997 1.6493 0.8537 2.1235 0.0698
Car 0.0000 0 2.1189 177.0697 0.0000 1224.0000 370.0000 1.5033 1.6046 4.1750 1.3276 1.6823 0.6988 3.0351 0.0692
Car 0.0000 0 -3.4349 807.1321 175.5799 1060.9873 259.3134 1.4201 1.5704 3.9392 5.8279 1.3383 13.0031 -3.0209 0.0680
Pedestrian 0.0000 0 -0.5335 824.1099 164.6483 869.0328 261.3979 1.6685 0.4648 0.5957 4.2157 1.3967 12.4785 -0.2137 0.0659
Car 0.0000 0 2.7091 0.0000 0.0000 1224.0000 370.0000 1.5084 1.6077 4.1912 0.2319 1.6394 0.4643 2.9975 0.0658
Car 0.0000 0 0.7190 219.8141 0.0000 1224.0000 370.0000 1.5078 1.5966 4.1050 0.7605 1.6256 0.0853 1.7984 0.0652
Car 0.0000 0 2.7693 0.0000 0.0000 1224.0000 370.0000 1.4993 1.5603 4.1814 0.2969 1.6534 0.5963 3.0834 0.0651
Car 0.0000 0 1.2606 0.0000 0.0000 1224.0000 370.0000 1.5051 1.5784 4.1368 -2.0863 1.7037 0.4601 0.0505 0.0647
Pedestrian 0.0000 0 2.5886 831.3167 161.5431 877.6052 262.8754 1.7033 0.5215 0.5611 4.2540 1.3863 12.1963 2.9179 0.0638
Car 0.0000 0 2.5813 0.0000 0.0000 1224.0000 370.0000 1.5961 1.6267 4.0386 0.1682 1.5746 0.0370 3.0221 0.0613
Car 0.0000 0 2.9439 0.0000 0.0000 1224.0000 370.0000 1.5047 1.5581 4.0835 0.1706 1.6309 0.5873 3.1312 0.0612
Car 0.0000 0 0.5580 371.5142 0.0000 1224.0000 370.0000 1.5486 1.6021 4.0921 0.7959 1.6115 -0.1996 1.9758 0.0574
Car 0.0000 0 -2.3457 0.0000 0.0000 1224.0000 370.0000 1.4744 1.5424 3.9785 -0.8030 1.6578 0.4660 -3.1377 0.0568
Car 0.0000 0 -0.4894 0.0000 0.0000 1224.0000 370.0000 1.5300 1.6332 3.8699 1.0179 1.6454 1.0488 0.1505 0.0545
Cyclist 0.0000 0 2.1189 0.0000 0.0000 1224.0000 370.0000 1.9669 0.6065 1.8675 -4.6023 1.7932 -0.3262 0.5490 0.0542
Car 0.0000 0 4.4839 0.0000 0.0000 1224.0000 370.0000 1.4982 1.5864 4.0938 -1.7653 1.6419 0.0537 3.1253 0.0540
Car 0.0000 0 2.3950 0.0000 0.0000 1224.0000 370.0000 1.4800 1.5512 3.9708 0.7020 1.6463 0.6477 3.0227 0.0535
Cyclist 0.0000 0 0.1611 0.0000 0.0000 1224.0000 370.0000 1.6578 0.5048 1.9216 1.6911 1.6274 0.2869 1.3871 0.0533
Cyclist 0.0000 0 -1.8059 964.4078 162.4507 1027.1431 274.1259 1.6907 0.4855 1.7302 6.3275 1.4191 11.5980 -1.3162 0.0527
Car 0.0000 0 -3.9326 0.0000 0.0000 1224.0000 370.0000 1.5126 1.6591 4.1442 0.5676 1.6003 0.1955 -3.1003 0.0512
Car 0.0000 0 2.1895 0.0000 0.0000 1224.0000 370.0000 1.5861 1.6604 4.2426 0.4241 1.6007 0.0175 3.0855 0.0510
Pedestrian 0.0000 0 1.5903 257.7888 166.9124 292.2751 273.5739 1.6520 0.4837 0.6326 -5.3273 1.4432 11.3325 1.1634 0.0504
Car 0.0000 0 3.4662 147.4908 0.0000 1224.0000 370.0000 1.5223 1.5967 4.4679 -1.9678 1.6266 0.0256 2.0727 0.0495
Car 0.0000 0 3.5923 0.0000 0.0000 1224.0000 370.0000 1.5057 1.5509 4.0118 -0.3574 1.6109 0.1038 2.8988 0.0483
Cyclist 0.0000 0 -2.0930 837.2703 161.4958 914.7073 267.9075 1.6887 0.4025 1.7460 4.5532 1.3888 12.1098 -1.7402 0.0479
Car 0.0000 0 -2.3514 0.0000 0.0000 1148.7583 370.0000 1.4937 1.5749 3.7023 1.0054 1.6574 0.6394 -1.5428 0.0470
Pedestrian 0.0000 0 -3.3302 834.2003 164.5926 875.4236 263.4266 1.6642 0.4878 0.5845 4.2534 1.3980 12.1831 -3.0006 0.0458
Car 0.0000 0 2.3864 0.0000 0.0000 1224.0000 370.0000 1.5244 1.6304 4.1250 0.4734 1.6160 0.2076 3.1167 0.0455
Pedestrian 0.0000 0 1.5372 261.3942 169.1043 294.5452 273.7752 1.6273 0.4685 0.5983 -5.3060 1.4518 11.3595 1.1127 0.0446
Pedestrian 0.0000 0 -1.5324 91.9721 173.5615 128.2680 267.4137 1.6574 0.5125 0.6203 -9.0519 1.5365 12.8798 -2.1317 0.0445
Car 0.0000 0 -1.2108 522.8476 0.0000 1224.0000 370.0000 1.5002 1.6514 3.9183 0.0041 1.6393 0.9347 -1.2056 0.0439
Car 0.0000 0 -4.1084 0.0000 0.0000 1224.0000 370.0000 1.5709 1.6526 4.3223 0.6092 1.5842 -0.0066 -3.0153 0.0431
Pedestrian 0.0000 0 1.9385 826.0225 162.7939 866.3103 261.8322 1.6918 0.4848 0.6232 4.2125 1.3910 12.4675 2.2584 0.0427
Car 0.0000 0 -1.7776 341.7801 0.0000 1173.7560 370.0000 1.5939 1.6885 3.9328 0.2537 1.6018 0.2285 -1.3440 0.0426
Car 0.0000 0 0.9060 0.0000 0.0000 1036.9723 370.0000 1.4970 1.6079 3.9577 0.6105 1.6506 0.4490 1.5767 0.0423
Pedestrian 0.0000 0 2.6856 848.6405 162.0034 893.4692 263.5505 1.6993 0.4935 0.5553 4.5041 1.3914 12.1018 3.0351 0.0409
Cyclist 0.0000 0 0.0871 0.0000 0.0000 1224.0000 370.0000 1.6653 0.5276 1.9686 -1.0962 1.5469 -0.0802 -1.2629 0.0408
Pedestrian 0.0000 0 -3.3078 850.9167 163.2964 889.9810 263.1295 1.6722 0.4705 0.5524 4.4995 1.3857 12.1197 -2.9591 0.0389
Car 0.0000 0 -0.9025 544.6781 0.0000 1224.0000 370.0000 1.4996 1.6268 3.6899 -0.2317 1.6297 0.4967 -1.1755 0.0386
Car 0.0000 0 -3.3039 0.0000 0.0000 1224.0000 370.0000 1.4238 1.5989 3.5421 9.6553 1.4158 -0.2809 -1.7360 0.0377
Car 0.0000 0 2.3634 0.0000 0.0000 1224.0000 370.0000 1.5130 1.6407 4.3135 0.5572 1.6795 0.2458 3.1398 0.0364
Car 0.0000 0 -3.1537 0.0000 0.0000 1224.0000 370.0000 1.3738 1.5787 3.6167 9.5972 1.3810 -0.2549 -1.5886 0.0356
Car 0.0000 0 3.4494 0.0000 0.0000 1224.0000 370.0000 1.5727 1.6147 3.9246 -0.2442 1.6019 0.0071 2.8171 0.0351
Car 0.0000 0 -2.8631 0.0000 0.0000 1224.0000 370.0000 1.3736 1.5198 3.7294 9.6860 1.2459 0.3641 -1.3618 0.0350
Car 0.0000 0 0.1161 213.0905 0.0000 1224.0000 370.0000 1.5926 1.7005 3.5851 -0.8002 1.5979 -0.1665 -1.2587 0.0347
Car 0.0000 0 -2.1495 1144.2181 153.8191 1224.0000 214.9881 1.6038 1.6246 3.9879 17.8323 0.9059 20.6151 -1.4424 0.0343
Car 0.0000 0 2.8118 0.0000 0.0000 1224.0000 370.0000 1.5302 1.6241 4.1187 0.0623 1.6074 0.1736 2.9399 0.0339
Car 0.0000 0 -2.1534 0.0000 0.0000 1224.0000 370.0000 1.4354 1.4531 3.5385 1.4320 1.6397 0.9216 -1.2966 0.0328
Car 0.0000 0 2.8343 0.0000 0.0000 1224.0000 370.0000 1.5106 1.6002 4.0270 0.0914 1.6607 0.4713 2.9506 0.0327
Pedestrian 0.0000 0 1.7123 295.4302 185.9705 329.8005 273.6268 1.3579 0.4179 0.6572 -4.7378 1.4504 11.3633 1.3289 0.0319
Pedestrian 0.0000 0 1.6838 295.9345 185.9510 328.8784 273.6648 1.3545 0.4091 0.6886 -4.7349 1.4467 11.3481 1.3002 0.0318
Car 0.0000 0 -0.8853 353.0016 0.0000 1085.8418 370.0000 1.6287 1.7401 3.8182 -0.1663 1.5588 -0.0526 -1.4292 0.0311
Car 0.0000 0 -1.6891 0.0000 0.0000 1130.3522 370.0000 1.4490 1.6227 3.8259 0.2353 1.6558 1.0232 -1.5143 0.0297
Pedestrian 0.0000 0 1.7274 89.4720 168.3492 129.8253 265.9221 1.7226 0.5061 0.6185 -9.0494 1.5097 12.8652 1.1277 0.0284
Car 0.0000 0 3.3437 0.0000 0.0000 1224.0000 370.0000 1.5645 1.6265 4.0332 -0.1169 1.5617 -0.0073 2.9961 0.0282
Car 0.0000 0 -2.9035 0.0000 0.0000 1224.0000 370.0000 1.5448 1.5926 4.0948 -0.2383 1.6622 0.7872 -3.1131 0.0274
Car 0.0000 0 -3.2052 0.0000 0.0000 1224.0000 370.0000 1.3527 1.5663 3.6245 9.6587 1.3855 -0.1683 -1.6490 0.0272
Car 0.0000 0 3.6751 222.6993 0.0000 1224.0000 370.0000 1.5781 1.7041 4.4816 -2.5112 1.6879 0.4194 2.3934 0.0262
Car 0.0000 0 -3.3331 0.0000 0.0000 1224.0000 370.0000 1.5352 1.6482 4.2112 0.7438 1.6714 1.1368 -2.8604 0.0262
Cyclist 0.0000 0 -1.5098 251.7931 170.5389 290.6673 278.5650 1.5870 0.4474 1.5670 -5.3101 1.4423 11.1937 -1.9400 0.0260
Car 0.0000 0 3.1152 0.0000 0.0000 1224.0000 370.0000 1.5505 1.6312 4.1354 -0.1136 1.6199 0.1596 2.8875 0.0248
Car 0.0000 0 1.5120 492.9065 180.6248 567.7045 244.9446 1.3650 1.5461 4.0934 -1.9510 1.3700 17.1557 1.4026 0.0239
Car 0.0000 0 -3.2972 0.0000 0.0000 1224.0000 370.0000 1.5088 1.7201 3.6581 9.8518 1.4234 -0.2131 -1.7362 0.0236
Cyclist 0.0000 0 1.5105 274.5438 177.5229 312.4912 277.8219 1.4908 0.4762 1.4519 -5.0230 1.4483 11.2599 1.1031 0.0223
Car 0.0000 0 -2.3820 1125.8594 153.9396 1224.0000 215.7638 1.6133 1.6339 3.9019 17.4457 0.9218 20.4749 -1.6823 0.0214
Cyclist 0.0000 0 1.4689 278.7172 172.6082 320.2276 274.0025 1.5445 0.4811 1.5007 -5.0497 1.4260 11.5389 1.0682 0.0209
Car 0.0000 0 -2.3586 1128.4816 153.2976 1224.0000 214.9271 1.6074 1.6307 3.9116 17.4882 0.8995 20.4547 -1.6573 0.0208
Car 0.0000 0 -1.7018 579.8917 162.4646 610.1215 186.8803 1.7430 1.7096 4.2763 -0.7797 0.4568 52.7092 -1.7146 0.0208
Car 0.0000 0 -0.3142 0.0000 0.0000 1224.0000 370.0000 1.5508 1.6377 3.8833 2.2473 1.6204 -0.2032 1.2046 0.0206
Car 0.0000 0 2.8346 0.0000 0.0000 1224.0000 370.0000 1.4743 1.5523 3.9249 0.0924 1.6406 0.4442 2.9566 0.0201
Car 0.0000 0 -2.6359 0.0000 0.0000 1224.0000 370.0000 1.5368 1.5535 3.5420 5.5747 1.4684 -0.3135 -1.0655 0.0200
Car 0.0000 0 -2.0460 743.9714 152.6909 787.0265 178.2869 2.0221 1.7531 4.1745 13.2366 -0.1889 58.4799 -1.8227 0.0200
Car 0.0000 0 -1.6187 582.4813 161.8821 608.0381 186.8448 1.7845 1.7009 4.3470 -0.7571 0.4549 52.7598 -1.6312 0.0192
Car 0.0000 0 -1.5231 586.3711 161.7381 612.2133 186.9135 1.8018 1.7202 4.2962 -0.3795 0.4603 52.7814 -1.5284 0.0190
Car 0.0000 0 -1.6245 587.1088 162.2526 613.2487 186.8076 1.7545 1.7242 4.2038 -0.3890 0.4520 52.6650 -1.6300 0.0190
Cyclist 0.0000 0 1.8880 247.1862 169.4126 318.0425 280.7088 1.6032 0.4789 1.7245 -5.0478 1.4452 11.0616 1.4725 0.0188
Car 0.0000 0 -1.4727 590.0352 159.4801 619.2026 184.6040 1.7919 1.7563 4.2609 0.0215 0.2940 52.6310 -1.4704 0.0187
Car 0.0000 0 -1.8572 1176.8788 154.9268 1224.0000 215.6986 1.5950 1.6228 3.8681 18.2953 0.9254 20.6486 -1.1382 0.0186
Car 0.0000 0 -1.8705 743.7673 151.9938 780.7318 179.1619 2.1469 1.7785 4.3066 12.9293 -0.1134 58.3048 -1.6516 0.0185
Car 0.0000 0 -3.1351 0.0000 0.0000 1224.0000 370.0000 1.5115 1.6314 3.9996 0.4899 1.7241 1.1141 -2.8054 0.0184
Car 0.0000 0 3.7218 17.4728 0.0000 1224.0000 370.0000 1.5595 1.6867 4.2447 -2.5104 1.6324 -0.0618 2.2565 0.0182
Car 0.0000 0 -1.7986 726.1982 153.1287 759.1536 179.2738 2.0628 1.7327 4.2890 11.2913 -0.1034 58.1581 -1.6060 0.0181
Car 0.0000 0 1.7653 724.0778 157.7748 755.1536 180.1570 1.8153 1.8422 3.9488 11.3949 -0.0288 59.5846 1.9551 0.0181
Pedestrian 0.0000 0 1.6674 277.4732 176.8266 311.5953 271.5695 1.4653 0.4337 0.6587 -5.0051 1.4102 11.3102 1.2630 0.0180
Car 0.0000 0 -2.1015 743.0389 154.2064 787.1242 178.5829 1.9371 1.7645 4.0416 13.2602 -0.1640 58.7210 -1.8787 0.0172
Pedestrian 0.0000 0 1.7086 278.7761 178.1347 313.4296 271.3392 1.4489 0.4249 0.6141 -4.9928 1.4138 11.3383 1.3059 0.0168
Car 0.0000 0 -1.7927 572.6478 162.1825 608.0322 187.2099 1.7824 1.7228 4.3356 -1.1315 0.4792 52.6607 -1.8122 0.0168
Car 0.0000 0 -1.7914 745.0176 151.9702 778.1934 179.3361 2.1755 1.7921 4.2357 12.9254 -0.0986 58.5050 -1.5733 0.0167
Car 0.0000 0 -1.4116 724.0259 158.1615 754.0475 180.1321 1.7890 1.8574 4.1904 11.4151 -0.0312 59.9334 -1.2226 0.0166
Car 0.0000 0 -2.6458 0.0000 0.0000 1224.0000 370.0000 1.4955 1.5266 3.3062 5.5998 1.4045 -0.0593 -1.1207 0.0162
Car 0.0000 0 -1.9458 1156.4004 159.0740 1224.0000 256.6417 1.4645 1.6407 3.9758 11.6657 1.1445 12.7569 -1.2158 0.0161
Car 0.0000 0 -1.6945 726.9653 152.7281 755.2250 180.3027 2.1958 1.7823 4.2471 11.2351 -0.0157 58.5095 -1.5039 0.0154
Cyclist 0.0000 0 -0.6683 0.0000 0.0000 1224.0000 370.0000 1.7090 0.4490 1.8165 -0.6339 1.6895 0.7594 -1.1965 0.0153
Car 0.0000 0 -1.5195 727.0920 155.4559 751.9491 181.9626 2.1276 1.8250 4.1411 11.2692 0.1186 58.9763 -1.3299 0.0152
Car 0.0000 0 1.8962 0.0000 189.2610 31.8359 242.4760 1.4414 1.6502 3.8968 -19.5632 1.7413 21.9579 1.1772 0.0148
Cyclist 0.0000 0 -2.2581 942.5936 170.4730 1034.8505 260.6225 1.5707 0.4393 1.8341 7.0983 1.3976 13.2567 -1.7748 0.0145
Car 0.0000 0 -2.0436 743.3809 155.7556 784.9682 178.2146 1.7909 1.8121 3.8725 13.2296 -0.1960 58.9048 -1.8220 0.0143
Car 0.0000 0 -1.4727 591.1553 161.6798 619.7356 184.9460 1.6566 1.7110 4.2372 0.0817 0.3179 52.5334 -1.4693 0.0142
Car 0.0000 0 1.3953 476.3087 180.6442 566.6531 244.3840 1.3790 1.5300 3.9090 -2.1982 1.3846 17.3939 1.2737 0.0142
Cyclist 0.0000 0 0.9473 65.0584 168.5143 158.7860 266.9437 1.7237 0.5058 1.7217 -9.0532 1.5154 12.9088 0.3490 0.0142
Car 0.0000 0 -2.2934 1127.0658 152.9588 1224.0000 215.6593 1.6415 1.6966 4.0362 17.5101 0.9221 20.5427 -1.5935 0.0141
Car 0.0000 0 -3.4763 1110.4796 156.0940 1224.0000 217.0067 1.5990 1.6335 4.0084 16.9277 0.9599 20.0271 -2.7808 0.0140
Car 0.0000 0 1.7467 724.4767 156.4005 754.4176 180.7329 1.9707 1.8318 3.7963 11.3357 0.0201 59.3603 1.9362 0.0139
Car 0.0000 0 -1.6779 580.7910 164.4911 609.4739 187.7649 1.6605 1.6953 4.2013 -0.7669 0.5196 52.6267 -1.6906 0.0138
Car 0.0000 0 -0.3078 580.7892 163.9895 639.7255 185.7656 1.5577 1.6674 4.0152 0.3849 0.3780 51.9610 -0.2986 0.0138
Car 0.0000 0 -2.0845 1145.1831 153.5045 1224.0000 216.4013 1.6463 1.6896 4.1015 17.8670 0.9413 20.6763 -1.3779 0.0138
Car 0.0000 0 -1.6539 587.1162 164.7013 614.2861 187.6058 1.6352 1.6860 4.1085 -0.3498 0.5086 52.5930 -1.6587 0.0137
Car 0.0000 0 1.3056 740.9004 156.0066 775.0810 177.9553 1.7797 1.7815 4.2399 12.9495 -0.2225 59.9918 1.5190 0.0136
Car 0.0000 0 -1.8087 572.5249 164.0746 608.0557 187.5768 1.6715 1.6934 4.2170 -1.1311 0.5046 52.5371 -1.8283 0.0135
Pedestrian 0.0000 0 1.7316 268.4426 174.7238 306.2838 273.3663 1.4958 0.4389 0.6467 -5.0181 1.4099 11.0846 1.3191 0.0135
Pedestrian 0.0000 0 1.7734 265.9482 172.7857 306.8700 273.0151 1.5165 0.4541 0.6706 -5.0249 1.4015 11.0686 1.3598 0.0134
Car 0.0000 0 -0.2572 1119.1973 154.1482 1224.0000 215.6421 1.6179 1.6704 4.0455 17.3254 0.9262 20.2219 0.4450 0.0133
Car 0.0000 0 -1.0015 1191.2583 149.7235 1224.0000 213.5691 1.6541 1.7464 3.9169 18.6704 0.8583 19.6395 -0.2478 0.0132
Car 0.0000 0 -1.7100 748.1392 155.2715 778.1379 178.8978 1.8471 1.8034 4.3460 12.8993 -0.1349 57.8156 -1.4898 0.0130
Car 0.0000 0 -2.0701 1158.7194 152.7858 1224.0000 215.8960 1.6337 1.6750 3.8054 17.9041 0.9179 20.3363 -1.3543 0.0130
Car 0.0000 0 -2.3620 1138.8457 153.9106 1224.0000 215.9869 1.5846 1.7397 4.1109 17.7146 0.9075 20.1595 -1.6472 0.0130
Car 0.0000 0 -0.3028 584.5947 160.4615 649.1565 183.1803 1.6238 1.7480 4.4274 0.8705 0.1929 51.9914 -0.2843 0.0129
Car 0.0000 0 -1.9098 746.5205 154.5572 785.6896 179.0108 1.9283 1.8060 4.3296 13.2393 -0.1263 58.2808 -1.6858 0.0128
Car 0.0000 0 -1.7222 744.4874 151.2212 774.5380 178.9554 2.1823 1.7620 4.4282 12.6757 -0.1308 58.1504 -1.5069 0.0127
Car 0.0000 0 -0.2768 583.4174 163.0172 643.7360 185.3710 1.6006 1.6937 4.1286 0.6256 0.3501 51.9756 -0.2630 0.0126
Car 0.0000 0 -1.8916 744.8452 156.9360 780.6412 178.6344 1.7496 1.8078 3.8492 13.2144 -0.1607 59.3581 -1.6719 0.0125
Car 0.0000 0 -1.5874 747.3137 152.2766 770.9756 179.1532 2.1242 1.8342 4.2098 12.6993 -0.1142 58.3473 -1.3724 0.0124
Car 0.0000 0 -1.7613 1190.2240 153.9174 1224.0000 215.7338 1.6107 1.6146 3.5780 18.2326 0.9197 20.3694 -1.0373 0.0124
Car 0.0000 0 -2.0136 1159.3267 155.3989 1224.0000 216.8797 1.6208 1.6606 3.9274 18.1733 0.9607 20.7492 -1.3002 0.0124
Car 0.0000 0 -1.7920 0.0000 0.0000 1224.0000 370.0000 1.5537 1.5507 3.5356 5.5675 1.4751 -0.0366 -0.2712 0.0123
Cyclist 0.0000 0 -1.4552 76.6605 171.3668 121.6825 270.9994 1.6546 0.4458 1.6479 -9.0126 1.5046 12.5682 -2.0635 0.0123
Car 0.0000 0 -2.7569 0.0000 0.0000 1224.0000 370.0000 1.5691 1.5216 3.3305 5.8374 1.5328 -0.0674 -1.2285 0.0122
Car 0.0000 0 -0.0746 587.1969 160.8653 646.0560 183.5684 1.6277 1.7111 4.1844 0.8256 0.2213 51.6611 -0.0569 0.0122
Pedestrian 0.0000 0 -1.6508 83.9116 172.3178 121.7999 269.6295 1.6849 0.5092 0.6483 -9.0336 1.5449 12.6495 -2.2573 0.0122
Car 0.0000 0 3.0267 585.5009 165.0700 640.2858 186.8266 1.5575 1.6785 3.8344 0.5585 0.4542 51.6417 3.0393 0.0121
Pedestrian 0.0000 0 0.5936 532.7336 173.8784 571.7306 269.6272 1.7224 0.4270 0.5777 -1.0161 1.6049 13.0426 0.5193 0.0121
Cyclist 0.0000 0 -1.6979 87.6015 168.2887 132.7006 267.7359 1.6927 0.4683 1.7582 -9.0509 1.4865 12.8418 -2.2984 0.0121
Car 0.0000 0 -1.8615 571.2277 164.2711 609.2670 187.8296 1.6753 1.7154 4.1183 -1.1334 0.5225 52.4981 -1.8812 0.0120
Car 0.0000 0 -2.6964 0.0000 0.0000 1224.0000 370.0000 1.4891 1.5540 3.5478 5.7507 1.4249 -0.1178 -1.1599 0.0119
Car 0.0000 0 -1.6237 747.0508 154.2916 772.3657 178.7746 1.9066 1.7903 4.2011 12.5767 -0.1448 57.5892 -1.4080 0.0118
Car 0.0000 0 -2.7104 0.0000 0.0000 1224.0000 370.0000 1.5873 1.5477 3.3321 5.8241 1.5267 -0.0350 -1.1876 0.0112
Car 0.0000 0 1.2162 1160.2090 156.8084 1224.0000 256.9252 1.4979 1.6132 4.0787 11.7096 1.1451 12.7668 1.9477 0.0111
Car 0.0000 0 1.4292 746.0700 156.9675 774.6396 180.1619 1.8633 1.7881 3.8911 12.9098 -0.0279 58.8618 1.6458 0.0110
Car 0.0000 0 1.6803 0.0000 186.0500 4.5525 246.6400 1.4941 1.5974 4.2599 -18.3187 1.6701 20.0287 0.9490 0.0110
Car 0.0000 0 -1.7615 578.9279 165.5328 611.7937 188.4925 1.6358 1.7042 4.0538 -0.7505 0.5707 52.5282 -1.7739 0.0108
Car 0.0000 0 -1.5548 1209.0677 154.0252 1224.0000 216.8941 1.6408 1.6507 3.6899 18.5509 0.9514 20.3614 -0.8220 0.0106
Pedestrian 0.0000 0 1.2716 79.5249 168.3797 127.3119 268.2502 1.7279 0.5270 0.6758 -9.0172 1.5198 12.6439 0.6657 0.0106
Pedestrian 0.0000 0 -1.8752 106.1458 170.5620 150.2865 263.4728 1.6441 0.4969 0.6660 -8.7526 1.4698 12.9092 -2.4578 0.0104
Car 0.0000 0 -3.7258 1146.3555 153.8752 1224.0000 215.7690 1.6381 1.6251 3.6854 17.6277 0.9350 19.7656 -3.0039 0.0104
Car 0.0000 0 -2.2006 0.0000 170.7179 27.8947 205.4482 1.5365 1.6825 4.2439 -29.1444 1.1052 32.5557 -2.9241 0.0104
Car 0.0000 0 1.4610 746.2367 157.8541 773.7638 179.5840 1.7476 1.8342 3.8107 12.9167 -0.0779 59.0188 1.6771 0.0103
Pedestrian 0.0000 0 0.7310 532.5453 170.8819 571.2466 269.7382 1.7771 0.4621 0.5431 -1.0239 1.6059 13.0545 0.6563 0.0103
Cyclist 0.0000 0 0.8265 77.5159 164.9845 178.4995 264.8810 1.7613 0.4949 1.7353 -8.7550 1.4894 12.9112 0.2438 0.0103
Car 0.0000 0 -0.7998 1184.7616 158.8201 1224.0000 253.8875 1.4638 1.6732 4.0021 12.2592 1.1316 11.7266 -0.0041 0.0102
Car 0.0000 0 -1.1605 590.0707 161.4494 632.7583 184.5609 1.6385 1.6814 4.0403 0.5273 0.2892 52.3078 -1.1486 0.0102
Car 0.0000 0 -0.8208 1181.9504 160.4992 1224.0000 254.7677 1.4513 1.6656 4.1356 12.2852 1.1450 11.7656 -0.0257 0.0101
Car 0.0000 0 -0.6975 1190.7719 158.6955 1224.0000 256.8166 1.4443 1.6324 4.0645 12.2197 1.1250 11.4345 0.1089 0.0101
Car 0.0000 0 3.8015 0.0000 171.6895 27.4427 205.4612 1.4909 1.7016 4.3622 -29.2690 1.1034 32.2123 3.0707 0.0100
Car 0.0000 0 3.0480 583.8452 166.9429 641.3789 188.2696 1.5266 1.7171 4.0583 0.5344 0.5574 51.6267 3.0601 0.0100
Car 0.0000 0 3.7635 0.0000 170.2376 27.3284 205.1109 1.5347 1.6968 4.2485 -29.2129 1.0845 32.1838 3.0332 0.0096
Car 0.0000 0 -1.4126 1210.3107 154.2114 1224.0000 217.4549 1.6404 1.7060 4.2138 18.9961 0.9601 20.3071 -0.6667 0.0096
Car 0.0000 0 1.4604 745.5900 156.4595 773.4989 178.9884 1.8156 1.8561 3.9916 12.9467 -0.1301 59.3390 1.6760 0.0096
Car 0.0000 0 2.2093 0.0000 171.1028 13.7465 207.0599 1.4253 1.6072 4.1011 -27.6006 1.0543 30.1390 1.4750 0.0096
Car 0.0000 0 3.5998 0.0000 171.7778 21.4087 206.6313 1.4996 1.6995 4.3450 -29.3181 1.1258 31.8324 2.8623 0.0095
Car 0.0000 0 1.2277 1156.0558 155.2932 1224.0000 252.3049 1.4775 1.5732 3.7646 11.5616 1.0952 12.8029 1.9516 0.0094
Car 0.0000 0 -1.6298 742.3201 151.8721 767.3965 179.3717 2.1661 1.7688 4.1446 12.2809 -0.0949 58.0495 -1.4206 0.0094
Car 0.0000 0 3.6277 0.0000 171.9751 24.8436 208.0490 1.5539 1.7332 4.5658 -29.3118 1.1882 31.8578 2.8907 0.0094
Car 0.0000 0 -2.4789 1107.3630 154.0298 1224.0000 216.5240 1.6200 1.6529 4.2031 17.1681 0.9354 20.5537 -1.7889 0.0093
Car 0.0000 0 -1.4607 0.0000 0.0000 1224.0000 370.0000 1.4821 1.6736 3.7307 -19.8821 1.6830 0.5360 -2.9867 0.0092
Cyclist 0.0000 0 -0.2157 151.2183 0.0000 1224.0000 370.0000 1.6656 0.4407 1.7971 -1.0685 1.6795 0.4277 -1.1722 0.0092
Car 0.0000 0 -2.8316 0.0000 0.0000 1224.0000 370.0000 1.4974 1.5214 3.4614 5.9650 1.5107 -0.0748 -1.3009 0.0092
Car 0.0000 0 2.1532 0.0000 170.4313 14.6943 205.9102 1.4246 1.6761 3.8070 -27.6185 1.0218 30.3910 1.4226 0.0092
Car 0.0000 0 -1.4844 1210.3544 151.5625 1224.0000 215.3749 1.6407 1.7025 4.2681 18.7494 0.8983 20.2456 -0.7435 0.0091
Car 0.0000 0 1.8732 0.0000 186.1709 6.7144 245.3568 1.4800 1.5112 3.8801 -18.7095 1.6599 20.1508 1.1344 0.0091
Car 0.0000 0 -2.5837 1107.8230 154.3626 1224.0000 216.1802 1.5922 1.6343 4.1034 17.1108 0.9206 20.4103 -1.8920 0.0091
Car 0.0000 0 -0.7953 1183.8921 163.7124 1224.0000 255.1104 1.4122 1.6260 3.8691 12.1695 1.1545 11.7405 -0.0039 0.0091
Car 0.0000 0 2.1682 0.0000 169.5114 16.2818 205.8178 1.4486 1.6550 4.0483 -27.5822 1.0116 30.3217 1.4372 0.0090
Car 0.0000 0 1.9438 0.0000 187.7113 36.5132 239.0795 1.4290 1.6017 3.8198 -19.7479 1.6793 22.3128 1.2280 0.0090
Car 0.0000 0 -1.6294 488.8723 181.7092 559.1578 240.9916 1.3356 1.5474 3.6065 -2.1710 1.3711 17.9124 -1.7461 0.0090
Car 0.0000 0 1.8864 0.0000 180.2768 11.6995 239.3285 1.4978 1.5941 4.0365 -18.6184 1.4937 20.0963 1.1488 0.0090
Car 0.0000 0 1.7801 0.0000 178.5252 42.7010 221.6034 1.5014 1.5719 3.9337 -22.7419 1.4341 26.7427 1.0830 0.0088
Car 0.0000 0 2.0984 0.0000 170.0213 19.0670 204.0766 1.3968 1.6891 3.4733 -27.6368 0.9685 30.8631 1.3751 0.0088
Car 0.0000 0 1.1926 1153.2751 152.8405 1224.0000 254.7533 1.5296 1.5827 3.9255 11.5426 1.1161 12.7219 1.9187 0.0087
Car 0.0000 0 -2.7752 0.0000 0.0000 1224.0000 370.0000 1.5310 1.4926 3.2439 5.8307 1.4633 -0.1136 -1.2390 0.0086
Car 0.0000 0 -1.8122 728.6851 152.7444 761.9938 179.4070 2.1130 1.7413 4.1859 11.5464 -0.0923 58.3334 -1.6160 0.0086
Car 0.0000 0 1.9297 0.0000 187.3120 35.5949 238.9085 1.4392 1.5851 3.8670 -19.7858 1.6763 22.3561 1.2140 0.0086
Car 0.0000 0 4.6470 0.0000 0.0000 1224.0000 370.0000 1.4772 1.6175 3.5772 -19.4808 1.6715 0.5919 3.1248 0.0085
Car 0.0000 0 -3.0943 0.0000 0.0000 1224.0000 370.0000 1.6726 1.7213 4.5541 19.7675 1.0037 2.0691 -1.6425 0.0085
Car 0.0000 0 -2.2091 0.0000 169.9005 29.1110 204.2995 1.5248 1.6802 4.0528 -29.0406 1.0564 32.5825 -2.9304 0.0085
Car 0.0000 0 1.7772 725.2076 159.0092 756.1290 180.6894 1.7705 1.8455 3.7112 11.5229 0.0167 59.8037 1.9684 0.0084
Car 0.0000 0 -2.5542 1107.2943 154.3172 1224.0000 216.3300 1.6027 1.6469 4.1807 17.1848 0.9276 20.5075 -1.8627 0.0083
Car 0.0000 0 -1.1830 0.0000 193.5107 21.3660 249.2813 1.4260 1.5995 3.6722 -19.1575 1.8509 21.0031 -1.9134 0.0083
Car 0.0000 0 -0.8202 1134.5859 158.1771 1224.0000 216.6560 1.5326 1.5826 4.0874 17.1397 0.9492 19.5288 -0.1063 0.0082
Car 0.0000 0 1.1762 1153.2800 155.7979 1224.0000 251.3702 1.4408 1.5718 3.7803 11.5210 1.0701 12.6974 1.9023 0.0082
Car 0.0000 0 -1.5782 0.0000 0.0000 1224.0000 370.0000 1.4758 1.6217 3.5229 -19.6798 1.6845 0.5499 -3.1030 0.0081
Car 0.0000 0 0.2501 0.0000 0.0000 1224.0000 370.0000 1.5031 1.6574 3.7830 -19.1819 1.6044 0.3742 -1.2828 0.0081
Car 0.0000 0 -0.4107 1199.6210 147.3840 1224.0000 261.0816 1.5027 1.6302 4.3997 12.2479 1.0667 10.9757 0.4167 0.0080
Cyclist 0.0000 0 -1.6551 745.6120 158.4777 751.9801 179.7911 1.7774 0.3740 1.8529 12.2090 -0.0599 59.9622 -1.4534 0.0079
Car 0.0000 0 -1.2633 1203.3436 154.8088 1224.0000 217.8812 1.6504 1.7235 4.0883 19.0966 0.9797 20.2510 -0.5135 0.0079
Car 0.0000 0 -1.5160 1207.5592 151.7177 1224.0000 218.6429 1.7398 1.7559 4.6911 18.9812 0.9932 20.6485 -0.7787 0.0079
Car 0.0000 0 3.4411 0.0000 170.6945 19.3521 207.3721 1.5462 1.7510 4.4324 -29.2147 1.1343 31.5388 2.7008 0.0078
Car 0.0000 0 0.0637 0.0000 0.0000 1224.0000 370.0000 1.4590 1.5325 3.0900 -18.9779 1.5388 0.7571 -1.4486 0.0078
Car 0.0000 0 -0.6988 1192.0181 159.8684 1224.0000 256.1971 1.4215 1.6603 3.8332 12.1387 1.1187 11.4525 0.1035 0.0077
Car 0.0000 0 1.5125 588.5198 166.1651 612.9675 188.0920 1.5662 1.5884 3.9617 -0.3418 0.5436 52.5264 1.5078 0.0077
Car 0.0000 0 1.8965 0.0000 181.3240 9.1704 239.7236 1.4768 1.5576 4.0316 -18.6910 1.5043 20.0945 1.1569 0.0076
Car 0.0000 0 1.7343 0.0000 183.6512 8.4137 241.9432 1.4495 1.6060 4.2197 -18.3394 1.5502 20.0260 1.0025 0.0076
Car 0.0000 0 -2.0641 1148.0986 154.4285 1224.0000 216.4269 1.6242 1.6368 4.0457 17.8717 0.9428 20.6687 -1.3572 0.0074
Car 0.0000 0 3.6179 0.0000 169.7259 21.1705 205.8957 1.5585 1.7053 4.2224 -29.2521 1.0957 31.8278 2.8815 0.0074
Car 0.0000 0 -1.9090 830.0610 144.3273 895.4459 182.6163 1.8917 1.8302 4.4769 13.4371 0.1060 37.1728 -1.5629 0.0074
Cyclist 0.0000 0 -1.6672 746.2701 160.0109 752.9608 179.8927 1.6487 0.3948 1.6446 12.1876 -0.0506 59.5190 -1.4645 0.0073
Car 0.0000 0 1.7143 0.0000 182.6731 9.1920 241.9178 1.4808 1.6492 4.1637 -18.2827 1.5506 20.0173 0.9838 0.0073
Car 0.0000 0 1.4469 582.1154 168.3919 608.0811 190.0759 1.5462 1.4961 3.5198 -0.7546 0.6841 52.2573 1.4343 0.0073
Car 0.0000 0 -2.3064 1125.5334 154.8901 1224.0000 216.7124 1.6197 1.6295 4.0282 17.4601 0.9503 20.5629 -1.6084 0.0073
Car 0.0000 0 -2.4878 1110.0193 152.3297 1224.0000 215.5533 1.6394 1.6632 4.1465 17.2245 0.9105 20.5359 -1.7959 0.0072
Car 0.0000 0 -0.6744 1192.2029 155.8965 1224.0000 255.3143 1.4564 1.7016 3.9665 12.2465 1.0976 11.4572 0.1321 0.0072
Car 0.0000 0 1.6653 0.0000 179.1497 28.6156 222.8903 1.5199 1.5747 4.2924 -23.0732 1.4745 26.7747 0.9616 0.0072
Car 0.0000 0 -0.2363 0.0000 0.0000 1224.0000 370.0000 1.4318 1.6639 4.1172 -26.4683 1.6513 1.6364 -1.7315 0.0072
Pedestrian 0.0000 0 -0.3533 828.5969 158.7244 844.4521 191.6614 1.7846 0.7523 0.6001 12.6572 0.6062 38.6921 -0.0378 0.0071
Car 0.0000 0 -2.3811 0.0000 177.9326 36.3831 220.8746 1.5065 1.6874 4.2237 -23.4660 1.4180 25.7035 -3.1131 0.0071
Car 0.0000 0 -1.9415 1197.4094 152.3282 1224.0000 214.6513 1.6231 1.6484 4.0780 19.1112 0.8910 20.6079 -1.1998 0.0070
Car 0.0000 0 3.6825 0.0000 168.9910 31.4571 203.6243 1.5103 1.7167 4.3965 -29.0629 1.0099 32.0832 2.9532 0.0070
Car 0.0000 0 -0.8997 0.0000 182.9722 33.8759 241.6962 1.5627 1.6741 3.7952 -19.2216 1.6442 20.9199 -1.6335 0.0069
Car 0.0000 0 -2.8480 0.0000 0.0000 1224.0000 370.0000 1.4169 1.5104 3.0788 5.8931 1.4964 0.0606 -1.3408 0.0069
Car 0.0000 0 1.5935 745.8713 157.7261 768.3741 180.0081 1.7842 1.7415 3.7553 12.6786 -0.0411 58.7300 1.8069 0.0069
Car 0.0000 0 1.7077 0.0000 185.8260 20.7693 237.0997 1.4375 1.6450 4.1825 -19.9601 1.6249 22.4734 0.9901 0.0069
Car 0.0000 0 1.7400 590.6163 163.9732 621.2425 186.0867 1.5752 1.6190 3.9891 0.1162 0.3992 52.4640 1.7440 0.0069
Car 0.0000 0 1.7298 0.0000 188.9004 22.1949 240.3261 1.4227 1.6562 4.1168 -19.9508 1.7170 22.4524 1.0120 0.0068
Car 0.0000 0 -2.0354 823.1246 143.3920 896.4954 184.5296 2.0446 1.8637 4.4028 13.3736 0.2017 37.4353 -1.6931 0.0067
Car 0.0000 0 3.9975 0.0000 0.0000 1224.0000 370.0000 1.3983 1.5932 3.4445 -19.4140 1.6921 0.1248 2.4514 0.0066
Car 0.0000 0 1.5996 0.0000 185.3557 7.8722 234.8610 1.3989 1.6440 4.3134 -20.2092 1.5706 22.5872 0.8784 0.0066
Car 0.0000 0 -2.5539 0.0000 0.0000 1224.0000 370.0000 1.6361 1.6986 4.2429 20.6589 0.8614 1.5406 -1.0716 0.0066
Car 0.0000 0 1.8455 541.5458 158.5368 598.7841 195.6364 1.5525 1.5871 3.7560 -1.5094 0.6349 31.5923 1.8002 0.0066
Car 0.0000 0 3.5144 0.0000 169.0540 21.8452 204.3744 1.5099 1.7147 4.1410 -29.1121 1.0221 31.7568 2.7793 0.0066
Car 0.0000 0 1.8041 0.0000 174.2250 38.7766 209.2150 1.5506 1.5940 3.9582 -28.3419 1.2740 33.4549 1.1077 0.0065
Car 0.0000 0 -1.8425 1174.0406 153.7721 1224.0000 216.8802 1.6498 1.6670 4.1103 18.2741 0.9526 20.6921 -1.1250 0.0065
Car 0.0000 0 1.6277 729.0318 159.3518 753.0582 181.4003 1.7963 1.7843 3.6024 11.5046 0.0746 59.5634 1.8193 0.0064
Car 0.0000 0 1.7483 0.0000 177.4796 45.2428 220.5806 1.5105 1.5710 4.0567 -22.7293 1.4062 26.9258 1.0548 0.0064
Car 0.0000 0 -1.4369 1206.5198 155.8408 1224.0000 220.5377 1.6911 1.7083 4.2049 18.9646 1.0481 20.4801 -0.6961 0.0064
Pedestrian 0.0000 0 -2.7362 528.0739 172.4486 564.7201 269.7496 1.7923 0.5061 0.5334 -1.1455 1.6456 13.3437 -2.8183 0.0063
Car 0.0000 0 1.7510 0.0000 188.3467 26.2798 239.7915 1.4313 1.6722 4.0412 -19.9004 1.7065 22.4906 1.0352 0.0063
Car 0.0000 0 1.3745 742.9089 157.2359 773.2575 179.6250 1.8139 1.7407 4.0168 12.8485 -0.0749 59.4616 1.5880 0.0063
Car 0.0000 0 -4.2875 0.0000 0.0000 1224.0000 370.0000 1.3974 1.6053 3.4964 10.2592 1.2698 0.0797 -2.7546 0.0063
Car 0.0000 0 -1.4626 0.0000 0.0000 1224.0000 370.0000 1.6915 1.7735 4.2502 20.4805 1.0375 0.0803 0.0900 0.0062
Car 0.0000 0 -0.8815 1213.6450 153.4998 1224.0000 218.6725 1.6982 1.7829 4.4786 19.6686 0.9962 19.5267 -0.0990 0.0061
Pedestrian 0.0000 0 1.4679 1158.9102 154.8761 1201.6008 260.2848 1.6668 0.4681 0.6551 9.3659 1.2633 11.5774 2.1363 0.0061
Car 0.0000 0 -2.9421 0.0000 0.0000 1224.0000 370.0000 1.5950 1.5375 3.1278 6.0475 1.5693 0.0467 -1.4309 0.0060
Car 0.0000 0 -0.5748 0.0000 134.3727 319.5739 370.0000 1.8683 1.8511 4.5876 -5.7438 1.5066 8.0389 -1.1749 0.0060
Pedestrian 0.0000 0 2.5005 674.3987 161.6118 703.8852 231.7040 1.7577 0.5274 0.5408 2.1144 1.2856 18.0890 2.6166 0.0060
Pedestrian 0.0000 0 1.0286 92.8722 176.1559 148.1594 273.2066 1.6840 0.4894 0.7787 -8.7135 1.6103 12.6504 0.4388 0.0059
Car 0.0000 0 -1.3687 788.3037 149.8682 828.5189 180.0690 1.9256 1.7513 4.3870 13.7098 -0.0291 47.4934 -1.0876 0.0059
Car 0.0000 0 3.4944 0.0000 167.7726 19.3501 206.2895 1.6334 1.7536 4.2703 -29.1791 1.0952 31.5962 2.7556 0.0059
Car 0.0000 0 1.5446 0.0000 181.8887 13.6296 239.8403 1.4708 1.6696 4.1337 -18.0971 1.5160 20.1212 0.8218 0.0059
Car 0.0000 0 3.8170 0.0000 173.1117 34.3684 218.7746 1.5793 1.7259 4.5070 -23.5773 1.3253 25.4534 3.0779 0.0059
Car 0.0000 0 -2.4786 0.0000 0.0000 1224.0000 370.0000 1.5828 1.6648 4.2596 20.5769 0.8358 1.1868 -0.9796 0.0059
Car 0.0000 0 3.7597 0.0000 177.5831 33.5748 221.9465 1.5238 1.7045 4.1557 -23.3812 1.4252 25.3731 3.0232 0.0059
Car 0.0000 0 0.1012 554.5189 161.9929 643.0948 197.1886 1.5791 1.6378 3.9527 -0.2653 0.7502 32.7199 0.0950 0.0059
Car 0.0000 0 3.0445 0.0000 0.0000 1224.0000 370.0000 1.4718 1.6510 4.4137 -26.7437 1.6402 1.7506 1.5527 0.0059
Car 0.0000 0 3.0184 0.0000 0.0000 1224.0000 370.0000 1.5092 1.6770 4.0070 -26.8562 1.7038 2.0254 1.5364 0.0058
Car 0.0000 0 3.8701 0.0000 176.9755 29.6753 221.4099 1.5415 1.6989 4.1742 -23.4797 1.4208 25.3938 3.1319 0.0058
Car 0.0000 0 -1.9154 454.8384 181.0709 567.5492 241.3863 1.3575 1.5874 3.9906 -2.5487 1.3754 18.0842 -2.0513 0.0058
Car 0.0000 0 2.8353 0.0000 0.0000 1224.0000 370.0000 1.4287 1.6238 4.0760 -26.3778 1.6428 1.6521 1.3408 0.0058
Car 0.0000 0 -1.6075 1207.3724 152.6398 1224.0000 215.8341 1.6534 1.6450 3.9757 18.5945 0.9261 20.5494 -0.8781 0.0058
Car 0.0000 0 -3.3446 1100.7295 154.7724 1224.0000 217.4300 1.6419 1.6465 4.4455 17.0170 0.9693 20.2931 -2.6529 0.0058
Car 0.0000 0 -1.1053 1201.0308 153.8775 1224.0000 215.6241 1.6137 1.6548 3.9156 18.9755 0.9195 19.9230 -0.3507 0.0058
Car 0.0000 0 -2.7637 0.0000 0.0000 1224.0000 370.0000 1.5985 1.6809 4.2617 20.2389 0.8926 1.6481 -1.2886 0.0057
Car 0.0000 0 3.3449 0.0000 171.1144 35.0103 211.4372 1.4810 1.7142 4.6844 -25.6478 1.1378 27.8924 2.6089 0.0057
Car 0.0000 0 0.2410 0.0000 0.0000 1224.0000 370.0000 1.4059 1.5094 3.4854 -18.9875 1.5737 0.3660 -1.2918 0.0057
Car 0.0000 0 -1.1390 0.0000 0.0000 1224.0000 370.0000 1.5311 1.6754 3.7238 -19.8145 1.6762 0.9866 -2.6422 0.0057
Car 0.0000 0 3.7549 0.0000 173.8127 25.9985 221.1546 1.6134 1.6826 4.1011 -23.4828 1.3871 25.1898 3.0127 0.0056
Car 0.0000 0 1.9476 0.0000 174.4383 52.6660 209.2245 1.5470 1.5694 3.8993 -27.9998 1.2789 33.5347 1.2583 0.0056
Car 0.0000 0 2.8181 0.0000 0.0000 1224.0000 370.0000 1.4548 1.6018 3.8040 -26.4350 1.7341 1.7837 1.3284 0.0056
Car 0.0000 0 2.9870 0.0000 0.0000 1224.0000 370.0000 1.5152 1.6689 4.2097 -26.7993 1.7331 1.8573 1.4990 0.0056
Car 0.0000 0 -2.8893 0.0000 0.0000 1224.0000 370.0000 1.5760 1.5546 3.1711 5.9636 1.5540 0.0269 -1.3757 0.0056
Car 0.0000 0 -2.6653 0.0000 0.0000 1224.0000 370.0000 1.5895 1.6983 4.3097 20.2312 0.8401 1.0517 -1.1610 0.0056
Car 0.0000 0 1.5010 0.0000 185.5460 18.2799 245.0201 1.4893 1.5842 4.2266 -18.0105 1.6490 20.0974 0.7799 0.0056
Car 0.0000 0 -1.5466 0.0000 0.0000 1224.0000 370.0000 1.4494 1.7189 4.3332 10.5140 1.0690 0.9045 -0.0907 0.0055
Car 0.0000 0 1.4643 674.6984 163.3069 726.6949 203.3977 1.5217 1.6476 4.3064 3.8238 0.8706 29.0059 1.5958 0.0055
Car 0.0000 0 -2.7529 1101.0568 157.0892 1224.0000 218.6041 1.5734 1.6585 4.2822 17.0464 0.9762 20.3591 -2.0618 0.0055
Car 0.0000 0 -4.3254 0.0000 0.0000 1224.0000 370.0000 1.3930 1.3620 3.3044 15.6986 1.0675 -0.1240 -2.7659 0.0055
Car 0.0000 0 1.7918 0.0000 174.1173 35.9091 209.1359 1.5486 1.5753 3.8697 -28.3412 1.2678 33.3426 1.0938 0.0055
Car 0.0000 0 0.7047 138.9244 192.4468 265.3730 234.3851 1.4679 1.7116 3.9978 -15.1807 1.9407 26.6650 0.1938 0.0055
Car 0.0000 0 2.0558 0.0000 174.3134 21.3091 225.9862 1.5491 1.7164 4.3581 -21.6527 1.3652 23.5151 1.3201 0.0054
Car 0.0000 0 1.7572 0.0000 177.0147 45.5813 219.9673 1.5063 1.5663 3.9943 -22.7206 1.3856 26.9172 1.0637 0.0054
Cyclist 0.0000 0 -0.4450 233.4281 0.0000 1224.0000 370.0000 1.6411 0.4385 1.8238 -1.0499 1.7442 0.7461 -1.2202 0.0054
Car 0.0000 0 -1.3134 788.4384 152.0616 831.0169 179.6648 1.7542 1.7275 4.1890 13.7409 -0.0572 47.3065 -1.0307 0.0054
Car 0.0000 0 -1.1338 0.0000 0.0000 1224.0000 370.0000 1.5012 1.6365 3.6964 -19.7896 1.6860 0.9490 -2.6388 0.0054
Car 0.0000 0 1.6764 0.0000 176.8610 31.7490 220.4782 1.5198 1.5717 4.0997 -22.9632 1.3945 26.7687 0.9750 0.0054
Car 0.0000 0 3.8666 0.0000 176.1331 27.7703 220.9239 1.5519 1.6975 4.0668 -23.4794 1.4022 25.3699 3.1278 0.0053
Car 0.0000 0 1.7664 0.0000 171.6562 28.1314 206.1955 1.5135 1.5780 3.7575 -28.3739 1.1275 33.0034 1.0629 0.0053
Car 0.0000 0 -1.0984 1209.8763 157.2025 1224.0000 218.3726 1.5985 1.6204 3.9678 19.2212 0.9913 19.8919 -0.3365 0.0053
Car 0.0000 0 1.2914 0.0000 172.0408 30.9702 205.4552 1.4802 1.5832 3.8813 -28.5725 1.1069 33.0469 0.5850 0.0052
Car 0.0000 0 4.2150 0.0000 0.0000 1224.0000 370.0000 1.5024 1.6938 3.7696 -19.8301 1.7444 -0.0150 2.6613 0.0052
Car 0.0000 0 3.9578 0.0000 0.0000 1224.0000 370.0000 1.4215 1.6048 3.5318 -19.3825 1.6770 0.0062 2.4056 0.0051
Car 0.0000 0 2.4177 0.0000 170.6843 27.4637 235.6505 1.6296 1.6230 4.3022 -19.0282 1.3849 19.9483 1.6657 0.0051
Car 0.0000 0 -1.7422 550.1570 159.5038 602.3798 196.2919 1.5986 1.7418 4.1553 -1.4244 0.6877 32.9343 -1.7831 0.0051
Pedestrian 0.0000 0 1.6450 1125.8062 179.6491 1197.7708 370.0000 1.5874 0.3998 0.7699 4.2116 1.5831 5.4006 2.2809 0.0051
Cyclist 0.0000 0 -0.8293 0.0000 163.6647 1.1679 202.1254 1.6501 0.4664 1.6677 -27.6016 0.9293 31.1684 -1.5471 0.0051
Car 0.0000 0 -2.8477 0.0000 0.0000 1224.0000 370.0000 1.6127 1.7059 4.3349 19.8830 0.8881 1.0764 -1.3458 0.0051
Car 0.0000 0 -1.5015 791.9240 147.9453 824.1279 180.2574 2.0633 1.7717 4.6126 13.7285 -0.0159 47.6523 -1.2210 0.0050
Car 0.0000 0 -1.0244 0.0000 179.1798 11.7346 240.0685 1.5456 1.4900 3.9770 -18.9432 1.5137 20.0398 -1.7720 0.0050
Car 0.0000 0 0.6010 0.0000 181.5298 115.6508 222.9044 1.4738 1.4612 3.6930 -20.4422 1.5145 26.0567 -0.0566 0.0050
Car 0.0000 0 -1.1437 0.0000 0.0000 1224.0000 370.0000 1.5428 1.7290 4.0580 -19.9694 1.6743 0.9224 -2.6506 0.0050
Car 0.0000 0 4.0526 0.0000 0.0000 1224.0000 370.0000 1.4585 1.6050 3.9357 -19.5268 1.7131 0.0356 2.5017 0.0050
Car 0.0000 0 1.7427 0.0000 179.1036 45.1011 222.6165 1.5221 1.5812 4.1056 -22.7130 1.4748 26.9013 1.0491 0.0050
Car 0.0000 0 0.1287 564.4521 162.5436 652.2879 197.3316 1.5568 1.6438 3.8844 0.1722 0.7547 32.7130 0.1358 0.0050
Car 0.0000 0 0.9290 0.0000 172.1017 38.4547 205.3019 1.4771 1.6287 3.9446 -28.5987 1.1049 32.6706 0.2166 0.0049
Car 0.0000 0 -4.2068 0.0000 0.0000 1224.0000 370.0000 1.4453 1.5253 3.9336 16.1449 1.1240 -0.2369 -2.6399 0.0049
Car 0.0000 0 -1.8095 473.9489 182.3967 572.9232 242.5528 1.3589 1.6221 3.9973 -2.2548 1.4153 18.2589 -1.9285 0.0049
Car 0.0000 0 1.6636 694.5360 164.3800 741.9620 203.0034 1.4484 1.5556 3.6323 4.5888 0.8454 28.4633 1.8236 0.0049
Car 0.0000 0 1.1574 1155.4033 155.9017 1224.0000 253.1674 1.4319 1.6743 3.8385 11.4991 1.0715 12.4891 1.8906 0.0049
Car 0.0000 0 -2.9533 0.0000 0.0000 1224.0000 370.0000 1.5188 1.5603 3.1534 5.9147 1.5272 -0.0470 -1.4277 0.0049
Pedestrian 0.0000 0 -1.3616 1165.8313 157.9348 1214.7897 262.3937 1.6287 0.4930 0.6474 9.4086 1.2786 11.4150 -0.6842 0.0049
Car 0.0000 0 0.5015 0.0000 171.7728 34.6433 204.5472 1.4341 1.6559 3.9132 -28.6955 1.0537 32.1685 -0.2202 0.0048
Car 0.0000 0 -1.3087 0.0000 187.9075 5.2453 244.1683 1.4366 1.4506 3.4249 -18.7733 1.6713 20.3923 -2.0434 0.0048
Car 0.0000 0 1.9538 0.0000 172.9320 63.7857 210.1553 1.4685 1.5374 3.9453 -24.7554 1.1715 30.0014 1.2709 0.0048
Car 0.0000 0 -0.0690 0.0000 0.0000 1224.0000 370.0000 1.4647 1.7549 4.3296 -26.7506 1.6432 1.7848 -1.5595 0.0048
Car 0.0000 0 -0.3309 1204.2223 152.0940 1224.0000 216.1465 1.6202 1.6473 3.7247 19.0649 0.9033 19.4165 0.4388 0.0048
Car 0.0000 0 1.7352 0.0000 179.3153 12.4573 238.9413 1.5020 1.6585 4.2858 -18.2885 1.4738 20.0600 1.0057 0.0048
Car 0.0000 0 3.4047 0.0000 169.5904 31.8241 210.0400 1.4962 1.7076 4.4266 -25.6709 1.0941 27.9157 2.6687 0.0047
Car 0.0000 0 1.5306 688.9612 164.0379 732.1832 202.4742 1.4529 1.5701 3.7325 4.1976 0.8321 28.6600 1.6763 0.0047
Car 0.0000 0 1.8910 0.0000 174.7244 48.0443 209.6428 1.5469 1.5603 3.8792 -28.0055 1.2925 33.4088 1.1998 0.0047
Car 0.0000 0 3.3069 0.0000 0.0000 1224.0000 370.0000 1.4965 1.7017 4.5357 -27.1228 1.7603 1.7890 1.8154 0.0046
Car 0.0000 0 0.1462 547.4816 162.5781 634.6710 197.4649 1.5619 1.6253 3.8354 -0.6276 0.7610 32.7017 0.1291 0.0046
Car 0.0000 0 4.3102 0.0000 0.0000 1224.0000 370.0000 1.4455 1.5441 3.2262 -19.2034 1.6925 0.4760 2.7826 0.0046
Car 0.0000 0 1.7772 0.0000 177.4644 48.8112 220.8150 1.5166 1.5436 4.1519 -22.6494 1.4119 26.9264 1.0854 0.0046
Car 0.0000 0 1.4763 745.5989 158.2735 771.0633 180.0746 1.7554 1.7276 3.7313 12.7678 -0.0355 58.9588 1.6903 0.0046
Car 0.0000 0 2.3552 1119.5510 157.9147 1224.0000 217.7355 1.5593 1.5847 4.2320 16.7009 0.9722 19.3875 3.0599 0.0046
Car 0.0000 0 3.0888 560.0352 160.6837 641.7723 195.0753 1.5287 1.6188 3.6506 -0.2432 0.6493 32.3368 3.0833 0.0046
Car 0.0000 0 -0.5466 0.0000 0.0000 1224.0000 370.0000 1.5367 1.7287 3.8359 -19.8756 1.6479 0.6396 -2.0674 0.0046
Car 0.0000 0 -0.7635 0.0000 166.2924 17.0993 205.6448 1.5757 1.6863 4.0911 -27.9377 1.0083 30.4058 -1.4995 0.0046
Car 0.0000 0 3.3388 0.0000 0.0000 1224.0000 370.0000 1.4865 1.7120 4.3993 -27.1417 1.7491 1.8125 1.8481 0.0045
Car 0.0000 0 -0.9869 0.0000 186.8400 20.4059 243.9423 1.4863 1.4846 3.5153 -19.1114 1.6897 20.6589 -1.7241 0.0045
Car 0.0000 0 -1.5720 1212.5576 155.3479 1224.0000 218.6452 1.6569 1.6887 3.9821 18.8007 1.0001 20.5469 -0.8371 0.0045
Cyclist 0.0000 0 0.0577 10.7531 0.0000 1224.0000 370.0000 1.6442 0.4949 1.9051 -1.3798 1.6959 0.3273 -1.0709 0.0045
Car 0.0000 0 3.3960 0.0000 167.0512 18.8621 204.5562 1.5806 1.7700 4.1381 -29.0334 1.0153 31.5375 2.6588 0.0045
Car 0.0000 0 -1.0465 0.0000 0.0000 1224.0000 370.0000 1.5190 1.7094 4.0583 -19.7563 1.6946 1.2232 -2.5375 0.0045
Car 0.0000 0 -1.9711 454.1593 181.3697 575.6422 242.0543 1.3801 1.6065 4.1860 -2.4956 1.4070 18.3495 -2.1022 0.0045
Pedestrian 0.0000 0 0.1626 743.8232 158.8269 754.3480 181.2678 1.8754 0.8294 0.7448 12.1660 0.0654 59.6029 0.3648 0.0045
Car 0.0000 0 1.7680 0.0000 171.8772 32.2360 206.3955 1.5241 1.5588 3.7875 -28.3725 1.1449 33.2496 1.0681 0.0044
Car 0.0000 0 -1.5669 561.6073 159.9988 600.9496 198.0400 1.6690 1.7265 4.0453 -1.1170 0.7710 33.0612 -1.5985 0.0044
Car 0.0000 0 1.8946 0.0000 172.5503 57.7880 209.7069 1.4601 1.5554 3.8861 -24.7996 1.1492 29.8709 1.2088 0.0044
Car 0.0000 0 1.7097 730.7336 158.5136 760.0735 180.5470 1.7841 1.8432 4.3170 11.8868 0.0050 59.5886 1.9074 0.0044
Car 0.0000 0 1.1008 682.4207 159.6531 771.5511 202.4645 1.5326 1.7304 4.1059 4.6178 0.7878 27.5248 1.2670 0.0044
Car 0.0000 0 -0.8324 0.0000 0.0000 1224.0000 370.0000 1.5467 1.6999 4.1829 -19.8199 1.6717 1.5946 -2.3051 0.0044
Car 0.0000 0 -1.7989 546.9878 159.5387 603.0711 197.0068 1.6241 1.7382 3.9833 -1.4751 0.7170 32.7945 -1.8415 0.0044
Car 0.0000 0 2.0695 0.0000 176.7855 27.2773 236.3978 1.5236 1.6807 4.1766 -18.7617 1.4303 20.2938 1.3329 0.0043
Car 0.0000 0 -1.8594 1173.7976 154.1665 1224.0000 216.8332 1.6397 1.6302 3.9954 18.2313 0.9522 20.6506 -1.1422 0.0043
Car 0.0000 0 0.6466 0.0000 178.7812 118.7379 221.6593 1.5111 1.5116 3.5913 -20.0105 1.4520 25.6814 -0.0076 0.0043
Car 0.0000 0 1.5771 0.0000 181.0421 9.4206 239.7560 1.4935 1.6696 4.0616 -18.1066 1.5121 20.0977 0.8533 0.0043
Car 0.0000 0 -1.7162 1209.6863 148.1709 1224.0000 215.8767 1.7618 1.6887 4.4113 19.1041 0.9221 20.6938 -0.9768 0.0043
Car 0.0000 0 2.0635 0.0000 174.8959 63.0964 209.6064 1.5412 1.5499 3.9865 -27.6817 1.2938 33.4925 1.3792 0.0042
Car 0.0000 0 -4.2292 0.0000 0.0000 1224.0000 370.0000 1.4480 1.5803 4.1970 16.3105 1.1110 -0.2345 -2.6624 0.0042
Car 0.0000 0 -1.0567 0.0000 0.0000 1224.0000 370.0000 1.4948 1.6440 3.6417 -19.7859 1.6965 1.0139 -2.5584 0.0042
Car 0.0000 0 -1.6926 1196.2009 154.9485 1224.0000 217.8918 1.6439 1.6474 4.0916 18.5228 0.9781 20.6122 -0.9666 0.0042
Car 0.0000 0 1.6311 0.0000 171.1035 29.8194 207.8636 1.4310 1.5695 3.9111 -25.1911 1.0667 29.5573 0.9324 0.0042
Car 0.0000 0 0.1208 637.8417 158.1648 708.9700 187.3211 1.6348 1.7250 3.9164 3.9717 0.3838 40.9055 0.2187 0.0042
Car 0.0000 0 2.1072 0.0000 172.4429 75.4744 209.2576 1.4555 1.5364 3.8224 -24.4425 1.1385 29.9497 1.4297 0.0042
Car 0.0000 0 -0.8062 0.0000 0.0000 1224.0000 370.0000 1.5294 1.7580 3.9687 -19.8030 1.6962 1.2506 -2.2961 0.0042
Car 0.0000 0 -3.3447 1104.6951 152.4664 1224.0000 215.4371 1.6421 1.6585 4.2090 16.8991 0.9127 20.1533 -2.6530 0.0042
Car 0.0000 0 1.6684 0.0000 171.3748 32.7278 207.8122 1.4188 1.5511 3.8569 -25.1389 1.0650 29.5557 0.9707 0.0041
Car 0.0000 0 3.7414 0.0000 176.5527 35.9432 221.4881 1.5399 1.7128 4.0598 -23.2276 1.4062 25.3455 3.0076 0.0041
Car 0.0000 0 -0.8516 0.0000 0.0000 1224.0000 370.0000 1.5461 1.7431 4.0707 -19.7798 1.6968 1.4378 -2.3320 0.0041
Car 0.0000 0 4.2167 0.0000 0.0000 1224.0000 370.0000 1.4976 1.6933 3.8962 -20.0399 1.7235 -0.2011 2.6535 0.0041
Car 0.0000 0 -3.7203 1105.5736 155.2216 1224.0000 216.0960 1.6126 1.6314 4.2375 16.7332 0.9445 19.7823 -3.0245 0.0041
Car 0.0000 0 -1.2671 0.0000 0.0000 1224.0000 370.0000 1.5443 1.5491 3.3752 -19.3723 1.6651 0.8990 -2.7733 0.0041
Car 0.0000 0 1.7499 0.0000 179.4376 53.1261 221.9921 1.4908 1.5718 4.0511 -22.4180 1.4551 26.9173 1.0630 0.0041
Car 0.0000 0 -0.4683 0.0000 174.7418 18.8805 240.0216 1.6283 1.5805 4.2600 -19.4363 1.4863 19.9032 -1.2321 0.0041
Car 0.0000 0 -0.4386 0.0000 0.0000 1224.0000 370.0000 1.5293 1.7160 3.3319 -19.2906 1.6186 1.2747 -1.9252 0.0041
Car 0.0000 0 -1.5552 561.0121 158.7867 600.6750 196.0541 1.6338 1.7389 3.9960 -1.1108 0.6834 33.0036 -1.5866 0.0040
Car 0.0000 0 3.2864 0.0000 0.0000 1224.0000 370.0000 1.4995 1.7120 4.6246 -27.1073 1.6929 1.4988 1.7843 0.0040
Car 0.0000 0 1.7090 0.0000 172.0180 38.8410 208.8618 1.4390 1.5739 4.0018 -25.1297 1.1092 29.7252 1.0143 0.0040
Car 0.0000 0 1.8647 0.0000 172.0959 45.3850 206.3719 1.5192 1.5479 3.7396 -28.0094 1.1481 33.3561 1.1727 0.0040
Car 0.0000 0 0.8245 1216.3289 151.9159 1224.0000 217.4151 1.5202 1.6664 3.9874 18.4160 0.8584 18.4248 1.6026 0.0040
Car 0.0000 0 1.4068 736.0013 159.1828 767.4792 181.7540 1.8087 1.9238 4.0215 12.1538 0.1017 58.7002 1.6116 0.0040
Car 0.0000 0 -0.6716 1209.9851 153.4357 1224.0000 218.4716 1.6971 1.7138 4.1630 19.5735 0.9924 19.5228 0.1086 0.0040
Car 0.0000 0 3.0645 552.5267 160.8124 632.5732 194.8847 1.5125 1.5997 3.5482 -0.6237 0.6400 32.3447 3.0474 0.0040
Car 0.0000 0 -1.8458 544.3618 158.6611 603.0287 194.8066 1.5594 1.7101 3.8781 -1.5273 0.6187 32.6086 -1.8902 0.0040
Car 0.0000 0 2.8061 574.4931 162.2328 686.8086 199.9190 1.4539 1.6625 4.2443 1.0044 0.7507 28.6911 2.8426 0.0040
Car 0.0000 0 -1.5559 597.4985 160.6854 634.9578 195.9079 1.5510 1.6509 3.6734 0.5345 0.6800 32.9927 -1.5379 0.0040
Pedestrian 0.0000 0 2.0154 1145.2755 152.3726 1203.9363 258.0525 1.6800 0.4962 0.7183 9.3149 1.2345 11.6170 2.6796 0.0039
Car 0.0000 0 -4.3973 0.0000 0.0000 1224.0000 370.0000 1.3960 1.5516 4.0245 16.2792 1.1625 0.0259 -2.8466 0.0039
Car 0.0000 0 -0.3896 0.0000 0.0000 1224.0000 370.0000 1.4634 1.5137 3.3901 -19.0031 1.6220 1.4215 -1.8672 0.0039
Car 0.0000 0 0.0680 653.7372 153.4519 729.3199 184.0249 1.7113 1.7662 4.2228 5.0160 0.1987 40.8393 0.1912 0.0039
Car 0.0000 0 2.4075 0.0000 187.4877 118.5752 246.7680 1.4557 1.8026 4.9181 -17.0032 1.6855 20.5303 1.7251 0.0039
Cyclist 0.0000 0 -1.6994 745.7353 159.9894 754.7283 180.5236 1.6921 0.5084 1.8124 12.1675 0.0032 59.1799 -1.4959 0.0039
Car 0.0000 0 -1.0359 0.0000 185.7069 17.8486 245.9657 1.5441 1.4887 3.6624 -18.9416 1.7101 20.3921 -1.7750 0.0039
Car 0.0000 0 2.2088 526.6465 156.8260 608.1147 194.6699 1.5318 1.5687 3.7928 -1.5847 0.5750 30.6270 2.1596 0.0039
Car 0.0000 0 -1.6354 0.0000 0.0000 1224.0000 370.0000 1.3276 1.5795 3.9252 10.5704 1.3935 -0.2341 -0.0716 0.0039
Car 0.0000 0 -1.6623 1200.5601 153.5690 1224.0000 217.7476 1.6718 1.6579 3.9993 18.5003 0.9718 20.5137 -0.9345 0.0039
Car 0.0000 0 -0.8370 0.0000 0.0000 1224.0000 370.0000 1.5123 1.7586 4.0890 -19.7793 1.7015 1.2935 -2.3246 0.0038
Car 0.0000 0 2.0080 529.4156 154.9758 605.4622 194.4900 1.5509 1.6318 4.0826 -1.5276 0.5506 29.9449 1.9596 0.0038
Car 0.0000 0 -1.9988 453.6558 182.2379 576.9805 242.4919 1.3797 1.6234 4.1110 -2.4960 1.4320 18.4833 -2.1290 0.0038
Car 0.0000 0 0.9609 628.7582 166.2011 722.8169 209.1019 1.4927 1.6071 3.8445 2.5593 0.9967 26.6657 1.0573 0.0038
Car 0.0000 0 -4.1731 0.0000 0.0000 1224.0000 370.0000 1.4369 1.4840 3.6585 16.0527 1.0839 -0.1767 -2.6101 0.0038
Car 0.0000 0 -4.2353 0.0000 0.0000 1224.0000 370.0000 1.3778 1.3895 3.3802 15.8534 1.1098 -0.0459 -2.6806 0.0038
Car 0.0000 0 -0.9679 1203.3353 156.3749 1224.0000 220.1420 1.6903 1.6130 4.1106 19.3388 1.0524 19.9435 -0.2043 0.0037
Car 0.0000 0 -1.1758 1202.4368 156.5043 1224.0000 220.1264 1.6635 1.6929 4.1602 19.1363 1.0377 20.1052 -0.4214 0.0037
Car 0.0000 0 -4.3499 0.0000 0.0000 1224.0000 370.0000 1.4044 1.4979 3.6845 16.1125 1.1488 0.0582 -2.8013 0.0037
Car 0.0000 0 -0.9937 0.0000 0.0000 1224.0000 370.0000 1.4534 1.6545 3.9254 -19.7573 1.6896 1.1985 -2.4860 0.0037
Car 0.0000 0 -0.7624 0.0000 168.0105 16.0101 205.1515 1.5046 1.6637 3.7671 -27.9779 1.0001 30.5784 -1.4964 0.0037
Car 0.0000 0 2.7273 540.9308 162.2224 630.5443 196.0717 1.4566 1.6326 3.7047 -0.8863 0.6716 31.9484 2.7018 0.0037
Car 0.0000 0 4.0985 0.0000 0.0000 1224.0000 370.0000 1.5694 1.6625 4.0689 -20.0632 1.7471 -0.3176 2.5296 0.0037
Car 0.0000 0 -2.8561 573.7346 161.2685 661.7304 196.1095 1.5270 1.6837 3.7004 0.5794 0.6856 32.3418 -2.8365 0.0037
Car 0.0000 0 0.2387 0.0000 0.0000 1224.0000 370.0000 1.5262 1.7672 4.4083 -27.0635 1.6120 1.9957 -1.2450 0.0037
Car 0.0000 0 -1.4758 785.7158 147.4885 820.1502 180.8004 2.1310 1.8101 4.5856 13.3975 0.0206 47.6900 -1.2018 0.0036
Pedestrian 0.0000 0 -1.4314 774.6406 171.7138 799.8534 237.7541 1.6305 0.5547 0.4813 4.5488 1.4152 17.7795 -1.1835 0.0036
Car 0.0000 0 2.3089 528.2333 158.6481 611.1383 195.3869 1.5082 1.5650 3.6578 -1.5119 0.6126 30.9275 2.2625 0.0036
Car 0.0000 0 0.1612 647.1971 156.5091 717.9453 186.2242 1.6600 1.7326 3.8338 4.4900 0.3212 40.8418 0.2718 0.0036
Car 0.0000 0 -1.7796 479.1073 182.8837 572.1193 242.6948 1.3684 1.6143 3.9440 -2.2165 1.4394 18.4670 -1.8954 0.0036
Car 0.0000 0 -1.4990 787.6398 149.9214 820.8419 180.5845 1.9565 1.8228 4.6546 13.4625 0.0067 47.6082 -1.2233 0.0036
Car 0.0000 0 2.6055 507.2035 157.6848 610.3792 195.0166 1.5384 1.6923 4.2496 -2.0120 0.5997 31.0278 2.5434 0.0036
Car 0.0000 0 -0.9645 0.0000 0.0000 1224.0000 370.0000 1.4532 1.6781 3.8072 -19.7337 1.6874 1.2209 -2.4556 0.0036
Car 0.0000 0 2.9290 505.5583 158.2956 608.2549 194.9574 1.5557 1.6906 4.2917 -2.1720 0.6150 31.4014 2.8626 0.0036
Car 0.0000 0 -1.3424 559.8798 161.4736 615.6395 199.0096 1.6464 1.7339 4.0554 -0.7551 0.8133 33.1704 -1.3631 0.0036
Car 0.0000 0 -1.7847 805.0795 144.7566 854.4819 179.7237 1.9099 1.8568 4.2189 12.9201 -0.0459 40.8984 -1.4791 0.0036
Car 0.0000 0 -1.9315 589.1356 160.2919 651.0578 195.3784 1.5123 1.7137 3.4799 0.6141 0.6427 32.3955 -1.9108 0.0035
Car 0.0000 0 0.9988 678.4029 158.2220 780.6986 204.5035 1.6299 1.8231 4.3054 4.6557 0.8469 27.2333 1.1680 0.0035
Car 0.0000 0 2.3029 0.0000 187.2624 116.3360 246.0081 1.4840 1.6861 4.4927 -16.8120 1.7052 20.6748 1.6293 0.0035
Pedestrian 0.0000 0 -1.4779 774.4146 169.2793 799.8423 237.2386 1.6757 0.5758 0.5190 4.5438 1.4006 17.7694 -1.2302 0.0035
Pedestrian 0.0000 0 1.0937 1107.5896 174.2985 1224.0000 370.0000 1.6190 0.4123 0.7944 4.2342 1.5770 5.4044 1.7319 0.0035
Car 0.0000 0 2.8519 507.0276 157.6404 609.8022 194.6388 1.5650 1.7112 4.2499 -2.0963 0.5995 31.4409 2.7880 0.0035
Car 0.0000 0 1.3874 603.9518 162.8612 655.9711 197.7702 1.4585 1.6690 3.6478 1.0296 0.7231 31.4640 1.4217 0.0035
Car 0.0000 0 1.4351 729.6815 158.5432 756.5159 181.6071 1.8696 1.7367 3.5421 11.5316 0.0910 59.1284 1.6286 0.0035
Car 0.0000 0 -1.7335 595.9495 161.0382 643.7081 196.1541 1.5318 1.6496 3.5537 0.6128 0.6843 32.7143 -1.7131 0.0035
Car 0.0000 0 2.7379 523.9874 159.9742 614.8528 195.4339 1.4993 1.6471 3.6850 -1.5977 0.6329 31.4364 2.6896 0.0035
Car 0.0000 0 -0.9034 0.0000 0.0000 1224.0000 370.0000 1.5635 1.8337 4.1785 -19.6953 1.7173 1.4113 -2.3848 0.0034
Car 0.0000 0 1.7669 0.0000 179.3830 53.1795 221.7838 1.4871 1.5616 3.9768 -22.4385 1.4494 26.9145 1.0795 0.0034
Car 0.0000 0 1.7867 0.0000 178.6922 56.4201 221.5066 1.5008 1.5735 4.1590 -22.4412 1.4390 26.9900 1.1006 0.0034
Car 0.0000 0 3.0229 530.0554 161.4856 617.6802 194.5016 1.4365 1.6436 3.7785 -1.4541 0.6107 31.8731 2.9797 0.0034
Pedestrian 0.0000 0 -0.0984 744.1940 159.1062 753.7383 181.4166 1.8666 0.8185 0.7110 12.1491 0.0779 59.5933 0.1035 0.0034
Car 0.0000 0 0.5323 0.0000 0.0000 1224.0000 370.0000 1.5064 1.5539 3.4537 -18.7835 1.7399 0.8950 -0.9722 0.0034
Car 0.0000 0 -1.0769 0.0000 0.0000 1224.0000 370.0000 1.3855 1.5408 3.3467 15.7930 1.1351 -0.1815 0.4864 0.0034
Car 0.0000 0 3.7684 0.0000 176.4252 27.2153 220.6089 1.5116 1.7024 3.8792 -23.3623 1.3738 25.2471 3.0298 0.0034
Car 0.0000 0 0.3671 0.0000 179.4439 116.3743 221.5145 1.4927 1.5737 3.6281 -20.6335 1.4568 26.3538 -0.2896 0.0033
Car 0.0000 0 -1.0848 0.0000 179.0823 12.6441 238.4788 1.5318 1.4583 3.7067 -18.8590 1.4968 20.2070 -1.8261 0.0033
Car 0.0000 0 -4.2769 0.0000 0.0000 1224.0000 370.0000 1.4124 1.4935 3.5338 15.9852 1.1231 0.0113 -2.7256 0.0033
Car 0.0000 0 0.5432 0.0000 0.0000 1224.0000 370.0000 1.4040 1.4505 2.8912 -18.5934 1.5461 0.9366 -0.9583 0.0033
Car 0.0000 0 -1.9401 792.1088 145.2189 852.1202 179.7518 1.8877 1.8917 4.2824 12.4800 -0.0443 40.9462 -1.6445 0.0033
Car 0.0000 0 -0.6892 0.0000 0.0000 1224.0000 370.0000 1.5597 1.7361 3.6539 -19.6600 1.6746 1.1482 -2.1837 0.0033
Car 0.0000 0 0.3145 676.9000 160.6502 789.5504 202.7323 1.5461 1.7880 3.9863 4.9880 0.8183 27.7023 0.4925 0.0033
Car 0.0000 0 -2.6931 229.6805 184.7187 390.4875 239.5652 1.4554 1.6655 3.8283 -8.2370 1.5811 19.8537 -3.0791 0.0033
Car 0.0000 0 -1.7073 773.3987 150.2119 810.6786 180.1500 1.9257 1.9158 3.7997 12.5218 -0.0232 47.5248 -1.4494 0.0032
Car 0.0000 0 1.4478 696.5947 162.6125 751.3054 202.6309 1.4747 1.6511 3.9495 4.6192 0.8170 28.0562 1.6110 0.0032
Cyclist 0.0000 0 0.4812 0.0000 0.0000 1224.0000 370.0000 1.6305 0.5313 1.8976 1.4211 1.6266 0.0704 1.7832 0.0032
Car 0.0000 0 2.5380 513.4783 157.7909 609.0569 195.1680 1.5423 1.6648 3.9380 -1.9027 0.6068 31.0380 2.4794 0.0032
Car 0.0000 0 -2.3259 315.1996 175.8937 479.3618 240.2279 1.5386 1.7250 4.2623 -5.5793 1.4300 18.7292 -2.6091 0.0031
Car 0.0000 0 -1.7694 1125.2041 159.5157 1224.0000 219.2753 1.5199 1.7183 3.9540 16.2272 0.9878 20.1291 -1.0970 0.0031
Car 0.0000 0 -2.9855 543.7178 162.4177 625.5276 194.4963 1.4196 1.6912 3.5208 -0.9157 0.6209 32.3523 -3.0116 0.0031
Car 0.0000 0 -0.9583 1197.5947 155.8512 1224.0000 220.8465 1.7129 1.6970 4.3984 19.3001 1.0649 19.8853 -0.1942 0.0031
Car 0.0000 0 1.7562 0.0000 180.3158 53.5161 222.9663 1.4951 1.5778 4.0304 -22.4257 1.4902 26.9265 1.0693 0.0031
Car 0.0000 0 2.3911 528.0246 159.5071 612.8283 195.1855 1.4750 1.5818 3.6117 -1.4954 0.6086 31.0692 2.3455 0.0031
Car 0.0000 0 0.9747 687.3270 169.3991 791.9904 213.5726 1.5305 1.9012 4.0992 4.9592 1.1474 26.7505 1.1577 0.0031
Car 0.0000 0 -1.4770 788.1857 153.0295 822.0964 180.3318 1.7422 1.7921 4.3609 13.4893 -0.0106 47.5004 -1.2002 0.0031
Car 0.0000 0 1.0562 682.9478 158.6447 784.9488 205.8137 1.6440 1.8656 4.4591 4.7798 0.8838 27.0510 1.2310 0.0031
Cyclist 0.0000 0 3.0955 0.0000 0.0000 1224.0000 370.0000 1.6706 0.5611 1.8510 -1.7426 1.6993 0.2583 1.8483 0.0030
Car 0.0000 0 0.5635 0.0000 0.0000 1224.0000 370.0000 1.3888 1.4761 2.7890 -18.6916 1.5627 0.9472 -0.9378 0.0030
Car 0.0000 0 0.4175 0.0000 169.1902 26.3225 204.0996 1.5050 1.7516 3.8055 -28.8250 1.0189 31.8915 -0.3106 0.0030
Car 0.0000 0 0.9068 0.0000 0.0000 1224.0000 370.0000 1.4424 1.4680 3.3665 -18.6193 1.6415 0.9989 -0.5915 0.0030
Car 0.0000 0 0.1535 563.7431 162.2620 647.8723 196.4734 1.5141 1.6212 3.6464 0.0493 0.7084 32.3721 0.1569 0.0030
Car 0.0000 0 -0.5747 0.0000 0.0000 1224.0000 370.0000 1.4959 1.6417 4.0811 -19.4926 1.7171 1.9680 -2.0269 0.0030
Car 0.0000 0 -1.5783 786.0598 148.8016 815.8410 180.4375 2.0188 1.8409 4.4190 13.1401 -0.0031 47.4964 -1.3082 0.0030
Car 0.0000 0 -0.3896 0.0000 0.0000 1224.0000 370.0000 1.5222 1.7854 3.8409 -19.3424 1.6912 1.5305 -1.8633 0.0030
Pedestrian 0.0000 0 2.4585 676.0544 168.1854 705.2556 237.6831 1.7177 0.5287 0.5119 2.1216 1.4149 17.8303 2.5765 0.0030
Car 0.0000 0 -0.5285 0.0000 0.0000 1224.0000 370.0000 1.5020 1.6632 3.6094 -19.2322 1.6590 1.4277 -2.0069 0.0030
Car 0.0000 0 -1.9023 540.8363 158.9918 605.1074 195.0941 1.5443 1.7170 4.0480 -1.5591 0.6257 32.4373 -1.9479 0.0030
Car 0.0000 0 -0.6284 0.0000 176.0250 23.1625 237.8649 1.5852 1.5192 3.9767 -19.2815 1.4720 20.2150 -1.3806 0.0029
Car 0.0000 0 2.7856 512.6885 158.7986 610.6332 195.0756 1.5316 1.6889 4.0093 -1.9438 0.6168 31.4271 2.7265 0.0029
Car 0.0000 0 -2.6633 533.8370 162.3523 628.4510 196.9724 1.5220 1.7139 4.0421 -1.1288 0.7256 32.7235 -2.6955 0.0029
Car 0.0000 0 2.5227 520.9544 158.5535 610.9042 195.6882 1.5362 1.6323 3.6757 -1.7029 0.6298 31.0273 2.4704 0.0029
Car 0.0000 0 -1.9527 761.3931 151.3695 810.5336 180.1407 1.8475 1.9121 3.7944 12.0870 -0.0238 47.4543 -1.7030 0.0029
Car 0.0000 0 -3.3384 0.0000 0.0000 1224.0000 370.0000 1.5562 1.5443 3.3011 6.0785 1.6062 -0.1671 -1.7918 0.0029
Pedestrian 0.0000 0 2.7440 676.1292 168.0493 704.3463 237.6676 1.7252 0.5121 0.5505 2.1104 1.4182 17.8381 2.8613 0.0029
Car 0.0000 0 -0.2737 605.7761 167.1817 712.5970 202.6275 1.4064 1.6455 4.1155 2.1900 0.8795 29.2602 -0.1979 0.0029
Car 0.0000 0 3.4178 0.0000 170.8253 39.0966 210.0493 1.4561 1.7002 4.3872 -25.3909 1.0985 27.9678 2.6881 0.0029
Car 0.0000 0 -2.6550 577.1423 162.6436 662.9790 197.1730 1.4845 1.6660 3.5096 0.6546 0.7183 31.9745 -2.6328 0.0029
Car 0.0000 0 2.2678 0.0000 188.0350 114.4598 243.2803 1.4150 1.6897 4.2294 -16.8320 1.6612 20.8226 1.5971 0.0029
Car 0.0000 0 -0.9086 0.0000 0.0000 1224.0000 370.0000 1.4544 1.7300 3.9104 -19.7385 1.7011 1.2514 -2.3981 0.0029
Car 0.0000 0 -0.7042 0.0000 0.0000 1224.0000 370.0000 1.5564 1.8572 4.0631 -19.5294 1.7001 1.6252 -2.1739 0.0028
Car 0.0000 0 1.2784 661.2112 163.8580 731.2802 203.5437 1.4964 1.6190 4.4375 3.6159 0.8704 28.9785 1.4030 0.0028
Car 0.0000 0 -1.3042 558.1572 158.8716 616.2106 195.7750 1.6133 1.7114 4.0019 -0.7794 0.6693 33.0540 -1.3256 0.0028
Car 0.0000 0 -0.6603 1210.7900 152.2515 1224.0000 217.1157 1.6024 1.7527 4.4783 19.0209 0.9061 18.6187 0.1289 0.0028
Car 0.0000 0 -0.4200 0.0000 0.0000 1224.0000 370.0000 1.4512 1.5958 3.4004 -19.0924 1.6628 1.4225 -1.8980 0.0028
Car 0.0000 0 1.9606 543.5151 159.1451 606.5874 194.9282 1.4642 1.5634 3.4022 -1.2657 0.5919 30.7924 1.9219 0.0028
Car 0.0000 0 -0.6870 0.0000 0.0000 1224.0000 370.0000 1.5298 1.8449 4.1021 -19.4904 1.6841 1.6170 -2.1570 0.0028
Car 0.0000 0 1.0214 0.0000 0.0000 1224.0000 370.0000 1.4872 1.5961 3.4550 11.8159 0.8500 1.2195 2.4637 0.0028
Car 0.0000 0 -0.8735 0.0000 0.0000 1224.0000 370.0000 1.5484 1.7465 4.1133 -19.6158 1.7035 1.6094 -2.3445 0.0028
Cyclist 0.0000 0 0.8093 0.0000 0.0000 1224.0000 370.0000 1.6438 0.5303 1.7769 1.4343 1.6768 0.7034 1.7603 0.0028
Car 0.0000 0 3.0960 508.3093 158.3440 607.3831 195.2357 1.6045 1.7255 4.3378 -2.1656 0.6424 31.8432 3.0307 0.0028
Car 0.0000 0 3.0345 515.4943 159.6585 611.0170 195.4928 1.5554 1.7242 4.1388 -1.9357 0.6522 31.8749 2.9764 0.0027
Car 0.0000 0 -0.5176 0.0000 0.0000 1224.0000 370.0000 1.4353 1.5520 3.5869 -18.9365 1.6849 1.3248 -2.0000 0.0027
Car 0.0000 0 -0.7580 0.0000 182.4108 32.1527 243.6207 1.5963 1.5913 3.9140 -19.1690 1.6589 20.5683 -1.4988 0.0027
Car 0.0000 0 -0.9845 0.0000 0.0000 1224.0000 370.0000 1.5973 1.8585 4.2310 -19.8275 1.7204 1.4317 -2.4655 0.0027
Car 0.0000 0 -0.4441 0.0000 0.0000 1224.0000 370.0000 1.4268 1.5902 3.2921 -19.0702 1.6346 1.4131 -1.9225 0.0027
Car 0.0000 0 -1.7047 783.7529 153.0546 818.7870 180.0258 1.7220 1.7105 4.1910 13.1080 -0.0320 47.4074 -1.4348 0.0027
Car 0.0000 0 -1.6120 560.6124 158.5156 601.7086 194.4199 1.5555 1.7319 3.9266 -1.1741 0.6045 32.6500 -1.6457 0.0027
Car 0.0000 0 -1.6515 822.5820 149.3402 859.0932 181.6810 1.7577 1.6598 3.9656 13.4632 0.0656 40.5458 -1.3314 0.0026
Car 0.0000 0 -0.8915 0.0000 0.0000 1224.0000 370.0000 1.5322 1.8227 3.9686 -19.6672 1.7279 1.3043 -2.3781 0.0026
Car 0.0000 0 -2.9935 0.0000 0.0000 1224.0000 370.0000 1.4024 1.5580 3.1954 12.8269 0.7014 -0.0136 -1.4456 0.0026
Car 0.0000 0 -1.6517 666.9786 153.6123 701.7015 186.5533 1.8393 1.6989 4.0443 4.6030 0.3394 41.5209 -1.5402 0.0026
Car 0.0000 0 1.2619 599.7027 162.8101 661.6221 198.2127 1.4638 1.7004 3.6321 1.0465 0.7339 31.2087 1.2969 0.0026
Car 0.0000 0 -0.1399 0.0000 162.2305 20.3922 204.6046 1.7568 1.7766 3.7680 -28.5328 1.0008 31.3221 -0.8718 0.0026
Car 0.0000 0 1.1071 1034.1958 176.8278 1214.7948 251.0155 1.4524 1.5357 4.1483 11.4450 1.3821 16.0024 1.7202 0.0026
Car 0.0000 0 -1.5526 1213.1152 151.4776 1224.0000 218.1396 1.7381 1.6666 4.3402 18.8965 0.9830 20.5815 -0.8159 0.0026
Car 0.0000 0 -2.7569 526.0936 161.1906 619.4727 196.5765 1.5623 1.7246 3.9551 -1.4976 0.7113 32.6864 -2.8004 0.0026
Car 0.0000 0 3.5235 230.3969 182.4517 387.6861 236.4715 1.4375 1.6474 3.6972 -8.1915 1.4958 19.7025 3.1369 0.0025
Car 0.0000 0 -0.7047 0.0000 164.7103 14.9318 206.6831 1.6939 1.6591 3.9326 -28.1619 1.0582 30.5860 -1.4418 0.0025
Car 0.0000 0 0.4688 0.0000 0.0000 1224.0000 370.0000 1.3928 1.4960 2.7287 -18.7716 1.5891 0.8649 -1.0372 0.0025
Car 0.0000 0 -1.4358 774.3008 152.5337 810.4272 180.0491 1.7607 1.8425 3.8464 12.6099 -0.0303 47.4391 -1.1758 0.0025
Car 0.0000 0 0.9524 1197.6094 151.7202 1224.0000 216.8765 1.5318 1.5358 4.0350 17.9083 0.8568 18.7212 1.7088 0.0025
Car 0.0000 0 -0.2507 0.0000 0.0000 1224.0000 370.0000 1.4772 1.7300 3.2528 -19.1301 1.6669 1.2889 -1.7358 0.0025
Car 0.0000 0 -2.5773 582.0181 161.5023 670.4268 196.5680 1.4972 1.6428 3.6778 0.9166 0.6875 31.8951 -2.5470 0.0025
Car 0.0000 0 0.0003 0.0000 0.0000 1224.0000 370.0000 1.5635 1.8175 4.0351 12.6058 0.7478 1.1232 1.4581 0.0025
Car 0.0000 0 -0.7379 0.0000 0.0000 1224.0000 370.0000 1.5600 1.8167 4.1402 -19.7196 1.7201 1.4104 -2.2195 0.0025
Car 0.0000 0 0.1139 628.3695 170.1102 727.9843 204.1761 1.3550 1.6080 3.9539 3.0389 0.9432 29.3303 0.2178 0.0025
Cyclist 0.0000 0 0.5423 0.0000 0.0000 1224.0000 370.0000 1.6231 0.5108 1.8630 1.4442 1.6847 0.3251 1.6927 0.0025
Pedestrian 0.0000 0 -0.0616 744.0070 160.3325 755.9173 182.5715 1.8521 0.7628 0.9334 12.1766 0.1737 59.3234 0.1416 0.0025
Car 0.0000 0 0.4176 0.0000 0.0000 1224.0000 370.0000 1.4511 1.5671 2.6848 -18.8354 1.6326 0.7749 -1.0934 0.0024
Car 0.0000 0 -0.6033 0.0000 165.5997 16.3452 205.3781 1.6168 1.6623 3.7461 -28.2196 1.0127 30.7477 -1.3388 0.0024
Car 0.0000 0 -0.0658 0.0000 163.3454 18.3819 203.2125 1.6596 1.7663 3.7436 -28.6019 0.9470 31.3856 -0.7979 0.0024
Car 0.0000 0 -0.8893 0.0000 189.9436 123.0468 248.2040 1.4945 1.7632 4.6017 -16.9578 1.8101 21.1963 -1.5552 0.0024
Car 0.0000 0 1.7293 555.1613 161.6749 603.5791 197.0704 1.4806 1.6239 3.3984 -1.1024 0.6946 31.3597 1.6965 0.0024
Car 0.0000 0 -1.8688 806.2674 151.0798 857.7918 181.3838 1.6645 1.7014 4.0799 13.0459 0.0499 40.8798 -1.5603 0.0024
Car 0.0000 0 0.8222 0.0000 0.0000 1224.0000 370.0000 1.4541 1.5834 3.6505 -18.4755 1.5913 1.0898 -0.6706 0.0024
Car 0.0000 0 -2.9877 516.5752 159.5187 611.6187 194.5686 1.5509 1.7193 4.1241 -1.8459 0.6240 32.3405 -3.0422 0.0024
Cyclist 0.0000 0 3.7884 0.0000 0.0000 1224.0000 370.0000 1.6592 0.5988 1.8661 -1.3602 1.7514 0.4596 2.7410 0.0023
Car 0.0000 0 -3.1720 607.2998 158.4619 683.1926 187.6167 1.6498 1.6841 4.2958 2.2920 0.4041 40.9062 -3.1146 0.0023
Car 0.0000 0 0.7599 666.2323 161.2236 767.9732 203.4642 1.5307 1.6491 3.8430 4.2858 0.8337 27.6427 0.9138 0.0023
Car 0.0000 0 -1.5416 558.9202 159.7540 598.7204 196.5843 1.6081 1.7256 3.9069 -1.1783 0.7037 32.8237 -1.5753 0.0023
Car 0.0000 0 2.4581 535.5220 161.6726 617.6354 196.0845 1.4531 1.6411 3.3901 -1.2601 0.6596 31.5866 2.4206 0.0023
Car 0.0000 0 -0.8902 1196.8164 156.0584 1224.0000 221.3053 1.7359 1.7110 4.4622 19.4519 1.0872 19.9293 -0.1233 0.0023
Car 0.0000 0 0.0440 622.7453 157.5871 698.2738 187.7848 1.7045 1.6254 4.2821 3.2322 0.4126 40.9758 0.1240 0.0023
Car 0.0000 0 0.6422 0.0000 184.2948 111.7176 225.3101 1.4695 1.5774 3.6906 -20.7845 1.6167 26.3038 -0.0190 0.0023
Car 0.0000 0 0.6032 0.0000 185.0817 113.6675 225.6867 1.4526 1.5629 3.6375 -20.7374 1.6307 26.3689 -0.0557 0.0023
Car 0.0000 0 -2.7861 620.4263 156.7550 693.5560 186.5899 1.6748 1.7233 3.9028 3.0277 0.3433 41.2835 -2.7115 0.0023
Car 0.0000 0 -2.8412 0.0000 0.0000 1224.0000 370.0000 1.4587 1.5888 3.4039 12.7278 0.9066 -0.2731 -1.2730 0.0023
Car 0.0000 0 -2.9394 524.7747 161.7625 617.3070 195.0461 1.4678 1.7159 3.9623 -1.5365 0.6430 32.3338 -2.9844 0.0022
Car 0.0000 0 -2.1923 0.0000 0.0000 1224.0000 370.0000 1.5802 1.5041 3.2778 12.7757 0.9143 -0.1467 -0.6341 0.0022
Car 0.0000 0 -1.3364 558.6525 158.5703 614.3970 195.9361 1.6262 1.7051 3.9867 -0.8076 0.6733 32.8940 -1.3587 0.0022
Car 0.0000 0 0.9720 0.0000 0.0000 1224.0000 370.0000 1.4525 1.4603 3.5607 11.5473 0.9197 1.1839 2.4144 0.0022
Cyclist 0.0000 0 -1.0413 53.0667 174.0212 126.8680 272.5048 1.5778 0.4092 1.2812 -8.7398 1.4757 11.9787 -1.6572 0.0022
Car 0.0000 0 -0.7877 0.0000 0.0000 1224.0000 370.0000 1.5434 1.8070 3.9722 -19.7466 1.7471 1.2840 -2.2757 0.0022
Pedestrian 0.0000 0 -1.8714 0.0000 0.0000 1224.0000 370.0000 1.7614 0.7354 0.7182 4.1615 1.5129 -0.1509 -0.3406 0.0022
Pedestrian 0.0000 0 -1.8885 0.0000 0.0000 1224.0000 370.0000 1.7738 0.7477 0.6743 4.1806 1.4922 -0.1391 -0.3604 0.0022
Car 0.0000 0 -2.8532 612.2273 157.0150 690.8843 187.2410 1.7003 1.6896 4.2817 2.7160 0.3806 41.3067 -2.7861 0.0022
Car 0.0000 0 1.7058 554.3904 160.4080 599.6846 195.8001 1.4610 1.5420 3.2993 -1.1924 0.6331 30.8996 1.6696 0.0022
Car 0.0000 0 -1.6969 664.4884 155.3868 703.7021 187.2627 1.7737 1.7837 4.0028 4.5646 0.3777 41.3520 -1.5859 0.0021
Car 0.0000 0 0.7601 0.0000 184.5456 111.7705 227.2453 1.4990 1.6057 3.8410 -20.5759 1.6549 25.9902 0.0981 0.0021
Car 0.0000 0 -0.5005 601.8586 167.8791 714.4064 204.5637 1.4199 1.5861 4.3775 2.1700 0.9329 28.9857 -0.4247 0.0021
Pedestrian 0.0000 0 -0.1808 743.6669 160.2203 755.9510 182.4156 1.8505 0.7470 0.8897 12.1653 0.1609 59.3288 0.0222 0.0021
Cyclist 0.0000 0 -1.4563 0.0000 168.4610 21.5281 250.7746 1.6089 0.2943 1.4077 -12.2912 1.3752 14.4852 -2.1473 0.0021
Car 0.0000 0 -1.6140 677.4484 161.8676 719.6438 201.0737 1.5570 1.6002 3.8790 3.8987 0.8185 30.0755 -1.4846 0.0021
Car 0.0000 0 -1.5378 785.6487 150.3305 815.6111 179.7989 1.8761 1.7955 4.4278 13.1856 -0.0482 47.5048 -1.2669 0.0021
Car 0.0000 0 -2.8767 602.5726 157.5619 688.7231 187.6943 1.6964 1.6837 4.7560 2.3736 0.4064 41.3559 -2.8179 0.0021
Car 0.0000 0 -2.5390 668.6694 160.6650 775.6360 202.5314 1.5404 1.7284 3.8750 4.5576 0.8121 27.9744 -2.3774 0.0020
Cyclist 0.0000 0 0.8002 0.0000 0.0000 1224.0000 370.0000 1.6755 0.5777 1.9095 1.1152 1.6868 0.3651 1.8195 0.0020
Car 0.0000 0 1.3223 594.1053 165.8829 650.3906 199.4012 1.3970 1.6952 3.4313 0.6855 0.7892 31.3243 1.3459 0.0020
Car 0.0000 0 -2.9640 0.0000 0.0000 1224.0000 370.0000 1.4455 1.6028 3.2575 12.7586 0.9452 -0.1327 -1.4069 0.0020
Car 0.0000 0 -1.6212 665.4213 161.2337 709.6703 200.6400 1.5878 1.6859 3.9917 3.4799 0.8130 30.5289 -1.5070 0.0020
Car 0.0000 0 1.8613 633.7070 163.1540 695.6105 201.1878 1.5108 1.5945 3.8409 2.5893 0.8233 30.1603 1.9479 0.0020
Car 0.0000 0 0.0218 613.3033 170.5683 720.9107 205.1088 1.3833 1.6238 4.3292 2.5554 0.9870 29.3542 0.1095 0.0020
Car 0.0000 0 0.5529 670.2549 161.0739 784.4319 204.5722 1.5544 1.7211 4.0272 4.6335 0.8617 27.2366 0.7213 0.0020
Car 0.0000 0 1.2911 659.2203 167.0155 734.3209 211.6632 1.5381 1.7351 3.9862 3.3109 1.0751 26.4555 1.4159 0.0020
Car 0.0000 0 -1.7383 587.2071 160.7465 637.5856 196.6110 1.5665 1.6998 4.0027 0.2619 0.7052 32.9882 -1.7285 0.0020
Car 0.0000 0 -0.5589 0.0000 0.0000 1224.0000 370.0000 1.5336 1.5399 3.7458 -19.1184 1.6912 1.3213 -2.0423 0.0020
Car 0.0000 0 1.6477 560.5994 160.5285 604.0157 196.8376 1.5431 1.6657 3.8506 -0.9885 0.6958 32.0073 1.6191 0.0019
Pedestrian 0.0000 0 2.4381 938.2388 147.2807 989.8928 223.7017 1.8706 0.6186 0.9904 8.9575 1.0591 17.7203 2.9007 0.0019
Car 0.0000 0 -0.7650 0.0000 0.0000 1224.0000 370.0000 1.5494 1.8206 4.1122 -19.7266 1.7280 1.3597 -2.2491 0.0019
Pedestrian 0.0000 0 2.3268 938.8980 147.5092 988.5913 223.6326 1.8587 0.6104 0.9742 8.9486 1.0548 17.7137 2.7891 0.0019
Car 0.0000 0 0.2616 602.2926 168.6622 723.5393 205.9804 1.4432 1.6995 4.6635 2.3481 0.9869 28.9246 0.3435 0.0019
Car 0.0000 0 -0.9781 0.0000 168.7323 10.7841 226.0119 1.6922 1.7869 4.3841 -21.9953 1.3461 23.1888 -1.7284 0.0019
Car 0.0000 0 0.8486 0.0000 0.0000 1224.0000 370.0000 1.4894 1.6532 3.6566 11.7100 0.8612 1.1851 2.2927 0.0019
Car 0.0000 0 1.3487 0.0000 188.3953 9.6959 238.0626 1.4060 1.5386 3.7645 -20.3813 1.6755 22.2720 0.6164 0.0019
Car 0.0000 0 -1.0777 0.0000 176.6707 8.8882 229.2955 1.5573 1.7288 4.3346 -21.8645 1.4456 23.2333 -1.8242 0.0019
Car 0.0000 0 1.3420 596.9889 166.5451 650.6571 199.3450 1.3740 1.6430 3.4460 0.7605 0.7909 31.4674 1.3678 0.0019
Car 0.0000 0 2.0066 638.0892 162.3719 709.8282 200.6978 1.5339 1.6016 3.8131 3.0012 0.8099 30.3422 2.1061 0.0018
Car 0.0000 0 0.9283 674.3982 160.6944 784.4614 206.4371 1.6082 1.8691 4.4504 4.6522 0.9134 27.2596 1.0972 0.0018
Car 0.0000 0 -0.4176 536.6907 163.3578 625.8231 197.3340 1.4644 1.6493 3.6816 -1.0905 0.7271 32.0128 -0.4494 0.0018
Car 0.0000 0 3.4147 0.0000 167.9673 34.5047 210.4074 1.5745 1.6714 4.2927 -25.4847 1.1111 27.9266 2.6825 0.0018
Car 0.0000 0 2.2304 1135.2167 157.5830 1224.0000 218.4746 1.5478 1.5866 4.0657 16.7585 0.9669 19.1469 2.9428 0.0018
Car 0.0000 0 -2.2925 660.4390 164.2340 761.2786 205.7099 1.5079 1.7065 3.9907 4.0584 0.9181 27.8389 -2.1475 0.0018
Car 0.0000 0 0.1444 0.0000 165.8973 29.6658 211.4860 1.6769 1.7593 4.2469 -25.5710 1.1412 27.9138 -0.5897 0.0018
Car 0.0000 0 -2.4621 1131.4414 162.5955 1224.0000 220.7479 1.4644 1.6395 3.9601 17.2893 1.0151 19.8958 -1.7530 0.0018
Car 0.0000 0 -1.0458 0.0000 169.5117 0.0358 227.9500 1.7127 1.6889 4.3132 -22.0116 1.3922 23.0091 -1.8004 0.0018
Car 0.0000 0 0.4429 0.0000 0.0000 1224.0000 370.0000 1.3988 1.6186 4.1336 -18.2204 1.7117 1.6515 -1.0184 0.0017
Car 0.0000 0 2.2014 0.0000 188.5343 111.7961 241.9938 1.3924 1.5632 3.7421 -16.6383 1.6528 20.8764 1.5376 0.0017
Car 0.0000 0 -1.2040 561.9939 159.9301 628.7141 196.5856 1.6115 1.7758 4.1237 -0.3953 0.7086 33.3213 -1.2138 0.0017
Car 0.0000 0 0.7792 0.0000 0.0000 1224.0000 370.0000 1.4316 1.5341 3.6484 -18.5462 1.6367 1.0443 -0.7164 0.0017
Car 0.0000 0 -0.9468 0.0000 190.4664 116.4791 248.9346 1.4824 1.8039 4.5417 -16.9484 1.8128 21.0175 -1.6164 0.0017
Car 0.0000 0 1.1489 592.5215 165.0029 656.6649 198.0937 1.3948 1.6115 3.4142 0.8014 0.7430 31.6823 1.1758 0.0017
Cyclist 0.0000 0 -1.4530 0.0000 174.3006 27.4974 258.3130 1.6028 0.3653 1.7433 -12.0997 1.4861 14.3159 -2.1420 0.0017
Car 0.0000 0 -1.2145 556.0297 160.5502 617.7909 195.4901 1.5029 1.7092 3.4875 -0.7862 0.6463 32.3354 -1.2366 0.0017
Pedestrian 0.0000 0 0.4517 589.1674 161.6913 611.8766 203.5594 1.8138 0.8199 0.7144 -0.2138 1.0005 31.1503 0.4467 0.0016
Car 0.0000 0 -1.8906 0.0000 193.6537 17.0116 370.0000 1.6166 1.4884 4.9088 -5.0962 1.6950 2.8242 -2.9066 0.0016
Car 0.0000 0 2.2824 0.0000 177.6034 31.5637 229.6671 1.5688 1.6770 4.3453 -21.6473 1.4831 23.4924 1.5463 0.0016
Car 0.0000 0 2.4459 23.8888 194.3884 175.4642 239.3807 1.4431 1.6618 4.6495 -18.8611 2.0165 26.6529 1.8371 0.0016
Car 0.0000 0 1.5318 634.5760 168.8241 678.6583 206.1179 1.3546 1.5626 3.3699 1.9215 0.9320 27.3865 1.6029 0.0016
Car 0.0000 0 0.4227 665.2690 162.8944 765.7214 204.9198 1.5347 1.5459 3.5254 4.2394 0.8933 27.4236 0.5762 0.0016
Car 0.0000 0 -0.9728 0.0000 0.0000 1224.0000 370.0000 1.5647 1.7488 3.7606 -19.6159 1.6924 1.4010 -2.4543 0.0016
Car 0.0000 0 -2.3864 641.2598 165.6793 751.6912 207.1724 1.5047 1.6479 4.3593 3.4881 0.9688 27.8408 -2.2614 0.0016
Car 0.0000 0 1.0451 1039.3492 172.4275 1218.6194 246.1886 1.4501 1.4730 3.7915 11.4626 1.2930 15.8507 1.6633 0.0016
Car 0.0000 0 1.3378 677.5273 167.3933 733.4209 204.5132 1.4101 1.4713 3.4572 3.9826 0.9137 28.6437 1.4763 0.0016
Car 0.0000 0 -3.0994 691.2919 156.4454 860.9169 229.0520 1.8211 1.7345 4.2713 4.5602 1.2194 19.1420 -2.8675 0.0016
Car 0.0000 0 -0.4539 0.0000 165.6152 19.0453 204.5903 1.6138 1.6201 3.3640 -28.2468 0.9990 31.1341 -1.1838 0.0016
Car 0.0000 0 1.3832 0.0000 187.8003 7.6401 238.2610 1.4226 1.5555 3.8685 -20.3672 1.6723 22.2367 0.6504 0.0016
Car 0.0000 0 -2.1470 0.0000 0.0000 1224.0000 370.0000 1.6073 1.5079 3.3397 12.9162 0.8784 -0.1892 -0.5853 0.0016
Car 0.0000 0 2.2906 0.0000 183.8231 19.6813 234.6385 1.4879 1.6347 4.0767 -21.5626 1.6073 23.0234 1.5465 0.0015
Car 0.0000 0 -1.7693 673.1781 162.5342 731.6371 203.6611 1.5331 1.6161 3.6112 3.7903 0.8649 28.2052 -1.6354 0.0015
Car 0.0000 0 0.7388 584.9835 163.7973 667.9984 197.8308 1.4363 1.6659 3.5054 0.9065 0.7329 31.6516 0.7690 0.0015
Car 0.0000 0 -0.8458 0.0000 187.0385 117.2059 245.0374 1.5274 1.5925 3.9353 -16.8135 1.7426 21.0809 -1.5101 0.0015
Pedestrian 0.0000 0 -1.6865 777.8871 166.1351 804.1145 235.2469 1.6753 0.5522 0.6539 4.5595 1.3287 17.4960 -1.4343 0.0015
Car 0.0000 0 -1.8811 669.6841 162.6329 736.2274 204.1231 1.5413 1.5673 3.6808 3.8063 0.8791 28.2097 -1.7466 0.0015
Car 0.0000 0 1.3912 683.5175 166.1062 741.7323 204.7450 1.4488 1.6324 3.8957 4.2333 0.9106 28.4793 1.5390 0.0015
Pedestrian 0.0000 0 -0.8399 212.9151 174.1329 254.9147 250.8094 1.6646 0.6000 0.5683 -8.2743 1.5280 15.6953 -1.3150 0.0015
Car 0.0000 0 1.1695 0.0000 184.2684 27.7221 237.1207 1.5212 1.6487 4.0734 -20.2471 1.6496 22.1861 0.4386 0.0015
Car 0.0000 0 0.8454 584.2109 164.0177 665.8245 198.0120 1.4278 1.6103 3.6788 0.8245 0.7370 31.6195 0.8731 0.0015
Pedestrian 0.0000 0 -1.5780 779.6387 167.7959 803.2356 235.4225 1.6340 0.5533 0.6330 4.5601 1.3286 17.4530 -1.3252 0.0015
Pedestrian 0.0000 0 2.1703 1171.9453 150.3378 1211.2434 215.8593 1.6903 0.5038 0.6745 15.3719 0.9138 18.5721 2.8549 0.0014
Car 0.0000 0 0.8858 0.0000 0.0000 1224.0000 370.0000 1.4300 1.5581 3.6096 12.3292 0.7660 1.7565 2.2908 0.0014
Car 0.0000 0 -1.2359 563.0107 158.2924 628.0844 196.3203 1.6615 1.7579 4.2089 -0.3819 0.6927 33.1616 -1.2454 0.0014
Car 0.0000 0 -1.8476 669.8100 164.0315 736.0677 205.0004 1.5369 1.6986 3.6312 3.8376 0.9206 28.4370 -1.7131 0.0014
Car 0.0000 0 -1.1841 0.0000 0.0000 1224.0000 370.0000 1.4465 1.6154 3.4725 -19.5630 1.7505 1.1897 -2.6761 0.0014
Car 0.0000 0 0.9103 0.0000 0.0000 1224.0000 370.0000 1.4229 1.4818 3.3062 11.4759 0.9130 1.1297 2.3565 0.0014
Car 0.0000 0 1.0294 674.9387 157.8773 770.1955 203.8807 1.6434 1.7480 4.1567 4.4420 0.8368 27.5075 1.1896 0.0014
Pedestrian 0.0000 0 0.3759 590.4908 159.4066 611.2656 201.9434 1.8470 0.7752 0.6791 -0.1983 0.9326 31.1809 0.3714 0.0014
Pedestrian 0.0000 0 -0.9333 1171.8352 149.6954 1208.1516 215.6586 1.7068 0.4824 0.5874 15.3499 0.9113 18.5964 -0.2499 0.0014
Car 0.0000 0 0.7005 0.0000 0.0000 1224.0000 370.0000 1.4675 1.6575 3.6555 -18.4591 1.6769 1.2939 -0.7813 0.0014
Car 0.0000 0 -1.9028 585.2397 160.4302 642.6119 194.9125 1.4993 1.6426 3.3332 0.3395 0.6281 32.5780 -1.8905 0.0014
Car 0.0000 0 0.2156 0.0000 0.0000 1224.0000 370.0000 1.4559 1.6170 3.5206 12.7427 0.7346 1.6574 1.6336 0.0013
Car 0.0000 0 0.5733 0.0000 181.7101 107.9061 225.4492 1.5350 1.7437 3.5590 -20.6535 1.5826 25.8975 -0.0923 0.0013
Car 0.0000 0 -0.9806 0.0000 189.4306 123.5597 242.3791 1.4431 1.5586 3.6366 -16.7846 1.7430 21.7537 -1.6291 0.0013
Car 0.0000 0 0.9420 0.0000 191.1714 106.0333 234.2991 1.4544 1.8171 4.1858 -20.8504 1.8699 25.9905 0.2734 0.0013
Car 0.0000 0 -0.8610 0.0000 0.0000 1224.0000 370.0000 1.5801 1.8040 4.7057 -19.6821 1.7291 1.7662 -2.3244 0.0013
Car 0.0000 0 -1.5759 590.4823 160.4907 632.0599 197.3496 1.6344 1.8438 4.2126 0.2682 0.7486 33.4580 -1.5661 0.0013
Cyclist 0.0000 0 -1.4067 0.0000 159.3768 10.8476 251.0838 1.7866 0.4029 1.6941 -12.7463 1.3767 14.5991 -2.1119 0.0013
Car 0.0000 0 0.8939 0.0000 181.1326 94.1519 225.5337 1.4930 1.6078 3.8246 -20.4045 1.5180 25.0011 0.2173 0.0013
Car 0.0000 0 -0.1199 774.7449 164.1295 952.5178 226.3372 1.5518 1.7739 4.2781 6.7350 1.1451 18.9616 0.2179 0.0013
Car 0.0000 0 1.0054 0.0000 190.3616 21.9372 237.7955 1.3659 1.4835 3.3265 -20.1984 1.6905 21.9974 0.2714 0.0013
Pedestrian 0.0000 0 -0.8053 215.2899 177.3461 253.8514 250.9705 1.6026 0.5545 0.5196 -8.2707 1.5356 15.7140 -1.2797 0.0013
Car 0.0000 0 0.3836 238.2618 184.0459 395.6831 239.1750 1.4723 1.4920 3.7889 -7.9933 1.5767 19.7323 0.0059 0.0013
Car 0.0000 0 0.7623 625.6788 167.6272 731.3760 209.3664 1.4857 1.7526 3.9149 2.7375 1.0290 27.2199 0.8632 0.0013
Car 0.0000 0 -1.0295 0.0000 0.0000 1224.0000 370.0000 1.6076 1.8452 5.1692 -19.9735 1.7338 1.8170 -2.4920 0.0013
Car 0.0000 0 1.0335 680.4791 166.7665 785.7321 213.6294 1.6315 1.8306 4.6407 4.7495 1.1549 27.1048 1.2067 0.0012
Car 0.0000 0 -2.6572 646.5143 166.6720 763.7769 205.6257 1.4624 1.7091 4.3894 3.9673 0.9448 28.5134 -2.5186 0.0012
Car 0.0000 0 0.8204 0.0000 181.4480 105.9711 225.4473 1.5213 1.7394 3.6618 -20.4707 1.5587 25.6308 0.1542 0.0012
Car 0.0000 0 1.1251 676.9086 159.3442 755.1379 201.7356 1.5428 1.5558 3.7471 4.2465 0.7744 27.7465 1.2771 0.0012
Car 0.0000 0 0.6290 0.0000 192.3511 112.6260 234.4722 1.4514 1.7855 3.6924 -20.5106 1.9023 25.8503 -0.0341 0.0012
Pedestrian 0.0000 0 -2.0625 0.0000 0.0000 1224.0000 370.0000 1.7120 0.6752 0.6448 4.6287 1.4852 -0.2163 -0.5134 0.0012
Cyclist 0.0000 0 -0.0013 0.0000 0.0000 1224.0000 370.0000 1.4604 0.3658 1.4628 -6.6303 1.5618 0.6149 -1.4298 0.0012
Car 0.0000 0 1.4248 561.4240 161.1004 607.7035 195.8051 1.4222 1.5290 3.4224 -0.9613 0.6287 30.7886 1.3959 0.0012
Car 0.0000 0 1.4989 564.3181 163.4323 605.1800 197.2360 1.3964 1.5527 3.2410 -0.9496 0.6928 30.8930 1.4704 0.0011
Car 0.0000 0 2.3251 0.0000 0.0000 1224.0000 370.0000 1.5380 1.7020 4.3414 -19.9805 1.7272 2.1548 0.8793 0.0011
Car 0.0000 0 1.2329 680.2690 160.7388 751.2716 202.5899 1.5326 1.6001 3.7440 4.2586 0.8104 27.8749 1.3847 0.0011
Pedestrian 0.0000 0 -1.8872 838.0654 176.3138 872.4690 239.7831 1.5680 0.6475 0.6344 6.2519 1.4662 17.7854 -1.5532 0.0011
Car 0.0000 0 -2.3655 0.0000 194.1561 13.8377 241.4359 1.3566 1.5211 4.0091 -20.6718 1.7899 21.5464 -3.1212 0.0011
Car 0.0000 0 2.1583 0.0000 185.7789 14.8621 235.8015 1.4480 1.6156 3.7971 -21.3084 1.6353 22.8830 1.4171 0.0011
Pedestrian 0.0000 0 -1.9091 838.5465 179.1221 872.0466 240.6306 1.5209 0.6364 0.5748 6.2472 1.4885 17.7671 -1.5750 0.0011
Car 0.0000 0 -3.0743 687.9907 156.7911 857.3781 228.6639 1.8008 1.7169 4.2816 4.4879 1.2083 19.1548 -2.8461 0.0011
Car 0.0000 0 -1.0551 555.8671 158.9351 629.2539 194.4986 1.5364 1.7256 3.8117 -0.5270 0.6062 32.6257 -1.0692 0.0011
Car 0.0000 0 2.3227 25.5005 196.1295 165.0883 239.7575 1.3902 1.6519 4.4129 -18.9084 2.0278 26.4716 1.7096 0.0011
Car 0.0000 0 0.5714 0.0000 194.3718 31.2417 241.5144 1.3436 1.5366 4.0050 -20.5372 1.7964 21.8960 -0.1732 0.0010
Car 0.0000 0 1.8167 623.3265 167.6189 693.3580 207.2155 1.4676 1.7113 4.8086 2.2458 0.9917 28.7524 1.8956 0.0010
Car 0.0000 0 1.2299 588.0520 168.7669 648.8358 201.9549 1.3731 1.5464 3.6492 0.5101 0.8892 31.2238 1.2479 0.0010
Car 0.0000 0 1.3196 826.0146 157.2589 878.5389 187.5499 1.5523 1.7682 3.8369 13.2819 0.3627 38.2142 1.6534 0.0010
Car 0.0000 0 0.5094 571.0309 168.3658 666.3693 200.7505 1.3754 1.6280 3.9913 0.5752 0.8616 31.7349 0.5292 0.0010
Pedestrian 0.0000 0 0.9948 1072.3170 210.1308 1181.1686 370.0000 1.3003 0.3025 0.7185 3.8555 1.5408 5.3303 1.5949 0.0010
Cyclist 0.0000 0 0.7774 0.0000 0.0000 1224.0000 370.0000 1.6437 0.5783 1.7351 1.1632 1.7375 0.7227 1.6172 0.0009
Car 0.0000 0 1.7089 556.3740 165.9905 604.9837 199.2739 1.3794 1.6832 3.3441 -1.0343 0.7795 31.0497 1.6779 0.0009
Car 0.0000 0 0.9688 0.0000 190.8051 23.9190 239.0416 1.3899 1.4961 3.5960 -20.2946 1.7288 21.9986 0.2325 0.0009
Car 0.0000 0 0.6325 0.0000 191.9356 109.1540 232.1242 1.3902 1.8053 3.6453 -20.7038 1.8273 25.9637 -0.0331 0.0009
Car 0.0000 0 1.4001 23.6960 194.9547 101.2383 238.1291 1.4301 1.7214 3.7479 -20.4763 2.0145 26.6003 0.7513 0.0009
Car 0.0000 0 0.6280 0.0000 182.9315 101.0776 225.4816 1.4759 1.7257 3.3149 -20.5269 1.5685 25.5555 -0.0409 0.0009
Car 0.0000 0 1.4188 565.2991 159.0853 620.1802 196.9222 1.5074 1.7880 3.7429 -0.6100 0.6557 30.1590 1.4008 0.0009
Cyclist 0.0000 0 -0.3430 561.4777 150.3719 610.7172 194.7653 1.9083 0.6800 2.0548 -0.8492 0.6147 31.0759 -0.3680 0.0009
Cyclist 0.0000 0 -1.0535 0.0000 165.2944 32.8551 255.7793 1.7107 0.3391 1.7357 -12.2985 1.4249 14.2468 -1.7528 0.0008
Car 0.0000 0 2.3026 0.0000 185.0441 15.9078 235.1040 1.4631 1.6287 3.8718 -21.5716 1.6248 22.9601 1.5570 0.0008
Pedestrian 0.0000 0 -0.4586 595.1155 161.2423 616.1591 203.6495 1.8557 0.8265 0.6358 0.0053 1.0145 31.4458 -0.4566 0.0008
Car 0.0000 0 0.6853 0.0000 191.0153 95.6486 231.2560 1.3732 1.7362 3.2658 -20.6356 1.7668 25.4743 0.0122 0.0008
Car 0.0000 0 -3.2436 764.4379 164.4120 946.3475 227.6702 1.5785 1.6956 4.4270 6.5125 1.1787 18.9599 -2.9161 0.0008
Pedestrian 0.0000 0 -1.5768 666.1995 162.7285 677.4109 193.2901 1.7106 0.6251 0.6140 3.7599 0.7173 39.9034 -1.4818 0.0008
Car 0.0000 0 1.0710 668.2319 161.1044 748.1088 204.9692 1.6057 1.5044 3.7238 3.9617 0.8972 27.8841 1.2124 0.0008
Car 0.0000 0 1.1456 663.3596 168.9607 730.5015 205.1641 1.3708 1.3583 3.5142 3.6317 0.9354 28.6462 1.2722 0.0008
Pedestrian 0.0000 0 -0.6523 595.5651 159.3537 617.2671 202.9850 1.9096 0.8363 0.5759 0.0410 0.9855 31.4467 -0.6492 0.0008
Pedestrian 0.0000 0 -1.5403 666.0496 162.9990 677.3706 193.1553 1.6888 0.6193 0.5713 3.7595 0.7101 39.9120 -1.4453 0.0007
Car 0.0000 0 1.7279 557.9466 163.4232 605.1720 198.5147 1.4601 1.5103 3.8182 -1.0009 0.7511 31.4040 1.6982 0.0007
Pedestrian 0.0000 0 0.4399 592.2792 154.6117 609.2423 196.2732 1.8285 0.7030 0.5032 -0.2057 0.6938 31.4524 0.4353 0.0007
Pedestrian 0.0000 0 0.3772 593.5165 153.9268 607.8984 196.0947 1.8540 0.6586 0.4276 -0.2083 0.6871 31.4667 0.3726 0.0007
Car 0.0000 0 0.1402 641.8900 168.5306 730.6324 206.8096 1.4273 1.4011 3.2598 3.1472 0.9825 27.4483 0.2549 0.0007
Car 0.0000 0 1.1497 673.0399 163.0988 741.9171 204.7886 1.5470 1.4739 3.2932 3.9705 0.9028 28.0184 1.2908 0.0007
Car 0.0000 0 1.0621 0.0000 151.2275 98.8570 341.2500 1.7943 1.4373 4.4497 -8.1529 1.5196 7.9930 0.2884 0.0007
Car 0.0000 0 -2.5581 638.9338 168.0554 761.0964 207.0142 1.4650 1.7210 4.7659 3.7684 0.9986 28.7938 -2.4276 0.0007
Car 0.0000 0 0.1169 644.9517 168.4693 740.8824 206.6968 1.4262 1.4906 3.5570 3.4183 0.9788 27.5213 0.2409 0.0007
Car 0.0000 0 1.5121 36.6311 194.6539 98.3116 238.8524 1.4488 1.6354 3.6542 -20.0805 2.0158 26.3242 0.8678 0.0007
Car 0.0000 0 0.6775 0.0000 189.8321 98.0985 230.6278 1.3988 1.7664 3.3173 -20.6298 1.7493 25.5397 0.0057 0.0007
Car 0.0000 0 0.6146 0.0000 190.2349 108.2076 231.8777 1.4431 1.8158 3.6093 -20.7301 1.8159 25.9645 -0.0516 0.0007
Car 0.0000 0 1.2396 29.9391 195.4173 118.0316 237.9258 1.3966 1.5724 3.4394 -19.5658 1.9807 25.9845 0.6016 0.0007
Cyclist 0.0000 0 1.2658 662.8223 158.1311 683.8463 191.2580 1.8131 0.6057 1.9873 3.8178 0.5902 39.7285 1.3626 0.0007
Pedestrian 0.0000 0 -1.6960 659.1512 158.4375 672.9930 193.1792 1.9431 0.6927 0.7282 3.4363 0.7105 39.9170 -1.6090 0.0007
Car 0.0000 0 1.4950 593.2942 168.0626 640.8448 202.2896 1.3930 1.7679 3.9555 0.4408 0.8883 30.7984 1.5110 0.0006
Car 0.0000 0 2.2934 12.4759 196.4448 156.3786 241.7135 1.4137 1.6790 4.5183 -18.9892 2.0554 26.0494 1.6708 0.0006
Car 0.0000 0 2.2778 15.4972 196.0383 150.1241 240.8422 1.4125 1.6182 4.1918 -18.9922 2.0314 25.9351 1.6531 0.0006
Car 0.0000 0 2.3205 1198.5314 152.0034 1224.0000 207.5865 1.4683 1.3343 3.7697 18.6848 0.7171 19.4557 3.0792 0.0006
Car 0.0000 0 1.3770 634.1195 171.0222 697.7618 208.6599 1.3866 1.7197 4.3188 2.3222 1.0389 28.2841 1.4598 0.0006
Car 0.0000 0 0.7581 629.7864 169.3289 730.2677 209.5781 1.4567 1.7167 3.7315 2.8393 1.0539 27.5586 0.8614 0.0006
Car 0.0000 0 1.3523 671.5289 170.0740 721.3876 205.6473 1.3511 1.3198 3.2072 3.6104 0.9566 28.5065 1.4787 0.0006
Pedestrian 0.0000 0 -1.6208 845.8705 167.4724 872.3728 235.4381 1.6455 0.5821 0.6267 6.2453 1.3317 17.4963 -1.2820 0.0006
Cyclist 0.0000 0 -0.0054 567.2402 156.3440 618.6392 198.0810 1.8383 0.7656 2.2654 -0.5588 0.7758 31.5438 -0.0210 0.0006
Cyclist 0.0000 0 0.2562 661.2508 156.5045 700.3766 190.5781 1.8868 0.7547 2.0700 4.2663 0.5595 39.8680 0.3638 0.0006
Car 0.0000 0 0.3321 621.9338 170.8909 713.6304 207.6954 1.3688 1.4325 3.2800 2.4268 1.0129 27.6138 0.4206 0.0006
Cyclist 0.0000 0 1.8205 575.6957 154.3087 602.2016 197.9724 1.8553 0.7221 1.8708 -0.7092 0.7439 31.0309 1.7999 0.0006
Car 0.0000 0 0.1897 632.1190 169.6923 722.0709 207.0202 1.3926 1.4369 3.2732 2.7969 0.9909 27.5312 0.2916 0.0006
Cyclist 0.0000 0 1.2194 593.5171 160.8376 628.2463 202.8245 1.7867 0.8311 2.1889 0.2183 0.9515 31.2532 1.2282 0.0006
Pedestrian 0.0000 0 0.9637 581.3146 149.0855 603.4919 194.9453 2.0102 0.8058 0.5694 -0.5800 0.6347 31.4543 0.9474 0.0006
Car 0.0000 0 0.5309 661.7248 164.1765 761.3380 205.4798 1.5081 1.5258 3.5479 4.0856 0.9136 27.5181 0.6784 0.0005
Car 0.0000 0 0.1191 624.8107 170.8680 720.9070 207.9904 1.3890 1.5218 3.5761 2.6469 1.0301 27.5756 0.2155 0.0005
Cyclist 0.0000 0 1.5333 588.4178 158.7064 608.8564 199.0430 1.7099 0.8159 2.1948 -0.3154 0.7875 31.0817 1.5251 0.0005
Car 0.0000 0 0.6231 0.0000 190.0621 46.8509 236.4189 1.3623 1.5183 3.9644 -20.1627 1.6764 22.1378 -0.1068 0.0005
Pedestrian 0.0000 0 0.4003 0.0000 159.3680 21.6011 249.1856 1.7645 0.4750 0.6326 -12.2631 1.3510 14.2052 -0.2989 0.0005
Cyclist 0.0000 0 1.7131 588.3864 159.3008 608.8117 198.3934 1.6822 0.6128 2.1358 -0.2902 0.7714 31.5189 1.7059 0.0005
Car 0.0000 0 -2.6090 632.2137 170.4695 755.2932 206.4748 1.3534 1.7670 4.7103 3.5171 0.9779 28.7074 -2.4866 0.0005
Car 0.0000 0 1.4604 674.6165 166.7353 718.6343 204.7180 1.4340 1.3977 3.1439 3.5914 0.9159 28.2726 1.5872 0.0005
Car 0.0000 0 1.5099 677.2327 166.6701 716.8367 204.3148 1.4170 1.3658 3.2273 3.6097 0.8979 28.2648 1.6373 0.0005
Car 0.0000 0 2.3224 38.5732 193.4105 164.5295 237.2669 1.4282 1.4922 3.9734 -18.6004 1.9481 26.3134 1.7143 0.0005
Car 0.0000 0 -2.6981 607.7841 170.0284 742.5424 209.4404 1.4344 1.7431 4.9994 2.6796 1.0548 27.7615 -2.6012 0.0005
Car 0.0000 0 1.6022 566.6700 168.8643 607.5246 200.8774 1.3187 1.6672 3.7388 -0.7514 0.8409 30.9974 1.5801 0.0005
Car 0.0000 0 -2.4487 627.5068 169.4000 746.8693 209.2313 1.4428 1.6590 4.6861 3.1219 1.0422 27.8697 -2.3366 0.0005
Pedestrian 0.0000 0 -1.2827 664.9844 162.2981 681.2280 192.7722 1.6877 0.7116 0.7910 3.8137 0.6810 39.6528 -1.1857 0.0004
Pedestrian 0.0000 0 -1.2890 664.9495 162.2633 681.5676 192.7869 1.6894 0.7422 0.7702 3.8193 0.6814 39.6226 -1.1918 0.0004
Cyclist 0.0000 0 1.5366 601.3361 159.8857 618.7098 201.1738 1.7747 0.6964 2.2693 0.1907 0.8901 31.5299 1.5444 0.0004
Pedestrian 0.0000 0 -1.5668 670.1107 160.5094 684.4807 191.4265 1.7279 0.7997 0.6571 4.0704 0.6121 39.8808 -1.4640 0.0004
Car 0.0000 0 -3.0336 698.3749 157.4205 869.7661 227.2592 1.7174 1.7055 4.2804 4.7582 1.1514 18.9204 -2.7894 0.0004
Car 0.0000 0 0.9893 0.0000 192.2263 109.4569 236.6308 1.4958 1.7608 3.7496 -20.4783 1.9527 26.0129 0.3299 0.0004
Car 0.0000 0 1.0478 649.9667 169.3185 736.1971 207.3164 1.4046 1.4287 4.3772 3.4124 0.9928 28.4244 1.1678 0.0004
Cyclist 0.0000 0 1.4704 589.0538 163.1318 612.7862 202.6454 1.6829 0.8417 2.0798 -0.2165 0.9447 31.1871 1.4654 0.0004
Car 0.0000 0 1.2140 656.3824 172.6074 724.4946 208.7254 1.3474 1.4105 3.9694 3.3322 1.0544 28.4666 1.3310 0.0004
Pedestrian 0.0000 0 -1.6774 854.9551 164.9402 883.0438 236.2493 1.7212 0.5701 0.7409 6.4859 1.3472 17.4895 -1.3265 0.0004
Car 0.0000 0 1.4752 673.3016 167.0974 717.9850 206.1640 1.4622 1.4539 3.1525 3.5228 0.9621 28.0553 1.6005 0.0004
Pedestrian 0.0000 0 -2.3594 588.1469 153.2656 610.9227 197.5065 1.9586 0.8059 0.6439 -0.2640 0.7544 31.8101 -2.3657 0.0004
Car 0.0000 0 0.8511 626.7474 167.1780 731.4956 208.7862 1.4916 1.7257 4.1736 2.7742 1.0155 27.5415 0.9521 0.0004
Car 0.0000 0 1.0347 649.2713 166.1452 726.4935 207.4461 1.4831 1.5557 3.1293 3.0952 0.9692 27.1314 1.1488 0.0004
Car 0.0000 0 0.9505 622.7690 169.3271 723.1316 209.5867 1.4488 1.6033 4.4841 2.5371 1.0482 27.7790 1.0424 0.0004
Pedestrian 0.0000 0 -2.1043 581.1324 153.8551 603.1849 197.3178 1.9054 0.8331 0.5172 -0.5906 0.7388 31.4309 -2.1209 0.0004
Car 0.0000 0 1.4935 670.8181 164.2909 717.3951 206.9607 1.5312 1.4837 3.7310 3.3491 0.9510 27.2640 1.6161 0.0003
Pedestrian 0.0000 0 -0.3032 0.0000 155.8797 20.9564 247.6657 1.7890 0.5154 0.6621 -12.2820 1.3108 14.1940 -1.0035 0.0003
Car 0.0000 0 2.2919 0.0000 155.1388 85.3276 370.0000 1.7301 1.5245 5.7529 -8.6368 1.5485 8.0311 1.4916 0.0003
Car 0.0000 0 0.3158 631.0331 169.3059 731.7195 208.2779 1.4455 1.5241 3.6223 2.9602 1.0318 27.6579 0.4230 0.0003
Cyclist 0.0000 0 1.7133 578.7028 159.6440 602.7957 201.6604 1.8027 0.8047 1.8982 -0.6360 0.9094 31.3226 1.6951 0.0002
Car 0.0000 0 1.2555 650.8723 166.8193 714.0020 206.8849 1.4816 1.4673 3.4784 2.9734 0.9772 27.9953 1.3619 0.0002
Cyclist 0.0000 0 -0.9237 0.0000 156.5554 23.9691 253.3544 1.7924 0.4053 1.6935 -12.3580 1.3507 13.9457 -1.6356 0.0002
Car 0.0000 0 1.3434 659.8672 169.6919 715.3203 208.8926 1.4677 1.3946 3.7267 3.2247 1.0645 28.3973 1.4570 0.0002
Car 0.0000 0 1.1434 645.9947 167.6170 715.3970 208.3845 1.5058 1.5239 3.1959 2.8974 1.0315 27.8688 1.2476 0.0002
Cyclist 0.0000 0 2.5177 928.3104 137.2834 1093.6110 317.1792 1.9032 0.5874 1.5544 4.4448 1.4477 7.8635 3.0168 0.0000