Pedestrian 0.0000 0 3.5310 128.4643 145.4133 288.7301 363.5389 1.9159 0.6522 1.1387 -3.7046 1.6095 6.5873 3.0406 0.9434
Pedestrian 0.0000 0 3.4962 130.8161 145.6831 288.5634 364.1490 1.9097 0.6749 1.1143 -3.6906 1.6071 6.5848 3.0073 0.9287
Pedestrian 0.0000 0 3.5135 128.0153 145.3620 292.3438 363.7711 1.9131 0.6604 1.1747 -3.6854 1.6070 6.5845 3.0251 0.9263
Pedestrian 0.0000 0 3.5278 129.9528 144.8994 286.8284 363.1100 1.9185 0.6491 1.1113 -3.7102 1.6072 6.5921 3.0371 0.9228
Pedestrian 0.0000 0 3.5374 125.2982 145.8056 290.8631 363.3156 1.9109 0.6925 1.1709 -3.7167 1.6078 6.6068 3.0469 0.8139
Pedestrian 0.0000 0 1.0759 999.9707 222.9433 1098.8345 370.0000 1.1408 0.3782 0.6144 3.3074 1.4844 5.3770 1.6034 0.4265
Pedestrian 0.0000 0 1.0773 1002.6829 218.0524 1103.4305 370.0000 1.1872 0.3789 0.6320 3.3260 1.4913 5.3643 1.6082 0.4007
Car 0.0000 0 -4.0829 0.0000 0.0000 1224.0000 370.0000 1.4594 1.6103 3.9587 1.4518 1.6646 0.3859 -2.9650 0.3808
Car 0.0000 0 0.0434 0.0000 0.0000 1224.0000 370.0000 1.5118 1.5556 3.5553 1.6275 1.6077 -0.2281 1.5571 0.3759
Car 0.0000 0 0.1414 0.0000 0.0000 1224.0000 370.0000 1.4745 1.5690 3.5555 1.5957 1.6184 -0.0583 1.5491 0.2937
Pedestrian 0.0000 0 1.5780 82.8519 168.4899 114.5549 266.2562 1.6965 0.4504 0.6281 -9.0978 1.4898 12.6508 0.9682 0.2423
Car 0.0000 0 4.4800 0.0000 0.0000 1224.0000 370.0000 1.5289 1.6013 4.3895 -2.5119 1.6968 0.0075 3.0417 0.2399
Pedestrian 0.0000 0 1.4021 81.1961 168.3414 117.5806 266.2889 1.6994 0.4343 0.6391 -9.0899 1.4900 12.6421 0.7924 0.2322
Car 0.0000 0 2.8345 203.3800 0.0000 1224.0000 370.0000 1.4687 1.5387 3.9299 -1.6766 1.6589 0.9073 1.8987 0.2297
Car 0.0000 0 0.2360 0.0000 0.0000 1224.0000 370.0000 1.4449 1.5256 3.5059 1.4588 1.6296 -0.1149 1.6664 0.2191
Car 0.0000 0 -0.0290 0.0000 0.0000 1224.0000 370.0000 1.4966 1.6159 3.7190 1.9092 1.5809 0.0142 1.3682 0.2144
Car 0.0000 0 4.3845 0.0000 0.0000 1224.0000 370.0000 1.5272 1.6197 4.1856 -2.4416 1.7049 0.4507 3.1223 0.2008
Car 0.0000 0 -0.6299 4.8876 227.4152 1224.0000 370.0000 1.4974 1.6212 3.8541 1.3546 1.6496 1.3571 0.0502 0.1979
Car 0.0000 0 4.4870 0.0000 0.0000 1224.0000 370.0000 1.5237 1.5874 4.3025 -2.4294 1.6904 0.0007 3.0504 0.1954
Car 0.0000 0 -0.9968 0.0000 0.0000 1224.0000 370.0000 1.4545 1.5684 4.1120 1.5716 1.6468 0.7131 -0.0074 0.1846
Car 0.0000 0 -0.0030 0.0000 0.0000 1224.0000 370.0000 1.4570 1.6254 3.7298 1.8901 1.6065 -0.0291 1.4148 0.1833
Car 0.0000 0 -0.3578 460.8843 0.0000 1224.0000 370.0000 1.5572 1.6300 3.5961 -0.6114 1.6186 0.3354 -1.1034 0.1829
Car 0.0000 0 -0.9388 0.0000 0.0000 1224.0000 370.0000 1.4468 1.5415 3.8986 1.6811 1.6348 0.4740 0.1908 0.1742
Car 0.0000 0 -0.3629 392.4279 0.0000 1224.0000 370.0000 1.4800 1.5683 3.5782 -0.6461 1.6322 0.2593 -1.1976 0.1736
Car 0.0000 0 2.6226 79.0717 0.0000 1224.0000 370.0000 1.4572 1.4977 3.7605 -1.4412 1.6502 0.6834 1.6633 0.1735
Car 0.0000 0 0.7345 0.0000 0.0000 1224.0000 370.0000 1.4444 1.5647 3.8580 1.5944 1.6293 0.4934 1.8335 0.1734
Car 0.0000 0 3.5199 254.9638 0.0000 1224.0000 370.0000 1.5002 1.5013 3.8439 -1.3054 1.6467 -0.1394 2.0908 0.1686
Car 0.0000 0 0.3869 0.0000 0.0000 1224.0000 370.0000 1.4200 1.4861 3.5754 1.4472 1.6537 0.0666 1.6960 0.1663
Car 0.0000 0 4.3614 0.0000 0.0000 1224.0000 370.0000 1.5443 1.6645 4.4499 -2.6239 1.7084 0.0337 2.9274 0.1646
Car 0.0000 0 3.6744 229.2904 0.0000 1224.0000 370.0000 1.5313 1.5299 3.9406 -1.3855 1.6651 -0.3006 2.1217 0.1612
Car 0.0000 0 -3.8721 0.0000 0.0000 1224.0000 370.0000 1.4935 1.5599 4.3927 1.2705 1.6742 0.7120 -2.9835 0.1587
Car 0.0000 0 4.3730 0.0000 0.0000 1224.0000 370.0000 1.5557 1.6031 4.4609 -3.0054 1.6844 -0.1329 2.8671 0.1446
Car 0.0000 0 3.4259 81.0792 0.0000 1224.0000 370.0000 1.5404 1.5481 4.1259 -1.6873 1.6550 -0.1299 1.9710 0.1438
Pedestrian 0.0000 0 1.2122 88.6028 170.9836 129.2567 265.2886 1.6814 0.4530 0.5386 -9.1261 1.5134 12.9415 0.6113 0.1430
Car 0.0000 0 0.4967 0.0000 0.0000 1224.0000 370.0000 1.4365 1.5648 3.7981 1.4999 1.6348 0.2176 1.7230 0.1395
Car 0.0000 0 3.0162 265.0858 0.0000 1224.0000 370.0000 1.5249 1.6185 4.1117 -1.8563 1.6413 0.9971 2.0655 0.1385
Car 0.0000 0 0.7010 0.0000 0.0000 1224.0000 370.0000 1.4314 1.4695 3.4902 1.4199 1.6518 0.4006 1.8019 0.1373
Car 0.0000 0 -0.8352 0.0000 0.0000 920.4047 370.0000 1.5313 1.5664 3.7349 1.7634 1.6039 -0.0824 0.6013 0.1359
Car 0.0000 0 -4.2027 0.0000 0.0000 1224.0000 370.0000 1.4881 1.5695 3.9571 1.2527 1.6630 0.3007 -3.0925 0.1327
Car 0.0000 0 0.2473 295.2250 0.0000 1224.0000 370.0000 1.5345 1.5300 3.5085 -1.1360 1.6278 0.0119 -1.0345 0.1313
Car 0.0000 0 2.5677 0.0000 0.0000 1224.0000 370.0000 1.5441 1.6030 4.1396 0.1975 1.5974 0.2219 2.9183 0.1282
Car 0.0000 0 4.4618 0.0000 0.0000 1224.0000 370.0000 1.5662 1.6102 4.3589 -2.2633 1.6980 -0.1655 2.9622 0.1281
Car 0.0000 0 -4.1107 0.0000 0.0000 1224.0000 370.0000 1.4745 1.6552 3.7206 1.5141 1.6221 0.2429 -2.8962 0.1273
Car 0.0000 0 3.3324 228.0978 0.0000 1224.0000 370.0000 1.5040 1.5537 4.2375 -1.9725 1.6352 0.4619 2.1423 0.1241
Car 0.0000 0 3.5962 0.0000 0.0000 1224.0000 370.0000 1.5157 1.5506 4.2180 -0.3385 1.6185 0.0884 2.9114 0.1218
Car 0.0000 0 4.4078 0.0000 0.0000 1224.0000 370.0000 1.5669 1.6131 4.3905 -2.4217 1.6949 -0.2100 2.8853 0.1207
Car 0.0000 0 -0.8314 0.0000 0.0000 733.7462 370.0000 1.5213 1.6164 3.9836 1.4975 1.6127 -0.0596 0.5665 0.1203
Car 0.0000 0 -0.4472 151.3465 0.0000 1224.0000 370.0000 1.4850 1.5331 3.7554 -1.1324 1.6285 0.4433 -1.4208 0.1197
Car 0.0000 0 -0.7582 594.1654 0.0000 1224.0000 370.0000 1.5005 1.5913 3.7275 -0.3160 1.6136 0.6840 -1.0597 0.1192
Car 0.0000 0 0.5362 0.0000 0.0000 1224.0000 370.0000 1.4602 1.5505 3.7974 1.2339 1.6458 0.1024 1.7763 0.1158
Pedestrian 0.0000 0 1.4655 208.0069 177.2880 238.6150 262.1283 1.5189 0.4460 0.5333 -7.0655 1.4630 12.9987 0.9797 0.1155
Car 0.0000 0 4.2915 0.0000 0.0000 1224.0000 370.0000 1.5488 1.6992 4.6713 -2.4610 1.7167 0.4223 3.0164 0.1143
Car 0.0000 0 0.2820 153.0439 0.0000 1224.0000 370.0000 1.4803 1.5317 3.6770 1.1046 1.6401 -0.2924 1.8262 0.1065
Car 0.0000 0 3.0937 0.0000 0.0000 1224.0000 370.0000 1.5200 1.5707 4.0733 -0.0650 1.6124 0.5907 3.0252 0.1057
Car 0.0000 0 1.3619 0.0000 0.0000 1224.0000 370.0000 1.5006 1.6183 4.2652 -2.5534 1.6907 0.4070 0.0713 0.1021
Pedestrian 0.0000 0 1.5954 208.5429 176.4575 237.3674 261.4638 1.5214 0.4486 0.5444 -7.0599 1.4507 12.9931 1.1096 0.1021
Car 0.0000 0 0.7199 0.0000 0.0000 1224.0000 370.0000 1.5949 1.6309 4.4165 -0.4882 1.6632 0.0330 -0.2184 0.1014
Car 0.0000 0 2.3475 0.0000 0.0000 1224.0000 370.0000 1.5055 1.6278 4.4226 0.5783 1.6572 0.3091 3.0900 0.1004
Car 0.0000 0 4.3383 0.0000 0.0000 1224.0000 370.0000 1.5436 1.6523 4.6568 -2.6766 1.6945 0.0903 2.9224 0.0986
Car 0.0000 0 3.2868 140.9818 0.0000 1224.0000 370.0000 1.5025 1.5095 3.9999 -1.6562 1.6434 0.1274 1.9835 0.0952
Car 0.0000 0 2.7492 0.0000 0.0000 1224.0000 370.0000 1.6133 1.6292 4.0425 0.0685 1.5603 0.0732 2.9252 0.0937
Car 0.0000 0 2.8049 0.0000 0.0000 1224.0000 370.0000 1.5011 1.5572 4.1338 0.3064 1.6145 0.6031 3.1265 0.0937
Car 0.0000 0 2.0376 0.0000 0.0000 1224.0000 370.0000 1.5070 1.6269 4.0879 0.9584 1.6215 0.2077 3.1041 0.0932
Car 0.0000 0 0.8677 2.6166 0.0000 1224.0000 370.0000 1.4417 1.5062 3.5004 1.2182 1.6445 0.3303 1.9476 0.0929
Car 0.0000 0 -1.4784 325.5619 0.0000 1224.0000 370.0000 1.5409 1.6486 3.8564 0.1229 1.6058 0.6328 -1.3480 0.0917
Car 0.0000 0 -0.1710 0.0000 0.0000 1224.0000 370.0000 1.5332 1.6104 3.8392 2.0077 1.6011 -0.1767 1.3283 0.0910
Car 0.0000 0 0.2957 220.8066 0.0000 1224.0000 370.0000 1.5436 1.5758 3.6291 -1.1401 1.6370 -0.1455 -1.1184 0.0889
Car 0.0000 0 2.3471 0.0000 0.0000 1224.0000 370.0000 1.5394 1.5935 4.1702 0.3836 1.6209 0.1809 2.9996 0.0858
Car 0.0000 0 0.8368 0.0000 0.0000 1224.0000 370.0000 1.4430 1.5627 3.8504 1.6425 1.6205 0.8848 1.7750 0.0855
Car 0.0000 0 -0.8059 0.0000 0.0000 1224.0000 370.0000 1.4760 1.5554 3.7258 1.6381 1.5973 0.2685 0.4197 0.0836
Car 0.0000 0 2.3394 0.0000 0.0000 1224.0000 370.0000 1.5184 1.6358 4.2006 0.5228 1.6313 0.2349 3.0939 0.0833
Car 0.0000 0 -0.9426 0.0000 0.0000 1224.0000 370.0000 1.5215 1.5278 3.6779 2.0887 1.5706 -0.1299 0.5372 0.0832
Car 0.0000 0 2.2249 0.0000 0.0000 1224.0000 370.0000 1.6009 1.6324 4.2411 0.3738 1.6002 0.0873 2.9657 0.0830
Pedestrian 0.0000 0 0.4878 66.2938 168.7354 113.2676 263.8365 1.7100 0.5003 0.5226 -9.5041 1.5001 12.9908 -0.1304 0.0770
Car 0.0000 0 3.2687 0.0000 0.0000 1224.0000 370.0000 1.5805 1.6279 4.0390 -0.1167 1.5709 0.0329 2.9577 0.0754
Car 0.0000 0 2.4093 0.0000 0.0000 1224.0000 370.0000 1.4839 1.5481 3.8811 0.8462 1.6351 0.6477 3.1278 0.0730
Car 0.0000 0 3.3402 169.7323 0.0000 1224.0000 370.0000 1.5499 1.6190 4.5683 -1.9782 1.6391 0.2164 2.0375 0.0723
Pedestrian 0.0000 0 3.7090 65.6532 169.4285 112.9002 264.2881 1.7109 0.4872 0.5212 -9.5237 1.5128 13.0039 3.0903 0.0721
Car 0.0000 0 0.8101 0.0000 0.0000 1224.0000 370.0000 1.4322 1.4997 3.5531 1.4604 1.6471 0.6285 1.8049 0.0717
Car 0.0000 0 2.9188 0.0000 0.0000 1224.0000 370.0000 1.5367 1.5979 4.1211 -0.0170 1.5999 0.1655 2.8876 0.0713
Car 0.0000 0 2.7024 0.0000 0.0000 1224.0000 370.0000 1.4985 1.6012 4.0991 0.2788 1.6244 0.3830 3.0806 0.0695
Car 0.0000 0 4.3662 0.0000 0.0000 1224.0000 370.0000 1.5780 1.6294 4.4485 -2.5683 1.7252 -0.1561 2.8619 0.0667
Car 0.0000 0 2.4841 0.0000 0.0000 1224.0000 370.0000 1.5020 1.6001 4.1392 0.4408 1.6244 0.2888 3.1103 0.0658
Car 0.0000 0 4.2342 0.0000 0.0000 1224.0000 370.0000 1.5358 1.6151 4.2413 -1.4177 1.6675 -0.1354 2.7969 0.0650
Car 0.0000 0 3.4392 0.0000 0.0000 1224.0000 370.0000 1.5814 1.6404 3.8961 -0.1803 1.6095 -0.0550 2.8523 0.0647
Car 0.0000 0 -3.3745 0.0000 0.0000 1224.0000 370.0000 1.5169 1.6210 3.9277 1.0398 1.6240 1.0578 -2.7274 0.0646
Car 0.0000 0 -2.3085 0.0000 0.0000 1224.0000 370.0000 1.4571 1.5263 3.8295 -0.8986 1.6428 0.5304 -3.1175 0.0642
Car 0.0000 0 -0.9629 527.0367 0.0000 1224.0000 370.0000 1.4786 1.5919 3.6151 -0.2185 1.6194 0.5205 -1.2138 0.0637
Car 0.0000 0 -2.0817 0.0000 0.0000 904.3321 370.0000 1.5100 1.6594 3.7518 0.6072 1.6696 1.0953 -1.6757 0.0624
Car 0.0000 0 -4.1891 0.0000 0.0000 1224.0000 370.0000 1.5710 1.6686 4.3764 0.6239 1.6080 -0.0410 -3.0416 0.0613
Pedestrian 0.0000 0 3.5393 52.7336 172.3035 107.6896 267.7061 1.6713 0.4920 0.6512 -9.4581 1.5294 12.6952 2.9127 0.0605
Car 0.0000 0 2.9463 0.0000 0.0000 1224.0000 370.0000 1.5029 1.5596 4.0923 0.0617 1.6408 0.4282 3.0304 0.0557
Car 0.0000 0 0.6965 0.0000 0.0000 1224.0000 370.0000 1.5031 1.4643 3.1014 11.9407 0.8615 1.4876 2.1181 0.0549
Car 0.0000 0 -2.5568 0.0000 0.0000 1224.0000 370.0000 1.4020 1.4658 3.2638 11.9209 0.8769 1.3632 -1.1252 0.0542
Car 0.0000 0 2.6728 0.0000 0.0000 1224.0000 370.0000 1.4874 1.5806 4.1099 0.4461 1.6335 0.6004 3.1246 0.0541
Car 0.0000 0 3.5835 267.4657 0.0000 1224.0000 370.0000 1.5653 1.6893 4.5776 -2.3662 1.6774 0.5012 2.3497 0.0528
Car 0.0000 0 1.0238 0.0000 0.0000 993.5614 370.0000 1.5111 1.6037 3.7959 0.5970 1.6871 0.6901 1.5576 0.0528
Car 0.0000 0 1.2192 0.0000 0.0000 1224.0000 370.0000 1.4813 1.5465 4.1106 -2.1287 1.7091 0.5255 0.0294 0.0517
Car 0.0000 0 -4.4298 0.0000 0.0000 1224.0000 370.0000 1.5480 1.6441 4.1531 1.0424 1.6327 -0.1076 -3.0616 0.0514
Car 0.0000 0 -0.2496 0.0000 0.0000 1224.0000 370.0000 1.5217 1.5807 3.8013 2.3785 1.5695 -0.1980 1.2699 0.0511
Pedestrian 0.0000 0 2.8229 97.5889 174.5640 141.0098 264.2736 1.6386 0.4551 0.5606 -9.1601 1.5318 13.2704 2.2316 0.0476
Car 0.0000 0 4.4051 0.0000 0.0000 1224.0000 370.0000 1.5247 1.5870 4.1486 -1.7265 1.6786 0.0317 3.0387 0.0465
Car 0.0000 0 3.1351 0.0000 0.0000 1224.0000 370.0000 1.5431 1.6022 4.0333 -0.1264 1.6131 0.1302 2.8668 0.0463
Car 0.0000 0 0.7135 0.0000 0.0000 1224.0000 370.0000 1.4730 1.5262 3.3121 11.9957 0.9555 1.5429 2.1313 0.0463
Car 0.0000 0 -1.9959 0.0000 0.0000 1224.0000 370.0000 1.5472 1.5715 3.6240 12.8931 0.9560 0.2380 -0.4672 0.0459
Car 0.0000 0 0.6850 0.0000 0.0000 1224.0000 370.0000 1.5759 1.7262 3.9268 -2.9358 1.6741 0.0040 -0.7731 0.0453
Car 0.0000 0 0.6554 0.0000 0.0000 1224.0000 370.0000 1.5341 1.4955 3.0552 12.0042 0.7969 1.4324 2.0823 0.0445
Car 0.0000 0 0.6461 0.0000 0.0000 1224.0000 370.0000 1.4829 1.5341 3.3713 12.1955 0.8971 1.5614 2.0649 0.0431
Cyclist 0.0000 0 1.7523 0.0000 0.0000 1224.0000 370.0000 2.0035 0.6213 1.8419 -4.1328 1.8162 -0.2520 0.2002 0.0426
Car 0.0000 0 0.9522 0.0000 0.0000 1224.0000 370.0000 1.4705 1.5992 3.7019 1.2571 1.6485 0.6930 1.8447 0.0413
Car 0.0000 0 -1.2065 533.3830 0.0000 1224.0000 370.0000 1.4921 1.6413 3.8640 0.0313 1.6200 0.9518 -1.1798 0.0388
Pedestrian 0.0000 0 3.0140 81.6198 173.0290 120.3411 264.0016 1.6556 0.5058 0.5348 -9.4776 1.5213 13.2294 2.4055 0.0383
Car 0.0000 0 -1.6634 0.0000 0.0000 1224.0000 370.0000 1.4770 1.5619 3.3685 12.6220 0.7890 0.6610 -0.1691 0.0378
Car 0.0000 0 -1.9818 0.0000 0.0000 1224.0000 370.0000 1.5280 1.5629 3.7011 12.9448 0.9364 0.2449 -0.4536 0.0377
Cyclist 0.0000 0 -0.3506 0.0000 0.0000 1224.0000 370.0000 1.7691 0.6038 1.6567 11.5283 1.1720 -0.1185 1.2038 0.0370
Car 0.0000 0 4.3701 0.0000 0.0000 1224.0000 370.0000 1.5541 1.6181 4.3465 -2.7446 1.7168 -0.1395 2.8677 0.0368
Car 0.0000 0 -3.3494 0.0000 0.0000 1224.0000 370.0000 1.5529 1.6196 4.2340 0.9105 1.6690 0.9623 -2.7316 0.0367
Cyclist 0.0000 0 1.7145 0.0000 0.0000 1224.0000 370.0000 2.0074 0.6347 1.7576 -3.8259 1.8624 -0.2568 0.1624 0.0367
Car 0.0000 0 -0.0606 250.8574 0.0000 1224.0000 370.0000 1.5926 1.6867 3.6843 -0.7279 1.6086 -0.0676 -1.2911 0.0360
Car 0.0000 0 0.7013 355.7509 0.0000 1224.0000 370.0000 1.5173 1.5869 4.1138 0.7393 1.6347 -0.0676 1.9405 0.0358
Car 0.0000 0 -2.5859 0.0000 0.0000 1224.0000 370.0000 1.5197 1.5318 3.5919 5.5813 1.4734 -0.2447 -1.0278 0.0345
Car 0.0000 0 -1.7665 0.0000 0.0000 1224.0000 370.0000 1.4647 1.5535 3.5283 12.7960 1.0227 0.1351 -0.2302 0.0334
Car 0.0000 0 -1.0161 302.3414 0.0000 1017.6028 370.0000 1.6347 1.6935 3.8724 -0.1870 1.5806 0.0186 -1.5112 0.0333
Pedestrian 0.0000 0 2.8798 78.1789 172.3413 120.9666 264.4712 1.6721 0.4969 0.5436 -9.4781 1.5257 13.1955 2.2701 0.0330
Car 0.0000 0 -2.0208 0.0000 0.0000 1224.0000 370.0000 1.5338 1.5641 3.6460 12.8943 0.9595 0.2415 -0.4924 0.0312
Car 0.0000 0 -2.6611 0.0000 0.0000 1224.0000 370.0000 1.4544 1.5512 3.5409 5.5763 1.4231 -0.1805 -1.1146 0.0310
Car 0.0000 0 -1.9856 0.0000 0.0000 1224.0000 370.0000 1.5507 1.5890 3.8279 12.9886 0.9308 0.2788 -0.4598 0.0296
Car 0.0000 0 1.0397 21.3871 0.0000 1042.0582 370.0000 1.5123 1.5990 3.9814 0.5312 1.6765 0.4771 1.6271 0.0296
Car 0.0000 0 -2.2310 0.0000 0.0000 1224.0000 370.0000 1.5304 1.5963 3.6394 12.8530 0.9710 0.5165 -0.7242 0.0294
Car 0.0000 0 0.5740 442.6715 0.0000 1224.0000 370.0000 1.5706 1.5904 3.9882 0.7943 1.6182 -0.2816 2.0935 0.0286
Car 0.0000 0 -1.7023 0.0000 0.0000 1224.0000 370.0000 1.5661 1.5803 3.9402 12.8344 0.9806 -0.2014 -0.1397 0.0285
Pedestrian 0.0000 0 1.6745 225.1511 178.5283 255.4919 262.0429 1.4911 0.4355 0.5511 -6.7201 1.4575 12.9535 1.2078 0.0282
Car 0.0000 0 -2.2515 0.0000 0.0000 1224.0000 370.0000 1.4834 1.5324 3.7997 12.9065 0.8642 0.7209 -0.7601 0.0281
Car 0.0000 0 2.9853 0.0000 0.0000 1224.0000 370.0000 1.4894 1.5668 3.8878 0.0088 1.6447 0.5146 2.9980 0.0280
Car 0.0000 0 -2.5023 0.0000 0.0000 1224.0000 370.0000 1.3973 1.4758 3.3945 12.1633 0.8336 1.5414 -1.0823 0.0272
Cyclist 0.0000 0 0.0980 0.0000 0.0000 1224.0000 370.0000 1.6700 0.5128 1.9201 -1.0728 1.5807 -0.0391 -1.2114 0.0271
Cyclist 0.0000 0 -0.8731 162.8779 168.9572 243.7592 254.7013 1.6511 0.4080 1.7438 -8.2380 1.4304 14.5047 -1.3784 0.0267
Car 0.0000 0 0.7989 0.0000 0.0000 1224.0000 370.0000 1.4961 1.5075 3.2841 11.6810 0.8760 1.4242 2.2225 0.0267
Car 0.0000 0 0.4026 0.0000 0.0000 1224.0000 370.0000 1.5667 1.7733 4.0865 -3.4946 1.7282 0.0053 -1.0729 0.0266
Car 0.0000 0 0.4513 0.0000 0.0000 1224.0000 370.0000 1.4987 1.5532 3.4229 12.0971 0.8247 1.0281 1.9121 0.0259
Cyclist 0.0000 0 0.3599 0.0000 0.0000 1224.0000 370.0000 1.6692 0.5537 2.0293 -1.3894 1.6144 -0.0768 -1.0333 0.0259
Car 0.0000 0 -0.8514 0.0000 173.8680 87.9672 209.3937 1.5793 1.6342 4.0124 -26.8460 1.2860 33.4720 -1.5210 0.0257
Car 0.0000 0 -2.4810 0.0000 0.0000 1224.0000 370.0000 1.5096 1.6114 3.7023 12.4871 0.9744 0.5481 -0.9785 0.0255
Car 0.0000 0 -2.3268 315.6222 0.0000 1224.0000 370.0000 1.6611 1.6867 3.9561 0.3522 1.5442 -0.0645 -1.3871 0.0251
Pedestrian 0.0000 0 1.0531 886.8210 165.0926 934.2920 266.3706 1.6283 0.5004 0.5690 4.9941 1.3823 11.6757 1.4493 0.0249
Car 0.0000 0 2.2032 0.0000 175.1428 81.4118 210.2339 1.5717 1.6088 4.0501 -27.2317 1.3332 33.7193 1.5302 0.0248
Car 0.0000 0 -2.0666 0.0000 0.0000 1224.0000 370.0000 1.4876 1.5621 3.6748 12.9128 0.7691 0.4353 -0.5532 0.0242
Car 0.0000 0 -2.1285 0.0000 0.0000 1224.0000 370.0000 1.5228 1.5854 3.8380 12.9661 0.7425 0.6776 -0.6334 0.0235
Pedestrian 0.0000 0 -0.2724 827.4613 162.1965 867.4800 258.6732 1.6806 0.4523 0.5683 4.2551 1.3634 12.5515 0.0485 0.0235
Car 0.0000 0 -2.0338 0.0000 0.0000 1224.0000 370.0000 1.5074 1.5632 3.6589 12.9442 0.7841 0.5274 -0.5274 0.0234
Car 0.0000 0 -2.1365 0.0000 0.0000 1224.0000 370.0000 1.4919 1.5715 3.8760 12.9346 0.7617 0.7072 -0.6439 0.0232
Car 0.0000 0 2.1209 0.0000 175.6572 70.4585 210.7953 1.5715 1.5887 3.9956 -27.6002 1.3564 33.7000 1.4411 0.0225
Car 0.0000 0 3.6498 73.1694 0.0000 1224.0000 370.0000 1.5524 1.6782 4.3592 -2.3945 1.6524 0.0037 2.2164 0.0221
Car 0.0000 0 -2.5656 0.0000 0.0000 1224.0000 370.0000 1.4394 1.5809 3.4327 12.5221 0.7761 0.7687 -1.0805 0.0219
Cyclist 0.0000 0 -0.7528 23.7801 168.9650 136.7309 270.4438 1.6848 0.4833 1.7558 -9.3651 1.4950 12.6421 -1.3766 0.0216
Car 0.0000 0 -2.0620 0.0000 0.0000 1224.0000 370.0000 1.4891 1.5787 3.7776 12.9510 0.7214 0.4260 -0.5478 0.0209
Car 0.0000 0 2.0258 0.0000 174.4870 64.5505 209.4114 1.5573 1.5730 3.9004 -27.6158 1.2906 33.5988 1.3442 0.0205
Car 0.0000 0 -3.0959 0.0000 0.0000 1224.0000 370.0000 1.5033 1.6412 3.9372 0.5220 1.6975 1.0625 -2.7343 0.0205
Car 0.0000 0 -1.7106 0.0000 0.0000 1224.0000 370.0000 1.5601 1.5557 3.6549 12.8133 0.9361 -0.1857 -0.1493 0.0201
Car 0.0000 0 -2.1754 0.0000 0.0000 1224.0000 370.0000 1.5657 1.6561 3.9163 12.8760 0.9691 0.5000 -0.6671 0.0201
Car 0.0000 0 -2.1583 0.0000 0.0000 1224.0000 370.0000 1.4748 1.5424 3.6690 11.8932 0.8106 1.4557 -0.7347 0.0200
Pedestrian 0.0000 0 2.5052 850.9908 161.5894 895.9014 260.2850 1.6522 0.4661 0.5508 4.5589 1.3373 12.1324 2.8578 0.0199
Cyclist 0.0000 0 -0.4441 11.0488 166.1136 137.4576 269.4973 1.7540 0.4760 1.8134 -9.6707 1.5116 12.9013 -1.0737 0.0194
Car 0.0000 0 -1.9904 0.0000 0.0000 1224.0000 370.0000 1.5179 1.5797 3.7827 12.8855 0.7711 0.8814 -0.5115 0.0193
Car 0.0000 0 -2.2454 0.0000 0.0000 1224.0000 370.0000 1.4767 1.5348 3.6283 12.7858 0.7906 0.7275 -0.7553 0.0193
Pedestrian 0.0000 0 2.2666 654.6424 172.9277 692.4861 253.8943 1.6566 0.4554 0.6921 1.4032 1.5033 14.8665 2.3603 0.0188
Car 0.0000 0 -2.2324 0.0000 0.0000 1224.0000 370.0000 1.4818 1.5732 3.6271 12.8354 0.7883 0.5200 -0.7260 0.0187
Cyclist 0.0000 0 -0.1709 184.8492 0.0000 1224.0000 370.0000 1.6652 0.4330 1.7598 -1.0527 1.6597 0.4480 -1.1075 0.0186
Car 0.0000 0 -2.6527 0.0000 0.0000 1224.0000 370.0000 1.4329 1.4789 3.5141 12.2205 0.8369 1.2653 -1.2098 0.0186
Car 0.0000 0 -2.3480 0.0000 0.0000 1224.0000 370.0000 1.4379 1.5105 3.5565 12.7431 0.8486 1.0437 -0.8827 0.0186
Car 0.0000 0 0.5900 0.0000 0.0000 1224.0000 370.0000 1.4654 1.5274 3.5421 12.2880 0.9346 1.7449 1.9954 0.0185
Car 0.0000 0 2.8214 0.0000 0.0000 1224.0000 370.0000 1.5828 1.6799 3.9225 -30.4979 1.3940 0.0350 1.2640 0.0180
Car 0.0000 0 -2.0648 0.0000 0.0000 1224.0000 370.0000 1.5143 1.5913 3.8275 12.9401 0.7116 0.4187 -0.5500 0.0177
Car 0.0000 0 -1.8856 0.0000 0.0000 1224.0000 370.0000 1.4902 1.5044 3.8331 13.0718 0.9101 0.1635 -0.3508 0.0177
Car 0.0000 0 1.9253 0.0000 174.1190 52.8138 209.3372 1.5651 1.5848 3.9307 -27.9633 1.2830 33.5330 1.2366 0.0177
Car 0.0000 0 2.1176 0.0000 174.4906 76.7832 209.1184 1.5490 1.5842 3.9265 -27.2399 1.2817 33.6717 1.4438 0.0177
Pedestrian 0.0000 0 0.7554 51.9889 174.4093 108.6734 269.1268 1.6600 0.4813 0.6699 -9.4405 1.5549 12.6685 0.1287 0.0177
Car 0.0000 0 -2.4232 0.0000 0.0000 1224.0000 370.0000 1.5821 1.6506 3.9339 12.6276 0.9463 0.3343 -0.9031 0.0172
Car 0.0000 0 4.7033 0.0000 0.0000 1224.0000 370.0000 1.6429 1.7985 3.9161 -30.1884 1.4736 -0.1924 3.1385 0.0169
Cyclist 0.0000 0 2.1044 54.4483 174.3544 138.7542 269.9576 1.6534 0.4479 1.7052 -9.4075 1.5487 13.0899 1.4945 0.0168
Car 0.0000 0 1.7708 0.0000 173.8393 36.4178 209.1587 1.5622 1.5859 3.8987 -28.2942 1.2690 33.3592 1.0738 0.0167
Car 0.0000 0 -2.6793 0.0000 0.0000 1224.0000 370.0000 1.4699 1.5348 3.4932 5.7925 1.4110 -0.0688 -1.1510 0.0165
Car 0.0000 0 1.8913 0.0000 174.6898 49.0840 209.6342 1.5485 1.5697 3.8555 -27.9561 1.2925 33.4074 1.2010 0.0164
Cyclist 0.0000 0 0.6546 35.0507 168.5776 145.7841 265.4217 1.7381 0.4971 1.6991 -9.4660 1.5258 12.9649 0.0374 0.0163
Car 0.0000 0 -2.3800 0.0000 0.0000 1224.0000 370.0000 1.4161 1.5252 3.6155 12.5176 0.8415 1.2873 -0.9358 0.0157
Pedestrian 0.0000 0 2.0623 825.5072 156.6971 867.2911 256.7198 1.7189 0.4955 0.5636 4.2324 1.3115 12.5197 2.3825 0.0155
Cyclist 0.0000 0 0.4707 21.2794 166.5119 144.7531 266.0280 1.7698 0.5152 1.7876 -9.5807 1.5227 12.9595 -0.1525 0.0150
Car 0.0000 0 -1.6775 0.0000 0.0000 1224.0000 370.0000 1.5408 1.5235 3.7027 13.0015 0.9332 -0.1561 -0.1182 0.0149
Car 0.0000 0 4.4062 0.0000 0.0000 1224.0000 370.0000 1.5634 1.6997 4.0854 -31.3490 1.4538 -0.2018 2.8409 0.0148
Pedestrian 0.0000 0 2.6548 654.4578 173.2291 693.5340 253.9046 1.6594 0.4338 0.6959 1.4087 1.5115 14.8719 2.7489 0.0148
Car 0.0000 0 -2.0334 0.0000 0.0000 1224.0000 370.0000 1.4895 1.5377 3.8120 13.0028 0.6706 0.3767 -0.5152 0.0148
Car 0.0000 0 1.3691 0.0000 0.0000 1224.0000 370.0000 1.6594 1.7448 4.1665 -30.1773 1.5009 -0.1832 -0.1954 0.0147
Car 0.0000 0 2.0165 0.0000 175.0824 62.3716 209.7721 1.5406 1.5693 3.8866 -27.6001 1.3014 33.4682 1.3333 0.0147
Car 0.0000 0 -2.2465 0.0000 0.0000 1224.0000 370.0000 1.5621 1.5853 3.7464 5.6138 1.5200 -0.3110 -0.6765 0.0146
Car 0.0000 0 -1.5796 0.0000 0.0000 1224.0000 370.0000 1.6128 1.7502 3.9056 -30.1887 1.4706 -0.0570 -3.1399 0.0145
Car 0.0000 0 4.6568 0.0000 0.0000 1224.0000 370.0000 1.5883 1.7730 4.0231 -30.4502 1.4315 -0.2016 3.0917 0.0145
Car 0.0000 0 -2.2140 0.0000 0.0000 1224.0000 370.0000 1.5135 1.5941 3.7269 12.8485 0.7710 0.5384 -0.7089 0.0141
Car 0.0000 0 -2.3510 0.0000 0.0000 1224.0000 370.0000 1.4504 1.5845 3.8824 12.9525 0.8846 1.1298 -0.8906 0.0139
Car 0.0000 0 -1.7059 0.0000 0.0000 1224.0000 370.0000 1.5465 1.5489 3.7210 13.0343 0.9323 -0.1147 -0.1498 0.0139
Car 0.0000 0 4.4505 0.0000 0.0000 1224.0000 370.0000 1.5248 1.7550 3.8752 -30.7393 1.4805 -0.0649 2.8897 0.0137
Pedestrian 0.0000 0 -2.5000 0.0000 0.0000 1224.0000 370.0000 1.7093 0.7369 0.5914 11.4291 1.2318 -0.2162 -0.9372 0.0136
Car 0.0000 0 -2.1758 0.0000 0.0000 1224.0000 370.0000 1.5572 1.6721 3.9578 12.8148 0.7699 0.4993 -0.6678 0.0135
Pedestrian 0.0000 0 2.0898 655.9500 173.0456 690.8685 253.0759 1.6138 0.4292 0.7056 1.3820 1.4651 14.6642 2.1834 0.0133
Car 0.0000 0 -2.0776 0.0000 0.0000 1224.0000 370.0000 1.4846 1.5666 3.9383 12.5744 0.7979 1.4073 -0.6423 0.0133
Cyclist 0.0000 0 1.1514 994.0289 161.8333 1051.8831 231.4966 1.6297 0.5749 1.6873 10.2178 1.1946 17.4045 1.6759 0.0132
Car 0.0000 0 -2.0405 0.0000 0.0000 1224.0000 370.0000 1.5404 1.4864 3.2050 5.7135 1.5276 -0.2084 -0.4883 0.0131
Car 0.0000 0 -2.1006 0.0000 0.0000 1224.0000 370.0000 1.5395 1.5563 3.7933 13.0241 0.7944 0.7665 -0.6119 0.0131
Car 0.0000 0 -2.7036 0.0000 0.0000 1224.0000 370.0000 1.5439 1.5172 3.3771 5.7898 1.5244 -0.1091 -1.1683 0.0131
Cyclist 0.0000 0 -0.6348 0.0000 0.0000 1224.0000 370.0000 1.7138 0.4393 1.8290 -0.6278 1.6814 0.7765 -1.1519 0.0130
Car 0.0000 0 2.2208 0.0000 172.9572 14.8675 209.3995 1.4567 1.6471 3.9102 -27.6337 1.1567 30.2751 1.4881 0.0130
Car 0.0000 0 -2.2228 0.0000 0.0000 1224.0000 370.0000 1.5124 1.6376 3.7911 12.8167 0.7467 0.4414 -0.7104 0.0129
Car 0.0000 0 -2.9756 519.6315 160.6444 615.1469 196.3147 1.5741 1.6888 4.1306 -1.6951 0.6993 32.2737 -3.0256 0.0127
Car 0.0000 0 -2.7282 0.0000 0.0000 1224.0000 370.0000 1.5483 1.5121 3.3237 5.8129 1.5119 -0.0913 -1.1958 0.0127
Car 0.0000 0 2.1290 0.0000 175.2525 74.6155 209.4884 1.5252 1.5595 3.9166 -27.2419 1.2929 33.5299 1.4531 0.0126
Car 0.0000 0 -2.7512 0.0000 0.0000 1224.0000 370.0000 1.4806 1.4525 3.3650 5.7795 1.4322 -0.1751 -1.2046 0.0124
Car 0.0000 0 -1.5508 0.0000 0.0000 1224.0000 370.0000 1.5652 1.7162 4.1528 -20.9269 1.7064 0.4444 -3.0833 0.0123
Cyclist 0.0000 0 0.5679 53.8324 167.8286 155.4099 263.3945 1.7080 0.4192 1.5307 -9.1377 1.4832 12.8691 -0.0361 0.0120
Car 0.0000 0 1.3738 605.4002 164.0845 660.3182 199.9851 1.5165 1.7356 3.9243 1.1697 0.8246 31.9370 1.4120 0.0120
Cyclist 0.0000 0 -1.4438 0.0000 0.0000 1224.0000 370.0000 1.8076 0.6116 1.7033 11.9569 1.1183 0.0148 0.1001 0.0119
Car 0.0000 0 1.7571 0.0000 172.4910 31.7767 207.8187 1.5534 1.5889 3.9019 -28.3402 1.2027 33.1744 1.0566 0.0118
Pedestrian 0.0000 0 2.6550 654.3818 174.0911 694.9337 253.5129 1.6098 0.4074 0.7308 1.4014 1.4815 14.6540 2.7500 0.0117
Car 0.0000 0 -1.8866 0.0000 0.0000 1224.0000 370.0000 1.4634 1.5890 3.9399 12.9971 0.8462 1.0453 -0.4194 0.0114
Car 0.0000 0 4.4936 0.0000 0.0000 1224.0000 370.0000 1.5593 1.7438 3.9819 -30.9840 1.4475 -0.2227 2.9277 0.0114
Pedestrian 0.0000 0 -2.3318 0.0000 0.0000 1224.0000 370.0000 1.7204 0.7573 0.5788 11.4340 1.2164 -0.1846 -0.7717 0.0114
Car 0.0000 0 -3.5794 0.0000 0.0000 1224.0000 370.0000 1.4282 1.6723 3.6973 10.2168 1.3458 -0.2133 -2.0180 0.0113
Car 0.0000 0 -2.1640 0.0000 0.0000 1224.0000 370.0000 1.5905 1.6704 4.1126 12.9678 0.7954 0.6950 -0.6703 0.0113
Car 0.0000 0 -2.6843 0.0000 0.0000 1224.0000 370.0000 1.4602 1.5356 3.4717 12.2603 0.7747 1.1986 -1.2357 0.0112
Car 0.0000 0 -1.6747 610.4874 164.8476 655.1524 198.6839 1.4523 1.6684 3.5010 1.1928 0.7819 32.1434 -1.6361 0.0110
Car 0.0000 0 4.3578 0.0000 0.0000 1224.0000 370.0000 1.5265 1.7681 4.1057 -31.1790 1.4611 -0.0143 2.7986 0.0110
Pedestrian 0.0000 0 0.7909 892.9667 169.9233 948.2081 266.1478 1.4920 0.4401 0.7046 5.0200 1.3296 11.3661 1.1983 0.0109
Car 0.0000 0 0.5875 575.8970 165.1704 662.5233 199.9652 1.4843 1.6889 3.5655 0.6016 0.8319 31.8690 0.6080 0.0106
Car 0.0000 0 2.1333 0.0000 174.5377 73.0559 208.0054 1.4896 1.5208 3.8910 -27.2622 1.2257 33.4837 1.4564 0.0106
Car 0.0000 0 1.5483 599.8047 168.3428 640.0635 202.3766 1.4314 1.6933 3.6222 0.6032 0.9216 31.5443 1.5691 0.0106
Car 0.0000 0 1.8626 0.0000 173.0499 46.0236 207.8755 1.5390 1.5706 3.8190 -27.9600 1.2112 33.3046 1.1708 0.0106
Car 0.0000 0 2.2105 0.0000 170.7865 15.0463 207.9382 1.4686 1.6219 4.2302 -27.5892 1.0862 30.1277 1.4762 0.0105
Car 0.0000 0 2.0014 0.0000 173.5172 60.4813 207.7314 1.5184 1.5639 3.7776 -27.5824 1.2100 33.3988 1.3175 0.0104
Car 0.0000 0 -3.2091 0.0000 0.0000 1224.0000 370.0000 1.4117 1.6186 3.2588 9.9630 1.3861 -0.2375 -1.6454 0.0104
Pedestrian 0.0000 0 2.2511 829.6348 158.2468 873.8810 259.2671 1.6934 0.4931 0.5384 4.2126 1.3220 12.1992 2.5774 0.0101
Car 0.0000 0 -1.1981 570.4597 163.6576 635.9480 199.0272 1.5744 1.8037 3.9227 -0.0329 0.8261 33.6222 -1.1972 0.0101
Car 0.0000 0 1.5491 599.8423 167.9577 639.5710 202.7869 1.4655 1.6718 3.5495 0.5950 0.9393 31.5217 1.5696 0.0101
Car 0.0000 0 0.3036 564.8852 168.1726 652.3095 200.9417 1.4241 1.6568 3.6362 0.1588 0.8898 32.0658 0.3104 0.0100
Car 0.0000 0 -1.5741 611.4092 165.0156 649.5290 198.3642 1.4449 1.6520 3.2968 1.1382 0.7755 32.3050 -1.5374 0.0100
Car 0.0000 0 -1.7857 0.0000 0.0000 1224.0000 370.0000 1.4893 1.6085 4.0773 12.9153 0.7973 1.0855 -0.3223 0.0099
Car 0.0000 0 1.4066 602.9598 163.6065 655.3644 201.0157 1.5354 1.6797 3.8775 0.9739 0.8435 31.0472 1.4395 0.0099
Car 0.0000 0 -1.8745 0.0000 0.0000 1224.0000 370.0000 1.6025 1.6249 4.0892 13.0556 0.7249 0.8924 -0.3953 0.0099
Car 0.0000 0 -1.5210 608.6696 165.0072 649.4843 198.1398 1.4415 1.7006 3.6182 1.1433 0.7689 32.6330 -1.4845 0.0096
Car 0.0000 0 -2.8155 534.8784 163.5386 625.8240 198.1738 1.5341 1.6972 3.8618 -1.1412 0.7843 32.6835 -2.8482 0.0096
Car 0.0000 0 0.3010 0.0000 171.0163 116.2761 206.1843 1.5628 1.7532 4.5066 -25.7604 1.1428 33.0199 -0.3550 0.0096
Car 0.0000 0 -4.2264 0.0000 0.0000 1224.0000 370.0000 1.4288 1.6763 3.5275 9.8791 1.2499 0.2126 -2.7084 0.0096
Car 0.0000 0 2.0709 545.9293 163.2364 619.5406 200.1923 1.5405 1.7262 3.6647 -0.9469 0.8224 31.4925 2.0431 0.0095
Pedestrian 0.0000 0 -0.3377 835.2761 161.5758 875.7788 259.3239 1.6605 0.4581 0.5365 4.2866 1.3407 12.2369 -0.0071 0.0095
Cyclist 0.0000 0 -1.2579 0.0000 0.0000 1224.0000 370.0000 1.7532 0.5878 1.6826 11.7706 1.1527 -0.0671 0.2925 0.0094
Car 0.0000 0 -1.8208 602.7271 166.9918 655.6805 199.6409 1.4308 1.6493 3.4546 1.0502 0.8403 32.8456 -1.7873 0.0093
Car 0.0000 0 -2.9660 641.1031 169.7406 741.3751 207.5364 1.4760 1.6909 3.8441 3.5297 1.0573 28.9783 -2.8443 0.0093
Car 0.0000 0 0.2763 565.9255 167.8891 649.5753 200.8980 1.4378 1.6540 3.4750 0.1244 0.8900 32.0698 0.2819 0.0092
Car 0.0000 0 2.2009 0.0000 170.8516 17.1244 208.8496 1.5090 1.6702 4.1760 -27.5775 1.1273 30.2360 1.4685 0.0091
Car 0.0000 0 0.2923 0.0000 172.2535 105.3608 206.7615 1.5356 1.6901 4.1978 -26.0874 1.1701 33.0062 -0.3700 0.0091
Car 0.0000 0 -0.1853 631.6050 168.8146 732.1935 205.3884 1.4681 1.6904 3.9070 3.1238 1.0005 29.3727 -0.0787 0.0091
Cyclist 0.0000 0 2.1460 41.8753 172.5009 137.6335 272.2029 1.6890 0.4852 1.8171 -9.3790 1.5552 12.8906 1.5305 0.0091
Car 0.0000 0 4.5407 0.0000 0.0000 1224.0000 370.0000 1.5539 1.7735 4.2728 -20.8424 1.6932 0.1736 2.9954 0.0090
Car 0.0000 0 -2.9444 0.0000 0.0000 1224.0000 370.0000 1.5033 1.5241 3.3826 5.8510 1.4450 -0.3134 -1.3740 0.0090
Cyclist 0.0000 0 -0.2476 0.0000 161.9624 133.3164 272.3166 1.8370 0.5079 1.9198 -9.6909 1.5300 12.6691 -0.8867 0.0088
Cyclist 0.0000 0 -0.4727 230.5974 0.0000 1224.0000 370.0000 1.6429 0.4336 1.8051 -1.0400 1.7445 0.7560 -1.2385 0.0085
Car 0.0000 0 3.1289 520.4308 160.8361 615.5783 196.6987 1.5703 1.6904 4.1789 -1.6914 0.7108 31.9303 3.0784 0.0085
Car 0.0000 0 4.6281 0.0000 0.0000 1224.0000 370.0000 1.5722 1.7726 4.5437 -20.5557 1.6574 0.1904 3.0839 0.0084
Car 0.0000 0 -4.1566 0.0000 0.0000 1224.0000 370.0000 1.4478 1.6914 3.4743 9.9638 1.2949 -0.0334 -2.6135 0.0084
Car 0.0000 0 3.0473 534.9761 163.5248 622.5169 198.1867 1.5135 1.6502 3.8126 -1.2402 0.7738 31.9347 3.0108 0.0083
Car 0.0000 0 -0.9391 553.7914 165.1886 635.0939 201.0095 1.5429 1.7582 3.9306 -0.4418 0.8849 32.5607 -0.9507 0.0083
Cyclist 0.0000 0 1.4515 986.1591 160.2457 1023.1271 231.7404 1.6775 0.5974 1.5576 9.7884 1.2038 17.4182 1.9574 0.0082
Pedestrian 0.0000 0 0.9339 895.2918 170.4484 946.3486 265.6145 1.4808 0.4384 0.6617 5.0249 1.3261 11.3689 1.3416 0.0082
Pedestrian 0.0000 0 -0.0587 33.8939 166.3299 91.0367 269.4720 1.7855 0.5164 0.7905 -9.7803 1.5418 12.6868 -0.7016 0.0082
Car 0.0000 0 1.4476 604.3348 166.3585 651.9706 201.8112 1.4758 1.6710 3.5928 0.9474 0.8886 31.2933 1.4794 0.0082
Car 0.0000 0 1.4957 604.5141 165.9686 648.6117 201.2426 1.5006 1.7134 3.6833 0.8995 0.8839 31.9531 1.5254 0.0082
Car 0.0000 0 0.3007 0.0000 171.6994 111.4112 206.6117 1.5539 1.7117 4.2963 -25.8660 1.1637 33.0178 -0.3574 0.0082
Car 0.0000 0 1.4128 0.0000 0.0000 1224.0000 370.0000 1.6764 1.7389 4.2512 -29.9921 1.5357 -0.2752 -0.1548 0.0081
Car 0.0000 0 3.0294 581.9811 164.8198 690.0899 201.8284 1.4659 1.6713 4.2646 1.1972 0.8463 28.9830 3.0721 0.0080
Car 0.0000 0 -2.9244 530.1734 163.3541 622.1705 198.0325 1.5282 1.6678 3.9352 -1.3060 0.7741 32.3242 -2.9625 0.0080
Car 0.0000 0 3.6548 0.0000 173.5014 26.7370 218.9642 1.5514 1.6898 4.0996 -23.6693 1.3141 25.4099 2.9129 0.0080
Car 0.0000 0 -1.3454 672.3755 164.2502 730.6292 201.9197 1.4723 1.6267 3.7349 4.0876 0.8387 29.6646 -1.2081 0.0080
Car 0.0000 0 -1.6797 633.2107 165.2986 682.8475 203.5692 1.5186 1.6849 3.7992 2.1618 0.9169 29.9801 -1.6066 0.0079
Car 0.0000 0 2.1077 597.3839 165.0456 684.0081 204.8468 1.4266 1.6039 3.8490 1.4285 0.8742 27.3840 2.1611 0.0079
Car 0.0000 0 -0.6027 634.3278 166.9982 734.1750 204.1125 1.4819 1.6131 3.9804 3.3436 0.9443 29.8758 -0.4906 0.0079
Car 0.0000 0 0.5328 0.0000 173.3349 93.3206 206.1015 1.4669 1.6029 3.7666 -26.1999 1.1476 32.6979 -0.1362 0.0078
Car 0.0000 0 2.6874 528.3481 163.0125 622.2268 199.2205 1.5352 1.6501 3.8626 -1.3356 0.7952 31.6165 2.6475 0.0077
Car 0.0000 0 2.2702 594.3442 164.5155 686.7983 204.0219 1.4462 1.5559 3.7860 1.4298 0.8626 27.7923 2.3229 0.0077
Car 0.0000 0 -1.3851 672.7538 165.1675 728.9645 203.1681 1.4912 1.6509 3.9483 4.0933 0.8910 29.8742 -1.2485 0.0077
Cyclist 0.0000 0 3.7541 0.0000 0.0000 1224.0000 370.0000 1.6674 0.5871 1.8828 -1.3224 1.7202 0.4787 2.7299 0.0076
Car 0.0000 0 -3.1395 635.3141 168.9708 731.0075 206.0635 1.4675 1.6898 3.7909 3.1716 1.0129 29.0194 -3.0301 0.0076
Car 0.0000 0 2.1965 595.2198 165.3435 684.6884 204.4953 1.4217 1.5692 3.7875 1.4042 0.8728 27.6365 2.2486 0.0076
Car 0.0000 0 1.6791 614.0541 165.0644 662.8712 203.1210 1.4403 1.5801 3.7624 1.3970 0.8576 28.7369 1.7290 0.0075
Car 0.0000 0 1.6256 692.0394 164.0778 737.8684 202.4549 1.4455 1.6279 3.8660 4.4944 0.8284 28.6864 1.7812 0.0075
Car 0.0000 0 -1.5949 637.7860 166.8434 680.1401 204.6038 1.4856 1.6644 3.6684 2.1936 0.9498 29.6860 -1.5201 0.0075
Car 0.0000 0 -3.1373 619.3107 167.8887 711.8494 204.6581 1.4769 1.6198 3.7247 2.4858 0.9718 29.3677 -3.0520 0.0074
Car 0.0000 0 2.4518 0.0000 184.9425 114.6469 245.1938 1.4981 1.7640 4.7228 -17.0149 1.6437 20.4297 1.7666 0.0074
Car 0.0000 0 -1.8339 617.3538 163.2121 681.8959 203.8837 1.6040 1.6766 4.2827 1.7936 0.9237 30.1453 -1.7733 0.0074
Car 0.0000 0 4.5235 0.0000 0.0000 1224.0000 370.0000 1.6484 1.8966 4.6498 -20.7243 1.7218 0.2106 2.9800 0.0074
Car 0.0000 0 -3.1349 600.6434 167.1124 696.0550 203.4576 1.4463 1.5961 3.8068 1.7548 0.9150 29.0560 -3.0734 0.0074
Car 0.0000 0 -0.0594 671.5694 161.1363 785.9079 201.6262 1.5562 1.7290 4.3752 4.8491 0.8135 28.2709 0.1105 0.0073
Car 0.0000 0 0.4720 586.4683 164.3167 670.5712 198.4846 1.4642 1.6377 3.4140 1.0335 0.7722 31.8379 0.5060 0.0073
Car 0.0000 0 -0.1438 591.0084 164.2809 676.9041 197.7554 1.4760 1.7365 3.6994 1.2605 0.7623 32.2249 -0.1032 0.0072
Car 0.0000 0 2.8158 517.2525 159.9404 618.6274 196.4424 1.5496 1.6815 4.2036 -1.6749 0.6783 31.5645 2.7653 0.0072
Car 0.0000 0 0.0507 574.1229 166.7224 662.5081 200.4516 1.4795 1.7437 3.8988 0.6204 0.8766 32.0184 0.0717 0.0072
Car 0.0000 0 1.4277 595.5154 166.9729 645.3565 202.2585 1.4780 1.6927 3.8198 0.6076 0.9129 31.6105 1.4486 0.0072
Car 0.0000 0 0.1395 669.6496 160.6235 788.9465 202.7599 1.5731 1.7177 4.4411 4.8913 0.8325 27.8921 0.3130 0.0071
Car 0.0000 0 1.2496 696.7310 163.1065 770.2062 204.5340 1.4951 1.5940 4.1058 4.9025 0.8689 27.6594 1.4249 0.0070
Cyclist 0.0000 0 -1.9793 1186.6927 178.4361 1224.0000 353.8337 1.5994 0.4541 1.8083 6.7245 1.5823 7.3726 -1.2596 0.0070
Pedestrian 0.0000 0 -1.6978 106.3994 168.8581 139.7621 262.3747 1.6177 0.4166 0.6738 -8.6496 1.4179 12.6166 -2.2852 0.0070
Car 0.0000 0 0.4855 0.0000 170.5892 110.6635 205.5396 1.5557 1.7323 4.3004 -25.7012 1.1160 32.6921 -0.1742 0.0070
Car 0.0000 0 0.2385 566.9832 167.5593 648.7034 201.5326 1.4826 1.7369 3.3963 0.1353 0.9193 32.1042 0.2445 0.0070
Car 0.0000 0 2.6670 606.3171 168.5827 701.3831 205.8221 1.4372 1.5643 3.5244 1.9582 0.9788 28.6964 2.7362 0.0070
Car 0.0000 0 -1.1627 559.8800 162.9621 627.9642 199.5885 1.5915 1.7198 3.9851 -0.4606 0.8309 32.8886 -1.1747 0.0070
Pedestrian 0.0000 0 -0.2697 107.4428 165.9039 155.8404 258.5086 1.6396 0.4692 0.6357 -8.6852 1.3828 12.9070 -0.8487 0.0069
Car 0.0000 0 1.4700 605.1102 167.4305 650.2278 201.4598 1.4293 1.6589 3.4938 0.9366 0.8819 31.4932 1.5013 0.0069
Car 0.0000 0 -2.8653 0.0000 0.0000 1224.0000 370.0000 1.6004 1.6115 3.4223 5.8629 1.4985 -0.2310 -1.3088 0.0069
Car 0.0000 0 -1.3836 637.9061 168.3877 691.7557 204.7668 1.4271 1.6367 3.4184 2.5373 0.9535 29.5985 -1.2972 0.0069
Car 0.0000 0 2.3928 592.1208 164.4303 692.2615 203.9963 1.4556 1.5910 3.9009 1.4868 0.8659 27.8658 2.4474 0.0068
Car 0.0000 0 0.2556 655.7319 166.7946 753.9545 203.6563 1.4222 1.5979 3.6665 4.0351 0.8949 28.7186 0.3955 0.0068
Car 0.0000 0 -0.0686 656.4650 165.5750 750.2337 201.5716 1.4355 1.5803 3.7185 3.9658 0.8418 29.1037 0.0672 0.0068
Car 0.0000 0 0.0482 653.4848 168.5307 745.5204 204.4523 1.4179 1.6330 3.6468 3.8763 0.9470 29.0364 0.1813 0.0068
Car 0.0000 0 0.2330 553.0547 167.6541 649.0322 201.0410 1.4500 1.7589 4.0496 -0.1712 0.8935 32.0186 0.2296 0.0068
Car 0.0000 0 -1.5691 607.9379 165.1159 646.6005 197.7016 1.4675 1.7418 3.6777 1.0470 0.7761 33.7037 -1.5365 0.0067
Car 0.0000 0 0.1137 554.8671 167.6031 642.8644 202.1607 1.5199 1.7044 3.8310 -0.2577 0.9541 32.1453 0.1076 0.0067
Car 0.0000 0 0.6758 577.0778 166.5301 661.2251 200.2596 1.4295 1.6555 3.5096 0.5866 0.8389 31.7203 0.6960 0.0067
Car 0.0000 0 -2.8757 0.0000 0.0000 1224.0000 370.0000 1.5451 1.5803 3.3721 5.8644 1.4166 -0.2595 -1.3144 0.0067
Car 0.0000 0 -0.3258 667.5795 161.8729 783.9661 201.8204 1.5520 1.7044 4.3296 4.8299 0.8298 28.6477 -0.1587 0.0066
Car 0.0000 0 -0.3698 645.3327 168.3168 742.8565 204.7248 1.4545 1.6434 3.6903 3.6701 0.9693 29.4870 -0.2455 0.0066
Car 0.0000 0 -0.0479 586.5115 167.2859 673.6873 200.9732 1.4990 1.9232 3.8843 1.0873 0.9125 32.4431 -0.0129 0.0066
Car 0.0000 0 0.2938 558.2407 167.1109 648.3603 202.4090 1.5313 1.7438 3.7399 -0.0771 0.9520 32.0445 0.2933 0.0066
Car 0.0000 0 2.8566 592.4236 165.9366 694.5132 202.9665 1.4345 1.6250 3.8222 1.5082 0.8718 28.6131 2.9105 0.0066
Car 0.0000 0 1.5193 673.7538 171.9197 722.2987 208.8662 1.3886 1.7348 3.7653 3.6619 1.0676 28.5128 1.6474 0.0066
Car 0.0000 0 -2.8483 528.5741 164.7947 625.6817 199.1972 1.5455 1.7168 4.2308 -1.3032 0.8414 33.1255 -2.8854 0.0066
Car 0.0000 0 0.9911 665.4431 166.8163 754.9229 205.3038 1.4110 1.6923 3.7924 4.0547 0.9109 27.9926 1.1352 0.0066
Car 0.0000 0 2.5868 517.8966 158.6154 619.2116 196.1067 1.5578 1.6576 4.2344 -1.5941 0.6499 31.2567 2.5384 0.0066
Cyclist 0.0000 0 -2.2693 831.6800 163.0010 920.9617 265.6242 1.6259 0.3434 1.7822 4.5487 1.3503 12.0938 -1.9164 0.0066
Car 0.0000 0 -1.0358 554.4902 163.3490 626.9153 199.4795 1.5478 1.7432 3.5294 -0.6144 0.8145 32.2493 -1.0527 0.0066
Car 0.0000 0 2.8499 621.0406 170.4744 720.1049 206.6406 1.4215 1.6918 3.7128 2.6335 1.0290 28.9840 2.9413 0.0065
Pedestrian 0.0000 0 0.4111 51.2862 162.6871 102.3665 266.0490 1.8535 0.5066 0.5973 -9.7366 1.5357 12.9858 -0.2188 0.0065
Car 0.0000 0 1.4157 680.3788 167.7379 736.4979 204.7032 1.4012 1.6789 3.7471 4.0993 0.9189 28.6796 1.5579 0.0065
Car 0.0000 0 1.2480 685.6360 163.5366 757.2208 203.0184 1.4526 1.6227 3.9413 4.5099 0.8300 28.0853 1.4074 0.0065
Car 0.0000 0 -1.3100 678.6612 162.6671 743.3832 201.3477 1.5048 1.7115 3.9977 4.4970 0.8126 29.6760 -1.1593 0.0065
Car 0.0000 0 2.6161 593.8107 164.1672 693.5978 202.4511 1.4452 1.6111 3.6660 1.5300 0.8302 28.2349 2.6715 0.0065
Car 0.0000 0 2.3502 599.2667 168.2029 695.9042 207.2213 1.4382 1.4995 3.8995 1.7080 0.9864 27.9144 2.4124 0.0064
Car 0.0000 0 -1.5693 635.8012 165.5400 677.4427 204.2525 1.5365 1.6518 3.8538 2.1714 0.9442 30.0403 -1.4961 0.0064
Car 0.0000 0 1.4563 628.0430 166.7802 681.0297 205.9655 1.5132 1.7498 3.8190 1.9570 0.9849 29.2463 1.5242 0.0064
Car 0.0000 0 1.2813 666.0336 171.8341 730.9931 208.1651 1.3515 1.6510 3.3813 3.6224 1.0307 28.0985 1.4099 0.0064
Car 0.0000 0 -1.9644 614.1495 165.7494 684.2341 204.1462 1.5030 1.6353 3.6969 1.7605 0.9271 29.6861 -1.9039 0.0064
Car 0.0000 0 -1.6660 580.0828 158.9366 609.2650 186.1441 1.9449 1.7728 4.3617 -0.8058 0.4048 52.8026 -1.6793 0.0064
Car 0.0000 0 2.4116 0.0000 184.0250 114.9039 244.1634 1.5064 1.7925 4.7211 -16.9945 1.6223 20.4666 1.7279 0.0064
Car 0.0000 0 0.6437 574.2938 166.9155 663.9841 201.0489 1.4437 1.7190 3.7403 0.5852 0.8706 31.7286 0.6638 0.0064
Car 0.0000 0 1.6950 643.8520 169.5687 698.4844 210.4763 1.4567 1.6339 3.7757 2.5845 1.0690 27.1934 1.7905 0.0064
Car 0.0000 0 -1.3155 682.4130 162.2374 744.5355 200.8718 1.4824 1.6204 3.8299 4.5216 0.7832 29.2036 -1.1617 0.0064
Car 0.0000 0 -1.0606 552.8795 162.2459 623.4467 198.6356 1.5523 1.7151 3.4856 -0.7266 0.7751 32.0981 -1.0811 0.0063
Car 0.0000 0 2.2767 533.8889 160.5458 620.2756 198.3969 1.5917 1.7357 3.9451 -1.2139 0.7541 31.8120 2.2409 0.0063
Car 0.0000 0 0.1496 544.9542 166.6160 639.1235 201.4498 1.5466 1.7497 4.1163 -0.5752 0.9317 32.5302 0.1339 0.0063
Car 0.0000 0 2.1662 608.0124 169.6660 691.3282 208.2763 1.4155 1.5386 3.5533 1.7866 1.0198 27.7906 2.2315 0.0063
Car 0.0000 0 -2.9053 0.0000 0.0000 1224.0000 370.0000 1.6008 1.6013 3.3769 5.8275 1.5329 -0.2660 -1.3428 0.0063
Car 0.0000 0 3.0937 512.6650 159.2198 611.8188 196.0526 1.6082 1.6811 4.3593 -1.9745 0.6805 31.9350 3.0345 0.0063
Car 0.0000 0 1.1621 665.1165 169.8038 736.3962 206.9549 1.3751 1.5858 3.3490 3.6974 0.9807 27.9924 1.2937 0.0063
Car 0.0000 0 -1.4111 670.2454 167.6949 721.3104 204.2760 1.4166 1.5875 3.2864 3.7728 0.9222 29.1767 -1.2821 0.0062
Car 0.0000 0 -2.8329 527.7004 163.6247 621.2047 198.2798 1.5406 1.6596 4.0143 -1.4156 0.7919 32.7589 -2.8737 0.0062
Car 0.0000 0 1.7315 631.6324 166.7545 689.9589 207.5128 1.4355 1.6129 3.8885 2.1738 0.9529 26.9785 1.8128 0.0062
Car 0.0000 0 1.3503 613.0970 163.1289 673.4150 202.1251 1.5013 1.6756 3.8727 1.4859 0.8341 29.2655 1.4024 0.0062
Pedestrian 0.0000 0 1.6396 925.6036 170.5827 956.0344 264.5171 1.4601 0.4085 0.5939 5.3481 1.3076 11.3440 2.0712 0.0062
Cyclist 0.0000 0 -1.7702 263.1470 180.6899 300.9257 257.9773 1.5043 0.4137 1.5589 -6.6875 1.5100 14.5146 -2.1919 0.0061
Car 0.0000 0 -1.6215 607.6903 167.5795 648.1633 199.8185 1.3991 1.6801 3.2946 0.9838 0.8398 32.3419 -1.5895 0.0061
Car 0.0000 0 1.7725 632.0876 169.7437 689.4622 208.5288 1.4790 1.6708 3.4693 2.3118 1.0703 28.8553 1.8533 0.0061
Car 0.0000 0 -4.1597 0.0000 0.0000 1224.0000 370.0000 1.4488 1.6837 3.9065 9.9178 1.1879 0.5344 -2.6738 0.0061
Pedestrian 0.0000 0 -2.3407 0.0000 0.0000 1224.0000 370.0000 1.7057 0.6695 0.5179 11.4298 1.2152 0.0566 -0.8017 0.0061
Car 0.0000 0 -2.9350 637.9405 168.9869 751.2792 206.7811 1.4284 1.6799 4.2315 3.5594 0.9948 28.2026 -2.8090 0.0061
Car 0.0000 0 -2.8098 608.7271 167.2425 705.0538 203.9540 1.4527 1.5841 3.6839 2.1379 0.9296 29.4274 -2.7363 0.0061
Car 0.0000 0 0.2628 545.1170 166.2710 634.5233 200.2901 1.4962 1.6144 3.7989 -0.6921 0.8719 32.3330 0.2434 0.0061
Car 0.0000 0 4.5995 0.0000 0.0000 1224.0000 370.0000 1.5411 1.9626 4.7455 -20.6365 1.7037 0.2599 3.0585 0.0060
Car 0.0000 0 4.4129 0.0000 0.0000 1224.0000 370.0000 1.6687 1.8673 4.4640 -20.7074 1.7089 0.0521 2.8618 0.0060
Car 0.0000 0 0.1833 661.9219 164.4844 767.4106 202.7065 1.4717 1.6574 3.9916 4.4321 0.8565 28.6609 0.3369 0.0060
Car 0.0000 0 4.5562 0.0000 0.0000 1224.0000 370.0000 1.6218 1.8042 4.5341 -20.6934 1.6970 0.0066 3.0029 0.0060
Car 0.0000 0 1.4140 595.2773 166.6400 649.1326 203.0266 1.5350 1.8326 3.8974 0.6878 0.9518 31.8757 1.4371 0.0060
Car 0.0000 0 2.0128 546.2955 162.7048 614.9992 199.7546 1.5344 1.6436 3.6111 -1.0323 0.7989 31.2605 1.9821 0.0060
Car 0.0000 0 -3.2275 635.5734 170.8045 737.5284 206.9004 1.4287 1.6622 4.0022 3.2431 1.0464 28.8644 -3.1151 0.0060
Cyclist 0.0000 0 -2.2078 849.0174 165.0727 934.7960 268.2596 1.5856 0.3640 1.6951 4.6680 1.3502 11.7254 -1.8364 0.0059
Car 0.0000 0 -1.8150 619.4087 164.3716 681.2582 203.8094 1.5495 1.6554 4.1187 1.8170 0.9173 29.9500 -1.7532 0.0059
Pedestrian 0.0000 0 -1.1528 776.9742 179.0927 804.4592 241.8150 1.5464 0.4922 0.5443 4.6389 1.5134 17.7938 -0.9005 0.0059
Car 0.0000 0 1.1175 680.7861 160.7563 770.6917 203.9429 1.5136 1.6796 4.2504 4.4808 0.8231 27.0520 1.2816 0.0059
Car 0.0000 0 1.8661 625.7386 170.6869 693.5850 209.7816 1.4011 1.5911 3.7558 2.1615 1.0509 27.3728 1.9457 0.0059
Car 0.0000 0 2.3661 606.4811 169.0269 696.0712 207.2775 1.4404 1.5377 3.5119 1.8674 1.0099 28.3476 2.4330 0.0059
Car 0.0000 0 -1.8888 611.5482 161.4202 683.2704 202.8127 1.6298 1.7199 4.5215 1.6935 0.8801 30.2411 -1.8316 0.0058
Car 0.0000 0 -1.1840 676.3620 163.2757 748.4728 202.1071 1.5048 1.6521 3.8151 4.5153 0.8388 29.4549 -1.0317 0.0058
Car 0.0000 0 -1.7428 554.3022 161.8636 603.6670 197.6714 1.5673 1.6434 3.9896 -1.2964 0.7531 33.0639 -1.7798 0.0058
Car 0.0000 0 -1.6757 565.4658 162.2367 609.5267 198.5639 1.6082 1.6681 3.9641 -0.9012 0.8012 33.3697 -1.7005 0.0058
Car 0.0000 0 1.8883 626.3359 171.8063 690.5198 208.8539 1.3603 1.5168 3.4491 2.1388 1.0426 27.8394 1.9659 0.0058
Car 0.0000 0 -1.2116 669.0591 164.6150 736.8964 203.0825 1.4998 1.6433 3.6073 4.1291 0.8820 29.5392 -1.0724 0.0058
Car 0.0000 0 -1.1516 548.3450 161.4270 616.9135 198.9149 1.5789 1.6914 3.7720 -0.9578 0.7771 31.8404 -1.1795 0.0057
Car 0.0000 0 -2.4581 0.0000 0.0000 1224.0000 370.0000 1.6170 1.7218 4.1811 12.8836 0.9258 0.3436 -0.9377 0.0057
Car 0.0000 0 2.6334 581.8152 163.8473 693.1451 202.9086 1.4664 1.6368 4.1661 1.2871 0.8428 28.1987 2.6804 0.0057
Car 0.0000 0 2.8389 633.4264 172.5804 732.0418 208.6128 1.3592 1.5718 3.5427 3.0003 1.0619 27.7785 2.9471 0.0057
Car 0.0000 0 2.9060 581.4380 165.1083 692.4966 202.6423 1.4547 1.6460 4.2206 1.2383 0.8597 28.6073 2.9506 0.0056
Car 0.0000 0 -2.9018 648.8163 171.0628 751.1710 208.2160 1.4351 1.5972 3.8573 3.8435 1.0721 28.7526 -2.7686 0.0056
Car 0.0000 0 1.0294 677.2302 163.3578 770.3954 204.5350 1.4782 1.6680 4.1595 4.5102 0.8643 27.6176 1.1913 0.0056
Car 0.0000 0 -3.1887 590.4526 165.7231 693.3928 202.1140 1.4507 1.6501 4.1040 1.4513 0.8631 29.0143 -3.1374 0.0056
Car 0.0000 0 -1.4358 638.4318 165.1995 688.9704 203.4440 1.5161 1.6559 3.6609 2.5263 0.9111 29.9913 -1.3508 0.0055
Car 0.0000 0 -1.2284 669.9969 164.3024 738.9238 202.3900 1.4641 1.6549 3.7556 4.1510 0.8430 29.2212 -1.0870 0.0055
Car 0.0000 0 0.0457 561.1700 169.8408 650.6205 202.2877 1.4726 1.7311 4.0769 0.0584 0.9903 33.0494 0.0493 0.0055
Car 0.0000 0 0.8732 664.7023 165.9920 763.5739 205.5253 1.4240 1.7021 3.8849 4.1459 0.9029 27.5641 1.0227 0.0055
Car 0.0000 0 -1.4441 0.0000 175.9226 30.6032 218.1733 1.4692 1.6347 4.0101 -23.0418 1.3116 26.7082 -2.1483 0.0055
Car 0.0000 0 -2.9517 614.0791 165.7977 713.0076 203.3043 1.5165 1.5789 3.9391 2.4683 0.9235 29.8744 -2.8683 0.0055
Car 0.0000 0 3.0028 632.1887 171.0317 731.4487 207.3853 1.4046 1.6729 3.7380 2.9874 1.0403 28.2109 3.1089 0.0055
Car 0.0000 0 3.8579 0.0000 175.0129 31.0065 217.7223 1.5016 1.6707 4.0034 -23.6083 1.3102 25.7258 3.1234 0.0055
Car 0.0000 0 -1.4253 666.7784 165.4537 718.2472 203.1663 1.4819 1.6302 3.7036 3.7219 0.8922 29.7810 -1.3004 0.0054
Pedestrian 0.0000 0 0.3056 53.3008 162.3159 103.8333 266.5482 1.8664 0.5209 0.6144 -9.7141 1.5424 13.0000 -0.3227 0.0054
Pedestrian 0.0000 0 -1.3623 777.2643 177.9370 802.5680 242.1039 1.5819 0.5160 0.5481 4.6179 1.5203 17.7861 -1.1111 0.0054
Cyclist 0.0000 0 0.1315 20.5714 0.0000 1224.0000 370.0000 1.6640 0.4859 1.8795 -1.3788 1.6711 0.3091 -1.0076 0.0054
Car 0.0000 0 -0.6614 652.9368 162.3106 761.0429 201.1360 1.5352 1.7541 4.3489 4.3002 0.8175 29.7910 -0.5177 0.0054
Car 0.0000 0 0.9572 666.5657 163.7438 763.0630 204.9477 1.4690 1.6736 4.0126 4.1302 0.8732 27.3720 1.1071 0.0054
Car 0.0000 0 2.5343 611.4937 169.6001 711.6967 207.2572 1.4062 1.5565 3.7377 2.2372 1.0007 28.0092 2.6149 0.0053
Car 0.0000 0 1.6093 667.2286 169.1209 711.4659 207.0653 1.4414 1.6453 3.9486 3.4862 1.0106 28.9329 1.7297 0.0053
Car 0.0000 0 1.0008 667.8850 163.6314 762.2305 204.9690 1.4624 1.6613 4.0242 4.1072 0.8672 27.1847 1.1509 0.0053
Car 0.0000 0 -0.7379 1148.1058 173.4144 1224.0000 255.2536 1.4538 1.6748 4.2208 13.0566 1.3296 13.4403 0.0228 0.0053
Car 0.0000 0 -0.9752 554.5266 163.4659 631.9614 199.4822 1.5526 1.7233 3.8010 -0.4983 0.8198 32.5354 -0.9885 0.0053
Car 0.0000 0 2.3831 0.0000 184.9277 114.8985 243.8203 1.4955 1.7070 4.3446 -16.8350 1.6400 20.5571 1.7062 0.0052
Car 0.0000 0 -2.6619 538.9178 164.5629 635.6639 199.6336 1.5300 1.7553 4.1040 -0.8410 0.8362 32.5326 -2.6856 0.0052
Car 0.0000 0 0.1785 542.0102 166.0340 627.9155 200.0689 1.5050 1.6467 3.6955 -0.9031 0.8668 32.3557 0.1527 0.0052
Car 0.0000 0 -0.1927 562.7332 168.5582 659.6178 202.9407 1.5071 1.9495 4.1312 0.2241 0.9851 32.3231 -0.1840 0.0052
Car 0.0000 0 -1.3320 0.0000 173.9616 39.2951 217.2077 1.5050 1.5951 3.7009 -22.8178 1.2790 26.6123 -2.0331 0.0052
Car 0.0000 0 -1.3258 0.0000 173.5182 7.9290 237.0689 1.5761 1.6550 4.5314 -18.5240 1.4045 19.9174 -2.0652 0.0052
Car 0.0000 0 -1.5281 786.8517 148.4726 818.2505 181.6771 2.1193 1.8382 4.7469 13.3640 0.0765 47.6637 -1.2547 0.0052
Car 0.0000 0 -2.9827 653.4278 169.1142 752.8423 206.0659 1.4286 1.6034 3.7852 3.9689 0.9899 28.6499 -2.8447 0.0052
Car 0.0000 0 1.8621 641.7466 168.2463 712.4635 207.3578 1.4747 1.7536 4.1505 3.0044 1.0142 28.9072 1.9664 0.0051
Car 0.0000 0 2.9689 619.1814 170.0999 711.7935 205.1703 1.3948 1.6629 3.5626 2.4234 0.9826 29.1005 3.0529 0.0051
Car 0.0000 0 -1.3519 666.3861 166.0858 723.0786 203.7596 1.4747 1.6203 3.5621 3.7942 0.9120 29.6224 -1.2240 0.0051
Car 0.0000 0 1.2665 0.0000 0.0000 1224.0000 370.0000 1.5307 1.3537 3.8527 -5.3595 1.7428 -0.3156 -0.3013 0.0051
Car 0.0000 0 -2.8009 0.0000 0.0000 1224.0000 370.0000 1.6965 1.7579 4.3946 20.2682 0.6583 2.0617 -1.3458 0.0051
Car 0.0000 0 -1.5345 0.0000 0.0000 1224.0000 370.0000 1.5429 1.8345 3.9269 -20.1249 1.6937 0.1088 -3.0823 0.0051
Car 0.0000 0 -0.4148 653.3859 166.3269 752.0818 204.3105 1.5120 1.6750 3.7127 4.0296 0.9493 29.4562 -0.2785 0.0051
Car 0.0000 0 -1.2703 787.3597 152.1418 832.3405 179.7797 1.7555 1.7164 4.2179 13.7348 -0.0491 47.2567 -0.9874 0.0051
Car 0.0000 0 0.9978 675.8109 161.5760 774.0779 204.5749 1.5240 1.7157 4.2196 4.5017 0.8548 27.3317 1.1611 0.0051
Car 0.0000 0 -1.8583 607.4462 161.7208 676.5844 202.3855 1.5955 1.7146 4.5293 1.4591 0.8602 30.1390 -1.8085 0.0050
Car 0.0000 0 -1.6043 568.4537 161.7143 607.3419 198.2004 1.6038 1.6826 4.0705 -0.8740 0.7795 33.1543 -1.6285 0.0050
Car 0.0000 0 -0.6652 652.6138 163.6247 758.3101 201.8214 1.5102 1.7369 4.2370 4.2305 0.8445 29.7607 -0.5236 0.0050
Car 0.0000 0 -1.3960 789.0432 149.8556 827.9813 180.2623 1.9363 1.7612 4.4694 13.7055 -0.0155 47.4521 -1.1148 0.0050
Car 0.0000 0 1.0127 669.4009 161.6946 763.7989 203.1902 1.4556 1.6474 4.0530 4.1320 0.7975 26.9840 1.1648 0.0049
Car 0.0000 0 -1.8550 547.8339 160.8649 606.0020 197.6786 1.5994 1.6570 3.9410 -1.3885 0.7478 32.8450 -1.8949 0.0049
Cyclist 0.0000 0 -1.6705 958.9973 162.0296 991.6041 246.1616 1.5913 0.3965 1.6811 7.3903 1.2436 14.2238 -1.1987 0.0049
Car 0.0000 0 -3.1860 644.4558 170.8198 741.6647 208.2218 1.4125 1.6370 3.6660 3.3712 1.0485 27.6550 -3.0643 0.0049
Car 0.0000 0 1.5553 662.6633 169.8922 707.8699 209.7017 1.4276 1.6158 3.5391 3.0269 1.0488 27.1900 1.6667 0.0049
Car 0.0000 0 0.0652 0.0000 0.0000 1224.0000 370.0000 1.5462 1.9455 4.6135 -21.3142 1.7123 2.1457 -1.3886 0.0049
Car 0.0000 0 -1.4522 0.0000 175.4000 28.7680 218.1278 1.4844 1.6376 3.9505 -23.0504 1.3088 26.6569 -2.1575 0.0049
Car 0.0000 0 -1.3131 660.1435 166.3424 723.4879 204.5601 1.5077 1.6991 4.0366 3.7421 0.9507 30.0784 -1.1888 0.0048
Car 0.0000 0 2.5247 527.8322 160.7481 619.9156 198.1344 1.5614 1.6245 3.8467 -1.3650 0.7380 31.3427 2.4836 0.0048
Car 0.0000 0 1.8931 630.3498 170.5208 696.4023 209.2262 1.4633 1.5874 3.6827 2.4137 1.0875 28.7309 1.9778 0.0048
Pedestrian 0.0000 0 1.4079 105.0952 161.8538 141.1502 260.6076 1.7119 0.4389 0.6524 -8.6642 1.3903 12.6399 0.8205 0.0048
Car 0.0000 0 2.3689 0.0000 180.8392 112.9330 239.6916 1.4878 1.7787 4.8602 -17.0082 1.5003 20.4121 1.6836 0.0048
Car 0.0000 0 -1.6545 667.5423 159.2150 704.0391 188.6904 1.6252 1.7777 3.8460 4.6198 0.4530 40.9293 -1.5411 0.0048
Car 0.0000 0 -1.5126 665.3214 155.5264 698.0245 185.9786 1.6959 1.6794 3.8801 4.5269 0.3065 41.4238 -1.4026 0.0048
Car 0.0000 0 1.1105 663.5953 164.2082 753.3118 205.9569 1.4407 1.7062 4.0333 3.7591 0.8800 26.5778 1.2512 0.0048
Car 0.0000 0 -1.5905 608.7134 167.6508 647.0515 200.5884 1.4266 1.6605 3.1871 0.9905 0.8716 32.2236 -1.5582 0.0048
Car 0.0000 0 1.4162 588.0204 170.2841 637.0870 203.4364 1.3881 1.6664 3.4281 0.2613 0.9618 31.4156 1.4263 0.0047
Car 0.0000 0 1.0450 664.3453 169.9368 746.1339 208.1521 1.3872 1.6375 3.4492 3.8098 1.0053 27.5663 1.1826 0.0047
Car 0.0000 0 -2.9321 0.0000 0.0000 1224.0000 370.0000 1.5248 1.6116 3.6444 5.8394 1.4046 -0.0917 -1.3996 0.0047
Car 0.0000 0 -0.4080 894.5779 171.6279 1094.7319 229.7700 1.4607 1.6644 4.3518 10.1670 1.2394 18.7683 0.0831 0.0047
Car 0.0000 0 1.3632 665.3737 158.9112 711.9201 190.3564 1.6796 1.8527 3.7707 4.6320 0.5279 39.7226 1.4802 0.0047
Car 0.0000 0 -4.5037 0.0000 0.0000 1224.0000 370.0000 1.5239 1.6692 3.6684 19.7832 0.1425 0.8947 -2.9932 0.0047
Car 0.0000 0 2.7532 612.6692 171.1470 717.3950 207.5028 1.4155 1.6518 3.9327 2.4165 1.0528 28.8996 2.8375 0.0047
Car 0.0000 0 -2.4059 1108.5273 157.5089 1224.0000 216.6776 1.5490 1.6689 4.0294 17.1117 0.9487 20.6208 -1.7191 0.0046
Car 0.0000 0 1.4017 664.8016 166.7682 726.0170 207.3621 1.4261 1.6476 3.9409 3.3234 0.9452 26.8395 1.5252 0.0046
Car 0.0000 0 2.5091 610.2715 170.5087 707.6351 206.8026 1.3915 1.6154 3.7144 2.1928 1.0100 28.7695 2.5862 0.0045
Car 0.0000 0 1.8453 0.0000 176.6965 55.6115 217.9333 1.4542 1.5537 4.0021 -22.6351 1.3216 27.0738 1.1565 0.0045
Car 0.0000 0 1.7490 651.6285 172.6736 711.5838 211.3489 1.4112 1.6886 3.8729 3.0667 1.1272 27.8909 1.8591 0.0045
Car 0.0000 0 -1.4141 637.5320 165.9789 690.5248 204.1050 1.5133 1.6701 3.8198 2.5552 0.9385 30.1144 -1.3285 0.0045
Car 0.0000 0 -0.2848 541.1917 165.9669 628.9312 199.9790 1.4783 1.5681 3.6825 -0.9337 0.8481 32.0373 -0.3118 0.0045
Car 0.0000 0 -0.6770 645.2328 165.3407 743.8521 203.8697 1.5284 1.7090 3.9173 3.7730 0.9286 29.7964 -0.5505 0.0045
Car 0.0000 0 -2.3798 0.0000 0.0000 1224.0000 370.0000 1.5299 1.6560 4.1272 13.2967 0.8394 1.0629 -0.9115 0.0045
Car 0.0000 0 -1.2823 744.1972 150.0786 783.1616 179.8270 2.3237 1.8847 4.5634 13.0267 -0.0561 57.7867 -1.0599 0.0045
Car 0.0000 0 1.4349 667.8732 173.3578 720.8433 210.1917 1.3620 1.5974 3.5365 3.4390 1.0995 27.9188 1.5578 0.0045
Car 0.0000 0 2.1369 610.8666 169.0969 690.2429 207.0652 1.4081 1.5013 3.4979 1.8392 0.9867 28.0714 2.2035 0.0045
Car 0.0000 0 1.8580 0.0000 186.1324 36.2674 236.3228 1.4183 1.7337 4.4299 -20.2174 1.6210 22.8820 1.1430 0.0045
Car 0.0000 0 -2.5544 0.0000 0.0000 1224.0000 370.0000 1.6639 1.6916 4.1751 20.6381 0.6083 1.7800 -1.0838 0.0045
Car 0.0000 0 1.8759 621.1640 167.8335 685.1486 206.0536 1.4412 1.6107 3.4613 1.9818 0.9651 28.5616 1.9462 0.0045
Car 0.0000 0 1.1927 652.4258 155.9357 708.3874 187.8069 1.7427 1.8140 4.1333 4.2850 0.4009 40.8901 1.2982 0.0044
Car 0.0000 0 -1.0853 549.8889 161.9001 621.4812 198.7928 1.5754 1.7089 3.7437 -0.8339 0.7826 32.2432 -1.1090 0.0044
Car 0.0000 0 -0.1245 664.8842 162.4583 765.0786 200.4902 1.5154 1.6907 3.8853 4.4357 0.7980 29.0664 0.0271 0.0044
Car 0.0000 0 1.7318 642.8753 167.7600 700.9729 208.6660 1.4344 1.6134 3.7196 2.5763 0.9892 26.7928 1.8284 0.0044
Car 0.0000 0 2.3702 592.0456 163.6414 690.4017 203.2930 1.4632 1.5844 3.8758 1.4557 0.8426 27.9577 2.4235 0.0044
Car 0.0000 0 2.3863 0.0000 182.6386 109.9175 240.8141 1.4873 1.6533 4.2404 -16.8496 1.5574 20.4459 1.7064 0.0044
Car 0.0000 0 2.2854 613.7493 171.6497 704.3186 209.0346 1.4055 1.5589 3.7466 2.1996 1.0743 28.4478 2.3635 0.0043
Car 0.0000 0 1.2203 605.6528 161.3172 681.3592 201.5896 1.5555 1.7464 4.4221 1.4951 0.8161 29.6741 1.2720 0.0043
Car 0.0000 0 1.6470 658.1218 171.7009 704.8213 210.6510 1.4317 1.5701 3.4163 3.0345 1.1098 27.8081 1.7562 0.0043
Car 0.0000 0 0.1360 659.0303 168.1497 752.8373 205.5370 1.3992 1.5231 3.4601 3.9423 0.9385 27.6627 0.2778 0.0043
Car 0.0000 0 -1.5440 0.0000 0.0000 1224.0000 370.0000 1.4891 1.7177 3.3300 -20.0233 1.7457 0.0066 -3.0967 0.0043
Car 0.0000 0 1.4420 667.5890 172.8457 720.6503 210.6588 1.3939 1.6254 3.4610 3.4148 1.1132 27.7936 1.5646 0.0043
Car 0.0000 0 -0.0494 547.3167 165.7128 633.9996 198.9533 1.5137 1.6335 3.9684 -0.7224 0.8418 33.1442 -0.0692 0.0043
Car 0.0000 0 1.3421 665.8868 169.1502 729.0300 208.5536 1.4163 1.6386 3.5448 3.4647 1.0099 27.2555 1.4689 0.0043
Car 0.0000 0 -3.0403 0.0000 0.0000 1224.0000 370.0000 1.6139 1.7117 4.2630 18.7045 0.2969 1.3678 -1.5584 0.0043
Car 0.0000 0 0.2531 663.4374 161.1231 779.7922 203.0074 1.5338 1.6724 4.1802 4.5046 0.8258 27.4963 0.4155 0.0043
Car 0.0000 0 -1.4552 552.0403 160.7472 597.2045 198.5806 1.6237 1.6167 3.9052 -1.3482 0.7774 32.3477 -1.4946 0.0043
Pedestrian 0.0000 0 -4.4820 0.0000 0.0000 1224.0000 370.0000 1.7145 0.5996 0.7000 3.7981 1.6843 0.1216 -3.0263 0.0042
Pedestrian 0.0000 0 -2.3316 0.0000 0.0000 1224.0000 370.0000 1.6814 0.6530 0.5207 11.4263 1.2267 0.0634 -0.7933 0.0042
Car 0.0000 0 -0.3397 656.2035 164.9338 759.8539 202.5706 1.5021 1.6730 3.9342 4.2333 0.8824 29.4188 -0.1965 0.0042
Car 0.0000 0 -4.2749 0.0000 0.0000 1224.0000 370.0000 1.4731 1.5139 4.0207 16.1000 0.7599 -0.2405 -2.7079 0.0042
Car 0.0000 0 1.3302 586.2858 167.8238 638.6170 201.6339 1.4249 1.5499 3.4962 0.2581 0.8921 31.6711 1.3401 0.0042
Pedestrian 0.0000 0 -2.1332 0.0000 0.0000 1224.0000 370.0000 1.8855 0.7185 0.7665 3.8135 1.6366 -0.1868 -0.5967 0.0042
Car 0.0000 0 1.5562 671.9565 171.7412 713.9818 208.2489 1.3708 1.5709 3.4912 3.4727 1.0434 28.3632 1.6784 0.0042
Car 0.0000 0 3.4451 0.0000 177.4023 120.4898 219.1475 1.4681 1.7011 4.2371 -20.8585 1.3607 26.3988 2.7841 0.0041
Car 0.0000 0 -2.8194 657.0790 167.3249 764.0551 205.5198 1.4444 1.5948 3.9384 4.1942 0.9477 28.3356 -2.6723 0.0041
Car 0.0000 0 1.1426 666.2908 168.7979 745.0878 208.6716 1.4246 1.6289 3.6355 3.7695 1.0080 27.2314 1.2803 0.0041
Car 0.0000 0 1.8333 564.4029 168.7096 621.4905 203.0292 1.4451 1.6698 3.6353 -0.4975 0.9501 31.7344 1.8196 0.0041
Car 0.0000 0 -0.0850 552.3417 168.9852 642.0929 202.3246 1.5054 1.7282 4.0525 -0.4229 0.9869 32.9749 -0.0959 0.0041
Car 0.0000 0 0.9074 1205.0779 155.2808 1224.0000 222.2732 1.5185 1.5646 4.3424 17.9220 0.9485 18.2629 1.6763 0.0041
Car 0.0000 0 -2.8894 524.3428 164.8496 620.9684 198.9543 1.5374 1.7067 4.2327 -1.5067 0.8334 33.1419 -2.9326 0.0041
Car 0.0000 0 -1.7761 602.3056 170.0330 655.8975 202.4546 1.3979 1.7586 3.5546 1.0250 0.9481 32.3829 -1.7430 0.0041
Car 0.0000 0 -1.2849 649.4741 163.9178 717.6815 204.1190 1.5895 1.7802 4.2087 3.4165 0.9354 30.2363 -1.1718 0.0041
Car 0.0000 0 -1.5104 0.0000 0.0000 1224.0000 370.0000 1.4980 1.7773 3.6306 -19.9158 1.7984 0.0339 -3.0617 0.0040
Car 0.0000 0 -0.8948 552.1899 165.6260 631.4058 201.1659 1.5269 1.7447 3.6099 -0.5724 0.8894 32.3332 -0.9105 0.0040
Pedestrian 0.0000 0 2.5286 106.3683 165.0549 154.2982 258.0142 1.6496 0.4398 0.5790 -8.6956 1.3772 12.8921 1.9485 0.0040
Car 0.0000 0 1.7711 647.4711 171.0780 709.3863 209.2679 1.4106 1.6983 3.9931 2.9849 1.0641 28.2707 1.8769 0.0040
Car 0.0000 0 2.7522 607.0764 172.7530 717.9308 210.7850 1.4473 1.6559 4.1035 2.2665 1.1540 28.3140 2.8329 0.0040
Cyclist 0.0000 0 -0.3070 0.0000 0.0000 1224.0000 370.0000 1.6954 0.6947 1.6722 11.3071 1.3703 -0.1219 1.2474 0.0040
Car 0.0000 0 1.6332 645.5320 171.3871 691.2613 210.2925 1.4240 1.5682 3.5274 2.5155 1.0920 27.7372 1.7244 0.0040
Car 0.0000 0 0.4171 663.3528 166.2281 765.0407 204.1136 1.4280 1.6162 3.6865 4.3284 0.8916 28.3198 0.5689 0.0040
Car 0.0000 0 -1.5029 664.5781 155.9170 698.6987 186.7502 1.7140 1.7276 3.7705 4.5122 0.3488 41.3068 -1.3930 0.0040
Pedestrian 0.0000 0 -2.1879 0.0000 0.0000 1224.0000 370.0000 1.6915 0.6894 0.6745 11.1589 1.2798 -0.2725 -0.6203 0.0040
Car 0.0000 0 -1.6681 580.1010 161.1556 608.8434 186.2953 1.7963 1.7397 4.2352 -0.8178 0.4154 52.7161 -1.6817 0.0040
Car 0.0000 0 -1.3846 664.3384 166.3578 719.9423 204.3260 1.4986 1.6642 3.7865 3.7322 0.9419 29.9587 -1.2601 0.0040
Car 0.0000 0 -2.9167 0.0000 0.0000 1224.0000 370.0000 1.5658 1.7006 3.4903 20.2575 0.4008 -0.1309 -1.3542 0.0039
Car 0.0000 0 -1.3358 747.0394 152.5389 783.2894 178.3287 1.9984 1.8637 4.5919 13.1219 -0.1835 57.6720 -1.1114 0.0039
Car 0.0000 0 -2.8404 593.4019 166.6784 700.2290 204.1336 1.4786 1.6422 4.1347 1.7200 0.9345 29.4056 -2.7808 0.0039
Car 0.0000 0 -1.7326 601.1607 168.4558 651.5657 202.4439 1.4604 1.7532 3.4654 0.8976 0.9443 32.2081 -1.7032 0.0039
Car 0.0000 0 -1.2056 640.7808 168.3405 709.4623 205.1586 1.4499 1.6560 3.7518 3.0062 0.9726 29.8867 -1.1046 0.0039
Car 0.0000 0 -1.7024 605.9461 168.0428 651.4761 201.3186 1.4362 1.6631 3.1744 1.0122 0.9000 32.1726 -1.6695 0.0039
Car 0.0000 0 1.5703 660.1434 168.7391 706.2733 209.3372 1.4243 1.6140 3.7781 2.9279 1.0132 26.7660 1.6798 0.0039
Car 0.0000 0 1.7980 0.0000 186.4680 30.4730 236.0915 1.4002 1.7555 4.2595 -20.1865 1.6135 22.7889 1.0817 0.0039
Car 0.0000 0 -2.9280 583.7429 164.3710 693.4071 201.7816 1.4845 1.6894 4.2988 1.3953 0.8460 29.4248 -2.8793 0.0039
Car 0.0000 0 0.2902 662.7985 162.8633 773.3919 203.4090 1.4875 1.6203 3.9531 4.3682 0.8420 27.5197 0.4476 0.0038
Car 0.0000 0 4.4437 0.0000 0.0000 1224.0000 370.0000 1.5422 1.8974 4.4411 -20.5184 1.7548 0.0055 2.8905 0.0038
Car 0.0000 0 1.1639 665.7749 166.4029 747.2052 206.8395 1.4244 1.6308 3.9593 3.7572 0.9293 27.0259 1.3022 0.0038
Car 0.0000 0 2.1133 614.6311 168.4595 691.0406 207.1630 1.4408 1.5088 3.3692 1.9305 0.9941 28.1283 2.1828 0.0038
Car 0.0000 0 -1.7447 552.3020 160.7567 601.3363 198.3200 1.6256 1.6277 3.7685 -1.3758 0.7726 32.6067 -1.7846 0.0038
Car 0.0000 0 2.0784 552.4448 165.8383 622.3135 200.6036 1.4718 1.6290 3.5406 -0.7550 0.8526 31.8746 2.0569 0.0038
Car 0.0000 0 1.8670 631.2613 172.0134 690.0876 208.1056 1.3602 1.5415 2.9915 2.2524 1.0419 28.3152 1.9473 0.0038
Car 0.0000 0 0.4706 0.0000 0.0000 1224.0000 370.0000 1.6009 1.8813 4.1798 -21.1197 1.7317 1.7690 -0.9999 0.0038
Car 0.0000 0 -1.5132 668.4354 168.5463 711.0483 204.4212 1.4106 1.5739 3.5495 3.5847 0.9421 29.6828 -1.3924 0.0038
Car 0.0000 0 -1.6378 0.0000 183.9021 4.9763 241.9436 1.4683 1.5352 3.9352 -18.2816 1.5755 20.0305 -2.3680 0.0038
Car 0.0000 0 -1.0646 557.1701 164.2498 626.9598 199.6949 1.5200 1.7520 3.3921 -0.5548 0.8246 32.2248 -1.0798 0.0038
Pedestrian 0.0000 0 1.6294 0.0000 0.0000 1224.0000 370.0000 1.7434 0.6393 0.6658 3.7923 1.6899 0.1294 3.0830 0.0037
Cyclist 0.0000 0 -1.5575 286.9523 180.9422 313.5435 261.6183 1.5463 0.4646 1.6837 -6.2444 1.5575 14.4237 -1.9564 0.0037
Car 0.0000 0 1.9983 552.2021 165.8575 621.0610 202.3401 1.5263 1.7471 3.5633 -0.7764 0.9152 31.5562 1.9758 0.0037
Car 0.0000 0 -1.9708 0.0000 0.0000 1224.0000 370.0000 1.5929 1.7778 4.3330 20.8017 0.0501 0.9982 -0.4622 0.0037
Car 0.0000 0 -0.2450 544.2253 167.1863 633.6014 201.2606 1.4851 1.5708 3.7852 -0.7649 0.9063 32.0681 -0.2668 0.0037
Car 0.0000 0 -1.4374 0.0000 178.6139 1.0951 240.1539 1.5468 1.6061 4.3965 -18.4978 1.5010 20.0330 -2.1733 0.0037
Car 0.0000 0 -1.4080 0.0000 178.5975 0.7195 240.2124 1.5545 1.6131 4.2303 -18.5872 1.5081 20.0473 -2.1460 0.0037
Car 0.0000 0 -1.6069 636.6819 165.1105 678.9323 203.5313 1.5264 1.6416 3.8303 2.1637 0.9165 30.0296 -1.5339 0.0037
Car 0.0000 0 1.3931 667.0529 171.0524 721.1286 209.1867 1.4141 1.5519 3.2667 3.4297 1.0653 27.8882 1.5159 0.0036
Car 0.0000 0 -1.3981 560.2639 161.4182 610.9994 198.8586 1.6296 1.7096 3.8466 -0.8527 0.8005 32.7987 -1.4219 0.0036
Car 0.0000 0 -4.4707 0.0000 0.0000 1224.0000 370.0000 1.4775 1.7303 3.6032 19.8157 0.1584 0.6770 -2.9491 0.0036
Car 0.0000 0 -1.3359 651.0317 164.1189 715.3250 204.6348 1.6029 1.8195 4.1131 3.3937 0.9563 30.2114 -1.2234 0.0036
Car 0.0000 0 -2.6775 0.0000 0.0000 1224.0000 370.0000 1.6421 1.6866 4.1735 20.3162 0.6727 1.8099 -1.2099 0.0036
Car 0.0000 0 1.8919 629.2616 172.1776 689.4982 208.2550 1.3511 1.4931 3.0945 2.1931 1.0410 28.1908 1.9705 0.0035
Car 0.0000 0 1.3056 0.0000 0.0000 1224.0000 370.0000 1.6199 1.4597 4.1424 -5.4013 1.7228 -0.1949 -0.2399 0.0035
Car 0.0000 0 -1.3857 741.5181 150.1986 775.7770 178.3638 2.1867 1.9362 4.4931 12.5969 -0.1806 57.7075 -1.1700 0.0035
Car 0.0000 0 1.4305 668.4420 165.3279 728.3246 206.4597 1.4306 1.6721 3.9984 3.4032 0.9044 26.5961 1.5582 0.0035
Car 0.0000 0 -4.4152 0.0000 0.0000 1224.0000 370.0000 1.4699 1.5189 3.8875 16.1095 0.7467 -0.0630 -2.8593 0.0035
Car 0.0000 0 -2.6308 210.6127 182.7983 373.4206 237.6570 1.4562 1.6197 3.8922 -8.7553 1.5256 19.8529 -3.0386 0.0035
Cyclist 0.0000 0 -1.2529 0.0000 0.0000 1224.0000 370.0000 1.7049 0.6268 1.5954 11.4920 1.3743 -0.0917 0.2992 0.0035
Car 0.0000 0 -1.8059 0.0000 182.3978 32.4720 241.2973 1.4907 1.7073 4.3148 -18.0150 1.5510 19.9504 -2.5307 0.0035
Car 0.0000 0 -1.6233 0.0000 180.4465 9.5238 240.7425 1.5143 1.6291 4.6937 -18.1877 1.5146 19.9925 -2.3518 0.0035
Car 0.0000 0 -2.9149 0.0000 0.0000 1224.0000 370.0000 1.6963 1.7803 4.3558 19.9816 0.6181 2.1132 -1.4641 0.0035
Car 0.0000 0 -4.2740 0.0000 0.0000 1224.0000 370.0000 1.5089 1.5157 3.8272 16.0740 0.7808 -0.2629 -2.7057 0.0035
Car 0.0000 0 2.0555 0.0000 177.4630 73.1482 218.4360 1.4522 1.5282 3.8780 -22.3282 1.3461 27.1054 1.3739 0.0035
Car 0.0000 0 -0.3638 656.0671 163.6495 761.2148 201.4914 1.5082 1.7133 3.9829 4.2646 0.8381 29.4438 -0.2197 0.0034
Car 0.0000 0 -0.5872 648.2129 165.5245 750.8859 203.5197 1.5097 1.7139 4.0020 3.9633 0.9162 29.7378 -0.4543 0.0034
Car 0.0000 0 4.6426 0.0000 0.0000 1224.0000 370.0000 1.5900 1.8369 3.9443 -20.0895 1.7941 -0.1559 3.0817 0.0034
Car 0.0000 0 1.8249 0.0000 178.4919 48.0534 219.8804 1.4558 1.5255 3.7936 -22.7122 1.3867 26.9064 1.1314 0.0034
Car 0.0000 0 -1.4329 638.5241 165.9509 689.6257 203.6498 1.4941 1.6588 3.7612 2.5481 0.9190 30.0352 -1.3473 0.0034
Car 0.0000 0 1.9867 553.0927 165.2780 619.1857 201.1271 1.5036 1.6986 3.4437 -0.8025 0.8666 31.5667 1.9634 0.0034
Car 0.0000 0 -0.4489 910.9460 173.4507 1094.6362 231.3188 1.4509 1.6780 3.8833 10.3437 1.2758 18.6612 0.0516 0.0034
Car 0.0000 0 -0.7008 948.7897 171.1328 1141.0966 233.1183 1.4114 1.6848 3.7988 10.6071 1.1998 17.2209 -0.1553 0.0034
Car 0.0000 0 -1.4322 785.6782 149.9207 823.5044 180.4485 1.9447 1.8221 4.6557 13.4706 -0.0023 47.5427 -1.1560 0.0034
Cyclist 0.0000 0 -1.1676 1204.5752 161.8156 1224.0000 350.2871 1.6931 0.5766 1.8527 6.7441 1.5269 6.9882 -0.4210 0.0034
Car 0.0000 0 -2.7943 0.0000 0.0000 1224.0000 370.0000 1.4415 1.7187 3.5722 20.4944 0.1034 0.3715 -1.2562 0.0033
Car 0.0000 0 -1.6275 0.0000 181.8547 9.7266 240.8013 1.4746 1.6418 4.4348 -18.1352 1.5184 19.9289 -2.3561 0.0033
Car 0.0000 0 -1.9893 837.2949 177.1216 986.5298 254.7368 1.4941 1.6176 3.5860 6.4683 1.4307 15.4200 -1.5978 0.0033
Car 0.0000 0 -0.4164 914.4459 174.6076 1104.9559 233.4654 1.4684 1.7282 4.0109 10.5163 1.3230 18.6766 0.0908 0.0033
Car 0.0000 0 -1.6356 0.0000 182.7219 6.9318 241.3164 1.4613 1.6025 4.4447 -18.2039 1.5322 19.9170 -2.3664 0.0033
Car 0.0000 0 4.3621 0.0000 0.0000 1224.0000 370.0000 1.5812 1.8238 4.1819 -20.4074 1.7317 -0.1922 2.7993 0.0033
Car 0.0000 0 -1.6675 0.0000 181.9980 19.4066 240.3752 1.4608 1.6893 4.4522 -18.0098 1.5091 19.9310 -2.3927 0.0033
Car 0.0000 0 -1.4426 781.3007 151.5075 817.7735 180.1680 1.8263 1.8168 4.3764 13.1075 -0.0221 47.4738 -1.1731 0.0033
Car 0.0000 0 -2.5875 0.0000 0.0000 1224.0000 370.0000 1.4832 1.6659 3.6141 20.6225 0.0525 0.6740 -1.0638 0.0032
Car 0.0000 0 1.7124 636.0950 171.8470 685.4103 208.4798 1.3862 1.5536 3.1047 2.2660 1.0603 28.4359 1.7928 0.0032
Car 0.0000 0 -1.6696 773.6310 150.4779 808.2508 180.3024 1.9187 1.8794 3.7813 12.4514 -0.0126 47.5247 -1.4131 0.0032
Car 0.0000 0 -1.8641 0.0000 179.9218 38.3667 236.3644 1.4604 1.6537 4.3045 -18.0872 1.4470 20.1261 -2.5865 0.0032
Car 0.0000 0 -1.5839 784.5579 149.2545 814.3976 180.6449 2.0061 1.8477 4.3068 13.0288 0.0106 47.4972 -1.3161 0.0032
Car 0.0000 0 -0.8565 1188.2845 166.9441 1224.0000 263.5916 1.4881 1.7280 4.4330 12.6188 1.2810 11.8594 -0.0519 0.0032
Car 0.0000 0 -1.2783 469.7702 163.7665 574.4116 228.9290 1.7313 1.9204 4.2718 -2.3604 1.2883 21.0560 -1.3865 0.0032
Car 0.0000 0 0.4779 667.0353 165.9016 769.0101 204.9859 1.4452 1.6205 3.6295 4.4008 0.9069 27.8684 0.6346 0.0032
Car 0.0000 0 -2.5201 605.0724 166.2200 706.9881 203.8994 1.4837 1.6292 4.0947 2.0782 0.9229 29.7701 -2.4493 0.0032
Car 0.0000 0 1.8228 632.2945 171.6538 692.8291 209.0664 1.3995 1.5895 3.5255 2.3465 1.0701 28.3698 1.9062 0.0032
Car 0.0000 0 -1.6516 1204.1917 152.9018 1224.0000 215.9019 1.6523 1.6597 4.1158 18.7298 0.9301 20.6794 -0.9217 0.0032
Car 0.0000 0 -1.6406 0.0000 181.8990 16.3253 240.9390 1.4729 1.6771 4.4472 -17.9778 1.5181 19.8916 -2.3658 0.0031
Car 0.0000 0 -0.7597 0.0000 186.5658 119.3915 246.1905 1.5061 1.7345 4.5880 -16.9226 1.7061 20.7313 -1.4351 0.0031
Car 0.0000 0 -1.5885 787.7418 152.5249 817.0021 179.2314 1.6948 1.8047 4.3931 13.1973 -0.0881 47.4421 -1.3170 0.0031
Car 0.0000 0 0.4607 0.0000 0.0000 1224.0000 370.0000 1.4332 1.4972 3.6260 -23.7316 1.8328 -0.1232 -1.1001 0.0031
Car 0.0000 0 1.7140 637.0338 172.4234 688.5710 210.0030 1.4058 1.5736 3.4899 2.3477 1.1052 28.3227 1.7975 0.0031
Car 0.0000 0 0.2374 671.1698 163.1165 779.6230 203.5118 1.5070 1.7017 3.9350 4.7332 0.8600 27.9308 0.4052 0.0031
Car 0.0000 0 1.4700 0.0000 185.4040 5.3234 237.3560 1.4753 1.7346 4.6589 -20.8126 1.6496 22.6970 0.7365 0.0031
Car 0.0000 0 -1.9631 1092.5640 168.5957 1224.0000 246.2601 1.4451 1.6710 4.0855 12.3077 1.2252 15.3440 -1.2956 0.0030
Car 0.0000 0 -4.4829 0.0000 0.0000 1224.0000 370.0000 1.5319 1.7227 3.8448 20.3589 0.1303 0.7758 -2.9648 0.0030
Car 0.0000 0 -1.7017 0.0000 181.8868 22.0825 241.3838 1.4986 1.6095 4.2464 -17.9253 1.5431 19.8978 -2.4254 0.0030
Car 0.0000 0 1.6406 658.3501 166.4652 709.3539 208.1715 1.4475 1.6368 3.8932 3.0045 0.9619 26.5968 1.7536 0.0030
Car 0.0000 0 -1.8694 598.1624 169.7011 655.7923 202.1078 1.4231 1.7529 3.4031 0.9483 0.9504 32.9180 -1.8391 0.0030
Car 0.0000 0 -0.6818 0.0000 181.7859 108.8834 243.5839 1.5341 1.7142 4.7503 -16.9951 1.5769 20.1479 -1.3731 0.0030
Car 0.0000 0 -1.2157 463.4032 163.5905 574.1353 230.1867 1.7436 1.8728 4.1637 -2.4244 1.3025 20.7523 -1.3284 0.0029
Car 0.0000 0 -0.7846 932.1567 166.3027 1131.0830 237.8268 1.5911 1.7525 4.0896 10.2241 1.2769 17.0822 -0.2518 0.0029
Car 0.0000 0 0.2986 666.0936 163.9033 774.0675 203.4849 1.4941 1.6943 3.9453 4.5774 0.8691 28.3175 0.4589 0.0029
Car 0.0000 0 1.6728 638.2225 172.5793 687.7091 211.0987 1.4260 1.5932 3.6759 2.3402 1.1343 28.1234 1.7567 0.0029
Car 0.0000 0 -1.3972 786.1884 152.8962 824.5928 180.0279 1.7278 1.7634 4.2933 13.4843 -0.0319 47.4202 -1.1201 0.0029
Car 0.0000 0 -0.8267 562.0529 167.4001 638.7277 200.7955 1.4752 1.7028 3.4439 -0.1953 0.8980 33.0731 -0.8307 0.0029
Car 0.0000 0 -0.0825 549.3136 169.5022 635.1852 201.2832 1.4372 1.6607 3.8815 -0.6510 0.9413 32.9885 -0.1003 0.0029
Car 0.0000 0 0.2244 671.3286 165.1172 774.5836 204.3876 1.4689 1.6274 3.7532 4.6353 0.8950 27.9066 0.3890 0.0029
Car 0.0000 0 -1.0989 0.0000 0.0000 1224.0000 370.0000 1.4881 1.5627 3.6513 16.0909 0.8052 -0.2036 0.4657 0.0028
Car 0.0000 0 -1.3010 652.6397 164.9809 715.7014 203.2413 1.5215 1.7646 3.6302 3.4128 0.9058 30.1251 -1.1876 0.0028
Car 0.0000 0 -3.0811 0.0000 0.0000 1224.0000 370.0000 1.5228 1.7099 3.5702 20.3107 0.3846 0.2009 -1.5348 0.0028
Car 0.0000 0 -1.3173 642.1166 165.7246 704.5636 203.8369 1.5097 1.7143 3.9359 2.9614 0.9259 30.1450 -1.2186 0.0028
Car 0.0000 0 1.7581 567.1544 169.9431 618.9893 202.8408 1.3753 1.6759 3.4956 -0.4920 0.9355 31.4206 1.7445 0.0028
Car 0.0000 0 0.0631 666.4987 163.1846 772.8160 203.0774 1.5457 1.7474 4.1416 4.6523 0.8763 28.7025 0.2238 0.0028
Car 0.0000 0 0.4293 0.0000 174.5119 123.6554 216.9413 1.5078 1.6550 4.3828 -20.8534 1.2965 26.4285 -0.2310 0.0028
Car 0.0000 0 0.5411 665.9490 165.1399 767.4981 204.8197 1.4443 1.5747 3.6013 4.2802 0.8867 27.4889 0.6956 0.0028
Car 0.0000 0 -1.9376 833.6786 171.6960 972.7349 248.9092 1.5309 1.6555 3.5362 6.4485 1.3580 15.7944 -1.5553 0.0028
Car 0.0000 0 -0.9709 554.0109 163.8891 628.9320 199.5066 1.5288 1.7688 3.4661 -0.5854 0.8173 32.2761 -0.9870 0.0027
Car 0.0000 0 0.5497 216.5234 182.4383 381.1036 237.0631 1.4451 1.5864 4.0131 -8.5804 1.5041 19.8596 0.1494 0.0027
Car 0.0000 0 -0.3809 654.6904 163.6774 767.1014 202.5604 1.5479 1.7395 4.2973 4.3670 0.8797 29.4860 -0.2336 0.0027
Car 0.0000 0 1.4544 0.0000 187.3964 11.1325 238.0783 1.4285 1.7089 4.2017 -20.4477 1.6695 22.5102 0.7256 0.0027
Pedestrian 0.0000 0 1.3837 1108.6267 181.8161 1210.7393 370.0000 1.5667 0.4343 0.8434 4.1322 1.5793 5.3740 2.0128 0.0027
Car 0.0000 0 -2.9332 0.0000 0.0000 1224.0000 370.0000 1.4564 1.7732 3.5735 19.8971 0.1192 0.5368 -1.4044 0.0027
Pedestrian 0.0000 0 -2.2293 0.0000 0.0000 1224.0000 370.0000 1.6740 0.6725 0.6322 11.1523 1.2276 -0.2595 -0.6629 0.0027
Car 0.0000 0 1.5195 593.8463 170.6728 635.6974 203.5215 1.3752 1.6765 3.3931 0.3640 0.9653 31.3229 1.5328 0.0027
Car 0.0000 0 -1.9238 832.2549 171.5844 972.0407 249.3676 1.5409 1.7018 3.5716 6.4281 1.3659 15.8108 -1.5430 0.0027
Car 0.0000 0 2.0219 0.0000 178.2626 66.0768 219.8255 1.4691 1.4944 3.7359 -22.3990 1.3915 26.9770 1.3365 0.0027
Car 0.0000 0 -2.6949 579.7109 159.5597 700.0889 200.0463 1.5950 1.8184 4.7432 1.4203 0.7715 29.7769 -2.6459 0.0026
Car 0.0000 0 -1.5606 0.0000 0.0000 1224.0000 370.0000 1.5658 1.7923 3.6993 -19.9020 1.8019 -0.1424 -3.1207 0.0026
Car 0.0000 0 -0.1861 663.6916 163.0818 771.9852 201.9641 1.5521 1.7469 4.1544 4.5691 0.8583 29.1554 -0.0305 0.0026
Car 0.0000 0 -0.0996 552.8562 166.9756 641.8619 202.1037 1.5666 1.7012 3.9520 -0.4099 0.9649 32.5903 -0.1102 0.0026
Car 0.0000 0 -1.2021 637.9787 166.1851 707.7878 204.0684 1.5003 1.7008 3.7913 2.9310 0.9349 30.0719 -1.1042 0.0026
Car 0.0000 0 1.8303 0.0000 177.4870 45.0240 219.0798 1.4606 1.5083 3.6438 -22.7210 1.3563 26.7934 1.1346 0.0026
Car 0.0000 0 -3.0793 0.0000 0.0000 1224.0000 370.0000 1.4082 1.6777 3.4365 20.3630 0.1367 0.2610 -1.5360 0.0026
Car 0.0000 0 -1.6461 0.0000 181.5632 18.2289 241.6714 1.4941 1.6996 4.5142 -17.9082 1.5288 19.8287 -2.3710 0.0026
Car 0.0000 0 -1.2626 0.0000 0.0000 1224.0000 370.0000 1.7735 1.8059 5.4541 17.1708 0.4957 1.3774 0.2107 0.0026
Car 0.0000 0 1.8282 0.0000 177.6443 43.0812 219.6419 1.4711 1.5121 3.6804 -22.7648 1.3726 26.7491 1.1308 0.0025
Car 0.0000 0 -1.2183 0.0000 0.0000 1224.0000 370.0000 1.5688 1.7455 4.2024 21.0165 0.3819 0.0406 0.3365 0.0025
Car 0.0000 0 -1.2123 640.2985 166.0247 708.2935 203.6811 1.4946 1.7077 3.6377 2.9862 0.9216 30.0672 -1.1125 0.0025
Cyclist 0.0000 0 0.8003 0.0000 0.0000 1224.0000 370.0000 1.6718 0.5447 1.8123 1.1087 1.6561 0.3843 1.8047 0.0025
Car 0.0000 0 0.3355 0.0000 171.9348 110.4021 215.8842 1.5106 1.5325 3.6035 -20.3111 1.2178 25.6024 -0.3272 0.0025
Car 0.0000 0 -1.4628 472.5677 181.7914 550.2045 238.2890 1.3043 1.5775 3.7062 -2.3536 1.3426 18.2679 -1.5870 0.0025
Car 0.0000 0 -1.5513 478.8427 181.9359 548.5833 239.1329 1.3387 1.6379 3.9434 -2.4007 1.3824 18.6918 -1.6752 0.0025
Car 0.0000 0 -3.0026 0.0000 0.0000 1224.0000 370.0000 1.5756 1.8043 4.4870 19.9580 0.2219 1.5629 -1.5247 0.0025
Car 0.0000 0 -1.5708 0.0000 0.0000 1224.0000 370.0000 1.3986 1.7443 3.6765 20.1967 0.1452 0.6152 -0.0452 0.0024
Car 0.0000 0 0.2317 667.5075 162.7696 779.3802 203.5799 1.5407 1.7424 4.1261 4.7167 0.8729 28.2898 0.3969 0.0024
Car 0.0000 0 -1.5468 0.0000 0.0000 1224.0000 370.0000 1.4163 1.7655 3.7270 20.6250 0.1151 0.5034 -0.0148 0.0024
Car 0.0000 0 -4.4055 0.0000 0.0000 1224.0000 370.0000 1.4674 1.3271 3.4044 15.8433 0.9224 -0.1857 -2.8420 0.0024
Car 0.0000 0 -3.1669 0.0000 0.0000 1224.0000 370.0000 1.6440 1.8363 4.6525 19.4237 0.2263 1.6622 -1.6966 0.0024
Car 0.0000 0 -1.3455 0.0000 0.0000 1224.0000 370.0000 1.4729 1.6904 3.2894 -19.6586 1.7506 0.0851 -2.8940 0.0024
Car 0.0000 0 -2.9568 0.0000 0.0000 1224.0000 370.0000 1.6229 1.7554 4.3317 19.9246 0.6288 2.0231 -1.5018 0.0024
Car 0.0000 0 -2.7477 0.0000 0.0000 1224.0000 370.0000 1.4948 1.6743 3.6256 20.2980 0.2256 0.9572 -1.2386 0.0024
Car 0.0000 0 -1.8565 0.0000 0.0000 1224.0000 370.0000 1.4689 1.7711 4.0406 20.3996 0.1204 1.0264 -0.3505 0.0023
Car 0.0000 0 -0.9079 0.0000 189.7307 112.9280 250.2947 1.5408 1.7624 4.3598 -16.9191 1.8431 20.8386 -1.5809 0.0023
Car 0.0000 0 0.8739 982.6392 171.4818 1166.1880 236.9042 1.4496 1.6460 3.9489 11.4932 1.2514 17.7252 1.4426 0.0023
Car 0.0000 0 -2.8972 0.0000 0.0000 1224.0000 370.0000 1.4892 1.7099 3.8936 19.4558 0.1318 0.6847 -1.3769 0.0023
Car 0.0000 0 0.7757 969.3862 174.7076 1142.7542 237.2575 1.3918 1.5759 3.5271 11.0256 1.2645 17.6290 1.3282 0.0023
Car 0.0000 0 -0.4000 941.5853 173.9178 1165.9945 240.1446 1.4804 1.6800 4.2205 10.5385 1.3349 16.9448 0.1496 0.0023
Cyclist 0.0000 0 -1.1475 0.0000 159.3117 38.8941 249.1409 1.7580 0.4077 1.4995 -12.3627 1.3449 14.6091 -1.8372 0.0023
Car 0.0000 0 -3.0640 0.0000 0.0000 1224.0000 370.0000 1.4945 1.6528 3.7974 19.1101 0.1545 0.6402 -1.5423 0.0023
Car 0.0000 0 1.9671 0.0000 178.8125 53.9259 219.8241 1.4426 1.4569 3.3558 -22.4488 1.3848 26.6831 1.2753 0.0023
Car 0.0000 0 2.1509 0.0000 178.1932 79.0305 219.0133 1.4539 1.4719 3.5613 -22.0597 1.3733 27.0221 1.4738 0.0023
Car 0.0000 0 -1.2478 0.0000 0.0000 1224.0000 370.0000 1.5695 1.7461 4.3957 21.4715 0.4672 0.0843 0.3053 0.0022
Car 0.0000 0 -2.8461 0.0000 0.0000 1224.0000 370.0000 1.4412 1.6934 3.5643 20.3222 0.0728 0.5315 -1.3161 0.0022
Car 0.0000 0 -2.9215 0.0000 0.0000 1224.0000 370.0000 1.4671 1.7785 3.8196 19.8533 0.2310 0.8541 -1.4087 0.0022
Car 0.0000 0 -0.7240 1162.8358 155.0922 1224.0000 211.2571 1.4610 1.6564 4.0818 17.8653 0.8017 19.2508 0.0175 0.0022
Car 0.0000 0 -2.6078 590.7133 164.3143 702.0955 202.4222 1.5028 1.7170 4.4322 1.6840 0.8660 29.8259 -2.5502 0.0022
Car 0.0000 0 -1.7957 583.9491 168.1994 634.9016 201.2837 1.4198 1.6456 3.1454 0.1330 0.8934 32.0519 -1.7898 0.0022
Car 0.0000 0 -3.1989 0.0000 0.0000 1224.0000 370.0000 1.5377 1.6515 3.4754 20.0433 0.4594 0.0843 -1.6472 0.0022
Car 0.0000 0 -3.1114 0.0000 0.0000 1224.0000 370.0000 1.4994 1.6949 4.0197 19.0163 0.2248 0.9450 -1.6060 0.0022
Pedestrian 0.0000 0 0.4630 591.5145 155.3293 609.3683 198.1890 1.8825 0.5947 0.5907 -0.2207 0.7784 31.4475 0.4580 0.0022
Car 0.0000 0 -2.9641 0.0000 0.0000 1224.0000 370.0000 1.4872 1.7919 4.0683 19.4747 0.2178 0.8296 -1.4512 0.0022
Car 0.0000 0 1.9459 0.0000 177.6218 59.6095 219.2565 1.4691 1.4965 3.5287 -22.3824 1.3691 26.8523 1.2586 0.0022
Car 0.0000 0 2.1422 0.0000 178.4568 75.2792 219.4158 1.4517 1.4451 3.5557 -22.0894 1.3808 26.9009 1.4622 0.0022
Car 0.0000 0 -2.9718 0.0000 0.0000 1224.0000 370.0000 1.4667 1.7213 3.6840 19.4044 0.2200 0.2806 -1.4309 0.0021
Car 0.0000 0 -1.4630 0.0000 0.0000 1224.0000 370.0000 1.5615 1.8352 3.9444 20.0603 0.5165 -0.0036 0.0932 0.0021
Car 0.0000 0 -1.7233 766.3369 150.4092 803.8326 180.2971 1.9168 1.8736 3.7747 12.0063 -0.0128 47.3351 -1.4747 0.0021
Car 0.0000 0 0.5693 0.0000 175.8897 110.1536 216.7268 1.4512 1.5301 3.5322 -20.5928 1.2889 26.0458 -0.0920 0.0021
Car 0.0000 0 1.6397 658.5194 173.9868 707.2112 213.4236 1.4317 1.6326 3.8739 3.0888 1.1967 27.7147 1.7511 0.0021
Car 0.0000 0 -0.9357 1087.9739 166.7073 1224.0000 243.4779 1.4937 1.7449 4.1962 12.7598 1.2270 15.1032 -0.2429 0.0021
Car 0.0000 0 -0.6149 0.0000 189.2585 116.3261 252.7852 1.5695 1.7934 4.6785 -17.1848 1.8577 20.6447 -1.2999 0.0021
Car 0.0000 0 -3.1051 0.0000 0.0000 1224.0000 370.0000 1.4316 1.7348 3.5605 20.0483 0.1968 0.1730 -1.5578 0.0021
Car 0.0000 0 -4.3392 0.0000 0.0000 1224.0000 370.0000 1.4725 1.4507 3.6553 16.0544 0.8419 -0.1294 -2.7792 0.0020
Car 0.0000 0 3.1460 0.0000 0.0000 1224.0000 370.0000 1.6261 1.6669 4.2768 -21.1758 1.7077 2.1649 1.6938 0.0020
Car 0.0000 0 -3.2178 0.0000 0.0000 1224.0000 370.0000 1.6471 1.8098 4.5099 19.4991 0.6032 2.0432 -1.7664 0.0020
Car 0.0000 0 -1.5163 0.0000 0.0000 1224.0000 370.0000 1.5006 1.8448 3.7922 20.2429 0.4250 -0.0431 0.0419 0.0020
Car 0.0000 0 1.3359 576.8032 167.7418 629.9976 203.1246 1.5189 1.6758 3.3814 -0.1459 0.9727 32.1865 1.3332 0.0020
Car 0.0000 0 -1.5196 0.0000 0.0000 1224.0000 370.0000 1.5165 1.7839 3.6555 -19.7462 1.7870 -0.0727 -3.0761 0.0020
Car 0.0000 0 2.1290 0.0000 177.6802 75.9876 219.2124 1.4746 1.4735 3.5451 -22.0891 1.3760 26.9471 1.4499 0.0020
Car 0.0000 0 -0.3605 924.6109 174.3194 1116.2439 233.1239 1.4627 1.7391 4.0243 10.8279 1.3105 18.7561 0.1573 0.0020
Car 0.0000 0 0.5789 0.0000 176.9160 112.2612 217.3113 1.4463 1.5800 3.7626 -20.7915 1.3195 26.2538 -0.0833 0.0020
Car 0.0000 0 1.5988 485.3163 181.9057 551.0522 240.5616 1.3038 1.4658 3.7771 -2.1535 1.3445 17.7502 1.4819 0.0020
Car 0.0000 0 2.0494 0.0000 184.6022 4.2515 236.8438 1.5238 1.6244 4.0120 -21.7420 1.6719 23.1055 1.3029 0.0020
Car 0.0000 0 1.9626 0.0000 178.6250 57.7814 220.2662 1.4691 1.4778 3.5176 -22.4583 1.4045 26.8380 1.2734 0.0019
Car 0.0000 0 0.5258 0.0000 175.1772 108.4450 217.4685 1.4884 1.5856 3.4904 -20.5603 1.3026 25.9035 -0.1373 0.0019
Car 0.0000 0 -4.3240 0.0000 0.0000 1224.0000 370.0000 1.4763 1.3658 3.4485 15.9798 0.8797 -0.2587 -2.7559 0.0019
Car 0.0000 0 -2.4699 0.0000 0.0000 1224.0000 370.0000 1.5516 1.7147 4.0949 20.7112 0.2272 1.2172 -0.9721 0.0019
Car 0.0000 0 -1.1346 0.0000 175.1724 5.2628 234.6051 1.5340 1.5243 3.6820 -19.0456 1.3981 20.2306 -1.8802 0.0019
Car 0.0000 0 0.7340 977.4617 169.4743 1189.5315 238.4236 1.4743 1.7374 4.2012 11.4475 1.2401 17.3665 1.3101 0.0019
Car 0.0000 0 0.5050 221.8032 184.4937 380.3749 238.7055 1.4392 1.5508 3.8322 -8.5209 1.5586 19.8857 0.1076 0.0019
Car 0.0000 0 -1.7693 846.1578 172.2723 971.0766 248.3864 1.4817 1.7924 3.7730 6.5601 1.3232 15.7809 -1.3807 0.0019
Pedestrian 0.0000 0 0.5687 591.7183 154.3902 608.8838 197.7430 1.9049 0.5817 0.5345 -0.2274 0.7591 31.4514 0.5634 0.0019
Pedestrian 0.0000 0 -2.3091 0.0000 0.0000 1224.0000 370.0000 1.6214 0.5714 0.5096 11.2227 1.3890 0.0756 -0.7723 0.0019
Car 0.0000 0 1.2113 661.6003 157.8776 713.0344 190.1304 1.7147 1.6620 3.6901 4.5414 0.5134 39.5767 1.3265 0.0019
Car 0.0000 0 -1.7204 470.3394 182.1674 557.7388 241.2987 1.3636 1.6655 4.1790 -2.5478 1.4145 18.6646 -1.8521 0.0019
Car 0.0000 0 0.4044 0.0000 171.0309 107.2186 215.8846 1.5418 1.6276 3.5067 -20.3641 1.2178 25.5372 -0.2609 0.0018
Cyclist 0.0000 0 0.5889 0.0000 0.0000 1224.0000 370.0000 1.6271 0.5188 1.8523 1.4596 1.6655 0.4650 1.6661 0.0018
Car 0.0000 0 0.5003 0.0000 175.3295 108.6020 217.5444 1.4838 1.6079 3.4871 -20.5747 1.3036 25.9237 -0.1628 0.0018
Car 0.0000 0 -1.4266 0.0000 0.0000 1224.0000 370.0000 1.4903 1.8160 3.6963 20.6094 0.4033 -0.0675 0.1331 0.0018
Car 0.0000 0 1.2422 0.0000 184.8916 22.8040 237.7362 1.5075 1.7554 4.0937 -20.3583 1.6581 22.2221 0.5093 0.0018
Car 0.0000 0 -3.2283 0.0000 0.0000 1224.0000 370.0000 1.6340 1.8383 4.5159 18.9852 0.2065 1.8096 -1.7681 0.0017
Pedestrian 0.0000 0 -2.3231 0.0000 0.0000 1224.0000 370.0000 1.6324 0.5780 0.4981 11.2204 1.3804 0.0678 -0.7857 0.0017
Car 0.0000 0 0.8662 975.3334 172.8008 1144.4709 237.2048 1.4269 1.5707 3.5533 11.0500 1.2579 17.5335 1.4220 0.0017
Car 0.0000 0 -2.7120 0.0000 0.0000 1224.0000 370.0000 1.5630 1.7137 4.1282 20.3973 0.2748 1.4633 -1.2273 0.0017
Pedestrian 0.0000 0 -0.0954 0.0000 162.1432 9.4376 254.6166 1.7920 0.5552 0.5137 -12.2717 1.4379 14.0743 -0.7995 0.0017
Pedestrian 0.0000 0 1.8492 778.1003 181.1385 807.5093 244.8347 1.5278 0.5433 0.6519 4.5830 1.5454 17.3807 2.1041 0.0017
Car 0.0000 0 -1.1195 0.0000 182.8181 5.7291 240.0331 1.5036 1.4453 3.3328 -19.1759 1.5784 20.5257 -1.8615 0.0017
Cyclist 0.0000 0 1.6091 594.1552 162.4430 611.5767 201.2767 1.6690 0.6936 2.1220 -0.1016 0.8944 31.4555 1.6078 0.0017
Car 0.0000 0 0.4636 0.0000 176.8022 109.2594 217.9234 1.4586 1.6332 3.4448 -20.7349 1.3289 26.2136 -0.1979 0.0017
Car 0.0000 0 2.1277 0.0000 185.1126 7.6357 237.7605 1.5307 1.5918 4.0236 -21.7044 1.6965 23.0504 1.3809 0.0017
Car 0.0000 0 -0.8753 559.0369 168.7547 640.1998 202.4856 1.4503 1.7022 3.7587 -0.2129 0.9468 32.3867 -0.8800 0.0016
Car 0.0000 0 0.4655 0.0000 177.2214 109.7487 218.1378 1.4541 1.6198 3.4863 -20.7655 1.3391 26.2558 -0.1960 0.0016
Car 0.0000 0 -1.6833 1195.5067 155.0512 1224.0000 217.7326 1.6386 1.6379 4.1624 18.5117 0.9749 20.6528 -0.9586 0.0016
Car 0.0000 0 -3.3812 936.8607 173.7310 1129.7079 233.7574 1.4033 1.4521 3.9064 10.5640 1.2467 17.7792 -2.8513 0.0016
Cyclist 0.0000 0 -1.9422 1164.6818 171.2436 1224.0000 256.9828 1.5148 0.4548 1.5531 11.1028 1.3529 13.2958 -1.2566 0.0016
Car 0.0000 0 0.5722 0.0000 169.3143 111.3606 215.9044 1.5958 1.6883 3.7696 -20.1515 1.2142 25.2291 -0.0938 0.0016
Car 0.0000 0 -1.1588 0.0000 173.1885 6.8260 235.2496 1.5967 1.5466 3.7729 -18.9813 1.4102 20.2214 -1.9030 0.0016
Car 0.0000 0 -0.4347 902.0989 172.3588 1102.2910 233.2539 1.5154 1.5637 4.3167 10.2346 1.3144 18.5104 0.0648 0.0016
Car 0.0000 0 2.2835 949.6956 168.4463 1115.2914 235.2036 1.4955 1.4277 3.6093 10.2818 1.2271 17.0840 2.8188 0.0015
Car 0.0000 0 -0.1274 926.4370 176.3686 1110.3545 236.5430 1.4434 1.5889 3.9523 10.5532 1.3459 18.4366 0.3867 0.0015
Car 0.0000 0 2.0383 907.0128 171.0107 1044.7659 231.5015 1.3980 1.5266 3.9433 9.5166 1.1803 18.1082 2.5166 0.0015
Car 0.0000 0 -0.9855 0.0000 185.2175 17.2214 240.4809 1.4734 1.4478 3.2656 -19.2804 1.6256 20.8624 -1.7222 0.0015
Car 0.0000 0 -2.5116 0.0000 0.0000 1224.0000 370.0000 1.5655 1.6912 4.0839 20.7661 0.3230 1.5042 -1.0273 0.0015
Car 0.0000 0 0.9180 970.4406 180.5164 1119.9464 238.5455 1.3014 1.3668 3.3653 10.7543 1.3034 17.6004 1.4601 0.0015
Pedestrian 0.0000 0 0.3955 0.0000 165.9351 15.4750 254.2336 1.7279 0.5097 0.4904 -12.2631 1.4445 14.1476 -0.3057 0.0015
Car 0.0000 0 0.7857 1078.0498 170.3238 1224.0000 241.9331 1.4289 1.6314 4.4144 13.3877 1.2274 16.3855 1.4628 0.0014
Pedestrian 0.0000 0 -0.0199 0.0000 174.7806 20.5630 255.8402 1.5749 0.5458 0.4709 -12.0082 1.4654 14.0926 -0.7127 0.0014
Cyclist 0.0000 0 1.7534 588.6321 162.1205 611.0303 200.0639 1.6205 0.6211 2.0873 -0.2331 0.8370 31.2734 1.7479 0.0014
Car 0.0000 0 1.2956 946.1685 173.1968 1080.1615 243.9340 1.4984 1.7187 4.0357 9.6506 1.3453 17.1333 1.8023 0.0014
Pedestrian 0.0000 0 -0.0010 744.3105 158.4580 757.8920 181.0197 1.8751 0.8422 1.1072 12.2657 0.0444 59.2820 0.2038 0.0014
Car 0.0000 0 -2.1714 0.0000 188.1617 25.8181 238.5262 1.4401 1.7241 4.5341 -20.7055 1.6942 21.9623 -2.9185 0.0014
Car 0.0000 0 1.1951 965.0269 180.2991 1096.9331 244.5039 1.3982 1.4138 3.8537 10.2626 1.3954 17.4032 1.7215 0.0014
Car 0.0000 0 -0.1970 942.0638 176.1558 1127.2413 236.7868 1.4564 1.7158 3.8459 10.9712 1.3537 18.4203 0.3342 0.0013
Pedestrian 0.0000 0 -0.0196 744.0308 158.5370 758.3655 181.0985 1.8744 0.8457 1.1597 12.2656 0.0509 59.2601 0.1852 0.0013
Pedestrian 0.0000 0 2.7000 679.4973 175.9105 705.4698 241.2592 1.6261 0.4364 0.5139 2.1729 1.5135 17.8765 2.8205 0.0013
Pedestrian 0.0000 0 -2.2121 0.0000 0.0000 1224.0000 370.0000 1.9489 0.7844 0.8065 4.0882 1.6162 -0.1844 -0.6738 0.0013
Car 0.0000 0 -0.1617 933.1390 176.5257 1118.0428 236.9944 1.4521 1.6788 3.9099 10.7476 1.3582 18.4480 0.3600 0.0013
Pedestrian 0.0000 0 0.7946 0.0000 169.6590 33.2264 253.8632 1.6429 0.5453 0.5528 -11.9393 1.4330 14.0899 0.1046 0.0013
Car 0.0000 0 1.2787 0.0000 188.9743 11.6985 241.1096 1.4724 1.6343 3.9082 -20.5241 1.7609 22.2261 0.5418 0.0013
Pedestrian 0.0000 0 2.5107 667.7227 155.8796 724.0378 278.7407 1.7832 0.4028 0.7456 1.3185 1.4275 10.6145 2.6325 0.0013
Pedestrian 0.0000 0 2.1935 672.9143 156.5151 721.4958 279.3424 1.7821 0.4065 0.6812 1.3456 1.4358 10.6418 2.3174 0.0012
Car 0.0000 0 0.7592 0.0000 191.8090 30.4542 239.2929 1.3990 1.5821 3.7851 -20.4716 1.7665 22.0486 0.0197 0.0012
Car 0.0000 0 -0.9041 0.0000 179.7226 35.0021 240.0202 1.6271 1.7002 3.8021 -19.2828 1.6077 21.0270 -1.6370 0.0012
Pedestrian 0.0000 0 0.5733 0.0000 179.8438 29.3455 268.3638 1.6941 0.5254 0.6285 -11.8260 1.6832 13.8257 -0.1213 0.0012
Car 0.0000 0 0.2384 219.5036 182.2064 372.5069 234.8033 1.3869 1.4499 3.6690 -8.5444 1.4385 19.7175 -0.1629 0.0012
Car 0.0000 0 -0.1398 936.5277 173.3810 1135.4556 235.3043 1.4459 1.7282 4.1247 10.7699 1.2813 18.0896 0.3911 0.0012
Cyclist 0.0000 0 -1.1993 0.0000 169.7606 36.7445 265.6905 1.7776 0.4119 1.8802 -12.0060 1.5802 14.0534 -1.8934 0.0011
Car 0.0000 0 1.1564 984.6526 175.3268 1121.3513 237.4044 1.3609 1.5032 3.5069 10.7708 1.2491 17.3342 1.7058 0.0011
Car 0.0000 0 1.9884 0.0000 181.3275 6.3999 233.3148 1.5592 1.6302 3.7355 -21.6521 1.5903 23.2942 1.2480 0.0011
Car 0.0000 0 0.9119 974.6008 174.6883 1141.6602 238.5519 1.4117 1.5972 3.5651 10.9689 1.2848 17.4807 1.4658 0.0011
Car 0.0000 0 2.4536 911.8370 175.8436 1101.0006 235.4553 1.4008 1.3654 4.2168 9.9531 1.2930 17.6611 2.9608 0.0011
Car 0.0000 0 1.3339 0.0000 191.3111 9.4385 242.7686 1.4440 1.5837 3.7974 -20.4708 1.8128 22.2862 0.5996 0.0010
Car 0.0000 0 1.3899 982.2949 174.2830 1104.5472 248.0787 1.5467 1.7285 4.1059 10.3382 1.4180 17.0397 1.9286 0.0010
Car 0.0000 0 -1.6987 855.7693 172.0210 969.4037 248.3031 1.5032 1.8252 3.8255 6.7614 1.3378 16.0137 -1.3046 0.0010
Car 0.0000 0 -0.8866 0.0000 177.3538 25.4492 234.7903 1.5558 1.5511 3.4542 -19.3078 1.4722 20.9123 -1.6228 0.0010
Car 0.0000 0 0.0642 939.0622 171.2934 1142.6774 238.6344 1.4823 1.7024 4.1036 10.5892 1.2812 17.4240 0.6038 0.0010
Car 0.0000 0 1.5085 995.2974 172.1382 1091.1259 245.5431 1.5327 1.6311 4.3476 10.3845 1.3598 17.0642 2.0485 0.0010
Car 0.0000 0 1.5983 480.0209 179.7298 551.6998 236.8655 1.3205 1.6523 4.3364 -2.3043 1.3043 18.5706 1.4787 0.0010
Cyclist 0.0000 0 -1.1906 0.0000 164.2521 54.6303 251.8208 1.7005 0.3886 1.6385 -11.9832 1.3866 14.5652 -1.8665 0.0010
Car 0.0000 0 1.1131 978.1197 173.9985 1126.7338 240.1040 1.4465 1.6075 3.6053 10.7380 1.3058 17.3340 1.6612 0.0009
Pedestrian 0.0000 0 2.4682 666.9148 151.0359 728.8055 275.7806 1.8490 0.4090 0.8840 1.3857 1.4139 10.8798 2.5931 0.0009
Pedestrian 0.0000 0 2.1767 669.4645 151.2120 725.0943 277.9095 1.8635 0.4365 0.8636 1.3788 1.4344 10.8615 2.3012 0.0009
Car 0.0000 0 1.3820 665.8124 161.9516 708.8611 192.8649 1.6404 1.7457 3.5035 4.5194 0.6575 39.3246 1.4973 0.0009
Car 0.0000 0 1.7410 564.5927 169.1827 621.2897 204.6952 1.4735 1.8784 3.8898 -0.4841 1.0054 31.3997 1.7275 0.0009
Car 0.0000 0 0.2366 975.9901 174.1366 1172.1342 239.4798 1.4401 1.6071 3.7827 11.4632 1.3015 17.5016 0.8097 0.0009
Car 0.0000 0 1.1536 0.0000 185.7545 20.4135 238.0397 1.5028 1.7136 3.8814 -20.5114 1.6810 22.2008 0.4166 0.0008
Car 0.0000 0 0.7040 0.0000 188.7873 30.0015 236.4674 1.4105 1.5900 3.7120 -20.5101 1.6808 22.0709 -0.0359 0.0008
Car 0.0000 0 -3.0570 783.8207 169.3886 962.5460 248.6489 1.5060 1.5259 3.3508 5.5567 1.2965 14.8308 -2.7038 0.0008
Car 0.0000 0 0.1248 954.9543 175.0624 1131.4230 234.9617 1.3790 1.6333 3.6666 11.0912 1.2555 18.0513 0.6696 0.0008
Car 0.0000 0 1.8787 530.7766 170.5230 632.7448 233.0259 1.5946 1.7332 4.1268 -0.5745 1.3416 20.2562 1.8525 0.0008
Car 0.0000 0 2.2781 914.3913 167.4227 1112.6696 239.2731 1.5880 1.7666 4.3911 9.8917 1.3006 17.2006 2.7936 0.0007
Cyclist 0.0000 0 -1.1354 0.0000 158.5272 30.4380 254.3196 1.7901 0.4038 1.8663 -12.2768 1.3811 14.1611 -1.8367 0.0007
Car 0.0000 0 0.7390 0.0000 188.2486 34.0823 236.7608 1.4435 1.6835 3.8962 -20.5426 1.6970 22.1435 -0.0001 0.0007
Cyclist 0.0000 0 0.1579 0.0000 0.0000 1224.0000 370.0000 1.4884 0.3683 1.5677 -6.5553 1.6211 0.5471 -1.2792 0.0007
Cyclist 0.0000 0 -1.2205 0.0000 171.5864 43.8257 256.9776 1.6240 0.3816 1.7991 -12.0458 1.4561 14.3545 -1.9060 0.0006
Car 0.0000 0 0.8085 0.0000 185.6828 43.4424 236.1288 1.4896 1.7826 4.4543 -20.4800 1.6611 22.1342 0.0708 0.0005
Cyclist 0.0000 0 -1.0484 0.0000 158.5963 17.0302 257.4189 1.8277 0.3975 1.5270 -12.2767 1.4242 13.8591 -1.7602 0.0005