Pedestrian 0.0000 0 0.6213 90.2281 147.1089 209.1008 311.2205 1.9552 0.5771 1.1118 -5.6613 1.5591 8.7426 0.0648 0.9087
Pedestrian 0.0000 0 0.6398 90.1317 146.7873 208.7564 311.0724 1.9524 0.5758 1.1121 -5.6575 1.5534 8.7309 0.0831 0.9086
Pedestrian 0.0000 0 0.6078 88.8922 148.7675 207.4949 312.4212 1.9484 0.5987 1.0876 -5.6755 1.5723 8.7390 0.0500 0.8922
Pedestrian 0.0000 0 0.6220 88.7779 147.5519 207.3035 311.7174 1.9513 0.5906 1.0934 -5.6718 1.5613 8.7286 0.0640 0.8698
Pedestrian 0.0000 0 0.6496 90.6606 146.9785 205.9746 310.3450 1.9431 0.5668 1.0780 -5.6760 1.5460 8.7361 0.0917 0.8534
Pedestrian 0.0000 0 0.6514 92.1292 146.7888 207.6422 310.7267 1.9456 0.5871 1.0655 -5.6512 1.5472 8.7289 0.0950 0.8439
Pedestrian 0.0000 0 0.6431 90.0194 147.2587 205.3682 311.3845 1.9481 0.5978 1.0511 -5.6779 1.5552 8.7297 0.0847 0.8427
Pedestrian 0.0000 0 0.6318 91.0202 148.8305 204.8831 311.4178 1.9341 0.5909 1.0364 -5.6805 1.5591 8.7388 0.0736 0.8356
Pedestrian 0.0000 0 0.3819 0.0000 0.0000 1224.0000 370.0000 1.8222 0.6246 0.8054 -3.8694 1.6991 0.4190 -0.9977 0.6019
Pedestrian 0.0000 0 0.3317 0.0000 0.0000 1224.0000 370.0000 1.8221 0.6242 0.7788 -3.8709 1.7006 0.4114 -1.0499 0.5782
Cyclist 0.0000 0 0.1861 0.0000 0.0000 1224.0000 370.0000 1.8089 0.6322 1.5837 -3.7363 1.6753 0.2015 -1.2435 0.5444
Cyclist 0.0000 0 0.7650 0.0000 0.0000 1224.0000 370.0000 1.7299 0.6671 1.6797 -3.4587 1.6151 0.1176 -0.6773 0.4969
Pedestrian 0.0000 0 -0.2040 0.0000 0.0000 1224.0000 370.0000 1.7364 0.6686 0.6567 -3.1531 1.6435 0.2490 -1.5935 0.4328
Pedestrian 0.0000 0 0.9894 0.0000 0.0000 1224.0000 370.0000 1.7516 0.6692 0.6465 -3.1779 1.6302 0.2570 -0.3991 0.4048
Pedestrian 0.0000 0 0.7232 0.0000 0.0000 1224.0000 370.0000 1.7859 0.6537 0.7877 -3.7067 1.6715 0.1567 -0.7172 0.3932
Car 0.0000 0 -0.0661 411.2311 0.0000 1224.0000 370.0000 1.4547 1.5464 3.7497 -0.9352 1.6489 0.2855 -1.0578 0.3850
Pedestrian 0.0000 0 0.7510 0.0000 0.0000 1224.0000 370.0000 1.7867 0.6654 0.7627 -3.7105 1.6711 0.1527 -0.6906 0.3793
Cyclist 0.0000 0 0.0462 0.0000 0.0000 1224.0000 370.0000 1.8475 0.5547 1.7035 -3.8263 1.7387 0.3846 -1.3401 0.3707
Pedestrian 0.0000 0 0.5315 0.0000 0.0000 1224.0000 370.0000 1.7549 0.5982 0.7478 -3.4765 1.6238 0.0850 -0.9207 0.3695
Pedestrian 0.0000 0 0.8929 0.0000 0.0000 1224.0000 370.0000 1.8071 0.6742 0.7247 -3.6745 1.6592 -0.1393 -0.6262 0.3593
Pedestrian 0.0000 0 0.4409 0.0000 0.0000 1224.0000 370.0000 1.7530 0.5898 0.7582 -3.4781 1.6259 0.0756 -1.0140 0.3505
Pedestrian 0.0000 0 0.7881 0.0000 0.0000 1224.0000 370.0000 1.8021 0.6619 0.7603 -3.6743 1.6644 -0.1451 -0.7326 0.3487
Car 0.0000 0 0.1193 409.5714 0.0000 1224.0000 370.0000 1.4880 1.5274 3.5135 -0.9490 1.6166 0.1473 -0.9889 0.3421
Car 0.0000 0 -0.2050 485.5988 0.0000 1224.0000 370.0000 1.5062 1.6135 3.6206 -0.7145 1.6414 0.3507 -1.0173 0.3415
Pedestrian 0.0000 0 1.2097 985.0688 223.6570 1073.6923 370.0000 1.1328 0.3541 0.6503 3.1503 1.4838 5.3690 1.7170 0.3372
Car 0.0000 0 0.1795 310.6852 0.0000 1224.0000 370.0000 1.5304 1.5792 3.5410 -1.0829 1.6305 0.0587 -1.0501 0.3203
Pedestrian 0.0000 0 0.8875 0.0000 0.0000 1224.0000 370.0000 1.7832 0.6769 0.7312 -3.5426 1.6577 -0.1077 -0.6209 0.2999
Car 0.0000 0 -3.8554 0.0000 0.0000 1224.0000 370.0000 1.4893 1.6957 3.8037 1.2855 1.6232 0.2634 -2.7112 0.2829
Cyclist 0.0000 0 0.4365 0.0000 0.0000 1224.0000 370.0000 1.7476 0.6563 1.6685 -3.4684 1.6337 0.0965 -1.0122 0.2746
Pedestrian 0.0000 0 0.9136 0.0000 0.0000 1224.0000 370.0000 1.8067 0.5944 0.8358 -3.9663 1.6770 0.4416 -0.4651 0.2715
Car 0.0000 0 3.4914 336.0198 0.0000 1224.0000 370.0000 1.4817 1.4902 3.6983 -1.1832 1.6470 -0.0441 2.1542 0.2658
Car 0.0000 0 -3.9672 0.0000 0.0000 1224.0000 370.0000 1.5033 1.6705 4.0399 1.2591 1.6579 0.3300 -2.8734 0.2631
Pedestrian 0.0000 0 1.2701 989.8293 219.3997 1077.8878 370.0000 1.1814 0.3730 0.6673 3.1827 1.4988 5.3679 1.7818 0.2457
Car 0.0000 0 -0.9553 0.0000 0.0000 880.5809 370.0000 1.4772 1.5463 3.4954 1.7745 1.6197 0.0147 0.4287 0.2455
Pedestrian 0.0000 0 0.6834 0.0000 0.0000 1224.0000 370.0000 1.7769 0.6787 0.7590 -3.5553 1.6594 -0.1317 -0.8320 0.2422
Car 0.0000 0 -1.2356 151.2537 0.0000 1224.0000 370.0000 1.4666 1.5974 3.6885 1.8034 1.6527 0.8043 -0.2220 0.2391
Car 0.0000 0 -0.2531 495.3802 0.0000 1224.0000 370.0000 1.4659 1.5698 3.7000 -0.7331 1.6632 0.4348 -1.0199 0.2351
Pedestrian 0.0000 0 0.5931 0.0000 0.0000 1224.0000 370.0000 1.8108 0.6238 0.8299 -3.9867 1.6830 0.4319 -0.7889 0.2344
Car 0.0000 0 -1.2934 0.0000 0.0000 1224.0000 370.0000 1.4539 1.5835 3.5686 1.9410 1.6456 0.8727 -0.2733 0.2093
Car 0.0000 0 -0.5279 505.7554 0.0000 1224.0000 370.0000 1.4849 1.5590 3.6757 -0.5885 1.6567 0.6138 -1.0867 0.2041
Car 0.0000 0 -0.7870 0.0000 0.0000 886.8298 370.0000 1.5081 1.5795 3.8035 1.7077 1.6291 -0.0439 0.6231 0.2003
Car 0.0000 0 -0.8910 0.0000 0.0000 1014.8277 370.0000 1.5074 1.5438 3.6134 1.8861 1.6217 -0.1482 0.5886 0.1974
Car 0.0000 0 1.4776 0.0000 0.0000 1198.8442 370.0000 1.5021 1.5684 3.8507 -1.6759 1.6469 0.4795 0.3554 0.1965
Car 0.0000 0 -0.0701 0.0000 0.0000 1224.0000 370.0000 1.4739 1.5959 3.5942 1.6930 1.6304 -0.0735 1.3556 0.1550
Cyclist 0.0000 0 0.7527 0.0000 0.0000 1224.0000 370.0000 1.8658 0.5393 1.6378 -3.4195 1.7259 0.3102 -0.6333 0.1509
Car 0.0000 0 -0.1599 0.0000 0.0000 1224.0000 370.0000 1.5066 1.5868 3.7016 1.6432 1.6410 -0.2718 1.3810 0.1435
Car 0.0000 0 -0.6731 0.0000 0.0000 541.8636 370.0000 1.5386 1.6447 4.3405 1.2149 1.6403 0.1399 0.5350 0.1418
Car 0.0000 0 -0.1415 354.4532 0.0000 1224.0000 370.0000 1.5638 1.6853 3.5963 -0.7264 1.6510 0.1116 -1.1707 0.1386
Cyclist 0.0000 0 0.3083 0.0000 0.0000 1224.0000 370.0000 1.8797 0.5825 1.6502 -3.3764 1.7324 0.2747 -1.0857 0.1301
Car 0.0000 0 0.1586 0.0000 0.0000 1224.0000 370.0000 1.4727 1.5725 3.5445 1.4823 1.6203 -0.0933 1.5769 0.1288
Car 0.0000 0 3.3871 93.0365 0.0000 1224.0000 370.0000 1.4771 1.5150 3.8184 -1.5734 1.6372 -0.0619 1.9828 0.1263
Car 0.0000 0 -3.7114 0.0000 0.0000 1224.0000 370.0000 1.5295 1.6571 4.0634 1.0289 1.6983 0.4403 -2.7776 0.1114
Car 0.0000 0 0.4267 0.0000 0.0000 1224.0000 370.0000 1.4766 1.6324 3.8111 1.6159 1.6531 0.3639 1.5970 0.1096
Cyclist 0.0000 0 0.9987 0.0000 0.0000 1224.0000 370.0000 1.8589 0.5110 1.7255 -3.3078 1.7277 0.3325 -0.3748 0.1082
Cyclist 0.0000 0 0.9875 0.0000 0.0000 1224.0000 370.0000 1.8133 0.6222 1.7254 -3.2084 1.6765 0.1774 -0.4269 0.1065
Car 0.0000 0 -0.3410 310.4362 0.0000 1224.0000 370.0000 1.4531 1.5468 3.7046 -1.0950 1.6386 0.6123 -1.2027 0.1051
Cyclist 0.0000 0 0.1838 0.0000 0.0000 1224.0000 370.0000 1.7786 0.5690 1.6536 -3.6847 1.6611 -0.0223 -1.3039 0.1044
Pedestrian 0.0000 0 2.1455 0.0000 0.0000 1224.0000 370.0000 1.7779 0.5571 0.8123 -3.9736 1.6799 0.2147 0.7109 0.1031
Car 0.0000 0 1.3227 0.0000 0.0000 1224.0000 370.0000 1.5436 1.6089 4.0765 -2.1312 1.6456 0.4499 0.1017 0.0992
Car 0.0000 0 -0.1635 0.0000 0.0000 1224.0000 370.0000 1.4972 1.5952 3.8971 1.9130 1.6270 -0.1217 1.3038 0.0987
Cyclist 0.0000 0 -0.0480 0.0000 0.0000 1224.0000 370.0000 1.8349 0.5728 1.7276 -3.9594 1.7310 0.4140 -1.4332 0.0979
Pedestrian 0.0000 0 0.1512 0.0000 0.0000 1224.0000 370.0000 1.8073 0.7121 0.7069 -3.3758 1.6836 0.3760 -1.2137 0.0973
Car 0.0000 0 0.3719 0.0000 0.0000 1224.0000 370.0000 1.5319 1.6227 3.7171 1.2582 1.6878 0.0929 1.6248 0.0970
Car 0.0000 0 2.7305 90.6694 0.0000 1224.0000 370.0000 1.4600 1.5290 3.5947 -1.3019 1.6495 0.4889 1.7193 0.0959
Pedestrian 0.0000 0 0.2242 0.0000 0.0000 1224.0000 370.0000 1.8064 0.7097 0.7249 -3.3809 1.6806 0.3629 -1.1448 0.0928
Car 0.0000 0 0.4367 0.0000 0.0000 1224.0000 370.0000 1.4904 1.5606 3.5497 1.5198 1.6789 0.1643 1.6986 0.0926
Car 0.0000 0 3.8188 503.2886 0.0000 1224.0000 370.0000 1.5045 1.5512 3.9524 -1.3097 1.6671 -0.0827 2.4314 0.0923
Car 0.0000 0 -2.7809 0.0000 0.0000 1224.0000 370.0000 1.5288 1.6585 3.7311 1.7964 1.6598 0.3228 -1.5538 0.0921
Car 0.0000 0 -2.2116 0.0000 0.0000 1224.0000 370.0000 1.4625 1.5302 3.9313 -0.8969 1.6458 0.5029 -3.0360 0.0916
Car 0.0000 0 -2.9654 0.0000 0.0000 1224.0000 370.0000 1.5426 1.6194 4.0814 0.3620 1.6980 0.8714 -2.6698 0.0904
Car 0.0000 0 0.1600 0.0000 0.0000 1224.0000 370.0000 1.4929 1.5822 3.8375 1.1951 1.6395 -0.1971 1.6270 0.0902
Car 0.0000 0 2.9831 103.7124 0.0000 1224.0000 370.0000 1.5024 1.6464 3.9493 -1.9160 1.6622 0.6854 1.8986 0.0896
Car 0.0000 0 -0.1666 0.0000 0.0000 1224.0000 370.0000 1.5350 1.5958 4.0056 0.7759 1.7069 0.7507 0.4604 0.0882
Car 0.0000 0 -0.8176 597.4674 0.0000 1224.0000 370.0000 1.5032 1.6088 3.6825 -0.2852 1.6623 0.8211 -1.0600 0.0881
Car 0.0000 0 -0.7749 525.1980 0.0000 1224.0000 370.0000 1.5005 1.6161 3.6542 -0.3615 1.6528 0.5930 -1.1487 0.0863
Car 0.0000 0 -1.0371 0.0000 0.0000 1224.0000 370.0000 1.4666 1.5727 3.4971 1.8257 1.6530 0.5135 0.1055 0.0849
Car 0.0000 0 -3.7997 0.0000 0.0000 1224.0000 370.0000 1.6189 1.6731 4.3000 0.3624 1.6280 0.0739 -3.0580 0.0824
Pedestrian 0.0000 0 -0.6552 0.0000 0.0000 1224.0000 370.0000 1.7900 0.5722 0.8990 -4.0245 1.7154 0.2019 -2.0947 0.0818
Cyclist 0.0000 0 1.0444 0.0000 0.0000 1224.0000 370.0000 1.7471 0.6433 1.7171 -3.5914 1.6346 0.1802 -0.3854 0.0812
Car 0.0000 0 0.8667 0.0000 0.0000 1224.0000 370.0000 1.4822 1.5215 3.4992 1.4780 1.6780 0.6040 1.8787 0.0799
Car 0.0000 0 -0.6816 0.0000 0.0000 1224.0000 370.0000 1.4991 1.5643 3.6882 1.4378 1.6843 0.8602 0.2020 0.0742
Car 0.0000 0 -3.8739 0.0000 0.0000 1224.0000 370.0000 1.5024 1.6501 4.0735 0.9516 1.6429 0.2817 -2.8678 0.0733
Pedestrian 0.0000 0 1.1757 999.8733 223.9283 1092.4423 370.0000 1.1321 0.3695 0.6299 3.2873 1.4855 5.3846 1.7000 0.0721
Car 0.0000 0 -0.2114 0.0000 0.0000 1224.0000 370.0000 1.5252 1.5840 3.9274 1.9367 1.6461 -0.1830 1.2886 0.0720
Car 0.0000 0 -1.6686 110.6749 0.0000 1073.7965 370.0000 1.5284 1.6335 3.8000 0.2004 1.6738 0.6944 -1.4726 0.0694
Car 0.0000 0 3.3563 151.0902 0.0000 1224.0000 370.0000 1.4809 1.5789 4.1131 -1.8343 1.6545 0.1771 2.0535 0.0692
Car 0.0000 0 4.2422 0.0000 0.0000 1224.0000 370.0000 1.5310 1.5323 4.0255 -2.4298 1.7168 0.3766 2.9534 0.0660
Car 0.0000 0 -3.0512 0.0000 0.0000 1224.0000 370.0000 1.4542 1.6120 3.4583 9.6139 1.4737 -0.3077 -1.4806 0.0656
Car 0.0000 0 -2.7121 0.0000 0.0000 1224.0000 370.0000 1.5431 1.5965 4.0410 0.0862 1.6612 0.8122 -2.6346 0.0648
Car 0.0000 0 -2.3215 0.0000 0.0000 911.3900 370.0000 1.5451 1.6623 3.8444 0.7416 1.6914 0.8536 -1.7578 0.0646
Pedestrian 0.0000 0 1.1522 1000.5931 219.9258 1094.8839 370.0000 1.1728 0.3694 0.6282 3.2902 1.4927 5.3702 1.6779 0.0642
Car 0.0000 0 -2.1836 0.0000 0.0000 1224.0000 370.0000 1.4568 1.6046 3.8023 1.7256 1.6477 0.9438 -1.2446 0.0639
Car 0.0000 0 3.6589 141.3175 0.0000 1224.0000 370.0000 1.5160 1.6012 4.2918 -1.8546 1.6481 -0.2337 2.1381 0.0638
Cyclist 0.0000 0 0.2162 0.0000 0.0000 1224.0000 370.0000 1.7546 0.5902 1.5832 -3.1872 1.6592 0.2887 -1.1632 0.0637
Car 0.0000 0 0.7143 0.0000 0.0000 1224.0000 370.0000 1.5161 1.5689 3.5190 1.3060 1.6769 0.4089 1.7756 0.0633
Cyclist 0.0000 0 0.4237 0.0000 0.0000 1224.0000 370.0000 1.7697 0.6433 1.6966 -3.5223 1.6544 -0.0749 -1.0750 0.0622
Car 0.0000 0 -2.8189 0.0000 0.0000 1224.0000 370.0000 1.5691 1.6286 3.9618 0.1349 1.7014 0.8977 -2.7075 0.0618
Car 0.0000 0 -3.9676 0.0000 0.0000 1224.0000 370.0000 1.5761 1.6935 4.2424 0.6485 1.6089 0.1760 -3.0510 0.0611
Car 0.0000 0 -3.8079 0.0000 0.0000 1224.0000 370.0000 1.5540 1.6528 4.1408 0.5414 1.6280 0.2041 -3.0075 0.0586
Car 0.0000 0 0.8928 0.0000 0.0000 1224.0000 370.0000 1.5629 1.6405 4.1125 -0.7588 1.6633 0.0117 -0.2603 0.0570
Pedestrian 0.0000 0 0.7397 1100.7380 92.5572 1224.0000 370.0000 1.7266 0.6112 0.8753 1.4043 1.6376 1.1851 1.4910 0.0552
Car 0.0000 0 -3.8699 0.0000 0.0000 1224.0000 370.0000 1.5268 1.6519 4.1357 0.5305 1.6275 0.1915 -3.0676 0.0537
Car 0.0000 0 -0.6468 514.3594 0.0000 1224.0000 370.0000 1.5155 1.6330 3.5900 -0.3702 1.6173 0.3649 -1.1375 0.0535
Car 0.0000 0 4.1683 0.0000 0.0000 1224.0000 370.0000 1.4667 1.4948 3.6075 -1.6575 1.6433 -0.0001 2.7919 0.0525
Car 0.0000 0 1.2567 0.0000 0.0000 1044.9767 370.0000 1.4885 1.5380 3.8490 -1.5210 1.6705 0.4794 0.1732 0.0511
Pedestrian 0.0000 0 -3.7278 1093.4849 126.7785 1224.0000 370.0000 1.7286 0.6004 0.8398 1.3754 1.6682 1.1761 -2.9839 0.0498
Car 0.0000 0 3.6518 0.0000 0.0000 1224.0000 370.0000 1.5951 1.6733 3.8964 -0.2738 1.6847 -0.0274 2.9067 0.0496
Car 0.0000 0 -3.7973 0.0000 0.0000 1224.0000 370.0000 1.5176 1.6068 3.9108 0.5884 1.6905 0.4125 -3.1214 0.0488
Car 0.0000 0 -3.6830 0.0000 0.0000 1224.0000 370.0000 1.5144 1.6132 4.0299 0.4838 1.6841 0.3910 -3.0862 0.0472
Car 0.0000 0 2.8997 133.6724 0.0000 1224.0000 370.0000 1.4815 1.5561 3.8794 -1.6538 1.6668 0.6260 1.8517 0.0441
Car 0.0000 0 0.0444 0.0000 0.0000 1224.0000 370.0000 1.4075 1.5831 3.5556 9.7188 1.4302 -0.0749 1.5911 0.0440
Car 0.0000 0 2.4693 0.0000 0.0000 1224.0000 370.0000 1.5257 1.6131 3.9281 0.4181 1.6021 0.2145 3.1324 0.0440
Car 0.0000 0 -2.6596 0.0000 0.0000 1224.0000 370.0000 1.5501 1.5801 3.6668 5.6580 1.5294 -0.2467 -1.1008 0.0421
Car 0.0000 0 4.0707 402.3862 0.0000 1224.0000 370.0000 1.5221 1.5530 3.8345 -1.7331 1.6726 -0.1519 2.6002 0.0419
Car 0.0000 0 -1.6705 0.0000 0.0000 1224.0000 370.0000 1.3827 1.5858 3.6925 10.5188 1.3932 -0.2925 -0.1012 0.0417
Car 0.0000 0 -2.7047 0.0000 0.0000 1224.0000 370.0000 1.4920 1.5782 3.6327 5.6967 1.4608 -0.1125 -1.1695 0.0403
Car 0.0000 0 -2.6313 0.0000 0.0000 1224.0000 370.0000 1.5290 1.5808 3.8134 5.6489 1.5291 -0.2439 -1.0731 0.0402
Car 0.0000 0 1.6875 0.0000 182.1696 7.8099 240.6841 1.4798 1.5711 4.1196 -18.3080 1.5340 20.1352 0.9591 0.0390
Car 0.0000 0 0.1570 0.0000 0.0000 1224.0000 370.0000 1.3982 1.5561 3.3602 9.5242 1.4329 -0.1978 1.7161 0.0377
Car 0.0000 0 3.6103 0.0000 0.0000 1224.0000 370.0000 1.4740 1.5375 3.8622 -0.6086 1.6212 0.1725 2.7257 0.0375
Car 0.0000 0 1.6462 0.0000 182.8327 9.2392 240.2170 1.4628 1.5783 4.0019 -18.2701 1.5381 20.2583 0.9219 0.0356
Car 0.0000 0 3.2987 0.0000 0.0000 1224.0000 370.0000 1.4825 1.5652 3.9085 -0.2650 1.6848 0.2799 2.8863 0.0355
Car 0.0000 0 -2.8418 0.0000 0.0000 1224.0000 370.0000 1.5253 1.5944 4.0404 -0.2282 1.7055 0.7152 -3.0569 0.0352
Car 0.0000 0 -3.5975 0.0000 0.0000 1224.0000 370.0000 1.5291 1.5839 4.0208 0.4010 1.6653 0.4703 -3.1280 0.0349
Cyclist 0.0000 0 0.7176 0.0000 0.0000 1224.0000 370.0000 1.7190 0.5466 1.8879 1.1505 1.7230 0.3827 1.7395 0.0330
Car 0.0000 0 3.8864 688.7869 0.0000 1224.0000 370.0000 1.4306 1.4830 3.7871 -1.1585 1.6173 0.0549 2.6333 0.0324
Car 0.0000 0 -1.2546 450.5202 0.0000 1224.0000 370.0000 1.5058 1.6760 3.8091 0.0564 1.6997 1.0110 -1.2110 0.0323
Cyclist 0.0000 0 2.9650 0.0000 0.0000 1224.0000 370.0000 1.7952 0.5901 1.6128 -3.1935 1.6857 0.2081 1.5607 0.0320
Pedestrian 0.0000 0 1.2122 123.0711 168.8643 169.4574 268.7060 1.7267 0.4714 0.7399 -8.2457 1.5272 12.6344 0.6472 0.0313
Car 0.0000 0 4.4841 0.0000 0.0000 1224.0000 370.0000 1.5186 1.5881 4.4560 -2.7612 1.6764 0.1602 3.0883 0.0309
Car 0.0000 0 -0.7696 244.6384 0.0000 1069.7256 370.0000 1.6023 1.7475 3.8885 -0.3156 1.6032 0.0152 -1.5162 0.0303
Car 0.0000 0 -2.9534 0.0000 0.0000 1224.0000 370.0000 1.4962 1.7115 3.4308 9.9119 1.4760 -0.2077 -1.3928 0.0295
Car 0.0000 0 -2.9527 0.0000 0.0000 1224.0000 370.0000 1.4982 1.5499 3.6275 6.0812 1.5229 -0.0598 -1.4238 0.0294
Car 0.0000 0 1.8279 0.0000 181.2521 9.6505 238.8524 1.4600 1.5454 4.1152 -18.5837 1.4853 20.1553 1.0927 0.0277
Cyclist 0.0000 0 3.3197 0.0000 0.0000 1224.0000 370.0000 1.6737 0.5482 1.9980 -1.1426 1.6355 -0.0897 1.9525 0.0275
Car 0.0000 0 -2.8015 0.0000 0.0000 1224.0000 370.0000 1.5485 1.5183 3.5408 5.8489 1.5853 -0.0619 -1.2739 0.0271
Pedestrian 0.0000 0 -2.9198 864.0250 174.0033 905.8089 266.5251 1.5003 0.4160 0.5738 4.6260 1.3966 11.7929 -2.5533 0.0271
Car 0.0000 0 -1.8632 1093.1864 163.6892 1214.4617 223.4541 1.5164 1.6071 3.9323 15.3565 1.0915 20.0577 -1.2158 0.0270
Car 0.0000 0 0.8798 0.0000 0.0000 1059.9420 370.0000 1.5318 1.6293 3.8305 0.6668 1.7085 0.4810 1.5734 0.0267
Car 0.0000 0 -2.6863 0.0000 0.0000 1224.0000 370.0000 1.4014 1.6043 3.5464 9.8362 1.4854 0.0813 -1.1551 0.0267
Cyclist 0.0000 0 3.5415 0.0000 0.0000 1224.0000 370.0000 1.6236 0.5498 1.8844 -1.7577 1.7090 -0.0641 2.1187 0.0267
Car 0.0000 0 4.0782 324.9156 0.0000 1224.0000 370.0000 1.5155 1.5392 3.9447 -1.8205 1.6690 -0.2836 2.5309 0.0262
Cyclist 0.0000 0 0.1735 0.0000 0.0000 1224.0000 370.0000 1.6494 0.5417 1.8361 -1.3795 1.6154 -0.0174 -1.1771 0.0258
Car 0.0000 0 -3.8249 0.0000 0.0000 1224.0000 370.0000 1.5897 1.6294 3.9568 0.3261 1.5713 0.0754 -3.1365 0.0254
Car 0.0000 0 1.8665 0.0000 179.8133 12.5493 239.0771 1.5034 1.5846 4.1188 -18.5874 1.4875 20.1315 1.1306 0.0249
Car 0.0000 0 0.6192 281.5598 0.0000 1224.0000 370.0000 1.5143 1.6522 4.0358 0.8816 1.7117 -0.0781 1.9203 0.0246
Pedestrian 0.0000 0 1.7569 829.7389 166.2856 863.2242 262.2137 1.6452 0.4640 0.5874 4.2268 1.4030 12.4904 2.0772 0.0245
Car 0.0000 0 4.3919 0.0000 0.0000 1224.0000 370.0000 1.5024 1.5225 4.1840 -2.4856 1.6694 -0.0243 2.9425 0.0241
Car 0.0000 0 1.3133 0.0000 0.0000 1224.0000 370.0000 1.4425 1.5977 3.8828 9.9307 1.4493 -0.3063 2.8838 0.0238
Cyclist 0.0000 0 1.0849 0.0000 0.0000 1224.0000 370.0000 1.8127 0.5460 1.7419 -3.7920 1.6926 0.4251 -0.2894 0.0238
Car 0.0000 0 -1.6621 290.7804 0.0000 1058.7252 370.0000 1.5689 1.7011 3.8463 0.1485 1.6135 0.2925 -1.4228 0.0237
Car 0.0000 0 -1.6965 0.0000 0.0000 1224.0000 370.0000 1.3830 1.5847 3.8246 10.5608 1.3957 -0.2656 -0.1298 0.0234
Car 0.0000 0 -2.8159 0.0000 0.0000 1224.0000 370.0000 1.5560 1.4978 3.5225 5.8616 1.5878 -0.0532 -1.2897 0.0221
Car 0.0000 0 2.6017 0.0000 0.0000 1224.0000 370.0000 1.5286 1.5970 3.9709 0.1972 1.6404 0.1085 3.0324 0.0216
Car 0.0000 0 -1.7293 0.0000 0.0000 1224.0000 370.0000 1.3642 1.5445 3.8463 10.4592 1.4457 -0.2210 -0.1668 0.0212
Car 0.0000 0 1.6062 0.0000 183.1152 10.6727 240.2527 1.4411 1.6321 4.1749 -18.0778 1.5251 20.1543 0.8846 0.0211
Car 0.0000 0 1.6014 0.0000 181.2874 5.9908 239.2002 1.4750 1.6758 4.1930 -18.2753 1.5015 20.2078 0.8758 0.0196
Car 0.0000 0 -1.6930 580.0721 162.4785 610.0172 186.9402 1.7462 1.7211 4.2996 -0.7769 0.4610 52.7147 -1.7058 0.0194
Car 0.0000 0 -1.6154 582.5137 161.8127 607.9993 186.8261 1.7880 1.7092 4.3678 -0.7575 0.4535 52.7657 -1.6278 0.0193
Car 0.0000 0 -1.5196 586.2831 161.7072 612.3337 186.9070 1.8037 1.7214 4.2935 -0.3781 0.4599 52.7871 -1.5249 0.0192
Car 0.0000 0 -2.9847 521.4698 160.6518 613.9864 195.5358 1.5399 1.6884 3.9998 -1.6785 0.6652 32.2609 -3.0342 0.0191
Car 0.0000 0 -2.7921 513.7151 160.2584 613.9440 196.2290 1.5857 1.6957 4.2928 -1.9030 0.6949 32.5968 -2.8479 0.0191
Car 0.0000 0 -2.2258 0.0000 0.0000 1224.0000 370.0000 1.5544 1.5760 3.6963 5.6344 1.5430 -0.3105 -0.6558 0.0190
Car 0.0000 0 -1.6232 587.1360 162.2514 613.2266 186.8067 1.7546 1.7257 4.2065 -0.3888 0.4519 52.6668 -1.6287 0.0188
Car 0.0000 0 -2.9828 0.0000 0.0000 1224.0000 370.0000 1.4236 1.5276 3.5014 14.7353 1.3922 -0.1100 -1.4250 0.0188
Car 0.0000 0 -1.7016 0.0000 0.0000 1224.0000 370.0000 1.3276 1.5545 3.6275 10.4571 1.4329 -0.2676 -0.1346 0.0188
Car 0.0000 0 1.8879 0.0000 187.8331 31.1020 240.3339 1.4454 1.4952 3.6597 -19.4646 1.6956 21.9893 1.1721 0.0187
Cyclist 0.0000 0 1.4008 0.0000 0.0000 1224.0000 370.0000 1.7545 0.6623 1.8185 -3.4365 1.7171 -0.0895 -0.1005 0.0187
Car 0.0000 0 1.7260 0.0000 181.9218 10.7705 239.8028 1.4569 1.6135 4.2152 -18.3226 1.5033 20.1072 0.9966 0.0186
Car 0.0000 0 -2.9030 0.0000 0.0000 1224.0000 370.0000 1.4288 1.4580 3.5035 14.3712 1.3826 -0.1818 -1.3406 0.0185
Pedestrian 0.0000 0 0.5082 862.9542 173.3177 908.8723 265.8426 1.4900 0.4258 0.5751 4.6178 1.3760 11.7386 0.8756 0.0182
Car 0.0000 0 2.0476 546.1025 161.3698 619.2888 198.2481 1.5324 1.6966 3.7932 -0.9426 0.7390 31.4521 2.0198 0.0182
Car 0.0000 0 3.1968 0.0000 0.0000 1224.0000 370.0000 1.5195 1.5970 3.8726 -0.1309 1.6490 0.1996 2.9539 0.0178
Car 0.0000 0 -2.8292 520.3323 160.7150 616.7264 196.1557 1.5656 1.6988 4.1139 -1.6797 0.6930 32.5837 -2.8783 0.0178
Car 0.0000 0 -1.7927 572.6272 162.1590 608.0367 187.2023 1.7836 1.7239 4.3394 -1.1323 0.4786 52.6633 -1.8123 0.0175
Car 0.0000 0 -1.4713 589.9487 159.3723 619.2537 184.5799 1.7977 1.7603 4.2700 0.0204 0.2923 52.6330 -1.4691 0.0172
Car 0.0000 0 -2.7177 0.0000 0.0000 1224.0000 370.0000 1.4041 1.4568 3.5095 9.6893 1.3671 0.2085 -1.2003 0.0167
Car 0.0000 0 -1.4212 0.0000 188.3457 7.4042 243.9747 1.4030 1.5661 3.8243 -18.6218 1.6538 20.4272 -2.1509 0.0165
Cyclist 0.0000 0 -0.2401 0.0000 0.0000 1224.0000 370.0000 1.6126 0.4703 1.7781 -1.3677 1.6909 0.4680 -1.2848 0.0163
Car 0.0000 0 3.2170 0.0000 0.0000 1224.0000 370.0000 1.6212 1.6659 3.9784 -0.0315 1.6433 -0.0210 3.1165 0.0161
Car 0.0000 0 4.1998 0.0000 0.0000 1224.0000 370.0000 1.4648 1.5103 3.7685 -1.8254 1.6753 -0.1793 2.7093 0.0156
Car 0.0000 0 -2.6955 521.6950 161.0719 618.1309 196.1418 1.5572 1.7163 4.1616 -1.6559 0.6960 32.9874 -2.7432 0.0155
Car 0.0000 0 2.7933 0.0000 0.0000 1224.0000 370.0000 1.4951 1.5654 3.7365 0.1890 1.6590 0.3940 3.0528 0.0154
Car 0.0000 0 1.7678 0.0000 184.2925 21.7820 234.7129 1.4043 1.5963 3.7627 -19.6249 1.5349 22.0211 1.0488 0.0153
Car 0.0000 0 -2.8481 0.0000 0.0000 1224.0000 370.0000 1.4957 1.4926 3.4851 5.9416 1.5004 -0.0663 -1.3191 0.0152
Car 0.0000 0 1.7078 0.0000 181.0817 9.9044 239.7903 1.4797 1.6312 4.1765 -18.2606 1.4996 20.0464 0.9786 0.0151
Car 0.0000 0 2.5132 528.0468 160.8320 619.9149 197.1500 1.5235 1.6320 3.8668 -1.3651 0.6999 31.4944 2.4723 0.0148
Car 0.0000 0 -2.5711 333.0362 0.0000 1224.0000 370.0000 1.6321 1.7566 3.8059 0.3847 1.5260 -0.1883 -1.3367 0.0147
Car 0.0000 0 1.9560 0.0000 176.0947 19.0837 237.5428 1.5561 1.6450 4.2055 -18.6575 1.4461 20.1576 1.2189 0.0146
Car 0.0000 0 -2.0994 1150.5581 153.1936 1224.0000 215.3154 1.6242 1.6334 3.9010 17.8728 0.9119 20.5474 -1.3895 0.0146
Pedestrian 0.0000 0 2.8862 67.8878 176.5581 112.7213 271.7919 1.6941 0.5042 0.5588 -9.4718 1.6257 12.9490 2.2680 0.0146
Car 0.0000 0 1.6221 0.0000 181.9055 8.3125 238.7068 1.4346 1.6365 4.1174 -18.1227 1.4802 20.0761 0.8974 0.0146
Car 0.0000 0 -2.9685 513.5803 159.6062 611.7445 195.4706 1.5798 1.7030 4.2361 -1.9073 0.6609 32.2318 -3.0250 0.0144
Car 0.0000 0 -0.3053 580.8658 163.9578 639.6556 185.7442 1.5587 1.6665 4.0052 0.3849 0.3765 51.9611 -0.2961 0.0139
Car 0.0000 0 1.6401 0.0000 180.1459 7.8520 238.4868 1.4894 1.6922 4.0431 -18.2863 1.4820 20.1629 0.9130 0.0139
Car 0.0000 0 1.5889 0.0000 180.8409 7.2093 238.7607 1.4663 1.6773 4.1672 -18.1015 1.4785 20.0483 0.8642 0.0138
Car 0.0000 0 -2.8312 0.0000 0.0000 1224.0000 370.0000 1.4873 1.5811 3.6666 5.9480 1.4893 0.0549 -1.3225 0.0138
Car 0.0000 0 1.7116 0.0000 179.5240 10.6590 239.4595 1.5073 1.6414 4.4337 -18.2960 1.4844 20.0760 0.9822 0.0138
Pedestrian 0.0000 0 2.8098 66.9327 177.0094 113.9858 271.6313 1.6823 0.4984 0.5687 -9.4628 1.6219 12.9421 2.1918 0.0137
Car 0.0000 0 2.2112 535.4515 158.9356 617.4117 196.3835 1.5685 1.6880 3.8688 -1.2351 0.6668 31.6818 2.1746 0.0136
Car 0.0000 0 1.7612 0.0000 181.0723 29.5299 238.8951 1.4652 1.7405 3.9551 -17.8987 1.4847 20.0999 1.0433 0.0136
Car 0.0000 0 -1.8022 572.7198 164.1705 607.9474 187.6339 1.6690 1.6959 4.2150 -1.1278 0.5087 52.5407 -1.8217 0.0135
Cyclist 0.0000 0 0.6513 0.0000 0.0000 1224.0000 370.0000 1.6690 0.5829 1.9706 1.3977 1.7198 0.5067 1.6878 0.0133
Car 0.0000 0 -1.4605 590.8674 161.6059 620.1163 184.8978 1.6588 1.7126 4.2322 0.0859 0.3145 52.5481 -1.4570 0.0132
Car 0.0000 0 -1.6521 587.1519 164.6893 614.2597 187.5987 1.6356 1.6879 4.1139 -0.3495 0.5081 52.5957 -1.6569 0.0132
Car 0.0000 0 1.6312 0.0000 182.6966 10.2916 238.7158 1.4122 1.6469 4.0851 -18.1138 1.4828 20.1008 0.9073 0.0131
Car 0.0000 0 1.6192 0.0000 181.1942 9.5713 238.9621 1.4528 1.6463 4.3674 -18.0647 1.4762 20.0479 0.8955 0.0130
Car 0.0000 0 1.5598 0.0000 181.9531 12.8490 237.5256 1.4223 1.6442 4.0889 -18.1801 1.4697 20.2680 0.8382 0.0130
Car 0.0000 0 0.5507 576.5140 164.3976 662.6093 199.0406 1.4798 1.6561 3.5334 0.6212 0.7935 31.8501 0.5719 0.0130
Car 0.0000 0 -1.3712 787.5412 142.8192 828.0237 179.5159 2.3364 1.7391 4.6121 13.6991 -0.0684 47.5912 -1.0908 0.0128
Car 0.0000 0 1.2865 604.2571 163.2592 663.5557 197.8030 1.4514 1.6597 3.7740 1.2100 0.7285 31.7345 1.3261 0.0128
Car 0.0000 0 -2.9107 530.1081 162.1509 622.1806 196.2780 1.5012 1.6774 3.9223 -1.3076 0.6955 32.2967 -2.9489 0.0128
Car 0.0000 0 1.0833 1069.3292 168.5560 1211.2504 225.6792 1.4682 1.5880 3.8152 15.0400 1.1628 20.1717 1.7180 0.0127
Car 0.0000 0 -2.7998 528.8583 163.4713 622.4993 197.6694 1.5130 1.6883 3.9895 -1.3593 0.7611 32.6763 -2.8390 0.0126
Car 0.0000 0 3.0496 523.2391 161.2972 616.2893 196.5931 1.5359 1.6793 4.0533 -1.6439 0.7018 31.8795 3.0005 0.0126
Car 0.0000 0 3.1134 514.6461 159.1038 611.7728 195.4167 1.5857 1.6903 4.2609 -1.9156 0.6528 31.8944 3.0559 0.0125
Car 0.0000 0 3.0288 585.5511 165.0337 640.1747 186.7907 1.5578 1.6778 3.8256 0.5562 0.4517 51.6455 3.0413 0.0123
Car 0.0000 0 -0.2759 583.4452 163.0306 643.7111 185.3504 1.5982 1.6937 4.1251 0.6256 0.3486 51.9758 -0.2621 0.0123
Cyclist 0.0000 0 0.6548 33.2662 173.7459 139.8751 271.5575 1.7510 0.4661 1.6324 -9.4998 1.6317 12.9127 0.0339 0.0123
Car 0.0000 0 -1.3293 0.0000 182.4390 7.7185 239.7089 1.4574 1.5324 3.8905 -18.6103 1.5200 20.2036 -2.0641 0.0123
Car 0.0000 0 -0.2975 584.5045 160.4866 649.1202 183.1581 1.6206 1.7542 4.4315 0.8651 0.1913 51.9891 -0.2790 0.0122
Car 0.0000 0 -1.5987 611.8353 163.7941 651.6846 197.1178 1.4347 1.7097 3.5419 1.1507 0.7169 32.2154 -1.5615 0.0122
Car 0.0000 0 -1.6668 581.0362 164.5310 609.2988 187.7801 1.6587 1.7073 4.2181 -0.7641 0.5207 52.6296 -1.6794 0.0121
Car 0.0000 0 -2.3422 1127.2815 152.9422 1224.0000 215.6260 1.6328 1.6597 3.9460 17.4481 0.9166 20.4394 -1.6416 0.0120
Car 0.0000 0 -1.5346 609.6456 164.1637 649.0689 196.7711 1.4204 1.6850 3.7183 1.1590 0.7102 32.7095 -1.4976 0.0120
Car 0.0000 0 -1.3229 785.7902 145.8417 828.8290 179.3129 2.1271 1.7323 4.4778 13.6304 -0.0824 47.4682 -1.0432 0.0119
Car 0.0000 0 1.8229 0.0000 183.6150 26.0423 234.0936 1.4185 1.5717 3.7467 -19.6824 1.5265 22.1398 1.1050 0.0119
Car 0.0000 0 2.9933 535.1224 162.2781 624.9476 196.5902 1.4923 1.6372 3.8509 -1.1745 0.7013 31.9014 2.9588 0.0118
Car 0.0000 0 -1.1496 556.4445 162.8004 621.7934 198.0415 1.5056 1.6510 3.5725 -0.6803 0.7509 32.1682 -1.1686 0.0118
Car 0.0000 0 -1.2636 571.8104 164.2135 631.3210 197.9468 1.5094 1.7539 3.8393 -0.1145 0.7821 33.7276 -1.2651 0.0118
Car 0.0000 0 -0.0629 587.2703 160.8484 645.8715 183.5585 1.6288 1.7185 4.1816 0.8205 0.2206 51.6593 -0.0452 0.0117
Car 0.0000 0 -1.3018 786.7338 149.0451 830.0025 178.6377 1.8728 1.7047 4.2839 13.6493 -0.1293 47.2993 -1.0207 0.0116
Car 0.0000 0 2.7613 518.0358 158.9640 618.7501 195.6434 1.5507 1.6827 4.1568 -1.6443 0.6417 31.5174 2.7117 0.0116
Car 0.0000 0 -1.8399 1178.4917 154.1545 1224.0000 216.0096 1.6225 1.6354 3.8616 18.3047 0.9330 20.6355 -1.1203 0.0115
Car 0.0000 0 -1.2772 0.0000 187.3620 11.7540 241.7497 1.4237 1.5590 3.3720 -19.0605 1.6455 20.8290 -2.0090 0.0114
Car 0.0000 0 1.7049 0.0000 184.5552 20.2798 235.5670 1.4350 1.6498 4.0586 -19.8815 1.5772 22.3733 0.9872 0.0113
Car 0.0000 0 1.8221 0.0000 183.4686 26.0986 234.1228 1.4284 1.5379 3.7481 -19.6988 1.5315 22.1884 1.1049 0.0113
Car 0.0000 0 -1.5973 574.8640 162.5989 613.2504 197.3861 1.5656 1.7275 3.9418 -0.5925 0.7614 33.8206 -1.6127 0.0112
Car 0.0000 0 -1.3165 0.0000 184.3419 7.1343 239.1314 1.4051 1.5335 3.6211 -18.7531 1.5279 20.3614 -2.0513 0.0112
Car 0.0000 0 2.2387 546.0204 161.2933 626.1155 197.3590 1.5380 1.7154 3.6969 -0.8249 0.7204 32.1396 2.2152 0.0112
Car 0.0000 0 -1.0708 1188.9917 149.9385 1224.0000 213.9101 1.6534 1.7810 4.0929 18.6781 0.8651 19.7580 -0.3199 0.0110
Car 0.0000 0 -2.9918 537.6069 162.0518 622.7952 195.7754 1.4916 1.6953 3.6795 -1.1147 0.6771 32.3249 -3.0240 0.0109
Car 0.0000 0 4.4414 0.0000 0.0000 1224.0000 370.0000 1.6946 1.8211 4.5263 -2.2671 1.6666 -0.1438 2.9513 0.0108
Car 0.0000 0 -1.8587 571.2837 164.3019 609.2227 187.9059 1.6789 1.7169 4.1239 -1.1333 0.5281 52.5103 -1.8783 0.0107
Car 0.0000 0 -3.0371 0.0000 0.0000 1224.0000 370.0000 1.5041 1.5950 3.4843 5.9631 1.5116 0.1174 -1.5386 0.0106
Car 0.0000 0 2.0859 543.5226 159.8293 617.6686 196.7326 1.5291 1.6498 3.7401 -1.0347 0.6741 31.3303 2.0552 0.0106
Pedestrian 0.0000 0 1.2229 1115.0287 179.3605 1222.1721 370.0000 1.5548 0.4062 0.6859 4.1830 1.5485 5.3466 1.8602 0.0106
Car 0.0000 0 -1.8452 605.5258 162.7022 662.6282 196.3457 1.4330 1.6494 3.6701 1.2367 0.6764 32.0874 -1.8052 0.0105
Car 0.0000 0 2.0691 550.1360 162.9278 621.3336 197.7290 1.4744 1.6746 3.6418 -0.8274 0.7314 31.9521 2.0454 0.0104
Car 0.0000 0 -1.7555 579.2120 165.7338 611.6617 188.5906 1.6290 1.6992 4.0311 -0.7443 0.5779 52.5280 -1.7678 0.0103
Car 0.0000 0 -1.3905 782.9509 143.7098 822.5863 180.6471 2.3601 1.7744 4.6029 13.3719 0.0107 47.6281 -1.1167 0.0103
Car 0.0000 0 -1.9506 0.0000 0.0000 1224.0000 370.0000 1.4332 1.5956 4.3372 11.0012 1.0860 0.9711 -0.4955 0.0102
Car 0.0000 0 -1.0723 554.7242 163.2565 625.2064 198.7331 1.5207 1.6934 3.6126 -0.6450 0.7831 32.2965 -1.0902 0.0101
Car 0.0000 0 3.0422 583.7533 166.8777 641.6698 188.2433 1.5290 1.7222 4.0785 0.5419 0.5554 51.6304 3.0544 0.0101
Pedestrian 0.0000 0 1.4431 219.4119 164.5610 262.7273 294.8178 1.7077 0.4448 0.7373 -5.0460 1.5004 9.6947 0.9783 0.0100
Car 0.0000 0 -1.1574 590.0407 161.3958 632.8651 184.5248 1.6398 1.6842 4.0360 0.5301 0.2866 52.3091 -1.1454 0.0100
Car 0.0000 0 -2.9310 0.0000 0.0000 1224.0000 370.0000 1.5613 1.5313 3.4565 6.0516 1.5853 0.0477 -1.4200 0.0099
Car 0.0000 0 -2.9290 0.0000 0.0000 1224.0000 370.0000 1.5318 1.5149 3.4190 6.0610 1.5744 0.0195 -1.4132 0.0098
Car 0.0000 0 -2.1170 1155.0247 152.7666 1224.0000 216.2176 1.6470 1.7057 3.7940 17.8998 0.9287 20.3610 -1.4020 0.0098
Car 0.0000 0 -2.4555 0.0000 0.0000 1224.0000 370.0000 1.4305 1.6069 3.8834 9.9610 1.3737 0.3315 -0.9489 0.0098
Car 0.0000 0 3.1429 512.2516 159.2517 609.8964 195.5249 1.5868 1.6823 4.2810 -1.9900 0.6588 31.8911 3.0831 0.0098
Car 0.0000 0 0.2022 567.3701 167.0850 647.2225 199.1588 1.4022 1.6345 3.3599 0.1109 0.8172 32.0524 0.2075 0.0097
Car 0.0000 0 1.0742 0.0000 0.0000 1224.0000 370.0000 1.4124 1.5119 4.0233 11.2638 1.0972 1.4075 2.4940 0.0097
Car 0.0000 0 -2.9753 0.0000 0.0000 1224.0000 370.0000 1.4857 1.4948 3.3453 6.0818 1.5199 -0.0092 -1.4547 0.0096
Car 0.0000 0 -1.0464 0.0000 182.6220 17.5367 237.4845 1.4301 1.5216 3.5846 -19.0085 1.4988 20.4857 -1.7849 0.0096
Cyclist 0.0000 0 0.0933 0.0000 0.0000 1224.0000 370.0000 1.6307 0.5151 1.7036 -1.8203 1.7570 0.3270 -1.1331 0.0096
Car 0.0000 0 -0.1092 549.7284 166.7397 644.0878 200.5363 1.5290 1.8067 4.2494 -0.4395 0.9079 33.1352 -0.1205 0.0095
Car 0.0000 0 -2.9196 509.0887 159.0771 611.5010 195.2290 1.5914 1.6815 4.4077 -2.0270 0.6498 32.3046 -2.9797 0.0095
Pedestrian 0.0000 0 -1.8646 121.1348 169.4668 168.3925 269.9044 1.7358 0.5236 0.7378 -8.2851 1.5467 12.6534 -2.4311 0.0094
Car 0.0000 0 -1.8968 743.7271 152.0926 782.0971 179.2362 2.1545 1.8051 4.3321 13.0433 -0.1075 58.5763 -1.6771 0.0094
Pedestrian 0.0000 0 1.7043 1120.3859 178.5165 1201.2927 370.0000 1.5632 0.4127 0.7223 4.1825 1.5510 5.3749 2.3392 0.0094
Car 0.0000 0 2.9340 509.4094 158.9569 613.5623 195.2449 1.5470 1.6781 4.3847 -1.9769 0.6301 31.5261 2.8740 0.0094
Car 0.0000 0 -2.8016 527.8044 162.6656 622.3541 196.9553 1.5161 1.6745 4.0359 -1.3864 0.7290 32.6530 -2.8417 0.0094
Car 0.0000 0 -3.4937 1113.5037 157.2562 1224.0000 217.3602 1.5786 1.6465 3.9772 16.9984 0.9697 20.0139 -2.7957 0.0093
Car 0.0000 0 -0.0726 589.4500 162.9414 676.1261 197.1724 1.5117 1.7154 3.8207 1.1962 0.7378 32.1423 -0.0338 0.0093
Car 0.0000 0 -1.7547 0.0000 0.0000 1224.0000 370.0000 1.3434 1.5184 3.6357 10.7176 1.3374 -0.2152 -0.1925 0.0092
Car 0.0000 0 0.6142 582.2206 164.2687 670.0403 198.9929 1.4646 1.5826 3.6768 0.8944 0.7815 31.5537 0.6441 0.0092
Car 0.0000 0 2.3504 528.7150 158.2364 618.0561 195.9918 1.5550 1.5856 3.9795 -1.3526 0.6395 31.1213 2.3094 0.0092
Car 0.0000 0 1.3042 599.7853 165.1719 656.2673 200.6441 1.4727 1.6109 3.5513 0.9370 0.8378 31.2647 1.3358 0.0092
Car 0.0000 0 2.6166 518.5496 157.5006 619.4417 194.9987 1.5609 1.6519 4.1907 -1.5802 0.6050 31.2563 2.5686 0.0091
Car 0.0000 0 2.8977 513.6942 158.1962 614.9880 194.7382 1.5584 1.6513 4.2424 -1.8464 0.6087 31.5632 2.8418 0.0091
Car 0.0000 0 -0.3251 1116.9983 154.3149 1224.0000 214.8412 1.6084 1.6234 4.0201 17.3069 0.9142 20.2759 0.3753 0.0091
Cyclist 0.0000 0 0.7716 0.0000 0.0000 1224.0000 370.0000 1.6375 0.5933 1.7637 -1.3701 1.7133 0.4307 -0.2948 0.0090
Car 0.0000 0 -0.0377 0.0000 0.0000 1224.0000 370.0000 1.5286 1.6369 3.9895 -27.9993 1.5191 0.4345 -1.5798 0.0090
Car 0.0000 0 0.0424 0.0000 0.0000 1224.0000 370.0000 1.4866 1.6108 3.8748 -27.9945 1.5454 0.6080 -1.4935 0.0090
Pedestrian 0.0000 0 1.6687 1100.9913 186.2739 1166.1176 370.0000 1.4639 0.3764 0.6478 4.2032 1.5151 5.6811 2.2811 0.0089
Car 0.0000 0 -1.1673 0.0000 181.1625 11.0143 237.3311 1.4644 1.4651 3.5592 -18.8916 1.4868 20.3948 -1.9050 0.0089
Car 0.0000 0 -1.0348 0.0000 176.5241 36.0153 235.5392 1.5784 1.7341 3.8660 -19.0511 1.4737 20.9691 -1.7630 0.0089
Car 0.0000 0 0.1599 0.0000 0.0000 1224.0000 370.0000 1.3434 1.4766 3.6913 14.7808 1.3667 0.2759 1.6916 0.0089
Car 0.0000 0 2.6527 510.1747 157.4591 616.2951 194.5983 1.5398 1.6593 4.4056 -1.8285 0.5860 31.1605 2.5967 0.0089
Car 0.0000 0 1.1421 595.0090 161.5167 664.7910 198.9990 1.5380 1.6383 3.7691 1.0037 0.7606 31.0619 1.1759 0.0088
Pedestrian 0.0000 0 -1.1283 1173.3951 152.5639 1209.5002 219.9406 1.7370 0.5121 0.6322 15.3845 1.0184 18.5901 -0.4437 0.0087
Car 0.0000 0 -2.2772 1126.4698 152.1917 1224.0000 216.0133 1.6728 1.6946 4.0549 17.4901 0.9324 20.5611 -1.5783 0.0087
Car 0.0000 0 0.3336 583.7891 164.1458 665.8854 197.6597 1.4483 1.5517 3.3782 0.8827 0.7430 31.8752 0.3629 0.0087
Car 0.0000 0 -3.7136 1147.2893 153.8214 1224.0000 214.9948 1.6202 1.6127 3.7288 17.7047 0.9152 19.7995 -2.9903 0.0086
Car 0.0000 0 3.7417 0.0000 179.4623 27.2058 223.5360 1.5118 1.7036 4.1162 -23.6153 1.4778 25.3816 3.0003 0.0085
Car 0.0000 0 -1.3252 780.6812 146.8341 824.3124 179.7709 2.0981 1.7889 4.4800 13.3253 -0.0502 47.5299 -1.0517 0.0084
Car 0.0000 0 -0.9185 551.3781 164.5170 630.2983 200.2537 1.5356 1.6866 3.7402 -0.6110 0.8503 32.3820 -0.9353 0.0084
Car 0.0000 0 -1.5027 782.3362 144.4239 814.9146 179.9786 2.2683 1.8139 4.4963 13.0791 -0.0356 47.5968 -1.2344 0.0083
Car 0.0000 0 -0.2072 0.0000 0.0000 1224.0000 370.0000 1.4727 1.6119 4.0752 -27.5738 1.5977 0.4713 -1.7476 0.0082
Car 0.0000 0 1.6488 727.0309 157.7249 752.3641 180.8017 1.8737 1.8094 3.6688 11.3633 0.0257 59.4113 1.8386 0.0082
Car 0.0000 0 -0.0205 0.0000 0.0000 1224.0000 370.0000 1.5335 1.6138 3.9345 -28.4251 1.4558 0.6656 -1.5549 0.0082
Car 0.0000 0 -1.9842 825.5887 147.5320 893.0938 186.0093 1.9200 1.7751 4.2965 13.3739 0.2763 37.4820 -1.6423 0.0082
Car 0.0000 0 1.3952 593.9138 167.3084 645.3766 201.6103 1.4365 1.6761 3.6504 0.5730 0.8855 31.5374 1.4150 0.0081
Car 0.0000 0 -1.1123 558.0570 162.9205 628.4384 199.1561 1.5758 1.7109 3.9144 -0.4948 0.8128 32.8786 -1.1254 0.0081
Pedestrian 0.0000 0 -0.0876 0.0000 0.0000 1224.0000 370.0000 1.7112 0.5893 0.6786 -1.7985 1.6174 0.0569 -1.4481 0.0081
Car 0.0000 0 -0.2331 0.0000 0.0000 1224.0000 370.0000 1.5020 1.6173 3.9793 -27.5877 1.5275 0.5303 -1.7713 0.0081
Car 0.0000 0 2.7573 503.2681 158.3080 611.5803 195.4545 1.5438 1.6729 4.4519 -2.0967 0.6230 31.0997 2.6927 0.0081
Car 0.0000 0 1.3097 591.1788 165.8807 648.8134 200.4607 1.4432 1.6588 3.7106 0.5834 0.8346 31.5045 1.3299 0.0081
Car 0.0000 0 1.5191 0.0000 0.0000 1224.0000 370.0000 1.4019 1.4379 3.4511 15.0727 1.4206 -0.0488 3.0732 0.0080
Car 0.0000 0 1.3359 591.3168 166.8750 645.6977 201.2499 1.4417 1.6408 3.5437 0.5237 0.8717 31.5557 1.3542 0.0080
Car 0.0000 0 3.5609 0.0000 173.8113 22.4311 221.1543 1.5834 1.7104 4.1772 -23.6543 1.3612 25.1244 2.8137 0.0080
Car 0.0000 0 1.9722 553.2335 163.5516 619.5265 199.0728 1.4861 1.6673 3.6313 -0.7863 0.7785 31.5704 1.9494 0.0080
Car 0.0000 0 -1.0278 555.8096 163.0048 629.9207 198.6234 1.5366 1.7037 3.7719 -0.5142 0.7833 32.5555 -1.0416 0.0080
Car 0.0000 0 -1.2816 780.9811 150.4505 826.9005 178.7562 1.7933 1.7904 4.3743 13.3853 -0.1214 47.4055 -1.0063 0.0080
Car 0.0000 0 -0.2120 0.0000 0.0000 1224.0000 370.0000 1.4724 1.5835 3.7649 -27.5539 1.5186 0.5819 -1.7483 0.0080
Car 0.0000 0 -1.1392 0.0000 180.0179 12.1613 238.3068 1.4898 1.5236 3.9124 -18.8267 1.4791 20.1620 -1.8807 0.0079
Car 0.0000 0 -0.1151 582.6434 167.0359 675.4153 200.2060 1.4708 1.8586 4.0651 1.0344 0.8752 32.4379 -0.0817 0.0079
Car 0.0000 0 -2.0926 1146.0336 152.9236 1224.0000 216.6325 1.6671 1.6607 4.0803 17.8692 0.9471 20.6545 -1.3853 0.0079
Car 0.0000 0 -0.1298 0.0000 0.0000 1224.0000 370.0000 1.5387 1.6419 4.1775 -28.4481 1.4506 0.4968 -1.6702 0.0079
Car 0.0000 0 0.0305 552.6816 166.9233 640.7119 200.2152 1.4700 1.7301 3.8938 -0.3714 0.8720 32.1204 0.0209 0.0078
Car 0.0000 0 2.5474 523.5058 157.9684 618.1848 195.2626 1.5494 1.6091 3.9474 -1.4914 0.6148 31.1936 2.5021 0.0078
Car 0.0000 0 -1.7314 562.5429 161.8949 611.3187 197.9434 1.5938 1.6804 3.9841 -0.9321 0.7727 33.3681 -1.7572 0.0078
Car 0.0000 0 -0.3997 0.0000 0.0000 1224.0000 370.0000 1.4485 1.6293 4.0812 -27.2172 1.7043 0.4708 -1.9398 0.0077
Car 0.0000 0 -0.0400 555.8752 167.4438 645.8419 199.6951 1.4133 1.7475 3.9572 -0.2361 0.8426 31.9416 -0.0454 0.0076
Car 0.0000 0 1.3744 600.2141 165.8784 652.5829 201.6967 1.4955 1.6618 3.5227 0.8713 0.8865 31.3905 1.4037 0.0076
Cyclist 0.0000 0 -2.0233 968.2737 166.5977 1030.1760 247.7028 1.5239 0.4279 1.5434 7.7661 1.2644 14.0606 -1.5265 0.0076
Car 0.0000 0 2.0057 563.0596 164.0989 626.0640 198.0658 1.4675 1.6337 3.3252 -0.4441 0.7604 32.3938 1.9940 0.0076
Car 0.0000 0 1.5174 588.6641 166.1903 612.8074 188.1001 1.5654 1.5855 3.9555 -0.3420 0.5443 52.5334 1.5128 0.0075
Pedestrian 0.0000 0 1.6684 217.3005 165.5769 259.3293 295.4349 1.7018 0.4378 0.6944 -5.0504 1.5079 9.6640 1.2020 0.0075
Car 0.0000 0 -0.1003 580.6771 165.3990 662.6995 198.7580 1.4654 1.6498 3.5640 0.6971 0.8035 32.0130 -0.0768 0.0075
Car 0.0000 0 -1.6332 607.5153 167.0831 649.5154 199.2139 1.3885 1.7041 3.3320 1.0051 0.8102 32.2398 -1.6004 0.0074
Car 0.0000 0 -1.5333 607.1962 164.3436 645.5525 196.4847 1.4521 1.6945 3.6064 1.0525 0.7236 33.7966 -1.5006 0.0074
Cyclist 0.0000 0 -0.1759 198.7083 0.0000 1224.0000 370.0000 1.6674 0.4649 1.7930 -1.0525 1.6789 0.4709 -1.0986 0.0074
Pedestrian 0.0000 0 -1.6646 987.2748 164.0533 1025.2706 245.7298 1.5552 0.5917 0.5480 7.7981 1.2437 13.8278 -1.1592 0.0074
Car 0.0000 0 -1.9059 549.7335 161.6737 609.8239 196.9724 1.5577 1.6231 3.9324 -1.2714 0.7284 33.3225 -1.9417 0.0073
Car 0.0000 0 2.0186 553.2903 165.2942 620.6861 199.7098 1.4521 1.6187 3.6191 -0.7670 0.8120 31.8090 1.9966 0.0072
Car 0.0000 0 0.2006 566.5743 166.5168 645.2330 199.6512 1.4515 1.6147 3.3150 0.0476 0.8404 32.0938 0.2039 0.0072
Car 0.0000 0 1.3629 601.1511 165.2977 653.1445 199.9361 1.4705 1.6528 3.4844 0.9218 0.8266 31.8711 1.3934 0.0072
Car 0.0000 0 -0.4035 0.0000 0.0000 1224.0000 370.0000 1.4786 1.6651 4.0259 -27.1917 1.6263 0.5565 -1.9404 0.0072
Car 0.0000 0 -0.0480 0.0000 0.0000 1224.0000 370.0000 1.4269 1.6012 3.6823 -27.9980 1.6500 0.8120 -1.5767 0.0072
Car 0.0000 0 0.1128 538.9487 165.2549 628.3017 198.1252 1.4561 1.6119 3.9208 -0.9545 0.7822 32.2860 0.0854 0.0072
Pedestrian 0.0000 0 -1.7101 986.5854 163.1858 1025.9828 245.8215 1.5729 0.5909 0.5690 7.7959 1.2450 13.8243 -1.2047 0.0071
Car 0.0000 0 -0.1548 0.0000 0.0000 1224.0000 370.0000 1.5122 1.7422 4.0687 -30.8765 1.7040 -0.3170 -1.7238 0.0071
Car 0.0000 0 1.4564 582.2385 168.4234 607.7227 190.1317 1.5483 1.4929 3.5127 -0.7629 0.6883 52.2610 1.4437 0.0071
Car 0.0000 0 -2.6645 526.9716 163.3359 621.6157 197.4254 1.5164 1.6908 4.1069 -1.4609 0.7544 33.0790 -2.7064 0.0071
Car 0.0000 0 0.6019 577.5875 165.5701 659.9766 199.3227 1.4355 1.5833 3.3926 0.5786 0.8020 31.6981 0.6218 0.0071
Car 0.0000 0 2.4590 540.0892 163.1516 623.9555 198.4378 1.4896 1.6147 3.5151 -1.0147 0.7587 31.6027 2.4291 0.0070
Car 0.0000 0 2.0279 530.6256 155.6631 607.4405 194.1344 1.5220 1.5789 4.1940 -1.4707 0.5409 30.2060 1.9817 0.0070
Car 0.0000 0 -0.4004 0.0000 0.0000 1224.0000 370.0000 1.4635 1.6191 3.8348 -27.2179 1.6142 0.6245 -1.9348 0.0069
Car 0.0000 0 1.9805 552.2418 163.5875 620.3904 200.2852 1.5327 1.7144 3.6693 -0.7869 0.8278 31.5473 1.9576 0.0069
Car 0.0000 0 0.1635 0.0000 0.0000 1224.0000 370.0000 1.6396 1.6790 3.4816 -3.5920 1.6864 0.7477 -1.1160 0.0069
Car 0.0000 0 -0.0234 0.0000 0.0000 1224.0000 370.0000 1.4381 1.5782 3.8872 -28.4348 1.5772 1.0865 -1.5430 0.0069
Car 0.0000 0 1.7975 564.3516 167.4466 620.1017 201.4445 1.4288 1.6986 3.7292 -0.5274 0.8817 31.7107 1.7829 0.0069
Car 0.0000 0 2.3243 534.6811 161.2988 617.5776 197.5793 1.5082 1.5696 3.6807 -1.2465 0.7115 31.2902 2.2868 0.0069
Car 0.0000 0 2.4584 541.7935 164.2428 627.3302 199.1097 1.4730 1.6436 3.5982 -0.9015 0.7877 31.6617 2.4321 0.0068
Car 0.0000 0 0.1954 636.2783 156.4019 711.9366 186.1806 1.6608 1.7255 4.0930 3.9980 0.3182 40.8474 0.2941 0.0068
Car 0.0000 0 3.1988 0.0000 0.0000 1224.0000 370.0000 1.4666 1.5984 4.0008 -23.5646 1.9611 0.9191 1.6822 0.0068
Car 0.0000 0 1.4264 745.5542 156.8410 774.5054 180.6500 1.9202 1.8087 3.9480 12.9238 0.0133 59.0527 1.6425 0.0068
Car 0.0000 0 0.6405 574.8339 165.3285 662.9728 199.3314 1.4412 1.6873 3.6785 0.5766 0.7997 31.7583 0.6604 0.0068
Car 0.0000 0 -2.9424 542.5504 165.1066 632.5902 198.2412 1.5109 1.6925 3.9987 -0.8104 0.8105 33.4213 -2.9646 0.0067
Car 0.0000 0 0.0226 542.8169 165.0448 634.7347 199.4906 1.5424 1.7531 4.1166 -0.7446 0.8518 32.5361 0.0018 0.0067
Car 0.0000 0 -0.3640 0.0000 0.0000 1224.0000 370.0000 1.4479 1.6255 3.8097 -27.2308 1.6750 0.7294 -1.8945 0.0067
Car 0.0000 0 1.7447 590.5060 163.9595 621.3633 186.0705 1.5753 1.6200 3.9846 0.1167 0.3982 52.4727 1.7488 0.0067
Car 0.0000 0 0.3922 0.0000 0.0000 1224.0000 370.0000 1.3235 1.4376 3.3324 14.3934 1.4173 -0.0872 1.9481 0.0067
Car 0.0000 0 -0.2407 0.0000 0.0000 1224.0000 370.0000 1.5395 1.6330 4.0991 -28.7782 1.4476 0.6954 -1.7745 0.0067
Car 0.0000 0 -0.1277 0.0000 0.0000 1224.0000 370.0000 1.4856 1.7406 3.8571 -30.8449 1.7790 -0.2934 -1.6960 0.0067
Car 0.0000 0 -0.1548 0.0000 0.0000 1224.0000 370.0000 1.4191 1.5994 3.6665 -27.5776 1.6087 0.6538 -1.6886 0.0067
Car 0.0000 0 -2.9428 0.0000 0.0000 1224.0000 370.0000 1.3408 1.5052 3.2646 14.7530 1.3958 0.1444 -1.4022 0.0067
Car 0.0000 0 -1.8744 549.2458 159.8937 608.4322 195.3996 1.5522 1.6453 3.9830 -1.3078 0.6528 33.0563 -1.9116 0.0066
Car 0.0000 0 0.1458 0.0000 0.0000 1224.0000 370.0000 1.5837 1.6577 3.3379 -3.8529 1.6563 0.7254 -1.1576 0.0066
Car 0.0000 0 0.1232 563.7794 167.2924 640.8791 200.8329 1.4699 1.6585 3.3105 -0.1059 0.8925 32.0051 0.1218 0.0066
Car 0.0000 0 1.3144 0.0000 186.5883 13.8067 236.1624 1.4025 1.6043 3.9230 -20.3165 1.6100 22.1744 0.5816 0.0066
Car 0.0000 0 -1.3228 791.8798 148.2066 835.0377 179.0273 1.9511 1.7513 4.3669 13.9925 -0.1021 47.3032 -1.0351 0.0065
Pedestrian 0.0000 0 -2.0259 977.9828 163.4178 1024.8207 243.7145 1.5548 0.5918 0.6244 7.8051 1.2257 14.0114 -1.5255 0.0065
Car 0.0000 0 0.8174 1218.2944 153.8190 1224.0000 217.3450 1.4801 1.6435 3.7173 18.2898 0.8601 18.3458 1.5942 0.0065
Car 0.0000 0 -1.6884 546.7584 160.3641 592.5870 196.3708 1.5717 1.6737 3.9867 -1.7240 0.6942 32.9623 -1.7382 0.0065
Car 0.0000 0 3.1704 0.0000 0.0000 1224.0000 370.0000 1.5067 1.6054 3.9213 -23.5690 1.9892 0.6844 1.6439 0.0064
Car 0.0000 0 2.0559 545.1346 159.8730 615.0294 196.7510 1.5212 1.5031 3.7396 -1.0519 0.6718 31.1703 2.0245 0.0064
Car 0.0000 0 1.4486 597.1872 166.1499 642.3834 201.1153 1.4534 1.5735 3.4978 0.5797 0.8584 31.2041 1.4689 0.0064
Car 0.0000 0 -1.3810 1208.4750 155.3782 1224.0000 217.9573 1.6361 1.6935 3.9630 19.0027 0.9809 20.3378 -0.6357 0.0064
Car 0.0000 0 1.9894 700.0858 162.8244 777.3548 203.0378 1.4746 1.5766 3.8404 5.3242 0.8279 27.9483 2.1774 0.0064
Car 0.0000 0 0.7170 0.0000 0.0000 1224.0000 370.0000 1.4079 1.5246 3.6506 11.7094 1.1064 1.3455 2.1477 0.0064
Car 0.0000 0 0.0171 574.2094 167.3873 649.8985 200.3576 1.4563 1.6758 3.3487 0.3136 0.8786 32.1116 0.0286 0.0063
Car 0.0000 0 -1.7558 1192.0073 155.2174 1224.0000 216.0316 1.5912 1.6447 3.3500 18.2590 0.9313 20.3544 -1.0307 0.0063
Car 0.0000 0 -1.8808 539.6576 159.7847 599.5517 196.3520 1.5807 1.6540 3.8838 -1.7183 0.6867 32.6681 -1.9309 0.0062
Car 0.0000 0 -0.0375 568.8691 168.5807 653.7441 199.8951 1.4284 1.6544 3.8806 0.2497 0.8861 33.1274 -0.0282 0.0062
Pedestrian 0.0000 0 2.0740 1172.5081 153.8285 1210.5154 219.3063 1.6862 0.5062 0.6789 15.3646 1.0009 18.5646 2.7586 0.0062
Car 0.0000 0 -2.8238 533.7963 165.0788 629.9305 199.2319 1.5032 1.7563 4.0772 -1.0650 0.8260 32.5355 -2.8543 0.0062
Car 0.0000 0 1.9337 552.9625 162.0966 616.9094 197.9643 1.4850 1.6037 3.7281 -0.8405 0.7246 31.2932 1.9090 0.0061
Car 0.0000 0 2.9442 0.0000 0.0000 1224.0000 370.0000 1.4870 1.6446 4.0207 -23.8041 1.9845 0.7442 1.4197 0.0061
Car 0.0000 0 -1.6340 566.5180 160.6769 607.1675 196.5751 1.5786 1.6534 3.9416 -0.9225 0.7084 33.1232 -1.6597 0.0060
Car 0.0000 0 1.2547 0.0000 185.7302 16.8897 235.7492 1.4257 1.6045 3.9055 -20.3355 1.6036 22.1650 0.5212 0.0060
Car 0.0000 0 -1.4307 1202.5662 152.8131 1224.0000 215.5909 1.6313 1.6714 4.3149 18.7742 0.9134 20.3890 -0.6926 0.0059
Car 0.0000 0 -1.2045 1209.0343 155.4264 1224.0000 216.2494 1.5856 1.6613 3.6395 18.9890 0.9335 19.9667 -0.4505 0.0059
Car 0.0000 0 -0.9658 553.5071 164.2119 628.5084 199.0294 1.4937 1.6951 3.5624 -0.6038 0.7964 32.2791 -0.9824 0.0059
Car 0.0000 0 4.2077 0.0000 0.0000 1224.0000 370.0000 1.6065 1.6682 4.2806 -3.0469 1.6569 0.4800 2.8964 0.0059
Pedestrian 0.0000 0 2.9413 50.3485 177.6705 90.3788 275.2865 1.7391 0.4870 0.5021 -9.8321 1.6903 12.9410 2.3050 0.0058
Car 0.0000 0 -1.3404 558.4976 161.1493 612.4930 198.1258 1.6061 1.6985 3.6509 -0.8577 0.7670 32.6663 -1.3645 0.0058
Car 0.0000 0 -1.9944 1160.0055 154.1841 1224.0000 215.6897 1.6215 1.6730 3.9497 18.1847 0.9293 20.7664 -1.2811 0.0058
Car 0.0000 0 1.5927 186.0309 199.0334 236.1851 242.7074 1.4476 1.5772 3.6580 -15.0561 2.2117 27.1025 1.0920 0.0058
Car 0.0000 0 0.2110 0.0000 0.0000 1224.0000 370.0000 1.5412 1.7991 4.0543 -31.2702 1.7683 0.1187 -1.3440 0.0058
Car 0.0000 0 -1.1121 0.0000 178.0924 12.0043 238.6523 1.5448 1.5130 3.9472 -18.8640 1.4850 20.1375 -1.8552 0.0058
Car 0.0000 0 -1.8196 0.0000 0.0000 1224.0000 370.0000 1.4101 1.6126 4.0243 16.0624 1.1428 0.4738 -0.2969 0.0058
Car 0.0000 0 -4.6262 0.0000 0.0000 1224.0000 370.0000 1.3788 1.5326 3.9355 16.1870 1.2616 0.0637 -3.0778 0.0058
Car 0.0000 0 -2.6902 524.9844 162.8642 621.2134 197.1308 1.5234 1.6872 4.1741 -1.5117 0.7408 33.0310 -2.7336 0.0057
Car 0.0000 0 -1.5005 1206.5587 155.1438 1224.0000 217.4988 1.6306 1.6264 3.6840 18.5833 0.9691 20.3478 -0.7666 0.0057
Car 0.0000 0 1.3874 479.8510 182.0676 568.5820 243.2845 1.3350 1.4985 3.8451 -2.1477 1.3801 17.5771 1.2698 0.0057
Cyclist 0.0000 0 -2.1709 958.1317 166.8463 1026.4199 244.0632 1.4983 0.4205 1.5377 7.8686 1.2350 14.5021 -1.6812 0.0057
Car 0.0000 0 -1.7712 542.0297 160.2433 593.3599 196.2784 1.5488 1.6230 3.8010 -1.7889 0.6796 32.4278 -1.8239 0.0056
Car 0.0000 0 0.2567 0.0000 0.0000 1224.0000 370.0000 1.5637 1.7534 4.0371 -2.2314 1.5163 -0.0537 -1.1917 0.0056
Pedestrian 0.0000 0 2.6173 673.0101 161.0729 702.6180 232.9104 1.8039 0.5624 0.5444 2.0824 1.3177 18.1161 2.7315 0.0056
Car 0.0000 0 1.7464 190.1774 198.6574 255.8447 242.0984 1.4512 1.5827 3.7305 -14.6938 2.2063 27.3201 1.2591 0.0056
Car 0.0000 0 -1.8719 1173.0547 153.3658 1224.0000 217.0441 1.6663 1.6535 4.0237 18.2689 0.9578 20.6707 -1.1541 0.0055
Car 0.0000 0 1.6949 190.9383 199.6887 251.0454 242.9171 1.4337 1.5684 3.6644 -14.7175 2.2276 27.2030 1.2053 0.0055
Car 0.0000 0 -1.3610 673.2953 148.8417 717.3429 184.2705 1.9565 1.7152 4.1846 5.3221 0.2096 41.2995 -1.2319 0.0055
Car 0.0000 0 0.8146 0.0000 0.0000 1224.0000 370.0000 1.3897 1.4916 3.6956 11.4771 1.1020 1.2688 2.2490 0.0055
Car 0.0000 0 -1.9338 546.2910 159.7733 610.3549 195.9756 1.5738 1.6705 3.9756 -1.3269 0.6742 32.8874 -1.9718 0.0055
Car 0.0000 0 0.2364 629.8894 156.3581 707.7698 187.1724 1.7189 1.7641 4.1954 3.6984 0.3736 40.9457 0.3277 0.0055
Car 0.0000 0 1.4586 597.9542 165.7393 647.9554 201.1609 1.4898 1.8095 3.9246 0.7213 0.8705 31.7675 1.4830 0.0055
Car 0.0000 0 1.9187 191.3260 201.2887 270.4716 245.0092 1.4594 1.5614 3.5395 -14.3249 2.3159 27.2180 1.4404 0.0055
Car 0.0000 0 -4.4248 0.0000 0.0000 1224.0000 370.0000 1.4134 1.4745 3.8651 16.1426 1.1970 -0.1986 -2.8603 0.0055
Car 0.0000 0 -2.1013 1147.2651 154.1357 1224.0000 216.8240 1.6421 1.6353 3.9926 17.8617 0.9531 20.6252 -1.3935 0.0054
Car 0.0000 0 2.0735 698.3833 164.1188 783.2433 203.9445 1.4482 1.6338 3.8044 5.3518 0.8540 27.6901 2.2641 0.0054
Car 0.0000 0 -4.4363 0.0000 0.0000 1224.0000 370.0000 1.4112 1.5195 4.1870 16.2757 1.1767 -0.1803 -2.8728 0.0054
Car 0.0000 0 -1.9204 1199.1312 150.6305 1224.0000 215.8519 1.6909 1.6983 4.0870 19.0928 0.9181 20.5388 -1.1776 0.0053
Car 0.0000 0 -2.3393 1123.8259 154.0560 1224.0000 217.1215 1.6481 1.6493 4.0618 17.4655 0.9586 20.5560 -1.6410 0.0053
Car 0.0000 0 0.0080 595.4473 166.0912 685.2077 199.1723 1.4744 1.7959 4.0103 1.6062 0.8337 32.5211 0.0587 0.0053
Car 0.0000 0 2.1652 193.1262 200.1610 291.7175 243.9598 1.4670 1.5625 3.7274 -13.9434 2.2840 27.3745 1.7001 0.0053
Car 0.0000 0 -0.7563 0.0000 187.7691 110.8900 235.9347 1.4309 1.6330 4.1545 -19.1462 1.6998 23.8294 -1.4250 0.0052
Car 0.0000 0 -0.3137 0.0000 0.0000 126.9595 370.0000 1.9431 1.7753 3.5033 -3.9887 1.7397 2.3922 -1.2852 0.0052
Car 0.0000 0 -2.6769 0.0000 0.0000 1224.0000 370.0000 1.4025 1.7390 4.0832 10.4988 1.4536 -0.0768 -1.1281 0.0052
Car 0.0000 0 0.7071 0.0000 0.0000 1224.0000 370.0000 1.5237 1.6572 3.8391 -31.5926 1.8257 -0.1769 -0.8574 0.0052
Car 0.0000 0 -2.5892 1109.1392 155.2700 1224.0000 217.3450 1.6065 1.6834 4.0090 17.1626 0.9551 20.4615 -1.8973 0.0051
Car 0.0000 0 -0.1636 542.9836 167.6714 634.5305 200.1799 1.4594 1.6588 4.0459 -0.8027 0.8849 32.9249 -0.1859 0.0051
Car 0.0000 0 -1.5433 605.4380 166.7321 643.6017 199.5407 1.4150 1.6436 3.2180 0.9109 0.8227 32.1435 -1.5134 0.0051
Car 0.0000 0 1.2466 582.7864 166.6948 640.5342 199.7667 1.3896 1.5803 3.3729 0.2223 0.8110 31.5527 1.2555 0.0051
Cyclist 0.0000 0 -1.3700 249.7357 175.8361 308.9114 283.8714 1.5452 0.4800 1.7569 -5.0852 1.4802 11.0177 -1.7897 0.0051
Pedestrian 0.0000 0 3.0456 52.1984 179.1747 89.2596 276.4320 1.7328 0.4911 0.5016 -9.8279 1.7109 12.9429 2.4095 0.0051
Car 0.0000 0 0.7936 0.0000 0.0000 1224.0000 370.0000 1.3578 1.4702 3.3555 11.7161 1.0958 1.3965 2.2201 0.0051
Car 0.0000 0 -1.5136 543.2604 159.9230 583.3953 196.2038 1.5486 1.5920 3.8842 -1.8569 0.6718 32.1183 -1.5688 0.0051
Car 0.0000 0 -1.2422 545.9678 159.3979 607.3210 195.8792 1.5571 1.6376 3.8383 -1.2425 0.6579 32.2473 -1.2784 0.0051
Car 0.0000 0 -4.5248 0.0000 0.0000 1224.0000 370.0000 1.3362 1.4056 3.4124 15.4506 1.4497 -0.0918 -2.9675 0.0051
Car 0.0000 0 2.6504 0.0000 0.0000 1224.0000 370.0000 1.5133 1.7173 4.3627 -24.0521 1.9105 0.8297 1.1290 0.0050
Pedestrian 0.0000 0 1.2189 248.0747 172.3331 300.2777 302.3776 1.7084 0.4053 0.7969 -4.5983 1.6028 9.7094 0.7908 0.0050
Car 0.0000 0 0.4739 0.0000 0.0000 1224.0000 370.0000 1.5153 1.7566 4.0561 -31.5677 1.7450 0.1262 -1.0811 0.0049
Car 0.0000 0 -0.4160 538.7423 164.5244 627.7249 197.7991 1.4337 1.5758 3.7007 -0.9978 0.7468 31.9663 -0.4449 0.0049
Car 0.0000 0 0.7093 144.9170 197.5986 269.6496 240.1324 1.4703 1.6617 3.9839 -14.9723 2.1454 26.6307 0.2036 0.0049
Car 0.0000 0 -4.5022 0.0000 0.0000 1224.0000 370.0000 1.3272 1.4447 3.4587 15.6453 1.3485 -0.0483 -2.9475 0.0049
Cyclist 0.0000 0 -2.1006 968.0033 163.0834 1040.2446 247.3706 1.5596 0.4600 1.6303 7.7650 1.2390 13.8990 -1.5991 0.0049
Car 0.0000 0 0.7445 131.7673 189.9148 261.6686 231.0177 1.4339 1.7871 4.1268 -15.3575 1.8076 26.6101 0.2278 0.0048
Car 0.0000 0 -0.4141 553.0369 167.9462 636.6369 201.4900 1.4811 1.6898 3.4815 -0.4910 0.9283 32.7043 -0.4272 0.0048
Car 0.0000 0 -0.1926 564.7184 168.0562 665.4113 201.9990 1.4856 1.9036 4.3084 0.4013 0.9425 32.2610 -0.1785 0.0048
Car 0.0000 0 -1.2768 0.0000 0.0000 1224.0000 370.0000 1.3740 1.5464 3.4109 15.8202 1.3961 -0.0699 0.2795 0.0048
Car 0.0000 0 -1.3949 1202.9363 155.0402 1224.0000 219.7059 1.6938 1.7075 4.0525 18.9002 1.0285 20.4255 -0.6544 0.0047
Car 0.0000 0 1.9051 696.5514 161.9865 765.0589 201.9920 1.4743 1.5400 3.7227 5.0286 0.7936 28.0521 2.0823 0.0047
Car 0.0000 0 3.3243 100.9084 0.0000 1224.0000 370.0000 1.6337 1.8948 4.9871 -2.2467 1.6774 0.2061 1.9865 0.0047
Car 0.0000 0 -1.3392 777.6627 147.3062 821.3124 179.5509 2.0511 1.8247 4.5960 13.1361 -0.0659 47.5689 -1.0696 0.0047
Car 0.0000 0 1.2320 0.0000 185.6472 16.1193 237.1252 1.4684 1.6121 3.9071 -20.3851 1.6430 22.1306 0.4964 0.0047
Car 0.0000 0 0.3526 0.0000 0.0000 1224.0000 370.0000 1.5059 1.7263 3.8853 -31.2944 1.7309 -0.2845 -1.2154 0.0047
Car 0.0000 0 -0.0601 657.5482 152.3270 729.9323 182.7495 1.7115 1.7549 4.0414 5.0597 0.1279 40.7786 0.0644 0.0047
Car 0.0000 0 -1.3667 0.0000 0.0000 1224.0000 370.0000 1.3596 1.5597 3.0733 15.2919 1.3603 -0.2982 0.2040 0.0047
Car 0.0000 0 -3.1576 0.0000 0.0000 1224.0000 370.0000 1.6321 1.6767 3.6517 6.1212 1.6629 -0.1365 -1.6157 0.0046
Car 0.0000 0 4.6295 0.0000 0.0000 1224.0000 370.0000 1.5105 1.6797 4.0570 -32.4082 1.7238 0.6796 3.0913 0.0046
Car 0.0000 0 -1.0371 554.9163 164.0529 627.6284 199.0274 1.4961 1.7291 3.5791 -0.5864 0.7940 32.2242 -1.0532 0.0046
Car 0.0000 0 -0.3445 541.6819 165.8592 630.7582 198.6968 1.4235 1.5633 3.7280 -0.8737 0.7903 32.0485 -0.3696 0.0046
Car 0.0000 0 0.6151 0.0000 0.0000 1224.0000 370.0000 1.5184 1.6845 3.7687 -31.5879 1.7702 -0.1394 -0.9483 0.0045
Car 0.0000 0 -1.6811 603.2429 167.1937 649.6296 200.7608 1.4401 1.7246 3.5227 0.9010 0.8707 32.1531 -1.6516 0.0045
Pedestrian 0.0000 0 -0.1024 743.8266 160.0251 756.6917 182.7281 1.8919 0.7177 0.9888 12.2014 0.1869 59.3224 0.1012 0.0045
Car 0.0000 0 1.1131 1153.7310 152.0391 1224.0000 256.7248 1.5264 1.6374 4.3302 11.7283 1.1131 12.6116 1.8513 0.0045
Car 0.0000 0 1.9616 192.4628 202.1272 276.8063 245.6714 1.4539 1.5751 3.7393 -14.2891 2.3540 27.4460 1.4877 0.0044
Car 0.0000 0 0.4453 0.0000 0.0000 1224.0000 370.0000 1.4928 1.7206 3.7913 -31.3367 1.7898 -0.2860 -1.1228 0.0044
Car 0.0000 0 -1.7119 603.6032 166.6605 650.1587 200.2437 1.4414 1.6586 3.2912 0.9229 0.8489 32.0681 -1.6816 0.0044
Car 0.0000 0 0.0679 651.6228 155.3341 719.1278 184.8896 1.6552 1.7355 3.7597 4.6542 0.2472 40.7879 0.1826 0.0044
Car 0.0000 0 -1.1601 576.3040 166.0511 635.4423 197.7979 1.4439 1.6333 3.3687 0.0765 0.7882 34.0235 -1.1560 0.0044
Car 0.0000 0 3.0599 0.0000 0.0000 1224.0000 370.0000 1.4386 1.6072 4.1847 -21.8727 1.8570 1.3040 1.5650 0.0044
Car 0.0000 0 -0.1168 544.2853 164.9735 634.1140 198.0522 1.4980 1.6510 4.0405 -0.7917 0.7963 33.1100 -0.1386 0.0043
Car 0.0000 0 0.5924 0.0000 0.0000 1224.0000 370.0000 1.3823 1.6111 3.5460 12.0891 1.0443 1.3162 2.0298 0.0043
Car 0.0000 0 1.7077 489.0504 182.8272 570.6524 242.2701 1.3545 1.5499 3.9465 -1.8664 1.4228 18.2640 1.6093 0.0043
Car 0.0000 0 -1.3343 0.0000 0.0000 1224.0000 370.0000 1.3782 1.5485 3.6009 16.0478 1.3066 -0.0404 0.2204 0.0043
Cyclist 0.0000 0 1.5183 0.0000 0.0000 1224.0000 370.0000 1.7813 0.6022 1.7387 -3.5081 1.7151 -0.1007 0.0125 0.0043
Car 0.0000 0 -0.1253 661.0835 153.5209 736.5381 183.7699 1.7084 1.7460 4.1296 5.3610 0.1861 40.8131 0.0062 0.0043
Car 0.0000 0 -1.1907 0.0000 0.0000 1224.0000 370.0000 1.3830 1.5215 3.5222 15.9160 1.3508 -0.2317 0.3758 0.0043
Car 0.0000 0 -1.4060 0.0000 178.2764 29.4669 222.0315 1.5065 1.6719 3.8089 -22.9301 1.4315 26.4021 -2.1134 0.0043
Pedestrian 0.0000 0 -0.2573 743.4312 160.0453 756.4989 182.4957 1.8724 0.7052 0.9251 12.1811 0.1677 59.3405 -0.0541 0.0042
Car 0.0000 0 -0.0993 0.0000 0.0000 1224.0000 370.0000 1.5266 1.6140 3.8738 -28.9953 1.5997 1.1203 -1.6188 0.0042
Car 0.0000 0 -1.9002 599.6243 169.3043 660.1185 201.3127 1.3807 1.7319 3.4835 1.0615 0.8992 32.4123 -1.8660 0.0042
Car 0.0000 0 -1.7329 554.5381 159.8759 602.7440 196.5034 1.5877 1.6448 3.6875 -1.2902 0.6952 32.6142 -1.7701 0.0042
Car 0.0000 0 2.6048 0.0000 0.0000 1224.0000 370.0000 1.5275 1.6397 3.9625 -31.5950 1.8450 1.9458 1.1073 0.0042
Car 0.0000 0 2.0991 0.0000 174.7313 19.6264 226.9215 1.5652 1.7160 4.2596 -21.7230 1.3938 23.4618 1.3607 0.0042
Car 0.0000 0 1.4031 588.8283 168.8661 637.0201 202.0340 1.3919 1.6067 3.3110 0.2812 0.9052 31.4271 1.4138 0.0042
Car 0.0000 0 1.9425 192.5168 201.6594 273.4997 245.5035 1.4702 1.5584 3.5908 -14.3214 2.3468 27.3717 1.4665 0.0042
Car 0.0000 0 1.4149 0.0000 0.0000 1224.0000 370.0000 1.5839 1.7263 4.4724 -27.8654 1.4052 0.9202 -0.1097 0.0042
Car 0.0000 0 -1.2245 1202.1561 155.2896 1224.0000 217.8338 1.6488 1.6938 3.8290 19.0696 0.9858 20.2640 -0.4756 0.0041
Car 0.0000 0 1.5468 0.0000 0.0000 1224.0000 370.0000 1.5935 1.7098 4.3180 -28.1012 1.3759 0.8233 0.0184 0.0041
Pedestrian 0.0000 0 0.3880 742.6394 158.0440 755.8786 181.6152 1.9668 0.8391 0.8376 12.1737 0.0943 59.5731 0.5904 0.0041
Car 0.0000 0 -2.8749 0.0000 0.0000 1224.0000 370.0000 1.3150 1.4965 3.3284 14.8610 1.3153 0.2384 -1.3404 0.0041
Car 0.0000 0 -1.8966 597.9919 168.9258 657.3762 201.6135 1.4333 1.7144 3.5482 0.9786 0.9273 32.9444 -1.8654 0.0040
Car 0.0000 0 -3.3730 1099.5229 153.9631 1224.0000 217.5219 1.6721 1.6540 4.4283 17.0063 0.9756 20.3192 -2.6822 0.0040
Car 0.0000 0 -1.5906 659.9523 152.5002 690.2167 184.3279 1.7931 1.6998 3.9980 4.1029 0.2170 41.8890 -1.4917 0.0039
Car 0.0000 0 2.9158 405.3184 164.4467 571.4824 226.9536 1.7138 1.7255 4.6149 -3.4969 1.2752 21.0486 2.7555 0.0038
Car 0.0000 0 -1.4522 782.4802 150.7233 819.5438 179.5109 1.8272 1.8572 4.7273 13.2430 -0.0688 47.5867 -1.1806 0.0038
Car 0.0000 0 2.4114 5.2265 175.7226 116.9424 213.4474 1.5090 1.5428 3.6911 -23.1546 1.3194 30.2374 1.7647 0.0038
Car 0.0000 0 0.0280 0.0000 0.0000 1224.0000 370.0000 1.4909 1.6482 4.0465 -28.6607 1.5295 1.6824 -1.4713 0.0038
Car 0.0000 0 0.0573 0.0000 0.0000 1224.0000 370.0000 1.4720 1.6048 3.2848 -23.6765 2.0190 0.4011 -1.4813 0.0038
Car 0.0000 0 -1.7850 805.5703 144.9809 856.1329 180.1982 1.9213 1.8894 4.3431 12.9646 -0.0170 40.8568 -1.4781 0.0038
Car 0.0000 0 0.0583 0.0000 0.0000 1224.0000 370.0000 1.5009 1.5953 3.9597 -28.6894 1.5643 1.0170 -1.4642 0.0038
Car 0.0000 0 -1.5662 1216.5571 148.5470 1224.0000 215.5296 1.7474 1.6993 4.2739 18.9856 0.9154 20.5884 -0.8274 0.0038
Car 0.0000 0 -1.3514 0.0000 0.0000 1224.0000 370.0000 1.4243 1.5021 3.8311 -9.6755 1.5832 1.3446 -2.7498 0.0038
Car 0.0000 0 -1.4759 1203.0106 154.7484 1224.0000 218.8960 1.6786 1.7069 4.1443 18.7838 1.0063 20.5248 -0.7409 0.0038
Car 0.0000 0 1.2948 575.6259 165.6838 632.7131 200.7673 1.4963 1.6765 3.5722 -0.1165 0.8659 32.0979 1.2931 0.0038
Car 0.0000 0 2.1609 194.7649 200.6233 294.1680 244.5858 1.4714 1.5619 3.8262 -13.9153 2.3121 27.4840 1.6982 0.0037
Car 0.0000 0 1.9419 695.8550 162.0563 770.1814 202.7679 1.4819 1.5963 3.8204 5.0692 0.8121 27.7763 2.1222 0.0037
Car 0.0000 0 2.8438 0.0000 0.0000 1224.0000 370.0000 1.5804 1.6601 3.9890 -28.9594 1.4811 0.8849 1.3163 0.0037
Car 0.0000 0 1.0548 0.0000 183.4813 24.2035 235.9318 1.5238 1.6134 3.9775 -20.4349 1.6244 22.0805 0.3170 0.0037
Car 0.0000 0 1.7070 727.1052 160.3704 754.1780 181.6247 1.7307 1.7636 3.6162 11.4719 0.0928 59.5631 1.8981 0.0036
Car 0.0000 0 0.1813 0.0000 0.0000 1224.0000 370.0000 1.3399 1.4486 3.6802 14.7953 1.3468 0.4302 1.7027 0.0036
Car 0.0000 0 1.4342 589.9233 168.2892 636.3049 202.0349 1.4135 1.6138 3.3286 0.2894 0.9035 31.3625 1.4452 0.0036
Car 0.0000 0 -0.9694 1202.6727 154.2922 1224.0000 219.1957 1.7150 1.7197 4.1101 19.3687 1.0241 19.9374 -0.2048 0.0036
Car 0.0000 0 0.7765 144.0456 198.0424 262.2811 240.9789 1.4750 1.6464 3.8275 -15.1451 2.1697 26.6408 0.2661 0.0036
Car 0.0000 0 -1.1531 1202.8336 155.1492 1224.0000 218.5818 1.6625 1.7160 3.9309 19.1159 0.9997 20.0798 -0.3986 0.0036
Car 0.0000 0 1.2341 459.8862 176.8130 570.7735 236.4349 1.3868 1.5862 4.2111 -2.5250 1.3026 18.6777 1.1038 0.0036
Car 0.0000 0 -1.5648 0.0000 0.0000 1224.0000 370.0000 1.3886 1.5791 3.2757 15.8649 1.2770 0.2565 -0.0290 0.0035
Car 0.0000 0 2.9101 0.0000 0.0000 1224.0000 370.0000 1.4851 1.5691 4.0661 -20.5557 1.7314 1.1032 1.4102 0.0035
Car 0.0000 0 0.9643 1202.8785 153.5886 1224.0000 216.3987 1.4828 1.4935 3.8973 17.9737 0.8491 18.7262 1.7224 0.0035
Car 0.0000 0 -0.4288 0.0000 189.6260 112.1465 235.9569 1.4086 1.5199 3.5764 -19.2545 1.7475 24.1921 -1.0931 0.0035
Car 0.0000 0 -1.5935 1210.2946 153.4119 1224.0000 216.6844 1.6567 1.6478 3.9430 18.6421 0.9490 20.5410 -0.8626 0.0035
Car 0.0000 0 -0.9483 1207.9828 156.1232 1224.0000 218.5049 1.6591 1.6018 3.7711 19.3464 1.0124 19.9326 -0.1842 0.0034
Car 0.0000 0 0.4383 644.4097 158.2606 716.7178 187.1443 1.5902 1.6297 3.7958 4.3174 0.3672 40.6029 0.5453 0.0034
Car 0.0000 0 0.5392 120.1451 189.9296 261.0525 231.7652 1.4778 1.8469 4.1862 -15.3921 1.8437 26.3630 0.0176 0.0034
Car 0.0000 0 1.7759 564.7969 167.8703 618.3707 201.6092 1.4096 1.6911 3.5335 -0.5564 0.8834 31.4300 1.7602 0.0034
Cyclist 0.0000 0 0.8500 0.0000 0.0000 1224.0000 370.0000 1.6817 0.5927 1.8498 1.4095 1.7490 0.7495 1.7716 0.0034
Car 0.0000 0 -1.6223 1202.7988 153.4733 1224.0000 217.0341 1.6622 1.6460 4.0540 18.5227 0.9570 20.5815 -0.8956 0.0034
Car 0.0000 0 2.1508 0.0000 184.9480 96.5824 238.8353 1.3872 1.7165 4.3482 -17.2522 1.5338 20.8173 1.4680 0.0034
Car 0.0000 0 -2.8504 611.5028 156.2307 691.5016 186.4778 1.6980 1.7019 4.3515 2.7081 0.3370 41.2461 -2.7834 0.0034
Car 0.0000 0 1.6639 697.0414 162.0091 745.7675 201.6313 1.4681 1.5760 3.7607 4.6775 0.7845 28.2128 1.8282 0.0034
Car 0.0000 0 1.3841 682.5876 164.4647 738.5892 203.1681 1.4599 1.5696 3.6523 4.1656 0.8565 28.5212 1.5294 0.0033
Car 0.0000 0 -1.0477 1211.2960 157.1507 1224.0000 217.9342 1.6062 1.5884 3.7113 19.2984 0.9908 19.9638 -0.2856 0.0033
Car 0.0000 0 0.4593 0.0000 181.9063 129.9599 224.1580 1.4838 1.6631 4.1241 -20.2539 1.5397 26.1174 -0.1927 0.0033
Car 0.0000 0 -1.3536 0.0000 0.0000 1224.0000 370.0000 1.5010 1.6815 4.2153 -32.3181 1.8315 1.1264 -2.8780 0.0033
Pedestrian 0.0000 0 2.3088 654.6390 177.1637 689.3329 251.5981 1.5361 0.3805 0.6689 1.3781 1.4689 14.9523 2.4004 0.0033
Car 0.0000 0 -2.7774 619.2528 155.3045 693.4091 185.4702 1.6894 1.7277 3.9553 2.9825 0.2797 41.2131 -2.7038 0.0033
Car 0.0000 0 -1.3631 666.7629 149.7868 709.5302 182.8854 1.8384 1.6820 4.0842 4.9212 0.1339 41.4712 -1.2439 0.0033
Car 0.0000 0 -0.3894 1221.7996 153.2339 1224.0000 216.8634 1.6101 1.5920 3.6031 19.4193 0.9217 19.3105 0.3921 0.0032
Car 0.0000 0 0.8743 0.0000 185.9702 23.6397 234.2475 1.4122 1.5368 3.6823 -20.4040 1.5911 21.9120 0.1335 0.0032
Car 0.0000 0 -1.5619 0.0000 0.0000 1224.0000 370.0000 1.5014 1.7164 4.0516 -32.3553 1.7184 0.7312 -3.0985 0.0032
Car 0.0000 0 -1.8786 457.8423 181.4199 562.6783 239.6138 1.3496 1.5850 3.9888 -2.6376 1.3781 18.6008 -2.0153 0.0032
Car 0.0000 0 -0.8439 1214.3488 152.4299 1224.0000 218.3715 1.7255 1.7895 4.2965 19.6491 0.9925 19.5218 -0.0619 0.0032
Car 0.0000 0 1.3535 693.3206 161.0448 756.9692 202.6140 1.5152 1.6554 3.8354 4.6034 0.8076 27.7256 1.5180 0.0032
Car 0.0000 0 -1.8441 1176.7107 153.8008 1224.0000 217.4238 1.6624 1.6149 3.9669 18.2396 0.9664 20.6077 -1.1256 0.0031
Car 0.0000 0 -0.8381 561.9708 166.0984 636.7521 200.3253 1.5136 1.6491 3.3960 -0.2432 0.8782 33.0794 -0.8436 0.0031
Car 0.0000 0 -2.5831 398.5973 168.3209 560.2820 229.0515 1.5886 1.7329 4.2559 -3.6033 1.2716 20.0937 -2.7560 0.0031
Car 0.0000 0 2.9909 0.0000 0.0000 1224.0000 370.0000 1.4750 1.4849 3.9418 -20.3091 1.7298 0.9966 1.4866 0.0031
Car 0.0000 0 -1.6401 660.2825 153.4052 692.9707 185.2028 1.7865 1.6493 3.8485 4.1704 0.2656 41.6694 -1.5391 0.0031
Car 0.0000 0 -1.4317 662.0443 153.6565 699.4773 185.6735 1.7892 1.6570 3.9479 4.4994 0.2905 41.6235 -1.3229 0.0031
Car 0.0000 0 -3.0771 617.3507 156.6848 687.7943 186.1410 1.6597 1.6632 3.9681 2.7743 0.3192 40.9217 -3.0080 0.0030
Car 0.0000 0 -0.8102 0.0000 186.7524 125.8210 242.9253 1.4524 1.7365 4.6293 -16.9845 1.6625 21.1931 -1.4768 0.0030
Car 0.0000 0 -0.4701 652.5050 153.6924 729.0530 184.7773 1.7530 1.7730 4.0901 5.0093 0.2426 41.4002 -0.3487 0.0030
Car 0.0000 0 2.4188 552.3225 167.2945 637.0803 199.5535 1.3665 1.7726 3.5157 -0.4509 0.8086 31.7828 2.4066 0.0030
Car 0.0000 0 -1.5914 1205.8444 153.6967 1224.0000 217.8090 1.6780 1.6470 3.9980 18.5243 0.9781 20.5559 -0.8640 0.0030
Car 0.0000 0 -1.3969 1197.2512 153.7637 1224.0000 218.8125 1.7065 1.6889 4.2080 18.7990 1.0067 20.5026 -0.6610 0.0030
Car 0.0000 0 -3.1802 609.3160 156.7600 683.8650 185.8739 1.6485 1.6754 4.2214 2.3641 0.3057 40.9105 -3.1209 0.0030
Car 0.0000 0 2.9406 0.0000 0.0000 1224.0000 370.0000 1.5375 1.7170 3.9748 -29.1635 1.6419 1.3362 1.4283 0.0029
Car 0.0000 0 -1.3400 667.2523 151.1129 712.2357 183.9786 1.8167 1.7187 4.0731 4.9936 0.1937 41.2870 -1.2186 0.0029
Car 0.0000 0 1.8257 0.0000 179.0849 44.9184 220.8537 1.4597 1.5318 3.7139 -22.6744 1.4118 26.7110 1.1294 0.0029
Car 0.0000 0 1.8627 0.0000 169.8594 76.7655 216.3084 1.6301 1.6421 4.5428 -22.0822 1.2582 27.2230 1.1887 0.0029
Car 0.0000 0 0.4618 669.4988 159.8890 780.9084 204.6753 1.6211 1.8064 3.8643 4.6117 0.8766 27.4545 0.6282 0.0029
Car 0.0000 0 -3.4337 848.8200 175.9582 1067.6591 249.3439 1.4037 1.4685 3.7535 7.0642 1.3184 14.5317 -2.9881 0.0029
Car 0.0000 0 3.3832 0.0000 0.0000 1224.0000 370.0000 1.4613 1.5954 4.2629 -21.7393 1.8908 1.0489 1.8769 0.0028
Car 0.0000 0 1.8004 563.2540 167.5436 619.5768 201.8642 1.4278 1.7056 3.6537 -0.5587 0.8903 31.3755 1.7847 0.0028
Car 0.0000 0 0.4915 129.8757 198.7053 261.9763 241.8016 1.5002 1.7218 3.9061 -15.1517 2.2020 26.2847 -0.0248 0.0028
Car 0.0000 0 1.1635 686.6701 158.4878 774.5604 203.8002 1.6037 1.7657 4.2943 4.7117 0.8262 27.3139 1.3343 0.0028
Car 0.0000 0 -0.7419 1175.9868 154.9061 1224.0000 215.4213 1.5336 1.7641 4.8588 18.3597 0.8866 18.8520 0.0235 0.0028
Car 0.0000 0 -1.9039 0.0000 0.0000 1224.0000 370.0000 1.3684 1.7493 4.2099 10.6836 1.2704 0.2432 -0.3847 0.0028
Car 0.0000 0 -1.8423 581.4481 167.5323 635.1584 200.6804 1.4219 1.6381 3.1871 0.0809 0.8671 32.0780 -1.8380 0.0028
Car 0.0000 0 0.4393 135.5296 198.4146 266.6186 241.7037 1.5007 1.7331 3.8746 -14.9823 2.1950 26.3375 -0.0714 0.0027
Car 0.0000 0 1.8770 480.9493 184.5073 581.2721 242.2289 1.3259 1.5135 3.8298 -1.8536 1.4441 18.5484 1.7808 0.0027
Car 0.0000 0 -1.4987 665.3075 153.0490 699.0038 185.2321 1.7908 1.6757 4.0421 4.5639 0.2647 41.4781 -1.3881 0.0026
Car 0.0000 0 -0.0798 0.0000 0.0000 1224.0000 370.0000 1.5203 1.6903 3.9595 -28.9580 1.5652 1.8830 -1.5729 0.0026
Car 0.0000 0 2.8558 0.0000 0.0000 1224.0000 370.0000 1.4433 1.4752 3.9626 -20.2590 1.7023 1.1046 1.3569 0.0026
Car 0.0000 0 -1.8653 807.6251 153.2869 859.5001 183.6448 1.6615 1.6920 4.1902 13.1063 0.1735 40.8012 -1.5549 0.0026
Car 0.0000 0 -2.6187 606.8458 155.2505 691.7602 186.9307 1.7678 1.7306 4.7407 2.5575 0.3602 41.4809 -2.5556 0.0026
Car 0.0000 0 2.5806 2.6707 175.5626 119.4802 213.6796 1.5213 1.5302 3.7095 -23.1525 1.3258 30.2205 1.9337 0.0026
Car 0.0000 0 -3.2865 0.0000 0.0000 1224.0000 370.0000 1.6129 1.6844 3.8309 6.1164 1.7296 -0.1675 -1.7395 0.0026
Car 0.0000 0 -1.7361 657.1541 153.9376 696.3068 185.1502 1.7458 1.6650 3.8948 4.1559 0.2615 41.5400 -1.6352 0.0026
Car 0.0000 0 -1.9412 0.0000 0.0000 1224.0000 370.0000 1.4041 1.6489 4.4354 11.1012 1.2285 0.5273 -0.4455 0.0026
Car 0.0000 0 -1.8091 469.8228 181.6089 570.6830 241.5573 1.3897 1.6756 4.2765 -2.4075 1.4243 18.7669 -1.9328 0.0025
Car 0.0000 0 0.0775 620.0482 155.7564 693.6192 186.4744 1.7318 1.6489 4.1374 3.0238 0.3382 40.9848 0.1525 0.0025
Car 0.0000 0 1.6977 650.0792 158.9596 697.2562 199.2963 1.6180 1.5579 3.6859 2.9789 0.7555 30.3274 1.7965 0.0025
Car 0.0000 0 -1.5111 476.3051 182.8423 548.0195 240.5200 1.3386 1.6144 3.9399 -2.3750 1.4085 18.5852 -1.6343 0.0025
Car 0.0000 0 -1.4610 0.0000 0.0000 1224.0000 370.0000 1.4912 1.6804 4.1460 -17.8514 1.5378 1.0678 -2.9524 0.0025
Car 0.0000 0 0.5104 0.0000 185.2025 130.1302 228.8332 1.5229 1.6989 4.1718 -20.2362 1.7053 26.0562 -0.1424 0.0025
Car 0.0000 0 -0.3097 551.4658 167.4038 639.6585 201.4829 1.5045 1.7181 3.7214 -0.4675 0.9278 32.6122 -0.3221 0.0025
Car 0.0000 0 -1.6872 820.7695 151.3835 860.5007 183.3824 1.7342 1.6832 4.0765 13.4237 0.1576 40.4807 -1.3675 0.0025
Car 0.0000 0 -2.9125 0.0000 0.0000 1224.0000 370.0000 1.3137 1.5452 3.0259 14.8673 1.3968 0.1222 -1.3702 0.0025
Car 0.0000 0 -0.9110 1197.0388 155.2222 1224.0000 220.6839 1.7375 1.7325 4.2708 19.3540 1.0681 19.9304 -0.1467 0.0025
Car 0.0000 0 -2.8643 604.8254 156.2190 689.6114 186.4624 1.6989 1.6902 4.6571 2.4600 0.3363 41.2835 -2.8033 0.0025
Car 0.0000 0 3.2039 0.0000 0.0000 1224.0000 370.0000 1.6683 2.1171 5.0435 -3.3343 1.7206 0.1175 1.7661 0.0025
Car 0.0000 0 -1.6409 824.7217 153.6748 860.3531 183.8978 1.6302 1.6338 4.0328 13.4748 0.1847 40.2898 -1.3187 0.0024
Car 0.0000 0 2.3405 0.0000 174.8077 98.0168 212.7708 1.5192 1.5513 3.8108 -23.9975 1.2929 30.2664 1.6770 0.0024
Car 0.0000 0 2.8142 0.0000 0.0000 1224.0000 370.0000 1.4323 1.4678 3.9154 -20.2343 1.6958 1.0742 1.3140 0.0024
Pedestrian 0.0000 0 -1.2045 742.6402 158.9316 755.0229 182.2512 1.9455 0.8007 0.7646 12.1269 0.1473 59.5211 -1.0028 0.0024
Cyclist 0.0000 0 -2.3862 1018.8413 175.8800 1115.0194 270.7113 1.5809 0.4079 1.5686 8.1377 1.5055 12.5922 -1.8223 0.0024
Pedestrian 0.0000 0 2.0000 657.1768 172.4325 686.0419 251.7156 1.6022 0.3728 0.6201 1.3423 1.4408 14.6449 2.0911 0.0024
Cyclist 0.0000 0 -0.6252 0.0000 0.0000 1224.0000 370.0000 1.7591 0.6141 1.5787 -2.6996 1.5771 0.3046 -1.9655 0.0024
Car 0.0000 0 0.4374 0.0000 181.5962 134.7434 224.8005 1.5159 1.7902 4.4534 -20.3494 1.5602 26.2208 -0.2150 0.0023
Car 0.0000 0 1.5511 0.0000 178.7141 21.3356 220.9016 1.4613 1.5690 4.1011 -23.0549 1.4010 26.5395 0.8436 0.0023
Car 0.0000 0 2.5248 0.0000 174.1671 110.5466 212.0608 1.5154 1.5256 3.7533 -23.5833 1.2637 30.2892 1.8701 0.0023
Car 0.0000 0 -2.6463 405.1175 168.1062 580.5687 229.8496 1.6474 1.7436 4.7659 -3.2797 1.3183 20.4775 -2.8009 0.0023
Car 0.0000 0 1.5884 485.4958 182.1324 551.5086 238.9548 1.3101 1.5283 3.5899 -2.2316 1.3582 18.2659 1.4707 0.0023
Car 0.0000 0 3.3778 0.0000 0.0000 1224.0000 370.0000 1.3963 1.6355 4.2454 -21.5261 1.7416 1.5910 1.8973 0.0023
Car 0.0000 0 0.6673 0.0000 176.5368 116.8008 223.6463 1.5953 1.7256 4.2724 -19.8887 1.4627 24.8029 -0.0006 0.0023
Pedestrian 0.0000 0 2.5640 653.8148 175.2951 689.5713 251.7030 1.5815 0.3805 0.6508 1.3692 1.4754 14.9501 2.6551 0.0023
Car 0.0000 0 -1.0239 561.6968 167.6372 637.2401 201.9786 1.4654 1.7094 3.8074 -0.2073 0.9180 32.2378 -1.0284 0.0022
Car 0.0000 0 -0.0012 0.0000 183.9251 102.8379 230.2377 1.4681 1.6213 3.7636 -19.7780 1.5970 24.4812 -0.6727 0.0022
Cyclist 0.0000 0 -1.1627 0.0000 172.8067 49.1315 257.3672 1.6191 0.3801 1.7403 -12.0287 1.4734 14.4218 -1.8452 0.0022
Car 0.0000 0 -1.9446 0.0000 0.0000 1224.0000 370.0000 1.3530 1.6637 4.2429 10.7440 1.2829 0.4939 -0.4483 0.0022
Car 0.0000 0 0.8916 670.1925 159.1969 779.8864 206.6495 1.6807 1.8908 4.3029 4.5146 0.9277 27.3753 1.0550 0.0022
Pedestrian 0.0000 0 -1.7565 210.5378 163.5831 254.9329 299.5853 1.7400 0.4078 0.7081 -5.0288 1.5252 9.4455 -2.2302 0.0022
Pedestrian 0.0000 0 -1.5936 776.3128 178.9853 800.4177 242.5410 1.5692 0.5714 0.5336 4.5684 1.5334 17.7758 -1.3448 0.0022
Car 0.0000 0 1.9155 0.0000 178.2287 71.0227 220.8398 1.4962 1.5268 4.0974 -22.1227 1.4180 27.0072 1.2367 0.0022
Car 0.0000 0 1.5981 0.0000 176.6182 20.1236 219.5385 1.4831 1.5617 4.0112 -22.9728 1.3505 26.4770 0.8912 0.0022
Pedestrian 0.0000 0 1.3275 207.0756 154.4023 256.7391 295.5920 1.7947 0.4092 0.8130 -5.0293 1.4646 9.4233 0.8530 0.0022
Car 0.0000 0 -1.1184 935.4779 175.1904 1115.9243 252.2599 1.4768 1.7645 4.1624 9.1984 1.3767 15.4319 -0.5883 0.0021
Pedestrian 0.0000 0 2.8811 663.4586 150.7758 721.9185 273.1443 1.7941 0.4170 0.7898 1.2654 1.3600 10.6245 2.9981 0.0021
Car 0.0000 0 -1.5213 666.2531 154.3415 698.6099 185.6843 1.7426 1.6860 3.9901 4.5709 0.2896 41.4103 -1.4103 0.0021
Car 0.0000 0 1.4186 678.6750 167.3963 729.6501 205.2711 1.4359 1.4961 3.6423 3.9278 0.9406 28.6322 1.5553 0.0021
Car 0.0000 0 -0.8544 0.0000 188.7641 120.0013 246.7260 1.4867 1.7275 4.5688 -17.0239 1.7622 21.1141 -1.5240 0.0021
Car 0.0000 0 -1.2086 0.0000 0.0000 1224.0000 370.0000 1.4927 1.6720 4.1857 -32.1255 1.8300 1.1104 -2.7332 0.0021
Pedestrian 0.0000 0 2.8637 645.6187 151.7890 705.4431 272.4662 1.7739 0.4245 0.8122 1.0127 1.3535 10.6713 2.9575 0.0020
Car 0.0000 0 -1.2606 0.0000 0.0000 1224.0000 370.0000 1.5179 1.6711 3.8880 -28.2105 1.5420 1.3365 -2.7710 0.0020
Car 0.0000 0 1.5474 0.0000 179.0278 23.2604 221.5192 1.4708 1.5548 4.0569 -22.9473 1.4214 26.4990 0.8414 0.0020
Car 0.0000 0 0.3427 0.0000 0.0000 1224.0000 370.0000 1.4123 1.4226 3.9394 15.1339 1.2946 0.4677 1.8627 0.0020
Car 0.0000 0 2.4024 0.0000 174.1913 97.6413 212.1417 1.5158 1.5195 3.7869 -24.0271 1.2653 30.2292 1.7377 0.0020
Pedestrian 0.0000 0 -1.6595 775.0659 177.1350 801.7325 242.7339 1.6188 0.5973 0.5728 4.5679 1.5374 17.7735 -1.4106 0.0020
Car 0.0000 0 -1.6436 664.1376 160.9055 710.6898 201.0955 1.6176 1.6909 4.0703 3.4692 0.8304 30.5204 -1.5297 0.0020
Pedestrian 0.0000 0 -1.8482 837.9954 172.8679 872.2866 238.4124 1.6189 0.6672 0.6150 6.2485 1.4320 17.7849 -1.5143 0.0020
Car 0.0000 0 1.9465 0.0000 177.8468 70.6972 220.2283 1.4906 1.5090 3.9103 -22.1110 1.3988 26.9545 1.2670 0.0020
Car 0.0000 0 -1.5544 955.5330 173.8612 1052.9624 249.7809 1.4479 1.6668 3.5347 8.6564 1.3229 15.4272 -1.0502 0.0020
Car 0.0000 0 0.3607 0.0000 182.8569 105.2125 230.3391 1.5377 1.6741 4.0449 -19.9877 1.6255 24.4582 -0.3165 0.0020
Car 0.0000 0 -1.8150 670.4195 165.2724 736.3763 206.6255 1.5512 1.7724 3.7008 3.8558 0.9815 28.4539 -1.6800 0.0020
Car 0.0000 0 2.5818 0.0000 0.0000 1224.0000 370.0000 1.5980 1.7949 4.3110 -25.7272 1.7385 1.3515 1.0776 0.0020
Car 0.0000 0 -1.2038 942.4475 176.7937 1107.6508 252.0946 1.4387 1.8010 4.0321 9.2150 1.3695 15.4651 -0.6738 0.0019
Car 0.0000 0 0.3679 668.9121 163.5957 768.5625 206.0795 1.5466 1.6199 3.4477 4.3559 0.9327 27.3013 0.5261 0.0019
Car 0.0000 0 -0.9238 0.0000 189.6202 119.6571 247.7510 1.4989 1.7179 4.5734 -17.0159 1.8043 21.2508 -1.5901 0.0019
Car 0.0000 0 1.8294 0.0000 180.0794 58.9650 221.0939 1.4436 1.5198 3.7968 -22.3054 1.4304 26.9246 1.1451 0.0019
Car 0.0000 0 1.5940 486.6841 181.2948 553.9124 237.7117 1.3203 1.5750 3.9018 -2.2106 1.3450 18.6120 1.4796 0.0019
Car 0.0000 0 0.4581 670.8591 159.7771 785.9602 205.2018 1.6254 1.8344 3.9585 4.6890 0.8854 27.2007 0.6287 0.0019
Car 0.0000 0 1.8724 0.0000 176.8624 61.9363 218.9912 1.4850 1.4921 3.7247 -22.2467 1.3583 26.9242 1.1894 0.0019
Car 0.0000 0 -1.2188 0.0000 0.0000 1224.0000 370.0000 1.5398 1.6507 3.7592 -17.9506 1.5990 1.4595 -2.6890 0.0019
Car 0.0000 0 -1.8201 669.0014 163.7173 732.0849 206.0940 1.5696 1.6023 3.7289 3.6996 0.9495 28.1302 -1.6890 0.0019
Pedestrian 0.0000 0 -1.6103 666.0851 162.0537 677.8862 192.7125 1.7184 0.6418 0.5493 3.7711 0.6859 39.9167 -1.5150 0.0019
Car 0.0000 0 -1.1811 0.0000 0.0000 1224.0000 370.0000 1.5409 1.7093 3.9652 -28.2723 1.5540 1.3771 -2.6902 0.0019
Car 0.0000 0 3.4606 0.0000 0.0000 1224.0000 370.0000 1.4172 1.6310 4.1296 -21.5379 1.7984 1.4716 1.9745 0.0018
Pedestrian 0.0000 0 2.6569 676.4170 173.2703 706.0785 241.7618 1.6945 0.5351 0.5568 2.1360 1.5172 17.8373 2.7757 0.0018
Car 0.0000 0 2.6827 851.2167 182.6272 1059.8118 255.1194 1.4273 1.5735 3.5814 7.1732 1.4758 14.7747 3.1279 0.0018
Car 0.0000 0 1.8232 634.6091 161.5067 692.9191 200.1717 1.5371 1.5684 3.8346 2.5508 0.7836 30.1730 1.9085 0.0018
Car 0.0000 0 2.6372 0.0000 0.0000 1224.0000 370.0000 1.6208 1.7918 4.5794 -25.7398 1.7398 1.3894 1.1344 0.0018
Car 0.0000 0 1.8643 0.0000 176.5766 65.3262 218.4042 1.4747 1.5262 3.9369 -22.2347 1.3379 27.0335 1.1835 0.0018
Car 0.0000 0 -1.5697 957.7172 176.1661 1055.4194 251.4855 1.4325 1.6634 3.4753 8.6387 1.3517 15.3657 -1.0647 0.0018
Car 0.0000 0 1.8620 0.0000 177.8271 62.7728 220.1340 1.4889 1.5058 3.8718 -22.2487 1.3964 26.9554 1.1795 0.0018
Car 0.0000 0 0.4937 0.0000 0.0000 1224.0000 370.0000 1.6687 1.6762 3.8405 -3.7456 1.6764 0.2796 -0.9159 0.0018
Pedestrian 0.0000 0 -1.8281 838.2832 176.4806 871.8577 239.6641 1.5611 0.6702 0.5686 6.2432 1.4634 17.7735 -1.4943 0.0018
Car 0.0000 0 -0.3746 862.4567 178.6105 1110.8134 253.7290 1.4559 1.6320 4.2501 7.7294 1.4209 14.7259 0.1015 0.0018
Car 0.0000 0 0.7718 0.0000 188.1477 119.6565 230.1679 1.4586 1.6757 3.9759 -20.3512 1.7527 25.9837 0.1150 0.0018
Car 0.0000 0 1.7638 564.4595 165.9801 618.8991 201.5869 1.4791 1.7398 3.6291 -0.5468 0.8774 31.3051 1.7484 0.0018
Pedestrian 0.0000 0 2.2100 665.9384 148.1470 721.0904 267.9296 1.7675 0.4163 0.8569 1.3232 1.2917 10.8820 2.3295 0.0017
Car 0.0000 0 1.7758 587.9662 167.3237 639.7062 202.2382 1.4453 1.6170 3.3775 0.4224 0.9014 31.0890 1.7911 0.0017
Car 0.0000 0 1.8861 0.0000 174.7366 56.0173 218.0623 1.5157 1.4794 3.8411 -22.4119 1.3156 26.7885 1.1970 0.0017
Car 0.0000 0 -0.0273 656.8942 169.1006 743.1556 207.4718 1.4363 1.5302 3.2213 3.6231 1.0111 27.3891 0.1045 0.0017
Car 0.0000 0 1.8581 0.0000 179.4362 50.8702 221.6879 1.4753 1.5116 3.8331 -22.5386 1.4397 26.7430 1.1654 0.0017
Pedestrian 0.0000 0 -2.4912 639.5077 149.0497 705.0242 273.0365 1.8174 0.4558 0.9078 0.9784 1.3581 10.8333 -2.4019 0.0017
Car 0.0000 0 -1.1177 926.4750 169.6223 1117.2465 251.1757 1.5679 1.8462 4.5522 9.2415 1.3604 15.6232 -0.5908 0.0017
Pedestrian 0.0000 0 1.1684 166.5404 172.3435 231.1377 312.1510 1.7663 0.4539 0.8470 -5.4352 1.6649 9.3663 0.6588 0.0017
Car 0.0000 0 0.6918 0.0000 179.3476 117.9047 223.7179 1.5209 1.6471 4.1147 -19.9379 1.4830 25.1135 0.0287 0.0017
Car 0.0000 0 1.8794 643.8550 161.1335 706.3723 199.7569 1.5483 1.5871 3.8204 3.0583 0.7735 30.4071 1.9805 0.0017
Pedestrian 0.0000 0 2.9242 679.3884 174.9718 705.3331 241.5385 1.6522 0.4890 0.5550 2.1604 1.5166 17.8143 3.0444 0.0017
Cyclist 0.0000 0 -1.0316 0.0000 161.5691 40.9621 252.8879 1.7398 0.3659 1.7974 -12.2902 1.3808 14.3820 -1.7260 0.0017
Car 0.0000 0 1.8546 472.9728 181.9487 580.7680 241.2298 1.3464 1.6338 4.2569 -1.9226 1.3903 18.4045 1.7540 0.0017
Pedestrian 0.0000 0 2.7214 662.4808 151.5653 726.3323 268.6387 1.7474 0.3950 0.8904 1.3261 1.3172 10.8685 2.8412 0.0017
Car 0.0000 0 -2.3016 889.3842 177.8529 1068.7902 250.9593 1.3998 1.5722 3.3668 7.9098 1.3507 15.3626 -1.8328 0.0017
Car 0.0000 0 0.7046 0.0000 180.5724 116.7085 223.7785 1.4837 1.6400 3.9166 -19.9196 1.4878 25.1809 0.0432 0.0017
Car 0.0000 0 -1.9291 922.8782 174.5560 1066.8585 249.5381 1.4433 1.6454 3.2683 8.2398 1.3305 15.3305 -1.4429 0.0017
Car 0.0000 0 3.6917 0.0000 0.0000 1224.0000 370.0000 1.5450 1.6932 4.3464 -21.5465 1.7973 1.4492 2.2046 0.0017
Car 0.0000 0 2.8706 0.0000 0.0000 1224.0000 370.0000 1.4469 1.5045 3.9595 -20.5047 1.6680 1.4374 1.3871 0.0016
Pedestrian 0.0000 0 -1.6076 666.1040 161.6752 677.9409 192.7303 1.7394 0.6434 0.5971 3.7727 0.6864 39.9139 -1.5123 0.0016
Car 0.0000 0 -2.0776 927.2828 174.1606 1086.7046 246.6935 1.3854 1.5483 3.2363 8.3794 1.2660 15.1246 -1.5789 0.0016
Car 0.0000 0 1.9022 0.0000 176.0556 57.6462 218.8594 1.4985 1.4935 3.8743 -22.4210 1.3444 26.8233 1.2135 0.0016
Car 0.0000 0 1.9100 0.0000 174.2290 61.0505 216.5706 1.4828 1.4980 3.9177 -22.3364 1.2647 26.8526 1.2238 0.0016
Car 0.0000 0 -2.0491 911.2500 175.9824 1066.6874 250.6384 1.4466 1.6091 3.2372 8.1013 1.3607 15.3155 -1.5694 0.0016
Car 0.0000 0 4.2644 0.0000 0.0000 1224.0000 370.0000 1.5815 1.5337 4.3238 -2.8180 1.6417 0.2597 2.8994 0.0016
Car 0.0000 0 1.8985 478.9241 184.1024 584.1745 241.5552 1.3107 1.5439 3.8808 -1.8264 1.4168 18.4502 1.8032 0.0016
Car 0.0000 0 1.8902 43.2451 186.8764 134.3395 228.3768 1.4100 1.6033 3.9447 -19.4520 1.6723 26.7905 1.2694 0.0016
Car 0.0000 0 0.9543 669.9460 157.2855 767.7572 203.5211 1.6636 1.7481 4.0388 4.3274 0.8298 27.6320 1.1098 0.0016
Car 0.0000 0 1.8764 38.9301 186.4569 129.8609 228.7232 1.4304 1.6098 3.9850 -19.5299 1.6747 26.6715 1.2517 0.0016
Car 0.0000 0 0.7294 0.0000 182.6703 114.4767 225.4626 1.4970 1.7003 3.9787 -20.4734 1.5808 25.8096 0.0665 0.0016
Car 0.0000 0 4.3455 0.0000 0.0000 1224.0000 370.0000 1.6767 1.8324 3.5719 -22.9006 1.8973 -0.1126 2.7855 0.0016
Car 0.0000 0 2.9589 0.0000 0.0000 1224.0000 370.0000 1.4515 1.4899 3.6312 -20.5226 1.6559 1.6506 1.4856 0.0016
Pedestrian 0.0000 0 1.0158 0.0000 164.7481 15.5410 251.1536 1.7030 0.5162 0.5076 -12.3900 1.3942 14.2543 0.3131 0.0015
Car 0.0000 0 -2.2665 902.0358 179.1256 1073.9922 248.1316 1.3083 1.5007 3.2056 7.9853 1.2838 15.1264 -1.7878 0.0015
Car 0.0000 0 -1.9531 666.7212 163.9461 739.7075 207.4508 1.5933 1.5503 3.7538 3.7678 0.9886 27.8994 -1.8186 0.0015
Car 0.0000 0 2.6819 850.4448 182.8208 1062.1794 255.4575 1.4265 1.5740 3.6365 7.1733 1.4792 14.7447 3.1279 0.0015
Car 0.0000 0 -0.9772 1177.4291 157.3259 1224.0000 212.0402 1.4143 1.4128 3.6408 17.8084 0.8168 19.3911 -0.2409 0.0015
Cyclist 0.0000 0 1.7941 588.8441 161.7976 612.4175 199.4475 1.6256 0.6405 1.9237 -0.1999 0.8195 31.5307 1.7897 0.0015
Car 0.0000 0 0.7648 0.0000 186.2701 116.3883 229.6111 1.4797 1.7066 3.9174 -20.1114 1.6977 25.4666 0.1041 0.0015
Car 0.0000 0 1.9730 36.9687 186.2092 142.7175 228.9500 1.4525 1.6788 4.2864 -19.4608 1.6896 26.9032 1.3540 0.0015
Car 0.0000 0 -0.6798 934.4300 178.4286 1109.1079 245.5321 1.3211 1.4556 2.9026 8.6633 1.2819 14.8643 -0.1597 0.0014
Car 0.0000 0 1.0693 674.0905 157.2179 756.1803 201.5204 1.6121 1.5702 3.7309 4.2121 0.7664 27.7452 1.2202 0.0014
Car 0.0000 0 3.4864 0.0000 0.0000 1224.0000 370.0000 1.4177 1.6994 4.1909 -21.4657 1.8028 1.5046 2.0021 0.0014
Cyclist 0.0000 0 -1.0226 146.4503 177.3894 212.3578 255.8656 1.5433 0.4439 1.5010 -8.8304 1.4838 14.6540 -1.5536 0.0014
Car 0.0000 0 1.9372 36.6892 186.6288 136.6345 229.2997 1.4438 1.6380 4.1729 -19.5062 1.6967 26.7824 1.3150 0.0014
Car 0.0000 0 0.9140 0.0000 185.6644 108.0533 229.3344 1.4882 1.7304 4.1674 -20.5970 1.6877 25.7574 0.2471 0.0014
Car 0.0000 0 1.1361 677.2806 159.9732 752.7815 202.2264 1.5467 1.5570 3.5868 4.2251 0.7968 27.8172 1.2870 0.0014
Car 0.0000 0 4.4265 0.0000 0.0000 1224.0000 370.0000 1.6469 1.8239 3.5230 -21.4244 1.8184 -0.1878 2.8635 0.0014
Cyclist 0.0000 0 -1.2534 0.0000 166.9353 38.0757 250.1890 1.6189 0.3587 1.6073 -12.2476 1.3568 14.5585 -1.9402 0.0014
Car 0.0000 0 0.8147 0.0000 182.3314 110.8414 225.5421 1.4976 1.7468 3.9974 -20.5348 1.5688 25.7588 0.1493 0.0014
Car 0.0000 0 4.4258 0.0000 0.0000 1224.0000 370.0000 1.6624 1.8766 3.5806 -22.9881 1.9064 -0.1302 2.8650 0.0014
Pedestrian 0.0000 0 1.2896 649.4941 150.6000 695.9881 272.7550 1.8027 0.4913 0.8520 0.9857 1.3631 10.8940 1.3792 0.0014
Car 0.0000 0 -2.7181 852.4904 175.3640 1057.5647 249.0938 1.4329 1.6697 3.7221 7.6048 1.3347 15.6957 -2.2731 0.0014
Car 0.0000 0 -1.1229 948.3380 179.7781 1101.7654 252.0550 1.3958 1.5590 3.3660 9.0475 1.3835 15.2384 -0.5947 0.0013
Car 0.0000 0 -1.0723 948.8615 181.5452 1107.9259 253.6399 1.3933 1.6057 3.2369 9.0958 1.4196 15.2252 -0.5414 0.0013
Cyclist 0.0000 0 1.3017 664.0302 156.3405 684.2640 190.1222 1.8509 0.6421 1.9242 3.8650 0.5286 39.7372 1.3997 0.0013
Pedestrian 0.0000 0 0.9459 1067.5399 204.1623 1176.0934 370.0000 1.3341 0.2966 0.7038 3.8502 1.5276 5.3721 1.5421 0.0013
Car 0.0000 0 0.2484 0.0000 0.0000 1224.0000 370.0000 1.6046 1.5812 3.5176 -3.5250 1.6576 0.5188 -1.0863 0.0013
Car 0.0000 0 -0.3422 853.7807 180.6710 1085.1045 254.4541 1.4328 1.6098 3.9791 7.4005 1.4383 14.7592 0.1156 0.0013
Car 0.0000 0 0.8364 0.0000 180.6047 112.2200 223.7992 1.4877 1.7042 3.8847 -20.2328 1.4932 25.5277 0.1740 0.0013
Car 0.0000 0 3.5398 0.0000 0.0000 1224.0000 370.0000 1.4435 1.5838 4.4442 -21.3105 1.7757 1.5578 2.0586 0.0013
Car 0.0000 0 0.6668 0.0000 185.5988 110.4870 228.1187 1.4458 1.5757 4.0318 -20.0960 1.6334 25.0176 -0.0020 0.0013
Car 0.0000 0 0.0237 659.6302 167.5449 750.3919 206.9091 1.4641 1.5933 3.3776 3.8448 0.9838 27.3538 0.1635 0.0013
Pedestrian 0.0000 0 -0.7748 0.0000 157.2227 22.1733 248.9518 1.8009 0.6023 0.5816 -12.2891 1.3456 14.1948 -1.4754 0.0013
Car 0.0000 0 -1.4536 0.0000 0.0000 1224.0000 370.0000 1.5125 1.7106 4.3822 -18.2012 1.5648 1.0389 -2.9480 0.0012
Car 0.0000 0 1.5435 0.0000 176.0311 26.4575 220.0791 1.5257 1.5233 3.9329 -22.7776 1.3725 26.4587 0.8405 0.0012
Car 0.0000 0 1.9179 0.0000 178.8895 59.5792 221.8472 1.5114 1.5010 3.7248 -22.3945 1.4563 26.8778 1.2308 0.0012
Car 0.0000 0 -1.5840 945.7957 166.3740 1054.6998 246.5166 1.5266 1.8688 3.8001 8.5787 1.2592 15.5804 -1.0876 0.0012
Car 0.0000 0 0.8694 0.0000 181.3590 111.1754 224.4409 1.4792 1.7150 3.9989 -20.3218 1.5133 25.5688 0.2056 0.0012
Car 0.0000 0 4.4414 0.0000 0.0000 1224.0000 370.0000 1.6519 1.8992 3.7769 -22.9612 1.9226 -0.1684 2.8789 0.0012
Car 0.0000 0 -1.0468 946.8729 181.4765 1111.9478 253.9326 1.4021 1.6037 3.3626 9.1276 1.4269 15.2436 -0.5148 0.0012
Car 0.0000 0 0.8829 0.0000 187.4093 111.1932 230.9203 1.4794 1.7264 4.0807 -20.4574 1.7450 25.7289 0.2188 0.0011
Car 0.0000 0 1.8910 456.2881 181.7453 573.2296 239.8198 1.3156 1.6614 4.5205 -2.2286 1.3540 18.4958 1.7749 0.0011
Car 0.0000 0 0.6477 0.0000 186.1249 109.3705 229.5927 1.4626 1.5704 4.0174 -20.0094 1.6683 24.8311 -0.0227 0.0011
Cyclist 0.0000 0 0.1621 662.9243 154.2055 698.6223 188.8859 1.9290 0.7184 1.9135 4.2729 0.4678 39.9243 0.2698 0.0011
Car 0.0000 0 2.1519 32.8372 184.8491 153.6867 228.2617 1.4912 1.6258 4.2582 -19.2921 1.6713 26.8694 1.5364 0.0011
Car 0.0000 0 -0.5520 839.2517 170.7189 1056.5441 239.8224 1.5101 1.7216 4.3246 7.8931 1.2980 16.5448 -0.1127 0.0011
Car 0.0000 0 -0.6839 933.9623 178.6510 1102.0222 245.3018 1.3098 1.3754 2.8099 8.5551 1.2751 14.8024 -0.1675 0.0011
Cyclist 0.0000 0 0.4242 663.5106 153.4906 703.5048 188.6000 1.9203 0.7812 2.0859 4.3758 0.4444 39.5356 0.5354 0.0011
Car 0.0000 0 2.2003 34.5872 185.2033 159.2819 228.0332 1.4766 1.6245 4.3019 -19.2496 1.6722 27.0106 1.5883 0.0011
Car 0.0000 0 -1.9653 900.8440 172.9691 1055.1356 248.1816 1.4708 1.7135 3.6263 8.0363 1.3251 15.6917 -1.4985 0.0011
Car 0.0000 0 0.1062 642.9542 171.7065 726.6285 209.0635 1.3999 1.4643 3.1021 3.1063 1.0719 27.5415 0.2190 0.0011
Car 0.0000 0 2.1886 28.9792 186.2523 151.3701 230.1994 1.4959 1.5597 4.2229 -19.3069 1.7321 26.7264 1.5702 0.0010
Car 0.0000 0 4.2997 0.0000 0.0000 1224.0000 370.0000 1.6509 1.8784 3.6672 -22.7365 1.8919 -0.0062 2.7444 0.0010
Car 0.0000 0 0.6621 0.0000 187.9690 115.6633 230.3636 1.4579 1.6531 3.6973 -20.0503 1.7368 25.4316 0.0021 0.0010
Car 0.0000 0 0.4906 663.0604 164.4830 769.1442 207.3924 1.5570 1.5797 3.7610 4.2460 0.9773 27.4123 0.6444 0.0010
Car 0.0000 0 3.8252 0.0000 0.0000 1224.0000 370.0000 1.4375 1.6172 4.1390 -21.3125 1.7945 1.6882 2.3501 0.0010
Car 0.0000 0 -1.8239 907.3296 172.5110 1048.1377 249.1804 1.4888 1.7572 4.1259 8.1396 1.3353 15.9266 -1.3578 0.0010
Car 0.0000 0 -2.4072 875.7003 177.9334 1069.3489 253.7142 1.4527 1.6129 3.5923 7.8388 1.4051 15.5153 -1.9460 0.0009
Car 0.0000 0 3.8100 0.0000 0.0000 1224.0000 370.0000 1.4565 1.6517 4.2886 -21.3740 1.8024 1.5412 2.3278 0.0009
Pedestrian 0.0000 0 -1.5595 668.8356 160.2394 683.9241 191.4299 1.7451 0.8406 0.6346 4.0246 0.6129 39.9175 -1.4579 0.0009
Car 0.0000 0 0.9878 667.3092 160.9672 746.8455 205.2796 1.6286 1.4551 3.4063 3.9255 0.9123 27.8321 1.1282 0.0009
Car 0.0000 0 2.1440 33.9400 185.2054 149.5379 228.5224 1.4951 1.5812 4.0775 -19.4021 1.6896 26.9208 1.5267 0.0009
Car 0.0000 0 -0.6749 929.1196 178.5555 1106.6202 244.6895 1.3008 1.3957 3.0137 8.5646 1.2642 14.8296 -0.1587 0.0009
Car 0.0000 0 1.9001 503.1590 183.7383 602.9805 239.5047 1.3067 1.5329 3.6270 -1.3032 1.4031 18.7389 1.8335 0.0008
Car 0.0000 0 1.6402 905.9013 172.0165 999.7390 254.7798 1.4864 1.5070 4.0809 7.3527 1.3357 14.8375 2.0934 0.0008
Car 0.0000 0 1.1086 671.4723 163.6509 740.2516 205.6499 1.5643 1.4625 3.0993 3.9152 0.9382 28.0310 1.2476 0.0008
Car 0.0000 0 1.2270 664.8138 168.6333 726.5934 205.8330 1.4060 1.3386 3.5828 3.5778 0.9590 28.6119 1.3518 0.0008
Pedestrian 0.0000 0 -1.5117 669.0194 159.7668 684.4633 191.2884 1.7611 0.8282 0.6884 4.0438 0.6041 39.9041 -1.4096 0.0008
Car 0.0000 0 1.1005 651.2559 169.1951 735.5175 208.3223 1.4416 1.4238 4.5793 3.4189 1.0266 28.4411 1.2206 0.0008
Car 0.0000 0 1.4086 672.0043 170.3046 719.4862 206.8011 1.3831 1.3549 3.4144 3.5813 0.9983 28.5215 1.5339 0.0008
Car 0.0000 0 -2.3282 866.3851 174.6003 1064.7456 250.9185 1.4743 1.6760 3.9139 7.7792 1.3620 15.7720 -1.8763 0.0007
Pedestrian 0.0000 0 -1.7780 853.2796 166.0796 882.1647 236.9227 1.7155 0.5408 0.6616 6.4525 1.3679 17.4820 -1.4286 0.0007
Car 0.0000 0 -2.3670 858.2297 176.1746 1073.6244 253.3412 1.4770 1.7389 4.2516 7.7801 1.3959 15.8231 -1.9163 0.0007
Car 0.0000 0 -1.4516 0.0000 0.0000 1224.0000 370.0000 1.5627 1.6752 4.1770 -18.3186 1.6281 1.0436 -2.9463 0.0007
Pedestrian 0.0000 0 -1.8264 852.7555 165.4075 882.8105 237.1251 1.7398 0.5430 0.6651 6.4622 1.3753 17.5043 -1.4770 0.0007
Pedestrian 0.0000 0 -1.3916 665.4651 162.6713 680.5494 193.0578 1.6869 0.7241 0.7339 3.8128 0.6986 39.6994 -1.2948 0.0007
Car 0.0000 0 3.3504 0.0000 0.0000 1224.0000 370.0000 1.5513 1.6257 3.8958 -18.8909 1.6279 1.9707 1.9021 0.0006
Pedestrian 0.0000 0 -1.3750 665.3342 162.8899 680.9637 193.2778 1.6852 0.7446 0.7329 3.8172 0.7100 39.6630 -1.2780 0.0006
Car 0.0000 0 1.4223 672.8439 168.1040 719.5197 206.9779 1.4609 1.4040 2.9731 3.5478 0.9966 28.0682 1.5484 0.0006
Car 0.0000 0 1.4865 674.4209 167.3457 716.9642 205.8456 1.4539 1.4192 3.1407 3.5580 0.9586 28.2934 1.6120 0.0006
Car 0.0000 0 1.5041 675.7452 168.0493 716.9922 205.8164 1.4213 1.4112 3.2559 3.5815 0.9542 28.2701 1.6305 0.0006
Car 0.0000 0 -0.8005 0.0000 129.3028 327.8607 365.6565 1.9387 1.8644 4.8539 -5.5817 1.5205 8.3587 -1.3701 0.0005
Car 0.0000 0 1.8253 536.2233 173.0184 627.7901 233.3204 1.5383 1.6554 3.9265 -0.5774 1.3490 20.1309 1.7988 0.0005
Car 0.0000 0 1.3439 665.1849 174.0354 722.0804 210.3859 1.3529 1.4378 3.7362 3.4457 1.1138 28.2437 1.4657 0.0004
Cyclist 0.0000 0 -0.9898 153.2218 178.2324 224.3800 260.7137 1.6467 0.4555 1.6504 -8.8022 1.6030 14.9479 -1.5110 0.0004
Cyclist 0.0000 0 -1.1905 0.0000 162.2458 3.4814 255.2500 1.7441 0.3480 1.2590 -12.3888 1.4034 13.9062 -1.9050 0.0004
Car 0.0000 0 -0.1575 0.0000 117.6997 21.8857 370.0000 1.8614 1.6079 3.5992 -4.7329 1.8089 2.5759 -1.1773 0.0004
Car 0.0000 0 1.3964 660.7648 169.5986 713.8435 208.9158 1.4582 1.4965 3.4674 3.1720 1.0554 27.9944 1.5097 0.0004
Cyclist 0.0000 0 0.0289 654.7713 154.8597 696.0682 190.2410 1.9719 0.7075 2.2995 3.9716 0.5443 39.9001 0.1292 0.0003
Car 0.0000 0 -1.0301 31.8827 152.2239 295.8862 316.2733 1.7836 1.4524 3.1686 -5.5479 1.4779 9.2799 -1.5521 0.0003
Car 0.0000 0 1.2434 655.5456 167.5515 721.9415 208.9043 1.5135 1.6029 3.2618 3.1823 1.0411 27.6355 1.3585 0.0002