Car 0.0000 0 1.7271 506.7030 173.5089 544.9502 203.4918 1.5390 1.4953 3.8214 -4.0390 1.1297 38.8140 1.6191 0.9297
Car 0.0000 0 1.7561 504.8310 173.8882 546.2240 203.5827 1.5239 1.5477 3.9237 -4.0570 1.1341 38.8770 1.6478 0.9229
Car 0.0000 0 1.7421 505.4532 173.7460 545.8437 203.6551 1.5339 1.5495 3.8738 -4.0461 1.1371 38.8194 1.6339 0.9201
Car 0.0000 0 1.7352 506.0953 173.5677 545.5889 203.6128 1.5416 1.5322 3.8329 -4.0365 1.1355 38.8124 1.6272 0.9186
Car 0.0000 0 1.7376 505.5605 173.4266 545.8356 203.6622 1.5512 1.5650 3.8377 -4.0432 1.1379 38.8116 1.6295 0.9160
Car 0.0000 0 1.7444 505.4539 173.7504 545.9594 203.6763 1.5343 1.5445 3.8904 -4.0424 1.1378 38.8170 1.6363 0.9120
Car 0.0000 0 1.7316 505.9295 173.2256 545.5986 203.5304 1.5546 1.5514 3.8524 -4.0399 1.1310 38.8105 1.6235 0.9095
Car 0.0000 0 1.7386 505.0576 173.5866 545.7825 203.7700 1.5486 1.5757 3.9126 -4.0609 1.1435 38.8527 1.6301 0.8819
Car 0.0000 0 1.7564 503.3084 173.8412 545.1429 203.3693 1.5139 1.5606 3.9729 -4.1248 1.1221 38.8649 1.6464 0.8572
Car 0.0000 0 1.7481 506.4412 173.9656 545.8301 203.4852 1.5162 1.4945 3.7529 -4.0225 1.1301 38.8163 1.6405 0.8405
Car 0.0000 0 1.7309 504.2771 173.4356 544.5618 203.5412 1.5455 1.5788 3.9249 -4.1174 1.1324 38.8734 1.6211 0.8366
Car 0.0000 0 1.7250 505.4345 173.1595 545.1391 203.4459 1.5526 1.5704 3.8923 -4.0641 1.1259 38.8019 1.6163 0.8292
Car 0.0000 0 1.7277 504.0732 173.2138 545.2355 203.4325 1.5473 1.6252 3.9841 -4.0956 1.1239 38.8071 1.6183 0.7953
Car 0.0000 0 1.7243 504.3458 174.2054 544.5685 203.3718 1.4924 1.5909 3.9389 -4.1026 1.1200 38.7558 1.6145 0.7297
Car 0.0000 0 1.7485 501.1854 172.5319 545.1469 203.0808 1.5590 1.6878 4.0190 -4.1626 1.1022 38.7167 1.6371 0.5839
Pedestrian 0.0000 0 -1.0589 378.1819 174.6086 398.5517 212.3084 1.6374 0.5321 0.8147 -9.3983 1.3391 31.6529 -1.3503 0.3773
Pedestrian 0.0000 0 -1.1180 378.3141 174.4429 398.4985 212.2648 1.6426 0.5352 0.8559 -9.3984 1.3371 31.6608 -1.4094 0.3718
Pedestrian 0.0000 0 -0.9948 376.3199 174.1367 397.2666 212.4250 1.6621 0.5309 0.8097 -9.4649 1.3434 31.6429 -1.2883 0.3332
Pedestrian 0.0000 0 -1.2571 379.5414 174.4366 398.3254 211.6073 1.6201 0.5584 0.8692 -9.4001 1.3132 31.7464 -1.5479 0.3305
Pedestrian 0.0000 0 -1.2770 379.5298 174.4370 398.1663 211.6129 1.6188 0.5491 0.9244 -9.4018 1.3122 31.7408 -1.5679 0.3135
Pedestrian 0.0000 0 -1.0145 375.2668 173.7605 397.3771 212.4717 1.6784 0.5536 0.8813 -9.4841 1.3438 31.6403 -1.3086 0.2871
Car 0.0000 0 0.0831 572.4825 176.3623 621.1172 195.5642 1.5091 1.6018 3.7730 -0.3241 1.1059 57.3894 0.0725 0.2173
Cyclist 0.0000 0 -1.1079 375.7773 172.8837 403.2243 212.4564 1.7069 0.5097 1.6025 -9.3867 1.3362 31.8155 -1.3977 0.2132
Car 0.0000 0 0.0951 572.6225 175.6621 620.1663 195.2590 1.5402 1.6370 3.6692 -0.3572 1.0819 57.4237 0.0839 0.2103
Pedestrian 0.0000 0 0.1868 130.5618 171.3792 151.2641 209.9755 1.7700 0.5405 0.7224 -21.3727 1.3068 33.3263 -0.3848 0.2091
Cyclist 0.0000 0 -1.1013 375.3083 173.5646 403.3201 212.9256 1.6950 0.5124 1.6296 -9.3834 1.3542 31.7780 -1.3913 0.2053
Car 0.0000 0 -3.0431 570.3159 175.9143 619.8589 195.3904 1.5300 1.6174 3.8251 -0.4612 1.0917 57.3957 -3.0561 0.1806
Car 0.0000 0 0.0477 570.7085 174.7708 618.9216 193.8071 1.5039 1.6044 3.8026 -0.4821 0.9728 57.6128 0.0344 0.1747
Car 0.0000 0 2.5436 606.5673 173.7180 660.6514 192.9128 1.4998 1.6448 4.1581 2.6342 0.8923 57.9233 2.5839 0.1676
Car 0.0000 0 -1.8486 639.4525 170.3875 679.4344 194.6340 1.5684 1.6239 4.0424 3.8859 0.8503 48.6066 -1.7742 0.1567
Pedestrian 0.0000 0 -1.2362 376.5528 174.8357 396.5595 211.9994 1.6192 0.5828 0.9148 -9.5095 1.3298 31.7630 -1.5299 0.1527
Pedestrian 0.0000 0 -1.2004 377.3325 174.9324 396.6280 211.8036 1.6100 0.5711 0.7970 -9.4981 1.3242 31.7837 -1.4937 0.1510
Car 0.0000 0 2.6429 602.4667 174.2108 660.3839 193.3846 1.5037 1.6319 4.4408 2.4589 0.9326 58.0503 2.6801 0.1409
Car 0.0000 0 2.5118 607.9128 173.8884 661.0258 192.9157 1.4818 1.6071 4.1149 2.6977 0.8896 57.7507 2.5534 0.1342
Car 0.0000 0 -3.0136 568.0754 174.7151 620.8110 193.6346 1.4930 1.6742 4.0653 -0.5157 0.9581 57.7456 -3.0274 0.1302
Pedestrian 0.0000 0 -1.0423 951.3093 169.5495 983.7656 230.6208 1.6279 0.5616 0.6041 9.9299 1.3105 19.5454 -0.5828 0.1276
Pedestrian 0.0000 0 -1.2892 952.4695 169.5954 981.6976 230.3593 1.6190 0.5690 0.6030 9.9226 1.3030 19.5511 -0.8302 0.1276
Car 0.0000 0 2.5798 604.5009 173.6196 661.2755 193.0879 1.5229 1.6490 4.3796 2.5791 0.9070 57.9950 2.6191 0.1187
Cyclist 0.0000 0 -0.9749 371.0449 173.9669 402.3840 213.1149 1.6807 0.5245 1.5945 -9.4678 1.3582 31.6757 -1.2682 0.1132
Car 0.0000 0 3.2080 0.0000 0.0000 1238.0000 374.0000 1.4864 1.5854 3.7811 -25.0655 1.9202 0.3014 1.6548 0.1114
Car 0.0000 0 2.6185 606.6642 173.4756 662.1716 192.6813 1.5107 1.6147 4.2602 2.7081 0.8800 58.2038 2.6598 0.1057
Car 0.0000 0 3.1706 0.0000 0.0000 1238.0000 374.0000 1.4609 1.5488 3.6843 -24.9871 1.9498 0.5093 1.6258 0.1053
Car 0.0000 0 2.9814 571.0815 175.2575 620.9559 195.0458 1.5400 1.6481 3.7386 -0.4238 1.0547 57.0344 2.9690 0.1052
Car 0.0000 0 -1.7299 644.7009 170.1506 678.6913 194.3426 1.5662 1.6510 3.9873 4.0391 0.8321 48.5565 -1.6523 0.1017
Car 0.0000 0 -3.0019 568.9387 175.1873 621.5353 194.2202 1.5031 1.6414 4.0489 -0.4539 1.0051 57.7965 -3.0147 0.1003
Car 0.0000 0 -1.8203 640.2665 170.0122 678.8019 194.1997 1.5646 1.6228 4.0454 3.8920 0.8222 48.5962 -1.7458 0.0998
Car 0.0000 0 -1.7301 644.8835 170.3805 678.3566 194.2912 1.5477 1.6201 3.9477 4.0325 0.8286 48.5263 -1.6526 0.0988
Car 0.0000 0 -1.7394 644.5757 169.8055 678.8786 194.1238 1.5741 1.6438 3.9442 4.0397 0.8179 48.5345 -1.6617 0.0986
Car 0.0000 0 -1.9088 637.5618 170.5256 679.7244 194.6911 1.5607 1.5986 3.9359 3.8239 0.8526 48.4987 -1.8355 0.0985
Car 0.0000 0 -1.9503 474.6379 170.4001 517.7205 194.8286 1.5974 1.5807 3.8433 -7.2106 0.8723 49.0290 -2.1005 0.0971
Car 0.0000 0 -1.8632 477.1390 170.0600 517.5795 194.4856 1.5955 1.6119 4.0650 -7.1448 0.8489 49.1015 -2.0118 0.0969
Car 0.0000 0 2.5686 604.6038 172.7902 661.7156 192.8218 1.5664 1.6699 4.4128 2.6027 0.8858 58.0089 2.6083 0.0964
Car 0.0000 0 2.5175 607.1382 172.5242 661.6127 192.5962 1.5624 1.6459 4.2149 2.6911 0.8643 57.7600 2.5589 0.0949
Car 0.0000 0 -2.0792 469.8342 169.9768 518.1949 194.7468 1.6183 1.5916 3.8052 -7.3382 0.8661 48.9177 -2.2322 0.0933
Car 0.0000 0 0.0687 571.6444 175.1076 621.9280 194.1408 1.5010 1.6386 3.9352 -0.3240 0.9974 57.5802 0.0581 0.0914
Car 0.0000 0 3.2220 0.0000 0.0000 1238.0000 374.0000 1.4485 1.5344 3.6006 -24.8632 1.9425 0.8552 1.6912 0.0890
Car 0.0000 0 -1.6734 159.4437 171.1843 195.4062 199.6720 1.7944 1.6232 4.0333 -27.9684 1.1454 47.3474 -2.2095 0.0877
Car 0.0000 0 -1.7355 644.8224 170.4878 678.3708 194.7450 1.5697 1.6053 3.9455 4.0303 0.8578 48.5176 -1.6581 0.0856
Cyclist 0.0000 0 -0.2017 930.3347 169.6388 991.3626 229.0682 1.6004 0.5377 1.4199 9.8476 1.2822 19.7779 0.2498 0.0852
Car 0.0000 0 3.0421 0.0000 0.0000 1238.0000 374.0000 1.4682 1.5653 3.5445 -24.8253 1.9311 0.5390 1.4986 0.0840
Car 0.0000 0 -1.8989 479.3143 172.0075 519.3378 196.3185 1.5877 1.5939 3.6342 -6.9737 0.9685 48.8921 -2.0447 0.0836
Car 0.0000 0 -1.6633 486.0913 170.3804 516.1219 194.3546 1.5694 1.6435 4.0784 -6.8968 0.8422 49.1945 -1.8068 0.0827
Car 0.0000 0 -1.4723 486.6131 170.4030 517.1911 194.4052 1.5806 1.6830 4.4087 -6.8045 0.8505 49.5388 -1.6131 0.0826
Car 0.0000 0 -1.9777 473.8386 170.1368 517.5808 194.9257 1.6210 1.5956 3.7112 -7.2310 0.8786 48.9671 -2.1285 0.0818
Car 0.0000 0 -1.8423 480.6453 170.4424 518.6687 194.9986 1.6054 1.6000 3.7579 -6.9687 0.8832 49.0027 -1.9878 0.0803
Car 0.0000 0 0.0543 571.1175 175.2639 620.3103 194.4275 1.5128 1.6156 3.8701 -0.4098 1.0211 57.5935 0.0422 0.0798
Pedestrian 0.0000 0 3.4547 99.8578 197.7005 149.4491 277.7005 1.3271 0.3456 0.6302 -8.1763 1.6107 12.2660 2.8711 0.0782
Car 0.0000 0 -1.7784 482.5000 170.5964 517.8281 194.8741 1.5880 1.6000 3.9012 -6.9477 0.8755 49.0908 -1.9232 0.0775
Car 0.0000 0 -2.0038 470.9026 169.9671 517.7990 194.4332 1.5974 1.6046 4.0308 -7.3369 0.8451 49.0214 -2.1565 0.0773
Car 0.0000 0 -1.9109 479.5213 171.1932 519.6636 195.6076 1.5962 1.5748 3.6148 -6.9602 0.9231 48.9288 -2.0564 0.0770
Cyclist 0.0000 0 2.5161 940.8196 170.1159 1000.4428 229.0500 1.5882 0.5503 1.4057 10.1100 1.2826 19.7412 2.9788 0.0757
Cyclist 0.0000 0 -1.1291 373.1346 173.8880 399.5012 213.3399 1.7003 0.5129 1.5403 -9.5108 1.3732 31.7556 -1.4229 0.0756
Car 0.0000 0 -2.0881 470.0492 169.9068 517.3358 194.7341 1.6225 1.5815 3.6247 -7.3469 0.8656 48.8525 -2.2415 0.0745
Pedestrian 0.0000 0 -2.6392 1056.7776 165.6831 1102.7749 253.6976 1.6403 0.4828 0.5736 9.1153 1.3468 13.7523 -2.0678 0.0743
Pedestrian 0.0000 0 -2.3506 1055.3452 164.9717 1103.7697 252.9942 1.6435 0.4993 0.5905 9.1064 1.3362 13.7506 -1.7796 0.0740
Car 0.0000 0 -1.5555 491.3662 170.8838 516.5159 194.7490 1.5648 1.6380 3.9150 -6.6361 0.8694 49.1419 -1.6940 0.0732
Cyclist 0.0000 0 -0.7748 941.2231 164.1419 1005.6689 227.5466 1.6942 0.5683 1.6543 10.1789 1.2316 19.7140 -0.3087 0.0724
Pedestrian 0.0000 0 -1.0044 1063.8324 154.8349 1109.6365 236.2413 1.7824 0.6253 0.6100 10.8615 1.1998 16.1357 -0.4245 0.0701
Car 0.0000 0 -2.0186 472.9213 170.7049 517.9667 195.5132 1.6193 1.6104 3.6103 -7.2266 0.9154 48.8307 -2.1697 0.0691
Car 0.0000 0 0.0681 570.1571 175.1425 620.0468 194.2361 1.5074 1.6192 3.9086 -0.4596 1.0060 57.6249 0.0552 0.0690
Car 0.0000 0 1.4746 647.9348 170.8573 669.8825 187.9571 1.5753 1.6615 4.1586 5.4706 0.5952 68.2697 1.5494 0.0689
Car 0.0000 0 1.3855 646.4348 170.5970 672.5695 187.6149 1.5695 1.7258 4.1192 5.5327 0.5643 68.3876 1.4610 0.0676
Car 0.0000 0 3.0187 0.0000 0.0000 1238.0000 374.0000 1.4600 1.5091 3.7392 -25.0004 1.9460 1.1258 1.4984 0.0676
Car 0.0000 0 -1.2577 485.0060 170.8144 527.3744 194.3815 1.5491 1.6822 4.2433 -6.4878 0.8474 49.4518 -1.3924 0.0666
Car 0.0000 0 3.2733 0.0000 0.0000 1238.0000 374.0000 1.4657 1.5305 3.7022 -25.0151 1.9478 0.6283 1.7332 0.0652
Car 0.0000 0 -1.9874 473.7340 170.5133 517.1726 195.2069 1.6148 1.5771 3.6308 -7.2408 0.8970 48.9258 -2.1385 0.0625
Car 0.0000 0 -1.6674 483.1224 171.0361 513.9798 194.7212 1.5524 1.6549 4.4458 -7.1106 0.8672 49.4354 -1.8145 0.0614
Pedestrian 0.0000 0 -1.1146 1053.1609 154.5257 1096.2466 234.5767 1.7860 0.6002 0.6578 10.8021 1.1854 16.4513 -0.5460 0.0610
Car 0.0000 0 -1.8101 153.5070 171.0257 197.7852 197.6068 1.6773 1.5992 3.9779 -28.0578 1.0171 47.3037 -2.3480 0.0609
Car 0.0000 0 -2.2274 466.0743 170.1183 517.6550 194.5100 1.5951 1.5584 3.6344 -7.4554 0.8515 48.7873 -2.3832 0.0592
Car 0.0000 0 -1.8122 639.8967 169.0756 679.3698 194.0700 1.6148 1.6892 4.1567 3.8960 0.8128 48.5969 -1.7375 0.0591
Cyclist 0.0000 0 -0.6156 938.4469 167.4803 1000.4601 229.3381 1.6557 0.5028 1.4944 9.9994 1.2816 19.5875 -0.1542 0.0589
Car 0.0000 0 -1.8561 647.1170 169.7293 676.8446 188.2140 1.7015 1.6564 4.2857 5.7641 0.6184 68.3851 -1.7772 0.0587
Car 0.0000 0 -1.6298 649.4071 170.6142 677.6040 193.9357 1.5075 1.6342 3.9685 4.1567 0.8046 48.4326 -1.5496 0.0570
Car 0.0000 0 1.3316 647.3187 170.1407 675.3450 187.8324 1.6300 1.6662 4.2913 5.7073 0.5838 68.4302 1.4096 0.0565
Car 0.0000 0 -2.1360 472.2890 171.7972 519.3369 195.4998 1.5492 1.5437 3.4435 -7.1839 0.9157 48.7548 -2.2865 0.0563
Car 0.0000 0 -1.6657 647.6024 169.9670 678.0046 193.5859 1.5301 1.6513 3.9476 4.1147 0.7836 48.5192 -1.5865 0.0562
Cyclist 0.0000 0 2.4088 943.0385 168.7331 1003.2516 228.7991 1.6127 0.5649 1.4790 10.1874 1.2710 19.7509 2.8745 0.0555
Car 0.0000 0 -1.8037 153.1113 170.8974 197.8280 197.9443 1.7044 1.6283 4.0525 -28.0600 1.0370 47.2857 -2.3418 0.0554
Car 0.0000 0 -2.0416 632.1205 170.6092 680.2009 194.3349 1.5324 1.6108 3.9273 3.6572 0.8297 48.5162 -1.9717 0.0543
Car 0.0000 0 1.2332 641.1006 171.6023 682.6564 195.0971 1.5046 1.6271 3.6474 4.0019 0.8715 47.9719 1.3110 0.0537
Pedestrian 0.0000 0 -0.4280 1008.6080 163.9942 1046.2015 229.5866 1.7070 0.5874 0.6686 11.2370 1.2526 19.0153 0.0945 0.0518
Car 0.0000 0 -1.8302 642.6962 171.1539 680.8278 195.1762 1.5460 1.5653 3.9635 4.0206 0.8809 48.3178 -1.7526 0.0513
Pedestrian 0.0000 0 2.8536 101.3482 195.9910 149.9176 276.4092 1.3205 0.3652 0.6141 -8.1682 1.5765 12.2720 2.2706 0.0513
Car 0.0000 0 -1.6853 646.3201 169.1932 678.2925 193.3772 1.5681 1.6783 4.0269 4.0869 0.7708 48.6170 -1.6068 0.0490
Car 0.0000 0 -1.6508 490.2105 171.3260 519.1038 195.4101 1.5759 1.6346 3.7969 -6.6282 0.9109 49.0311 -1.7894 0.0482
Car 0.0000 0 -2.0963 469.3298 170.0092 516.8967 195.0046 1.6334 1.5846 3.6170 -7.3847 0.8832 48.8448 -2.2505 0.0474
Car 0.0000 0 -2.2122 466.8611 170.8254 518.5674 194.6747 1.5593 1.5693 3.6870 -7.4035 0.8621 48.8148 -2.3668 0.0471
Car 0.0000 0 -1.4565 489.1998 170.6771 520.1039 194.3961 1.5584 1.6714 3.9933 -6.5753 0.8480 49.2098 -1.5936 0.0467
Car 0.0000 0 -1.6614 648.0589 170.1325 677.7555 193.6912 1.5262 1.6198 3.9425 4.1220 0.7905 48.5119 -1.5821 0.0461
Car 0.0000 0 -1.6834 155.2853 168.2528 192.9540 197.6725 1.8514 1.6640 4.1543 -28.1939 1.0184 47.3574 -2.2229 0.0440
Pedestrian 0.0000 0 -1.5401 140.5504 163.1891 159.2979 208.0652 1.8801 0.6531 0.8657 -19.2628 1.1139 30.6308 -2.1026 0.0439
Car 0.0000 0 -1.4717 366.3687 168.0155 393.4536 188.9657 1.6143 1.6855 4.1779 -17.6873 0.5758 57.5653 -1.7734 0.0431
Car 0.0000 0 -1.5620 492.4478 170.9566 517.6830 194.7956 1.5616 1.6424 3.7828 -6.5585 0.8716 49.0343 -1.6992 0.0426
Car 0.0000 0 -2.1123 472.5086 171.2238 520.5198 195.2591 1.5720 1.5818 3.6168 -7.1576 0.9006 48.8764 -2.2619 0.0425
Pedestrian 0.0000 0 -1.5332 140.1962 163.1159 159.2773 207.7326 1.8679 0.6581 0.8927 -19.2647 1.0992 30.6215 -2.0959 0.0415
Car 0.0000 0 4.1108 0.0000 0.0000 1238.0000 374.0000 1.4970 1.6377 4.1502 -25.2878 2.0141 0.3546 2.5595 0.0413
Car 0.0000 0 -2.0201 632.1262 169.7975 680.6266 193.9813 1.5611 1.6704 4.0081 3.6710 0.8064 48.5365 -1.9499 0.0404
Car 0.0000 0 -2.2684 464.1132 170.0698 518.4963 195.0099 1.6283 1.5904 3.7644 -7.4847 0.8827 48.7327 -2.4249 0.0399
Car 0.0000 0 3.1539 0.0000 0.0000 1238.0000 374.0000 1.4674 1.5061 3.5165 -24.8723 1.9474 1.0432 1.6307 0.0384
Pedestrian 0.0000 0 2.1921 1064.1340 157.8515 1109.0845 238.0359 1.7590 0.5993 0.6042 10.8641 1.2414 16.1441 2.7718 0.0381
Car 0.0000 0 -1.5679 650.7003 169.3531 676.1721 193.3542 1.5567 1.6482 3.9767 4.2004 0.7695 48.6379 -1.4871 0.0376
Car 0.0000 0 -1.7034 155.2359 167.1997 194.8501 197.6300 1.9172 1.6908 4.2337 -28.1814 1.0169 47.4371 -2.2419 0.0375
Car 0.0000 0 -1.4597 78.7521 172.0139 129.1059 206.5074 1.6444 1.6868 3.8179 -25.0923 1.1931 36.3228 -2.0658 0.0373
Car 0.0000 0 1.4905 648.1049 171.3519 668.9594 188.0499 1.5347 1.6144 4.1833 5.4237 0.6024 68.1171 1.5647 0.0372
Car 0.0000 0 4.1206 0.0000 0.0000 1238.0000 374.0000 1.5123 1.6087 3.9009 -25.0477 1.9553 0.4493 2.5733 0.0362
Pedestrian 0.0000 0 0.0004 192.4204 166.0116 217.7347 209.3740 1.9521 0.5797 1.0059 -18.1257 1.2557 32.8320 -0.5057 0.0360
Car 0.0000 0 1.2263 649.4375 168.4932 681.4290 186.8929 1.6935 1.6312 4.3719 6.0949 0.4967 68.4360 1.3100 0.0354
Car 0.0000 0 -0.8361 362.3760 166.5506 418.5212 191.1218 1.8893 1.7122 4.5701 -16.8465 0.7404 57.6610 -1.1240 0.0352
Car 0.0000 0 -1.4591 366.4112 164.3004 395.0066 189.0942 1.9127 1.7306 4.4432 -17.6773 0.5864 57.7577 -1.7597 0.0350
Car 0.0000 0 1.3990 648.0880 170.1032 673.5786 187.6018 1.6081 1.6682 4.3504 5.6469 0.5611 68.2569 1.4763 0.0342
Cyclist 0.0000 0 -0.7106 1043.4915 155.2220 1131.5350 235.2993 1.7624 0.5259 1.7283 10.9051 1.1853 16.1801 -0.1302 0.0342
Car 0.0000 0 1.4359 648.6987 170.6491 672.3057 187.6493 1.5620 1.6431 4.3045 5.6127 0.5654 68.1949 1.5129 0.0339
Pedestrian 0.0000 0 -1.5058 145.1017 166.8717 165.7428 213.5152 1.9608 0.7061 0.7169 -19.0574 1.3468 30.6775 -2.0629 0.0336
Car 0.0000 0 -2.3115 459.8560 169.4068 518.3189 194.4750 1.6371 1.6655 3.9795 -7.6449 0.8480 48.7982 -2.4710 0.0331
Car 0.0000 0 1.4140 643.7498 169.2402 680.8980 194.3233 1.6101 1.7990 4.3797 4.0556 0.8239 48.3623 1.4923 0.0330
Car 0.0000 0 -2.1748 468.5124 170.2025 519.7106 194.5782 1.5951 1.5822 3.7567 -7.3259 0.8565 48.9115 -2.3276 0.0319
Pedestrian 0.0000 0 -1.5080 138.2591 160.8526 157.9770 206.6158 1.9130 0.6634 0.7771 -19.2738 1.0509 30.5257 -2.0723 0.0317
Pedestrian 0.0000 0 -0.4302 190.7105 165.8478 219.4125 209.1662 1.9460 0.5949 0.9916 -18.1311 1.2438 32.8423 -0.9362 0.0317
Car 0.0000 0 -0.8919 362.9298 164.3212 418.3644 190.1018 1.9870 1.7228 4.7057 -16.8852 0.6635 57.8658 -1.1794 0.0316
Cyclist 0.0000 0 -0.5559 942.4463 164.5523 1015.6677 228.0752 1.6898 0.5849 1.7103 10.1936 1.2401 19.4692 -0.0842 0.0312
Car 0.0000 0 -1.5580 368.2605 168.8324 390.7480 189.6828 1.6046 1.6613 4.0823 -17.7111 0.6303 57.4730 -1.8605 0.0311
Car 0.0000 0 -0.7698 364.6327 166.2939 422.6865 191.6183 1.9480 1.7121 4.5884 -16.5937 0.7789 57.6695 -1.0537 0.0306
Car 0.0000 0 1.4564 645.5040 170.9697 667.8687 187.6435 1.5323 1.6430 3.9888 5.2425 0.5650 68.0409 1.5281 0.0305
Car 0.0000 0 1.4859 162.0326 171.1751 196.5067 199.7115 1.7981 1.6101 4.0320 -27.8598 1.1483 47.3699 0.9518 0.0304
Pedestrian 0.0000 0 -0.6163 99.7666 162.0822 125.8589 203.3607 1.7925 0.6973 0.6705 -21.5246 0.9502 31.6262 -1.2150 0.0301
Pedestrian 0.0000 0 -0.6149 369.6670 172.5875 391.2667 212.2267 1.7023 0.5455 0.7163 -9.6406 1.3206 31.2971 -0.9165 0.0300
Car 0.0000 0 -1.7131 361.2910 168.7936 390.6225 189.4515 1.5881 1.6641 4.0255 -18.0217 0.6118 57.3930 -2.0209 0.0297
Car 0.0000 0 -2.2307 466.0829 170.9636 517.3538 194.7417 1.5515 1.5504 3.5862 -7.4454 0.8647 48.6613 -2.3866 0.0295
Car 0.0000 0 1.4648 647.2822 170.3431 669.6409 187.6236 1.5888 1.6574 4.1625 5.4177 0.5634 68.1472 1.5389 0.0292
Car 0.0000 0 -1.3361 68.5850 171.1953 131.0206 205.5143 1.6206 1.6918 4.0060 -25.1180 1.1349 36.0912 -1.9456 0.0292
Car 0.0000 0 1.5351 163.9521 171.6784 195.3342 200.0786 1.7878 1.6256 4.0708 -27.8345 1.1703 47.3694 1.0013 0.0292
Car 0.0000 0 -1.1272 363.4471 167.7247 407.7454 190.4166 1.7538 1.7246 4.3540 -17.2798 0.6897 57.7954 -1.4213 0.0288
Car 0.0000 0 1.5227 651.7522 171.4025 671.0081 187.8817 1.5148 1.5960 4.1415 5.6963 0.5870 68.1207 1.6009 0.0288
Pedestrian 0.0000 0 -1.5106 946.1285 171.8389 968.4887 230.6844 1.5891 0.5260 0.5358 9.7601 1.3293 19.7575 -1.0623 0.0286
Car 0.0000 0 1.7716 597.0513 175.2636 624.7142 194.3832 1.4983 1.5792 3.5667 0.8209 1.0101 58.1989 1.7806 0.0283
Car 0.0000 0 -1.8385 637.8674 168.4783 679.1389 193.6335 1.6359 1.7276 4.1936 3.8451 0.7898 48.9363 -1.7654 0.0281
Car 0.0000 0 1.4639 647.5067 170.0148 670.0210 187.7644 1.6313 1.6656 4.1865 5.4450 0.5761 68.1351 1.5385 0.0280
Car 0.0000 0 1.1640 647.3658 169.1355 681.7977 187.3334 1.6754 1.6667 4.3353 6.0145 0.5374 68.4499 1.2465 0.0279
Pedestrian 0.0000 0 -1.4994 137.9361 160.4770 157.7247 206.8215 1.9369 0.6603 0.7616 -19.2767 1.0592 30.5107 -2.0640 0.0277
Car 0.0000 0 -1.2659 490.0880 170.8222 530.9038 194.7327 1.5656 1.6638 3.9929 -6.1582 0.8671 49.1433 -1.3949 0.0276
Car 0.0000 0 -1.6515 363.0227 161.6859 390.8277 190.1268 2.1859 1.7484 4.5318 -18.0239 0.6636 57.6339 -1.9582 0.0275
Car 0.0000 0 3.7339 60.8954 173.4915 170.6997 208.1817 1.6116 1.5608 4.1651 -23.0424 1.2405 34.1547 3.1389 0.0273
Cyclist 0.0000 0 1.7120 143.2355 167.7365 163.1018 213.1276 1.8847 0.5032 1.6004 -19.1361 1.3142 30.6567 1.1528 0.0271
Cyclist 0.0000 0 1.6452 140.8465 166.1082 159.0079 207.7568 1.7282 0.5416 1.6122 -19.2667 1.0905 30.6429 1.0828 0.0266
Pedestrian 0.0000 0 -1.8290 1008.3294 161.4764 1041.6134 229.2391 1.7613 0.6004 0.6797 11.2064 1.2420 19.0740 -1.3089 0.0263
Pedestrian 0.0000 0 -0.9793 100.4200 161.6094 126.3962 202.4843 1.7813 0.7006 0.6559 -21.5004 0.9155 31.6328 -1.5774 0.0263
Car 0.0000 0 -1.0955 363.2282 169.2567 407.5758 190.6401 1.6512 1.6872 4.2009 -17.2656 0.7063 57.6845 -1.3899 0.0262
Car 0.0000 0 1.3605 155.0285 169.1177 199.0649 199.2007 1.8968 1.6726 4.0775 -27.9969 1.1168 47.3534 0.8241 0.0261
Cyclist 0.0000 0 1.2862 946.9592 169.3810 986.0783 230.2865 1.6026 0.5019 1.6274 9.9819 1.2849 19.7440 1.7438 0.0260
Car 0.0000 0 -0.8061 362.9043 169.5860 418.0883 191.7318 1.7026 1.6995 4.3695 -16.8178 0.7872 57.5538 -1.0940 0.0259
Car 0.0000 0 -1.7724 360.4478 169.3829 391.6591 189.7172 1.5645 1.6135 3.9001 -18.0030 0.6328 57.3616 -2.0801 0.0258
Car 0.0000 0 -1.4311 366.3560 159.8682 396.7978 189.3623 2.2784 1.7276 4.7040 -17.6596 0.6079 57.9467 -1.7305 0.0257
Car 0.0000 0 0.9107 78.9291 176.6769 174.0814 211.6843 1.6195 1.6823 4.0771 -22.9286 1.3973 34.6777 0.3250 0.0251
Car 0.0000 0 -1.1818 363.9685 163.8520 407.0984 189.2588 1.9615 1.7187 4.6124 -17.2920 0.5996 57.8328 -1.4760 0.0251
Pedestrian 0.0000 0 -1.6847 98.0916 162.9850 120.2094 206.0777 1.8682 0.7265 0.7141 -21.7045 1.0665 31.6477 -2.2869 0.0251
Car 0.0000 0 1.3864 155.6891 169.3472 198.6016 198.5572 1.8398 1.6922 4.1420 -27.9939 1.0751 47.3570 0.8501 0.0249
Pedestrian 0.0000 0 -1.5709 945.9686 170.9701 968.3654 230.4087 1.6024 0.5438 0.5732 9.7393 1.3197 19.7386 -1.1230 0.0248
Car 0.0000 0 1.5884 649.6776 171.9589 667.3835 187.9806 1.4683 1.6193 3.9760 5.4576 0.5943 67.8826 1.6635 0.0246
Car 0.0000 0 1.8608 648.7283 168.7971 688.1960 193.0426 1.5680 1.6127 3.9584 4.5876 0.7472 48.5919 1.9495 0.0246
Cyclist 0.0000 0 -1.1482 375.8688 171.9532 402.2228 212.1890 1.7206 0.5180 1.5661 -9.3222 1.3133 31.5258 -1.4385 0.0244
Pedestrian 0.0000 0 -1.6405 98.4642 163.0662 119.4425 206.6573 1.8897 0.7126 0.7202 -21.7088 1.0915 31.6407 -2.2430 0.0243
Car 0.0000 0 -2.0465 630.5092 168.5006 681.3392 193.6764 1.6281 1.7333 4.0862 3.6489 0.7881 48.6705 -1.9770 0.0242
Cyclist 0.0000 0 1.1984 937.8554 173.6247 981.3671 232.5069 1.5448 0.4821 1.6452 9.7587 1.3394 19.6821 1.6482 0.0239
Pedestrian 0.0000 0 -0.0789 194.1536 166.7019 220.6195 210.3171 1.9695 0.6243 1.0182 -18.1018 1.3022 32.9756 -0.5826 0.0235
Cyclist 0.0000 0 -1.6006 1067.1300 165.8217 1096.5720 254.6891 1.5986 0.3921 1.5694 9.1037 1.3179 13.6928 -1.0279 0.0235
Car 0.0000 0 -0.7538 364.6378 166.7293 421.7533 192.4176 1.9744 1.6471 4.4953 -16.6031 0.8397 57.5620 -1.0383 0.0235
Car 0.0000 0 0.9683 0.0000 0.0000 1238.0000 374.0000 1.4978 1.6417 4.2835 -25.4109 2.0451 1.3862 -0.5426 0.0235
Car 0.0000 0 1.4647 162.3887 172.9925 197.7962 200.9674 1.7662 1.6106 3.7641 -27.7861 1.2298 47.3414 0.9314 0.0234
Cyclist 0.0000 0 2.2592 1051.2729 158.9580 1131.2444 237.3019 1.7068 0.5380 1.7073 10.9809 1.2169 16.1548 2.8435 0.0231
Car 0.0000 0 4.2395 0.0000 0.0000 1238.0000 374.0000 1.5259 1.6680 4.3236 -25.7583 2.0168 0.3263 2.6866 0.0231
Car 0.0000 0 -1.9370 350.0802 163.4948 392.7579 188.5952 1.9269 1.7501 4.4655 -18.4011 0.5452 57.4280 -2.2506 0.0228
Pedestrian 0.0000 0 -1.1197 944.3895 170.9202 974.9697 231.1405 1.6036 0.5230 0.6366 9.7091 1.3231 19.5288 -0.6689 0.0223
Car 0.0000 0 -2.2926 463.9152 170.4583 516.6470 194.6858 1.5801 1.5517 3.5581 -7.5259 0.8606 48.5772 -2.4504 0.0222
Pedestrian 0.0000 0 -1.8484 139.3592 166.7886 162.9317 215.3139 2.0296 0.6994 0.6398 -19.1453 1.4153 30.5161 -2.4099 0.0219
Car 0.0000 0 -2.7247 0.0000 0.0000 1238.0000 374.0000 1.5113 1.6589 4.0248 37.2623 1.0049 0.9118 -1.1903 0.0218
Car 0.0000 0 -1.2174 488.9128 170.6193 532.8430 194.9315 1.5887 1.7009 4.0391 -6.1237 0.8784 49.0973 -1.3457 0.0218
Car 0.0000 0 1.1919 552.0793 173.9168 587.9830 192.9381 1.4942 1.5667 3.9146 -2.5699 0.8990 58.5307 1.1433 0.0216
Car 0.0000 0 -2.1410 467.5079 169.7164 517.4333 194.7169 1.6320 1.5895 3.7111 -7.4223 0.8635 48.8049 -2.2960 0.0214
Pedestrian 0.0000 0 -0.4713 192.4621 166.3694 221.9471 210.1253 1.9737 0.6362 1.0090 -18.1168 1.2922 32.9960 -0.9751 0.0213
Car 0.0000 0 0.3031 573.1324 175.3908 625.6656 194.0597 1.4702 1.6512 3.9251 -0.1317 0.9896 57.9286 0.2959 0.0212
Car 0.0000 0 0.9566 0.0000 0.0000 1238.0000 374.0000 1.4950 1.6484 4.1769 -25.4538 2.0352 1.3798 -0.5548 0.0207
Pedestrian 0.0000 0 -1.8190 139.3346 166.1696 163.5412 214.7775 2.0322 0.7270 0.6776 -19.1397 1.3923 30.5266 -2.3802 0.0207
Car 0.0000 0 -1.5530 651.2227 169.3864 676.8903 193.2031 1.5484 1.6653 4.0007 4.2851 0.7615 48.7713 -1.4707 0.0206
Car 0.0000 0 -0.8379 362.7564 168.2646 417.2256 191.3178 1.7718 1.6905 4.3939 -16.8559 0.7551 57.5521 -1.1265 0.0206
Car 0.0000 0 1.5379 567.0828 174.2952 587.7178 193.3220 1.4995 1.5339 3.8011 -1.9604 0.9322 58.5596 1.4997 0.0206
Car 0.0000 0 0.7188 66.4505 176.2709 173.7566 210.8886 1.6083 1.6421 4.2451 -23.0580 1.3663 34.4552 0.1276 0.0203
Car 0.0000 0 1.0278 0.0000 0.0000 1238.0000 374.0000 1.4871 1.6107 4.1408 -25.3342 1.9738 1.4726 -0.4796 0.0203
Car 0.0000 0 1.3509 559.2594 174.0844 588.4699 192.9622 1.4847 1.5546 3.8547 -2.2558 0.9020 58.5562 1.3077 0.0199
Car 0.0000 0 1.1205 479.4841 170.8273 527.5994 195.8000 1.6173 1.7271 3.7992 -6.6463 0.9268 48.5785 0.9803 0.0197
Car 0.0000 0 1.2029 0.0000 0.0000 1238.0000 374.0000 1.5765 1.6714 4.1698 -25.3499 1.9562 0.0613 -0.3600 0.0197
Pedestrian 0.0000 0 -1.2439 943.9699 169.4652 973.1949 230.6780 1.6300 0.5374 0.6493 9.6887 1.3107 19.5456 -0.7942 0.0195
Car 0.0000 0 3.9364 0.0000 0.0000 1238.0000 374.0000 1.4670 1.5655 4.0598 -25.4137 2.0175 1.0940 2.4140 0.0195
Car 0.0000 0 -1.2219 488.5692 170.8494 533.6419 194.7952 1.5683 1.7112 4.3274 -6.1327 0.8715 49.3433 -1.3498 0.0191
Car 0.0000 0 -1.6991 361.6978 166.0312 391.3784 189.0948 1.7705 1.7194 4.2205 -17.9856 0.5836 57.4182 -2.0062 0.0188
Car 0.0000 0 -1.5431 367.8703 169.7776 390.4919 190.0728 1.5626 1.6362 3.8677 -17.6999 0.6606 57.3872 -1.8459 0.0188
Car 0.0000 0 -2.4032 73.2192 174.4251 175.6986 209.8266 1.6444 1.6505 4.0397 -22.8723 1.3167 34.4840 -2.9903 0.0184
Car 0.0000 0 -1.4650 387.9241 176.2625 430.1933 209.4962 1.4527 1.5343 3.5801 -8.8705 1.2247 33.2853 -1.7285 0.0183
Cyclist 0.0000 0 -2.2372 755.2563 166.4564 773.4513 192.7184 1.6776 0.3749 1.3742 10.5674 0.7173 46.5852 -2.0202 0.0183
Cyclist 0.0000 0 1.1325 138.3738 167.7916 173.2169 212.8244 1.8790 0.5717 1.7542 -19.0603 1.3080 30.6875 0.5755 0.0182
Car 0.0000 0 -0.3894 486.6866 171.3848 549.4836 195.1866 1.5630 1.6435 3.9107 -5.6456 0.8995 48.8390 -0.5089 0.0179
Car 0.0000 0 -1.0094 362.1966 168.9707 410.0753 190.6716 1.6717 1.7082 4.2118 -17.1770 0.7071 57.5886 -1.3029 0.0179
Car 0.0000 0 1.5307 567.2938 173.3105 588.6364 192.1168 1.4819 1.5604 3.9352 -1.9181 0.8371 58.6242 1.4932 0.0178
Car 0.0000 0 -1.4380 388.3160 176.8712 432.5093 210.0726 1.4571 1.5331 3.6171 -8.8391 1.2549 33.4138 -1.6998 0.0174
Car 0.0000 0 -1.8007 276.1006 170.0977 314.9218 194.0445 1.6523 1.6412 4.2084 -22.0544 0.8662 51.7430 -2.2067 0.0173
Car 0.0000 0 0.9634 0.0000 0.0000 1238.0000 374.0000 1.5134 1.6457 4.0870 -25.5664 2.0452 1.3671 -0.5487 0.0172
Car 0.0000 0 0.8450 73.4859 176.8454 174.1796 211.0373 1.5833 1.6808 4.1894 -23.0001 1.3687 34.6061 0.2568 0.0172
Car 0.0000 0 -1.7367 282.3622 170.9946 315.9904 194.5824 1.6314 1.6049 3.8422 -21.7801 0.9054 51.7299 -2.1383 0.0170
Car 0.0000 0 -1.7422 281.7447 170.8649 316.4258 194.4016 1.6269 1.6189 4.0681 -21.8182 0.8924 51.7984 -2.1440 0.0169
Car 0.0000 0 -2.0544 467.0565 168.8955 515.1410 194.8186 1.6899 1.5986 3.8749 -7.5292 0.8689 48.8554 -2.2115 0.0168
Car 0.0000 0 1.4118 560.3323 173.5515 587.4199 192.2550 1.4719 1.5743 3.9917 -2.2581 0.8469 58.6394 1.3686 0.0168
Car 0.0000 0 1.2952 649.1298 171.0899 689.4095 195.2459 1.5121 1.6758 3.6087 4.3916 0.8612 46.8921 1.3831 0.0164
Car 0.0000 0 -1.7943 277.3265 170.4042 315.9094 194.1809 1.6424 1.6469 4.2415 -22.0067 0.8766 51.8177 -2.1990 0.0163
Car 0.0000 0 0.8348 85.5583 174.4340 185.5403 210.5496 1.7098 1.7054 4.2675 -22.9328 1.3762 35.3741 0.2580 0.0162
Car 0.0000 0 -2.5195 0.0000 0.0000 1238.0000 374.0000 1.5837 1.6501 4.2125 37.8652 1.0736 0.7899 -0.9814 0.0161
Cyclist 0.0000 0 -1.7241 1054.2858 163.1786 1095.1074 251.4022 1.6180 0.4147 1.4805 9.1198 1.2832 13.9326 -1.1584 0.0159
Car 0.0000 0 -1.8527 357.2974 169.0703 392.3729 189.5267 1.5676 1.6043 3.9701 -18.0319 0.6157 57.1408 -2.1619 0.0158
Car 0.0000 0 -2.7340 0.0000 0.0000 1238.0000 374.0000 1.6144 1.6789 4.1682 37.1488 0.9971 1.1521 -1.2062 0.0156
Car 0.0000 0 1.1420 0.0000 0.0000 1238.0000 374.0000 1.5374 1.8118 4.1926 -25.4619 2.0490 1.5610 -0.3622 0.0155
Car 0.0000 0 -0.7518 362.8544 169.9016 418.0331 191.9867 1.6974 1.6756 4.2421 -16.8000 0.8065 57.4593 -1.0400 0.0155
Car 0.0000 0 -1.1135 364.0598 169.2286 406.2158 190.5656 1.6453 1.6556 3.9791 -17.2322 0.6996 57.4841 -1.4084 0.0155
Pedestrian 0.0000 0 -1.5103 69.7940 159.8336 89.8752 208.2599 1.9523 0.6233 0.7587 -21.3926 1.0798 29.4448 -2.1394 0.0154
Car 0.0000 0 0.7125 61.3360 176.6960 173.4487 210.4739 1.5682 1.6674 4.4504 -23.1733 1.3461 34.4384 0.1187 0.0154
Car 0.0000 0 1.1530 551.0222 174.0475 588.1773 193.2426 1.5058 1.5617 3.8788 -2.6000 0.9217 58.4307 1.1038 0.0154
Car 0.0000 0 0.7634 72.4737 176.6464 174.3162 211.1753 1.6064 1.6866 4.0379 -23.0018 1.3815 34.5983 0.1752 0.0153
Car 0.0000 0 1.8243 173.3759 170.9212 218.7263 200.2149 1.8647 1.6608 4.1424 -26.9753 1.1920 47.9390 1.3091 0.0152
Car 0.0000 0 1.5504 567.6455 174.5893 587.4633 193.4145 1.4815 1.5127 3.7128 -1.9421 0.9382 58.4258 1.5124 0.0151
Pedestrian 0.0000 0 -1.2928 65.4310 159.7379 90.6594 210.6453 2.0476 0.6750 0.6735 -21.3763 1.1733 29.3226 -1.9234 0.0150
Car 0.0000 0 -0.7709 364.4196 165.7370 422.0351 192.0139 2.0163 1.6906 4.5471 -16.5841 0.8073 57.5127 -1.0553 0.0147
Car 0.0000 0 1.4023 156.2063 167.2488 198.4824 198.8971 1.9909 1.6988 4.2403 -27.9782 1.0951 47.3500 0.8661 0.0146
Car 0.0000 0 -2.0893 468.6218 169.3865 516.0464 194.7250 1.6545 1.5542 3.6791 -7.4359 0.8642 48.8238 -2.2446 0.0146
Car 0.0000 0 1.6920 165.5316 171.5983 202.5603 200.1251 1.8000 1.6588 3.9758 -27.5227 1.1759 47.4762 1.1641 0.0145
Car 0.0000 0 -2.7427 0.0000 0.0000 1238.0000 374.0000 1.4939 1.6670 3.9937 37.2633 0.9695 0.7924 -1.2051 0.0145
Car 0.0000 0 -1.8818 56.0876 174.7391 125.7928 208.0822 1.5686 1.6708 3.9912 -25.3725 1.2515 35.6532 -2.5018 0.0144
Pedestrian 0.0000 0 -1.2274 64.8384 160.2696 91.3683 210.8779 2.0361 0.6984 0.6496 -21.3638 1.1830 29.3087 -1.8580 0.0144
Car 0.0000 0 -2.4917 0.0000 0.0000 1238.0000 374.0000 1.6376 1.6490 4.2377 37.5664 1.0475 1.0734 -0.9613 0.0143
Pedestrian 0.0000 0 -1.7079 817.6708 172.3768 836.3072 213.3137 1.7308 0.6822 0.5819 9.6243 1.3461 30.7105 -1.4118 0.0142
Car 0.0000 0 1.2942 558.0571 174.1110 589.5631 193.1887 1.4982 1.5448 3.8690 -2.2590 0.9185 58.4897 1.2508 0.0141
Car 0.0000 0 -2.5757 0.0000 0.0000 1238.0000 374.0000 1.5084 1.6704 3.9260 37.6008 1.0144 0.4772 -1.0295 0.0141
Car 0.0000 0 0.8381 81.8134 175.4789 183.3143 210.8637 1.6728 1.7140 4.3440 -23.0583 1.3891 35.3407 0.2584 0.0141
Car 0.0000 0 1.1219 549.9177 174.3241 587.4332 193.6055 1.5125 1.5381 3.7858 -2.6710 0.9502 58.3780 1.0714 0.0140
Car 0.0000 0 -2.5479 0.0000 0.0000 1238.0000 374.0000 1.5542 1.6590 4.1000 37.7750 1.1005 0.6564 -1.0063 0.0138
Pedestrian 0.0000 0 2.3569 1067.2850 154.2580 1118.1221 235.2416 1.7764 0.6257 0.7076 10.9890 1.1800 16.1309 2.9422 0.0138
Pedestrian 0.0000 0 2.3697 1067.3949 156.1220 1117.2439 236.2023 1.7576 0.6019 0.7042 10.9762 1.2018 16.1241 2.9547 0.0138
Car 0.0000 0 -0.6817 365.0016 167.5967 421.1559 192.5492 1.9149 1.6275 4.2315 -16.5551 0.8485 57.3274 -0.9665 0.0137
Pedestrian 0.0000 0 -1.5948 70.3736 159.9873 90.3766 208.6475 1.9628 0.6451 0.7644 -21.3986 1.0960 29.4722 -2.2235 0.0135
Car 0.0000 0 -2.2363 84.2464 174.3581 178.0473 209.6425 1.6218 1.6536 3.9816 -22.5440 1.2944 34.4321 -2.8175 0.0134
Car 0.0000 0 -1.7651 277.7543 169.1374 314.5552 192.9618 1.6431 1.6287 4.2790 -22.0179 0.7911 51.7643 -2.1703 0.0134
Car 0.0000 0 3.9610 0.0000 0.0000 1238.0000 374.0000 1.4928 1.6149 4.2078 -25.5789 1.9993 1.0325 2.4359 0.0132
Car 0.0000 0 -2.5816 0.0000 0.0000 1238.0000 374.0000 1.5256 1.6247 3.9465 37.5731 1.0146 0.6335 -1.0395 0.0132
Car 0.0000 0 1.2810 557.2866 174.2471 588.9768 193.3854 1.5032 1.5442 3.7686 -2.3115 0.9341 58.4515 1.2367 0.0131
Car 0.0000 0 -2.3853 85.8907 175.4510 183.7458 209.5004 1.5946 1.6432 3.9141 -22.5821 1.3122 34.7958 -2.9626 0.0130
Car 0.0000 0 1.7939 566.4625 174.0238 594.9319 193.1534 1.5028 1.5237 3.8319 -1.6279 0.9160 58.4555 1.7613 0.0129
Car 0.0000 0 3.2013 0.0000 0.0000 1238.0000 374.0000 1.5739 1.7247 4.3304 -39.6375 2.3723 1.0450 1.6585 0.0127
Car 0.0000 0 -1.0156 488.2584 170.3688 541.9797 194.8379 1.5917 1.7373 4.1188 -5.8154 0.8683 48.9585 -1.1381 0.0126
Pedestrian 0.0000 0 -1.7140 817.6986 171.9940 836.1849 213.4139 1.7500 0.6699 0.6006 9.6175 1.3494 30.6954 -1.4179 0.0125
Pedestrian 0.0000 0 -0.7966 1076.2302 153.8763 1121.7979 235.5260 1.7745 0.5559 0.6216 11.0034 1.1754 15.9449 -0.2053 0.0124
Car 0.0000 0 -1.0356 489.6192 170.1209 542.5593 194.6157 1.5981 1.7031 4.2025 -5.7672 0.8564 49.1284 -1.1568 0.0124
Car 0.0000 0 1.7418 174.9819 171.2511 215.3652 200.1891 1.8384 1.6745 4.1325 -26.9964 1.1880 47.8596 1.2256 0.0124
Car 0.0000 0 -1.8745 56.4183 174.4390 125.2169 206.6697 1.5157 1.6691 3.9495 -25.3649 1.1846 35.6343 -2.4946 0.0124
Car 0.0000 0 1.6775 162.4615 169.6579 200.1553 199.6183 1.8880 1.7263 4.2103 -27.7352 1.1425 47.5374 1.1468 0.0124
Car 0.0000 0 -1.8047 61.3247 173.3071 126.2222 206.8091 1.5770 1.7128 4.1735 -25.3645 1.1923 35.8305 -2.4222 0.0124
Car 0.0000 0 -1.6564 155.1192 164.4239 192.8469 197.8167 2.1025 1.7594 4.4085 -28.3075 1.0281 47.5280 -2.1961 0.0123
Car 0.0000 0 0.8831 0.0000 0.0000 1238.0000 374.0000 1.4464 1.5988 3.5691 -25.1350 1.9497 1.5790 -0.6195 0.0123
Car 0.0000 0 -1.1685 487.6242 170.6134 534.6897 194.9647 1.5886 1.7250 4.1317 -6.0995 0.8791 49.0808 -1.2964 0.0123
Cyclist 0.0000 0 1.8089 137.9808 164.0020 161.9606 206.2832 1.7532 0.4946 1.6510 -19.2619 1.0286 30.6442 1.2466 0.0123
Car 0.0000 0 3.1521 0.0000 0.0000 1238.0000 374.0000 1.5479 1.7172 4.3470 -39.6362 2.4075 1.3790 1.6177 0.0122
Car 0.0000 0 1.5884 602.2880 174.6093 621.8766 193.6321 1.4976 1.5427 3.8034 0.9146 0.9557 58.4730 1.5991 0.0122
Car 0.0000 0 -2.9632 616.6000 169.4858 682.3749 194.1950 1.6353 1.7189 4.2333 3.2963 0.8409 48.8766 -2.9012 0.0121
Car 0.0000 0 0.8434 0.0000 0.0000 1238.0000 374.0000 1.5025 1.6664 4.2269 -25.2491 2.0480 1.6019 -0.6587 0.0121
Car 0.0000 0 -1.8801 55.9502 174.3442 128.3445 207.3831 1.5544 1.7090 4.2805 -25.3927 1.2186 35.7597 -2.4991 0.0120
Cyclist 0.0000 0 -1.8432 1054.3057 159.8908 1101.4299 237.4107 1.6776 0.4577 1.6027 10.8000 1.2112 16.3762 -1.2727 0.0119
Car 0.0000 0 3.1991 0.0000 0.0000 1238.0000 374.0000 1.5408 1.6956 4.2531 -39.6744 2.1228 0.9100 1.6529 0.0119
Car 0.0000 0 -2.5428 0.0000 0.0000 1238.0000 374.0000 1.5179 1.6120 4.0462 37.5758 1.0293 0.7647 -1.0042 0.0118
Car 0.0000 0 0.7292 62.3173 177.1014 172.3772 211.6758 1.6036 1.6490 4.3924 -23.1719 1.4005 34.4270 0.1352 0.0116
Car 0.0000 0 -1.1210 487.9693 170.2329 537.4861 194.6086 1.5921 1.7080 4.2350 -6.0036 0.8569 49.1934 -1.2467 0.0115
Car 0.0000 0 -1.7055 283.0654 169.7427 316.1772 193.2448 1.6241 1.6313 4.2521 -21.8162 0.8123 51.8813 -2.1067 0.0114
Pedestrian 0.0000 0 1.3818 0.0000 0.0000 1238.0000 374.0000 1.6786 0.5046 0.6852 -20.1941 1.7452 0.2152 -0.1703 0.0114
Car 0.0000 0 -1.0603 489.4270 170.0764 541.0732 194.4382 1.5852 1.7278 4.0938 -5.8068 0.8426 48.9618 -1.1826 0.0114
Car 0.0000 0 1.6087 601.7681 173.6675 622.0346 193.0863 1.5251 1.5246 3.7678 0.9011 0.9105 58.3313 1.6192 0.0113
Car 0.0000 0 -1.8532 60.1748 173.7185 125.6995 206.3594 1.5346 1.6313 3.8624 -25.2425 1.1697 35.6091 -2.4714 0.0112
Pedestrian 0.0000 0 2.8610 104.0557 174.4765 150.8336 272.5223 1.6435 0.4894 0.5619 -8.2311 1.5271 12.4112 2.2796 0.0112
Cyclist 0.0000 0 -2.0785 753.6265 165.0093 770.4942 191.4530 1.7017 0.3512 1.5664 10.5159 0.6412 47.0235 -1.8646 0.0110
Car 0.0000 0 1.9812 470.9335 172.3593 507.4799 188.9140 1.4288 1.6476 4.3552 -9.9657 0.6403 64.3109 1.8232 0.0110
Car 0.0000 0 1.5336 566.8090 174.0706 587.7586 193.1934 1.5038 1.5384 3.8548 -1.9677 0.9201 58.4679 1.4952 0.0110
Car 0.0000 0 2.0909 468.3801 172.2994 509.2661 189.0656 1.4404 1.6622 4.3731 -9.9577 0.6504 64.0478 1.9324 0.0110
Car 0.0000 0 -2.9113 0.0000 0.0000 1238.0000 374.0000 1.5222 1.6030 4.1223 36.9244 0.9996 1.0606 -1.3813 0.0109
Pedestrian 0.0000 0 -0.6536 1076.4875 155.5205 1122.0660 235.7621 1.7473 0.5368 0.6339 10.9958 1.1828 15.9273 -0.0622 0.0108
Pedestrian 0.0000 0 1.1004 0.0000 0.0000 1238.0000 374.0000 1.7066 0.5509 0.6610 -20.1916 1.7361 0.2249 -0.4511 0.0108
Car 0.0000 0 3.1845 435.2380 168.8027 501.5478 195.3934 1.7099 1.7062 4.2242 -8.7105 0.8941 47.3340 2.9986 0.0108
Car 0.0000 0 -2.2510 470.1328 171.7357 517.8181 194.7082 1.4964 1.4537 3.2441 -7.2512 0.8611 48.4183 -2.4037 0.0107
Car 0.0000 0 -2.7599 0.0000 0.0000 1238.0000 374.0000 1.4641 1.6703 3.8139 37.2552 0.9396 0.5504 -1.2158 0.0104
Car 0.0000 0 3.2551 437.8751 169.7827 505.1754 195.4639 1.6659 1.6911 4.2289 -8.5498 0.9065 47.5821 3.0734 0.0103
Car 0.0000 0 -2.3147 462.6051 170.3266 516.8755 194.8386 1.5972 1.5647 3.6396 -7.5575 0.8699 48.5469 -2.4732 0.0101
Car 0.0000 0 3.1986 437.8079 169.0962 501.6360 195.2158 1.6912 1.7095 4.0783 -8.6726 0.8888 47.6159 3.0145 0.0101
Car 0.0000 0 1.7330 171.3054 171.7031 210.3193 200.4100 1.8211 1.6253 4.0843 -27.2361 1.2003 47.7651 1.2122 0.0098
Car 0.0000 0 -0.9411 491.4859 170.6902 549.7249 195.2638 1.5978 1.7713 4.2937 -5.4453 0.8956 49.0088 -1.0561 0.0097
Car 0.0000 0 2.1696 466.5827 172.2420 510.4793 189.0354 1.4378 1.6751 4.4065 -9.9528 0.6456 63.8503 2.0107 0.0097
Pedestrian 0.0000 0 -2.8397 1223.9990 129.8625 1238.0000 224.6924 1.8434 0.5595 0.9228 13.2266 0.8409 14.5010 -2.1142 0.0096
Car 0.0000 0 -0.4424 487.4421 170.5604 556.1409 195.3037 1.6205 1.6795 4.3513 -5.3902 0.9047 48.9049 -0.5565 0.0096
Car 0.0000 0 -3.0524 0.0000 0.0000 1238.0000 374.0000 1.3841 1.5775 4.2120 36.8719 1.1583 0.3419 -1.5029 0.0095
Car 0.0000 0 3.1723 438.5047 168.8312 501.5873 195.4188 1.7200 1.7081 4.0434 -8.6647 0.9011 47.6207 2.9884 0.0094
Car 0.0000 0 1.7490 602.9272 174.4524 629.4893 193.8493 1.5227 1.5302 3.7905 1.2579 0.9699 58.3942 1.7655 0.0094
Car 0.0000 0 2.0162 435.9924 169.3300 471.7388 189.4435 1.6744 1.6707 3.5089 -12.6083 0.6618 61.7004 1.8106 0.0094
Car 0.0000 0 1.8338 173.0998 170.3810 219.1378 199.6298 1.8589 1.6548 4.1733 -26.9346 1.1529 47.8772 1.3188 0.0094
Car 0.0000 0 -1.3389 544.3208 173.2867 579.1780 194.9396 1.4854 1.6926 3.7094 -2.7759 0.9226 51.2494 -1.3977 0.0093
Car 0.0000 0 1.7429 603.1435 174.4901 629.5444 193.7021 1.5064 1.5370 3.7839 1.2672 0.9573 58.3233 1.7596 0.0092
Car 0.0000 0 3.2630 440.5597 169.2535 502.4968 195.2511 1.6876 1.7176 3.8659 -8.5573 0.8933 47.6009 3.0812 0.0092
Car 0.0000 0 3.1290 0.0000 0.0000 1238.0000 374.0000 1.4864 1.6102 4.3187 -39.6165 2.1535 0.8813 1.5822 0.0092
Car 0.0000 0 -1.7353 279.1639 167.5176 315.2465 192.7582 1.7392 1.6763 4.4284 -21.9641 0.7764 51.8112 -2.1393 0.0091
Car 0.0000 0 -1.8508 272.7087 167.5864 315.6923 193.9222 1.8145 1.6819 4.3908 -22.1417 0.8565 51.7212 -2.2584 0.0091
Car 0.0000 0 -1.3467 68.2545 170.6992 132.4045 206.0215 1.6470 1.7943 3.8945 -24.7722 1.1443 35.6341 -1.9557 0.0091
Cyclist 0.0000 0 0.8976 125.5253 161.5053 171.9754 204.9399 1.8109 0.6065 1.9172 -19.2680 0.9782 30.5469 0.3338 0.0089
Car 0.0000 0 -0.5738 486.4103 171.2597 557.7734 196.1684 1.6314 1.7460 4.6633 -5.3826 0.9614 49.1981 -0.6871 0.0088
Car 0.0000 0 -1.9088 640.3233 170.5245 683.6816 194.3909 1.5782 1.7736 3.8799 4.1452 0.8531 49.6018 -1.8308 0.0088
Pedestrian 0.0000 0 -3.0200 1227.0677 129.4508 1238.0000 224.6437 1.8524 0.5648 0.8952 13.2283 0.8408 14.4982 -2.2944 0.0088
Car 0.0000 0 0.7445 82.3767 175.0944 187.5588 210.8139 1.6967 1.7121 4.3204 -22.9127 1.3934 35.3235 0.1674 0.0088
Car 0.0000 0 -0.4645 486.8095 170.2407 558.9201 195.7002 1.6627 1.7142 4.6014 -5.3086 0.9281 48.8826 -0.5771 0.0087
Car 0.0000 0 1.6448 600.9543 174.5995 622.5753 193.6036 1.4926 1.5048 3.7208 0.8910 0.9512 58.3335 1.6550 0.0087
Car 0.0000 0 1.7861 176.4022 170.2066 219.0522 199.2463 1.8482 1.6376 4.1818 -26.8758 1.1302 47.9548 1.2727 0.0086
Cyclist 0.0000 0 2.2153 243.2436 173.5974 267.6717 199.9647 1.7141 0.6124 1.6169 -22.8794 1.2010 47.5463 1.7640 0.0086
Car 0.0000 0 1.6231 601.5405 174.4994 622.3366 193.5439 1.4965 1.5166 3.7385 0.9049 0.9469 58.3578 1.6335 0.0085
Car 0.0000 0 -0.3959 649.3972 169.8745 716.9317 193.7013 1.5301 1.6223 4.1306 5.4042 0.7843 47.4924 -0.2882 0.0084
Car 0.0000 0 1.8250 484.4841 171.7542 516.8932 191.0842 1.4884 1.6031 4.1016 -7.9880 0.7385 57.4364 1.6826 0.0084
Car 0.0000 0 1.3097 648.7913 171.9041 688.2851 196.5759 1.5400 1.6843 3.5137 4.3284 0.9417 46.7107 1.3967 0.0084
Car 0.0000 0 -1.0625 489.8378 169.8051 543.9786 194.3148 1.5945 1.7515 4.4380 -5.7030 0.8344 49.1148 -1.1824 0.0083
Car 0.0000 0 1.7439 174.5330 169.5991 215.8577 198.9827 1.8666 1.6860 4.3712 -27.0529 1.1113 47.9707 1.2279 0.0083
Car 0.0000 0 -0.5291 483.5894 170.7070 554.5947 196.0695 1.6545 1.7332 4.5576 -5.5630 0.9511 48.9211 -0.6467 0.0083
Car 0.0000 0 -2.6332 0.0000 0.0000 1238.0000 374.0000 1.5885 1.7349 4.1942 27.9425 1.3099 0.6684 -1.1006 0.0082
Car 0.0000 0 3.3186 438.5397 168.9375 503.8357 194.4682 1.6686 1.7256 4.0420 -8.6215 0.8483 47.8195 3.1363 0.0082
Car 0.0000 0 1.7568 173.4055 169.9033 215.2227 199.5889 1.8866 1.6735 4.3012 -27.1031 1.1503 47.9551 1.2398 0.0082
Car 0.0000 0 -1.9421 771.6450 171.8120 829.2636 203.3125 1.5322 1.6172 3.6120 10.1280 1.0619 36.8222 -1.6806 0.0081
Car 0.0000 0 1.5317 597.7243 174.5482 618.7383 193.6450 1.4970 1.5333 3.7547 0.5487 0.9526 58.2112 1.5361 0.0081
Car 0.0000 0 -2.8931 442.4431 169.2568 505.2188 194.7366 1.6620 1.7132 3.8169 -8.4575 0.8641 47.8412 -3.0721 0.0080
Pedestrian 0.0000 0 -2.7029 1228.9823 131.8581 1238.0000 227.3301 1.8600 0.5937 0.9098 13.3701 0.8941 14.5266 -1.9729 0.0080
Pedestrian 0.0000 0 1.3561 248.0522 172.0065 262.2244 200.2139 1.8410 0.6845 0.8062 -22.8480 1.2221 47.4087 0.9042 0.0079
Car 0.0000 0 -1.5619 335.4419 166.8165 357.4457 187.3175 1.6519 1.6796 4.0045 -21.2739 0.4693 60.0466 -1.9058 0.0078
Pedestrian 0.0000 0 -2.7595 1229.2941 131.8936 1238.0000 228.0259 1.8728 0.6031 0.8853 13.3533 0.9076 14.5218 -2.0300 0.0078
Cyclist 0.0000 0 0.9217 129.0634 163.6168 174.2493 211.9816 2.0145 0.6169 1.8774 -19.1388 1.2706 30.5372 0.3606 0.0078
Car 0.0000 0 1.7340 179.2931 167.7370 219.8892 196.1706 1.8177 1.6993 4.4090 -26.9338 0.9386 48.2824 1.2226 0.0078
Car 0.0000 0 0.6034 55.8802 176.9808 173.2959 210.5662 1.5682 1.6414 4.5198 -23.2439 1.3581 34.3760 0.0073 0.0078
Pedestrian 0.0000 0 -2.6556 1028.4904 155.4728 1066.7949 226.3191 1.7877 0.6326 0.6200 11.4900 1.1321 18.5518 -2.1125 0.0077
Car 0.0000 0 -0.4128 488.1744 170.5887 560.8411 195.7775 1.6476 1.7550 4.6027 -5.2051 0.9346 48.8925 -0.5233 0.0077
Car 0.0000 0 1.4768 596.7756 174.6231 620.3930 193.6719 1.4949 1.5466 3.7722 0.5758 0.9558 58.3191 1.4817 0.0077
Car 0.0000 0 3.2049 0.0000 0.0000 1238.0000 374.0000 1.5017 1.7024 4.4007 -39.5293 2.4566 1.0593 1.6626 0.0076
Cyclist 0.0000 0 1.3699 1057.3268 161.4461 1104.4829 243.3660 1.7503 0.5315 1.7023 10.7725 1.3230 16.2344 1.9431 0.0075
Car 0.0000 0 -2.8308 0.0000 0.0000 1238.0000 374.0000 1.7400 1.7237 4.5174 36.8621 1.0597 1.3756 -1.3094 0.0075
Car 0.0000 0 -1.0207 59.6346 170.3034 148.0682 204.5813 1.5909 1.6866 4.1158 -24.4277 1.0722 35.4372 -1.6257 0.0075
Pedestrian 0.0000 0 -2.7212 1029.1373 155.0537 1066.4219 226.2185 1.7948 0.6311 0.6181 11.4918 1.1290 18.5477 -2.1779 0.0075
Car 0.0000 0 -1.5229 334.4359 166.6943 357.9045 187.0413 1.6378 1.6730 3.9832 -21.2479 0.4465 59.9669 -1.8668 0.0075
Car 0.0000 0 1.6527 484.8593 172.3123 508.7823 191.2724 1.4622 1.5894 4.0073 -8.3085 0.7542 57.4460 1.5048 0.0074
Car 0.0000 0 2.3850 313.7783 172.2865 372.6956 197.5714 1.6800 1.6349 3.7484 -17.8230 1.0685 49.7672 2.0378 0.0073
Car 0.0000 0 1.3549 588.5270 174.9891 617.6876 194.0376 1.4886 1.5786 3.7147 0.1268 0.9803 58.1186 1.3521 0.0073
Car 0.0000 0 -1.3441 544.4539 173.5680 578.4114 194.8539 1.4647 1.6362 3.7818 -2.8080 0.9195 51.4257 -1.4033 0.0073
Car 0.0000 0 -0.7616 33.5582 170.3048 130.6314 206.5443 1.6249 1.6541 3.5908 -24.5728 1.1239 34.1227 -1.3870 0.0073
Pedestrian 0.0000 0 1.0637 247.4545 171.8556 263.2932 200.1806 1.8498 0.6379 0.7888 -22.8256 1.2207 47.3976 0.6121 0.0073
Car 0.0000 0 -2.2185 464.6221 168.6434 515.8797 194.2896 1.6731 1.5502 3.6224 -7.5477 0.8350 48.6725 -2.3764 0.0072
Car 0.0000 0 -1.3595 544.5792 173.7032 577.8737 195.0593 1.4709 1.6322 3.8352 -2.8261 0.9345 51.4914 -1.4190 0.0072
Pedestrian 0.0000 0 -2.6198 1234.1019 128.3973 1238.0000 223.5983 1.8355 0.5285 0.7952 13.2001 0.8129 14.3074 -1.8887 0.0072
Car 0.0000 0 -0.0038 552.8400 172.6570 610.0079 194.8407 1.5305 1.7147 3.9487 -1.3984 0.9211 50.4854 -0.0363 0.0071
Car 0.0000 0 -1.8508 273.1738 166.3970 315.8209 192.8502 1.8241 1.6757 4.3384 -22.1275 0.7833 51.7398 -2.2580 0.0071
Car 0.0000 0 -1.3088 646.6810 168.2828 685.9348 191.9847 1.5257 1.6865 3.9519 4.4232 0.6756 48.3818 -1.2231 0.0071
Car 0.0000 0 1.8114 606.3566 174.3155 636.8755 193.7793 1.5220 1.5958 3.9642 1.6990 0.9607 58.2893 1.8355 0.0070
Car 0.0000 0 3.1611 0.0000 0.0000 1238.0000 374.0000 1.4665 1.6738 4.3747 -39.5391 2.4470 1.4023 1.6274 0.0070
Car 0.0000 0 2.2515 314.0677 172.1178 371.9714 198.0605 1.7236 1.6727 3.9581 -17.8625 1.1009 49.8655 1.9042 0.0068
Car 0.0000 0 1.7723 486.1698 172.0609 514.2891 191.2668 1.4811 1.5246 3.7133 -8.0129 0.7537 57.2906 1.6291 0.0068
Cyclist 0.0000 0 3.5731 77.7013 159.4220 120.8007 204.0530 1.9347 0.6177 1.4258 -22.0715 0.9786 31.5676 2.9619 0.0068
Car 0.0000 0 1.6198 485.4222 172.2600 507.0939 191.4120 1.4760 1.5472 3.7341 -8.3360 0.7644 57.2916 1.4710 0.0068
Car 0.0000 0 -1.3017 547.2791 173.1773 585.2566 195.2753 1.5136 1.7144 4.0517 -2.4522 0.9442 51.3629 -1.3542 0.0068
Car 0.0000 0 0.2733 0.0000 0.0000 1238.0000 374.0000 1.5035 1.5186 4.2464 36.7278 1.0195 1.0371 1.8039 0.0068
Car 0.0000 0 1.4950 481.0016 172.3731 504.7196 191.4328 1.4656 1.5646 3.8186 -8.6612 0.7644 57.2729 1.3407 0.0067
Car 0.0000 0 -2.6340 0.0000 0.0000 1238.0000 374.0000 1.5620 1.6882 4.1597 27.8312 1.3102 0.3708 -1.0908 0.0067
Car 0.0000 0 -0.4411 647.1517 169.7030 713.4159 193.5465 1.5291 1.6522 4.0391 5.2197 0.7732 47.5116 -0.3373 0.0067
Pedestrian 0.0000 0 1.3960 0.0000 0.0000 1238.0000 374.0000 1.6588 0.5161 0.7352 -20.0098 1.7440 0.1996 -0.1566 0.0066
Car 0.0000 0 1.6344 485.0844 172.0236 507.7195 191.0869 1.4688 1.5664 3.7987 -8.3248 0.7392 57.3049 1.4859 0.0066
Car 0.0000 0 1.8013 485.4651 171.8888 515.1847 191.0429 1.4760 1.5398 3.7857 -8.0052 0.7359 57.3056 1.6582 0.0066
Car 0.0000 0 -1.2953 547.2678 172.4740 586.2510 195.1675 1.5512 1.7764 3.9894 -2.4114 0.9349 51.2412 -1.3470 0.0066
Car 0.0000 0 -2.0411 769.5469 172.7280 832.9512 204.1070 1.5138 1.6161 3.6297 10.1021 1.0915 36.5931 -1.7787 0.0066
Car 0.0000 0 -1.3386 547.9127 173.2280 584.3408 195.3693 1.5177 1.7151 4.1462 -2.4651 0.9514 51.4301 -1.3912 0.0065
Cyclist 0.0000 0 1.4334 1068.0990 162.5142 1109.3872 240.7241 1.6730 0.5425 1.5207 10.9096 1.2681 16.1665 2.0144 0.0065
Car 0.0000 0 -1.7760 782.9453 171.6107 829.9841 203.3099 1.5426 1.5959 3.5404 10.4308 1.0623 36.7726 -1.5065 0.0065
Car 0.0000 0 -0.4109 486.3489 170.9349 555.9094 196.2163 1.6484 1.7203 4.3619 -5.4135 0.9602 48.6724 -0.5260 0.0065
Car 0.0000 0 -1.3573 647.3786 167.7820 684.2794 191.9903 1.5596 1.6840 4.0273 4.3972 0.6765 48.4484 -1.2721 0.0064
Car 0.0000 0 -2.9678 0.0000 0.0000 1238.0000 374.0000 1.6204 1.6326 4.2922 36.8360 1.0436 1.2907 -1.4441 0.0064
Car 0.0000 0 1.4804 480.3961 171.9080 505.0749 191.4133 1.4987 1.5795 3.8933 -8.6722 0.7622 57.2704 1.3259 0.0064
Car 0.0000 0 2.2725 315.6294 173.2023 373.7757 198.6583 1.6898 1.6042 3.9996 -17.7342 1.1396 49.8339 1.9273 0.0064
Car 0.0000 0 1.7920 540.7681 173.6064 573.7353 194.9450 1.4655 1.5832 3.7500 -3.1013 0.9240 51.3064 1.7269 0.0063
Car 0.0000 0 -0.0664 552.7127 172.8397 612.8694 194.3979 1.4888 1.7159 4.1275 -1.3283 0.8914 50.6608 -0.0974 0.0063
Car 0.0000 0 -0.1129 547.1951 172.4599 609.4183 194.4249 1.5163 1.7644 4.2160 -1.6448 0.8929 50.7727 -0.1501 0.0062
Car 0.0000 0 1.6175 485.5229 172.4967 506.7536 191.5165 1.4636 1.5217 3.6145 -8.3267 0.7714 57.1514 1.4686 0.0062
Car 0.0000 0 0.2886 0.0000 0.0000 1238.0000 374.0000 1.5345 1.6669 4.6573 36.9475 1.0461 0.9968 1.8205 0.0061
Car 0.0000 0 -2.6150 0.0000 0.0000 1238.0000 374.0000 1.5810 1.7343 4.0652 27.9739 1.3524 0.7075 -1.0838 0.0061
Car 0.0000 0 -0.8178 36.0632 170.9948 126.4695 206.9747 1.6093 1.6017 3.3477 -24.4540 1.1404 33.8887 -1.4442 0.0060
Car 0.0000 0 0.0851 540.4151 173.1377 599.6259 194.7738 1.5017 1.7350 4.0583 -2.1749 0.9220 50.7990 0.0376 0.0060
Car 0.0000 0 -0.1097 558.8888 172.8165 617.5988 194.7506 1.5136 1.7044 3.9706 -0.9404 0.9150 50.6763 -0.1331 0.0060
Car 0.0000 0 -1.8100 781.7138 171.8726 830.8090 203.3696 1.5302 1.5967 3.4958 10.3889 1.0634 36.6662 -1.5408 0.0060
Car 0.0000 0 0.1601 533.0782 172.8884 594.6884 194.2715 1.4802 1.7373 4.1332 -2.6137 0.8847 50.8004 0.1040 0.0060
Car 0.0000 0 -2.8046 443.4972 169.4490 508.5613 194.2582 1.6191 1.6597 3.9606 -8.3497 0.8333 48.0138 -2.9807 0.0060
Car 0.0000 0 0.5537 55.0418 176.9029 169.4688 210.5447 1.5680 1.5898 4.3398 -23.3454 1.3547 34.3688 -0.0444 0.0060
Car 0.0000 0 -1.9519 54.3926 173.5431 128.1496 207.1839 1.5819 1.6791 3.7835 -25.2406 1.2086 35.5033 -2.5714 0.0059
Car 0.0000 0 1.7990 174.0592 169.9447 218.9545 199.5106 1.8709 1.6767 4.3253 -26.8441 1.1404 47.7639 1.2843 0.0058
Car 0.0000 0 -0.4135 49.2208 175.5482 153.5637 211.0935 1.6331 1.7695 3.7939 -24.3465 1.3606 35.0804 -1.0217 0.0058
Car 0.0000 0 -0.4147 647.9736 169.9756 717.1190 193.7097 1.5224 1.7104 4.2145 5.3677 0.7839 47.5264 -0.3078 0.0057
Car 0.0000 0 2.2571 313.9138 171.6767 372.3380 196.3134 1.6370 1.7049 3.9556 -17.8591 0.9850 49.8765 1.9100 0.0057
Car 0.0000 0 -0.3201 650.4282 170.5796 708.7681 193.8481 1.4921 1.7234 3.4454 5.1343 0.7925 47.2745 -0.2174 0.0057
Car 0.0000 0 0.0460 547.0541 172.6504 607.2678 195.5234 1.5811 1.7559 4.1650 -1.6593 0.9700 50.5478 0.0084 0.0057
Car 0.0000 0 -2.2710 765.1247 172.5924 838.0935 205.0636 1.5498 1.5965 3.5808 10.0280 1.1256 36.2427 -2.0080 0.0057
Car 0.0000 0 0.0468 540.7589 173.3270 600.9249 194.9488 1.5017 1.7444 4.1790 -2.1116 0.9347 50.7628 0.0005 0.0056
Car 0.0000 0 1.3029 624.0005 167.5433 665.9215 194.2796 1.7218 1.7331 4.2588 2.8958 0.8237 48.5228 1.3572 0.0056
Car 0.0000 0 0.0067 552.7565 171.8133 609.9005 194.4563 1.5550 1.7344 3.9270 -1.3904 0.8904 50.2465 -0.0257 0.0056
Car 0.0000 0 -0.3752 486.5251 170.5640 557.7220 196.1850 1.6707 1.7422 4.4667 -5.3474 0.9582 48.6555 -0.4890 0.0055
Car 0.0000 0 1.7786 160.8420 169.6011 208.4887 200.3790 1.9333 1.8498 4.5032 -27.4978 1.1866 47.5472 1.2517 0.0055
Pedestrian 0.0000 0 -1.4484 72.3933 157.1546 96.2924 211.7988 2.1939 0.7341 0.5103 -21.0592 1.2174 29.2378 -2.0734 0.0055
Car 0.0000 0 -0.0235 556.8970 173.2573 613.3080 194.8323 1.4861 1.6830 3.8943 -1.1540 0.9190 50.4161 -0.0512 0.0055
Car 0.0000 0 -2.9111 442.0256 169.8651 504.9337 194.4629 1.5991 1.6802 3.8290 -8.4432 0.8434 47.6329 -3.0905 0.0055
Car 0.0000 0 -0.7171 34.4638 169.3363 134.2776 206.5342 1.6755 1.7012 3.6574 -24.6105 1.1285 34.3272 -1.3405 0.0054
Car 0.0000 0 -1.8453 272.5369 163.9300 316.4292 191.6241 1.9055 1.7100 4.5911 -22.1337 0.6972 51.7425 -2.2526 0.0054
Cyclist 0.0000 0 -1.4312 946.1077 170.0392 974.3682 235.9303 1.6908 0.4711 1.6576 9.5954 1.3979 19.2492 -0.9794 0.0054
Car 0.0000 0 -2.6487 0.0000 0.0000 1238.0000 374.0000 1.5735 1.6646 4.1196 28.0473 1.3018 0.8704 -1.1232 0.0054
Car 0.0000 0 2.0993 426.7555 171.2067 469.3813 191.8616 1.6880 1.8034 3.9383 -12.9171 0.8473 60.8546 1.8861 0.0054
Car 0.0000 0 1.4564 788.9827 175.6638 831.2659 205.9595 1.4535 1.6149 3.6637 10.5110 1.1744 36.3971 1.7306 0.0053
Pedestrian 0.0000 0 -1.4311 17.2693 165.4224 41.8863 216.6839 1.8717 0.6202 0.7417 -21.2726 1.2857 26.7029 -2.1040 0.0052
Car 0.0000 0 -0.3593 647.9586 169.7706 715.9988 193.4296 1.5200 1.7161 4.1297 5.3205 0.7672 47.4968 -0.2533 0.0052
Car 0.0000 0 0.5978 61.3199 177.3617 171.5703 210.8161 1.5709 1.5553 4.2542 -23.2540 1.3775 34.5131 0.0034 0.0052
Car 0.0000 0 0.5888 43.4675 171.8531 177.9364 209.0361 1.7362 1.7953 5.2100 -23.4684 1.2867 34.4632 -0.0105 0.0052
Car 0.0000 0 2.7947 0.0000 0.0000 1238.0000 374.0000 1.6328 1.5939 3.8219 -36.4929 2.5042 0.5196 1.2404 0.0052
Car 0.0000 0 0.3162 44.5202 177.8818 170.9639 211.5959 1.5452 1.6966 4.6988 -23.5209 1.3803 34.3956 -0.2850 0.0051
Car 0.0000 0 -2.5553 449.3894 168.5024 514.0275 193.8031 1.6512 1.6096 4.0881 -8.0676 0.8036 48.4411 -2.7244 0.0051
Car 0.0000 0 -2.8394 760.1614 173.6024 837.2524 204.8096 1.4727 1.5661 3.3586 9.7166 1.1009 35.4541 -2.5788 0.0051
Cyclist 0.0000 0 3.4282 78.5457 160.1073 130.7032 205.6527 1.9687 0.6431 1.7815 -21.8712 1.0449 31.6317 2.8221 0.0051
Car 0.0000 0 0.1540 533.9130 172.8879 596.2990 195.4065 1.5493 1.7643 4.1657 -2.5114 0.9574 50.5041 0.0997 0.0050
Car 0.0000 0 -0.0249 557.5309 172.1958 613.2563 194.2027 1.5116 1.6929 3.8365 -1.1322 0.8732 50.2841 -0.0523 0.0050
Car 0.0000 0 0.2258 53.8624 179.2367 155.1071 211.8627 1.5344 1.8524 3.7812 -24.3491 1.4289 35.3406 -0.3790 0.0050
Car 0.0000 0 -2.6842 0.0000 0.0000 1238.0000 374.0000 1.5646 1.6620 3.9998 36.7805 1.0428 1.4714 -1.1654 0.0050
Car 0.0000 0 0.7882 78.9127 178.6961 182.3404 211.2508 1.5409 1.6465 4.3627 -23.0892 1.4091 35.2521 0.2067 0.0050
Car 0.0000 0 -1.8938 467.1659 167.4750 506.0486 193.8254 1.7091 1.5212 3.5740 -7.7792 0.8001 48.5231 -2.0569 0.0050
Car 0.0000 0 1.7679 180.0901 170.6724 219.5586 199.2564 1.8272 1.5873 3.8617 -26.7690 1.1358 47.9977 1.2565 0.0049
Pedestrian 0.0000 0 -1.5859 74.1165 160.0305 95.3168 212.5945 2.1094 0.6922 0.5248 -21.0531 1.2488 29.2411 -2.2107 0.0049
Car 0.0000 0 -0.9061 37.7826 171.6197 127.8647 207.3999 1.6056 1.6099 3.5629 -24.4808 1.1632 34.0438 -1.5309 0.0049
Car 0.0000 0 2.3324 420.6558 170.6435 467.1113 191.7104 1.7075 1.6264 3.8242 -13.1537 0.8281 60.2771 2.1136 0.0049
Car 0.0000 0 0.1578 535.1664 172.4367 598.4962 195.4568 1.5847 1.7629 4.2331 -2.3925 0.9614 50.5480 0.1058 0.0048
Car 0.0000 0 -1.4559 794.4066 171.7818 833.0893 202.8000 1.5073 1.5529 3.2832 10.8797 1.0360 36.7183 -1.1748 0.0048
Car 0.0000 0 -1.5352 76.3012 179.6489 127.1626 213.8589 1.5549 1.8933 3.6927 -24.0845 1.4717 34.7112 -2.1432 0.0047
Car 0.0000 0 0.7790 44.9411 169.0793 163.3024 207.6683 1.7955 1.8121 4.8213 -24.0130 1.2185 34.7262 0.1725 0.0047
Car 0.0000 0 -0.4309 647.8574 169.2984 716.7990 193.1896 1.5310 1.6998 4.2061 5.3528 0.7498 47.5045 -0.3242 0.0047
Car 0.0000 0 -2.7139 0.0000 0.0000 1238.0000 374.0000 1.6139 1.6152 4.0988 39.5438 1.0967 0.3952 -1.1646 0.0047
Pedestrian 0.0000 0 -1.4854 24.7717 166.1260 47.4644 217.3377 1.8669 0.5993 0.7823 -21.0081 1.3075 26.6752 -2.1527 0.0046
Car 0.0000 0 -0.9286 35.7597 173.3941 130.3911 209.2285 1.6034 1.6802 3.8355 -24.4730 1.2416 34.0713 -1.5528 0.0046
Car 0.0000 0 0.1163 541.2778 172.9462 602.6516 195.9267 1.5834 1.7337 4.1454 -2.0277 0.9947 50.5044 0.0715 0.0045
Pedestrian 0.0000 0 -1.1784 21.4224 166.8049 51.6973 217.3310 1.8446 0.6267 0.8021 -21.0040 1.3092 26.6936 -1.8454 0.0045
Car 0.0000 0 0.0344 556.8745 173.3044 616.2577 195.0282 1.5013 1.6885 4.1065 -1.0081 0.9356 50.5051 0.0096 0.0045
Cyclist 0.0000 0 2.0409 246.8977 175.5042 265.8892 199.9261 1.5954 0.5300 1.4750 -22.8781 1.2044 47.6671 1.5906 0.0044
Car 0.0000 0 3.0776 0.0000 0.0000 1238.0000 374.0000 1.5852 1.8245 4.6279 -39.6988 2.5937 1.8671 1.5554 0.0044
Car 0.0000 0 1.5634 799.5940 175.8029 832.6238 205.6376 1.4367 1.5327 3.4375 10.8526 1.1633 36.4514 1.8457 0.0044
Car 0.0000 0 1.3430 789.2845 158.9834 830.3203 186.2613 1.7539 1.6533 4.4861 14.0046 0.3068 48.4647 1.6180 0.0043
Car 0.0000 0 0.1053 60.2409 180.6514 154.7414 211.3324 1.4404 1.8230 3.6695 -24.2391 1.4014 35.3963 -0.4967 0.0043
Car 0.0000 0 -0.6059 645.9083 168.8937 714.2991 192.7778 1.5303 1.6883 4.3428 5.2602 0.7233 47.8070 -0.5019 0.0043
Car 0.0000 0 -0.7699 33.7349 170.3685 132.8165 205.5064 1.5758 1.6182 3.7654 -24.5682 1.0775 34.2066 -1.3941 0.0043
Car 0.0000 0 0.2103 43.9354 172.2172 175.4549 208.7689 1.6430 1.6466 4.9009 -23.1157 1.2266 33.9758 -0.3885 0.0042
Car 0.0000 0 -0.6891 28.3385 170.8697 137.2635 207.0325 1.6205 1.7317 4.0517 -24.6918 1.1451 34.3659 -1.3135 0.0042
Pedestrian 0.0000 0 1.9018 15.8472 168.6619 44.4168 220.1516 1.8630 0.6345 0.6879 -21.0256 1.3995 26.4182 1.2293 0.0042
Pedestrian 0.0000 0 0.9927 249.9690 169.1295 265.8063 199.1499 1.9629 0.6206 0.7742 -22.6759 1.1547 47.4321 0.5440 0.0042
Car 0.0000 0 3.2048 359.0369 176.4108 443.8393 210.1814 1.4630 1.5179 3.5823 -8.9218 1.2435 32.2326 2.9318 0.0042
Pedestrian 0.0000 0 1.2174 250.5807 168.4367 265.9149 198.7719 1.9825 0.6723 0.8150 -22.6704 1.1295 47.4681 0.7690 0.0042
Car 0.0000 0 -2.6861 0.0000 0.0000 1238.0000 374.0000 1.5113 1.6667 4.1637 39.5015 1.0721 -0.0257 -1.1261 0.0042
Pedestrian 0.0000 0 1.5564 19.0713 165.2656 41.0969 216.5818 1.8730 0.6297 0.6998 -21.2495 1.2815 26.6858 0.8837 0.0042
Pedestrian 0.0000 0 -1.2209 495.2658 173.8684 508.7045 200.6383 1.7458 0.6827 0.6906 -6.5305 1.2488 47.2513 -1.3625 0.0041
Car 0.0000 0 -0.6866 36.3146 169.1070 136.0100 206.3039 1.6804 1.6858 3.6426 -24.5994 1.1215 34.4267 -1.3083 0.0041
Car 0.0000 0 -2.7354 448.9790 169.4812 511.5998 193.5699 1.5768 1.5578 3.8435 -8.1095 0.7908 48.2244 -2.9060 0.0041
Pedestrian 0.0000 0 -1.5847 19.6825 171.6111 40.7558 221.3491 1.7944 0.5950 0.7189 -21.0013 1.4387 26.3791 -2.2574 0.0041
Car 0.0000 0 -0.2318 649.0350 170.2277 715.6827 193.6622 1.5076 1.6627 4.0819 5.3104 0.7831 47.2900 -0.1255 0.0041
Car 0.0000 0 -0.0443 547.3148 171.7370 608.1531 195.3369 1.6171 1.8051 4.1710 -1.6767 0.9488 50.2899 -0.0824 0.0040
Car 0.0000 0 -0.6657 38.1938 167.6781 140.3544 205.3457 1.7056 1.7230 3.7401 -24.5430 1.0807 34.5617 -1.2845 0.0040
Car 0.0000 0 3.1219 0.0000 0.0000 1238.0000 374.0000 1.5747 1.8044 4.6426 -39.7038 2.5739 1.7789 1.5975 0.0040
Car 0.0000 0 3.7413 26.7209 167.3894 146.4130 205.4054 1.7861 1.7671 4.4844 -24.7910 1.1241 34.6809 3.1193 0.0040
Car 0.0000 0 0.5333 57.5170 178.2825 174.5749 211.2287 1.5379 1.5637 4.4804 -23.2116 1.3886 34.4450 -0.0612 0.0039
Car 0.0000 0 0.4371 203.7038 182.4753 292.9395 213.6774 1.5196 1.6285 3.6578 -17.5969 1.5704 35.8870 -0.0210 0.0039
Car 0.0000 0 -1.9370 957.5067 162.0887 1007.8910 187.7679 1.5929 1.6223 3.7363 24.6239 0.3895 46.5048 -1.4572 0.0039
Car 0.0000 0 -0.3779 486.9032 170.4125 558.6229 196.0431 1.6694 1.7300 4.5054 -5.2981 0.9479 48.6099 -0.4908 0.0038
Car 0.0000 0 -0.3432 487.0132 170.3037 560.6510 195.8921 1.6672 1.7339 4.6410 -5.2272 0.9384 48.5986 -0.4547 0.0038
Car 0.0000 0 -2.5574 625.9418 169.5734 685.6932 193.6911 1.6096 1.8254 3.7402 3.7659 0.8143 49.8003 -2.4873 0.0038
Car 0.0000 0 -2.3212 759.8715 171.8930 835.6696 204.8535 1.5708 1.6603 3.6005 9.8276 1.1139 36.2100 -2.0631 0.0038
Car 0.0000 0 0.9945 767.0258 175.4167 842.9328 206.9908 1.4918 1.6928 4.0870 10.1452 1.2053 36.1412 1.2612 0.0037
Car 0.0000 0 -0.5997 648.2844 169.0966 715.0221 192.3638 1.4914 1.6789 4.2033 5.3574 0.6971 47.7769 -0.4935 0.0037
Car 0.0000 0 0.1537 41.1530 176.3792 173.9664 211.7413 1.5988 1.8105 5.0227 -23.4711 1.3683 34.3773 -0.4468 0.0037
Car 0.0000 0 -0.7282 37.6773 168.3462 136.2141 205.6394 1.6897 1.7463 3.6013 -24.6086 1.0947 34.4927 -1.3492 0.0037
Car 0.0000 0 -0.7444 33.7578 170.5793 134.3516 205.5219 1.5680 1.6500 3.7757 -24.5606 1.0789 34.2474 -1.3679 0.0037
Car 0.0000 0 -2.6620 0.0000 0.0000 1238.0000 374.0000 1.5334 1.4844 4.0070 27.4946 1.3379 -0.0702 -1.1031 0.0036
Car 0.0000 0 -2.6310 0.0000 0.0000 1238.0000 374.0000 1.5233 1.5073 3.9519 27.4831 1.3776 -0.0679 -1.0721 0.0036
Car 0.0000 0 -1.8148 965.7907 161.6339 1011.7265 188.0332 1.6300 1.6895 3.8991 24.9857 0.4041 46.4458 -1.3285 0.0036
Pedestrian 0.0000 0 -1.7689 253.8627 167.6640 267.8346 198.2051 2.0045 0.7135 0.6916 -22.5775 1.0971 47.6349 -2.2143 0.0035
Car 0.0000 0 2.7056 0.0000 0.0000 1238.0000 374.0000 1.5634 1.6781 4.1160 -35.3704 2.5984 2.1515 1.1980 0.0035
Cyclist 0.0000 0 -2.0955 485.0980 171.1311 500.8138 196.2162 1.6443 0.3102 1.5149 -7.2100 0.9653 47.7705 -2.2494 0.0035
Pedestrian 0.0000 0 -0.2825 12.2171 166.3953 41.6097 217.3288 1.8928 0.5892 0.7328 -21.7429 1.3325 27.1610 -0.9579 0.0035
Car 0.0000 0 -2.5534 756.5544 173.0531 841.5071 206.1570 1.5700 1.6489 3.8309 9.8564 1.1703 36.0473 -2.2934 0.0034
Car 0.0000 0 -0.2378 648.9989 170.8038 713.0325 193.6234 1.4681 1.7339 3.8883 5.2260 0.7807 47.3286 -0.1334 0.0034
Pedestrian 0.0000 0 -0.0608 12.7881 166.8551 38.0681 217.7526 1.8909 0.5792 0.7109 -21.7825 1.3478 27.1375 -0.7375 0.0034
Car 0.0000 0 -2.8286 751.6900 171.4521 833.5264 204.8508 1.5937 1.6401 3.6310 9.5420 1.1151 35.9394 -2.5759 0.0033
Car 0.0000 0 -0.2499 32.2426 172.1301 142.4493 207.6340 1.5662 1.6309 3.9273 -24.0647 1.1538 33.7127 -0.8711 0.0033
Pedestrian 0.0000 0 -1.4294 756.2013 163.6041 770.5662 194.3387 1.9708 0.8237 0.6812 10.4988 0.8240 46.5225 -1.2136 0.0033
Pedestrian 0.0000 0 -1.4218 755.9816 163.5394 770.4534 194.4053 1.9797 0.8251 0.6917 10.4923 0.8284 46.5410 -1.2062 0.0033
Car 0.0000 0 -2.6628 757.2211 173.3688 843.0864 206.8235 1.5825 1.6178 3.8101 9.8719 1.1988 35.8585 -2.4011 0.0032
Car 0.0000 0 0.3789 204.4356 181.6199 296.5524 213.3940 1.5452 1.6522 3.7983 -17.4880 1.5522 35.9051 -0.0765 0.0032
Car 0.0000 0 -0.0464 492.0143 170.0765 560.7142 195.6793 1.6737 1.7390 4.4970 -5.0476 0.9276 48.1616 -0.1552 0.0032
Car 0.0000 0 3.1243 57.3762 175.2340 159.1748 208.9524 1.5218 1.4982 3.9242 -23.4049 1.2400 34.1672 2.5223 0.0031
Pedestrian 0.0000 0 -2.1803 1023.3489 145.4829 1065.5819 224.9244 1.9876 0.6418 0.6778 11.2647 1.0877 18.3308 -1.6407 0.0031
Car 0.0000 0 -0.6239 647.7416 169.3327 714.7004 192.5820 1.4886 1.6839 4.2497 5.3314 0.7102 47.7741 -0.5183 0.0031
Car 0.0000 0 -2.8556 749.6140 172.1513 836.0129 205.9786 1.6130 1.6872 3.8646 9.5591 1.1681 35.9653 -2.6027 0.0030
Car 0.0000 0 3.1027 0.0000 0.0000 1238.0000 374.0000 1.5293 1.8171 4.7173 -39.5246 2.6509 1.8274 1.5798 0.0030
Car 0.0000 0 1.6066 360.0312 171.8766 390.8067 198.3186 1.5999 1.7378 3.9521 -14.2951 1.0184 45.5972 1.2995 0.0030
Car 0.0000 0 -1.6656 114.7256 176.4828 164.9954 212.1725 1.6617 1.7388 3.6207 -22.7891 1.4290 35.4026 -2.2392 0.0029
Car 0.0000 0 -1.1623 144.6760 168.3658 198.8647 191.7643 1.5845 1.8522 4.0156 -30.2659 0.6958 50.7543 -1.7026 0.0029
Cyclist 0.0000 0 1.4461 812.8001 175.6986 830.3166 209.9998 1.6367 0.6045 1.6488 10.7483 1.3608 35.1350 1.7358 0.0029
Pedestrian 0.0000 0 -1.6248 1039.3394 145.4932 1073.6851 223.2822 1.9305 0.6937 0.6786 11.5435 1.0381 18.2885 -1.0733 0.0028
Car 0.0000 0 -0.2567 32.3363 171.7161 161.6612 210.3373 1.6977 1.9585 4.6666 -23.7755 1.2686 33.9872 -0.8685 0.0028
Car 0.0000 0 2.5744 23.4356 168.5163 150.4967 208.0358 1.7234 1.7783 4.6347 -24.0626 1.1581 33.8047 1.9545 0.0028
Car 0.0000 0 -0.8915 32.2372 175.5126 137.3693 211.4628 1.6006 1.8028 4.2283 -24.4170 1.3350 34.1427 -1.5137 0.0028
Car 0.0000 0 1.5250 798.7860 158.0906 827.3773 185.7019 1.7761 1.6217 4.2706 14.2476 0.2710 48.4704 1.8046 0.0027
Car 0.0000 0 3.1528 0.0000 0.0000 1238.0000 374.0000 1.5728 1.7925 4.6066 -39.5634 2.6327 1.8081 1.6293 0.0027
Pedestrian 0.0000 0 0.6524 252.5200 169.6375 267.2924 198.4635 1.8972 0.6148 0.6450 -22.6402 1.1171 47.6416 0.2060 0.0027
Car 0.0000 0 -2.7446 0.0000 0.0000 1238.0000 374.0000 1.7021 1.6951 4.3227 36.6340 1.0074 1.4978 -1.2267 0.0027
Car 0.0000 0 3.1457 0.0000 0.0000 1238.0000 374.0000 1.5843 1.8217 4.9874 -39.6457 2.8005 2.0916 1.6292 0.0027
Car 0.0000 0 3.6883 20.2243 166.5724 140.9301 205.7426 1.8071 1.6799 4.4198 -24.6907 1.1194 34.1530 3.0610 0.0027
Pedestrian 0.0000 0 -1.6012 1039.2222 146.2044 1073.2717 224.5781 1.9442 0.7023 0.6800 11.5356 1.0698 18.2868 -1.0499 0.0027
Car 0.0000 0 2.7931 0.0000 0.0000 1238.0000 374.0000 1.6084 1.8562 4.5483 -39.1525 2.9763 2.1549 1.2790 0.0027
Car 0.0000 0 3.2308 0.0000 0.0000 1238.0000 374.0000 1.5901 1.7772 4.8695 -39.7725 2.7713 2.5120 1.7247 0.0027
Car 0.0000 0 -2.7818 755.5197 173.2943 844.5799 205.0452 1.5442 1.6865 4.0646 10.1395 1.1460 36.8034 -2.5198 0.0027
Car 0.0000 0 2.8339 0.0000 0.0000 1238.0000 374.0000 1.6029 1.6924 3.9872 -36.4569 2.6370 0.6108 1.2821 0.0026
Car 0.0000 0 -0.2568 648.5263 170.1486 716.0435 193.5392 1.5034 1.7282 4.1115 5.3108 0.7745 47.3291 -0.1506 0.0026
Car 0.0000 0 2.8941 0.0000 0.0000 1238.0000 374.0000 1.5876 1.7523 3.7733 -36.5218 2.6542 0.6612 1.3437 0.0026
Car 0.0000 0 -2.7314 751.3851 170.9069 831.0792 204.6701 1.6107 1.6306 3.4997 9.4769 1.1062 35.9834 -2.4807 0.0026
Pedestrian 0.0000 0 1.3271 251.1846 171.8202 263.5476 199.3021 1.8049 0.5847 0.7060 -22.8079 1.1699 47.6335 0.8777 0.0026
Car 0.0000 0 1.7188 360.8045 173.6198 397.4213 199.1221 1.5520 1.6809 3.9408 -14.1128 1.0732 45.7901 1.4165 0.0026
Car 0.0000 0 0.2427 539.2918 171.2975 603.2388 195.7247 1.6675 1.7867 4.1730 -2.0791 0.9717 50.3184 0.1966 0.0025
Car 0.0000 0 -0.9076 32.8804 172.3701 154.7989 212.4551 1.7428 2.0784 4.9372 -23.6548 1.3468 33.7477 -1.5203 0.0025
Car 0.0000 0 0.4417 0.0000 0.0000 1238.0000 374.0000 1.6493 1.7765 4.3276 39.6993 1.0845 0.1218 1.9980 0.0025
Car 0.0000 0 1.4143 794.5435 177.4488 836.9440 208.5541 1.4740 1.4885 3.3578 10.6204 1.2829 35.7952 1.6957 0.0024
Car 0.0000 0 0.4236 200.0515 183.7141 293.6881 215.0201 1.5216 1.6022 3.8838 -17.6737 1.6358 35.9033 -0.0360 0.0024
Car 0.0000 0 0.8299 53.4823 176.4871 143.3828 207.1985 1.4749 1.6143 3.6530 -24.9675 1.2350 35.6773 0.2178 0.0024
Pedestrian 0.0000 0 1.0018 250.5424 172.6893 264.7601 199.5530 1.7662 0.5609 0.7008 -22.7951 1.1876 47.6488 0.5527 0.0024
Car 0.0000 0 3.5983 51.3765 172.7965 157.8451 207.1884 1.5549 1.5205 3.8069 -23.1108 1.1623 33.5071 2.9931 0.0023
Car 0.0000 0 1.5236 800.3406 176.8192 832.6625 208.0996 1.4714 1.3561 3.0382 10.5615 1.2522 35.4236 1.8062 0.0023
Car 0.0000 0 -2.5693 1235.6246 159.4634 1238.0000 220.0306 1.5670 1.7467 3.8710 20.9871 0.9980 20.6600 -1.7874 0.0023
Car 0.0000 0 0.8091 208.7419 182.2374 297.3560 215.0577 1.5755 1.7364 3.9727 -17.4857 1.6149 36.0517 0.3552 0.0023
Car 0.0000 0 1.3334 797.9822 177.7840 840.4252 208.4279 1.4400 1.3222 2.9000 10.6301 1.2663 35.2341 1.6193 0.0022
Cyclist 0.0000 0 -1.5978 823.6097 166.6269 832.5980 204.5908 1.6943 0.3434 1.3122 10.3136 1.0315 32.7340 -1.2999 0.0022
Car 0.0000 0 1.6178 799.7530 158.1859 826.9431 185.3276 1.7437 1.5920 4.0569 14.2988 0.2466 48.3242 1.8992 0.0022
Car 0.0000 0 -3.3987 758.3632 175.6669 844.4007 206.4711 1.5101 1.5860 3.8734 9.9700 1.2250 36.0155 -3.1355 0.0022
Car 0.0000 0 2.5597 24.3033 170.9042 155.3789 210.9247 1.7416 1.7258 4.8897 -23.9397 1.2814 33.8484 1.9428 0.0021
Car 0.0000 0 -1.2731 148.6913 167.4936 193.8098 192.1210 1.6792 1.8211 3.4405 -30.3898 0.7248 50.8661 -1.8142 0.0021
Car 0.0000 0 1.4254 800.8094 177.6412 838.6241 208.6792 1.4569 1.3376 2.9393 10.6674 1.2767 35.2643 1.7120 0.0020
Car 0.0000 0 0.8866 770.5487 174.7608 848.1823 207.6196 1.5383 1.5564 3.9253 10.2573 1.2237 35.7374 1.1591 0.0020
Car 0.0000 0 2.8120 0.0000 0.0000 1238.0000 374.0000 1.5808 1.6622 3.9831 -36.3666 2.6509 0.6332 1.2609 0.0020
Car 0.0000 0 -2.4173 28.9085 170.9372 132.6173 205.9260 1.6289 1.7187 3.8626 -24.9561 1.1381 34.4810 -3.0451 0.0019
Car 0.0000 0 -1.2591 51.9507 167.9898 133.5628 204.5277 1.6829 2.0181 4.4859 -25.0276 1.0615 35.5248 -1.8744 0.0019
Car 0.0000 0 0.4579 0.0000 0.0000 1238.0000 374.0000 1.6447 1.7596 4.1646 39.9641 1.0601 0.2319 2.0114 0.0019
Car 0.0000 0 2.9231 0.0000 0.0000 1238.0000 374.0000 1.5555 1.6678 3.6080 -36.5511 2.6250 0.7763 1.3757 0.0019
Car 0.0000 0 1.5491 804.0785 179.0576 836.3909 209.9921 1.4395 1.4107 3.3342 10.6789 1.3267 35.2172 1.8363 0.0019
Car 0.0000 0 1.5497 359.3188 175.2953 387.2908 199.9839 1.4918 1.5923 3.4284 -14.4017 1.1176 45.2815 1.2385 0.0019
Car 0.0000 0 0.7614 769.7675 173.7746 849.2526 207.5268 1.5785 1.5914 3.6864 10.2346 1.2181 35.5824 1.0344 0.0018
Car 0.0000 0 1.7236 360.5652 175.0620 396.7206 200.2062 1.5317 1.6508 3.8270 -14.1388 1.1402 45.7700 1.4206 0.0018
Pedestrian 0.0000 0 -0.5428 754.7411 165.2448 772.1803 196.2406 1.9810 0.7657 0.8191 10.4716 0.9428 46.4006 -0.3270 0.0018
Car 0.0000 0 0.4911 755.4586 172.3816 845.1143 205.5943 1.5606 1.7046 3.9562 9.8366 1.1330 35.7241 0.7529 0.0018
Car 0.0000 0 1.3553 348.0937 172.1450 387.5529 198.2997 1.5693 1.6068 3.5964 -14.6790 1.0088 45.0556 1.0371 0.0017
Car 0.0000 0 -0.5248 32.1232 170.5113 138.4500 206.1648 1.5660 1.6624 3.7054 -24.0406 1.0843 33.5788 -1.1474 0.0017
Pedestrian 0.0000 0 -0.5428 754.9300 164.8300 771.9236 195.8849 1.9852 0.7737 0.7815 10.4713 0.9203 46.4091 -0.3271 0.0017
Car 0.0000 0 0.7747 770.2219 174.4146 850.7642 207.6541 1.5530 1.5770 3.7953 10.2825 1.2229 35.5969 1.0489 0.0017
Car 0.0000 0 -2.2075 940.5600 163.4129 1004.4608 189.0503 1.6026 1.6731 3.9453 24.2016 0.4727 46.9859 -1.7390 0.0017
Car 0.0000 0 1.4539 355.7282 174.7265 389.3443 199.6986 1.5037 1.6158 3.3623 -14.3997 1.0966 45.1178 1.1417 0.0017
Car 0.0000 0 1.6415 362.0315 175.4613 393.1196 200.4206 1.5186 1.6507 3.5812 -14.1745 1.1520 45.6372 1.3370 0.0016
Car 0.0000 0 -2.2207 0.0000 0.0000 1238.0000 374.0000 1.4691 1.4598 3.1471 8.5036 1.4230 -0.2862 -0.6520 0.0016
Car 0.0000 0 -2.9748 757.1176 173.2565 833.3092 204.9599 1.5440 1.6814 3.5123 9.8344 1.1434 36.4693 -2.7183 0.0016
Car 0.0000 0 -1.2434 149.5746 167.8910 195.3443 191.6419 1.6211 1.8052 3.3635 -30.3013 0.6929 50.8597 -1.7833 0.0016
Car 0.0000 0 -2.7574 756.9880 171.6770 834.6489 204.0159 1.5610 1.7870 3.3773 9.8273 1.0877 36.3974 -2.5005 0.0016
Car 0.0000 0 -3.1228 760.9247 174.5565 834.0247 204.9931 1.4928 1.6612 3.5049 9.9418 1.1531 36.5086 -2.8638 0.0016
Pedestrian 0.0000 0 -1.8915 1076.9207 137.7957 1119.1096 225.8108 2.2814 0.7280 0.7078 13.1300 1.1498 19.0557 -1.2997 0.0015
Car 0.0000 0 1.6398 358.5481 174.4278 389.1862 198.9347 1.4891 1.6279 3.4941 -14.3800 1.0601 45.5368 1.3306 0.0015
Car 0.0000 0 -1.7906 0.0000 0.0000 1238.0000 374.0000 1.4765 1.5406 3.2802 6.9297 1.5146 -0.0403 -0.2568 0.0015
Car 0.0000 0 1.4386 801.1089 178.6174 839.6439 209.1964 1.4244 1.3575 3.2512 10.6656 1.2911 35.1693 1.7259 0.0015
Car 0.0000 0 -1.2583 150.9429 168.5055 196.2435 192.1516 1.6187 1.8077 3.4300 -30.3301 0.7298 51.0444 -1.7970 0.0015
Car 0.0000 0 0.6806 154.1326 167.4685 227.9449 191.9366 1.6936 1.7479 4.4301 -29.0598 0.7230 50.9333 0.1595 0.0014
Car 0.0000 0 1.6682 800.0658 158.7459 831.0306 185.9885 1.7473 1.6376 3.9861 14.4187 0.2886 48.2244 1.9524 0.0014
Pedestrian 0.0000 0 1.3382 13.2592 177.6059 36.5342 223.9070 1.7457 0.5179 0.8295 -22.1265 1.5999 27.5402 0.6609 0.0014
Car 0.0000 0 3.4361 53.4746 176.6006 156.2218 210.4921 1.5280 1.5214 3.6817 -23.1964 1.3080 33.6696 2.8315 0.0014
Pedestrian 0.0000 0 1.2522 12.3617 178.2666 37.1941 224.2711 1.7343 0.5075 0.8276 -22.1111 1.6135 27.5161 0.5748 0.0014
Car 0.0000 0 1.2813 347.0723 173.4780 388.3980 199.2827 1.5504 1.5525 3.3633 -14.6554 1.0691 44.9792 0.9631 0.0013
Cyclist 0.0000 0 1.7266 167.4042 181.7435 185.9917 220.2747 1.6210 0.5044 1.2472 -18.2775 1.6327 30.8989 1.1910 0.0013
Car 0.0000 0 1.4205 796.2886 176.9325 838.1545 208.9412 1.5084 1.4624 3.4149 10.6462 1.2940 35.6373 1.7037 0.0013
Car 0.0000 0 3.3104 34.2996 167.2989 163.8160 204.6689 1.7338 1.8280 4.9693 -24.4651 1.0759 35.2102 2.7017 0.0013
Car 0.0000 0 0.5961 160.1904 170.7447 233.2499 193.8225 1.5971 1.7372 4.2556 -28.5439 0.8534 50.7481 0.0811 0.0013
Car 0.0000 0 1.6374 801.4612 177.3587 834.7562 209.1314 1.4905 1.3888 3.1484 10.7026 1.2971 35.4118 1.9237 0.0013
Car 0.0000 0 -1.9565 0.0000 0.0000 1238.0000 374.0000 1.4981 1.5599 3.7154 7.4449 1.4551 -0.2265 -0.3954 0.0013
Car 0.0000 0 1.3508 700.6106 167.7640 727.8610 185.8455 1.5997 1.6671 3.6796 10.2788 0.3849 65.4429 1.5011 0.0013
Pedestrian 0.0000 0 -0.6042 1.2143 181.2060 32.2339 225.6716 1.6583 0.5121 0.7552 -22.1728 1.6483 27.2203 -1.2881 0.0013
Car 0.0000 0 -2.6460 357.2046 179.8755 447.4055 212.1802 1.3665 1.4453 3.5488 -8.7212 1.2987 31.4788 -2.9192 0.0013
Car 0.0000 0 1.6558 703.0842 168.6571 725.8636 187.4216 1.6546 1.7285 4.1905 10.3848 0.5226 65.5783 1.8073 0.0013
Car 0.0000 0 1.6217 706.4171 168.0240 726.2917 185.9419 1.5672 1.5959 4.0032 10.4505 0.3889 64.9482 1.7758 0.0012
Car 0.0000 0 1.5985 706.4072 169.1398 725.9670 187.2396 1.5935 1.6713 3.9332 10.4955 0.5057 65.3250 1.7523 0.0012
Car 0.0000 0 1.6118 704.3936 168.9591 724.9980 187.4483 1.6339 1.7174 4.0957 10.4140 0.5261 65.6510 1.7636 0.0012
Cyclist 0.0000 0 1.7261 165.4071 177.3769 184.6500 218.4815 1.7253 0.5265 1.2513 -18.3063 1.5532 30.8268 1.1888 0.0012
Car 0.0000 0 0.1561 142.8869 168.8812 234.9682 193.4968 1.6655 1.8860 5.3855 -28.8379 0.8124 50.4449 -0.3658 0.0012
Car 0.0000 0 0.5741 156.1151 169.0166 234.4274 192.7410 1.6440 1.7722 4.5946 -28.6649 0.7796 50.7914 0.0577 0.0012
Cyclist 0.0000 0 1.2531 158.6422 174.4305 183.3536 216.1053 1.7523 0.5636 1.1892 -18.4773 1.4560 30.8034 0.7115 0.0011
Car 0.0000 0 1.5598 705.7623 168.8051 725.3251 187.3381 1.6392 1.6941 4.0133 10.4345 0.5168 65.6394 1.7120 0.0011
Car 0.0000 0 1.4010 702.3708 168.4258 727.2509 185.9129 1.5487 1.6200 3.6675 10.3364 0.3912 65.4617 1.5522 0.0010
Car 0.0000 0 0.1381 152.6348 169.4579 234.7599 193.7768 1.6505 1.8829 4.8153 -28.5609 0.8339 50.5169 -0.3791 0.0010
Pedestrian 0.0000 0 -1.4202 163.8932 172.6522 184.2752 216.7876 1.8625 0.6648 0.6256 -18.2898 1.4901 30.7254 -1.9585 0.0010
Car 0.0000 0 0.1960 160.9067 171.4736 238.6911 195.1282 1.6141 1.8456 4.5140 -28.1891 0.9306 50.5917 -0.3150 0.0010
Car 0.0000 0 1.4405 704.0338 168.5630 728.8399 187.2374 1.6477 1.6753 4.1908 10.4848 0.5067 65.4944 1.5937 0.0010
Car 0.0000 0 0.2795 163.6179 170.3303 235.3928 194.2412 1.6391 1.7605 4.0866 -28.2144 0.8741 50.5658 -0.2322 0.0010
Car 0.0000 0 -1.9770 0.0000 0.0000 1238.0000 374.0000 1.4601 1.4170 3.5856 6.9581 1.4346 -0.2827 -0.4082 0.0009
Pedestrian 0.0000 0 -0.6570 16.0773 171.5373 52.5409 222.5004 1.9161 0.6524 0.8822 -21.7339 1.5426 27.5122 -1.3260 0.0009
Cyclist 0.0000 0 1.8102 162.6078 174.6610 185.1571 217.5100 1.7953 0.5386 1.3121 -18.3381 1.5097 30.8009 1.2718 0.0009
Pedestrian 0.0000 0 0.5091 1.8055 180.3635 32.6756 225.1081 1.6737 0.4959 0.7619 -22.1174 1.6322 27.1766 -0.1744 0.0009
Car 0.0000 0 1.4558 703.2084 167.9942 727.3771 185.8875 1.5805 1.7106 3.9182 10.3744 0.3880 65.4373 1.6076 0.0008
Car 0.0000 0 1.4373 703.1556 168.0713 727.1112 185.9079 1.5786 1.6442 3.7761 10.3675 0.3905 65.4738 1.5889 0.0008
Car 0.0000 0 -1.4078 508.7166 175.2384 552.0035 203.5719 1.5571 1.8051 4.5943 -4.0698 1.2138 41.8228 -1.5093 0.0008
Car 0.0000 0 -1.4800 510.5695 173.8446 549.7698 203.5690 1.6380 1.8634 4.9630 -4.1049 1.2170 42.0740 -1.5817 0.0008
Pedestrian 0.0000 0 0.4475 165.2957 176.6266 185.3127 217.9755 1.7532 0.5401 0.5595 -18.2534 1.5475 30.7490 -0.0895 0.0008
Cyclist 0.0000 0 1.3153 160.1139 177.4354 184.1079 218.8676 1.7380 0.5826 1.2513 -18.4142 1.5685 30.7762 0.7747 0.0007
Pedestrian 0.0000 0 -0.2327 17.4537 172.2301 50.2992 223.5382 1.9269 0.6336 0.8642 -21.7541 1.5798 27.5098 -0.9023 0.0007
Car 0.0000 0 1.3692 506.8947 171.8664 550.9937 201.9997 1.6636 1.6842 4.4377 -4.2968 1.1325 42.0245 1.2629 0.0006
Car 0.0000 0 -1.5283 510.3490 173.1500 545.6057 203.2377 1.6440 1.8467 5.3606 -4.2249 1.1886 41.9811 -1.6330 0.0006
Car 0.0000 0 -1.5113 511.5713 173.2939 548.7458 203.3814 1.6519 1.8868 5.0726 -4.1007 1.2022 42.0100 -1.6130 0.0006
Car 0.0000 0 1.5460 517.4440 171.6978 548.3290 201.5928 1.6653 1.6748 4.1989 -4.0681 1.1201 42.2003 1.4455 0.0006
Cyclist 0.0000 0 -0.7558 0.0000 169.9574 92.6972 264.7081 1.6898 0.4160 1.5771 -10.5454 1.4852 13.6199 -1.4108 0.0005
Cyclist 0.0000 0 1.6527 162.3053 173.2876 180.2821 215.0532 1.7517 0.5679 1.2043 -18.4462 1.4083 30.7914 1.1117 0.0004
Pedestrian 0.0000 0 -1.4112 159.8553 168.6594 180.3452 214.6542 1.9418 0.6681 0.5883 -18.4581 1.4007 30.7215 -1.9535 0.0004
Car 0.0000 0 -2.7952 466.7367 175.9965 544.3464 203.1993 1.4836 1.5297 4.0428 -5.3694 1.1843 40.3443 -2.9317 0.0003
Cyclist 0.0000 0 -0.7537 0.0000 178.3530 25.7739 226.0116 1.7202 0.4998 2.0307 -22.7786 1.6077 26.9624 -1.4555 0.0003
Car 0.0000 0 -1.2401 506.4619 175.1775 561.1839 203.7088 1.5665 1.8199 4.5221 -3.8622 1.2202 41.8472 -1.3366 0.0003
Pedestrian 0.0000 0 -1.4124 158.3344 167.6786 180.6372 214.0680 1.9550 0.7206 0.6839 -18.4838 1.3735 30.7228 -1.9553 0.0003
Car 0.0000 0 -2.8762 469.7321 177.9311 540.9402 203.7946 1.4193 1.4594 3.7181 -5.3792 1.2243 40.3792 -3.0129 0.0003
Car 0.0000 0 -2.9006 467.4703 176.3406 541.2443 203.4059 1.4860 1.4880 3.8697 -5.4302 1.2036 40.3766 -3.0384 0.0002
Pedestrian 0.0000 0 -1.2748 0.9707 177.0795 25.7486 224.4376 1.7852 0.5515 0.7137 -22.5360 1.6196 27.5102 -1.9616 0.0002
Pedestrian 0.0000 0 1.4653 0.0000 180.9161 13.5929 226.9236 1.7117 0.5021 0.6602 -22.5969 1.6910 27.1323 0.7705 0.0001
Pedestrian 0.0000 0 1.5953 0.0000 180.0346 12.8804 226.5799 1.7312 0.5287 0.6565 -22.6039 1.6777 27.1362 0.9004 0.0001