Pedestrian 0.0000 0 2.7385 739.2606 154.0666 870.8212 329.6353 1.7828 0.9003 1.1072 2.0957 1.5161 7.7005 2.9957 0.9427
Pedestrian 0.0000 0 2.7200 739.4144 153.8685 868.9086 329.6945 1.7846 0.9113 1.0731 2.0894 1.5160 7.7091 2.9762 0.9233
Pedestrian 0.0000 0 2.7271 738.4594 154.5673 867.1678 328.6587 1.7694 0.8898 1.0770 2.0747 1.5075 7.7060 2.9817 0.8904
Pedestrian 0.0000 0 2.7320 738.9069 155.1682 870.2242 329.3658 1.7696 0.8698 1.1145 2.0901 1.5140 7.6925 2.9888 0.8630
Pedestrian 0.0000 0 0.5815 0.0000 0.0000 1224.0000 370.0000 1.8935 0.6117 1.0486 -4.1862 1.7202 0.1492 -0.8753 0.7174
Pedestrian 0.0000 0 2.7288 741.6224 157.6063 868.6716 331.4706 1.7614 0.8115 1.0813 2.0857 1.5311 7.6423 2.9866 0.7173
Pedestrian 0.0000 0 0.5312 0.0000 0.0000 1224.0000 370.0000 1.8843 0.6094 0.9959 -4.1907 1.7125 0.1458 -0.9266 0.7101
Pedestrian 0.0000 0 2.5258 740.4617 159.1618 861.9600 328.7159 1.7213 0.8392 0.9737 2.0793 1.5063 7.7375 2.7800 0.6179
Pedestrian 0.0000 0 0.5757 0.0000 0.0000 1224.0000 370.0000 1.8864 0.5576 0.9989 -4.1985 1.7259 0.2116 -0.8668 0.6076
Pedestrian 0.0000 0 0.6337 0.0000 0.0000 1224.0000 370.0000 1.8873 0.5902 1.0459 -4.1742 1.7402 0.2389 -0.8017 0.5627
Pedestrian 0.0000 0 2.6078 739.3448 160.5126 868.2654 329.0368 1.7154 0.8865 1.0546 2.1079 1.5136 7.7625 2.8646 0.5329
Pedestrian 0.0000 0 0.7792 0.0000 0.0000 1224.0000 370.0000 1.9654 0.6444 0.7280 -3.7635 1.7020 -0.1871 -0.7538 0.4197
Pedestrian 0.0000 0 0.7017 0.0000 0.0000 1224.0000 370.0000 1.8952 0.6372 1.0132 -4.0824 1.7263 0.1222 -0.7589 0.4189
Car 0.0000 0 -0.9531 0.0000 0.0000 1224.0000 370.0000 1.4767 1.5229 3.2914 1.8333 1.5857 0.1184 0.3827 0.3959
Car 0.0000 0 -0.8937 0.0000 0.0000 1224.0000 370.0000 1.4799 1.5361 3.5374 1.6541 1.6002 0.0993 0.4284 0.3932
Pedestrian 0.0000 0 0.7635 0.0000 0.0000 1224.0000 370.0000 1.9602 0.6492 0.6987 -3.7649 1.7112 -0.1770 -0.7669 0.3919
Pedestrian 0.0000 0 0.7614 0.0000 0.0000 1224.0000 370.0000 1.8678 0.5833 0.9469 -4.3350 1.7001 0.0922 -0.7123 0.3782
Car 0.0000 0 0.1303 0.0000 0.0000 1224.0000 370.0000 1.4701 1.5503 3.6521 1.4357 1.6112 -0.1790 1.6023 0.3773
Pedestrian 0.0000 0 0.6824 0.0000 0.0000 1224.0000 370.0000 1.8933 0.6490 0.9889 -4.0692 1.7204 0.1199 -0.7784 0.3657
Pedestrian 0.0000 0 0.7392 0.0000 0.0000 1224.0000 370.0000 1.8536 0.5408 0.6964 -3.5243 1.6601 -0.0981 -0.7661 0.3422
Car 0.0000 0 -0.9336 0.0000 0.0000 948.2258 370.0000 1.5263 1.5200 3.5078 1.8412 1.5892 -0.0431 0.4876 0.3329
Car 0.0000 0 -0.8955 0.0000 0.0000 818.3306 370.0000 1.5224 1.5758 3.6637 1.6459 1.5891 -0.0211 0.4951 0.3324
Pedestrian 0.0000 0 0.3549 0.0000 0.0000 1224.0000 370.0000 1.9420 0.6490 0.8223 -4.2149 1.7107 -0.0476 -1.1490 0.3120
Car 0.0000 0 -1.0062 0.0000 0.0000 1224.0000 370.0000 1.4788 1.5079 3.3045 2.0015 1.6335 0.2750 0.2757 0.3056
Pedestrian 0.0000 0 0.8627 0.0000 0.0000 1224.0000 370.0000 1.8488 0.5601 0.7012 -3.5311 1.6533 -0.0786 -0.6372 0.3046
Car 0.0000 0 0.0366 0.0000 0.0000 1224.0000 370.0000 1.4821 1.5679 3.5905 1.6448 1.6092 -0.0673 1.4544 0.2838
Pedestrian 0.0000 0 0.4149 0.0000 0.0000 1224.0000 370.0000 1.9413 0.6819 0.8540 -4.2040 1.7144 -0.0556 -1.0908 0.2627
Car 0.0000 0 -1.5007 0.0000 0.0000 968.0615 370.0000 1.4768 1.5903 4.2660 -2.1533 1.6964 0.5738 -2.6752 0.2511
Car 0.0000 0 3.8006 0.0000 0.0000 1224.0000 370.0000 1.5001 1.5644 4.3380 -0.4474 1.6151 0.1507 3.0469 0.2444
Pedestrian 0.0000 0 0.7109 0.0000 0.0000 1224.0000 370.0000 1.9273 0.5705 0.9134 -4.0718 1.7555 0.3094 -0.7043 0.2426
Car 0.0000 0 -1.0703 0.0000 0.0000 1066.8287 370.0000 1.5166 1.5148 3.6474 2.1809 1.5735 -0.1031 0.4012 0.2396
Car 0.0000 0 -0.0621 0.0000 0.0000 1224.0000 370.0000 1.5187 1.5711 3.7150 1.6417 1.6060 -0.2973 1.4942 0.2245
Car 0.0000 0 0.2533 0.0000 0.0000 1224.0000 370.0000 1.4617 1.5021 3.5635 1.4485 1.6448 -0.0004 1.6062 0.2218
Car 0.0000 0 0.2072 0.0000 0.0000 1224.0000 370.0000 1.4486 1.5593 3.6569 1.6215 1.6293 0.1350 1.5040 0.2166
Car 0.0000 0 -1.7793 0.0000 0.0000 1224.0000 370.0000 1.4898 1.6102 3.7662 -2.0668 1.6558 0.2242 -3.0894 0.2088
Car 0.0000 0 0.4713 39.5762 0.0000 1224.0000 370.0000 1.4917 1.5557 3.6272 1.1641 1.6553 -0.0323 1.7987 0.2076
Pedestrian 0.0000 0 0.7207 0.0000 0.0000 1224.0000 370.0000 1.9617 0.6183 0.9064 -4.0712 1.7883 0.3432 -0.6865 0.1840
Car 0.0000 0 -1.5100 0.0000 0.0000 1022.6680 370.0000 1.4769 1.5914 4.1710 -2.0769 1.6859 0.5732 -2.6717 0.1828
Car 0.0000 0 -1.6503 0.0000 0.0000 1224.0000 370.0000 1.4913 1.5753 3.9316 -1.5156 1.6500 0.1623 -2.9092 0.1802
Car 0.0000 0 -3.9891 0.0000 0.0000 616.8853 370.0000 1.5384 1.6632 3.9238 1.3869 1.6031 0.0790 -2.6992 0.1520
Car 0.0000 0 0.4309 343.5680 0.0000 1224.0000 370.0000 1.5316 1.6223 3.4696 -1.1059 1.6417 -0.0905 -0.9305 0.1441
Car 0.0000 0 0.1903 110.7485 0.0000 1224.0000 370.0000 1.4796 1.5683 3.8210 1.1110 1.6295 -0.3026 1.7438 0.1427
Car 0.0000 0 4.0882 561.2325 0.0000 1224.0000 370.0000 1.4997 1.5826 3.9135 -1.5436 1.6487 -0.0810 2.6749 0.1423
Car 0.0000 0 -2.8744 0.0000 0.0000 1224.0000 370.0000 1.4272 1.6364 3.7133 9.5052 1.3668 -0.1611 -1.3193 0.1375
Car 0.0000 0 -1.6447 0.0000 0.0000 1224.0000 370.0000 1.5065 1.6680 3.9753 -2.2861 1.6903 0.3008 -2.9474 0.1373
Car 0.0000 0 -1.0899 0.0000 0.0000 1224.0000 370.0000 1.4669 1.5384 3.3391 2.0340 1.6285 0.3494 0.1630 0.1335
Pedestrian 0.0000 0 0.8731 0.0000 0.0000 1224.0000 370.0000 1.8597 0.5967 0.7084 -3.5189 1.6368 -0.2503 -0.6753 0.1306
Car 0.0000 0 4.0995 0.0000 0.0000 1224.0000 370.0000 1.5119 1.5815 4.0285 -1.2073 1.6692 -0.0616 2.7439 0.1270
Pedestrian 0.0000 0 0.8025 0.0000 0.0000 1224.0000 370.0000 1.8704 0.6071 0.6553 -3.5210 1.6481 -0.2501 -0.7459 0.1266
Car 0.0000 0 0.7414 0.0000 0.0000 1224.0000 370.0000 1.4565 1.5041 3.4206 1.2099 1.6447 0.3055 1.8345 0.1256
Car 0.0000 0 0.7097 0.0000 0.0000 1224.0000 370.0000 1.4373 1.4547 3.4965 1.4511 1.6593 0.6232 1.7041 0.1242
Car 0.0000 0 -4.1166 0.0000 0.0000 1224.0000 370.0000 1.5043 1.6197 3.7973 1.3267 1.6076 0.1545 -2.8900 0.1219
Car 0.0000 0 -0.1387 0.0000 0.0000 1224.0000 370.0000 1.4848 1.6191 3.7332 1.9526 1.6399 0.0192 1.2600 0.1189
Car 0.0000 0 -4.0391 0.0000 0.0000 1224.0000 370.0000 1.4985 1.6034 3.7470 1.2760 1.6625 0.3373 -2.9445 0.1179
Car 0.0000 0 3.4802 192.9958 0.0000 1224.0000 370.0000 1.5089 1.5549 3.4614 -1.1951 1.6394 -0.1501 2.0552 0.1167
Car 0.0000 0 4.0423 416.4223 0.0000 1224.0000 370.0000 1.5072 1.5778 3.7765 -1.6120 1.6398 -0.1795 2.5623 0.1092
Car 0.0000 0 1.3905 0.0000 0.0000 931.2596 370.0000 1.4940 1.5464 4.0121 -1.8270 1.6973 0.4170 0.2063 0.1062
Car 0.0000 0 -0.1648 0.0000 0.0000 1224.0000 370.0000 1.5025 1.5872 3.6888 1.9580 1.6062 -0.0275 1.2575 0.1046
Car 0.0000 0 3.4578 0.0000 0.0000 1224.0000 370.0000 1.5005 1.5579 4.0926 -0.3387 1.6511 0.2412 2.9196 0.1037
Car 0.0000 0 -0.1971 0.0000 0.0000 1224.0000 370.0000 1.5268 1.6012 3.8286 2.0053 1.5802 -0.1511 1.2894 0.1031
Car 0.0000 0 3.1500 0.0000 0.0000 1224.0000 370.0000 1.4331 1.5241 3.6365 -1.6917 1.6429 -0.0575 1.7368 0.1019
Car 0.0000 0 -2.2149 0.0000 0.0000 1224.0000 370.0000 1.4638 1.5226 3.7676 -0.8229 1.6387 0.3595 -3.0910 0.1016
Cyclist 0.0000 0 1.0429 0.0000 0.0000 1224.0000 370.0000 1.8830 0.5377 1.7300 -4.0717 1.7297 0.1031 -0.4220 0.1010
Car 0.0000 0 2.8501 0.0000 0.0000 1224.0000 370.0000 1.5145 1.6057 4.0282 0.0045 1.6751 0.3534 2.8584 0.0990
Car 0.0000 0 2.6739 0.0000 0.0000 1224.0000 370.0000 1.4369 1.5206 3.6334 -1.3966 1.6614 0.1871 1.4553 0.0974
Car 0.0000 0 -1.5050 0.0000 0.0000 1224.0000 370.0000 1.5088 1.6301 3.8570 -1.7642 1.6648 0.1132 -2.8315 0.0947
Car 0.0000 0 0.6774 0.0000 0.0000 1224.0000 370.0000 1.4489 1.5835 3.8931 1.5911 1.6296 0.8528 1.6132 0.0908
Car 0.0000 0 0.8314 0.0000 0.0000 1224.0000 370.0000 1.5397 1.6536 4.2438 -0.6794 1.6460 0.0232 -0.2656 0.0894
Car 0.0000 0 -1.5317 0.0000 0.0000 1224.0000 370.0000 1.4985 1.6313 3.8730 -1.7198 1.6560 0.1193 -2.8488 0.0875
Car 0.0000 0 2.3166 0.0000 0.0000 1224.0000 370.0000 1.5139 1.6200 4.1783 0.5176 1.6146 0.2043 3.0944 0.0875
Car 0.0000 0 2.6822 0.0000 0.0000 1224.0000 370.0000 1.5145 1.5919 4.0918 0.1250 1.6720 0.3656 2.8634 0.0867
Car 0.0000 0 2.4192 0.0000 0.0000 1224.0000 370.0000 1.5314 1.6000 4.1198 0.3603 1.6270 0.1873 3.0358 0.0850
Car 0.0000 0 3.1883 0.0000 0.0000 1224.0000 370.0000 1.5416 1.6240 4.1877 -0.0963 1.6016 0.1801 3.0030 0.0848
Car 0.0000 0 3.4151 0.0000 0.0000 1224.0000 370.0000 1.5789 1.6169 3.9960 -0.1993 1.6022 -0.0220 2.8354 0.0847
Car 0.0000 0 2.8256 0.0000 0.0000 1224.0000 370.0000 1.5289 1.6037 4.0087 0.0650 1.6069 0.1547 2.9640 0.0842
Car 0.0000 0 2.1673 0.0000 0.0000 1224.0000 370.0000 1.5900 1.6642 4.2712 0.5690 1.5915 0.0885 3.1136 0.0835
Car 0.0000 0 2.6031 0.0000 0.0000 1224.0000 370.0000 1.5426 1.5928 4.1451 0.2318 1.6091 0.2038 3.0202 0.0827
Car 0.0000 0 -1.2337 0.0000 0.0000 1224.0000 370.0000 1.4385 1.5492 3.3006 1.9865 1.6301 0.8613 -0.1990 0.0825
Car 0.0000 0 2.2604 0.0000 0.0000 1224.0000 370.0000 1.5921 1.6471 4.2034 0.3802 1.5857 0.0573 3.0476 0.0802
Car 0.0000 0 2.5461 0.0000 0.0000 1224.0000 370.0000 1.5041 1.5940 4.1878 0.2541 1.6718 0.3544 2.9064 0.0779
Pedestrian 0.0000 0 1.5152 1162.4202 187.2396 1224.0000 353.7542 1.4345 0.4555 0.6364 5.3952 1.5020 6.5092 2.1853 0.0769
Pedestrian 0.0000 0 1.6012 1163.5839 187.5681 1224.0000 354.1431 1.4385 0.4627 0.6042 5.4046 1.5092 6.5133 2.2718 0.0730
Pedestrian 0.0000 0 1.7475 91.6007 171.9492 130.4809 266.2472 1.6772 0.4910 0.5402 -9.0622 1.5268 12.9177 1.1490 0.0724
Car 0.0000 0 2.4833 0.0000 0.0000 1224.0000 370.0000 1.5188 1.5955 4.0869 0.3343 1.6724 0.2941 2.9813 0.0718
Cyclist 0.0000 0 -0.0848 0.0000 0.0000 1224.0000 370.0000 1.6281 0.4986 1.7617 -1.3606 1.6957 0.3811 -1.1763 0.0669
Car 0.0000 0 2.5715 0.0000 0.0000 1224.0000 370.0000 1.6035 1.5993 4.0237 0.1971 1.5601 0.0773 3.0327 0.0667
Car 0.0000 0 -1.1055 820.7201 261.6711 1224.0000 370.0000 1.4405 1.5046 3.2638 2.0770 1.6372 0.8589 -0.0506 0.0651
Pedestrian 0.0000 0 1.7055 91.8228 171.2632 130.4529 266.1074 1.6837 0.5014 0.5734 -9.0583 1.5214 12.9154 1.1071 0.0630
Car 0.0000 0 3.2918 0.0000 0.0000 1224.0000 370.0000 1.4383 1.5675 3.7703 -1.9346 1.6388 0.1169 1.9465 0.0629
Car 0.0000 0 3.0027 0.0000 0.0000 1224.0000 370.0000 1.5830 1.6214 4.0680 -0.0152 1.5651 0.0267 2.9651 0.0599
Car 0.0000 0 -3.0254 0.0000 0.0000 1224.0000 370.0000 1.4272 1.6229 3.6626 9.6202 1.4110 -0.1075 -1.4756 0.0597
Car 0.0000 0 -3.0675 0.0000 0.0000 1224.0000 370.0000 1.3858 1.5933 3.7175 9.6524 1.3959 -0.1556 -1.5126 0.0595
Cyclist 0.0000 0 -0.1578 106.8293 0.0000 1224.0000 370.0000 1.6704 0.4591 1.7590 -1.1272 1.6693 0.4056 -1.1528 0.0593
Car 0.0000 0 -2.3798 0.0000 0.0000 1219.2643 370.0000 1.4525 1.5163 3.4873 1.2904 1.6291 0.8029 -1.5249 0.0577
Car 0.0000 0 -2.2831 0.0000 0.0000 1224.0000 370.0000 1.4379 1.4604 3.5879 1.5147 1.6150 0.9854 -1.4232 0.0544
Car 0.0000 0 -4.0476 0.0000 0.0000 1224.0000 370.0000 1.4826 1.5793 3.8711 1.6101 1.6709 0.7028 -3.0426 0.0543
Car 0.0000 0 -2.7592 0.0000 0.0000 1224.0000 370.0000 1.4474 1.6200 3.7229 9.2580 1.4006 -0.2073 -1.1995 0.0539
Car 0.0000 0 2.9181 0.0000 0.0000 1224.0000 370.0000 1.4640 1.5674 3.5860 -1.2724 1.6123 -0.0015 1.5971 0.0536
Car 0.0000 0 0.3171 300.4090 0.0000 1224.0000 370.0000 1.5734 1.7100 3.4139 -0.7840 1.6125 -0.2120 -1.1104 0.0447
Car 0.0000 0 2.8304 0.0000 0.0000 1224.0000 370.0000 1.4564 1.5485 3.6954 -1.6269 1.6843 0.4036 1.6814 0.0432
Car 0.0000 0 -2.9411 0.0000 0.0000 1224.0000 370.0000 1.3748 1.5663 3.8426 9.6221 1.2893 0.0113 -1.4037 0.0418
Car 0.0000 0 3.3995 0.0000 0.0000 1224.0000 370.0000 1.4726 1.6012 3.9399 -1.9559 1.6296 -0.1038 1.9423 0.0411
Car 0.0000 0 -2.6976 0.0000 0.0000 1224.0000 370.0000 1.4037 1.5847 3.7655 9.2352 1.4035 -0.0970 -1.1499 0.0376
Car 0.0000 0 2.5240 17.3367 0.0000 1224.0000 370.0000 1.4686 1.5037 3.7087 0.6716 1.6854 0.7456 3.0864 0.0330
Car 0.0000 0 -1.9649 0.0000 0.0000 1224.0000 370.0000 1.4974 1.6795 3.9635 -1.3169 1.7001 0.6865 -2.8801 0.0320
Cyclist 0.0000 0 0.4322 0.0000 0.0000 1224.0000 370.0000 1.6900 0.5518 2.1269 1.3893 1.5861 -0.0106 1.7829 0.0303
Car 0.0000 0 -2.2035 0.0000 0.0000 1072.4840 370.0000 1.5332 1.6873 3.7431 0.7833 1.7102 0.7189 -1.5576 0.0298
Car 0.0000 0 0.1499 0.0000 0.0000 1224.0000 370.0000 1.3398 1.6194 3.6866 9.4981 1.3792 0.1183 1.6757 0.0295
Car 0.0000 0 -0.6643 0.0000 0.0000 1224.0000 370.0000 1.4414 1.5793 3.6997 -1.4971 1.6319 0.7666 -1.6038 0.0291
Car 0.0000 0 0.9258 350.1114 0.0000 1224.0000 370.0000 1.4605 1.6085 3.9445 0.6926 1.6600 0.0833 1.9673 0.0289
Cyclist 0.0000 0 -0.2840 212.1864 0.0000 1224.0000 370.0000 1.6550 0.4369 1.7265 -1.0990 1.7054 0.6704 -1.1183 0.0285
Car 0.0000 0 0.0884 269.2342 0.0000 1224.0000 370.0000 1.5166 1.6642 3.4169 -0.8372 1.6052 -0.0546 -1.1694 0.0276
Car 0.0000 0 0.3048 0.0000 0.0000 1224.0000 370.0000 1.5493 1.6799 3.8616 -2.2825 1.5550 -0.0884 -1.1615 0.0270
Cyclist 0.0000 0 3.2505 0.0000 0.0000 1224.0000 370.0000 1.6414 0.5493 1.8625 -1.3279 1.6818 0.1009 1.9905 0.0269
Cyclist 0.0000 0 -1.5040 0.0000 175.3475 21.9674 258.8541 1.5868 0.3646 1.5668 -12.0336 1.4905 14.1723 -2.1952 0.0257
Cyclist 0.0000 0 0.8126 0.0000 182.1522 159.4216 370.0000 1.6786 0.5924 1.7088 -1.4410 1.6827 0.4918 -0.2418 0.0255
Car 0.0000 0 4.1851 276.6889 0.0000 1224.0000 370.0000 1.5418 1.5435 3.6623 -2.0597 1.6251 -0.0860 2.7308 0.0242
Pedestrian 0.0000 0 -1.2197 847.5192 163.6868 885.6604 260.6591 1.6827 0.4657 0.6006 4.6379 1.3926 12.6439 -0.8745 0.0225
Car 0.0000 0 0.4258 0.0000 0.0000 1224.0000 370.0000 1.4358 1.5983 3.7111 8.4108 1.3574 1.8467 1.7456 0.0221
Car 0.0000 0 -3.1021 0.0000 0.0000 1224.0000 370.0000 1.5257 1.6028 4.1651 -0.0067 1.6719 0.6752 -3.1072 0.0220
Pedestrian 0.0000 0 -0.7796 844.7620 165.8492 888.5885 261.5144 1.6663 0.4474 0.5923 4.6326 1.4128 12.6380 -0.4346 0.0219
Car 0.0000 0 -2.5358 1223.4707 152.9057 1224.0000 218.3684 1.5918 1.6590 3.4142 19.0698 0.9224 19.0181 -1.7558 0.0218
Cyclist 0.0000 0 0.6656 0.0000 0.0000 1224.0000 370.0000 1.6474 0.5300 1.9008 1.4102 1.6586 0.4772 1.7217 0.0217
Car 0.0000 0 -0.6643 460.4640 0.0000 1224.0000 370.0000 1.6052 1.6959 3.6071 -0.0778 1.5288 -0.2220 -1.3015 0.0214
Cyclist 0.0000 0 1.3278 0.0000 0.0000 1224.0000 370.0000 1.8407 0.5403 1.7394 -3.4044 1.6710 -0.2041 -0.2064 0.0211
Car 0.0000 0 -0.4722 95.6905 0.0000 1224.0000 370.0000 1.4805 1.6409 3.4279 -0.8182 1.6515 0.1900 -1.4807 0.0210
Car 0.0000 0 -3.2703 0.0000 0.0000 1224.0000 370.0000 1.5159 1.5805 4.2842 0.1650 1.6972 0.6940 -3.1081 0.0208
Car 0.0000 0 2.8824 2.0903 0.0000 1224.0000 370.0000 1.4915 1.7130 4.0910 -1.8646 1.7133 0.5316 1.7429 0.0203
Car 0.0000 0 -2.7432 0.0000 0.0000 1224.0000 370.0000 1.5454 1.6565 4.2210 -0.1786 1.6466 0.7813 -2.9016 0.0199
Car 0.0000 0 0.0805 0.0000 0.0000 1224.0000 370.0000 1.4489 1.6944 3.7897 -2.1246 1.5667 0.1478 -1.2701 0.0192
Car 0.0000 0 1.4118 0.0000 0.0000 1224.0000 370.0000 1.3651 1.5843 3.7934 8.9548 1.4502 -0.1903 2.9692 0.0192
Car 0.0000 0 -3.0901 0.0000 0.0000 1224.0000 370.0000 1.3979 1.6524 3.5975 9.8872 1.3915 -0.0773 -1.5427 0.0189
Pedestrian 0.0000 0 -0.6865 0.0000 0.0000 1224.0000 370.0000 1.9373 0.6789 0.7879 -4.5017 1.7938 -0.2498 -2.2395 0.0181
Cyclist 0.0000 0 -0.0446 0.0000 0.0000 1224.0000 370.0000 1.6717 0.5562 1.8500 -1.1064 1.5711 0.0737 -1.2683 0.0178
Cyclist 0.0000 0 0.7091 0.0000 0.0000 1224.0000 370.0000 1.6890 0.5450 1.8997 1.1226 1.6540 0.3629 1.7328 0.0174
Car 0.0000 0 -2.0305 0.0000 0.0000 1057.4315 370.0000 1.4671 1.6634 3.5425 0.7700 1.6952 1.0295 -1.5116 0.0174
Pedestrian 0.0000 0 -1.4573 82.5704 168.7758 118.8537 264.1298 1.6589 0.4576 0.6131 -9.0775 1.4566 12.6743 -2.0652 0.0172
Car 0.0000 0 -0.8167 1171.5023 152.6228 1224.0000 215.0279 1.6521 1.7016 3.8775 18.3196 0.9157 19.7054 -0.0742 0.0168
Car 0.0000 0 4.1610 278.4977 0.0000 1224.0000 370.0000 1.5567 1.5353 3.9557 -2.1041 1.6492 -0.1889 2.6557 0.0167
Car 0.0000 0 -0.6489 1180.8014 154.6217 1224.0000 216.4463 1.6215 1.7209 4.0815 18.7547 0.9443 19.6133 0.1076 0.0166
Cyclist 0.0000 0 0.7358 84.1643 167.2948 183.2366 263.0688 1.6961 0.4456 1.6327 -8.6166 1.4639 12.8657 0.1589 0.0161
Car 0.0000 0 -2.0733 544.7302 0.0000 1224.0000 370.0000 1.5747 1.7227 3.8779 0.2886 1.5324 -0.1354 -1.0770 0.0152
Car 0.0000 0 -0.7655 0.0000 236.1452 1224.0000 370.0000 1.5291 1.6504 3.7448 1.0280 1.6978 1.0625 -0.1258 0.0150
Cyclist 0.0000 0 -0.0051 0.0000 0.0000 1224.0000 370.0000 1.8415 0.5607 1.6911 -3.5464 1.7144 -0.2081 -1.5418 0.0147
Car 0.0000 0 0.3148 0.0000 0.0000 1224.0000 370.0000 1.3623 1.5291 3.7796 14.7369 1.2040 0.0884 1.8591 0.0146
Car 0.0000 0 -3.2574 0.0000 0.0000 1224.0000 370.0000 1.5028 1.6393 4.3853 0.5633 1.7125 1.1861 -2.8989 0.0146
Car 0.0000 0 2.3520 853.5500 179.8154 1044.9629 254.0985 1.3651 1.4225 3.5155 6.8909 1.3541 14.2540 2.7952 0.0145
Car 0.0000 0 4.3792 59.6226 0.0000 1224.0000 370.0000 1.5984 1.6263 4.2792 -2.7166 1.6690 -0.3054 2.8166 0.0139
Car 0.0000 0 -1.7861 0.0000 0.0000 1224.0000 370.0000 1.3301 1.6376 3.8547 10.1841 1.3513 -0.2920 -0.2170 0.0139
Car 0.0000 0 -1.7286 605.0364 165.7213 653.6955 200.7697 1.5169 1.6881 3.5591 1.0436 0.8788 32.4667 -1.6950 0.0137
Car 0.0000 0 -1.7073 606.9333 165.3503 655.4086 201.2034 1.5339 1.7136 3.6577 1.1121 0.8872 32.1505 -1.6712 0.0136
Pedestrian 0.0000 0 1.4778 277.2848 175.6653 314.4390 273.8930 1.5137 0.4903 0.6516 -4.9904 1.4409 11.2941 1.0739 0.0133
Car 0.0000 0 -1.3630 787.2413 146.9807 827.5865 179.2711 2.0506 1.7283 4.4149 13.6256 -0.0852 47.4323 -1.0831 0.0132
Pedestrian 0.0000 0 -1.6308 85.2584 170.2260 118.0216 264.2655 1.6355 0.4485 0.6231 -9.0736 1.4584 12.6751 -2.2384 0.0130
Car 0.0000 0 -1.4500 790.3676 144.4643 825.3470 178.7890 2.1805 1.7271 4.5559 13.7001 -0.1198 47.5895 -1.1696 0.0130
Car 0.0000 0 1.6662 0.0000 188.3054 10.8592 239.2305 1.4161 1.6619 4.2931 -20.2741 1.6914 22.5635 0.9429 0.0129
Pedestrian 0.0000 0 1.4547 275.1491 174.1328 313.9151 273.6131 1.5276 0.4953 0.6811 -5.0020 1.4315 11.2713 1.0493 0.0129
Car 0.0000 0 -0.8783 0.0000 187.9521 19.5063 244.2602 1.4495 1.4813 3.5635 -19.1605 1.6862 20.4931 -1.6208 0.0126
Cyclist 0.0000 0 -1.4878 0.0000 172.4147 21.5608 255.1214 1.5985 0.3401 1.4527 -12.1861 1.4439 14.3539 -2.1790 0.0126
Car 0.0000 0 -2.0913 1155.5527 153.0648 1224.0000 217.5607 1.6792 1.6858 3.6902 17.8482 0.9665 20.3761 -1.3781 0.0126
Car 0.0000 0 -0.6604 514.0233 0.0000 1224.0000 370.0000 1.4945 1.7121 3.6627 -0.2946 1.5879 0.2133 -1.1588 0.0125
Car 0.0000 0 -1.7921 262.8751 0.0000 1214.8774 370.0000 1.4799 1.6810 3.5986 0.3267 1.6272 0.3367 -1.3304 0.0123
Car 0.0000 0 -2.5521 0.0000 0.0000 1224.0000 370.0000 1.5652 1.5725 3.8570 5.5392 1.5106 -0.2837 -0.9870 0.0122
Car 0.0000 0 -1.7310 0.0000 0.0000 1224.0000 370.0000 1.3489 1.6221 3.8790 10.3561 1.3836 -0.1817 -0.1724 0.0122
Car 0.0000 0 3.1730 522.2501 165.5126 613.6220 201.6252 1.6105 1.6946 4.0766 -1.6874 0.9436 32.4116 3.1233 0.0121
Car 0.0000 0 -0.8958 0.0000 186.5410 14.9167 242.2282 1.4461 1.4577 3.3590 -19.1592 1.6372 20.4547 -1.6390 0.0121
Car 0.0000 0 1.7606 0.0000 186.8977 27.9062 237.6584 1.4290 1.6335 4.1664 -20.0039 1.6557 22.6691 1.0462 0.0120
Car 0.0000 0 -1.3126 787.1766 149.5175 829.7598 178.4772 1.8303 1.7038 4.2626 13.6459 -0.1404 47.2655 -1.0314 0.0120
Cyclist 0.0000 0 0.1596 0.0000 0.0000 1224.0000 370.0000 1.8930 0.5538 1.7364 -4.1417 1.7479 0.2156 -1.2803 0.0118
Cyclist 0.0000 0 1.5432 0.0000 0.0000 1224.0000 370.0000 1.8394 0.6085 1.5882 -2.9135 1.7408 -0.1749 0.0247 0.0117
Pedestrian 0.0000 0 1.6728 74.3225 179.4786 113.2642 270.3458 1.6167 0.5191 0.5560 -9.3959 1.6002 12.9442 1.0583 0.0117
Car 0.0000 0 -2.2550 0.0000 0.0000 1224.0000 370.0000 1.4912 1.5583 3.6123 5.5859 1.5014 -0.0881 -0.7249 0.0115
Car 0.0000 0 -2.6651 0.0000 0.0000 1224.0000 370.0000 1.4385 1.5228 3.6233 5.5740 1.4299 -0.1213 -1.1292 0.0115
Pedestrian 0.0000 0 1.6987 72.6987 177.1235 113.7482 269.9107 1.6476 0.5326 0.5898 -9.3989 1.5893 12.9353 1.0837 0.0115
Car 0.0000 0 -1.1273 0.0000 182.5616 11.5644 239.3356 1.4424 1.5358 3.7816 -18.8221 1.5086 20.1380 -1.8693 0.0114
Pedestrian 0.0000 0 -2.2130 0.0000 0.0000 1224.0000 370.0000 1.8359 0.6547 0.7747 4.0929 1.5399 -0.3018 -0.6461 0.0113
Pedestrian 0.0000 0 -2.4546 968.8245 83.2186 1224.0000 370.0000 1.6748 0.5776 0.9316 1.3997 1.5181 1.6732 -1.8411 0.0113
Car 0.0000 0 1.6724 0.0000 186.6643 22.5996 237.2362 1.4208 1.6893 4.5138 -20.0917 1.6411 22.7587 0.9578 0.0113
Car 0.0000 0 1.6394 522.1370 170.5052 565.1284 206.1766 1.4626 1.6028 3.8682 -2.6461 1.0543 30.9304 1.5568 0.0112
Car 0.0000 0 1.5824 522.9240 171.0878 562.7289 206.6961 1.4406 1.6078 3.8255 -2.6819 1.0613 30.5662 1.4976 0.0112
Car 0.0000 0 -1.2609 601.6196 167.5317 661.0240 201.8597 1.5262 1.6999 3.9155 1.2977 0.9511 33.5602 -1.2209 0.0112
Car 0.0000 0 -0.3256 0.0000 0.0000 1224.0000 370.0000 1.5518 1.6792 3.7855 -2.2838 1.6998 0.9614 -1.3825 0.0112
Car 0.0000 0 -1.4897 785.9038 145.3724 818.4000 179.8804 2.1965 1.7412 4.5564 13.2972 -0.0425 47.5273 -1.2168 0.0111
Car 0.0000 0 -0.5791 644.6537 0.0000 1224.0000 370.0000 1.5075 1.6182 3.8200 -0.3964 1.6273 0.7553 -0.9291 0.0111
Car 0.0000 0 -1.8246 570.9863 157.1687 608.4754 185.4829 2.0161 1.7447 4.3987 -1.1799 0.3561 52.6939 -1.8450 0.0111
Car 0.0000 0 -1.4294 0.0000 0.0000 1224.0000 370.0000 1.4458 1.6250 3.5507 0.1987 1.6807 1.4703 -1.3175 0.0109
Car 0.0000 0 2.2150 0.0000 183.5653 86.3714 233.3902 1.4453 1.6929 4.5767 -19.4316 1.5572 23.1157 1.5244 0.0109
Cyclist 0.0000 0 -0.2898 15.5199 173.9505 133.4770 273.1027 1.6516 0.4593 1.6127 -9.4244 1.5441 12.5529 -0.9199 0.0108
Pedestrian 0.0000 0 1.5461 267.9025 173.6103 301.7870 275.5752 1.5260 0.4666 0.6910 -5.0283 1.4246 10.9888 1.1296 0.0108
Car 0.0000 0 -2.2613 0.0000 0.0000 1224.0000 370.0000 1.5219 1.6091 3.9466 5.3257 1.4442 -0.2265 -0.7073 0.0108
Pedestrian 0.0000 0 -1.8612 837.6235 174.3660 870.1105 237.4502 1.5637 0.6277 0.5881 6.2327 1.4133 17.8284 -1.5288 0.0107
Car 0.0000 0 1.4527 0.0000 190.0634 3.1613 241.1588 1.4093 1.5765 3.8352 -20.1943 1.7343 22.0488 0.7200 0.0106
Car 0.0000 0 -1.8269 1186.3181 153.6713 1224.0000 217.5302 1.6696 1.6129 3.5159 18.2721 0.9697 20.4136 -1.1029 0.0106
Car 0.0000 0 -2.8892 0.0000 0.0000 1224.0000 370.0000 1.4918 1.6700 4.2421 0.1301 1.7124 1.1823 -2.8017 0.0106
Cyclist 0.0000 0 0.9437 0.0000 0.0000 1224.0000 370.0000 1.8682 0.5284 1.7923 -4.1412 1.7187 0.1705 -0.5069 0.0106
Car 0.0000 0 -1.7417 602.8743 170.7080 650.6906 203.6781 1.4459 1.6286 3.6027 0.9396 1.0180 32.9012 -1.7116 0.0105
Car 0.0000 0 0.4472 0.0000 0.0000 1224.0000 370.0000 1.5098 1.6300 3.8358 17.8721 0.2238 1.6972 1.9066 0.0105
Cyclist 0.0000 0 0.5733 97.6305 166.7295 197.8335 261.0619 1.6884 0.4093 1.5659 -8.3517 1.4435 12.8627 0.0105 0.0105
Car 0.0000 0 -1.3187 602.7935 167.6232 657.3699 202.1194 1.5438 1.6843 3.8746 1.2426 0.9690 33.7339 -1.2804 0.0104
Pedestrian 0.0000 0 -1.9902 831.1676 169.2617 864.8757 236.3401 1.6794 0.6374 0.5594 6.1474 1.3996 18.0054 -1.6649 0.0104
Cyclist 0.0000 0 -1.4672 0.0000 172.8886 17.1867 256.7856 1.5669 0.3831 1.7225 -12.0617 1.4264 14.0215 -2.1645 0.0103
Car 0.0000 0 0.6294 573.6901 167.6148 662.2586 202.7203 1.4981 1.6491 3.7495 0.5379 0.9497 31.9565 0.6478 0.0103
Car 0.0000 0 -1.5352 605.8723 169.2547 644.6973 202.4508 1.4862 1.7041 3.9540 1.0023 0.9842 33.6785 -1.5039 0.0102
Car 0.0000 0 2.3458 840.1412 178.6370 1045.1724 256.8188 1.4151 1.5546 3.7393 6.7215 1.3830 14.1787 2.7815 0.0102
Car 0.0000 0 -1.8373 571.0402 158.5902 608.1282 184.6863 1.8595 1.7070 4.2311 -1.1869 0.2996 52.6470 -1.8579 0.0102
Cyclist 0.0000 0 -0.9210 47.0201 168.2392 140.3159 267.7305 1.6490 0.4437 1.6101 -9.0545 1.4474 12.5267 -1.5330 0.0101
Car 0.0000 0 -0.8674 0.0000 174.3726 104.7105 213.2318 1.5149 1.6339 3.9333 -23.2081 1.2776 29.5608 -1.5260 0.0101
Car 0.0000 0 -0.5588 0.0000 174.5783 125.4509 214.1526 1.5175 1.6738 4.0020 -22.4406 1.2919 29.2753 -1.2057 0.0101
Pedestrian 0.0000 0 -1.9161 836.3635 173.2828 870.8150 237.2265 1.5847 0.6432 0.6257 6.2273 1.4074 17.8344 -1.5841 0.0101
Car 0.0000 0 -2.4850 1204.4895 152.9801 1224.0000 216.9747 1.5946 1.6975 3.6392 19.0639 0.9104 19.5375 -1.7184 0.0101
Cyclist 0.0000 0 0.7582 0.0000 0.0000 1224.0000 370.0000 1.6629 0.5598 1.7462 1.1401 1.6951 0.7528 1.5739 0.0101
Car 0.0000 0 -1.8354 577.4729 161.0538 613.4435 184.8779 1.6968 1.6733 4.0418 -0.7447 0.3131 52.5245 -1.8476 0.0100
Car 0.0000 0 -1.2565 499.8087 0.0000 1224.0000 370.0000 1.4714 1.7454 3.9965 0.2026 1.6665 1.0851 -1.1120 0.0100
Car 0.0000 0 -4.4994 0.0000 0.0000 1224.0000 370.0000 1.3770 1.6854 4.1005 9.2695 1.2734 0.8618 -3.0544 0.0098
Car 0.0000 0 -1.3639 790.5540 151.9940 829.8785 179.3986 1.7334 1.7151 4.0792 13.7112 -0.0755 47.0991 -1.0806 0.0098
Car 0.0000 0 -2.1074 1149.2412 154.1503 1224.0000 219.0597 1.6937 1.6772 3.9970 17.9041 1.0077 20.5579 -1.3970 0.0097
Car 0.0000 0 0.2670 565.3110 169.4379 656.1282 203.4844 1.4890 1.6934 3.8323 0.2611 1.0067 32.2557 0.2768 0.0097
Car 0.0000 0 -1.9527 568.0148 159.7128 610.4496 184.7253 1.7803 1.7293 4.1591 -1.2119 0.3020 52.5733 -1.9737 0.0097
Car 0.0000 0 2.2206 0.0000 168.5368 12.8568 205.2106 1.4323 1.6691 3.9543 -27.2261 0.9666 29.6496 1.4850 0.0096
Car 0.0000 0 -2.0763 1153.2179 155.1003 1224.0000 218.1549 1.6438 1.6653 3.8694 17.8810 0.9832 20.4916 -1.3649 0.0096
Car 0.0000 0 -1.6328 783.0571 146.4894 815.0624 179.2563 2.0865 1.7906 4.5444 13.0149 -0.0867 47.6078 -1.3658 0.0095
Car 0.0000 0 -1.6692 585.6586 157.1456 615.1642 184.8710 1.9776 1.7792 4.3588 -0.3773 0.3131 52.6880 -1.6744 0.0095
Car 0.0000 0 -1.7736 577.1520 157.5341 612.0856 184.9329 1.9543 1.7642 4.3583 -0.8143 0.3175 52.7462 -1.7870 0.0095
Car 0.0000 0 2.4390 856.0344 181.1025 1060.7659 257.4185 1.4073 1.5348 3.5505 7.0323 1.4221 14.2362 2.8907 0.0094
Car 0.0000 0 -1.0015 1209.8049 155.2144 1224.0000 216.2113 1.6054 1.6356 3.9433 19.3522 0.9415 19.8591 -0.2355 0.0093
Car 0.0000 0 -0.9179 0.0000 180.0482 16.6435 236.4415 1.4841 1.4424 3.4348 -19.0347 1.4738 20.3770 -1.6597 0.0092
Car 0.0000 0 1.8348 525.7851 173.4146 589.3338 210.6790 1.4355 1.6299 4.0231 -1.9117 1.1640 29.3651 1.7722 0.0092
Car 0.0000 0 -0.8742 0.0000 173.5283 104.1246 213.2894 1.5438 1.6396 3.9955 -23.1891 1.2746 29.4748 -1.5338 0.0092
Car 0.0000 0 0.3863 565.4565 169.0485 653.5355 202.9002 1.4682 1.6162 3.6613 0.1882 0.9730 32.1095 0.3939 0.0092
Car 0.0000 0 -1.3779 0.0000 0.0000 1224.0000 370.0000 1.5318 1.7284 4.7321 -8.8069 1.6326 0.1536 -2.8930 0.0091
Car 0.0000 0 -3.0808 531.1102 166.4033 616.3557 201.3511 1.5599 1.6693 3.8094 -1.4045 0.9322 32.4263 -3.1218 0.0091
Car 0.0000 0 -1.7779 578.2968 159.3687 611.8604 184.3703 1.7841 1.6907 4.1049 -0.7739 0.2775 52.6375 -1.7907 0.0091
Pedestrian 0.0000 0 1.4769 300.5382 182.4125 333.5206 274.8495 1.4215 0.4262 0.7400 -4.6604 1.4549 11.3120 1.0978 0.0091
Car 0.0000 0 1.6550 0.0000 186.5264 14.6047 236.9002 1.4216 1.6729 4.3892 -20.2901 1.6364 22.7519 0.9353 0.0089
Car 0.0000 0 0.2371 0.0000 0.0000 1224.0000 370.0000 1.6861 1.7896 4.0245 -2.5504 1.6759 -0.2552 -1.3054 0.0089
Car 0.0000 0 0.3234 0.0000 173.1920 139.0378 212.4944 1.5253 1.7487 4.6030 -22.0619 1.2432 28.9886 -0.3200 0.0088
Car 0.0000 0 -1.1647 1181.8832 153.7873 1224.0000 215.9093 1.6244 1.6590 4.4196 18.6388 0.9275 20.1490 -0.4244 0.0088
Car 0.0000 0 2.2667 0.0000 170.1467 16.0877 205.8354 1.4116 1.6926 3.7015 -27.2230 1.0036 29.8411 1.5343 0.0088
Car 0.0000 0 -2.9705 515.4039 165.6635 615.2473 201.8715 1.6016 1.7182 4.3352 -1.7933 0.9468 32.3791 -3.0234 0.0088
Car 0.0000 0 2.9935 521.2842 165.3553 616.6237 202.0137 1.5979 1.7094 4.1104 -1.6826 0.9392 32.0576 2.9435 0.0088
Car 0.0000 0 1.8180 0.0000 178.9715 36.0201 222.3274 1.4900 1.5687 3.8563 -22.7709 1.4390 26.3696 1.1134 0.0087
Car 0.0000 0 -0.6729 0.0000 173.6461 116.4984 213.1939 1.5277 1.6389 3.9406 -22.8051 1.2644 29.4181 -1.3253 0.0087
Cyclist 0.0000 0 0.6091 66.9294 167.1760 174.2143 264.1709 1.7001 0.4439 1.6269 -8.6826 1.4682 12.6261 0.0202 0.0086
Car 0.0000 0 -0.8503 0.0000 179.1788 18.5289 236.8491 1.5094 1.4660 3.5667 -19.0580 1.4764 20.3003 -1.5945 0.0086
Car 0.0000 0 -2.6621 0.0000 0.0000 1224.0000 370.0000 1.4828 1.5479 3.5206 5.7631 1.4677 0.0051 -1.1468 0.0085
Car 0.0000 0 -1.4625 0.0000 0.0000 1224.0000 370.0000 1.5526 1.6828 4.5479 -9.3739 1.6530 0.3625 -2.9586 0.0084
Car 0.0000 0 -0.6199 0.0000 177.2268 106.2514 220.2697 1.4981 1.6211 3.7214 -21.2035 1.3857 26.6174 -1.2850 0.0084
Car 0.0000 0 -0.5236 845.3013 174.4248 1084.1056 252.2256 1.4758 1.5460 4.0975 7.1382 1.3622 14.3180 -0.0682 0.0083
Car 0.0000 0 1.6821 678.8905 167.3144 731.3671 206.7709 1.5119 1.7240 3.8670 4.1713 1.0082 29.1760 1.8244 0.0083
Car 0.0000 0 -1.4387 783.8936 147.6209 820.4071 179.4796 2.0258 1.7864 4.5083 13.3011 -0.0708 47.5333 -1.1657 0.0083
Car 0.0000 0 0.3171 0.0000 174.2917 135.0788 212.9845 1.5036 1.7311 4.3254 -22.0643 1.2638 28.9840 -0.3265 0.0082
Car 0.0000 0 -0.6232 0.0000 176.9471 106.3960 219.8203 1.4895 1.6196 3.8044 -21.2300 1.3676 26.6116 -1.2890 0.0082
Car 0.0000 0 0.2895 0.0000 0.0000 1224.0000 370.0000 1.3165 1.4040 3.4927 14.4460 1.2125 -0.1248 1.8480 0.0082
Car 0.0000 0 1.4856 694.4328 166.7979 743.3843 205.6391 1.4644 1.6172 3.8901 4.5240 0.9493 28.6496 1.6424 0.0082
Car 0.0000 0 -2.3402 0.0000 174.8332 20.6690 219.9878 1.5388 1.6766 4.1425 -23.4391 1.3472 25.0453 -3.0844 0.0082
Car 0.0000 0 -1.1244 0.0000 179.6893 10.0479 239.9538 1.5186 1.5657 3.9699 -18.7680 1.4998 19.9397 -1.8698 0.0081
Car 0.0000 0 1.2281 920.8132 171.3405 1083.7745 257.7734 1.4489 1.5140 3.8174 7.5100 1.2970 13.8458 1.7172 0.0081
Car 0.0000 0 -2.3311 1128.0874 154.1253 1224.0000 218.9962 1.6878 1.6908 3.9861 17.4827 1.0032 20.4300 -1.6293 0.0080
Car 0.0000 0 3.1059 517.8483 165.7971 617.8688 202.5090 1.6114 1.7256 4.4143 -1.7216 0.9675 32.0804 3.0546 0.0079
Car 0.0000 0 -1.6802 603.5626 169.8895 648.6313 202.6290 1.4170 1.6836 3.5359 0.8954 0.9593 32.4277 -1.6511 0.0079
Car 0.0000 0 -2.1435 1144.4358 155.0043 1224.0000 219.1426 1.6838 1.6515 3.9628 17.8484 1.0161 20.6314 -1.4363 0.0079
Car 0.0000 0 -2.3729 1133.7141 154.5083 1224.0000 218.7802 1.6667 1.6729 3.7140 17.4554 0.9943 20.2595 -1.6679 0.0078
Car 0.0000 0 -2.0876 1182.4102 152.5796 1224.0000 216.3841 1.6774 1.6095 3.7251 18.7871 0.9450 20.5750 -1.3537 0.0078
Car 0.0000 0 -1.2944 792.7871 149.9925 837.1279 179.2848 1.8488 1.7331 4.2627 14.0227 -0.0835 47.0745 -1.0049 0.0078
Car 0.0000 0 -1.5877 801.0593 147.8945 829.3615 178.1608 1.9257 1.7474 4.4754 14.1495 -0.1646 47.7428 -1.2995 0.0077
Car 0.0000 0 -0.6137 449.0239 0.0000 1224.0000 370.0000 1.4355 1.6204 3.5338 -0.6583 1.5733 0.7955 -1.1429 0.0077
Car 0.0000 0 1.0650 164.2307 186.3742 265.8110 228.2462 1.4639 1.7075 3.9534 -14.9410 1.7044 26.9934 0.5661 0.0077
Cyclist 0.0000 0 1.0065 71.7510 167.5880 153.6858 266.0100 1.7143 0.4798 1.5462 -8.9906 1.4910 12.8378 0.4089 0.0076
Car 0.0000 0 -4.2328 0.0000 0.0000 1224.0000 370.0000 1.4012 1.6930 4.1589 9.1732 1.3235 0.8129 -2.7838 0.0076
Car 0.0000 0 2.3856 0.0000 165.3541 14.3631 207.0082 1.6181 1.7156 4.1741 -27.4503 1.0312 29.6054 1.6451 0.0076
Cyclist 0.0000 0 -1.2130 87.8007 172.7084 150.3195 262.6266 1.5869 0.4313 1.5706 -9.1423 1.4510 13.2867 -1.8027 0.0076
Car 0.0000 0 2.8378 506.7408 166.7466 616.8060 202.6183 1.5221 1.6951 4.6170 -1.9500 0.9400 31.6090 2.7787 0.0076
Car 0.0000 0 -2.2642 1186.3243 154.5536 1224.0000 218.0843 1.6502 1.6623 3.8286 19.0133 0.9779 20.3164 -1.5181 0.0075
Car 0.0000 0 -2.3605 1132.7285 155.2881 1224.0000 219.2009 1.6553 1.6586 3.8171 17.4626 1.0039 20.2786 -1.6557 0.0074
Pedestrian 0.0000 0 1.0120 0.0000 165.5281 18.6989 252.3676 1.7050 0.5197 0.5603 -12.3097 1.4127 14.2104 0.3111 0.0074
Car 0.0000 0 1.8002 0.0000 183.8145 42.3106 234.7977 1.4567 1.6732 4.5600 -19.8858 1.5769 22.9189 1.0941 0.0074
Car 0.0000 0 0.7354 577.3167 169.2664 666.2911 204.7512 1.4948 1.6928 3.8468 0.6900 1.0231 31.7169 0.7587 0.0073
Car 0.0000 0 1.2075 694.9232 166.6958 771.9867 208.1480 1.4958 1.5908 4.1136 4.9029 0.9992 27.6782 1.3826 0.0073
Car 0.0000 0 -2.6834 0.0000 0.0000 1224.0000 370.0000 1.5819 1.6822 4.4604 -0.4062 1.7205 0.6927 -3.0626 0.0073
Car 0.0000 0 -0.8255 773.8099 153.5847 839.3088 179.1745 1.6338 1.7282 4.3275 13.4740 -0.0907 47.1945 -0.5473 0.0073
Car 0.0000 0 0.7508 143.3058 183.9118 268.2447 225.2683 1.4730 1.7139 4.0391 -15.0820 1.6098 26.7145 0.2436 0.0073
Car 0.0000 0 2.0456 519.9042 171.3452 598.1384 209.3213 1.4846 1.6318 4.0041 -1.8765 1.1282 29.7967 1.9852 0.0073
Car 0.0000 0 -1.5115 781.4967 148.6031 813.5993 179.2102 1.9469 1.8216 4.5031 13.0073 -0.0900 47.6003 -1.2445 0.0073
Pedestrian 0.0000 0 1.6137 0.0000 0.0000 1224.0000 370.0000 1.8001 0.6168 0.6634 -3.1861 1.6238 -0.2189 0.0774 0.0072
Cyclist 0.0000 0 0.4244 86.2073 164.7965 196.5490 264.5182 1.7361 0.4312 1.6197 -8.3056 1.4643 12.6336 -0.1439 0.0072
Car 0.0000 0 0.3391 0.0000 174.2100 128.4572 212.2742 1.4835 1.6793 4.0910 -22.2025 1.2399 28.9710 -0.3077 0.0071
Car 0.0000 0 -2.2335 0.0000 172.5714 20.1535 218.6876 1.5590 1.7190 4.2065 -23.4174 1.2925 25.0919 -2.9763 0.0071
Car 0.0000 0 -1.5603 606.5983 169.5466 643.0129 203.5304 1.5434 1.6549 3.9196 0.9595 1.0474 34.0977 -1.5307 0.0071
Car 0.0000 0 1.2811 950.3727 179.3328 1087.5615 258.2695 1.3453 1.3627 3.3247 7.8776 1.3270 13.8160 1.7911 0.0071
Car 0.0000 0 4.4429 0.0000 0.0000 1224.0000 370.0000 1.6429 1.8078 4.5043 -9.4423 1.6125 -0.0590 2.9018 0.0070
Car 0.0000 0 1.8244 0.0000 185.9706 39.0470 236.9016 1.4424 1.6559 4.3810 -19.9675 1.6388 22.8509 1.1148 0.0069
Car 0.0000 0 0.0590 571.8766 168.0887 661.5377 201.5612 1.4694 1.7440 3.9621 0.5547 0.9260 32.0575 0.0780 0.0069
Car 0.0000 0 -1.6519 778.6034 149.9737 811.2032 178.8912 1.8454 1.7772 4.1854 12.7312 -0.1120 47.5812 -1.3902 0.0069
Car 0.0000 0 -0.9654 0.0000 167.5825 12.6838 201.0087 1.7053 1.7305 4.2041 -34.5003 1.0477 38.2580 -1.6932 0.0069
Car 0.0000 0 1.3058 679.4709 168.8766 744.0289 206.7964 1.4281 1.6451 3.7313 4.2112 0.9919 28.5728 1.4523 0.0069
Car 0.0000 0 -1.7561 0.0000 0.0000 1224.0000 370.0000 1.3994 1.4632 3.1225 5.6332 1.4872 0.1539 -0.2683 0.0069
Car 0.0000 0 -2.6302 1105.1829 157.0382 1224.0000 221.0802 1.6449 1.6655 4.1829 17.1054 1.0439 20.4062 -1.9387 0.0068
Pedestrian 0.0000 0 2.4728 148.2590 172.0645 198.5475 261.8120 1.5904 0.4543 0.6400 -7.9161 1.4425 12.9044 1.9353 0.0068
Car 0.0000 0 -1.6948 850.9666 143.2472 897.4622 181.1414 1.8786 1.7409 4.4863 14.1640 0.0332 37.4317 -1.3339 0.0068
Car 0.0000 0 0.7614 0.0000 174.5284 119.0447 213.3965 1.4963 1.6763 4.1287 -22.0177 1.2679 28.2671 0.1069 0.0068
Car 0.0000 0 -1.6129 605.3391 169.8949 645.0295 202.9088 1.4292 1.6655 3.4245 0.8568 0.9716 32.3272 -1.5848 0.0067
Car 0.0000 0 -0.3895 0.0000 0.0000 1224.0000 370.0000 1.4354 1.6029 4.0738 -26.4344 1.6340 1.5214 -1.8890 0.0067
Car 0.0000 0 -1.7189 777.3331 146.8693 814.2746 178.2068 1.9979 1.8145 4.0136 12.7602 -0.1595 47.4782 -1.4561 0.0067
Cyclist 0.0000 0 0.9855 48.4451 166.3542 135.5869 261.9233 1.6652 0.5288 1.5414 -9.3643 1.4203 12.8390 0.3689 0.0067
Car 0.0000 0 -2.3413 0.0000 170.7181 23.3750 217.9315 1.6119 1.7302 4.1462 -23.4246 1.2795 25.1178 -3.0837 0.0066
Car 0.0000 0 0.0906 0.0000 173.2379 141.0161 213.4931 1.5574 1.7889 4.6528 -22.0825 1.2779 29.3241 -0.5479 0.0066
Car 0.0000 0 -1.3472 792.9225 148.8448 834.3471 178.9729 1.9082 1.7466 4.3129 14.0081 -0.1059 47.3199 -1.0594 0.0066
Car 0.0000 0 -0.8635 0.0000 171.5457 16.1002 202.9603 1.6033 1.6505 3.8201 -34.0615 1.1477 38.0052 -1.5883 0.0066
Car 0.0000 0 2.8249 621.6709 169.2304 731.4316 208.1027 1.5710 1.6818 4.3005 2.9721 1.1170 29.8533 2.9248 0.0066
Cyclist 0.0000 0 -1.3475 0.0000 169.2259 20.1222 254.9485 1.6363 0.3251 1.5358 -12.2522 1.4227 14.2485 -2.0449 0.0066
Car 0.0000 0 -3.0195 637.0014 170.6258 738.6937 209.0410 1.5105 1.6711 3.9812 3.4099 1.1238 29.0808 -2.9023 0.0065
Car 0.0000 0 -1.3902 675.1088 165.9771 729.4962 204.6133 1.5167 1.6309 3.6865 4.1314 0.9481 29.7568 -1.2519 0.0065
Car 0.0000 0 -1.3513 681.3191 165.2011 743.0382 204.8807 1.5428 1.7230 4.0317 4.5457 0.9494 29.6766 -1.1991 0.0065
Car 0.0000 0 -2.3978 1124.0447 156.1397 1224.0000 220.0233 1.6649 1.6595 3.9622 17.4556 1.0316 20.4923 -1.6983 0.0065
Car 0.0000 0 0.5135 0.0000 174.4826 122.5785 212.5826 1.4831 1.6929 4.0901 -22.2402 1.2504 28.6406 -0.1396 0.0065
Car 0.0000 0 -0.3421 0.0000 0.0000 1224.0000 370.0000 1.4780 1.6622 4.3985 -26.8804 1.6396 1.6965 -1.8363 0.0065
Car 0.0000 0 -0.7732 1198.4098 156.1857 1224.0000 215.7813 1.5820 1.6426 3.9546 19.0804 0.9381 19.6003 -0.0077 0.0065
Car 0.0000 0 -2.9667 0.0000 0.0000 1224.0000 370.0000 1.6198 1.7653 3.6891 20.7513 0.3575 -0.0143 -1.4095 0.0064
Car 0.0000 0 -1.4317 688.3906 164.1019 740.6147 203.5029 1.5132 1.6152 3.8421 4.5632 0.8849 29.2222 -1.2766 0.0064
Car 0.0000 0 -1.4041 673.7983 166.4261 728.6385 205.7502 1.5454 1.6663 3.9407 4.1128 0.9938 29.9110 -1.2671 0.0064
Cyclist 0.0000 0 -2.2113 992.3853 154.8741 1078.6169 252.2733 1.6737 0.4173 1.6789 7.8266 1.2350 13.0022 -1.6785 0.0063
Pedestrian 0.0000 0 2.9550 622.2855 178.1674 659.9516 273.3128 1.6588 0.4582 0.5937 0.5944 1.6198 12.5901 3.0026 0.0063
Car 0.0000 0 -2.6119 1118.3801 157.3108 1224.0000 220.0689 1.6129 1.6235 3.6934 17.0738 1.0185 20.1788 -1.9158 0.0063
Pedestrian 0.0000 0 0.8468 120.1004 171.1411 170.9271 265.8158 1.6545 0.4066 0.6956 -8.2602 1.4926 12.6434 0.2813 0.0063
Pedestrian 0.0000 0 -1.5060 62.4966 181.2596 98.6288 274.3817 1.6146 0.4743 0.6182 -9.4196 1.6303 12.6485 -2.1325 0.0063
Cyclist 0.0000 0 3.3979 0.0000 0.0000 1224.0000 370.0000 1.6006 0.5759 1.7706 -1.6805 1.7283 0.0676 2.0571 0.0063
Car 0.0000 0 -0.0046 0.0000 0.0000 1224.0000 370.0000 1.7412 1.8411 4.5026 -3.6947 1.7762 0.0417 -1.4755 0.0062
Car 0.0000 0 -1.6106 490.3494 183.9793 563.7347 243.0589 1.3237 1.6738 3.8500 -2.1116 1.4243 18.1046 -1.7230 0.0062
Car 0.0000 0 -1.3919 751.1781 150.6953 783.1524 178.3064 2.1494 1.7774 4.4865 13.3183 -0.1857 57.8311 -1.1649 0.0062
Car 0.0000 0 0.2428 665.9805 167.1422 771.3427 206.0369 1.4907 1.6670 3.9277 4.5797 0.9803 28.6288 0.4015 0.0062
Car 0.0000 0 -1.2733 680.8701 165.6809 746.4937 205.1932 1.5303 1.6590 3.8032 4.5684 0.9579 29.4525 -1.1193 0.0062
Pedestrian 0.0000 0 -1.7751 61.2824 181.5856 100.4184 274.1569 1.6073 0.4536 0.6130 -9.4295 1.6289 12.6541 -2.4018 0.0062
Car 0.0000 0 -1.5927 633.2949 168.0141 678.1835 207.3518 1.5384 1.7541 3.7259 2.0519 1.0516 29.5501 -1.5223 0.0062
Car 0.0000 0 -2.5520 1117.6228 156.7171 1224.0000 219.4848 1.6170 1.6401 3.7538 17.1006 1.0059 20.2412 -1.8566 0.0061
Car 0.0000 0 -1.3911 848.5158 144.6304 900.2832 182.1147 1.8361 1.7628 4.4811 14.1412 0.0805 37.0011 -1.0270 0.0061
Car 0.0000 0 0.5371 0.0000 174.4828 127.4855 212.8452 1.4947 1.7235 4.1599 -22.0690 1.2618 28.6332 -0.1123 0.0061
Car 0.0000 0 1.7060 0.0000 175.2225 53.7693 217.3788 1.4714 1.6154 4.1969 -22.3032 1.2888 26.8854 1.0210 0.0061
Car 0.0000 0 -2.9879 0.0000 0.0000 1224.0000 370.0000 1.4889 1.7241 3.5836 20.6405 0.0025 0.5606 -1.4587 0.0061
Car 0.0000 0 2.4167 0.0000 166.0061 16.3112 206.3931 1.5795 1.7172 4.0827 -27.4940 1.0141 29.7681 1.6782 0.0060
Car 0.0000 0 -1.3641 783.2461 150.3832 824.8122 178.8213 1.7988 1.8023 4.4753 13.3920 -0.1170 47.4026 -1.0887 0.0060
Car 0.0000 0 2.1462 0.0000 174.8512 84.6781 213.0629 1.4961 1.5780 3.9214 -23.9725 1.2765 29.7064 1.4743 0.0060
Car 0.0000 0 1.1059 680.8959 166.8724 765.2327 206.5235 1.4532 1.6722 3.9958 4.5642 0.9552 28.0639 1.2671 0.0060
Car 0.0000 0 -1.0538 0.0000 172.2860 7.6586 203.2262 1.5783 1.6408 3.9210 -34.4011 1.1607 38.1519 -1.7817 0.0059
Car 0.0000 0 -1.8084 617.6755 167.7396 680.7781 208.1632 1.5673 1.7158 4.0447 1.7447 1.0741 29.5516 -1.7483 0.0059
Car 0.0000 0 1.2803 952.1733 177.6944 1078.8673 255.3859 1.3457 1.3319 2.8423 7.8200 1.2987 13.7733 1.7885 0.0059
Car 0.0000 0 -3.0498 0.0000 0.0000 1224.0000 370.0000 1.6093 1.7886 3.7481 20.6697 0.3300 0.3613 -1.5108 0.0059
Car 0.0000 0 -1.4887 749.1363 149.7488 776.8867 178.4581 2.2359 1.8422 4.6341 12.9940 -0.1732 57.9027 -1.2673 0.0059
Car 0.0000 0 1.7637 0.0000 175.6221 52.2118 218.0941 1.4770 1.5782 4.0332 -22.3421 1.3089 26.7322 1.0752 0.0059
Car 0.0000 0 1.7117 0.0000 178.4247 56.5800 219.8583 1.4426 1.5860 4.0640 -22.0851 1.3719 26.7624 1.0294 0.0059
Car 0.0000 0 -1.9960 1164.4996 153.9341 1224.0000 217.8875 1.6719 1.6791 4.0421 18.2627 0.9790 20.6566 -1.2781 0.0059
Car 0.0000 0 -1.1818 1198.7430 156.5233 1224.0000 218.5733 1.6184 1.6887 4.2184 19.0096 0.9946 20.0833 -0.4301 0.0058
Car 0.0000 0 1.5879 646.4843 170.1183 695.1473 211.4902 1.4611 1.7177 3.7510 2.5092 1.0960 26.9235 1.6815 0.0058
Car 0.0000 0 -2.1046 1205.7075 153.9758 1224.0000 219.8915 1.6840 1.6773 4.1035 19.3934 1.0080 20.2453 -1.3469 0.0058
Car 0.0000 0 3.1625 0.0000 0.0000 1224.0000 370.0000 1.4348 1.5955 4.0979 -21.9238 1.7892 0.9492 1.6513 0.0058
Car 0.0000 0 1.3967 0.0000 188.9031 13.9081 240.8952 1.4488 1.6845 4.3503 -20.3831 1.7399 22.3516 0.6660 0.0058
Car 0.0000 0 1.3116 921.5236 172.7703 1068.4907 260.7359 1.4769 1.5195 3.8535 7.4219 1.3487 13.9128 1.7939 0.0057
Car 0.0000 0 2.6373 0.0000 0.0000 1224.0000 370.0000 1.4885 1.5680 3.9707 -22.5301 1.7970 0.8713 1.1211 0.0057
Car 0.0000 0 -2.0371 0.0000 0.0000 1224.0000 370.0000 1.4405 1.4761 3.0481 5.4520 1.4767 -0.1776 -0.4917 0.0057
Car 0.0000 0 -2.8452 0.0000 0.0000 1224.0000 370.0000 1.5382 1.5955 3.5452 5.7469 1.5389 -0.1567 -1.3019 0.0057
Car 0.0000 0 -2.8859 649.8646 168.8894 754.0566 207.8392 1.5097 1.7153 3.9199 3.9499 1.0612 28.9407 -2.7499 0.0057
Car 0.0000 0 -1.6319 603.9188 168.5704 645.7596 202.7968 1.4716 1.6901 3.3937 0.8334 0.9602 32.1207 -1.6044 0.0057
Car 0.0000 0 -1.5847 786.2283 150.9610 816.2609 179.4613 1.8120 1.8566 4.6336 13.1733 -0.0723 47.6067 -1.3146 0.0057
Car 0.0000 0 -0.7191 641.1314 167.2728 745.9316 207.3629 1.5914 1.7497 4.3326 3.7713 1.0678 29.9981 -0.5936 0.0056
Car 0.0000 0 1.6844 671.6711 167.2345 723.1721 206.5612 1.5096 1.6858 3.8104 3.8533 1.0019 29.1880 1.8160 0.0056
Car 0.0000 0 -2.8614 0.0000 0.0000 1224.0000 370.0000 1.5286 1.5808 3.5571 5.7440 1.5314 -0.1237 -1.3238 0.0056
Car 0.0000 0 -1.3242 623.1740 171.0877 686.7799 209.8775 1.4515 1.6683 3.8469 2.0647 1.1008 28.5413 -1.2510 0.0056
Car 0.0000 0 3.2659 0.0000 0.0000 1224.0000 370.0000 1.4196 1.5892 3.9088 -12.2223 1.5526 -0.1708 1.7093 0.0056
Car 0.0000 0 1.2904 923.4564 173.2316 1062.2587 257.4742 1.4472 1.4118 3.6000 7.4787 1.3240 14.0462 1.7720 0.0056
Car 0.0000 0 1.8403 612.4363 168.1743 683.4675 210.7515 1.5035 1.6840 4.1165 1.7103 1.0697 27.1823 1.9042 0.0056
Car 0.0000 0 0.0285 659.3517 167.5114 756.2265 204.9623 1.4806 1.6525 3.8352 4.2069 0.9686 29.0902 0.1724 0.0056
Car 0.0000 0 1.0177 677.4871 164.2124 775.1623 207.3285 1.5133 1.7071 4.2237 4.5113 0.9432 27.0895 1.1826 0.0055
Car 0.0000 0 -0.6243 0.0000 185.8900 116.8809 235.4774 1.4704 1.6762 4.3638 -19.1503 1.6710 23.7938 -1.2938 0.0055
Car 0.0000 0 1.2107 919.5264 172.8735 1069.0740 254.9799 1.4190 1.4922 3.1960 7.4321 1.2889 13.8925 1.6941 0.0055
Car 0.0000 0 -2.5292 1114.3651 155.6378 1224.0000 218.3929 1.6274 1.6503 3.8137 17.1250 0.9842 20.3868 -1.8366 0.0055
Car 0.0000 0 -1.5464 749.9500 149.2855 774.5287 178.2381 2.2559 1.8516 4.6810 12.9436 -0.1923 57.9712 -1.3260 0.0055
Car 0.0000 0 0.5289 0.0000 173.3512 134.3486 212.1729 1.5103 1.7555 4.5894 -22.0301 1.2337 28.6471 -0.1195 0.0054
Car 0.0000 0 0.0817 640.6479 158.3230 709.8798 187.6564 1.6466 1.7284 3.8549 4.0805 0.4031 40.8834 0.1823 0.0054
Pedestrian 0.0000 0 2.8356 149.1039 172.8082 198.1629 262.4216 1.5860 0.4611 0.6593 -7.9186 1.4515 12.9080 2.2981 0.0054
Car 0.0000 0 -1.5204 625.8430 169.4431 673.3889 210.0971 1.5272 1.7123 4.3080 1.8628 1.1133 28.7940 -1.4548 0.0054
Car 0.0000 0 -1.4738 840.9373 138.9933 886.7836 182.7011 2.1409 1.8240 4.6210 13.6292 0.1093 37.1057 -1.1227 0.0054
Car 0.0000 0 1.9845 613.3760 170.0727 690.0464 209.7577 1.4658 1.6993 3.6961 1.9030 1.0822 28.1414 2.0530 0.0054
Car 0.0000 0 -2.1410 1201.7638 153.9925 1224.0000 219.6078 1.6768 1.6738 4.1046 19.3279 1.0010 20.2355 -1.3848 0.0054
Car 0.0000 0 -1.4068 0.0000 0.0000 1224.0000 370.0000 1.5904 1.8004 4.9765 -9.0877 1.6365 0.2776 -2.9100 0.0054
Car 0.0000 0 -2.2229 1183.3591 156.1232 1224.0000 219.0408 1.6349 1.6694 4.0287 19.0503 1.0030 20.4494 -1.4791 0.0054
Car 0.0000 0 -4.3560 0.0000 0.0000 1224.0000 370.0000 1.5376 1.6419 3.9639 19.5866 0.1171 1.2809 -2.8657 0.0054
Cyclist 0.0000 0 -1.2643 63.8701 180.0215 127.4876 267.4430 1.5038 0.4431 1.6974 -9.3963 1.4972 13.0334 -1.8756 0.0054
Car 0.0000 0 -1.8339 1178.2168 154.3861 1224.0000 218.0282 1.6677 1.6627 3.9009 18.3087 0.9850 20.6394 -1.1143 0.0053
Car 0.0000 0 1.2896 0.0000 190.7718 5.9540 241.6929 1.4109 1.5397 3.5166 -20.1808 1.7521 21.7980 0.5516 0.0053
Car 0.0000 0 2.6194 518.0446 163.5611 625.6180 202.5843 1.6297 1.7502 4.5112 -1.4603 0.9238 31.4722 2.5754 0.0053
Car 0.0000 0 -1.9576 1164.1147 154.4404 1224.0000 218.6317 1.6781 1.7028 4.1375 18.2531 0.9984 20.7115 -1.2412 0.0052
Car 0.0000 0 1.4181 0.0000 182.5451 14.6169 236.3654 1.5327 1.7541 4.6608 -20.4712 1.6054 22.4504 0.6875 0.0052
Car 0.0000 0 0.2952 673.1277 164.0034 798.7083 207.0192 1.5608 1.7488 4.4808 5.0375 0.9638 27.4551 0.4764 0.0052
Car 0.0000 0 4.6746 0.0000 0.0000 1224.0000 370.0000 1.6292 1.7767 4.7553 -8.8098 1.5936 -0.1171 3.1289 0.0052
Cyclist 0.0000 0 1.0698 0.0000 0.0000 1224.0000 370.0000 1.6471 0.6104 1.8272 -1.0638 1.7092 0.1477 -0.0828 0.0052
Car 0.0000 0 1.3145 0.0000 191.0154 5.6812 241.9259 1.4063 1.5476 3.5302 -20.1514 1.7561 21.8023 0.5774 0.0052
Car 0.0000 0 1.3867 675.4510 171.7640 732.7420 208.4222 1.3803 1.6413 3.5812 3.8932 1.0529 28.4464 1.5230 0.0052
Car 0.0000 0 -0.0444 666.8029 164.7175 769.3929 203.7757 1.5458 1.7253 4.0455 4.5682 0.9227 29.0610 0.1117 0.0052
Car 0.0000 0 -1.2832 837.4685 142.6640 896.9144 181.8839 1.9198 1.7677 4.2759 13.7024 0.0692 36.8461 -0.9281 0.0052
Cyclist 0.0000 0 -2.0955 986.3945 161.9892 1056.2991 254.4160 1.5822 0.3915 1.4753 7.4820 1.2670 12.8373 -1.5769 0.0052
Car 0.0000 0 -1.4908 0.0000 0.0000 1224.0000 370.0000 1.4908 1.6795 4.5223 -8.0701 1.6185 0.1412 -3.0024 0.0052
Car 0.0000 0 -1.9383 609.7209 171.9144 684.2281 211.4277 1.5013 1.6400 4.2297 1.6137 1.1766 29.1233 -1.8818 0.0051
Car 0.0000 0 -0.7509 0.0000 184.6404 115.3055 235.8340 1.4989 1.7483 4.7795 -19.1326 1.6532 23.5915 -1.4241 0.0051
Car 0.0000 0 -1.9697 605.8536 168.8915 683.2641 209.6432 1.5774 1.7543 4.1408 1.5445 1.1296 29.6082 -1.9163 0.0051
Car 0.0000 0 -3.1983 625.4242 169.9203 731.1497 209.2705 1.5858 1.7218 4.2592 2.9711 1.1609 29.4436 -3.0971 0.0051
Car 0.0000 0 -1.3925 838.8558 140.7126 890.4175 182.7699 2.0606 1.7808 4.4171 13.6267 0.1127 36.9929 -1.0405 0.0051
Car 0.0000 0 -0.1964 638.7103 170.2186 743.7211 207.6750 1.5097 1.7057 4.0922 3.5243 1.0968 29.5007 -0.0771 0.0051
Car 0.0000 0 -1.6745 630.7339 167.5643 682.6345 207.2756 1.5700 1.7731 4.0600 2.0989 1.0601 30.0064 -1.6036 0.0051
Car 0.0000 0 1.1099 671.6349 164.3996 762.3167 206.1938 1.4605 1.7153 4.1824 4.1333 0.8994 26.9558 1.2621 0.0051
Car 0.0000 0 0.1893 670.4877 163.8434 795.2010 206.2459 1.5695 1.7977 4.5749 5.0094 0.9545 27.8256 0.3672 0.0051
Car 0.0000 0 0.1055 9.9710 0.0000 1224.0000 370.0000 1.6984 1.8113 4.0050 -2.4314 1.7408 0.5495 -1.1192 0.0051
Car 0.0000 0 0.9475 674.6687 163.9391 776.9832 207.2035 1.5351 1.7538 4.2222 4.5431 0.9490 27.3633 1.1120 0.0051
Car 0.0000 0 1.7203 0.0000 176.4398 55.7543 218.5021 1.4645 1.5872 3.9051 -22.0754 1.3247 26.6979 1.0370 0.0050
Car 0.0000 0 2.7353 0.0000 0.0000 1224.0000 370.0000 1.5013 1.5925 3.9862 -26.7103 1.7655 1.5759 1.2371 0.0050
Car 0.0000 0 1.5380 599.4628 169.0098 639.5569 204.5540 1.5061 1.6764 3.7207 0.5817 1.0207 31.8257 1.5579 0.0050
Car 0.0000 0 2.0476 605.6552 169.0412 689.8486 209.4892 1.4644 1.6898 3.8938 1.7241 1.0510 27.6973 2.1108 0.0050
Car 0.0000 0 1.6852 631.9337 173.5733 683.1334 210.2224 1.3713 1.6497 3.5574 2.1410 1.1137 28.3542 1.7615 0.0050
Cyclist 0.0000 0 -2.2073 972.2151 164.7944 1062.1500 255.6625 1.6286 0.4683 1.8535 7.8409 1.3488 13.6158 -1.6932 0.0050
Car 0.0000 0 -0.4697 0.0000 169.4648 20.4748 220.9565 1.6040 1.6610 3.7125 -22.5375 1.2618 24.0490 -1.2143 0.0050
Cyclist 0.0000 0 -1.9993 975.6158 167.0215 1047.6086 256.7729 1.6330 0.5210 1.7335 7.8194 1.3894 13.7444 -1.4903 0.0050
Car 0.0000 0 2.2474 357.5893 175.5802 502.7205 235.9827 1.4681 1.6675 4.0582 -4.6756 1.3502 19.3708 2.0161 0.0049
Car 0.0000 0 1.2493 0.0000 191.6039 8.6681 241.8293 1.3929 1.5251 3.5595 -20.1896 1.7613 21.8183 0.5115 0.0049
Car 0.0000 0 2.5623 0.0000 0.0000 1224.0000 370.0000 1.4974 1.5543 3.7023 -26.3269 1.7806 1.6122 1.0665 0.0049
Car 0.0000 0 -0.4841 870.2494 174.7100 1088.5934 250.5270 1.4711 1.5572 3.6628 7.5313 1.3604 14.5157 -0.0128 0.0049
Car 0.0000 0 -0.0398 655.1031 153.5294 729.0985 183.4577 1.6827 1.7495 4.1497 4.9726 0.1677 40.7899 0.0825 0.0049
Car 0.0000 0 2.7824 0.0000 0.0000 1224.0000 370.0000 1.4823 1.6465 3.8521 -26.7827 1.7784 1.7573 1.2907 0.0049
Car 0.0000 0 3.4717 0.0000 171.9677 20.8147 207.9445 1.4893 1.7334 4.3646 -28.6067 1.1376 30.9270 2.7322 0.0049
Car 0.0000 0 1.7187 0.0000 178.3328 51.0823 219.5200 1.4311 1.5752 4.0345 -22.2554 1.3574 26.6982 1.0314 0.0049
Car 0.0000 0 1.2910 670.4766 165.1861 746.0412 206.5872 1.4367 1.7320 4.1206 3.7705 0.9068 26.6917 1.4315 0.0049
Car 0.0000 0 -2.8684 0.0000 0.0000 1224.0000 370.0000 1.4855 1.5984 3.5458 5.7046 1.5043 -0.2397 -1.3108 0.0049
Car 0.0000 0 1.0867 670.6544 166.3947 762.7166 208.7842 1.4921 1.7553 4.1184 4.1506 0.9971 27.1154 1.2386 0.0048
Car 0.0000 0 -0.9873 0.0000 173.5266 0.6627 206.9174 1.7044 1.7289 4.0423 -35.0419 1.3499 38.2143 -1.7236 0.0048
Car 0.0000 0 -0.0340 674.0183 163.9025 793.5285 205.1286 1.5758 1.8227 4.5503 5.0587 0.9429 28.2466 0.1431 0.0048
Car 0.0000 0 0.1245 631.5171 158.5713 705.1769 188.4833 1.6771 1.7057 4.0638 3.6787 0.4490 40.9044 0.2154 0.0048
Car 0.0000 0 -1.6075 605.5466 169.4147 644.5178 202.6864 1.4415 1.6527 3.3689 0.8511 0.9627 32.3198 -1.5796 0.0048
Car 0.0000 0 1.8197 0.0000 0.0000 1224.0000 370.0000 1.5206 1.7388 4.9044 -8.5683 1.6249 0.1547 0.3063 0.0048
Car 0.0000 0 -1.3298 674.5494 166.5800 734.9177 206.2110 1.5457 1.6734 3.6683 4.2113 1.0043 29.5862 -1.1882 0.0048
Car 0.0000 0 1.7866 0.0000 0.0000 1224.0000 370.0000 1.5199 1.7232 4.8857 -8.7959 1.6343 0.1582 0.2721 0.0048
Pedestrian 0.0000 0 1.0543 121.5437 171.1000 169.2637 270.2949 1.7256 0.4484 0.6685 -8.2685 1.5637 12.6498 0.4885 0.0047
Car 0.0000 0 -1.5475 746.5959 149.0672 771.4999 177.8430 2.2378 1.8840 4.5306 12.6551 -0.2253 57.8521 -1.3314 0.0047
Car 0.0000 0 2.7564 0.0000 0.0000 1224.0000 370.0000 1.4800 1.6158 4.2702 -26.7127 1.6523 1.5426 1.2569 0.0047
Car 0.0000 0 -4.3908 0.0000 0.0000 1224.0000 370.0000 1.5141 1.6250 3.6376 19.9631 0.0811 0.9714 -2.8835 0.0047
Car 0.0000 0 0.2356 662.3649 168.6257 758.3609 206.1567 1.4502 1.6395 3.5774 4.2674 0.9929 28.7454 0.3832 0.0047
Car 0.0000 0 -0.2693 658.9330 166.2964 765.1894 205.4351 1.5681 1.7623 4.0497 4.3894 1.0005 29.4423 -0.1211 0.0047
Car 0.0000 0 1.6832 631.4953 173.3442 682.8795 209.7309 1.3545 1.6627 3.4475 2.1112 1.0896 28.1639 1.7589 0.0047
Car 0.0000 0 1.2824 0.0000 0.0000 1224.0000 370.0000 1.6150 1.8303 4.0449 -10.5267 1.5406 -0.2819 -0.2828 0.0047
Car 0.0000 0 -0.1740 568.8298 170.8821 667.9857 203.7745 1.4528 1.8508 4.2963 0.5568 1.0295 32.4714 -0.1553 0.0047
Car 0.0000 0 -2.1036 1159.3965 152.8448 1224.0000 217.5421 1.7151 1.7004 4.2115 18.6026 0.9835 20.9654 -1.3838 0.0047
Car 0.0000 0 1.1422 672.6816 163.6171 767.6617 207.3047 1.4877 1.8169 4.4042 4.1551 0.9143 26.4375 1.2981 0.0047
Car 0.0000 0 -2.9260 0.0000 0.0000 1224.0000 370.0000 1.5842 1.7705 3.5859 20.2955 0.3559 -0.0588 -1.3669 0.0047
Car 0.0000 0 -1.2344 614.0372 170.9229 686.8493 210.6662 1.4773 1.6611 4.1027 1.8883 1.1229 28.4902 -1.1671 0.0047
Car 0.0000 0 2.9515 0.0000 0.0000 1224.0000 370.0000 1.4412 1.5865 3.8781 -22.2305 1.7878 1.0065 1.4420 0.0047
Car 0.0000 0 -2.9082 0.0000 0.0000 1224.0000 370.0000 1.5151 1.7126 3.5221 5.7457 1.6373 -0.1414 -1.3675 0.0047
Car 0.0000 0 -1.8031 617.8067 167.2577 679.9171 207.4263 1.5723 1.7278 3.9872 1.7463 1.0554 29.7823 -1.7433 0.0046
Car 0.0000 0 1.7913 0.0000 175.4662 52.8696 218.5009 1.4898 1.5608 4.0807 -22.3052 1.3171 26.6453 1.1020 0.0046
Car 0.0000 0 -1.6759 602.8153 171.2919 646.1526 204.6691 1.4420 1.6337 3.2947 0.8218 1.0457 32.2479 -1.6489 0.0046
Car 0.0000 0 1.5106 670.5073 165.6757 723.9180 207.8422 1.4675 1.7409 4.0068 3.3740 0.9531 26.6592 1.6369 0.0046
Car 0.0000 0 1.7164 0.0000 176.6019 49.7978 218.8446 1.4710 1.5781 3.9264 -22.2991 1.3368 26.7050 1.0283 0.0046
Car 0.0000 0 -2.5781 0.0000 0.0000 1224.0000 370.0000 1.6499 1.7174 4.1918 21.0923 -0.2075 1.4342 -1.0892 0.0046
Car 0.0000 0 2.0920 518.4515 169.2375 597.2390 206.3057 1.4702 1.5938 3.9439 -1.9541 1.0250 30.1585 2.0298 0.0046
Car 0.0000 0 1.3895 0.0000 189.7755 3.5325 241.7868 1.4413 1.5863 3.7560 -20.2818 1.7546 21.9907 0.6533 0.0046
Car 0.0000 0 1.3667 908.1285 176.4852 1031.2943 257.4141 1.3731 1.4169 3.4099 6.9294 1.3067 13.8198 1.8240 0.0046
Car 0.0000 0 1.3895 0.0000 189.4572 5.1211 241.9025 1.4556 1.5904 3.7770 -20.2506 1.7586 22.0075 0.6545 0.0046
Car 0.0000 0 0.9261 667.0549 168.1832 762.6683 207.8814 1.4307 1.7486 3.7851 4.1733 0.9883 27.5567 1.0765 0.0046
Car 0.0000 0 0.0698 617.2721 169.9417 721.0627 207.0731 1.5080 1.6562 4.2578 2.7223 1.0807 29.8693 0.1615 0.0045
Car 0.0000 0 1.0269 669.6534 169.4310 757.6117 207.6771 1.4023 1.7326 3.7635 4.1898 0.9980 27.9900 1.1757 0.0045
Car 0.0000 0 1.7257 0.0000 177.7701 50.1522 219.8598 1.4654 1.5689 3.9089 -22.2901 1.3719 26.6934 1.0376 0.0045
Car 0.0000 0 0.1691 665.9321 164.9633 779.8010 205.7251 1.5635 1.7743 4.3173 4.7658 0.9690 28.6601 0.3339 0.0045
Car 0.0000 0 -0.5909 844.9926 174.4296 1085.0520 254.5877 1.5154 1.6516 4.1777 7.2324 1.4023 14.4602 -0.1343 0.0045
Car 0.0000 0 -0.8849 0.0000 169.1051 8.3967 203.7430 1.7669 1.7556 4.3306 -34.9354 1.1871 38.2677 -1.6189 0.0045
Car 0.0000 0 1.2668 669.6766 165.5398 746.4766 207.2436 1.4605 1.7329 4.0749 3.7964 0.9381 26.9073 1.4072 0.0045
Car 0.0000 0 -1.1834 615.6332 170.9742 691.3653 210.0096 1.4368 1.6847 3.8099 1.9754 1.0877 28.1006 -1.1123 0.0045
Car 0.0000 0 1.1430 668.6276 170.0990 745.1560 208.1626 1.3858 1.6985 3.3749 3.8785 1.0087 27.5968 1.2828 0.0045
Pedestrian 0.0000 0 2.2942 672.4078 161.8097 704.0422 235.6325 1.8500 0.5640 0.5779 2.0958 1.3832 18.1166 2.4091 0.0045
Car 0.0000 0 0.0079 614.3448 172.3380 726.7373 209.6439 1.4982 1.7656 4.5297 2.6999 1.1719 29.4941 0.1000 0.0044
Car 0.0000 0 -2.5640 0.0000 0.0000 1224.0000 370.0000 1.6293 1.7326 4.1576 21.0865 -0.2281 1.2202 -1.0650 0.0044
Car 0.0000 0 -1.6852 623.0526 171.0344 673.1625 210.7755 1.4964 1.5733 3.9396 1.6544 1.1415 28.6290 -1.6264 0.0044
Car 0.0000 0 1.0590 668.8678 166.6124 761.2608 208.8311 1.4984 1.7714 4.0071 4.1198 1.0070 27.2761 1.2090 0.0044
Car 0.0000 0 0.3219 0.0000 178.9160 137.1617 222.1383 1.5082 1.7313 4.4287 -20.1939 1.4544 26.1975 -0.3272 0.0044
Car 0.0000 0 -1.8190 914.1883 175.5466 1040.3833 253.2806 1.3836 1.4212 3.4193 7.3820 1.2971 14.4033 -1.3526 0.0044
Car 0.0000 0 1.6221 0.0000 0.0000 1224.0000 370.0000 1.5988 1.7913 4.7948 -8.7011 1.6107 -0.0223 0.0876 0.0044
Car 0.0000 0 -1.8676 609.2694 166.6016 682.0167 209.1767 1.6509 1.7869 4.5869 1.5911 1.1135 29.8530 -1.8132 0.0044
Cyclist 0.0000 0 1.4107 833.3896 169.5458 870.0034 240.5580 1.7038 0.5836 1.7885 6.1823 1.4425 17.8895 1.7396 0.0043
Car 0.0000 0 -2.5503 0.0000 0.0000 1224.0000 370.0000 1.6636 1.7104 3.8505 21.0744 -0.1623 0.9635 -1.0393 0.0043
Car 0.0000 0 -0.7629 0.0000 169.5520 20.0743 221.1503 1.6230 1.6843 3.7171 -22.4589 1.2802 24.1464 -1.5037 0.0043
Car 0.0000 0 2.0812 0.0000 175.0129 77.9703 213.5486 1.5017 1.5676 3.7754 -23.9885 1.2894 29.5382 1.4062 0.0043
Car 0.0000 0 0.0904 650.1655 156.8792 717.7983 186.0672 1.6341 1.7287 3.7377 4.5734 0.3131 40.8019 0.2030 0.0043
Car 0.0000 0 -2.9024 0.0000 0.0000 1224.0000 370.0000 1.5255 1.6937 3.3999 5.7628 1.4870 -0.1809 -1.3549 0.0043
Car 0.0000 0 -0.5369 0.0000 178.0058 24.8962 240.1298 1.6027 1.5425 3.8366 -19.2962 1.5399 20.2926 -1.2876 0.0043
Car 0.0000 0 0.4437 665.3915 166.4145 776.6869 206.2471 1.4871 1.7605 4.0226 4.5818 0.9627 28.2585 0.6045 0.0043
Car 0.0000 0 -2.9332 0.0000 0.0000 1224.0000 370.0000 1.5777 1.7488 3.7159 5.7219 1.6667 -0.2497 -1.3737 0.0043
Car 0.0000 0 -2.0717 1195.1666 154.7924 1224.0000 223.1594 1.7562 1.7453 4.4275 19.3692 1.0974 20.5184 -1.3212 0.0043
Car 0.0000 0 -2.1684 1177.4421 155.3399 1224.0000 220.5135 1.6969 1.6915 4.2760 19.0305 1.0434 20.6401 -1.4296 0.0042
Car 0.0000 0 -0.2848 661.1453 164.7677 771.1671 204.1943 1.5767 1.7753 4.1912 4.5572 0.9491 29.4242 -0.1309 0.0042
Car 0.0000 0 -1.4383 670.8705 166.6072 721.1852 205.7622 1.5349 1.6263 3.6523 3.8560 0.9918 29.6869 -1.3088 0.0042
Car 0.0000 0 -1.6609 665.3802 154.3149 700.7090 185.4754 1.7372 1.7019 3.9547 4.5146 0.2788 41.4072 -1.5512 0.0042
Car 0.0000 0 0.8171 0.0000 0.0000 1224.0000 370.0000 1.3443 1.5483 3.3478 11.6898 1.0384 1.7019 2.2178 0.0042
Car 0.0000 0 -3.1141 0.0000 0.0000 1224.0000 370.0000 1.5086 1.6802 3.3704 20.4073 -0.0166 0.5648 -1.5856 0.0042
Car 0.0000 0 -1.6045 634.1681 166.6819 679.3516 206.9112 1.5933 1.7679 4.0359 2.1131 1.0475 30.0473 -1.5332 0.0042
Car 0.0000 0 0.0691 0.0000 0.0000 1224.0000 370.0000 1.3874 1.4631 3.7460 -12.3011 1.5442 -0.1854 -1.4888 0.0042
Car 0.0000 0 -0.3041 653.5590 167.3750 753.6578 206.0761 1.5518 1.6809 3.8050 4.0553 1.0270 29.4914 -0.1672 0.0041
Car 0.0000 0 1.7465 0.0000 178.0767 48.2914 220.2069 1.4628 1.5509 3.8295 -22.3101 1.3801 26.5921 1.0561 0.0041
Car 0.0000 0 0.8888 672.4854 164.9656 780.5220 207.7745 1.5258 1.8000 4.3376 4.5963 0.9736 27.5260 1.0542 0.0041
Car 0.0000 0 0.4143 665.6239 164.8305 782.6947 206.0635 1.5391 1.7766 4.2654 4.7110 0.9557 28.2971 0.5793 0.0041
Car 0.0000 0 0.2561 0.0000 0.0000 1224.0000 370.0000 1.3720 1.5160 3.8216 14.8197 1.1577 0.4061 1.7792 0.0041
Car 0.0000 0 -1.5764 0.0000 0.0000 1224.0000 370.0000 1.5049 1.6657 4.2526 -7.8831 1.6324 0.0027 -3.1043 0.0041
Car 0.0000 0 -0.7638 604.5057 171.5688 711.8833 212.3996 1.5240 1.7323 4.2987 2.1674 1.1921 28.4175 -0.6868 0.0041
Car 0.0000 0 -1.7096 0.0000 0.0000 1224.0000 370.0000 1.6224 1.8123 4.1246 21.4078 -0.1570 0.6531 -0.1832 0.0041
Car 0.0000 0 3.0397 0.0000 0.0000 1224.0000 370.0000 1.5430 1.6845 4.5686 -27.1540 1.8268 1.4863 1.5370 0.0040
Car 0.0000 0 -1.8051 928.0464 177.1871 1052.0293 255.3872 1.3898 1.4661 3.0858 7.5663 1.3325 14.2359 -1.3241 0.0040
Car 0.0000 0 1.5157 672.6614 164.9541 725.7595 207.1205 1.4571 1.7343 4.0441 3.4287 0.9214 26.5087 1.6446 0.0040
Car 0.0000 0 1.1266 0.0000 185.8980 24.3815 239.9460 1.5372 1.6023 3.8802 -20.1034 1.7172 21.8826 0.3924 0.0040
Car 0.0000 0 -3.0583 626.6514 173.0095 730.2919 210.9165 1.4094 1.6055 3.8806 2.8578 1.1324 27.4349 -2.9539 0.0040
Car 0.0000 0 -2.5462 212.2521 180.9631 386.5832 237.4873 1.4958 1.7069 4.3190 -8.6217 1.5113 19.9829 -2.9461 0.0040
Car 0.0000 0 -2.9315 0.0000 0.0000 1224.0000 370.0000 1.5049 1.7964 3.7714 5.7363 1.5914 -0.1947 -1.3816 0.0040
Car 0.0000 0 -1.3412 630.3362 169.2097 691.4173 207.8462 1.5082 1.7568 3.6752 2.3827 1.0690 29.6137 -1.2600 0.0040
Pedestrian 0.0000 0 2.2205 0.0000 161.1084 21.6736 250.6000 1.7482 0.5978 0.6277 -12.2618 1.3710 14.1361 1.5189 0.0040
Car 0.0000 0 3.0609 0.0000 0.0000 1224.0000 370.0000 1.5184 1.7031 4.8346 -27.1337 1.6949 1.4292 1.5562 0.0040
Car 0.0000 0 -2.5861 214.3831 183.0200 378.4348 237.6915 1.4418 1.6539 3.9543 -8.6457 1.5182 19.8621 -2.9891 0.0040
Car 0.0000 0 1.8731 0.0000 175.8367 49.4724 219.1288 1.4932 1.5131 3.9250 -22.4356 1.3339 26.4843 1.1779 0.0040
Car 0.0000 0 -1.1655 1204.8680 155.8091 1224.0000 219.4456 1.6694 1.6633 4.0400 19.1801 1.0232 20.1109 -0.4101 0.0040
Car 0.0000 0 3.1824 0.0000 0.0000 1224.0000 370.0000 1.4940 1.5294 3.6245 -28.7182 1.7557 1.3714 1.6722 0.0040
Pedestrian 0.0000 0 2.5317 673.0668 161.9805 704.6801 235.8483 1.8537 0.5629 0.5880 2.1114 1.3905 18.1254 2.6474 0.0040
Car 0.0000 0 -2.8430 653.5522 169.1659 759.0688 207.9245 1.4805 1.6865 3.9020 4.0699 1.0491 28.5972 -2.7014 0.0039
Car 0.0000 0 0.6346 0.0000 0.0000 1224.0000 370.0000 1.3625 1.6178 3.4344 11.9810 1.0789 1.5007 2.0557 0.0039
Pedestrian 0.0000 0 2.9195 126.3705 172.1257 173.8367 263.1282 1.6015 0.4662 0.6411 -8.2989 1.4557 12.8292 2.3584 0.0039
Car 0.0000 0 1.6952 0.0000 0.0000 1224.0000 370.0000 1.5327 1.7285 4.8947 -8.3559 1.6342 0.0483 0.1705 0.0039
Car 0.0000 0 -2.5753 213.3518 183.0036 379.8127 238.6998 1.4691 1.6741 4.0353 -8.6596 1.5452 19.9021 -2.9782 0.0039
Car 0.0000 0 1.1077 930.4654 179.3949 1096.8412 258.1827 1.3534 1.3900 3.4239 7.7773 1.3360 13.8785 1.6104 0.0039
Car 0.0000 0 -2.9379 635.5667 172.1877 749.2217 209.5434 1.4523 1.6267 4.3820 3.5623 1.1306 28.9559 -2.8151 0.0039
Pedestrian 0.0000 0 2.9256 0.0000 177.8121 30.2607 258.1932 1.5623 0.4782 0.6114 -11.9806 1.5117 14.1253 2.2351 0.0039
Car 0.0000 0 3.1248 0.0000 0.0000 1224.0000 370.0000 1.5250 1.6952 4.4422 -27.2247 1.8129 1.7336 1.6310 0.0039
Car 0.0000 0 1.3899 0.0000 189.2142 5.6813 241.7581 1.4601 1.6049 3.8191 -20.2742 1.7555 22.0389 0.6550 0.0039
Car 0.0000 0 1.4634 0.0000 0.0000 1224.0000 370.0000 1.5959 1.7843 4.4861 -10.5216 1.5844 0.2776 -0.0487 0.0039
Car 0.0000 0 -1.4047 634.9299 166.9493 691.0555 206.9665 1.5848 1.7540 3.9239 2.5160 1.0497 30.1151 -1.3204 0.0039
Car 0.0000 0 -1.4937 671.8784 165.9065 717.3977 204.4861 1.5258 1.6345 3.6260 3.8214 0.9501 29.8992 -1.3661 0.0039
Car 0.0000 0 1.6528 632.3754 172.5765 681.0279 210.3337 1.3862 1.6234 3.5240 2.0658 1.0968 27.8200 1.7279 0.0039
Car 0.0000 0 1.8072 0.0000 176.8388 50.7017 219.1803 1.4654 1.5184 3.9807 -22.3407 1.3402 26.5865 1.1160 0.0039
Car 0.0000 0 1.6087 0.0000 0.0000 1224.0000 370.0000 1.6194 1.7697 4.9302 -10.0301 1.6336 0.3296 0.1045 0.0039
Car 0.0000 0 1.5733 661.4420 169.8037 709.5292 210.1127 1.4277 1.6987 3.6450 3.0405 1.0504 26.9468 1.6861 0.0039
Pedestrian 0.0000 0 1.2334 0.0000 0.0000 1224.0000 370.0000 1.7978 0.6268 0.6492 -3.1986 1.6252 -0.2224 -0.3041 0.0038
Car 0.0000 0 -0.3453 0.0000 187.0605 113.7963 234.3221 1.4522 1.5023 3.6578 -19.2564 1.6964 24.2085 -1.0092 0.0038
Car 0.0000 0 -2.9345 0.0000 0.0000 1224.0000 370.0000 1.5610 1.6888 4.0020 18.6502 0.1555 1.2973 -1.4492 0.0038
Pedestrian 0.0000 0 2.7569 656.7355 185.1489 685.8318 251.2041 1.3442 0.3366 0.5109 1.3308 1.4437 14.6513 2.8473 0.0038
Car 0.0000 0 -0.8465 0.0000 185.3490 115.8478 235.4679 1.4916 1.6948 4.4072 -18.9059 1.6712 23.7223 -1.5112 0.0038
Car 0.0000 0 2.6390 873.0170 174.6195 1099.1761 247.1850 1.4001 1.4985 3.8230 7.6273 1.2883 14.4320 3.1178 0.0038
Cyclist 0.0000 0 3.2181 0.0000 0.0000 1224.0000 370.0000 1.9080 0.5899 1.8699 -4.1852 1.7391 0.0621 1.7406 0.0038
Car 0.0000 0 -2.9583 0.0000 0.0000 1224.0000 370.0000 1.5218 1.6555 3.5326 20.4310 -0.0101 0.7743 -1.4400 0.0037
Car 0.0000 0 1.7182 0.0000 177.6774 52.9871 219.7410 1.4610 1.5805 3.8639 -22.1074 1.3645 26.6167 1.0327 0.0037
Car 0.0000 0 -2.6073 606.3001 167.3246 710.3740 206.6317 1.5593 1.6593 4.1162 2.1978 1.0381 29.9001 -2.5329 0.0037
Car 0.0000 0 1.7102 0.0000 0.0000 1224.0000 370.0000 1.5365 1.8125 4.9303 -10.8008 1.6364 0.5099 0.2180 0.0037
Car 0.0000 0 0.3266 661.7009 169.6147 756.3792 208.5050 1.4237 1.6109 3.2799 3.9973 1.0268 27.3423 0.4719 0.0037
Car 0.0000 0 1.7229 0.0000 176.5635 63.4487 219.3072 1.4938 1.6245 4.3372 -22.0610 1.3578 26.9886 1.0451 0.0037
Car 0.0000 0 0.4248 1086.9551 165.8089 1224.0000 238.8366 1.4662 1.6600 4.2076 13.8850 1.1729 16.4455 1.1180 0.0037
Car 0.0000 0 1.5787 649.8150 168.8487 697.4523 209.5768 1.4167 1.6549 3.7573 2.5609 1.0130 26.5442 1.6755 0.0037
Car 0.0000 0 1.8616 623.9454 171.8663 693.8807 211.7322 1.5035 1.7094 4.2236 2.2662 1.1794 28.9390 1.9406 0.0037
Cyclist 0.0000 0 -0.9918 0.0000 160.9096 23.0040 253.6229 1.7317 0.3964 1.6307 -12.3753 1.3674 14.0354 -1.7014 0.0037
Car 0.0000 0 -1.9385 0.0000 0.0000 1224.0000 370.0000 1.6198 1.8135 4.2961 21.1417 -0.0783 1.1654 -0.4368 0.0037
Car 0.0000 0 -4.4286 0.0000 0.0000 1224.0000 370.0000 1.5162 1.7269 3.7396 20.0842 0.0755 0.7500 -2.9099 0.0037
Car 0.0000 0 1.2230 669.6525 171.3571 738.4064 208.5858 1.3763 1.6465 3.3178 3.8179 1.0398 27.9295 1.3592 0.0037
Car 0.0000 0 -0.0490 0.0000 0.0000 1224.0000 370.0000 1.5286 1.7892 4.6844 -27.2596 1.6589 1.7576 -1.5420 0.0037
Car 0.0000 0 -1.4453 655.8757 165.4907 710.5278 206.4494 1.6319 1.8112 4.3156 3.4233 1.0354 30.4765 -1.3328 0.0037
Car 0.0000 0 -3.0078 626.1992 171.5341 736.1259 209.7987 1.4228 1.6344 4.0806 2.9691 1.0909 27.5665 -2.8999 0.0036
Car 0.0000 0 -0.0591 665.8985 164.5779 772.6003 204.1740 1.5702 1.7610 4.2155 4.6109 0.9403 29.1164 0.0981 0.0036
Cyclist 0.0000 0 1.6563 95.1599 166.2304 131.7273 261.3530 1.6446 0.4089 1.4990 -9.0467 1.3995 12.9731 1.0607 0.0036
Car 0.0000 0 1.3093 673.0044 172.3804 738.5325 209.0175 1.3565 1.6966 3.5604 3.8965 1.0574 28.0438 1.4476 0.0036
Car 0.0000 0 -2.7803 0.0000 0.0000 1224.0000 370.0000 1.5673 1.7037 3.5467 20.6689 -0.0550 0.7557 -1.2605 0.0036
Car 0.0000 0 1.7699 0.0000 0.0000 1224.0000 370.0000 1.5613 1.7573 5.0372 -8.4659 1.6421 0.0772 0.2481 0.0036
Pedestrian 0.0000 0 -3.2005 679.9189 174.2600 704.5961 241.7363 1.6766 0.4797 0.5883 2.1581 1.5231 17.8206 -3.0805 0.0036
Car 0.0000 0 -0.2968 601.5035 172.7915 728.0290 212.6326 1.5176 1.9603 4.6920 2.3349 1.2255 28.3835 -0.2139 0.0036
Car 0.0000 0 -2.7219 620.3948 156.6503 693.2415 186.5762 1.6737 1.7068 3.8752 3.0049 0.3412 41.2078 -2.6478 0.0036
Car 0.0000 0 -3.1521 0.0000 0.0000 1224.0000 370.0000 1.5511 1.7173 3.5033 20.3658 0.3343 0.2227 -1.6068 0.0036
Car 0.0000 0 -1.4434 645.6399 164.5883 700.6565 206.4367 1.6631 1.8081 4.4035 2.9894 1.0323 30.4428 -1.3448 0.0036
Car 0.0000 0 -0.6171 601.6082 172.6926 705.1191 211.4319 1.4776 1.6693 3.9571 1.9640 1.1813 28.7054 -0.5478 0.0036
Car 0.0000 0 -1.4904 835.3164 138.6414 879.8274 183.7397 2.2153 1.8460 4.5879 13.3309 0.1606 37.1966 -1.1471 0.0035
Car 0.0000 0 1.2180 668.8444 168.7043 745.5454 208.8803 1.4326 1.7251 3.7266 3.8197 1.0135 27.2105 1.3576 0.0035
Car 0.0000 0 -2.0166 1173.1235 151.7498 1224.0000 217.6098 1.7151 1.6833 4.2351 18.6289 0.9680 20.6754 -1.2893 0.0035
Car 0.0000 0 -3.2348 0.0000 0.0000 1224.0000 370.0000 1.4601 1.6951 3.4457 20.3831 0.0551 0.2235 -1.6896 0.0035
Pedestrian 0.0000 0 2.5706 387.4043 160.9842 424.7256 231.0968 1.7206 0.5348 0.7322 -5.0438 1.2433 17.7978 2.3010 0.0035
Car 0.0000 0 -1.5770 833.2623 140.8025 872.8669 182.3032 2.0548 1.8656 4.2014 13.0450 0.0907 37.2926 -1.2413 0.0035
Car 0.0000 0 -3.2605 859.7020 176.6355 1103.1550 263.1624 1.4473 1.5297 3.8278 6.7458 1.3843 13.1895 -2.7958 0.0035
Car 0.0000 0 -0.7564 0.0000 167.3601 13.7502 207.3886 1.5860 1.6893 3.7101 -27.5249 1.0669 29.9244 -1.4929 0.0034
Car 0.0000 0 2.7057 0.0000 0.0000 1224.0000 370.0000 1.5435 1.5578 3.5480 -25.7546 1.7669 1.3838 1.2026 0.0034
Car 0.0000 0 -0.7898 0.0000 172.0667 8.0673 205.4922 1.7116 1.7512 4.1064 -35.0084 1.2812 38.2928 -1.5245 0.0034
Car 0.0000 0 -0.5130 648.0203 165.7094 754.4084 205.1994 1.5782 1.7730 4.1074 4.0338 0.9886 29.8340 -0.3782 0.0034
Car 0.0000 0 -2.2355 1173.7736 155.7403 1224.0000 219.7468 1.6741 1.6769 4.2256 19.0156 1.0281 20.6562 -1.4975 0.0034
Car 0.0000 0 -4.4456 0.0000 0.0000 1224.0000 370.0000 1.5599 1.6323 3.6660 20.4411 0.0451 1.0653 -2.9414 0.0034
Car 0.0000 0 -4.2478 0.0000 0.0000 1224.0000 370.0000 1.5458 1.6920 3.8544 20.6492 0.0565 0.6354 -2.7222 0.0034
Pedestrian 0.0000 0 2.3380 387.2256 160.0583 424.8814 230.9516 1.7390 0.5538 0.7401 -5.0411 1.2392 17.7966 2.0685 0.0034
Car 0.0000 0 1.1784 0.0000 178.9334 23.5832 235.0623 1.6220 1.7123 4.3657 -20.4460 1.5783 22.1339 0.4415 0.0034
Car 0.0000 0 0.3636 0.0000 181.1171 132.8322 224.8455 1.5167 1.7121 4.1576 -20.0620 1.5421 25.9674 -0.2866 0.0034
Car 0.0000 0 1.4499 668.8480 168.5302 725.4859 208.7772 1.4339 1.7080 3.5895 3.4209 1.0090 26.9854 1.5763 0.0034
Car 0.0000 0 -2.0942 1168.5945 152.6216 1224.0000 217.7736 1.6997 1.7022 4.2024 18.6356 0.9740 20.6713 -1.3666 0.0033
Car 0.0000 0 0.6589 0.0000 0.0000 1224.0000 370.0000 1.3824 1.5356 3.4685 11.7413 1.0420 1.4613 2.0802 0.0033
Pedestrian 0.0000 0 2.6187 0.0000 173.0874 34.0253 256.2323 1.6144 0.5106 0.6516 -11.9741 1.4721 14.1177 1.9281 0.0033
Car 0.0000 0 -1.4843 750.5270 152.2297 778.7752 178.0374 2.0016 1.8574 4.6325 13.1050 -0.2088 57.7982 -1.2607 0.0033
Car 0.0000 0 1.6728 656.5758 165.9111 713.1634 208.1180 1.4467 1.6967 3.9727 3.0214 0.9482 26.3519 1.7875 0.0033
Car 0.0000 0 0.4331 0.0000 0.0000 1224.0000 370.0000 1.4371 1.6996 4.3843 15.0421 1.1132 0.4565 1.9535 0.0033
Car 0.0000 0 -0.7211 0.0000 168.3576 15.2713 207.2443 1.5525 1.6416 3.5660 -27.5384 1.0692 30.0884 -1.4552 0.0033
Car 0.0000 0 2.1059 0.0000 175.3091 77.0971 213.8024 1.4960 1.5468 3.8004 -24.0061 1.2958 29.4647 1.4293 0.0033
Car 0.0000 0 3.4288 0.0000 174.8784 25.3708 211.0870 1.4882 1.7342 4.6598 -28.5058 1.2586 30.8528 2.6898 0.0032
Car 0.0000 0 3.0895 0.0000 0.0000 1224.0000 370.0000 1.4513 1.6553 3.8908 -11.8595 1.5992 -0.2755 1.5244 0.0032
Car 0.0000 0 1.4473 669.9251 170.9181 723.4684 208.8052 1.4350 1.6631 4.0221 3.6349 1.0736 28.7882 1.5733 0.0032
Car 0.0000 0 -3.0047 617.9377 168.9820 746.8533 209.6746 1.5327 1.7487 4.8960 3.0722 1.1004 28.0713 -2.8952 0.0032
Car 0.0000 0 -0.7462 0.0000 187.8638 115.8380 236.2358 1.4416 1.5945 4.0141 -18.9006 1.7132 23.8182 -1.4089 0.0032
Car 0.0000 0 1.6714 0.0000 176.6766 49.6121 218.8194 1.4640 1.5785 3.9246 -22.1451 1.3327 26.6294 0.9853 0.0032
Car 0.0000 0 -1.5841 823.0820 144.0384 862.1225 181.9373 1.8865 1.8564 3.5829 12.4450 0.0730 37.1797 -1.2618 0.0032
Car 0.0000 0 2.1962 520.1927 168.3423 615.1590 206.8234 1.5271 1.6849 4.6281 -1.5294 1.0461 30.4523 2.1484 0.0031
Car 0.0000 0 1.6138 660.2917 167.4529 709.4872 208.7945 1.4286 1.6632 3.8837 3.0282 0.9793 26.4761 1.7281 0.0031
Car 0.0000 0 1.6967 0.0000 0.0000 1224.0000 370.0000 1.6663 1.7923 4.9188 -10.3134 1.6790 0.5286 0.2099 0.0031
Car 0.0000 0 0.0234 622.2697 158.0038 696.3452 187.4644 1.6622 1.6593 4.1901 3.1450 0.3943 40.9257 0.1014 0.0031
Car 0.0000 0 -0.9367 0.0000 0.0000 1224.0000 370.0000 1.6516 1.8047 4.8372 17.6148 0.3278 1.2721 0.5450 0.0031
Car 0.0000 0 -1.5649 673.7888 166.2839 715.6854 205.5299 1.5638 1.6623 3.6656 3.8039 0.9988 30.0938 -1.4387 0.0030
Car 0.0000 0 0.4078 669.8445 164.6682 790.1913 206.7234 1.5427 1.8183 4.3030 4.8691 0.9635 27.8717 0.5806 0.0030
Car 0.0000 0 -2.6596 216.8425 182.1611 375.7222 235.3301 1.4084 1.6296 3.7426 -8.5837 1.4586 19.7451 -3.0621 0.0030
Car 0.0000 0 -0.8569 603.7383 171.3930 714.2443 212.3158 1.5103 1.8422 4.6208 2.2184 1.1757 28.3679 -0.7780 0.0030
Car 0.0000 0 -1.2494 0.0000 0.0000 1224.0000 370.0000 1.5154 1.8183 3.8345 20.7787 -0.0147 0.6420 0.2762 0.0030
Car 0.0000 0 0.4157 0.0000 179.1432 140.8993 222.8652 1.5258 1.7896 4.5215 -20.0413 1.4800 26.0608 -0.2323 0.0030
Car 0.0000 0 -0.9013 1211.4110 154.7971 1224.0000 218.3311 1.6839 1.7212 4.3816 19.7840 1.0043 19.8603 -0.1243 0.0030
Car 0.0000 0 1.7315 648.9053 171.2272 710.3234 211.9029 1.5095 1.7576 4.6067 3.0910 1.1669 28.6876 1.8394 0.0030
Car 0.0000 0 -1.4528 835.2709 141.5996 882.5235 183.4853 2.0581 1.8188 4.5501 13.3948 0.1481 37.1788 -1.1078 0.0030
Car 0.0000 0 0.4395 667.9797 168.9039 769.8463 207.5727 1.4484 1.7077 3.6303 4.4986 1.0156 28.2062 0.5977 0.0029
Car 0.0000 0 -1.4107 830.9357 141.3032 882.0228 184.2435 2.1201 1.8488 4.5084 13.3207 0.1863 37.3251 -1.0687 0.0029
Car 0.0000 0 2.0489 0.0000 179.6705 18.9700 233.0695 1.5852 1.6555 4.3552 -21.5075 1.5621 23.3011 1.3121 0.0029
Car 0.0000 0 2.7954 0.0000 0.0000 1224.0000 370.0000 1.5463 1.4357 3.4933 -28.9212 1.8111 1.0106 1.2723 0.0029
Pedestrian 0.0000 0 2.1481 657.0458 181.7337 686.8333 251.0451 1.4282 0.3633 0.5913 1.3745 1.4564 14.9207 2.2397 0.0029
Car 0.0000 0 -1.6561 670.3893 169.2933 716.2208 206.2636 1.4523 1.5994 3.4566 3.6093 1.0136 29.5275 -1.5340 0.0029
Pedestrian 0.0000 0 2.4022 125.0649 174.0221 175.7553 263.8763 1.5820 0.4492 0.6356 -8.2742 1.4696 12.8099 1.8418 0.0029
Car 0.0000 0 -2.0327 594.4631 166.6899 685.5624 209.0086 1.6507 1.8195 5.0397 1.3521 1.1135 30.2464 -1.9868 0.0029
Car 0.0000 0 -2.8333 0.0000 0.0000 1224.0000 370.0000 1.2801 1.5626 3.4496 14.7117 1.1724 0.0608 -1.2872 0.0029
Car 0.0000 0 1.4430 641.4133 173.1741 695.2766 211.2123 1.3865 1.6425 3.5315 2.3795 1.1210 27.5652 1.5298 0.0029
Car 0.0000 0 -1.2404 0.0000 0.0000 1224.0000 370.0000 1.4569 1.6845 3.6377 20.4128 0.0244 0.6245 0.2852 0.0029
Pedestrian 0.0000 0 -1.7010 109.1797 165.2390 149.0960 263.5685 1.7397 0.5131 0.8258 -8.7901 1.4713 12.9848 -2.2829 0.0029
Car 0.0000 0 -1.0477 557.1688 167.5478 628.8784 204.0562 1.5703 1.7452 3.5390 -0.5101 1.0147 32.3770 -1.0615 0.0029
Car 0.0000 0 -2.9301 609.4965 169.9955 703.8716 207.5705 1.4952 1.6690 3.6514 2.1497 1.0787 29.4447 -2.8562 0.0029
Car 0.0000 0 0.1980 0.0000 0.0000 1224.0000 370.0000 1.3863 1.4934 3.9453 -12.3684 1.5910 -0.2387 -1.3643 0.0029
Car 0.0000 0 -3.1983 626.4833 172.6842 725.6700 210.2543 1.4992 1.7260 3.9561 2.8507 1.1888 29.1531 -3.1002 0.0029
Car 0.0000 0 -2.8638 612.8886 172.3881 729.6500 211.5126 1.4460 1.6127 4.2687 2.5658 1.1477 27.6520 -2.7706 0.0029
Car 0.0000 0 -3.1731 0.0000 0.0000 1224.0000 370.0000 1.5425 1.7357 3.9568 19.9755 0.0628 1.6629 -1.7001 0.0028
Car 0.0000 0 -0.0635 593.4249 173.8156 711.8190 211.6810 1.5128 1.8957 4.7303 1.8805 1.2473 29.1959 0.0018 0.0028
Car 0.0000 0 -0.9501 1220.3271 161.1963 1224.0000 221.3052 1.5719 1.6861 4.6025 19.9129 1.0687 19.6959 -0.1657 0.0028
Car 0.0000 0 -2.0327 1174.6868 152.6810 1224.0000 216.1813 1.6702 1.6641 4.0590 18.7303 0.9401 20.7683 -1.3049 0.0028
Car 0.0000 0 -3.0816 625.0681 174.5017 730.0899 211.6201 1.3958 1.5421 3.9827 2.8378 1.1717 27.6661 -2.9788 0.0028
Cyclist 0.0000 0 0.8490 0.0000 0.0000 1224.0000 370.0000 1.6537 0.5203 1.7800 1.3941 1.6898 0.8044 1.7412 0.0028
Car 0.0000 0 -1.1342 609.3582 170.5317 686.9581 209.9841 1.4538 1.6285 3.7810 1.7611 1.0880 28.0987 -1.0705 0.0028
Car 0.0000 0 -1.5643 662.7665 165.4402 707.5275 206.0663 1.6203 1.7803 4.0927 3.4257 1.0212 30.3324 -1.4512 0.0028
Car 0.0000 0 -2.7197 0.0000 0.0000 1224.0000 370.0000 1.5553 1.6567 3.7079 20.7300 -0.0435 1.1437 -1.2183 0.0028
Car 0.0000 0 0.5873 671.2092 167.7388 774.6086 207.8225 1.4686 1.7594 3.6411 4.5663 1.0026 27.7852 0.7501 0.0028
Car 0.0000 0 -1.3975 817.1561 146.6792 866.0941 182.9523 1.8110 1.8223 3.8527 12.5575 0.1239 37.4225 -1.0744 0.0028
Car 0.0000 0 -1.5902 634.2081 167.4016 677.3115 206.7111 1.5589 1.7079 4.0828 2.0950 1.0410 30.1175 -1.5197 0.0027
Car 0.0000 0 -1.3722 632.4279 167.3040 691.7618 206.8650 1.5653 1.7739 3.9291 2.4789 1.0447 30.1047 -1.2892 0.0027
Car 0.0000 0 -2.6713 0.0000 0.0000 1224.0000 370.0000 1.5747 1.6466 3.8446 20.7529 -0.0188 1.7220 -1.1975 0.0027
Car 0.0000 0 -3.1600 610.7657 158.4532 683.7041 187.1956 1.6231 1.6471 4.1208 2.4119 0.3795 40.8317 -3.0995 0.0027
Car 0.0000 0 -0.4076 855.9543 181.7964 1083.1930 256.3654 1.4253 1.4821 3.8364 7.2391 1.4548 14.3770 0.0516 0.0027
Car 0.0000 0 -1.4314 635.3595 167.0581 689.2837 206.8985 1.5836 1.7508 4.0502 2.5010 1.0508 30.2672 -1.3481 0.0027
Pedestrian 0.0000 0 2.4623 0.0000 171.5928 29.9728 255.6305 1.6038 0.5331 0.6851 -11.8906 1.4354 13.8763 1.7669 0.0027
Car 0.0000 0 -2.2171 0.0000 0.0000 1224.0000 370.0000 1.6807 1.8078 4.1067 21.4800 -0.1788 1.0813 -0.7104 0.0027
Pedestrian 0.0000 0 0.6313 650.7567 152.1836 711.2553 270.3593 1.7079 0.3834 0.8394 1.0914 1.3003 10.6366 0.7325 0.0027
Car 0.0000 0 1.6616 654.9554 171.8587 708.0236 211.5684 1.4415 1.7324 3.7066 3.0289 1.1293 27.6497 1.7712 0.0027
Car 0.0000 0 -3.1937 609.3025 172.5138 730.1581 211.0094 1.4771 1.7294 4.6392 2.4912 1.1722 28.0749 -3.1045 0.0026
Car 0.0000 0 -0.5421 823.5760 172.9277 1076.9866 253.5642 1.5260 1.6975 4.4249 6.9055 1.3843 14.4474 -0.1031 0.0026
Car 0.0000 0 1.7928 0.0000 178.8618 47.3157 220.9827 1.4559 1.5418 3.9273 -22.4058 1.4008 26.5332 1.0992 0.0026
Car 0.0000 0 -3.1886 0.0000 0.0000 1224.0000 370.0000 1.4798 1.6622 3.5372 20.2329 0.1623 0.0098 -1.6330 0.0026
Car 0.0000 0 2.8794 0.0000 0.0000 1224.0000 370.0000 1.5261 1.5011 3.5314 -28.9959 1.8761 1.3522 1.3678 0.0026
Car 0.0000 0 -1.5422 834.6612 144.5120 874.0090 181.9848 1.8548 1.8412 4.2734 13.1953 0.0749 37.3162 -1.2031 0.0026
Car 0.0000 0 -0.0112 613.3036 174.5878 720.5167 211.4507 1.4656 1.8632 4.2705 2.5097 1.2320 29.1958 0.0754 0.0026
Car 0.0000 0 0.6075 666.7321 165.7088 776.4684 206.1129 1.4847 1.7442 4.0042 4.5342 0.9427 27.9950 0.7681 0.0026
Car 0.0000 0 -3.1917 0.0000 0.0000 1224.0000 370.0000 1.4687 1.6466 3.4332 20.1638 0.0831 0.4229 -1.6567 0.0026
Pedestrian 0.0000 0 2.0273 658.9512 184.2034 685.3821 249.9880 1.3292 0.3497 0.5265 1.3515 1.4091 14.6323 2.1191 0.0026
Car 0.0000 0 -1.6762 664.0820 166.4040 713.9630 204.1922 1.5155 1.7136 3.8435 3.5100 0.9517 30.2825 -1.5602 0.0026
Car 0.0000 0 -1.8722 893.9913 174.4359 1023.0319 250.5627 1.4801 1.5605 3.3454 7.5557 1.3639 15.5103 -1.4253 0.0026
Car 0.0000 0 0.5184 0.0000 183.1187 130.6736 225.3591 1.4746 1.7016 4.1271 -20.1080 1.5763 25.9333 -0.1335 0.0026
Car 0.0000 0 -1.2712 0.0000 0.0000 1224.0000 370.0000 1.5793 1.7210 3.9270 21.2787 0.2661 -0.0145 0.2864 0.0025
Car 0.0000 0 -1.5562 834.2574 141.7816 873.8789 182.0823 1.9934 1.8649 4.3550 13.1617 0.0797 37.3326 -1.2180 0.0025
Car 0.0000 0 1.6709 0.0000 0.0000 1224.0000 370.0000 1.6383 1.8134 5.2298 -10.4628 1.6478 0.5181 0.1819 0.0025
Car 0.0000 0 -3.0385 0.0000 0.0000 1224.0000 370.0000 1.4483 1.6082 3.5020 5.7911 1.5237 0.1849 -1.5538 0.0025
Car 0.0000 0 -1.9976 883.1793 174.2090 1022.8161 245.5582 1.4092 1.5146 3.2448 7.4757 1.2866 15.5931 -1.5568 0.0025
Car 0.0000 0 2.9950 0.0000 0.0000 1224.0000 370.0000 1.5432 1.5517 3.7614 -29.0174 1.8904 1.5640 1.4907 0.0025
Car 0.0000 0 1.5235 674.7639 173.4814 721.7250 210.2127 1.3532 1.6558 3.5661 3.5929 1.0961 27.8871 1.6519 0.0025
Car 0.0000 0 -3.1491 0.0000 0.0000 1224.0000 370.0000 1.6081 1.8644 4.4189 19.4311 0.0932 2.0031 -1.6961 0.0025
Car 0.0000 0 2.4975 0.0000 0.0000 1224.0000 370.0000 1.5386 1.5011 3.6202 -29.3921 1.9066 1.5057 0.9904 0.0025
Car 0.0000 0 -1.7892 0.0000 0.0000 1224.0000 370.0000 1.5180 1.7403 4.0071 21.7323 -0.1017 0.6193 -0.2605 0.0025
Car 0.0000 0 -3.1608 593.6927 172.6727 694.6231 211.0955 1.5337 1.6803 4.0334 1.5682 1.2227 29.1291 -3.1059 0.0025
Car 0.0000 0 1.7831 631.3012 175.1969 689.2443 212.0069 1.3760 1.5894 3.6202 2.2576 1.1793 28.3876 1.8633 0.0025
Car 0.0000 0 -2.9239 0.0000 0.0000 1224.0000 370.0000 1.5401 1.6198 3.7307 20.4240 -0.0148 1.5127 -1.4415 0.0025
Pedestrian 0.0000 0 2.9087 678.1071 172.4240 706.0349 241.7979 1.7224 0.5197 0.5941 2.1560 1.5235 17.8412 3.0285 0.0025
Car 0.0000 0 -1.9706 601.3546 165.4504 687.8776 207.1920 1.6388 1.8061 5.2567 1.5579 1.0494 30.5325 -1.9184 0.0024
Car 0.0000 0 -2.7005 0.0000 0.0000 1224.0000 370.0000 1.5670 1.6273 3.7635 20.8551 -0.0771 1.6117 -1.2210 0.0024
Car 0.0000 0 0.5400 0.0000 186.6226 113.3769 230.7933 1.4658 1.6801 4.0575 -19.9776 1.6921 24.8561 -0.1291 0.0024
Car 0.0000 0 -0.6532 0.0000 163.5277 16.3161 206.6281 1.6953 1.6812 4.0184 -27.6519 1.0292 29.9333 -1.3918 0.0024
Car 0.0000 0 -2.7818 0.0000 0.0000 1224.0000 370.0000 1.6144 1.6974 4.0684 20.4043 0.0086 2.0697 -1.3264 0.0024
Car 0.0000 0 2.5450 0.0000 0.0000 1224.0000 370.0000 1.5409 1.5532 3.6749 -29.3962 1.9076 1.5121 1.0382 0.0024
Cyclist 0.0000 0 0.1422 106.9181 164.2930 225.3408 259.9996 1.6747 0.4333 1.7946 -8.0181 1.3927 12.9164 -0.4005 0.0024
Car 0.0000 0 0.1167 0.0000 0.0000 1224.0000 370.0000 1.3453 1.7090 3.8613 14.8852 1.1510 0.2421 1.6510 0.0024
Car 0.0000 0 0.1482 654.0377 170.6535 749.8853 207.9898 1.3891 1.5763 3.5069 3.7718 1.0242 27.5486 0.2845 0.0024
Car 0.0000 0 0.7040 0.0000 183.7456 125.5366 227.5546 1.5145 1.6846 4.2062 -19.9780 1.6375 25.5186 0.0475 0.0024
Car 0.0000 0 -2.6454 220.6975 181.6109 377.6240 234.2237 1.3906 1.5854 3.7101 -8.4875 1.4247 19.6926 -3.0447 0.0024
Car 0.0000 0 0.2538 0.0000 0.0000 1224.0000 370.0000 1.5362 1.5942 3.6748 20.1269 0.4121 -0.1126 1.8154 0.0024
Car 0.0000 0 -0.9554 1211.7550 157.0111 1224.0000 220.0466 1.6635 1.6775 4.5269 19.7715 1.0452 19.8831 -0.1793 0.0024
Car 0.0000 0 1.2510 0.0000 183.6978 19.8445 239.5211 1.5902 1.6516 4.1656 -20.2728 1.6995 22.0830 0.5171 0.0023
Car 0.0000 0 -1.7835 617.0749 166.0223 679.7664 206.7379 1.5994 1.7535 4.4256 1.7358 1.0322 30.0902 -1.7247 0.0023
Car 0.0000 0 -1.7778 769.1016 177.3038 866.4257 239.2699 1.4299 1.6093 3.8538 5.3326 1.3577 18.2911 -1.4971 0.0023
Car 0.0000 0 -4.6535 0.0000 0.0000 1224.0000 370.0000 1.5475 1.7024 3.5627 19.7006 0.4224 -0.0892 -3.0933 0.0023
Car 0.0000 0 -0.0288 0.0000 0.0000 1224.0000 370.0000 1.3858 1.4550 3.8537 -12.2181 1.5839 -0.0315 -1.5740 0.0023
Car 0.0000 0 -0.9313 1214.3998 156.1260 1224.0000 219.1855 1.6660 1.7382 4.3218 19.8153 1.0237 19.8646 -0.1535 0.0023
Car 0.0000 0 0.0424 0.0000 0.0000 1224.0000 370.0000 1.6165 1.5993 3.6529 20.1274 0.4381 0.0276 1.5971 0.0023
Car 0.0000 0 -2.9470 0.0000 0.0000 1224.0000 370.0000 1.4810 1.7432 4.0020 18.9577 0.1075 1.0305 -1.4463 0.0022
Car 0.0000 0 -2.9950 0.0000 0.0000 1224.0000 370.0000 1.5834 1.7853 4.3073 18.9634 0.0906 1.9676 -1.5432 0.0022
Car 0.0000 0 4.6494 0.0000 0.0000 1224.0000 370.0000 1.4289 1.7053 4.1426 -31.4834 2.0001 -0.1748 3.0849 0.0022
Pedestrian 0.0000 0 -1.6234 666.2650 162.8311 678.3923 193.8165 1.7352 0.6522 0.5608 3.7874 0.7471 39.8851 -1.5277 0.0022
Car 0.0000 0 -3.0483 0.0000 0.0000 1224.0000 370.0000 1.5042 1.7039 3.4918 20.0319 0.0793 0.6978 -1.5272 0.0022
Car 0.0000 0 -1.3889 643.6923 167.4836 702.9481 206.6948 1.5444 1.8133 3.9522 2.9462 1.0332 29.9936 -1.2902 0.0022
Pedestrian 0.0000 0 0.6219 0.0000 170.3472 26.8504 254.4088 1.6145 0.4690 0.6830 -11.8935 1.4211 13.8342 -0.0750 0.0022
Car 0.0000 0 -1.9206 787.4683 139.3106 852.6239 182.8731 2.1704 1.8676 4.4836 11.2990 0.1197 37.5144 -1.6285 0.0022
Car 0.0000 0 -1.1769 0.0000 0.0000 1224.0000 370.0000 1.5494 1.7025 4.2473 21.4221 0.3270 -0.2881 0.3935 0.0022
Car 0.0000 0 1.6113 0.0000 0.0000 1224.0000 370.0000 1.7124 1.8783 5.3095 -10.2709 1.6445 0.5883 0.1307 0.0022
Car 0.0000 0 -1.4666 830.0510 142.0121 876.5641 182.7299 2.0084 1.8774 4.2834 13.1069 0.1114 37.2075 -1.1287 0.0022
Car 0.0000 0 0.7020 0.0000 181.2718 123.9467 224.3478 1.5040 1.7162 4.0681 -20.0825 1.5345 25.6654 0.0458 0.0022
Car 0.0000 0 -0.5790 0.0000 190.1024 116.5013 235.8491 1.4081 1.4976 3.2771 -18.9684 1.7641 24.3046 -1.2338 0.0022
Pedestrian 0.0000 0 1.0032 58.6555 181.5172 90.9447 237.8679 1.6093 0.4962 0.6225 -15.4396 1.6409 20.5432 0.3678 0.0022
Car 0.0000 0 -2.9398 0.0000 0.0000 1224.0000 370.0000 1.5332 1.8447 3.9186 19.4955 0.0913 0.9115 -1.4310 0.0022
Car 0.0000 0 1.6929 650.4537 174.5761 708.1884 214.0450 1.4243 1.7287 4.4590 2.9873 1.2121 27.8777 1.8001 0.0021
Car 0.0000 0 -1.9150 803.0234 144.0047 865.6089 182.2495 1.9084 1.8847 4.0123 12.0038 0.0887 37.3126 -1.6043 0.0021
Pedestrian 0.0000 0 -1.6629 666.0517 162.6152 678.6517 193.8950 1.7508 0.6538 0.6098 3.7877 0.7512 39.8770 -1.5671 0.0021
Car 0.0000 0 2.4986 0.0000 0.0000 1224.0000 370.0000 1.5561 1.4562 3.6323 -29.3235 1.8396 1.3306 0.9857 0.0021
Car 0.0000 0 -2.9070 0.0000 0.0000 1224.0000 370.0000 1.5467 1.6960 3.8932 20.3959 0.0072 2.0136 -1.4490 0.0021
Car 0.0000 0 -1.2848 0.0000 0.0000 1224.0000 370.0000 1.6007 1.7734 4.2309 21.5901 0.3389 0.0661 0.2692 0.0021
Car 0.0000 0 2.0656 0.0000 179.3241 19.4204 232.0702 1.5744 1.6660 4.1954 -21.5167 1.5409 23.3356 1.3292 0.0021
Car 0.0000 0 3.0166 622.1262 174.5767 729.4926 209.7940 1.4024 1.6454 4.2106 2.8270 1.1680 29.0305 3.1143 0.0021
Car 0.0000 0 -3.0889 0.0000 0.0000 1224.0000 370.0000 1.4758 1.7779 3.5588 19.6000 0.1095 0.4346 -1.5556 0.0021
Car 0.0000 0 -1.7007 910.3230 175.9239 1011.7692 250.1069 1.4515 1.5450 3.2477 7.6972 1.3636 15.6145 -1.2491 0.0021
Car 0.0000 0 -1.5153 0.0000 0.0000 1224.0000 370.0000 1.4901 1.8396 3.6050 20.6627 0.2985 -0.0368 0.0429 0.0021
Car 0.0000 0 1.4723 672.9731 172.3758 721.7368 209.8084 1.3869 1.5815 3.2306 3.5548 1.0874 27.8284 1.5997 0.0021
Car 0.0000 0 -1.4181 836.5412 143.8214 886.4109 183.6371 1.9561 1.7965 4.5442 13.5227 0.1556 37.1560 -1.0699 0.0021
Car 0.0000 0 0.4380 0.0000 182.4559 114.2081 229.6829 1.5543 1.6715 4.0805 -19.8257 1.6276 24.6518 -0.2314 0.0020
Car 0.0000 0 -2.9386 0.0000 0.0000 1224.0000 370.0000 1.4520 1.5919 3.6107 19.0031 0.1294 0.7622 -1.4237 0.0020
Car 0.0000 0 1.3822 0.0000 0.0000 1224.0000 370.0000 1.5763 1.8339 4.8040 -10.5126 1.6258 0.3034 -0.1275 0.0020
Car 0.0000 0 0.6501 0.0000 179.2380 110.4203 225.0850 1.5467 1.6266 4.0087 -19.8940 1.5057 24.7017 -0.0199 0.0020
Cyclist 0.0000 0 -0.8532 96.2701 159.8425 195.5061 265.5772 1.7744 0.4720 1.7246 -8.2683 1.4294 12.7491 -1.4153 0.0020
Car 0.0000 0 2.7003 842.4483 180.4997 1056.9935 255.2782 1.4363 1.5216 3.6105 6.8387 1.4379 14.3423 3.1383 0.0020
Car 0.0000 0 -1.2679 636.8018 165.3626 707.0563 206.3372 1.6302 1.8336 4.2049 2.9375 1.0294 30.4189 -1.1709 0.0020
Car 0.0000 0 0.7150 0.0000 182.7345 120.1213 227.0167 1.5325 1.7238 4.0158 -20.1071 1.6178 25.5347 0.0557 0.0020
Car 0.0000 0 -3.2635 0.0000 0.0000 1224.0000 370.0000 1.5697 1.5811 3.5936 5.9662 1.6777 -0.2124 -1.7097 0.0019
Car 0.0000 0 -1.5618 0.0000 0.0000 1224.0000 370.0000 1.5331 1.8162 3.6899 20.1523 0.4309 -0.1084 -0.0003 0.0019
Car 0.0000 0 1.4489 673.6956 174.8681 725.1938 210.4120 1.3157 1.5853 3.5394 3.6444 1.1088 27.9437 1.5789 0.0019
Cyclist 0.0000 0 1.1518 783.1219 162.0838 806.8724 190.1172 1.7846 0.8548 1.7377 12.3293 0.6135 45.9293 1.4141 0.0018
Car 0.0000 0 -0.2543 826.4323 166.1879 1019.2927 230.6160 1.5957 1.8640 4.3265 8.2293 1.2429 18.7609 0.1545 0.0018
Car 0.0000 0 0.7726 0.0000 183.6910 117.4020 227.5115 1.5038 1.7168 3.9955 -20.1250 1.6252 25.4915 0.1120 0.0018
Car 0.0000 0 -3.1589 0.0000 0.0000 1224.0000 370.0000 1.5116 1.7741 3.7451 19.7015 0.2718 -0.0467 -1.6009 0.0018
Car 0.0000 0 2.8080 375.1272 182.7726 574.8684 248.9624 1.4439 1.7523 4.5169 -3.1929 1.5075 17.4144 2.6316 0.0018
Car 0.0000 0 1.4647 674.3950 174.1765 722.6029 210.4175 1.3519 1.5106 3.7067 3.6475 1.1175 28.2395 1.5934 0.0018
Car 0.0000 0 3.3221 0.0000 0.0000 1224.0000 370.0000 1.4983 1.6883 4.2461 -27.3792 1.6598 1.9046 1.8341 0.0018
Car 0.0000 0 -1.8589 794.7246 142.5407 855.6680 183.2961 2.0335 1.8748 4.4833 11.5790 0.1409 37.5242 -1.5601 0.0018
Car 0.0000 0 -1.8068 795.8551 140.2247 853.8759 184.0102 2.1788 1.8977 4.6120 11.5663 0.1761 37.5392 -1.5084 0.0018
Car 0.0000 0 -1.6130 0.0000 0.0000 1224.0000 370.0000 1.4751 1.8309 3.4811 20.2430 0.3280 -0.0889 -0.0526 0.0018
Car 0.0000 0 -1.2292 637.4622 166.0799 707.9249 206.0974 1.5979 1.8048 3.9111 2.9573 1.0236 30.3817 -1.1314 0.0017
Car 0.0000 0 1.5241 642.0504 174.6735 688.3959 212.1441 1.3831 1.6447 3.6347 2.2954 1.1695 27.9386 1.6069 0.0017
Car 0.0000 0 -0.6409 609.0085 175.0744 709.0089 212.6484 1.4431 1.6219 3.8703 2.2074 1.2363 28.8709 -0.5637 0.0017
Car 0.0000 0 0.7504 0.0000 181.6865 120.0884 225.5135 1.5163 1.7213 4.0960 -20.1349 1.5625 25.5561 0.0908 0.0017
Car 0.0000 0 -1.8956 800.4057 142.4895 864.3425 183.3170 2.0385 1.9653 4.2104 11.9287 0.1421 37.4193 -1.5875 0.0017
Car 0.0000 0 0.5035 656.8745 170.0307 763.3196 209.8133 1.4872 1.7025 3.8675 4.1427 1.0973 28.2732 0.6491 0.0017
Car 0.0000 0 0.3117 0.0000 169.1080 22.3679 207.4712 1.5883 1.7217 4.3609 -28.5476 1.1182 30.9541 -0.4263 0.0017
Pedestrian 0.0000 0 -0.7838 784.6341 160.3433 801.2241 190.5208 1.9376 0.7747 0.6970 12.1988 0.6447 45.9011 -0.5240 0.0017
Car 0.0000 0 1.4007 0.0000 0.0000 1224.0000 370.0000 1.6956 1.8292 4.8688 -10.4410 1.6078 0.3093 -0.1079 0.0017
Car 0.0000 0 -2.1682 0.0000 0.0000 1224.0000 370.0000 1.5646 1.8217 4.2454 21.3749 -0.0111 1.6936 -0.6902 0.0017
Car 0.0000 0 1.2261 7.8781 183.8175 110.0626 228.0211 1.4897 1.6617 4.2140 -20.0972 1.6216 25.9421 0.5746 0.0016
Pedestrian 0.0000 0 1.1147 65.8860 179.0579 97.9454 236.9282 1.6490 0.4941 0.6996 -15.2203 1.6095 20.5241 0.4857 0.0016
Car 0.0000 0 -1.5958 815.3589 148.2729 851.2587 182.7104 1.7178 1.6976 3.5762 11.9578 0.1117 37.2182 -1.2855 0.0016
Car 0.0000 0 0.1927 0.0000 161.7256 18.1831 203.3983 1.7043 1.8318 3.9309 -28.2146 0.9380 30.7118 -0.5433 0.0016
Pedestrian 0.0000 0 1.6097 111.8833 177.3666 145.5769 275.4743 1.7240 0.4721 0.7675 -8.7058 1.6706 12.8703 1.0280 0.0016
Car 0.0000 0 3.7158 0.0000 0.0000 1224.0000 370.0000 1.4981 1.6508 4.1732 -27.9509 1.6790 1.9522 2.2279 0.0016
Car 0.0000 0 -3.2572 0.0000 0.0000 1224.0000 370.0000 1.6295 1.8023 4.5067 19.5138 0.1387 2.2674 -1.8171 0.0016
Car 0.0000 0 -1.2876 0.0000 0.0000 1224.0000 370.0000 1.7487 1.7921 5.4287 17.1577 0.4029 1.3100 0.1896 0.0016
Car 0.0000 0 0.2687 0.0000 168.3024 21.5412 207.4409 1.6202 1.7277 4.1705 -28.4675 1.1168 30.9759 -0.4676 0.0016
Car 0.0000 0 0.6758 0.0000 182.8809 107.9767 228.3835 1.5338 1.6170 3.9609 -19.9614 1.6213 24.7308 0.0047 0.0016
Car 0.0000 0 0.7229 230.2567 184.8916 383.3658 241.0275 1.4565 1.6482 3.8723 -8.4413 1.5909 19.9676 0.3303 0.0015
Pedestrian 0.0000 0 -0.6883 785.1996 159.9371 800.7846 190.6428 1.9732 0.7721 0.6308 12.2058 0.6531 45.9138 -0.4285 0.0015
Car 0.0000 0 3.4107 0.0000 0.0000 1224.0000 370.0000 1.5258 1.7253 3.8509 -27.3604 1.6160 1.7972 1.9189 0.0015
Car 0.0000 0 0.9171 0.0000 185.9613 111.3027 229.6402 1.4709 1.7420 3.9074 -20.1726 1.6795 25.4746 0.2550 0.0015
Car 0.0000 0 -0.5847 0.0000 164.7397 17.6904 205.2823 1.6144 1.6855 3.7199 -27.6774 0.9883 30.1611 -1.3201 0.0015
Car 0.0000 0 -2.9517 588.4285 169.5809 698.9543 208.2530 1.5421 1.7696 4.3615 1.6224 1.1082 29.5778 -2.8957 0.0015
Pedestrian 0.0000 0 2.1257 668.4182 146.6750 721.1376 277.0639 1.8657 0.4498 0.7614 1.2993 1.3834 10.5497 2.2464 0.0015
Car 0.0000 0 0.8372 0.0000 182.1484 113.9875 226.9133 1.5197 1.5818 3.8367 -19.8628 1.5826 25.1982 0.1775 0.0014
Car 0.0000 0 1.5794 639.2872 175.3449 683.1508 211.9597 1.3555 1.6230 3.5701 2.2159 1.1661 28.0193 1.6592 0.0014
Car 0.0000 0 0.7388 226.6720 180.6540 380.5618 236.8568 1.4602 1.5765 3.9340 -8.4568 1.4663 19.7743 0.3422 0.0014
Car 0.0000 0 0.8570 0.0000 180.6585 113.2317 224.3520 1.5003 1.6929 3.9249 -20.1628 1.5078 25.4929 0.1956 0.0014
Car 0.0000 0 2.1131 0.0000 182.3358 23.9462 233.1325 1.5096 1.7045 4.1775 -21.5001 1.5776 23.3799 1.3780 0.0014
Cyclist 0.0000 0 1.3089 664.2391 158.2809 684.1560 192.1488 1.8549 0.6274 1.9569 3.8677 0.6394 39.7363 1.4070 0.0013
Cyclist 0.0000 0 1.7812 130.1918 164.6216 184.3792 264.0217 1.7114 0.4893 1.6734 -8.2698 1.4397 13.0390 1.2288 0.0013
Car 0.0000 0 -1.9929 877.1440 175.2628 1030.2932 250.9771 1.4853 1.6485 3.6498 7.5087 1.3842 15.7045 -1.5531 0.0013
Car 0.0000 0 0.8815 0.0000 182.6139 113.8528 227.0712 1.5174 1.6873 3.8009 -20.0550 1.5988 25.4875 0.2226 0.0013
Car 0.0000 0 0.5663 0.0000 185.4308 114.6660 228.5793 1.4584 1.5689 3.6696 -19.8279 1.6414 25.0664 -0.0951 0.0013
Car 0.0000 0 0.8841 0.0000 183.0618 114.9372 227.8792 1.5237 1.6862 3.8047 -19.9686 1.6219 25.4235 0.2261 0.0013
Car 0.0000 0 1.6053 652.6699 172.2982 703.4218 214.3953 1.5000 1.8082 4.3466 2.8861 1.2093 27.4668 1.7105 0.0013
Pedestrian 0.0000 0 -1.2448 1148.4088 178.0019 1200.4015 282.9490 1.6358 0.4744 0.6563 9.1336 1.5985 11.3940 -0.5812 0.0013
Pedestrian 0.0000 0 1.0477 101.4814 166.6182 147.1769 267.1372 1.7495 0.4301 0.6133 -8.6320 1.5096 12.6303 0.4616 0.0013
Car 0.0000 0 -0.0061 829.7899 164.1190 1035.2644 232.4918 1.6108 1.8474 4.6373 8.3474 1.2265 18.4316 0.4144 0.0013
Cyclist 0.0000 0 2.1578 138.4423 171.0534 226.8369 263.8134 1.6084 0.4811 1.8049 -7.8585 1.4463 13.1706 1.6323 0.0013
Car 0.0000 0 -0.4637 616.1539 176.8394 714.0178 211.8451 1.3631 1.6239 3.6538 2.4331 1.2221 28.9585 -0.3791 0.0012
Car 0.0000 0 0.2812 0.0000 165.9730 17.2554 204.5963 1.6007 1.7314 3.8993 -28.4659 1.0002 30.9341 -0.4557 0.0012
Car 0.0000 0 0.8738 0.0000 181.6424 115.7245 225.9221 1.5142 1.6657 3.8819 -20.0018 1.5588 25.4651 0.2157 0.0012
Car 0.0000 0 4.2348 0.0000 0.0000 1224.0000 370.0000 1.4117 1.6061 3.7259 -19.9258 1.7738 -0.2748 2.6680 0.0012
Car 0.0000 0 0.7359 0.0000 182.6759 114.2550 226.6264 1.5065 1.5815 3.5939 -19.8585 1.5886 25.2489 0.0772 0.0012
Pedestrian 0.0000 0 1.7300 1146.6105 175.9224 1194.9449 283.2336 1.6581 0.5148 0.6647 9.0296 1.5890 11.3347 2.3906 0.0012
Car 0.0000 0 0.6494 0.0000 185.7167 114.7501 228.1447 1.4583 1.5449 3.4920 -19.8418 1.6522 25.2772 -0.0083 0.0011
Car 0.0000 0 -0.0844 831.3260 166.1145 1006.9277 231.6440 1.5792 1.7677 4.0291 8.0132 1.2341 18.5066 0.3197 0.0011
Cyclist 0.0000 0 -1.0903 66.4927 155.9034 159.2331 270.3063 1.8540 0.4963 1.9019 -8.6331 1.4570 12.4261 -1.6837 0.0011
Pedestrian 0.0000 0 1.1799 102.7856 166.1705 144.4585 270.4449 1.8155 0.4342 0.5747 -8.6563 1.5676 12.6456 0.5930 0.0011
Pedestrian 0.0000 0 2.6906 666.2548 147.5196 725.3815 274.1726 1.8398 0.4239 0.7707 1.3112 1.3624 10.5913 2.8120 0.0011
Cyclist 0.0000 0 2.1367 0.0000 161.9866 12.3247 202.1328 1.7048 0.5619 1.7443 -26.8553 0.9201 30.9225 1.4286 0.0011
Car 0.0000 0 -0.9106 1164.7548 160.0434 1224.0000 216.7623 1.4577 1.5310 4.2152 17.7526 0.9335 19.2831 -0.1730 0.0011
Car 0.0000 0 -2.8280 565.8629 169.6920 694.6625 210.8575 1.6227 1.9232 5.0487 1.0405 1.1981 29.6344 -2.7916 0.0011
Car 0.0000 0 -0.0810 838.7694 164.8258 1029.2743 234.6763 1.6644 1.8712 4.3090 8.3509 1.2925 18.4420 0.3394 0.0010
Pedestrian 0.0000 0 -1.4261 665.9493 163.2940 680.3998 193.5305 1.6785 0.7039 0.7732 3.8230 0.7248 39.7052 -1.3291 0.0010
Pedestrian 0.0000 0 -1.7631 668.0677 162.5362 684.8553 193.2907 1.7198 0.8409 0.6089 4.0189 0.7167 39.8755 -1.6616 0.0010
Car 0.0000 0 1.2939 761.5800 181.6963 869.5343 244.4904 1.4165 1.5082 4.2096 5.2029 1.4524 18.1298 1.5704 0.0009
Car 0.0000 0 4.0913 0.0000 0.0000 1224.0000 370.0000 1.4668 1.5319 3.5300 -20.1177 1.7243 -0.2252 2.5269 0.0009
Car 0.0000 0 1.6700 652.5659 175.6772 709.9268 214.8246 1.4006 1.8035 4.2971 3.0277 1.2296 27.5801 1.7798 0.0009
Pedestrian 0.0000 0 -1.7495 668.2706 161.8277 685.2390 193.0135 1.7428 0.8464 0.6687 4.0349 0.7007 39.8745 -1.6476 0.0008
Car 0.0000 0 1.4650 781.5626 178.7602 860.1794 239.9334 1.3858 1.4723 3.9104 5.3666 1.3480 18.0680 1.7506 0.0008
Pedestrian 0.0000 0 -1.2627 668.3433 159.4648 687.4283 191.7513 1.7882 0.8535 0.8346 4.0878 0.6245 39.7082 -1.1591 0.0007
Pedestrian 0.0000 0 -1.4350 665.9041 163.2508 680.6825 193.4789 1.6773 0.7316 0.7439 3.8265 0.7216 39.6736 -1.3378 0.0007
Pedestrian 0.0000 0 -1.2472 668.1147 159.5215 687.7443 191.7825 1.7864 0.8812 0.8213 4.0896 0.6262 39.7039 -1.1435 0.0007
Cyclist 0.0000 0 0.1798 663.2858 154.4421 703.1989 190.3556 1.9731 0.7882 2.1106 4.3668 0.5429 39.5198 0.2908 0.0007
Cyclist 0.0000 0 -2.0091 1114.2062 164.1816 1224.0000 283.9467 1.7758 0.5348 2.2271 9.1758 1.5355 11.6240 -1.3526 0.0007
Cyclist 0.0000 0 -0.0477 663.0438 156.3683 699.1259 190.6070 1.9122 0.7163 1.9921 4.2748 0.5659 39.8997 0.0600 0.0007
Cyclist 0.0000 0 1.8932 98.5880 160.8056 170.1893 267.2321 1.8184 0.5441 1.7769 -8.6552 1.4835 13.0038 1.3189 0.0006
Car 0.0000 0 -1.6355 776.8536 177.3196 854.9380 240.6750 1.4239 1.6084 3.8480 5.2012 1.3540 17.9367 -1.3563 0.0005
Car 0.0000 0 1.4738 774.5430 179.2772 857.7790 243.1201 1.4267 1.5933 3.9799 5.1856 1.4010 17.8972 1.7527 0.0005
Cyclist 0.0000 0 1.3441 668.1244 158.3759 689.3439 192.7121 1.8782 0.7286 2.1152 4.1235 0.6694 39.7652 1.4484 0.0004
Cyclist 0.0000 0 -0.0170 654.5366 156.5679 696.0124 191.9640 1.9759 0.6999 2.3096 3.9495 0.6413 39.9090 0.0827 0.0004
Car 0.0000 0 1.2925 762.7777 181.5112 870.1995 244.0685 1.4036 1.5005 4.0896 5.1842 1.4338 17.9701 1.5703 0.0004
Cyclist 0.0000 0 -2.0450 1110.1160 171.0451 1209.0376 283.0532 1.7063 0.4094 1.9785 9.1243 1.5639 11.7756 -1.3972 0.0004
Car 0.0000 0 -1.7536 767.4022 178.0360 865.1753 243.9070 1.4717 1.6046 4.0891 5.1683 1.4182 17.9032 -1.4757 0.0004
Car 0.0000 0 4.3953 0.0000 0.0000 1224.0000 370.0000 1.7314 1.5725 4.4844 -3.3228 1.6117 0.0205 2.9294 0.0003
Cyclist 0.0000 0 -0.8218 31.2070 162.5977 135.7675 271.6640 1.7099 0.4299 1.6020 -8.7709 1.4309 11.9021 -1.4424 0.0003