Car 0.0000 0 -1.3787 512.4662 172.4786 597.5504 233.3141 1.7213 1.8021 4.7534 -1.6571 1.7111 22.8805 -1.4509 0.9995
Car 0.0000 0 -1.3637 511.1983 172.2966 597.9830 233.1647 1.7213 1.7831 4.8013 -1.6688 1.7059 22.9001 -1.4364 0.9995
Car 0.0000 0 -1.3656 511.1874 172.3800 598.3119 233.5226 1.7293 1.8008 4.8132 -1.6635 1.7163 22.9093 -1.4380 0.9994
Car 0.0000 0 -1.3674 511.5114 172.5052 598.8569 233.3457 1.7216 1.8170 4.8141 -1.6501 1.7121 22.9201 -1.4391 0.9994
Car 0.0000 0 -1.3696 510.2617 172.6210 598.1725 233.6619 1.7258 1.8385 4.8397 -1.6785 1.7195 22.9141 -1.4426 0.9993
Car 0.0000 0 -1.3787 512.8079 172.5903 597.9673 232.7947 1.7006 1.7972 4.7776 -1.6426 1.6935 22.8583 -1.4503 0.9992
Car 0.0000 0 -0.7718 1126.3071 140.8931 1242.0000 278.0598 1.4548 1.6159 4.0034 8.5868 1.1161 8.4646 0.0035 0.9987
Car 0.0000 0 -1.3816 512.8680 172.6049 597.8101 233.3546 1.7217 1.8085 4.7950 -1.6495 1.7150 22.9335 -1.4533 0.9987
Car 0.0000 0 -0.7704 1124.5867 140.1006 1242.0000 277.9824 1.4615 1.6403 3.9697 8.5608 1.1147 8.4712 0.0030 0.9986
Car 0.0000 0 -1.3867 514.2310 172.5279 596.9282 232.9626 1.7170 1.7738 4.7300 -1.6478 1.7081 22.9467 -1.4583 0.9980
Car 0.0000 0 -0.7545 1124.7468 140.5258 1242.0000 278.2204 1.4523 1.6165 3.9938 8.5653 1.1117 8.4555 0.0200 0.9980
Car 0.0000 0 -0.7647 1127.2313 139.6045 1242.0000 278.4475 1.4687 1.6182 4.0533 8.6310 1.1173 8.4653 0.0131 0.9978
Car 0.0000 0 -0.7637 1128.7255 139.5435 1242.0000 277.6342 1.4596 1.6198 4.0337 8.6407 1.1079 8.4636 0.0148 0.9975
Car 0.0000 0 -1.3573 510.5958 173.1554 597.7374 233.5741 1.7100 1.8046 4.6002 -1.6840 1.7209 22.8458 -1.4307 0.9973
Car 0.0000 0 -0.7535 1127.6085 139.2549 1242.0000 277.8528 1.4653 1.6143 4.0026 8.6245 1.1104 8.4789 0.0232 0.9955
Car 0.0000 0 1.7092 579.0856 168.8354 624.5956 205.6355 1.6154 1.5974 3.9712 -0.3619 1.4394 33.7412 1.6980 0.9928
Car 0.0000 0 1.7111 578.2684 169.2474 624.1304 205.7785 1.6033 1.6092 3.9459 -0.3917 1.4454 33.7251 1.6991 0.9928
Car 0.0000 0 1.6972 578.8101 168.9217 623.6575 205.8425 1.6207 1.6117 3.9616 -0.3908 1.4485 33.7305 1.6852 0.9912
Car 0.0000 0 1.7028 578.8902 169.0659 623.7725 205.8625 1.6151 1.5925 3.9592 -0.3863 1.4492 33.7288 1.6910 0.9906
Car 0.0000 0 1.6847 579.4488 168.9974 622.9785 205.8770 1.6190 1.5945 3.9842 -0.3928 1.4501 33.7362 1.6727 0.9902
Car 0.0000 0 -1.3734 513.7218 174.3299 596.7693 232.3213 1.6351 1.7299 4.6862 -1.6562 1.6873 22.8985 -1.4455 0.9898
Car 0.0000 0 1.6876 578.6747 168.6116 622.9706 205.6793 1.6273 1.6183 4.0016 -0.4100 1.4415 33.7484 1.6750 0.9883
Car 0.0000 0 -0.7383 1124.8855 135.3238 1242.0000 277.9757 1.4982 1.6367 4.0771 8.6400 1.1044 8.4733 0.0395 0.9838
Car 0.0000 0 -1.9892 0.0000 231.3456 130.1927 310.1245 1.4845 1.4733 3.0332 -12.9945 2.9773 17.0262 -2.6338 0.9775
Car 0.0000 0 1.6861 579.4269 168.9148 623.0340 205.9091 1.6251 1.5940 3.9883 -0.3921 1.4524 33.7591 1.6740 0.9766
Car 0.0000 0 -0.5421 908.7981 151.2817 1242.0000 243.9927 1.4014 1.5485 4.4157 7.3196 1.0757 11.6911 0.0058 0.9758
Car 0.0000 0 -0.5369 908.3635 151.7316 1242.0000 244.2838 1.3973 1.5701 4.4111 7.3179 1.0787 11.6989 0.0106 0.9735
Car 0.0000 0 -0.5432 908.5900 150.1893 1242.0000 243.6850 1.4122 1.5698 4.4285 7.3269 1.0702 11.6916 0.0052 0.9716
Car 0.0000 0 1.6969 579.7495 169.1318 623.8725 205.8274 1.6125 1.5785 3.9857 -0.3648 1.4493 33.7731 1.6857 0.9644
Car 0.0000 0 -0.7486 1123.8363 137.8468 1242.0000 277.3270 1.4732 1.6345 4.0844 8.6366 1.1038 8.4923 0.0280 0.9617
Car 0.0000 0 -0.5311 909.9957 150.9081 1235.4968 244.0527 1.4057 1.5971 4.2454 7.2744 1.0748 11.7127 0.0132 0.9601
Car 0.0000 0 1.6951 578.5248 168.8194 623.4815 205.3012 1.5995 1.6114 4.0770 -0.3998 1.4230 33.7479 1.6828 0.9594
Car 0.0000 0 -0.5372 908.6491 152.0526 1242.0000 244.3285 1.3956 1.5315 4.4380 7.3289 1.0813 11.6997 0.0110 0.9590
Car 0.0000 0 -0.5457 907.9853 151.1794 1241.2950 243.6808 1.4029 1.5531 4.4126 7.3159 1.0746 11.7191 0.0009 0.9552
Car 0.0000 0 -1.9924 0.0000 230.8781 130.1015 310.8124 1.5084 1.4629 3.1515 -13.0432 2.9925 17.0470 -2.6383 0.9539
Car 0.0000 0 -1.3484 510.0614 173.6022 599.7979 234.4347 1.7161 1.8433 4.6292 -1.6555 1.7427 22.8381 -1.4207 0.9517
Car 0.0000 0 -1.3529 510.9843 173.7378 599.0817 234.0554 1.6985 1.8014 4.6573 -1.6520 1.7298 22.8219 -1.4251 0.9467
Car 0.0000 0 -0.7528 1128.9525 138.2859 1242.0000 280.0530 1.4959 1.6431 3.9716 8.6384 1.1315 8.4810 0.0245 0.9463
Car 0.0000 0 -0.5153 910.8521 150.0260 1242.0000 245.0825 1.4280 1.5620 4.3986 7.3528 1.0854 11.6934 0.0346 0.9413
Car 0.0000 0 -0.5281 907.7719 151.2122 1242.0000 243.5702 1.3940 1.5457 4.4285 7.3139 1.0677 11.7026 0.0191 0.9371
Car 0.0000 0 1.6877 579.7277 168.6708 623.6542 205.4212 1.6111 1.5983 3.9970 -0.3694 1.4281 33.7002 1.6763 0.9225
Car 0.0000 0 -0.5112 923.3109 150.5643 1229.1841 245.3100 1.4190 1.5602 3.9007 7.2999 1.0855 11.6550 0.0368 0.9082
Car 0.0000 0 -1.3790 512.4062 174.2830 595.6602 232.4938 1.6453 1.7656 4.6871 -1.6973 1.6960 22.9424 -1.4528 0.9050
Car 0.0000 0 1.6982 579.1001 168.7684 623.7275 205.7614 1.6244 1.5942 4.0030 -0.3824 1.4453 33.7605 1.6864 0.9007
Car 0.0000 0 -0.7523 1123.9648 141.0064 1242.0000 278.8686 1.4579 1.6276 4.0317 8.6020 1.1215 8.4867 0.0226 0.8938
Car 0.0000 0 -0.7453 1124.3081 138.6605 1242.0000 278.9697 1.4782 1.6539 3.9160 8.5536 1.1183 8.4790 0.0272 0.8933
Car 0.0000 0 -0.7520 1127.0933 140.3592 1242.0000 279.3988 1.4707 1.6451 3.8831 8.5764 1.1273 8.4924 0.0210 0.8875
Car 0.0000 0 -0.5323 910.0286 151.4058 1242.0000 244.2622 1.3958 1.6117 4.4432 7.3684 1.0737 11.6901 0.0186 0.8783
Car 0.0000 0 -1.9791 0.0000 230.1129 130.5401 310.2339 1.5087 1.4992 3.2431 -13.1036 2.9824 17.1118 -2.6253 0.8775
Car 0.0000 0 -0.7371 1122.5350 138.7855 1242.0000 278.9043 1.4683 1.6719 3.9741 8.5621 1.1117 8.4665 0.0367 0.8580
Car 0.0000 0 1.6996 579.8923 169.2437 623.8671 205.7478 1.6016 1.5530 4.0391 -0.3608 1.4436 33.7511 1.6885 0.8526
Car 0.0000 0 -0.7281 1121.8160 130.3868 1242.0000 279.3514 1.5558 1.6463 4.2595 8.7019 1.1126 8.4691 0.0536 0.8474
Car 0.0000 0 -1.9815 0.0000 228.8083 130.9017 310.1045 1.5390 1.5059 3.2172 -13.0832 2.9775 17.0949 -2.6274 0.8427
Car 0.0000 0 -0.5282 910.9203 150.7213 1234.7875 243.5517 1.4017 1.5928 4.2230 7.2828 1.0679 11.7230 0.0163 0.8369
Car 0.0000 0 -0.5313 907.8060 150.8259 1242.0000 244.4187 1.4094 1.5969 4.4377 7.3274 1.0781 11.6986 0.0168 0.8294
Car 0.0000 0 -0.7334 1119.8956 134.6325 1242.0000 277.5933 1.5023 1.6092 4.3005 8.6927 1.1010 8.4840 0.0469 0.8275
Car 0.0000 0 -0.5285 905.1994 150.3614 1242.0000 245.2753 1.4274 1.5101 4.4946 7.2715 1.0895 11.6440 0.0182 0.8177
Car 0.0000 0 1.6889 579.9864 168.8550 623.4459 205.3149 1.6028 1.5782 3.9827 -0.3700 1.4273 33.7801 1.6775 0.7995
Car 0.0000 0 -0.5314 926.6405 149.1798 1228.8141 244.5384 1.4321 1.5284 3.8641 7.3231 1.0769 11.6341 0.0189 0.7966
Car 0.0000 0 -1.9946 0.0000 230.0157 130.5444 309.6878 1.5050 1.4679 3.2792 -13.1169 2.9744 17.1098 -2.6414 0.7874
Car 0.0000 0 -1.3653 510.3290 173.0175 597.7591 233.6315 1.7146 1.8228 4.7395 -1.6862 1.7207 22.8898 -1.4388 0.7798
Car 0.0000 0 -1.9698 0.0000 230.2420 129.4312 309.8781 1.4973 1.4617 3.2733 -13.1044 2.9743 17.1106 -2.6161 0.7750
Car 0.0000 0 1.6855 579.7208 169.3055 623.1940 205.2018 1.5764 1.5898 3.9839 -0.3816 1.4209 33.7471 1.6738 0.7686
Car 0.0000 0 -3.6153 919.2291 149.7482 1233.9349 245.9381 1.4344 1.5235 4.0364 7.2941 1.0902 11.6649 -3.0680 0.7540
Car 0.0000 0 -1.9676 0.0000 228.1341 130.9579 308.4211 1.5206 1.5002 3.1538 -13.0418 2.9415 17.0949 -2.6120 0.7480
Car 0.0000 0 1.7149 578.1806 169.0277 625.5194 205.5275 1.6031 1.6616 3.9904 -0.3595 1.4354 33.7760 1.7038 0.7421
Car 0.0000 0 -1.9863 0.0000 229.0682 128.9574 308.7697 1.5156 1.4797 2.9743 -13.0071 2.9495 17.0251 -2.6314 0.7332
Car 0.0000 0 -0.5248 923.3615 149.1346 1230.5397 244.5657 1.4340 1.5488 3.9397 7.3211 1.0780 11.6618 0.0243 0.7316
Car 0.0000 0 -1.9736 0.0000 229.7213 132.1069 310.0879 1.5159 1.4768 3.1207 -12.9625 2.9714 17.0392 -2.6167 0.7253
Car 0.0000 0 -1.3726 510.4318 173.4738 597.9507 233.9441 1.7131 1.8834 4.6185 -1.6852 1.7352 22.8959 -1.4459 0.7250
Car 0.0000 0 -1.9648 0.0000 226.9926 132.4286 307.7398 1.5202 1.5500 3.3308 -13.0952 2.9187 17.1198 -2.6106 0.7164
Car 0.0000 0 -1.9938 0.0000 231.2842 128.9156 307.7078 1.4402 1.5346 2.8298 -13.0022 2.9287 17.0192 -2.6389 0.7141
Car 0.0000 0 -1.9838 0.0000 230.0067 131.8675 309.7730 1.4921 1.4854 3.3713 -13.0835 2.9619 17.0768 -2.6303 0.7022
Car 0.0000 0 -3.6644 906.3447 148.8242 1229.6018 243.5468 1.4282 1.5489 4.2342 7.1853 1.0662 11.6868 -3.1245 0.6852
Car 0.0000 0 -1.9338 0.0000 229.0195 129.8908 308.2990 1.4772 1.5312 3.2169 -13.0452 2.9245 17.0802 -2.5788 0.6713
Car 0.0000 0 -1.3948 522.2200 176.7606 597.7521 231.6825 1.5609 1.6520 4.4625 -1.5385 1.6990 23.1400 -1.4612 0.6567
Car 0.0000 0 -1.9061 3.5505 228.8282 132.7298 307.5550 1.4697 1.5024 3.1749 -12.9404 2.9166 17.1308 -2.5459 0.6364
Car 0.0000 0 -1.9119 0.0000 227.4318 129.6554 306.6383 1.4815 1.5346 3.2337 -13.0638 2.8945 17.1394 -2.5560 0.6361
Car 0.0000 0 -1.9270 0.0000 227.6667 128.4744 306.7992 1.4859 1.5064 3.0814 -12.9961 2.8924 17.0420 -2.5713 0.6348
Car 0.0000 0 -1.9826 0.0000 226.2549 133.3575 306.6678 1.5229 1.5647 3.3328 -13.1283 2.9039 17.1530 -2.6286 0.6346
Car 0.0000 0 1.7286 577.5955 169.7792 624.6628 205.1691 1.5529 1.6117 3.8654 -0.3949 1.4183 33.6873 1.7165 0.6283
Car 0.0000 0 -2.0095 0.0000 227.0818 131.9965 308.8499 1.5611 1.4835 3.1523 -13.0082 2.9450 17.0129 -2.6550 0.6223
Car 0.0000 0 -1.3806 515.6985 176.2521 597.6570 232.5178 1.5855 1.7343 4.7651 -1.6244 1.7063 23.0966 -1.4508 0.5887
Car 0.0000 0 -0.7261 1121.2928 128.4883 1242.0000 272.9785 1.5119 1.6593 4.4108 8.8079 1.0481 8.5069 0.0596 0.5868
Car 0.0000 0 -1.9885 0.0000 222.3625 131.5869 305.0901 1.5909 1.5540 3.4120 -13.2148 2.8734 17.1788 -2.6370 0.5794
Car 0.0000 0 1.8235 623.7419 164.3679 656.0059 184.8052 1.7087 1.7548 4.4179 2.6158 0.9996 62.6930 1.8648 0.5682
Car 0.0000 0 -1.8715 0.0000 223.7804 130.0855 305.4664 1.5294 1.6311 3.3657 -13.1216 2.8606 17.2065 -2.5158 0.5638
Car 0.0000 0 1.6931 623.8997 164.0515 650.3433 184.5279 1.7168 1.7895 4.3097 2.3741 0.9791 62.7632 1.7305 0.5548
Car 0.0000 0 -0.7661 1128.6505 129.9441 1242.0000 273.6622 1.5131 1.6351 4.3593 8.8124 1.0617 8.4600 0.0224 0.5472
Car 0.0000 0 -1.9482 0.0000 226.7517 132.4059 306.7928 1.5139 1.5466 3.2354 -13.0801 2.9098 17.1751 -2.5919 0.5470
Car 0.0000 0 -1.9370 0.0000 225.7117 130.1654 306.4688 1.5183 1.5630 3.3565 -13.1408 2.8885 17.1452 -2.5837 0.5358
Car 0.0000 0 -1.9222 0.0000 225.9785 136.1866 307.4705 1.5272 1.5825 3.4775 -13.0688 2.9154 17.2342 -2.5639 0.5266
Car 0.0000 0 -1.8728 5.2495 227.6171 132.2999 307.5515 1.4801 1.5409 3.1612 -12.8599 2.8918 17.0395 -2.5120 0.5223
Car 0.0000 0 1.7316 690.3828 165.7348 734.9644 197.5048 1.5441 1.6315 4.2438 5.3309 1.1984 37.3333 1.8720 0.5222
Car 0.0000 0 1.7133 625.2031 163.9754 651.3552 184.7829 1.7455 1.6839 4.3005 2.4751 1.0010 62.7910 1.7522 0.5201
Car 0.0000 0 -1.9399 0.0000 223.7078 134.6391 306.2646 1.5617 1.6297 3.5166 -13.1923 2.8932 17.2635 -2.5852 0.5200
Car 0.0000 0 -1.9265 0.0000 225.0048 130.9093 306.7244 1.5299 1.5538 3.4048 -13.0727 2.8788 17.0837 -2.5724 0.5150
Car 0.0000 0 1.8413 624.3721 165.8375 656.8602 184.8918 1.5921 1.7290 4.3153 2.6752 1.0062 62.6065 1.8836 0.5090
Car 0.0000 0 1.8981 624.2744 165.3299 658.7256 185.2481 1.6645 1.6759 4.3653 2.7541 1.0361 62.6307 1.9416 0.4921
Car 0.0000 0 1.7311 580.2469 170.5982 625.8736 205.3604 1.5192 1.5275 3.8589 -0.3054 1.4210 33.5523 1.7215 0.4850
Car 0.0000 0 1.8917 624.2227 166.4972 658.5345 184.9717 1.5445 1.7071 4.3072 2.7430 1.0134 62.6343 1.9350 0.4798
Car 0.0000 0 1.8968 624.3014 166.8772 658.3790 184.9968 1.5143 1.6627 4.3152 2.7384 1.0151 62.6091 1.9400 0.4789
Car 0.0000 0 -1.9707 0.0000 221.0192 126.5368 305.1934 1.6147 1.5558 3.4489 -13.2856 2.8601 17.1189 -2.6234 0.4763
Car 0.0000 0 1.6644 690.8451 165.1164 729.7602 197.5623 1.5818 1.6190 4.2027 5.2131 1.2049 37.4035 1.8015 0.4631
Car 0.0000 0 1.6639 623.1102 164.0804 647.8352 184.7764 1.7382 1.7614 4.3274 2.2325 1.0017 62.8569 1.6990 0.4513
Car 0.0000 0 1.7872 624.1035 166.8472 652.9606 185.2164 1.5380 1.6445 4.1931 2.4921 1.0354 62.6443 1.8265 0.4480
Car 0.0000 0 1.7654 623.6514 165.6492 652.3932 185.0635 1.6247 1.7043 4.2657 2.4491 1.0221 62.6518 1.8040 0.4428
Car 0.0000 0 1.8606 624.3903 166.2081 657.4977 185.0080 1.5703 1.7152 4.2968 2.7024 1.0156 62.5772 1.9033 0.4370
Car 0.0000 0 1.7871 623.9489 166.3191 653.6436 185.2005 1.5810 1.7054 4.2651 2.5186 1.0342 62.6931 1.8268 0.4300
Car 0.0000 0 1.8877 624.3118 165.2260 658.9673 185.4093 1.6853 1.7313 4.3682 2.7650 1.0487 62.5938 1.9314 0.4234
Car 0.0000 0 1.8853 624.5671 163.0571 659.6541 184.9815 1.8310 1.7452 4.4839 2.8107 1.0132 62.6608 1.9297 0.4125
Car 0.0000 0 -2.0208 0.0000 223.4944 129.2774 307.4755 1.6081 1.4516 3.4191 -13.1115 2.8978 16.9479 -2.6719 0.4116
Car 0.0000 0 1.9465 624.3230 166.0027 660.4702 184.8860 1.5767 1.6840 4.2674 2.8265 1.0050 62.5361 1.9912 0.4068
Car 0.0000 0 1.7246 691.1029 165.3220 735.4795 197.7017 1.5752 1.6479 4.2640 5.3696 1.2091 37.3780 1.8659 0.3707
Car 0.0000 0 -1.8418 0.0000 220.7169 123.0104 302.7499 1.5349 1.6175 3.5521 -13.2877 2.7918 17.2218 -2.4917 0.3677
Car 0.0000 0 -0.5637 913.1011 148.0009 1232.6888 247.0359 1.4830 1.4464 4.2161 7.2143 1.1112 11.5617 -0.0174 0.3473
Car 0.0000 0 -1.0089 624.1027 167.7419 665.8156 185.7840 1.5049 1.6252 4.1816 3.0358 1.0788 62.3597 -0.9608 0.3296
Car 0.0000 0 -1.4192 531.7143 178.8920 597.9219 228.1993 1.4487 1.5880 3.9884 -1.4455 1.6652 23.7593 -1.4800 0.2840
Car 0.0000 0 1.7900 624.0143 167.3754 652.0502 185.5031 1.5138 1.5955 3.9916 2.4357 1.0567 62.3862 1.8286 0.2346
Car 0.0000 0 1.6624 690.1646 165.5312 730.4403 197.7995 1.5684 1.6782 4.4110 5.2178 1.2128 37.4054 1.7996 0.2286
Car 0.0000 0 1.9337 625.3640 166.5181 661.0676 184.9068 1.5332 1.6870 4.2603 2.8933 1.0053 62.4483 1.9795 0.2116
Pedestrian 0.0000 0 -3.3454 849.1733 160.4851 880.3882 238.7547 1.6715 0.5113 0.5440 5.4861 1.4077 15.6939 -3.0156 0.1855
Car 0.0000 0 1.4608 618.6478 163.6953 644.8089 185.0191 1.7914 1.8073 4.3097 1.8332 1.0224 62.8356 1.4896 0.1840
Car 0.0000 0 -1.4904 539.2802 179.6330 596.7117 227.2499 1.4499 1.6355 3.9337 -1.3949 1.6993 24.5188 -1.5473 0.1829
Car 0.0000 0 -1.4773 692.0274 166.4610 731.6679 197.7762 1.5223 1.6438 4.3133 5.2895 1.2119 37.3617 -1.3381 0.1821
Car 0.0000 0 -1.5365 692.1047 165.9415 725.9738 197.4828 1.5358 1.6017 4.1093 5.1261 1.1996 37.2900 -1.4014 0.1813
Pedestrian 0.0000 0 -3.3034 848.7206 161.8763 880.0646 239.1318 1.6500 0.4885 0.5678 5.4785 1.4159 15.6962 -2.9741 0.1792
Pedestrian 0.0000 0 -0.3815 849.8655 159.7775 883.7927 238.9804 1.6736 0.5380 0.5218 5.4708 1.3977 15.5253 -0.0493 0.1782
Car 0.0000 0 -0.9117 621.3906 167.2878 667.4827 185.4979 1.5195 1.6754 4.3424 2.9919 1.0554 62.3988 -0.8643 0.1731
Car 0.0000 0 1.9994 627.3964 165.8744 664.6967 184.9629 1.5917 1.6228 4.2078 3.1347 1.0101 62.4052 2.0491 0.1727
Car 0.0000 0 -2.1540 0.0000 220.1680 129.7306 306.0952 1.6815 1.5708 3.5438 -13.3302 2.8746 16.8741 -2.8152 0.1724
Pedestrian 0.0000 0 -0.3170 850.1290 161.1871 883.5813 239.3330 1.6527 0.5086 0.5430 5.4677 1.4063 15.5150 0.0152 0.1572
Car 0.0000 0 -1.2404 626.8886 164.2390 661.4806 185.3148 1.7587 1.6679 4.3787 2.9833 1.0402 62.5491 -1.1932 0.1560
Car 0.0000 0 -0.6895 618.0742 167.0197 668.2731 185.3804 1.5388 1.6994 4.2229 2.8685 1.0502 62.4152 -0.6440 0.1526
Car 0.0000 0 1.7345 624.2069 168.0446 649.9930 185.6954 1.4687 1.6376 3.6945 2.3365 1.0689 62.0093 1.7717 0.1425
Car 0.0000 0 1.9412 624.5885 167.6579 657.7513 185.3245 1.4668 1.5958 3.7563 2.6863 1.0358 61.9456 1.9840 0.1363
Car 0.0000 0 -0.7701 621.2260 167.6664 668.0423 185.4518 1.4850 1.6402 4.0264 2.9866 1.0522 62.1891 -0.7226 0.1342
Car 0.0000 0 -1.2751 627.4821 163.5957 661.0566 185.1768 1.8011 1.7133 4.3641 2.9907 1.0288 62.5571 -1.2278 0.1322
Pedestrian 0.0000 0 -0.5171 855.1940 157.6869 891.5588 236.1096 1.6784 0.5103 0.5652 5.6913 1.3541 15.7404 -0.1767 0.1308
Car 0.0000 0 1.4106 619.1548 166.0091 645.7715 184.9798 1.5878 1.6683 4.0825 1.8895 1.0153 62.5206 1.4405 0.1277
Pedestrian 0.0000 0 -1.4472 255.1016 180.6483 279.6172 238.3872 1.8167 0.6317 0.6930 -11.0772 2.0728 23.2429 -1.8879 0.1246
Car 0.0000 0 -1.3260 691.7786 166.8520 741.5996 197.9002 1.5022 1.5891 4.1224 5.5065 1.2121 37.1150 -1.1802 0.1097
Car 0.0000 0 1.7118 623.6668 168.3193 649.0099 185.9111 1.4453 1.6387 3.7866 2.2450 1.0731 61.2865 1.7479 0.1041
Car 0.0000 0 -1.4885 541.2536 179.3734 595.1605 225.6981 1.4341 1.5434 3.7418 -1.4097 1.6752 24.7559 -1.5455 0.1038
Car 0.0000 0 -1.6091 692.7336 168.2392 727.0180 198.9654 1.4847 1.5738 3.7525 5.0113 1.2620 36.8041 -1.4753 0.1034
Car 0.0000 0 -0.8191 617.4691 166.5005 667.4730 185.1624 1.5630 1.7361 4.4941 2.8295 1.0312 62.6203 -0.7744 0.1018
Car 0.0000 0 -1.5827 693.5763 166.3740 726.5251 198.0743 1.5432 1.5932 4.0244 5.0895 1.2281 37.2168 -1.4482 0.0959
Car 0.0000 0 -1.3828 526.8003 179.6806 598.1514 229.2914 1.4783 1.6544 4.0516 -1.5443 1.7275 24.1915 -1.4466 0.0950
Car 0.0000 0 -1.1991 625.5867 161.4134 664.5363 184.1584 1.8961 1.8220 4.6308 3.0691 0.9427 62.6335 -1.1506 0.0897
Car 0.0000 0 1.4219 615.5129 163.8765 642.6341 185.8105 1.8438 1.7445 4.2425 1.6028 1.0895 62.8628 1.4470 0.0818
Car 0.0000 0 -1.3897 690.1788 167.0293 736.3055 198.1171 1.5062 1.6272 4.2238 5.3441 1.2243 37.2154 -1.2486 0.0806
Car 0.0000 0 -0.9528 624.0306 167.2080 667.2392 185.4104 1.5175 1.6659 4.0887 3.0864 1.0471 62.2710 -0.9038 0.0788
Car 0.0000 0 -1.3423 690.0642 168.0814 737.5790 198.3040 1.4594 1.5737 3.8885 5.3283 1.2293 36.9374 -1.2005 0.0778
Cyclist 0.0000 0 1.8651 246.5475 194.3876 278.6397 247.5527 1.5796 0.4930 1.5219 -11.0384 2.2860 22.8645 1.4194 0.0767
Car 0.0000 0 -1.5486 541.3814 180.0608 595.3624 227.7202 1.4740 1.7186 4.2923 -1.4478 1.7472 25.1454 -1.6062 0.0762
Car 0.0000 0 -1.8998 735.0257 157.2997 792.6567 193.4355 1.6772 1.6738 3.6033 7.4382 0.9556 35.3782 -1.6945 0.0745
Car 0.0000 0 -2.2621 0.0000 226.5825 132.6487 309.3551 1.6397 1.3902 3.4174 -13.1271 2.9631 16.7110 -2.9204 0.0734
Car 0.0000 0 1.9140 624.1608 162.9316 660.1514 184.6194 1.8170 1.7663 4.3657 2.8196 0.9861 62.8037 1.9584 0.0734
Car 0.0000 0 1.3364 612.9759 163.8825 644.0476 184.9585 1.7696 1.7527 4.2790 1.5501 1.0167 62.8558 1.3607 0.0687
Pedestrian 0.0000 0 -1.8520 250.8130 183.9000 278.0519 241.0662 1.7676 0.6009 0.7423 -11.0490 2.1269 22.9685 -2.2963 0.0672
Car 0.0000 0 1.2654 609.6453 163.4551 643.4128 185.9537 1.8916 1.7539 4.2055 1.3787 1.1017 62.9264 1.2869 0.0671
Car 0.0000 0 1.4795 620.1473 164.0252 645.1993 185.6237 1.8122 1.7809 4.3481 1.9140 1.0718 62.7612 1.5096 0.0654
Car 0.0000 0 1.4364 620.3629 167.2467 644.8372 185.2502 1.5025 1.5953 3.8978 1.8961 1.0349 62.2335 1.4665 0.0646
Cyclist 0.0000 0 1.5375 259.7188 192.1673 278.7022 247.3562 1.6323 0.4909 1.5847 -10.7895 2.2630 22.7275 1.0983 0.0639
Car 0.0000 0 1.4904 620.9773 164.9908 644.7960 185.4060 1.7119 1.7231 4.2673 1.9321 1.0529 62.6750 1.5208 0.0618
Car 0.0000 0 2.8944 618.4493 167.3393 669.2523 185.9948 1.5739 1.6589 4.0842 2.8769 1.1090 62.0906 2.9402 0.0599
Car 0.0000 0 -1.5032 540.2036 178.5803 596.4175 226.2181 1.5040 1.6845 4.5549 -1.4360 1.7258 25.6144 -1.5593 0.0594
Car 0.0000 0 -1.6208 693.2687 170.1734 726.6006 199.5251 1.4023 1.4819 3.2007 4.9280 1.2746 36.1268 -1.4868 0.0591
Car 0.0000 0 1.5153 620.7480 164.9149 643.6674 185.0898 1.6986 1.7581 4.2011 1.8807 1.0305 62.8692 1.5448 0.0574
Car 0.0000 0 1.4023 613.8932 162.7459 642.5726 185.5425 1.9104 1.7714 4.4123 1.5240 1.0637 62.7750 1.4262 0.0538
Car 0.0000 0 -2.6741 578.5981 167.2079 634.4572 188.6607 1.6629 1.7148 4.1306 -0.3079 1.2256 57.6164 -2.6797 0.0508
Pedestrian 0.0000 0 0.8335 247.8210 184.0080 281.3713 241.3306 1.7793 0.5909 0.7840 -11.0450 2.1415 22.9803 0.3896 0.0483
Car 0.0000 0 -2.7683 579.2924 166.8304 635.4638 188.8019 1.7062 1.7261 4.1385 -0.2316 1.2388 57.5807 -2.7726 0.0481
Car 0.0000 0 1.4272 615.3010 163.1937 642.5814 186.5994 1.9625 1.7576 4.3662 1.5872 1.1528 62.7667 1.4521 0.0476
Car 0.0000 0 -1.8811 736.4633 154.9140 795.0120 193.1602 1.7645 1.7164 3.7451 7.4958 0.9372 35.2368 -1.6735 0.0471
Pedestrian 0.0000 0 2.6577 407.5612 188.3746 435.8521 254.9956 1.5657 0.4651 0.5039 -4.6052 1.9490 17.4556 2.4027 0.0468
Pedestrian 0.0000 0 -0.8023 858.8105 157.3433 898.0371 236.9203 1.6697 0.5407 0.5781 5.7162 1.3446 15.5065 -0.4558 0.0465
Car 0.0000 0 -1.9701 732.2846 158.0780 795.3831 193.6746 1.6567 1.6806 3.8101 7.4800 0.9694 35.6100 -1.7650 0.0461
Car 0.0000 0 -2.7757 579.6328 167.6589 633.9496 189.0943 1.6599 1.6877 3.9781 -0.2766 1.2580 57.3625 -2.7808 0.0459
Cyclist 0.0000 0 1.8629 0.0000 217.3448 27.2919 299.3213 1.7724 0.4744 1.6888 -14.7033 2.9002 17.4119 1.1691 0.0457
Cyclist 0.0000 0 1.8423 247.4668 187.8837 279.4782 241.9590 1.6252 0.5010 1.6160 -11.0691 2.1220 22.9886 1.3977 0.0438
Car 0.0000 0 -1.8451 735.2337 156.2250 789.2750 192.9494 1.7068 1.6421 3.6880 7.3719 0.9343 35.4300 -1.6419 0.0417
Pedestrian 0.0000 0 1.0425 244.4268 189.4661 278.8279 246.5862 1.7387 0.6497 0.8271 -11.0319 2.2745 22.7529 0.5952 0.0413
Cyclist 0.0000 0 1.8377 251.6029 186.6108 285.9890 243.0574 1.6869 0.5647 1.6531 -10.8288 2.1393 22.8432 1.3991 0.0387
Pedestrian 0.0000 0 2.9246 409.5649 189.1343 434.3797 254.7628 1.5458 0.4584 0.4942 -4.6028 1.9474 17.4651 2.6699 0.0357
Car 0.0000 0 1.4391 536.2117 176.8958 598.1584 222.3101 1.4931 1.6913 4.2969 -1.6936 1.6541 26.3964 1.3751 0.0349
Car 0.0000 0 -1.8531 738.2214 153.4526 799.2032 193.1564 1.8271 1.8482 4.0083 7.6377 0.9346 35.2653 -1.6418 0.0343
Car 0.0000 0 1.3604 614.8191 164.4498 644.0619 185.8012 1.7858 1.6762 4.2570 1.6256 1.0832 62.5917 1.3860 0.0334
Car 0.0000 0 1.1653 935.9270 145.4881 1159.1588 254.0711 1.4884 1.6034 4.0333 6.8892 1.1136 11.9777 1.6764 0.0327
Car 0.0000 0 -2.7282 575.2685 164.8366 636.0848 187.4241 1.7515 1.7862 4.5236 -0.3733 1.1302 57.6619 -2.7349 0.0326
Car 0.0000 0 -1.8139 737.6703 154.0514 791.2665 193.0181 1.7902 1.6520 3.8551 7.4069 0.9268 35.1038 -1.6079 0.0323
Car 0.0000 0 -1.5015 537.7983 178.2073 596.0275 225.9567 1.5164 1.7521 4.6907 -1.4904 1.7256 25.7948 -1.5593 0.0317
Car 0.0000 0 -1.9127 735.8928 150.2370 804.2980 194.8740 2.0099 1.8234 4.4132 7.5835 0.9919 34.7917 -1.7001 0.0314
Pedestrian 0.0000 0 -2.2792 503.7258 170.0848 527.0951 215.8282 1.7669 0.6677 0.6188 -3.7552 1.6603 28.3228 -2.4103 0.0303
Car 0.0000 0 -2.8999 0.0000 0.0000 1242.0000 375.0000 1.5662 1.5459 3.6867 2.8179 1.4551 -0.2799 -1.3322 0.0296
Pedestrian 0.0000 0 -0.3459 259.2338 182.5575 285.7543 241.3940 1.8280 0.6367 0.5852 -10.8008 2.1433 22.9890 -0.7811 0.0285
Car 0.0000 0 -1.9175 737.9550 149.7850 805.5947 195.5160 2.0511 1.7695 4.3615 7.6320 1.0168 34.6374 -1.7027 0.0279
Car 0.0000 0 1.2704 613.1448 166.2208 643.9573 185.1992 1.5829 1.5854 3.8411 1.5436 1.0300 62.2408 1.2948 0.0274
Car 0.0000 0 -2.8097 580.1919 166.2539 636.3919 188.6744 1.7433 1.7674 4.1372 -0.1545 1.2304 57.6037 -2.8127 0.0269
Car 0.0000 0 0.4652 581.6024 167.3554 637.0976 188.3803 1.6328 1.6965 4.1145 -0.0828 1.2061 57.7098 0.4635 0.0256
Pedestrian 0.0000 0 1.1327 243.4521 180.2061 272.9634 240.5325 1.8788 0.6400 0.6313 -11.2721 2.1183 23.0250 0.6816 0.0255
Car 0.0000 0 -1.9240 736.2938 157.2914 799.2874 193.5240 1.6738 1.7465 3.9409 7.6249 0.9552 35.4035 -1.7138 0.0251
Car 0.0000 0 -2.8363 580.4518 167.2267 636.0410 188.9359 1.6836 1.7065 4.0978 -0.1564 1.2475 57.3781 -2.8394 0.0250
Car 0.0000 0 -1.9086 738.8531 148.5610 805.6520 195.4366 2.0951 1.7653 4.3079 7.6242 1.0097 34.4926 -1.6932 0.0245
Pedestrian 0.0000 0 -0.3786 260.2158 182.1537 286.9349 241.5608 1.8469 0.6665 0.5667 -10.7715 2.1493 23.0001 -0.8126 0.0242
Car 0.0000 0 -2.6437 579.2411 166.2464 636.7579 188.7246 1.7475 1.7527 4.2983 -0.1949 1.2342 57.8825 -2.6474 0.0240
Car 0.0000 0 -1.5968 544.6831 177.4310 595.5422 223.6845 1.4863 1.6695 4.4519 -1.5438 1.6656 25.9244 -1.6564 0.0239
Car 0.0000 0 1.0065 587.4669 166.8287 631.7462 188.7728 1.6875 1.6316 4.0246 -0.0948 1.2245 57.6183 1.0046 0.0237
Car 0.0000 0 -2.6123 579.8750 167.1890 636.4663 188.6048 1.6647 1.7219 4.2525 -0.1839 1.2247 57.8963 -2.6158 0.0231
Car 0.0000 0 1.5531 869.9264 163.2935 939.9534 224.5233 1.4903 1.6033 4.1068 7.9532 1.2579 19.7630 1.9301 0.0225
Pedestrian 0.0000 0 1.1676 164.5067 194.2015 202.6386 270.4709 2.0087 0.6810 0.6978 -11.7208 2.6078 19.7515 0.6375 0.0222
Pedestrian 0.0000 0 -1.6758 245.4148 180.1378 270.3785 239.5172 1.8529 0.6588 0.5979 -11.2943 2.0902 23.0452 -2.1273 0.0220
Car 0.0000 0 1.6202 862.7682 164.2050 934.9283 225.8969 1.4835 1.6328 4.2914 7.8960 1.2758 19.6389 1.9969 0.0211
Car 0.0000 0 -2.8354 580.4359 166.6692 635.7900 188.7102 1.7081 1.7339 4.0667 -0.1663 1.2291 57.3472 -2.8386 0.0208
Car 0.0000 0 -1.8828 739.9097 149.4760 804.0831 195.3947 2.0542 1.7592 4.2169 7.6090 1.0087 34.4596 -1.6676 0.0207
Pedestrian 0.0000 0 0.5695 242.0453 189.6555 279.4519 246.8058 1.7537 0.6557 0.8401 -11.0449 2.2923 22.7353 0.1214 0.0205
Car 0.0000 0 1.5955 867.8743 158.3557 939.5988 223.2343 1.5799 1.6475 4.3208 8.0709 1.2272 19.8782 1.9756 0.0204
Car 0.0000 0 -3.0907 624.3831 166.5639 670.8776 184.8015 1.5300 1.6731 3.8831 3.2089 1.0027 61.5608 -3.0391 0.0203
Car 0.0000 0 -1.9130 740.0087 149.9449 807.2936 195.2831 2.0213 1.7805 4.2562 7.6678 1.0003 34.3872 -1.6957 0.0201
Car 0.0000 0 1.1232 606.3164 164.4332 645.4963 184.6320 1.6958 1.7176 4.2965 1.3215 0.9892 62.8859 1.1439 0.0201
Car 0.0000 0 -1.8765 732.5900 158.3894 788.6147 193.4860 1.6473 1.6793 3.6602 7.3616 0.9687 35.7712 -1.6754 0.0189
Car 0.0000 0 -2.6171 579.6147 165.6598 637.4719 188.5387 1.7762 1.7765 4.3315 -0.1537 1.2180 57.8614 -2.6200 0.0189
Car 0.0000 0 -2.0767 716.4035 161.0041 760.5334 186.5855 2.0243 1.7758 4.1516 10.4922 1.0870 59.3462 -1.9028 0.0182
Car 0.0000 0 0.4203 582.2985 167.8839 635.9627 188.3042 1.5803 1.6526 3.9368 -0.0956 1.1960 57.3910 0.4183 0.0182
Pedestrian 0.0000 0 0.6141 572.8304 156.1184 588.1524 188.0051 1.8697 0.6636 0.6426 -1.7814 0.8887 42.7577 0.5725 0.0181
Cyclist 0.0000 0 2.0124 235.6976 191.3331 275.9576 247.2513 1.6287 0.4418 1.6845 -11.0271 2.2249 22.4163 1.5595 0.0181
Pedestrian 0.0000 0 -1.6843 105.1599 182.8702 126.2172 237.5271 1.7079 0.4923 0.6045 -15.8577 2.0341 23.0763 -2.2812 0.0177
Car 0.0000 0 1.2323 742.5922 151.3266 805.7707 194.2592 1.9116 1.7050 3.8822 7.6533 0.9535 34.1540 1.4506 0.0176
Car 0.0000 0 -1.9070 717.7446 158.1919 756.8707 185.1794 2.1191 1.8061 4.3414 10.3221 0.9681 58.9410 -1.7347 0.0175
Pedestrian 0.0000 0 0.7257 503.3239 168.5716 526.8250 214.7620 1.7822 0.6666 0.6302 -3.7631 1.6173 28.2893 0.5941 0.0175
Car 0.0000 0 -1.8619 742.3847 150.6482 802.6918 194.2018 1.9473 1.7371 3.8663 7.5994 0.9548 34.2507 -1.6457 0.0171
Car 0.0000 0 -1.8942 740.7846 152.0942 799.4704 193.7436 1.8810 1.6436 3.6617 7.5465 0.9438 34.4934 -1.6809 0.0171
Pedestrian 0.0000 0 -1.6477 167.4123 193.8605 198.9164 270.7644 2.0257 0.6915 0.7277 -11.7471 2.6162 19.7705 -2.1783 0.0170
Car 0.0000 0 -1.9041 737.8697 150.4142 803.7804 195.0355 2.0152 1.8077 4.1907 7.6222 1.0021 34.7714 -1.6904 0.0168
Car 0.0000 0 0.9468 585.5985 166.0341 633.0439 189.2450 1.7908 1.7011 4.1391 -0.1177 1.2650 57.8411 0.9445 0.0166
Cyclist 0.0000 0 -1.4965 739.1849 156.0703 751.4006 192.7220 1.7709 0.4735 1.7248 6.6730 0.9603 35.7531 -1.3137 0.0165
Car 0.0000 0 1.2747 608.2364 162.6540 642.0173 187.1457 2.0498 1.7142 4.4204 1.2497 1.1965 62.7443 1.2942 0.0164
Car 0.0000 0 -1.9057 952.9951 155.7341 1135.5543 248.5978 1.3793 1.5334 3.6967 7.3279 1.1254 12.6699 -1.3916 0.0162
Car 0.0000 0 -1.8831 538.1510 154.8797 583.8651 185.9767 1.7891 1.6239 3.9244 -3.0441 0.7553 43.6322 -1.9525 0.0161
Car 0.0000 0 1.5470 0.0000 0.0000 1242.0000 375.0000 1.3814 1.4106 3.8891 -6.1798 1.8537 -0.1039 0.0064 0.0160
Car 0.0000 0 -2.9219 614.7366 167.3046 664.1727 185.6142 1.5267 1.6284 3.9482 2.4962 1.0644 61.4563 -2.8817 0.0157
Pedestrian 0.0000 0 -2.2827 572.9547 155.8694 587.6774 187.5229 1.8554 0.6152 0.6204 -1.7918 0.8602 42.7271 -2.3247 0.0156
Pedestrian 0.0000 0 2.9460 174.0908 193.0699 207.2642 269.0037 2.0008 0.7315 0.6581 -11.5358 2.5687 19.7627 2.4230 0.0156
Car 0.0000 0 -2.9459 604.0902 166.5598 650.4452 185.1292 1.5575 1.5220 3.7370 1.4645 1.0300 61.6666 -2.9225 0.0154
Cyclist 0.0000 0 -1.7861 689.9036 166.6847 706.1545 199.8477 1.5933 0.4472 1.6474 4.2849 1.2973 35.5052 -1.6674 0.0154
Car 0.0000 0 1.2142 608.1193 163.4417 643.7115 185.5459 1.8631 1.7580 4.1732 1.3286 1.0701 63.0747 1.2349 0.0152
Car 0.0000 0 1.3355 685.4271 165.4802 725.4733 192.2479 1.5778 1.5652 3.9363 5.8115 1.1435 44.5678 1.4640 0.0151
Car 0.0000 0 1.5903 869.6843 159.6257 939.4191 222.3931 1.5612 1.6341 3.9371 8.1589 1.2326 20.0758 1.9708 0.0151
Cyclist 0.0000 0 1.5784 576.2778 159.6974 584.0244 188.2386 1.6614 0.4492 1.6412 -1.8010 0.8959 42.8266 1.5363 0.0149
Pedestrian 0.0000 0 -1.0457 508.3132 167.9621 526.7621 203.4400 1.6293 0.7021 0.4830 -4.3306 1.4050 33.4928 -1.1737 0.0148
Car 0.0000 0 -1.9424 535.9860 155.3282 584.5393 185.9779 1.7580 1.6158 3.8741 -3.0779 0.7531 43.4787 -2.0129 0.0146
Car 0.0000 0 -1.9051 536.4038 155.1541 584.1877 186.4409 1.7993 1.6399 4.0506 -3.0930 0.7817 43.6762 -1.9756 0.0141
Car 0.0000 0 -1.8900 743.4335 149.3599 807.0787 193.8670 1.9773 1.7652 3.9404 7.6892 0.9339 34.1005 -1.6703 0.0139
Car 0.0000 0 -2.3192 583.3394 166.0851 634.4786 189.2014 1.7929 1.8073 4.0980 -0.1434 1.2682 58.0736 -2.3220 0.0139
Car 0.0000 0 1.2010 724.4196 160.6606 769.3405 189.5393 1.9217 1.8366 3.6958 9.4046 1.1107 49.9964 1.3856 0.0136
Car 0.0000 0 1.5521 872.9961 160.3105 941.7608 222.4601 1.5626 1.6242 3.9203 8.2264 1.2476 20.2596 1.9323 0.0136
Pedestrian 0.0000 0 -1.1260 508.4077 167.6966 527.0831 203.2964 1.6347 0.7111 0.5067 -4.3190 1.3983 33.4815 -1.2537 0.0135
Car 0.0000 0 0.9782 588.7826 166.0292 633.1428 188.0911 1.7008 1.6362 3.9137 0.0165 1.1750 57.7024 0.9782 0.0135
Cyclist 0.0000 0 -1.0073 115.3592 185.7182 158.4005 236.5789 1.5771 0.3887 1.5783 -15.4743 2.0118 23.5633 -1.5834 0.0134
Cyclist 0.0000 0 -1.4576 155.0147 184.4118 176.7906 239.8460 1.6840 0.4001 1.6955 -14.2675 2.0684 23.1247 -2.0055 0.0134
Car 0.0000 0 -2.6828 609.6841 168.2439 653.7903 185.8194 1.4656 1.5349 3.4430 1.8312 1.0815 61.6493 -2.6535 0.0133
Car 0.0000 0 1.3740 198.4852 180.5258 281.0572 231.9603 1.5178 1.6664 4.1961 -12.4753 1.7974 24.0967 0.9005 0.0133
Car 0.0000 0 -3.5631 0.0000 0.0000 1242.0000 375.0000 1.5157 1.6279 4.0521 2.0516 1.4523 1.1313 -2.6008 0.0129
Car 0.0000 0 -2.9342 580.7812 167.8750 634.6765 189.3522 1.6644 1.6257 4.0187 -0.1902 1.2789 57.1160 -2.9378 0.0129
Car 0.0000 0 -2.2280 725.9197 155.6508 782.2079 185.0229 1.9267 1.6713 4.0197 9.7983 0.7986 49.4983 -2.0339 0.0129
Car 0.0000 0 -1.9359 740.9873 154.7961 798.5816 193.0294 2.0628 1.8109 4.1956 8.9982 1.0889 41.1362 -1.7223 0.0128
Cyclist 0.0000 0 -1.8228 847.4321 164.3164 885.6649 240.4551 1.5733 0.3956 1.5439 5.5095 1.3973 15.6924 -1.4917 0.0128
Pedestrian 0.0000 0 2.9904 412.0876 186.2529 437.9784 252.8087 1.5956 0.4882 0.5501 -4.6050 1.9320 17.7614 2.7396 0.0127
Cyclist 0.0000 0 1.4683 575.4295 158.3845 585.3208 186.7203 1.6594 0.4066 1.8012 -1.8121 0.8124 43.1732 1.4264 0.0123
Car 0.0000 0 -1.6937 548.9605 155.4858 583.2144 187.2884 1.8329 1.6094 3.7531 -2.7256 0.8323 43.5746 -1.7561 0.0123
Car 0.0000 0 -1.6911 549.6481 155.6367 583.4041 186.8811 1.8018 1.5923 3.7276 -2.6989 0.8093 43.5837 -1.7528 0.0123
Car 0.0000 0 -1.9134 716.1523 156.5289 751.5751 180.7677 2.1033 1.7832 4.3200 11.0714 0.6871 64.8907 -1.7453 0.0122
Car 0.0000 0 0.2471 579.1545 168.6352 636.1656 187.9837 1.4956 1.7234 4.2205 -0.1972 1.1699 57.1164 0.2434 0.0120
Car 0.0000 0 0.9027 894.1469 164.6347 1103.1683 243.2584 1.3173 1.5454 3.7579 7.2905 1.1800 14.0812 1.3716 0.0120
Car 0.0000 0 -1.7431 547.1376 155.7927 583.7834 186.8441 1.7906 1.5895 3.7140 -2.7656 0.8071 43.5957 -1.8063 0.0119
Car 0.0000 0 1.4465 204.4385 181.0353 278.0133 233.2841 1.5416 1.6868 4.2377 -12.4853 1.8417 24.2100 0.9745 0.0119
Cyclist 0.0000 0 3.3285 149.1446 189.6237 226.5972 267.5859 2.0468 0.6329 1.7450 -11.5906 2.5207 19.7812 2.8039 0.0119
Car 0.0000 0 1.3905 200.8026 180.9064 280.6015 232.0297 1.5105 1.6641 4.1292 -12.4636 1.8043 24.1379 0.9180 0.0116
Pedestrian 0.0000 0 2.8363 410.2260 185.4018 438.8417 253.2731 1.6236 0.4945 0.5590 -4.6127 1.9388 17.7471 2.5849 0.0116
Pedestrian 0.0000 0 -1.6000 174.6690 191.6236 207.6806 268.6988 2.0365 0.7658 0.7224 -11.5554 2.5657 19.8181 -2.1225 0.0115
Pedestrian 0.0000 0 -0.1087 578.5253 155.2437 591.5504 187.3482 1.8852 0.6514 0.7037 -1.5149 0.8515 42.7403 -0.1442 0.0115
Car 0.0000 0 -1.5736 542.7520 176.5063 597.1018 224.8548 1.5552 1.7780 4.8846 -1.5039 1.7002 26.0749 -1.6313 0.0114
Car 0.0000 0 1.1632 710.8092 165.5996 751.8788 189.3298 1.9205 1.8610 4.2595 10.1304 1.3337 60.6821 1.3276 0.0114
Car 0.0000 0 1.2697 742.7815 150.7117 802.8682 193.5556 1.8968 1.6763 3.8303 7.5397 0.9169 33.9210 1.4863 0.0114
Car 0.0000 0 -0.1835 0.0000 0.0000 1242.0000 375.0000 1.5604 1.6079 3.8463 -2.5980 1.6837 0.2540 -1.5491 0.0114
Car 0.0000 0 -2.3764 0.0000 219.4181 131.0771 304.5072 1.7109 1.6276 3.9261 -13.4990 2.8444 16.5698 -3.0523 0.0111
Car 0.0000 0 -2.7364 606.1199 167.5539 651.3239 185.1376 1.4706 1.4953 3.5678 1.5786 1.0277 61.7651 -2.7113 0.0110
Car 0.0000 0 -0.8460 145.0878 0.0000 1242.0000 375.0000 1.5856 1.6200 4.1376 -1.3958 1.7141 1.2854 -1.5766 0.0110
Car 0.0000 0 0.9040 586.9108 165.7787 635.6221 188.9623 1.7910 1.6979 4.1556 0.0397 1.2448 57.8976 0.9043 0.0109
Car 0.0000 0 -0.3851 114.0922 0.0000 1242.0000 375.0000 1.5943 1.6552 4.0873 -2.1839 1.7816 1.3340 -1.3199 0.0109
Cyclist 0.0000 0 -1.0117 102.6539 185.5670 145.0000 237.2548 1.5972 0.3622 1.5672 -15.8384 2.0250 23.4700 -1.6003 0.0107
Car 0.0000 0 -0.1885 0.0000 0.0000 1242.0000 375.0000 1.5866 1.6246 4.0716 -2.6011 1.7250 1.0037 -1.3002 0.0107
Cyclist 0.0000 0 0.7088 231.8151 187.0910 287.6633 241.2446 1.6782 0.5556 1.6440 -11.2531 2.1437 23.0890 0.2595 0.0106
Car 0.0000 0 -1.8533 717.0308 158.7095 750.8715 183.0806 2.1194 1.8638 4.3239 11.0987 0.8897 65.0001 -1.6851 0.0105
Car 0.0000 0 -1.9675 740.8064 152.8672 802.0013 193.2317 2.1419 1.7716 4.4266 8.9668 1.0817 40.6215 -1.7520 0.0104
Car 0.0000 0 -1.9810 739.5065 152.8443 800.4644 192.9993 2.1458 1.7756 4.3228 8.9405 1.0769 40.8472 -1.7674 0.0103
Car 0.0000 0 -2.4209 516.8760 156.8633 585.6481 186.8522 1.7098 1.6278 4.0022 -3.5584 0.7985 42.9811 -2.5032 0.0102
Car 0.0000 0 -1.7468 718.9583 156.3884 750.5007 183.3457 2.1122 1.7873 4.3286 10.0770 0.8224 58.7024 -1.5778 0.0102
Car 0.0000 0 1.1636 709.3728 164.9985 748.6633 189.4468 1.9794 1.7464 4.1552 9.9317 1.3438 60.6435 1.3248 0.0101
Pedestrian 0.0000 0 -0.9588 805.8371 156.9536 834.5213 216.1037 1.8544 0.6011 0.6783 6.6733 1.3563 23.0651 -0.6811 0.0099
Cyclist 0.0000 0 -1.5427 252.4409 186.7863 267.7782 240.1799 1.6417 0.4009 1.5295 -11.3713 2.1085 23.3700 -1.9915 0.0099
Car 0.0000 0 -0.6988 71.1496 0.0000 1242.0000 375.0000 1.5908 1.6134 4.0502 -1.7759 1.7447 1.2800 -1.5500 0.0099
Pedestrian 0.0000 0 -1.8144 484.9155 174.6888 509.4814 228.6332 1.7905 0.7088 0.5443 -3.8559 1.8538 24.3618 -1.9703 0.0099
Car 0.0000 0 -1.8530 728.1930 154.3586 769.4100 185.5973 2.0554 1.7293 3.9699 9.4447 0.8388 49.5293 -1.6659 0.0099
Pedestrian 0.0000 0 -1.3378 707.4286 171.5496 731.0481 217.0072 1.7280 0.7553 0.7390 4.1861 1.6787 27.9078 -1.1911 0.0099
Pedestrian 0.0000 0 -1.5593 710.9238 170.2023 729.8254 216.3202 1.7333 0.7036 0.6578 4.1651 1.6340 27.4960 -1.4112 0.0098
Car 0.0000 0 -2.1005 715.5592 158.8432 758.3177 183.5900 2.1462 1.7969 4.4186 11.3560 0.9314 64.9565 -1.9284 0.0098
Car 0.0000 0 -1.8293 740.4982 155.7177 790.8086 192.6456 1.9942 1.8050 4.0487 8.7478 1.0691 41.0288 -1.6210 0.0098
Pedestrian 0.0000 0 -1.5051 565.4658 163.1875 578.5211 194.8451 1.8195 0.7138 0.6722 -2.2336 1.2643 41.8068 -1.5585 0.0097
Pedestrian 0.0000 0 -1.0075 806.5358 157.5804 834.1132 217.2266 1.8690 0.5747 0.6768 6.6731 1.3908 23.0463 -0.7296 0.0096
Pedestrian 0.0000 0 -2.2895 794.3591 156.6244 822.7434 217.6068 1.9059 0.5730 0.6672 6.2734 1.3991 22.9737 -2.0267 0.0095
Car 0.0000 0 0.9539 587.6467 165.8146 636.0204 188.9607 1.7882 1.7270 4.2763 0.0811 1.2447 57.9858 0.9550 0.0095
Car 0.0000 0 -2.5216 509.8010 157.0477 584.2098 187.2460 1.7226 1.6789 4.2215 -3.8015 0.8213 42.9491 -2.6095 0.0094
Car 0.0000 0 -1.5334 553.1220 156.5937 581.0649 186.4156 1.7325 1.5609 3.4868 -2.5965 0.7882 43.6759 -1.5926 0.0093
Cyclist 0.0000 0 -1.5950 423.9383 185.7356 440.3758 246.2520 1.5917 0.4045 1.7486 -5.0493 1.9697 20.2538 -1.8369 0.0093
Car 0.0000 0 -1.7535 744.2454 152.4243 791.6179 193.2584 2.1538 1.7452 4.7083 8.7373 1.0766 40.4321 -1.5424 0.0092
Car 0.0000 0 -2.3651 512.5528 155.9323 583.7592 186.1986 1.7318 1.6688 4.3249 -3.7813 0.7639 43.3032 -2.4519 0.0092
Car 0.0000 0 1.4221 891.2512 148.6085 945.9653 185.2506 1.5084 1.6160 4.0214 13.5007 0.5107 31.8472 1.8198 0.0092
Car 0.0000 0 1.7498 0.0000 0.0000 1242.0000 375.0000 1.5437 1.6514 4.0651 1.5570 1.5632 0.0562 3.1001 0.0091
Car 0.0000 0 1.5179 217.9143 179.1254 280.3577 230.6208 1.5377 1.6665 4.0049 -12.2174 1.7673 24.2205 1.0548 0.0091
Car 0.0000 0 -2.2815 726.3329 154.9503 783.0446 184.3896 1.9396 1.6894 3.8916 9.8760 0.7604 49.6445 -2.0865 0.0090
Car 0.0000 0 2.0376 276.5659 193.5949 396.8379 255.8586 1.5154 1.5936 4.0990 -7.8782 2.1835 21.1008 1.6838 0.0090
Cyclist 0.0000 0 2.6798 112.8149 203.7299 202.4053 283.3128 1.9045 0.5289 1.9677 -11.9174 2.7596 18.9970 2.1255 0.0090
Car 0.0000 0 0.7747 85.5906 203.2026 277.7864 278.7275 1.5425 1.5896 3.9002 -10.0891 2.3093 16.9770 0.2449 0.0090
Cyclist 0.0000 0 -1.8329 848.5620 160.9435 889.4940 238.8272 1.5810 0.3961 1.6490 5.4844 1.3396 15.4808 -1.4989 0.0089
Car 0.0000 0 -1.8799 740.8530 155.6373 794.5798 191.4851 1.9566 1.8545 4.0631 8.9637 1.0173 41.4923 -1.6688 0.0089
Car 0.0000 0 1.6246 722.5358 152.9172 748.2724 179.7844 1.9179 1.6835 3.8558 9.3142 0.4951 53.5708 1.7957 0.0089
Car 0.0000 0 -2.0167 532.7200 156.0990 585.1196 186.7201 1.7512 1.6397 3.8349 -3.1470 0.7933 43.3329 -2.0890 0.0088
Pedestrian 0.0000 0 -1.6642 565.8822 163.0897 579.0586 194.7238 1.8164 0.7022 0.6697 -2.2117 1.2561 41.8095 -1.7171 0.0087
Cyclist 0.0000 0 0.5821 162.9629 193.1925 255.1180 267.8048 1.6292 0.6130 1.7830 -9.1132 2.1006 16.3339 0.0797 0.0087
Pedestrian 0.0000 0 -1.9098 483.6195 174.4321 510.6143 228.7784 1.8000 0.7526 0.5716 -3.8563 1.8545 24.3502 -2.0658 0.0086
Car 0.0000 0 1.1819 713.5453 165.5837 752.8860 189.2707 1.9009 1.8033 4.0937 10.1911 1.3178 60.0976 1.3487 0.0084
Car 0.0000 0 -1.8488 541.1400 158.4387 583.3002 187.7563 1.6763 1.5644 3.6829 -2.9405 0.8524 43.2509 -1.9165 0.0083
Car 0.0000 0 -1.7644 739.2004 158.6696 778.0452 188.9735 1.7069 1.5804 3.4898 8.6506 0.9083 42.3881 -1.5647 0.0082
Car 0.0000 0 -1.7222 547.1267 156.2439 583.2699 187.5830 1.8032 1.6414 3.5979 -2.7708 0.8479 43.4466 -1.7857 0.0080
Cyclist 0.0000 0 -1.4822 194.0557 195.7245 237.3553 275.7726 1.6584 0.6979 1.8809 -9.0489 2.2143 16.5202 -1.9770 0.0079
Car 0.0000 0 -1.7517 743.0848 153.3891 789.1562 192.5938 2.0954 1.7864 4.2514 8.7060 1.0554 40.7125 -1.5428 0.0079
Car 0.0000 0 1.2046 713.5623 165.7510 749.5169 188.9666 1.8646 1.7089 3.7497 10.0349 1.2944 59.9555 1.3694 0.0078
Car 0.0000 0 -1.7921 741.6788 156.5844 789.1391 190.5650 1.8779 1.8629 3.9055 8.9135 0.9791 41.8366 -1.5839 0.0078
Cyclist 0.0000 0 -1.4228 182.4650 197.2898 231.0723 279.1664 1.7078 0.7071 1.8261 -9.3013 2.3040 16.6109 -1.9269 0.0077
Car 0.0000 0 -1.5660 550.7439 154.8767 579.6321 188.6098 1.9472 1.6663 4.1522 -2.7429 0.9099 43.7682 -1.6285 0.0076
Car 0.0000 0 -2.2457 582.9212 164.4705 633.1281 189.5084 1.9443 1.8462 4.1713 -0.2200 1.2936 58.2290 -2.2498 0.0076
Cyclist 0.0000 0 -0.0291 698.2885 164.8014 734.3274 211.9416 1.7943 0.6061 1.3561 4.0499 1.4882 27.8396 0.1133 0.0075
Car 0.0000 0 -0.1465 873.5574 144.8170 1068.9319 207.9911 1.6110 1.7329 4.5993 9.7161 0.8964 19.9076 0.3016 0.0075
Car 0.0000 0 -1.7841 753.8911 156.7094 799.2570 190.5188 1.8611 1.7211 4.0584 9.5412 0.9727 41.7524 -1.5612 0.0075
Cyclist 0.0000 0 -1.0980 111.1237 184.8719 148.7948 234.9421 1.5653 0.3504 1.5716 -15.8200 1.9745 23.7392 -1.6808 0.0075
Car 0.0000 0 1.2845 716.1385 164.6116 751.0997 188.7146 1.9287 1.8315 3.8522 10.1712 1.2695 59.7556 1.4520 0.0074
Cyclist 0.0000 0 1.8423 251.9780 186.7419 281.1223 241.5726 1.6642 0.4303 1.5878 -11.0409 2.1256 23.1312 1.4011 0.0073
Car 0.0000 0 1.1934 715.9968 164.4600 754.4602 188.5977 1.9214 1.8296 3.8423 10.2587 1.2536 59.5007 1.3630 0.0073
Car 0.0000 0 -1.5397 552.0454 155.5365 580.7027 186.9226 1.8173 1.6181 3.6945 -2.6352 0.8150 43.6463 -1.5999 0.0072
Car 0.0000 0 1.1671 711.4991 166.2120 749.0103 189.2633 1.8587 1.6991 3.8676 9.9767 1.3235 60.2579 1.3300 0.0072
Car 0.0000 0 -2.8923 863.4039 166.6492 1097.7014 245.1912 1.4080 1.5136 4.0408 7.4415 1.2971 14.8187 -2.4353 0.0072
Cyclist 0.0000 0 -1.2185 853.9460 146.8996 878.1636 183.3165 1.6579 0.4707 1.8272 11.9304 0.4767 33.7002 -0.8811 0.0071
Pedestrian 0.0000 0 -1.3676 112.7525 178.0190 137.7405 233.9145 1.7834 0.5528 0.6570 -15.8298 1.9549 23.5021 -1.9553 0.0071
Car 0.0000 0 1.4869 724.1762 153.2896 753.0627 181.7501 2.0114 1.7350 4.2313 9.4083 0.6291 53.1756 1.6609 0.0071
Cyclist 0.0000 0 -1.2039 185.4496 197.4986 242.0523 272.8960 1.5679 0.5615 1.6705 -9.0410 2.1591 16.4312 -1.7005 0.0071
Car 0.0000 0 -0.5924 715.4670 165.0830 767.8127 182.6741 1.5902 1.7783 4.5651 12.2006 0.8881 66.9542 -0.4132 0.0071
Car 0.0000 0 -1.9342 743.4859 154.1372 804.3057 192.5165 2.0168 1.7774 4.5934 9.0323 1.0336 40.3141 -1.7156 0.0071
Pedestrian 0.0000 0 -0.2783 119.9759 182.8870 148.0640 234.3685 1.6576 0.5748 0.6426 -15.7651 1.9953 23.8286 -0.8579 0.0070
Car 0.0000 0 1.2396 715.1968 165.6346 750.8906 189.2621 1.8945 1.7593 3.8377 10.1465 1.3160 59.8873 1.4063 0.0070
Car 0.0000 0 -1.5636 553.5175 156.9511 580.6849 186.2004 1.6915 1.5700 3.5148 -2.6092 0.7722 43.5205 -1.6233 0.0070
Car 0.0000 0 1.4812 721.2792 152.2111 750.8060 182.2892 2.1191 1.7552 4.1995 9.1862 0.6651 52.9950 1.6517 0.0070
Car 0.0000 0 -3.7580 0.0000 0.0000 1242.0000 375.0000 1.5529 1.7123 4.1119 2.0623 1.4739 1.0138 -2.7536 0.0070
Pedestrian 0.0000 0 -0.9674 504.4270 169.1753 523.1042 204.3242 1.6158 0.6608 0.5592 -4.5151 1.4470 33.5652 -1.1005 0.0069
Pedestrian 0.0000 0 -0.9984 504.6254 169.5381 522.9034 204.4877 1.6074 0.6542 0.5412 -4.5152 1.4552 33.5655 -1.1315 0.0069
Car 0.0000 0 -1.8375 242.1610 0.0000 1003.7863 375.0000 1.5331 1.6090 3.8012 0.1400 1.5572 0.1070 -1.5307 0.0068
Car 0.0000 0 2.1772 145.6509 192.8645 283.3865 253.1780 1.5391 1.7554 3.8233 -11.7896 2.1977 21.7352 1.6849 0.0068
Car 0.0000 0 2.0522 258.1580 196.6620 385.5923 260.3908 1.5181 1.6585 4.2142 -8.2587 2.2838 21.0043 1.6813 0.0066
Car 0.0000 0 -1.4631 549.0899 154.5961 583.1651 187.7065 1.9133 1.6478 3.9311 -2.6447 0.8586 43.6940 -1.5235 0.0066
Car 0.0000 0 -1.1411 610.4355 162.7237 647.2147 184.1026 1.8852 1.7298 4.2955 1.7401 0.9923 65.9326 -1.1151 0.0065
Car 0.0000 0 1.1202 718.2827 163.1214 758.9630 187.6484 1.9540 1.7830 3.8917 10.5546 1.1790 59.5945 1.2944 0.0065
Car 0.0000 0 -2.0442 745.4154 156.1454 806.5177 191.4093 1.9093 1.7093 4.1006 9.3817 1.0050 41.2611 -1.8225 0.0065
Car 0.0000 0 1.5371 724.3607 152.2679 751.2206 183.2131 2.1574 1.7685 4.3720 9.2442 0.7226 52.5891 1.7100 0.0064
Car 0.0000 0 1.4132 852.6686 146.2648 903.0258 179.9394 1.5098 1.6318 3.9451 12.6738 0.3180 34.4397 1.7630 0.0064
Cyclist 0.0000 0 -1.7741 747.4386 158.2073 765.7050 192.8748 1.6443 0.4996 1.8625 7.0913 0.9500 35.1530 -1.5770 0.0064
Car 0.0000 0 -2.5551 506.4607 158.3335 581.0659 187.9446 1.6906 1.6722 4.1943 -3.9876 0.8619 42.9233 -2.6475 0.0064
Cyclist 0.0000 0 -1.5069 201.4189 197.9345 237.9312 274.6495 1.6132 0.6247 1.7766 -9.0729 2.2275 16.7211 -1.9979 0.0064
Car 0.0000 0 -4.4514 0.0000 0.0000 1242.0000 375.0000 1.4702 1.5812 4.0310 1.4517 1.5638 -0.0238 -3.0635 0.0064
Car 0.0000 0 2.1812 142.1503 194.3287 281.1763 256.9527 1.5781 1.6978 3.9007 -11.8016 2.2823 21.6109 1.6862 0.0064
Car 0.0000 0 -1.6314 862.7667 158.8027 937.4840 220.8604 1.5892 1.6950 4.0141 8.1425 1.2297 20.6443 -1.2610 0.0062
Car 0.0000 0 1.3722 727.8019 160.9679 764.1230 189.2545 1.8970 1.8276 3.4343 9.3722 1.1002 50.1170 1.5558 0.0062
Car 0.0000 0 -1.1297 0.0000 202.4004 2.0666 246.8731 1.5945 1.8233 4.5284 -28.8666 2.9856 31.5295 -1.8670 0.0062
Car 0.0000 0 -0.2980 868.9098 143.1505 1082.6422 206.0414 1.6547 1.7845 5.0466 10.0335 0.8736 20.2553 0.1560 0.0061
Car 0.0000 0 -2.4145 509.4827 157.4236 582.6632 186.8798 1.6857 1.7026 4.3321 -3.8973 0.8030 43.2621 -2.5041 0.0061
Car 0.0000 0 2.0773 134.4071 207.6401 252.6810 276.4425 1.6348 1.5111 3.2103 -11.6814 2.6957 20.3828 1.5621 0.0061
Car 0.0000 0 0.8738 103.7504 202.2851 278.6666 277.7580 1.5053 1.5670 3.6344 -9.7972 2.2472 16.8140 0.3527 0.0061
Car 0.0000 0 0.2770 0.0000 0.0000 1242.0000 375.0000 1.6343 1.7669 4.5555 -4.2360 1.8645 0.1019 -1.2016 0.0060
Car 0.0000 0 -2.4022 0.0000 0.0000 1242.0000 375.0000 1.5181 1.6730 3.9582 1.7622 1.5179 1.1196 -1.5098 0.0060
Car 0.0000 0 -1.8429 0.0000 183.2189 5.7982 232.7438 1.7071 1.6837 4.7841 -25.2307 2.1339 27.6931 -2.5771 0.0060
Cyclist 0.0000 0 2.4350 156.6474 193.2561 223.3087 270.0870 1.9781 0.5866 1.5823 -11.5836 2.5641 19.8656 1.9125 0.0060
Car 0.0000 0 1.2614 717.0976 163.5901 752.0274 187.7877 1.9249 1.7550 3.7865 10.1876 1.1883 59.3921 1.4302 0.0059
Car 0.0000 0 1.1710 716.7361 161.4356 755.6006 186.3308 1.9782 1.7909 3.8380 10.3191 1.0712 59.4021 1.3419 0.0059
Cyclist 0.0000 0 -1.6154 413.1250 184.8162 430.2474 244.7758 1.6162 0.3977 1.7104 -5.4519 1.9738 20.6712 -1.8708 0.0059
Car 0.0000 0 1.2067 723.7098 161.2037 764.9398 189.3191 1.9022 1.7763 3.2978 9.3492 1.1143 50.5967 1.3881 0.0059
Car 0.0000 0 1.5431 727.1172 152.4191 753.9548 182.6348 2.1070 1.7895 4.5415 9.4608 0.6824 52.6890 1.7196 0.0058
Pedestrian 0.0000 0 -1.4447 564.6301 163.7971 578.7474 196.2408 1.8607 0.7378 0.6721 -2.2478 1.3416 41.7406 -1.4986 0.0057
Cyclist 0.0000 0 -1.4308 189.8139 200.2672 229.0832 277.9005 1.6379 0.5488 1.7846 -9.3575 2.3124 16.8099 -1.9325 0.0057
Car 0.0000 0 0.9252 587.8302 165.7648 637.8576 189.0662 1.8029 1.8102 4.2820 0.1640 1.2548 58.0812 0.9276 0.0057
Cyclist 0.0000 0 0.6792 226.6490 185.2101 288.1902 242.5434 1.7766 0.6383 1.7609 -11.3228 2.1811 23.0851 0.2273 0.0057
Car 0.0000 0 -1.8454 739.0201 157.8214 785.3815 190.5376 1.8086 1.7540 3.3834 8.6964 0.9780 41.6351 -1.6411 0.0057
Car 0.0000 0 -2.8527 500.6741 159.6730 579.3190 188.7272 1.6631 1.6796 4.3158 -4.1386 0.9090 42.5367 -2.9494 0.0057
Pedestrian 0.0000 0 -0.7866 196.9320 193.9213 242.4121 275.0768 1.8033 0.6449 0.6613 -9.0526 2.3020 16.6526 -1.2783 0.0056
Car 0.0000 0 -2.1861 861.3328 166.0333 1088.1725 246.7380 1.4177 1.7881 4.6900 7.2649 1.2983 15.1378 -1.7467 0.0056
Car 0.0000 0 -1.4304 737.7476 154.5235 779.3725 190.1470 2.0173 1.8532 4.3990 8.9208 0.9796 43.2402 -1.2286 0.0056
Cyclist 0.0000 0 -2.5563 238.0267 185.5633 298.2672 241.3623 1.7338 0.6002 1.6884 -10.9498 2.1472 23.0273 -2.9961 0.0056
Cyclist 0.0000 0 1.2050 504.2211 170.6602 526.8304 203.3744 1.4877 0.5621 1.4452 -4.4442 1.3883 33.5790 1.0740 0.0056
Cyclist 0.0000 0 3.2898 149.6329 191.6602 224.5518 269.4179 2.0346 0.6138 1.6976 -11.6025 2.5657 19.7641 2.7644 0.0056
Car 0.0000 0 -1.6065 542.7641 175.6740 598.2914 224.6835 1.5851 1.8081 4.9143 -1.5658 1.6976 26.1576 -1.6663 0.0056
Pedestrian 0.0000 0 -1.4195 564.1704 163.7884 578.7739 196.2741 1.8622 0.7519 0.6693 -2.2596 1.3429 41.7270 -1.4736 0.0055
Car 0.0000 0 1.3545 718.9901 159.0829 749.9002 184.1442 1.9932 1.7312 3.7441 10.1644 0.8983 59.2947 1.5232 0.0055
Cyclist 0.0000 0 -1.5094 426.0873 185.4807 443.4451 244.9391 1.5977 0.3750 1.7830 -5.0599 1.9760 20.6825 -1.7471 0.0055
Pedestrian 0.0000 0 -0.4886 118.1108 182.9874 146.9841 234.2005 1.6508 0.5743 0.5959 -15.8016 1.9912 23.8123 -1.0696 0.0055
Cyclist 0.0000 0 -1.2446 97.4670 182.9958 134.6870 236.4141 1.6177 0.4291 1.7836 -15.8458 1.9559 23.1130 -1.8404 0.0055
Car 0.0000 0 -1.3156 444.4167 179.4402 520.8096 225.0606 1.5053 1.8037 3.9829 -4.6147 1.7661 26.4606 -1.4872 0.0054
Car 0.0000 0 -0.1022 867.2815 140.3553 1068.5630 205.9325 1.6564 1.7932 4.7846 9.5798 0.8359 19.8681 0.3412 0.0054
Pedestrian 0.0000 0 -2.0039 502.2629 171.3034 519.3940 207.0349 1.6192 0.6097 0.5352 -4.5881 1.5493 33.0848 -2.1411 0.0054
Cyclist 0.0000 0 0.7813 161.4976 193.3830 253.4675 273.9580 1.7547 0.7516 1.8690 -9.3280 2.2461 16.6414 0.2768 0.0054
Cyclist 0.0000 0 -1.3903 568.1205 174.5846 592.6788 228.2828 1.6941 0.4616 2.0121 -1.0076 1.7541 23.8550 -1.4328 0.0054
Car 0.0000 0 1.5443 548.3882 176.7349 596.2556 221.5620 1.5006 1.6292 4.0223 -1.4923 1.6550 26.5805 1.4881 0.0053
Car 0.0000 0 1.6205 150.6402 202.2197 244.5870 282.5449 1.4101 1.6052 3.5521 -9.0901 2.1425 16.0361 1.1115 0.0053
Car 0.0000 0 -2.3222 0.0000 0.0000 1242.0000 375.0000 1.5288 1.6528 4.0024 1.6666 1.5361 0.7234 -1.3013 0.0052
Car 0.0000 0 1.2504 726.8764 160.6665 768.8662 190.1744 1.9803 1.8575 3.4971 9.5317 1.1628 50.2778 1.4364 0.0052
Pedestrian 0.0000 0 -0.9018 197.7697 194.4495 242.4901 275.2269 1.8007 0.6435 0.6509 -9.0453 2.3111 16.6606 -1.3930 0.0052
Car 0.0000 0 -4.2595 0.0000 0.0000 1242.0000 375.0000 1.5177 1.6709 3.9139 1.7079 1.4974 0.4425 -3.0964 0.0052
Cyclist 0.0000 0 2.5573 138.6989 199.9238 220.9981 278.6612 1.9603 0.5478 1.9415 -11.7126 2.7346 19.6358 2.0250 0.0052
Car 0.0000 0 -1.6500 737.3645 156.7482 771.9047 189.8247 2.0489 1.8476 4.3893 9.3317 1.0516 46.9788 -1.4553 0.0052
Car 0.0000 0 1.8632 586.8578 166.5492 633.9304 193.7608 1.5925 1.7277 4.3502 0.0515 1.2239 44.5547 1.8640 0.0051
Car 0.0000 0 -1.1004 0.0000 202.7327 3.2845 247.4767 1.6101 1.8329 4.4411 -28.8557 3.0149 31.5285 -1.8375 0.0051
Car 0.0000 0 2.2381 0.0000 197.2694 78.8703 239.8916 1.5449 1.6036 3.6204 -24.2852 2.6236 30.0480 1.5625 0.0051
Pedestrian 0.0000 0 -2.0229 570.7723 154.2941 587.4911 186.4249 1.8983 0.6898 0.8660 -1.8831 0.8022 43.1719 -2.0665 0.0051
Car 0.0000 0 -1.8716 737.9355 156.3694 789.1745 192.1629 2.1144 1.8667 4.4580 9.4539 1.1410 44.9276 -1.6658 0.0050
Car 0.0000 0 1.4990 607.2066 166.7388 631.0562 188.6331 1.6983 1.6431 3.7209 0.6781 1.2243 57.8720 1.5103 0.0050
Cyclist 0.0000 0 -1.1855 91.5940 187.3028 130.3469 238.3665 1.5599 0.3781 1.8134 -16.2682 2.0492 23.4893 -1.7862 0.0050
Car 0.0000 0 -3.4702 922.9243 164.5798 1164.4280 235.7413 1.2923 1.6073 3.7635 8.3215 1.1424 14.2465 -2.9508 0.0050
Car 0.0000 0 1.4900 607.4810 166.9418 631.7430 188.7263 1.6852 1.6483 3.5848 0.7144 1.2282 57.6597 1.5020 0.0049
Car 0.0000 0 2.1426 139.8293 193.7197 280.9854 258.1572 1.6127 1.6865 4.1601 -11.8016 2.2989 21.5779 1.6470 0.0049
Pedestrian 0.0000 0 -0.4975 188.2200 192.5162 235.6176 272.4096 1.7271 0.6479 0.7169 -9.0440 2.1849 16.3069 -0.9974 0.0049
Car 0.0000 0 1.9266 592.1212 165.6436 641.7809 193.3009 1.6159 1.7172 4.1572 0.4513 1.1950 44.4027 1.9363 0.0048
Car 0.0000 0 -1.2839 243.2458 0.0000 1242.0000 375.0000 1.5573 1.5712 4.1366 -0.2851 1.6260 1.5729 -1.4438 0.0048
Car 0.0000 0 -0.5135 55.8162 208.5710 246.3214 284.1717 1.5989 1.7199 4.0092 -12.2622 2.6711 19.4799 -1.0696 0.0048
Car 0.0000 0 -2.3825 872.6061 170.0801 1079.1412 245.8437 1.3436 1.6254 3.6171 7.2408 1.2947 14.7722 -1.9351 0.0048
Car 0.0000 0 -1.4067 737.3077 154.5582 780.5167 190.5301 2.0448 1.8613 4.3814 8.9736 1.0051 43.3912 -1.2044 0.0048
Car 0.0000 0 -3.0855 594.7009 166.1235 646.2070 185.7331 1.6472 1.7197 4.3097 0.8958 1.0822 61.6157 -3.0713 0.0048
Car 0.0000 0 -2.2076 0.0000 0.0000 1224.4393 375.0000 1.4844 1.6186 4.0564 1.0818 1.5207 0.7644 -1.4156 0.0048
Pedestrian 0.0000 0 0.4580 571.8656 155.3758 588.8597 186.9610 1.8639 0.7198 0.7756 -1.8004 0.8328 43.0621 0.4162 0.0048
Car 0.0000 0 2.4440 0.0000 200.3136 90.2626 243.2327 1.5165 1.5887 3.5471 -23.7928 2.7239 29.8172 1.7747 0.0048
Car 0.0000 0 -2.5574 0.0000 0.0000 1242.0000 375.0000 1.6167 1.7029 4.0595 1.9627 1.5533 0.4201 -1.3360 0.0048
Cyclist 0.0000 0 1.7328 0.0000 0.0000 1242.0000 375.0000 2.1507 0.6268 1.9418 -4.5178 1.9354 -0.2470 0.1719 0.0047
Car 0.0000 0 -1.0664 371.7014 0.0000 1242.0000 375.0000 1.5569 1.5631 4.0433 -0.6556 1.6556 1.3509 -1.4548 0.0047
Cyclist 0.0000 0 2.4645 155.9908 195.2167 219.8007 270.5013 1.9274 0.5445 1.4934 -11.5688 2.5642 19.7363 1.9398 0.0047
Pedestrian 0.0000 0 -1.5749 704.1447 172.9506 722.2231 216.1133 1.6286 0.6764 0.6299 3.8983 1.6327 27.5806 -1.4366 0.0047
Car 0.0000 0 1.2212 721.9740 158.4536 764.0284 188.1985 2.0206 1.7454 3.7170 9.3220 1.0427 50.9913 1.4007 0.0047
Car 0.0000 0 2.1083 160.5279 194.5513 285.7680 254.0592 1.5210 1.6501 3.6793 -11.5228 2.2303 21.6924 1.6246 0.0046
Car 0.0000 0 -1.6731 738.7955 155.6592 776.2745 191.3763 2.1870 1.8918 4.6006 9.4271 1.1345 46.5575 -1.4748 0.0046
Car 0.0000 0 -1.5471 0.0000 0.0000 1242.0000 375.0000 1.5303 1.6349 4.0938 0.0904 1.6189 1.4859 -1.5048 0.0046
Car 0.0000 0 1.9963 594.2023 168.6421 639.7142 191.9964 1.5461 1.6660 3.9553 0.4975 1.2677 49.9102 2.0059 0.0046
Pedestrian 0.0000 0 0.8896 185.2445 194.1089 231.6952 276.9145 1.8340 0.6548 0.6792 -9.3002 2.3370 16.6303 0.3861 0.0046
Car 0.0000 0 1.4485 539.2014 175.2486 603.8867 223.9452 1.5804 1.7502 4.7215 -1.5342 1.6758 26.1383 1.3898 0.0046
Car 0.0000 0 1.6433 550.4957 156.1757 582.3543 188.2883 1.8396 1.6302 3.9158 -2.6055 0.8845 43.3000 1.5833 0.0046
Car 0.0000 0 1.9757 247.4218 198.4327 371.1517 263.0976 1.5150 1.6861 4.3663 -8.5482 2.3322 20.8406 1.5904 0.0046
Car 0.0000 0 1.2437 718.4122 158.3698 761.8076 187.6802 2.0165 1.7127 4.4878 9.2837 1.0204 51.9854 1.4192 0.0046
Car 0.0000 0 1.2776 739.8875 158.5479 791.1581 191.5893 1.7986 1.8375 3.7739 8.7890 1.0202 41.2310 1.4859 0.0045
Car 0.0000 0 -1.8047 662.0033 166.2359 697.2912 188.3835 1.5310 1.6473 3.9556 4.9415 1.0739 51.9489 -1.7106 0.0045
Car 0.0000 0 1.2577 716.4861 164.4180 750.2920 187.5293 1.8482 1.7090 3.6347 10.1334 1.1739 59.6204 1.4250 0.0045
Cyclist 0.0000 0 1.4077 573.3387 157.1816 587.0281 186.7601 1.7312 0.4775 2.1369 -1.8332 0.8143 43.3229 1.3654 0.0045
Pedestrian 0.0000 0 -1.4899 703.3234 172.9170 722.4084 216.1235 1.6304 0.6753 0.6496 3.8977 1.6332 27.6158 -1.3518 0.0045
Car 0.0000 0 2.6372 0.0000 200.7495 99.2693 243.4160 1.4967 1.5791 3.4962 -23.4209 2.7209 29.7342 1.9742 0.0045
Car 0.0000 0 -1.8576 661.3591 166.9904 697.8102 189.2644 1.5362 1.6117 3.7004 4.9191 1.1322 51.7321 -1.7637 0.0045
Pedestrian 0.0000 0 0.9591 496.7862 169.4578 522.8768 227.4038 1.9449 0.6623 0.5938 -3.4682 1.8313 24.6583 0.8201 0.0044
Car 0.0000 0 -1.8379 739.7564 155.8010 788.6122 191.0808 2.0966 1.8726 4.4173 9.5411 1.0835 45.1382 -1.6312 0.0044
Car 0.0000 0 -1.6138 742.6620 156.3208 775.9425 188.5240 1.8270 1.7548 4.1266 8.8367 0.8894 43.1071 -1.4132 0.0044
Car 0.0000 0 2.3282 0.0000 197.7663 81.6347 239.6583 1.5074 1.5504 3.6258 -24.2506 2.6102 30.0566 1.6534 0.0043
Car 0.0000 0 -1.4815 741.1090 157.2928 778.6308 189.8292 1.8347 1.8299 4.1614 8.9311 0.9576 42.9408 -1.2780 0.0043
Car 0.0000 0 -2.5656 10.0235 0.0000 1242.0000 375.0000 1.5710 1.5983 3.9393 0.9965 1.4858 0.1683 -1.4301 0.0043
Cyclist 0.0000 0 2.0300 0.0000 0.0000 1242.0000 375.0000 1.6992 0.5478 1.7919 -13.6160 1.5087 -0.2014 0.4654 0.0043
Cyclist 0.0000 0 0.8928 168.7916 195.2644 246.3809 273.4205 1.7230 0.6307 1.7513 -9.4698 2.2672 16.8842 0.3879 0.0043
Car 0.0000 0 2.4960 940.1434 158.2524 1164.9091 241.5025 1.4801 1.5115 3.4589 8.3090 1.2208 13.7703 3.0291 0.0043
Car 0.0000 0 -2.7107 577.6888 165.4893 638.1811 189.2607 1.8549 1.8977 4.4880 -0.1934 1.2806 58.0924 -2.7144 0.0043
Car 0.0000 0 -0.9279 0.0000 201.5702 14.1368 243.8986 1.5512 1.7836 4.1326 -28.5051 2.8894 31.4760 -1.6597 0.0043
Car 0.0000 0 -1.4071 852.1211 165.4621 947.3408 236.5685 1.4634 1.5316 3.3855 6.7242 1.3117 16.6929 -1.0308 0.0043
Car 0.0000 0 -1.8413 736.9757 154.3918 782.9814 188.4595 2.1296 1.8181 4.4558 9.7505 0.9759 47.3861 -1.6398 0.0043
Car 0.0000 0 1.6087 826.8634 149.2468 867.0137 185.6654 1.5947 1.6506 3.5867 11.0211 0.5614 33.5606 1.9233 0.0042
Car 0.0000 0 1.4891 606.4123 165.4821 630.8401 187.8195 1.7277 1.6476 3.7412 0.6350 1.1579 57.7294 1.4997 0.0042
Car 0.0000 0 -0.9879 0.0000 199.0555 15.2192 242.5547 1.6224 1.7865 4.1635 -28.5879 2.8549 31.7365 -1.7171 0.0042
Cyclist 0.0000 0 1.8284 239.4837 186.7070 272.4898 245.4889 1.7689 0.5656 1.5313 -11.2625 2.2244 22.8962 1.3754 0.0042
Car 0.0000 0 -1.9091 936.9583 154.5832 1122.7153 249.4506 1.4043 1.5631 3.7910 7.0670 1.1342 12.6739 -1.4106 0.0042
Car 0.0000 0 -0.2842 870.3511 139.8633 1060.0287 204.8869 1.7080 1.7240 4.4420 9.7165 0.8418 20.1532 0.1592 0.0042
Pedestrian 0.0000 0 -1.0129 503.1677 171.1708 521.7552 207.0639 1.6598 0.6277 0.6236 -4.6035 1.5823 33.7764 -1.1478 0.0042
Car 0.0000 0 0.2203 0.0000 0.0000 1242.0000 375.0000 1.6556 1.7827 4.8297 -3.7978 1.8582 0.5678 -1.1290 0.0042
Cyclist 0.0000 0 2.3535 152.0756 195.8869 221.2711 272.6456 1.9598 0.5485 1.7789 -11.6912 2.6254 19.9077 1.8279 0.0041
Car 0.0000 0 -0.2018 870.3928 142.2583 1066.3761 206.4733 1.6670 1.7488 4.6294 9.7641 0.8731 20.1359 0.2438 0.0041
Car 0.0000 0 -1.7526 847.4387 168.5915 953.2466 239.8386 1.4370 1.5524 3.6477 6.4432 1.3514 16.4857 -1.3866 0.0041
Car 0.0000 0 -0.8790 0.0000 201.9355 12.4347 244.7362 1.5731 1.7853 3.9990 -28.4717 2.9178 31.3173 -1.6128 0.0041
Car 0.0000 0 -3.6733 929.1084 165.2983 1181.2633 239.1203 1.3541 1.6475 3.8955 8.4804 1.2159 14.0591 -3.1401 0.0041
Pedestrian 0.0000 0 -1.1104 503.1089 171.1461 521.0312 206.5847 1.6417 0.6355 0.5921 -4.6253 1.5629 33.8037 -1.2458 0.0041
Car 0.0000 0 1.4166 737.1938 158.7712 774.2770 188.9615 1.8966 1.7730 4.0441 9.4869 1.0122 47.3817 1.6128 0.0041
Car 0.0000 0 1.8493 111.9799 208.3952 247.3516 294.1111 1.5252 1.6685 3.6953 -9.6970 2.4361 16.4865 1.3242 0.0040
Car 0.0000 0 1.8372 598.2571 167.2886 637.0487 190.9935 1.5490 1.6565 4.0054 0.5389 1.1857 49.2987 1.8478 0.0040
Pedestrian 0.0000 0 -1.7430 489.8777 162.3790 511.6081 220.4336 1.9804 0.6361 0.6902 -3.8399 1.6234 25.0394 -1.8941 0.0040
Pedestrian 0.0000 0 -0.4299 718.2299 168.2688 728.2687 186.8654 1.6840 0.7731 0.6395 10.3057 1.2692 65.7949 -0.2755 0.0040
Car 0.0000 0 -1.4074 852.8308 165.2824 947.9918 236.7178 1.4702 1.5330 3.3650 6.7359 1.3147 16.6844 -1.0303 0.0040
Car 0.0000 0 1.7951 590.7255 166.9449 634.9006 194.2385 1.5806 1.7402 4.5439 0.2012 1.2388 44.1931 1.7992 0.0040
Car 0.0000 0 -1.0663 0.0000 200.0270 9.6463 245.1172 1.6454 1.8553 4.5715 -28.8293 2.9315 31.7013 -1.8003 0.0040
Car 0.0000 0 1.4697 723.3403 154.5122 754.8429 184.9054 2.1015 1.7730 4.6316 9.2708 0.8336 52.2606 1.6440 0.0040
Car 0.0000 0 -2.5639 0.0000 0.0000 1242.0000 375.0000 1.5524 1.6413 3.9841 1.6440 1.4799 0.2580 -1.3167 0.0040
Car 0.0000 0 1.8500 595.1245 165.7753 641.0623 193.1103 1.5865 1.7144 4.2244 0.5189 1.1760 44.1434 1.8613 0.0040
Pedestrian 0.0000 0 0.1733 777.7245 155.0412 805.1514 210.3545 1.8920 0.6574 0.8287 6.2818 1.2831 25.1452 0.4149 0.0039
Car 0.0000 0 2.1672 146.9114 196.3027 283.6991 260.7689 1.6236 1.7022 3.8712 -11.7167 2.3931 21.6492 1.6758 0.0039
Car 0.0000 0 1.7815 598.6522 165.7946 639.1713 192.5438 1.5498 1.6688 4.0053 0.5594 1.1411 43.9382 1.7938 0.0039
Car 0.0000 0 -1.6306 737.1592 155.7968 770.0560 189.4865 2.1035 1.8425 4.3730 9.3389 1.0388 47.3372 -1.4373 0.0039
Car 0.0000 0 2.1282 151.3051 193.7671 282.1966 255.5955 1.5693 1.6412 3.8393 -11.6596 2.2533 21.6143 1.6383 0.0039
Car 0.0000 0 1.9085 584.6285 166.5363 634.3474 194.1801 1.6297 1.7461 4.3667 -0.0033 1.2576 44.8825 1.9080 0.0039
Car 0.0000 0 1.3232 740.0973 157.1176 790.9716 191.5793 1.8676 1.9120 3.9311 8.7576 1.0151 41.1007 1.5314 0.0039
Car 0.0000 0 1.7955 590.1728 167.6633 633.5140 193.5164 1.4838 1.6811 4.4513 0.1381 1.1862 43.7661 1.7983 0.0039
Car 0.0000 0 -0.0536 0.0000 0.0000 1242.0000 375.0000 1.6252 1.7786 4.4594 -3.4557 1.8071 1.1260 -1.2370 0.0038
Car 0.0000 0 1.7602 592.0940 167.0503 632.6085 193.6158 1.5308 1.6713 4.3794 0.1658 1.1967 43.8828 1.7636 0.0038
Car 0.0000 0 0.0292 0.0000 0.0000 1242.0000 375.0000 1.6420 1.7855 4.5957 -3.8787 1.7782 0.5899 -1.3193 0.0038
Cyclist 0.0000 0 0.4024 501.1476 164.7367 538.5950 201.5017 1.6839 0.5992 1.6233 -4.2296 1.3125 33.5562 0.2776 0.0037
Car 0.0000 0 1.8073 820.2977 146.7378 877.9478 183.9428 1.6314 1.6745 4.0313 11.2107 0.4866 33.7895 2.1250 0.0037
Car 0.0000 0 0.5098 0.0000 207.1206 32.9382 248.5187 1.5710 1.8642 4.6020 -28.1108 3.1170 31.1308 -0.2205 0.0037
Car 0.0000 0 2.2990 62.3493 209.0368 256.5115 290.6116 1.4040 1.6599 3.6139 -9.8589 2.3063 16.0549 1.7553 0.0037
Car 0.0000 0 1.6574 607.6443 166.0269 631.6671 187.6627 1.6780 1.6170 3.6870 0.7792 1.1489 57.8723 1.6705 0.0037
Car 0.0000 0 1.5719 172.5480 208.0126 256.7116 287.4077 1.4156 1.5225 3.4216 -8.9954 2.3053 16.3828 1.0761 0.0037
Car 0.0000 0 1.5765 865.2800 147.6790 906.6269 183.0574 1.5027 1.6559 3.5815 12.4271 0.4337 32.6124 1.9376 0.0036
Car 0.0000 0 1.8028 608.7473 168.6861 638.3594 189.2060 1.5862 1.5766 3.6432 1.0921 1.2644 57.7341 1.8213 0.0036
Pedestrian 0.0000 0 0.0288 770.5969 157.9712 795.2776 212.2869 1.8793 0.6382 0.8293 6.0421 1.3647 25.3769 0.2594 0.0036
Car 0.0000 0 1.8017 598.5410 165.6883 640.3859 192.0027 1.5162 1.6580 4.0391 0.5915 1.1037 43.7303 1.8148 0.0036
Pedestrian 0.0000 0 -1.5698 91.1233 176.5123 112.8200 234.3685 1.8092 0.5604 0.7795 -16.3081 1.9291 23.1007 -2.1793 0.0036
Car 0.0000 0 1.2362 721.4587 158.8690 762.9186 188.6218 2.0341 1.6783 3.9901 9.3409 1.0783 51.4274 1.4146 0.0036
Cyclist 0.0000 0 0.1915 0.0000 0.0000 1242.0000 375.0000 1.6006 0.4200 2.0028 -10.1636 1.7708 0.9897 -1.2544 0.0036
Cyclist 0.0000 0 0.7980 163.8740 194.4209 253.8105 272.0483 1.6824 0.7436 1.8337 -9.2767 2.1978 16.6034 0.2949 0.0036
Car 0.0000 0 -0.4575 867.9084 138.0444 1052.0206 201.8010 1.7319 1.7337 4.3983 9.7927 0.7867 20.5027 -0.0176 0.0035
Pedestrian 0.0000 0 1.3857 162.0469 192.1611 196.8296 272.3894 2.0933 0.6847 0.7605 -11.7356 2.6314 19.5812 0.8514 0.0035
Pedestrian 0.0000 0 0.1421 778.8575 156.5667 803.2714 210.1317 1.8357 0.6576 0.7432 6.2749 1.2779 25.1687 0.3833 0.0035
Pedestrian 0.0000 0 -0.0344 778.3434 156.0968 799.1624 210.4816 1.8856 0.5941 0.6875 6.2373 1.3050 25.3743 0.2035 0.0035
Car 0.0000 0 -2.9877 887.9150 167.3552 1125.9717 244.5580 1.3535 1.6020 4.0061 7.8285 1.2575 14.4863 -2.5012 0.0035
Pedestrian 0.0000 0 -1.3639 700.1553 172.7970 721.2686 215.7574 1.6360 0.7110 0.5497 3.8472 1.6341 27.8519 -1.2287 0.0035
Cyclist 0.0000 0 -1.5263 740.5806 160.2279 749.5270 193.8239 1.6104 0.3752 1.3379 6.5690 1.0055 35.2773 -1.3440 0.0035
Car 0.0000 0 -1.6689 107.8873 0.0000 935.3116 375.0000 1.4510 1.4949 3.7018 0.0944 1.5238 0.5442 -1.5728 0.0035
Pedestrian 0.0000 0 0.0332 779.8196 155.0208 797.9814 209.5487 1.8908 0.6130 0.6035 6.2551 1.2728 25.3931 0.2716 0.0035
Pedestrian 0.0000 0 -1.8203 485.8799 167.3333 510.5299 226.0237 1.9686 0.6916 0.6519 -3.8650 1.7838 24.6354 -1.9750 0.0035
Car 0.0000 0 -1.8961 848.3925 170.0823 990.1659 243.7167 1.4477 1.6532 4.0762 6.7192 1.3936 16.2670 -1.5113 0.0034
Car 0.0000 0 -1.6341 831.8992 149.2552 871.7719 183.9124 1.5051 1.5030 3.4899 11.0404 0.4806 33.2102 -1.3158 0.0034
Car 0.0000 0 1.7694 609.3787 167.8036 637.4337 188.8174 1.6276 1.5864 3.5163 1.0789 1.2368 57.7714 1.7876 0.0034
Cyclist 0.0000 0 -1.5985 742.7630 156.8247 750.9007 188.5713 1.7963 0.4090 1.7396 7.8720 0.8897 41.7152 -1.4135 0.0034
Car 0.0000 0 1.7830 586.5007 166.9193 630.6489 194.3844 1.5901 1.7620 4.6801 -0.0559 1.2469 44.2432 1.7814 0.0034
Car 0.0000 0 -0.0838 1034.0074 164.2364 1242.0000 238.9589 1.2362 1.4256 3.8990 10.1958 1.0940 13.5610 0.5503 0.0034
Car 0.0000 0 -1.4250 852.9088 167.6028 945.4471 238.3636 1.4492 1.5319 3.2818 6.6626 1.3420 16.5786 -1.0495 0.0034
Car 0.0000 0 -0.3024 874.3862 142.8091 1070.3065 203.8502 1.6361 1.7462 4.6738 10.1081 0.8311 20.5469 0.1491 0.0034
Car 0.0000 0 1.9747 193.2699 189.5437 303.4655 245.9186 1.5308 1.7099 3.8392 -11.2814 2.1020 22.7134 1.5180 0.0034
Car 0.0000 0 2.0976 591.6401 169.2701 641.2255 192.3403 1.5473 1.5997 4.1683 0.4697 1.3073 50.5903 2.1065 0.0033
Car 0.0000 0 0.1143 0.0000 0.0000 1242.0000 375.0000 1.6568 1.7700 4.8357 -3.3629 1.8212 0.8928 -1.1196 0.0033
Car 0.0000 0 1.3113 741.1597 157.1485 786.1413 189.6979 1.7786 1.6487 3.5379 8.6932 0.9208 41.2351 1.5174 0.0033
Pedestrian 0.0000 0 0.0596 771.0300 157.8011 794.6143 211.4804 1.8569 0.6547 0.7723 6.0388 1.3365 25.3807 0.2901 0.0033
Car 0.0000 0 1.6660 159.9606 207.1754 252.4823 283.1982 1.3998 1.5403 3.2996 -9.3054 2.2833 16.7455 1.1651 0.0033
Car 0.0000 0 1.8104 612.4233 168.7578 639.6888 187.3148 1.4451 1.4430 3.3360 1.2928 1.1265 57.9839 1.8323 0.0033
Car 0.0000 0 1.8072 585.8481 167.0679 629.5657 194.4271 1.6120 1.7541 4.3193 -0.1174 1.2714 44.8134 1.8042 0.0033
Car 0.0000 0 1.5275 726.3494 153.4580 754.2092 183.8241 2.1062 1.7827 4.5439 9.3904 0.7612 52.4126 1.7036 0.0033
Car 0.0000 0 -0.3348 1092.1199 159.6953 1242.0000 239.7005 1.3185 1.4683 3.5783 11.0659 1.1020 13.1940 0.3520 0.0032
Pedestrian 0.0000 0 -1.6997 486.2434 166.9233 509.8708 225.9693 1.9856 0.7190 0.6602 -3.8774 1.7865 24.6782 -1.8545 0.0032
Car 0.0000 0 1.9451 440.9947 179.4322 529.0731 225.9306 1.5175 1.8369 3.9422 -4.4864 1.7766 26.2616 1.7770 0.0032
Car 0.0000 0 -2.0903 0.0000 0.0000 894.2618 375.0000 1.4522 1.4735 3.7680 0.4353 1.5150 0.6649 -1.6745 0.0032
Pedestrian 0.0000 0 -1.2329 475.3783 172.5899 501.1883 226.3957 1.8132 0.7332 0.5365 -4.1980 1.8047 24.6390 -1.4005 0.0032
Car 0.0000 0 1.4202 720.2214 165.4971 746.5905 186.2029 1.8263 1.7941 3.8659 11.1623 1.1777 65.5855 1.5878 0.0032
Car 0.0000 0 0.4269 190.2033 191.9099 343.0968 242.9552 1.5093 1.9283 3.9700 -10.9130 2.1446 23.0539 -0.0112 0.0032
Car 0.0000 0 1.3840 599.2159 164.5236 630.6388 187.3116 1.7567 1.8252 3.8293 0.3318 1.1149 57.6683 1.3894 0.0031
Car 0.0000 0 1.9053 821.7712 146.1292 885.7505 182.7820 1.6295 1.6630 3.9847 11.5498 0.4417 34.1603 2.2286 0.0031
Car 0.0000 0 2.3681 0.0000 201.2103 86.3710 242.9017 1.4838 1.5277 3.2529 -23.6737 2.7194 29.7158 1.6996 0.0031
Car 0.0000 0 -3.6129 926.0692 167.0079 1178.4019 240.7567 1.3395 1.6183 3.8762 8.3840 1.2337 14.0226 -3.0836 0.0031
Car 0.0000 0 -1.5010 124.6028 0.0000 1242.0000 375.0000 1.4822 1.5257 3.7260 0.0654 1.5686 0.9275 -1.4593 0.0031
Car 0.0000 0 2.1741 150.4948 196.0418 282.5397 259.4950 1.6004 1.6452 3.6779 -11.6243 2.3540 21.5184 1.6835 0.0031
Car 0.0000 0 0.0598 259.1072 182.0596 432.7628 248.6231 1.7033 1.7999 4.4161 -7.3587 1.9823 20.3527 -0.2835 0.0031
Car 0.0000 0 -1.9716 654.7640 166.2177 697.7959 188.7074 1.5504 1.6988 3.8600 4.6866 1.0933 51.8358 -1.8823 0.0031
Cyclist 0.0000 0 -1.6779 691.8802 166.1210 704.3309 199.1856 1.5777 0.4178 1.7179 4.2635 1.2568 35.2878 -1.5590 0.0031
Car 0.0000 0 1.8075 248.7008 175.6998 323.7402 225.2681 1.5505 1.4842 3.8142 -11.0731 1.6566 24.8067 1.3914 0.0031
Car 0.0000 0 1.7943 607.7994 168.0389 636.8510 189.0733 1.6266 1.5824 3.5302 0.9917 1.2546 57.6974 1.8111 0.0031
Car 0.0000 0 1.8692 610.8503 168.5051 640.7991 187.5598 1.4837 1.4989 3.3220 1.2754 1.1454 57.9936 1.8907 0.0031
Pedestrian 0.0000 0 -1.4806 474.0980 177.7344 497.5739 229.3846 1.7164 0.7303 0.6083 -4.2336 1.8838 24.3697 -1.6514 0.0031
Car 0.0000 0 1.3948 724.8652 157.1785 760.2507 186.5421 2.0297 1.7572 4.3865 9.4844 0.9465 52.0683 1.5738 0.0030
Car 0.0000 0 2.1176 591.9201 169.2580 640.4584 192.3697 1.5495 1.5854 3.9277 0.4459 1.3088 50.4594 2.1260 0.0030
Car 0.0000 0 -0.3010 878.4040 138.1378 1069.0911 202.6600 1.7230 1.7339 4.5135 10.1121 0.7963 20.4641 0.1522 0.0030
Pedestrian 0.0000 0 1.0612 158.4253 191.8591 198.9203 271.8860 2.0919 0.6810 0.7154 -11.7374 2.6199 19.5571 0.5263 0.0030
Car 0.0000 0 -2.5343 1.9486 0.0000 977.1364 375.0000 1.5332 1.5439 3.7886 0.4197 1.5476 0.0650 -1.6817 0.0030
Pedestrian 0.0000 0 -1.4677 473.9290 177.3824 497.1695 228.9901 1.7155 0.7150 0.6126 -4.2435 1.8709 24.3702 -1.6389 0.0030
Car 0.0000 0 -1.6408 537.7460 176.7856 594.9879 224.6177 1.5398 1.7188 4.5670 -1.7012 1.6947 25.9939 -1.7062 0.0030
Car 0.0000 0 2.0826 587.6864 168.9878 637.5133 193.3726 1.6344 1.7202 4.0698 0.1997 1.3756 50.5532 2.0862 0.0030
Pedestrian 0.0000 0 -1.6784 193.8536 198.6566 229.0040 277.6447 1.7673 0.6572 0.6414 -9.3811 2.3878 16.8869 -2.1792 0.0030
Car 0.0000 0 -3.6550 0.0000 0.0000 1242.0000 375.0000 1.4482 1.6802 4.4556 1.5367 1.5635 0.7792 -2.6964 0.0029
Car 0.0000 0 -2.7204 999.2547 163.2682 1237.9785 239.2356 1.2729 1.3873 3.5063 9.5928 1.1126 13.9419 -2.1278 0.0029
Car 0.0000 0 2.0606 593.5765 168.7240 639.6537 191.8382 1.5457 1.5996 3.8336 0.4737 1.2699 50.3139 2.0696 0.0029
Car 0.0000 0 1.8785 597.1594 166.2770 643.1443 191.8074 1.4605 1.6011 4.1174 0.6327 1.0846 43.4798 1.8926 0.0029
Car 0.0000 0 1.1902 660.8825 164.8711 694.4664 183.7941 1.5351 1.5343 3.6979 5.6178 0.8879 60.5229 1.2821 0.0029
Car 0.0000 0 -0.8961 1035.3318 163.4136 1242.0000 239.0137 1.3427 1.4828 4.3307 10.6307 1.1754 14.0846 -0.2598 0.0029
Car 0.0000 0 -0.6868 859.6279 143.6107 1021.6057 204.6906 1.6473 1.6941 4.1191 9.4606 0.8590 20.8146 -0.2656 0.0028
Car 0.0000 0 3.1188 38.5708 206.6194 248.7906 281.9007 1.6774 1.7048 4.6945 -12.7252 2.7025 19.8855 2.5553 0.0028
Car 0.0000 0 1.3515 742.2057 157.1252 786.9756 189.5473 1.7632 1.7262 3.6453 8.7090 0.9082 41.0703 1.5588 0.0028
Car 0.0000 0 1.8125 607.2316 167.9563 636.8185 188.7424 1.6122 1.5644 3.5829 0.9718 1.2327 57.8924 1.8288 0.0028
Car 0.0000 0 0.3737 0.0000 235.0516 15.9448 356.3777 1.5074 1.7787 4.8971 -13.8829 2.7646 12.7213 -0.4448 0.0028
Car 0.0000 0 1.3862 721.9124 154.7316 757.5544 183.9808 2.0228 1.7320 4.4606 9.2916 0.7699 52.1352 1.5614 0.0028
Car 0.0000 0 2.6825 0.0000 201.3889 97.6848 243.4804 1.4747 1.5128 3.3540 -23.3152 2.7188 29.6090 2.0196 0.0027
Cyclist 0.0000 0 -0.4476 0.0000 193.2055 44.8320 353.3803 1.7016 0.3965 1.9641 -8.2335 1.9807 8.8956 -1.1795 0.0027
Pedestrian 0.0000 0 -3.0903 716.2701 167.5243 726.2839 186.4688 1.7135 0.8592 0.8605 10.1258 1.2318 65.7674 -2.9384 0.0027
Car 0.0000 0 1.7542 246.6928 190.7811 323.9576 245.3047 1.4602 1.5559 3.5637 -10.0661 2.0670 22.4927 1.3373 0.0027
Pedestrian 0.0000 0 0.0734 772.4276 154.7080 796.9911 209.0166 1.8605 0.6232 0.7909 6.0444 1.2392 25.1316 0.3064 0.0027
Pedestrian 0.0000 0 -1.4953 700.6125 172.9716 720.0501 215.6762 1.6298 0.7079 0.5241 3.8348 1.6347 27.8655 -1.3605 0.0027
Car 0.0000 0 -0.3093 0.0000 200.3413 35.5824 242.7758 1.5445 1.7812 3.9055 -27.5815 2.8131 31.1552 -1.0299 0.0027
Pedestrian 0.0000 0 -1.4288 475.9538 173.5356 499.6882 226.9807 1.8024 0.7247 0.5821 -4.2125 1.8264 24.6393 -1.5970 0.0026
Car 0.0000 0 -0.3043 0.0000 200.6717 42.4146 244.2499 1.5698 1.8615 4.2877 -27.6013 2.8647 31.2595 -1.0235 0.0026
Cyclist 0.0000 0 -2.0362 891.2877 160.8719 962.6426 239.6300 1.5493 0.4702 2.0904 6.5986 1.3139 15.2489 -1.6353 0.0026
Car 0.0000 0 0.3043 0.0000 198.8727 51.6406 239.8473 1.5296 1.9304 4.3786 -26.9517 2.7083 30.9176 -0.4085 0.0026
Car 0.0000 0 1.6958 142.7371 206.3822 246.4000 286.8667 1.4361 1.5874 3.4237 -9.3164 2.2828 16.3269 1.1838 0.0026
Car 0.0000 0 1.4517 725.7260 154.3081 757.9719 183.8160 2.0417 1.7683 4.4154 9.4566 0.7588 52.1771 1.6298 0.0026
Car 0.0000 0 -0.4352 870.5073 142.0232 1056.8756 202.6480 1.6762 1.7175 4.5326 10.0491 0.8241 20.8252 0.0087 0.0026
Car 0.0000 0 1.4592 737.8911 159.1711 769.3206 187.8691 1.8122 1.6204 3.6309 9.3701 0.9485 47.4371 1.6528 0.0026
Car 0.0000 0 2.9904 0.0000 216.3058 4.0503 329.3571 1.4082 1.5586 4.1595 -13.6799 2.3083 12.7884 2.1818 0.0025
Car 0.0000 0 0.4619 0.0000 201.1460 21.4082 241.1651 1.5071 1.7935 3.6933 -27.5223 2.7543 30.4410 -0.2689 0.0025
Pedestrian 0.0000 0 -1.0243 518.1392 169.9510 537.3927 204.9235 1.6052 0.6945 0.5688 -3.8585 1.4724 33.5198 -1.1385 0.0025
Car 0.0000 0 -2.0280 654.2421 167.0287 696.7694 189.4756 1.5457 1.6535 3.4864 4.6178 1.1449 51.6054 -1.9396 0.0025
Car 0.0000 0 -2.0445 654.6078 168.2357 696.3436 190.2164 1.5131 1.6194 3.3333 4.6107 1.1955 51.5147 -1.9560 0.0025
Car 0.0000 0 0.2864 0.0000 202.6350 35.8386 243.7086 1.5201 1.8669 4.0142 -27.3622 2.8636 30.8472 -0.4350 0.0025
Car 0.0000 0 1.3976 744.5765 155.6083 787.2741 189.8714 1.8546 1.7234 3.8184 8.7666 0.9215 40.9909 1.6066 0.0025
Car 0.0000 0 0.2544 0.0000 200.0611 28.7941 242.4830 1.5699 1.7425 3.9605 -27.3492 2.7846 30.5258 -0.4720 0.0025
Car 0.0000 0 2.0393 148.2623 206.3694 299.0353 284.0891 1.4442 1.5904 3.6573 -8.8687 2.3116 16.8261 1.5602 0.0025
Cyclist 0.0000 0 1.5397 701.7224 166.4539 711.4104 194.7582 1.6756 0.5246 1.6367 5.7903 1.2971 43.5525 1.6706 0.0025
Car 0.0000 0 -0.9476 881.4462 136.7540 1037.3231 195.3036 1.6093 1.7359 4.8625 10.5356 0.6174 21.7600 -0.5019 0.0025
Car 0.0000 0 -0.2708 1063.3689 160.9204 1242.0000 238.7274 1.2919 1.3805 3.9997 10.8268 1.0941 13.3896 0.3983 0.0025
Pedestrian 0.0000 0 -1.5868 510.4026 172.9786 525.8087 207.5574 1.5749 0.6941 0.4760 -4.2636 1.5811 33.1478 -1.7142 0.0025
Car 0.0000 0 1.7864 151.2299 206.3630 236.4426 273.9159 1.6134 1.4533 3.1674 -11.8698 2.6541 20.6719 1.2703 0.0024
Car 0.0000 0 -0.9637 246.5898 191.6707 389.8857 258.4782 1.6151 1.6991 4.2986 -8.3581 2.2233 21.0163 -1.3384 0.0024
Car 0.0000 0 -0.5637 0.0000 200.2388 29.4739 243.6076 1.5933 1.7999 3.9741 -28.0497 2.8671 31.3913 -1.2889 0.0024
Car 0.0000 0 0.2216 0.0000 202.3008 37.1924 244.4760 1.5577 1.8116 4.0786 -27.3288 2.8912 30.8906 -0.4985 0.0024
Cyclist 0.0000 0 -1.8143 687.4193 163.2061 701.2899 192.4321 1.7403 0.3842 1.9133 5.0950 1.1662 43.9361 -1.7000 0.0024
Cyclist 0.0000 0 1.5585 504.0268 172.9332 514.6804 207.1044 1.5067 0.4560 1.5402 -4.5945 1.5107 32.6104 1.4192 0.0024
Car 0.0000 0 1.4948 588.2100 166.0547 624.1676 193.4581 1.5985 1.8717 4.3672 -0.3193 1.2023 44.3410 1.4873 0.0024
Car 0.0000 0 1.0702 0.0000 199.2727 11.0091 238.3714 1.4470 1.7800 3.6240 -27.2252 2.6020 30.0910 0.3390 0.0024
Car 0.0000 0 0.2779 0.0000 218.2284 26.4460 341.7758 1.5086 1.7640 5.3624 -13.7515 2.4313 12.5224 -0.5435 0.0024
Car 0.0000 0 -2.0353 654.2031 166.8881 698.0813 189.6474 1.5664 1.6725 3.6287 4.6646 1.1561 51.6500 -1.9461 0.0024
Car 0.0000 0 -1.3086 559.0403 156.0373 602.6671 187.7473 2.1071 1.9230 4.5811 -2.0035 0.9900 50.3888 -1.3484 0.0024
Car 0.0000 0 1.3714 663.2293 167.6736 695.9733 188.8629 1.4625 1.6289 3.6889 4.9213 1.1053 51.7193 1.4655 0.0024
Car 0.0000 0 0.2978 0.0000 205.6837 18.0047 247.4796 1.5295 1.7802 4.1154 -28.1116 3.0043 30.7222 -0.4391 0.0024
Car 0.0000 0 1.3781 717.5844 167.7050 744.3470 186.3083 1.6460 1.7172 3.7119 10.9646 1.1908 65.7191 1.5425 0.0024
Car 0.0000 0 2.3196 0.0000 191.4766 66.0039 242.3116 1.5631 1.6617 3.7617 -21.5901 2.2715 25.5117 1.6223 0.0024
Car 0.0000 0 -1.1694 244.3375 192.6064 365.7369 258.3433 1.5981 1.7181 4.1723 -8.7038 2.2278 20.8924 -1.5601 0.0023
Car 0.0000 0 0.9398 0.0000 195.0468 12.5617 238.9048 1.6820 1.7289 3.7064 -27.3727 2.6470 30.1355 0.2067 0.0023
Car 0.0000 0 2.4544 0.0000 192.2531 57.5934 241.9626 1.4850 1.6018 3.5616 -21.4654 2.2065 24.9256 1.7486 0.0023
Car 0.0000 0 1.4759 587.9654 166.3450 624.2314 192.6404 1.5271 1.8019 4.3744 -0.3241 1.1495 44.1688 1.4683 0.0023
Car 0.0000 0 2.7284 0.0000 199.4578 96.6777 241.0154 1.4643 1.5269 3.3115 -23.3174 2.6222 29.5708 2.0649 0.0023
Car 0.0000 0 -3.5341 927.7032 164.4968 1174.7618 241.7687 1.3921 1.6136 3.7732 8.3612 1.2419 14.0488 -3.0068 0.0023
Car 0.0000 0 1.2727 658.9935 167.8436 696.5754 188.8086 1.4500 1.6208 3.8679 4.8085 1.1038 51.9594 1.3641 0.0023
Cyclist 0.0000 0 -1.1146 76.4748 184.3513 125.4753 238.7730 1.6333 0.4178 2.0476 -16.3348 2.0190 23.1370 -1.7242 0.0023
Car 0.0000 0 -1.4510 519.6494 167.7521 561.7839 199.2146 1.5504 1.7232 3.9419 -3.5854 1.2994 37.5448 -1.5459 0.0023
Pedestrian 0.0000 0 -1.3549 559.2122 163.2078 574.9861 196.2751 1.8919 0.7757 0.7138 -2.5102 1.3404 41.6914 -1.4150 0.0023
Car 0.0000 0 1.5488 739.4922 158.1713 766.2904 188.3630 1.9030 1.6344 3.7704 9.3339 0.9779 47.4725 1.7415 0.0023
Car 0.0000 0 -0.4240 1027.2173 161.3043 1242.0000 238.7254 1.3340 1.4695 4.1526 10.3537 1.1354 13.5933 0.2163 0.0023
Car 0.0000 0 -0.4402 875.8669 142.5554 1070.6033 201.7067 1.6364 1.7423 4.7446 10.3347 0.7985 20.8624 0.0140 0.0023
Car 0.0000 0 -0.7528 878.6565 136.4013 1055.4288 196.4176 1.6464 1.7803 4.7778 10.5016 0.6468 21.3492 -0.3011 0.0023
Pedestrian 0.0000 0 -1.3193 559.1945 163.3342 575.1992 196.2678 1.8832 0.7711 0.7102 -2.5039 1.3392 41.6782 -1.3793 0.0022
Car 0.0000 0 0.1570 0.0000 200.7355 38.8069 242.1871 1.5114 1.9512 4.2327 -27.3117 2.7810 30.8897 -0.5629 0.0022
Car 0.0000 0 1.8075 737.1011 158.4498 784.7527 192.1573 1.9286 1.8476 4.4070 9.1545 1.1048 43.6686 2.0125 0.0022
Car 0.0000 0 -1.1013 0.0000 200.9200 4.7993 247.2203 1.6856 1.9421 4.5679 -29.0303 3.0150 31.7063 -1.8386 0.0022
Car 0.0000 0 2.5120 934.6747 160.1860 1173.4954 240.6125 1.4514 1.6583 3.7008 8.4722 1.2232 14.0204 3.0460 0.0022
Cyclist 0.0000 0 -0.0474 684.9229 173.3645 728.0560 218.4194 1.7169 0.5787 1.6227 3.6720 1.7373 27.8559 0.0816 0.0021
Car 0.0000 0 -0.2553 1058.3776 162.0140 1242.0000 239.9705 1.2812 1.3960 4.0389 10.6884 1.1034 13.3017 0.4106 0.0021
Car 0.0000 0 1.5168 740.0822 159.3588 767.5823 188.1632 1.8157 1.5663 3.6150 9.3782 0.9654 47.3801 1.7108 0.0021
Car 0.0000 0 -0.9620 245.5169 191.0280 385.0791 257.8414 1.6121 1.6783 4.0574 -8.3515 2.1898 20.7518 -1.3407 0.0021
Car 0.0000 0 1.7381 585.9213 169.0429 623.5538 193.8984 1.6594 1.9123 4.5202 -0.3435 1.4053 50.5507 1.7310 0.0021
Car 0.0000 0 0.4390 0.0000 201.6695 7.9936 243.6884 1.5752 1.7369 3.6092 -27.9140 2.8396 30.2838 -0.3014 0.0021
Car 0.0000 0 -1.1985 245.1438 191.7558 361.5677 258.9597 1.6343 1.6866 4.0890 -8.7070 2.2327 20.7654 -1.5916 0.0021
Car 0.0000 0 2.1255 0.0000 191.9533 72.8371 240.5878 1.5270 1.4899 3.3771 -21.1030 2.2574 25.8091 1.4450 0.0021
Car 0.0000 0 -0.5093 0.0000 200.2257 24.0495 244.1401 1.6120 1.8588 3.7995 -28.0891 2.8756 31.1992 -1.2382 0.0021
Car 0.0000 0 1.5608 545.1700 175.0451 597.4318 223.4310 1.5797 1.7239 4.7105 -1.4778 1.6669 26.1798 1.5044 0.0021
Car 0.0000 0 1.8069 253.2810 189.9588 352.6752 258.3845 1.6769 1.7287 4.0064 -8.7752 2.2218 20.8515 1.4126 0.0021
Car 0.0000 0 0.1537 246.2778 188.3856 429.2269 253.9636 1.6573 1.7986 4.5616 -7.4990 2.1210 20.1932 -0.1982 0.0020
Car 0.0000 0 -3.0788 905.1295 165.2801 1149.3959 243.7270 1.3708 1.6133 4.0141 8.1154 1.2388 14.3654 -2.5737 0.0020
Cyclist 0.0000 0 1.3255 691.9885 174.1736 717.4460 219.3295 1.6897 0.5610 1.7561 3.6124 1.7428 27.9546 1.4520 0.0020
Car 0.0000 0 1.8432 547.4972 154.9381 595.9240 187.2071 1.8167 1.7144 4.5812 -2.2490 0.8084 43.0411 1.7911 0.0020
Car 0.0000 0 -3.2315 900.1398 162.7855 1165.0776 242.7983 1.4058 1.6626 4.3199 8.0571 1.2292 14.3040 -2.7276 0.0020
Pedestrian 0.0000 0 2.2938 893.1878 149.2186 941.3271 245.0165 1.5629 0.5683 0.4811 5.1092 1.1776 12.1300 2.6833 0.0020
Car 0.0000 0 -0.6655 0.0000 199.4809 7.5029 241.8430 1.5677 1.7130 3.3306 -28.0769 2.7680 30.7292 -1.4016 0.0020
Car 0.0000 0 -1.7199 0.0000 0.0000 1124.1945 375.0000 1.4865 1.5302 3.9837 0.3298 1.6016 1.2944 -1.5238 0.0020
Car 0.0000 0 1.5963 746.8120 154.5925 781.0349 191.5340 1.9639 1.7855 4.3204 8.6852 0.9934 40.6640 1.8050 0.0019
Car 0.0000 0 0.0959 561.4537 170.8407 644.1461 199.1518 1.5320 1.7930 4.4488 -0.3955 1.4235 40.1265 0.0857 0.0019
Car 0.0000 0 -2.8384 869.3633 165.8027 1106.4753 242.5407 1.3768 1.5657 4.0665 7.6249 1.2507 14.9178 -2.3742 0.0019
Car 0.0000 0 1.7808 550.4196 153.6977 592.8830 186.7538 1.8799 1.6399 4.5409 -2.2781 0.7908 43.4021 1.7284 0.0019
Car 0.0000 0 0.1584 0.0000 219.7554 1.8823 335.9580 1.4067 1.7673 5.0063 -14.1385 2.3840 12.7846 -0.6668 0.0019
Car 0.0000 0 -2.1377 649.9500 167.0201 696.8497 189.2927 1.5339 1.7041 3.5409 4.4725 1.1325 51.6538 -2.0521 0.0019
Car 0.0000 0 1.0694 0.0000 197.1622 9.7671 238.4894 1.5481 1.7865 3.5051 -27.2708 2.6114 30.1246 0.3380 0.0019
Car 0.0000 0 -2.7082 0.0000 0.0000 1242.0000 375.0000 1.4845 1.4157 3.3620 5.5450 1.3211 -0.1835 -1.1563 0.0019
Cyclist 0.0000 0 -0.4368 0.0000 193.0703 24.9888 361.9571 1.7013 0.3992 2.0478 -8.2536 1.9696 8.5360 -1.1899 0.0019
Car 0.0000 0 -1.8879 0.0000 0.0000 863.1407 375.0000 1.4221 1.4356 3.6393 0.3228 1.5556 0.9156 -1.6375 0.0019
Car 0.0000 0 -2.1432 650.5220 165.1556 698.1201 188.2487 1.5928 1.6648 3.6872 4.5473 1.0622 51.7835 -2.0564 0.0019
Car 0.0000 0 0.4446 0.0000 200.0694 40.5843 239.3304 1.4770 1.8558 4.1560 -27.1068 2.6875 30.6226 -0.2758 0.0018
Car 0.0000 0 1.0458 0.0000 196.3258 10.3982 239.3993 1.6230 1.7718 3.5960 -27.2847 2.6483 30.1064 0.3139 0.0018
Car 0.0000 0 -2.1586 649.9346 168.3978 695.5453 189.6038 1.4575 1.5800 3.4669 4.4130 1.1516 51.4888 -2.0739 0.0018
Car 0.0000 0 1.9329 438.6539 178.3017 525.3727 227.4825 1.5734 1.6866 4.1223 -4.4998 1.7847 25.7485 1.7611 0.0018
Car 0.0000 0 -0.5673 0.0000 197.5127 16.5865 242.3242 1.6406 1.7487 3.4809 -27.5634 2.7463 30.4288 -1.2991 0.0018
Car 0.0000 0 -0.3058 1023.1922 162.5838 1242.0000 237.7771 1.2808 1.4604 3.9886 10.1661 1.1062 13.6165 0.3250 0.0018
Car 0.0000 0 0.3795 0.0000 201.4914 21.6931 240.3691 1.4404 1.8603 3.6766 -27.5063 2.7093 30.4528 -0.3508 0.0018
Car 0.0000 0 -0.9303 1035.2808 163.5049 1242.0000 239.2342 1.3429 1.5092 4.1896 10.5647 1.1775 14.1296 -0.2985 0.0017
Pedestrian 0.0000 0 -3.1742 769.2273 155.2450 797.8203 210.1620 1.8810 0.7315 0.9422 5.9986 1.2782 25.1623 -2.9433 0.0017
Car 0.0000 0 -0.3479 0.0000 198.1942 35.9508 242.9007 1.6275 1.8712 4.0539 -27.5702 2.7955 31.0169 -1.0704 0.0017
Car 0.0000 0 -0.7358 1038.7719 162.6164 1242.0000 237.9956 1.3434 1.4307 3.8605 10.4275 1.1613 13.7569 -0.0977 0.0017
Car 0.0000 0 1.7306 609.4653 168.0822 635.8354 187.8997 1.5466 1.5914 3.5050 1.0246 1.1745 58.1709 1.7478 0.0017
Car 0.0000 0 1.8281 586.7097 167.9242 628.6074 193.4957 1.7068 1.8453 4.5372 -0.1361 1.3781 50.5838 1.8250 0.0017
Car 0.0000 0 -2.4231 0.0000 0.0000 1242.0000 375.0000 1.4635 1.4619 3.5023 5.0523 1.3226 -0.0364 -0.9021 0.0017
Car 0.0000 0 1.6488 743.0162 158.6505 777.6206 191.2048 1.8914 1.7658 4.0998 9.2032 1.0665 44.1327 1.8528 0.0017
Car 0.0000 0 -0.7450 252.7253 190.1017 404.1178 256.2473 1.5954 1.7070 3.9012 -7.9582 2.1400 20.6362 -1.1093 0.0017
Car 0.0000 0 1.8741 477.5892 165.4054 541.1913 211.3404 1.7462 1.5015 3.7893 -4.0675 1.4634 29.4187 1.7374 0.0017
Pedestrian 0.0000 0 -2.5006 499.6057 170.6960 518.2745 207.0758 1.6239 0.6421 0.5643 -4.6075 1.5279 32.6216 -2.6402 0.0017
Cyclist 0.0000 0 -1.3652 566.5206 174.9116 592.9225 227.7638 1.6772 0.4754 2.0412 -1.0356 1.7490 24.0211 -1.4085 0.0017
Car 0.0000 0 -3.1198 927.8509 159.6013 1168.0891 241.9203 1.4326 1.6410 3.8584 8.4390 1.2023 14.2581 -2.5947 0.0017
Pedestrian 0.0000 0 -1.3980 539.3893 167.0171 555.9854 202.7810 1.7043 0.6759 0.7702 -3.0397 1.4265 34.7951 -1.4849 0.0017
Car 0.0000 0 2.1198 0.0000 190.1900 61.7588 241.4657 1.5876 1.6539 3.8923 -21.7121 2.2563 25.7667 1.4245 0.0017
Car 0.0000 0 1.4036 734.7625 159.1948 772.3660 189.1517 1.8757 1.7823 3.8312 9.2929 1.0208 47.1122 1.5969 0.0017
Car 0.0000 0 -0.6137 854.9448 164.5804 1058.4508 237.0240 1.4986 1.6343 3.8614 7.6086 1.3278 16.0712 -0.1791 0.0016
Car 0.0000 0 2.4914 0.0000 192.0907 78.2138 243.1915 1.5549 1.5919 3.6608 -21.1356 2.2848 25.3956 1.8024 0.0016
Car 0.0000 0 0.2319 256.4284 183.9932 430.5488 249.0959 1.6754 1.8044 4.2437 -7.3332 2.0036 20.0938 -0.1143 0.0016
Pedestrian 0.0000 0 -1.9410 203.8916 192.9427 244.4632 274.0850 1.8199 0.6514 0.6366 -9.0655 2.3024 16.8602 -2.4282 0.0016
Car 0.0000 0 1.9999 210.3914 197.7930 315.9512 254.6960 1.4760 1.6075 3.3968 -10.4583 2.2930 21.9178 1.5590 0.0016
Car 0.0000 0 1.7015 183.9605 187.2619 243.9695 232.6601 1.6033 1.6115 3.7540 -15.7753 2.2199 28.8160 1.2042 0.0016
Car 0.0000 0 -2.1161 650.6674 167.3355 696.5875 189.0890 1.4978 1.6705 3.5467 4.4866 1.1182 51.6362 -2.0302 0.0016
Pedestrian 0.0000 0 -1.1897 538.9324 167.4530 557.8344 203.2240 1.7030 0.6745 0.7616 -3.0081 1.4462 34.8111 -1.2757 0.0016
Car 0.0000 0 2.2565 0.0000 196.0714 59.8790 247.3935 1.5615 1.6681 3.8791 -21.9086 2.4508 25.6699 1.5550 0.0016
Car 0.0000 0 -2.4321 0.0000 0.0000 1242.0000 375.0000 1.5187 1.5691 3.6435 4.8198 1.3281 0.0760 -0.9369 0.0015
Cyclist 0.0000 0 -1.7607 689.4531 174.2634 709.0924 216.8385 1.6244 0.4664 1.6037 3.4607 1.6819 28.3975 -1.6413 0.0015
Car 0.0000 0 0.8254 0.0000 194.2556 14.4915 241.4185 1.4977 1.3859 3.0716 -22.3105 2.2494 24.4964 0.0920 0.0015
Car 0.0000 0 1.6347 742.5705 157.0979 775.5100 189.1345 1.8210 1.6879 3.9409 8.9151 0.9258 43.1337 1.8369 0.0015
Pedestrian 0.0000 0 0.6087 499.6783 170.6031 517.9438 206.4463 1.5989 0.6214 0.5631 -4.6085 1.4988 32.5873 0.4689 0.0015
Car 0.0000 0 -2.3610 1227.7931 135.4455 1242.0000 242.2124 1.5166 1.5803 3.9667 12.9047 0.9856 12.2376 -1.5611 0.0015
Car 0.0000 0 1.9658 554.4559 157.0398 604.3088 188.2355 2.0488 1.9649 4.2035 -2.0820 1.0105 49.6958 1.9239 0.0015
Car 0.0000 0 2.2515 0.0000 195.9234 53.5297 247.5435 1.5655 1.6829 3.8496 -22.0534 2.4455 25.5650 1.5447 0.0015
Car 0.0000 0 1.2527 638.8262 164.2333 674.0698 183.9736 1.6832 1.8864 4.1885 4.0416 0.9485 63.7834 1.3154 0.0015
Pedestrian 0.0000 0 3.1288 36.7645 250.5255 79.6892 311.6317 1.2213 0.4449 0.7409 -12.1649 2.9711 15.8456 2.4819 0.0015
Pedestrian 0.0000 0 -3.2936 772.9386 154.6372 796.3650 208.6237 1.9074 0.6080 0.7285 6.2017 1.2641 25.8225 -3.0609 0.0015
Car 0.0000 0 -1.3503 560.7074 155.8074 601.0703 185.9913 2.0165 1.9398 4.2449 -2.0116 0.8780 50.4623 -1.3901 0.0015
Car 0.0000 0 1.7416 739.0169 159.8149 779.5777 189.4782 1.6924 1.7187 4.1339 8.9930 0.9488 43.4020 1.9443 0.0014
Car 0.0000 0 1.0696 0.0000 193.6051 15.5308 242.8249 1.5424 1.4478 3.1416 -22.3590 2.2918 24.8351 0.3418 0.0014
Car 0.0000 0 -0.1001 1061.4344 165.5278 1242.0000 240.3680 1.2209 1.4389 3.6990 10.4913 1.1018 13.3543 0.5549 0.0014
Cyclist 0.0000 0 0.9426 171.2343 196.5477 252.7871 275.3898 1.7126 0.7335 1.8313 -9.3369 2.2894 16.8286 0.4423 0.0014
Car 0.0000 0 0.1678 559.7516 172.0925 648.9255 200.1824 1.4986 1.8401 4.6750 -0.3145 1.4584 39.7721 0.1595 0.0014
Car 0.0000 0 -2.1658 649.7308 165.9671 697.2667 188.3406 1.5430 1.6896 3.5498 4.4861 1.0684 51.7203 -2.0801 0.0014
Car 0.0000 0 0.2840 254.5132 188.5434 433.3148 253.1147 1.6580 1.7439 4.3381 -7.3064 2.1156 20.0183 -0.0623 0.0014
Pedestrian 0.0000 0 0.5967 200.3773 193.0083 246.4442 275.1894 1.8496 0.7149 0.6582 -9.0526 2.3308 16.8197 0.1091 0.0014
Car 0.0000 0 2.1135 464.5926 168.2025 552.4341 213.1799 1.6737 1.6824 3.9733 -4.0312 1.5010 29.0049 1.9762 0.0014
Car 0.0000 0 1.4540 737.2256 159.5755 772.3287 191.5814 1.9721 1.7696 3.8052 9.2359 1.1543 46.4224 1.6489 0.0014
Car 0.0000 0 1.4431 742.5353 158.1628 780.8610 188.8606 1.7300 1.7214 3.8883 8.8833 0.9024 42.6638 1.6468 0.0013
Car 0.0000 0 1.5280 743.7740 155.8293 779.0108 191.5386 2.0882 1.9159 4.7161 9.2804 1.0930 44.6717 1.7313 0.0013
Car 0.0000 0 -2.1540 0.0000 0.0000 1160.5425 375.0000 1.5062 1.6152 4.0544 1.1132 1.5184 0.9979 -1.4472 0.0013
Car 0.0000 0 -3.3125 1010.7099 163.8504 1242.0000 238.2788 1.2612 1.4110 3.8164 9.7770 1.1090 13.6740 -2.7021 0.0013
Car 0.0000 0 -1.2650 556.8285 154.2685 603.6592 185.7661 2.1038 1.9815 4.6435 -2.0552 0.8628 50.6911 -1.3056 0.0013
Car 0.0000 0 1.1965 737.5629 158.3255 785.4047 189.8948 1.7548 1.5588 3.4432 8.7181 0.9476 41.9327 1.3998 0.0013
Pedestrian 0.0000 0 -0.0404 0.0000 175.7705 3.4774 228.4846 2.0254 0.5661 0.8245 -24.3580 2.1420 28.2626 -0.7472 0.0013
Pedestrian 0.0000 0 -1.0917 510.5302 167.6086 527.7003 203.1895 1.7544 0.6538 0.5840 -4.5660 1.4961 35.9612 -1.2175 0.0013
Car 0.0000 0 1.2657 582.8811 168.2829 625.8630 191.6275 1.5192 1.7430 4.1973 -0.4651 1.2221 49.2186 1.2560 0.0012
Pedestrian 0.0000 0 0.1058 0.0000 176.1207 4.6371 228.8519 2.0277 0.5960 0.8165 -24.3383 2.1583 28.2785 -0.6003 0.0012
Cyclist 0.0000 0 1.3927 577.3907 161.8692 589.1541 188.5558 1.6774 0.4467 1.7584 -1.7517 0.9873 46.2553 1.3548 0.0012
Car 0.0000 0 1.6624 179.0806 184.5893 234.8137 231.7518 1.6845 1.5934 3.7434 -16.0612 2.1866 28.8146 1.1575 0.0012
Car 0.0000 0 -2.5893 1028.0865 163.3522 1242.0000 237.1677 1.2454 1.4293 3.3678 10.1162 1.0854 14.0001 -1.9737 0.0012
Pedestrian 0.0000 0 2.3598 883.8216 145.7145 921.6130 234.7192 1.5226 0.3676 0.4990 5.0621 1.0587 12.6083 2.7332 0.0012
Pedestrian 0.0000 0 -1.1303 509.2618 171.3771 527.8341 205.8739 1.6826 0.6859 0.6792 -4.5502 1.6109 35.6189 -1.2569 0.0012
Car 0.0000 0 2.0365 470.3705 170.4453 543.4995 212.9203 1.6120 1.4751 3.6116 -4.1567 1.5209 29.3273 1.8965 0.0012
Cyclist 0.0000 0 -2.0077 685.0928 165.4149 702.7698 192.0061 1.5948 0.3794 1.7177 5.0934 1.1490 44.1460 -1.8940 0.0011
Pedestrian 0.0000 0 -1.0486 509.9898 167.9725 527.9249 203.2866 1.7404 0.6773 0.6020 -4.5744 1.5002 35.9651 -1.1746 0.0011
Cyclist 0.0000 0 -1.3655 574.3862 175.7865 600.1379 227.1549 1.6042 0.4206 2.1588 -0.7757 1.7056 23.7551 -1.3985 0.0011
Pedestrian 0.0000 0 -1.3738 694.0304 163.7079 715.8566 210.5502 1.7601 0.6957 0.7519 3.5897 1.4168 27.5766 -1.2462 0.0011
Car 0.0000 0 1.1703 580.0756 168.7757 627.8704 194.0757 1.6673 1.7020 4.4391 -0.5025 1.3989 49.9212 1.1600 0.0011
Car 0.0000 0 2.3437 0.0000 195.1456 56.0508 247.8303 1.5812 1.6765 3.8868 -21.9049 2.4259 25.3338 1.6359 0.0011
Cyclist 0.0000 0 0.2620 434.7867 167.1765 475.9527 204.3265 1.6674 0.5457 1.7427 -7.0415 1.4129 32.6988 0.0512 0.0011
Car 0.0000 0 2.0896 461.5731 170.0792 548.5536 214.1257 1.6182 1.6779 3.9451 -4.1173 1.5166 28.6485 1.9477 0.0011
Car 0.0000 0 2.0311 443.0161 179.0862 526.3013 222.0975 1.4233 1.5912 3.5262 -4.5368 1.6678 26.3470 1.8617 0.0010
Car 0.0000 0 -3.6215 1194.6106 153.1223 1242.0000 255.7313 1.3752 1.6882 4.4017 12.0407 1.1111 11.1785 -2.8122 0.0010
Pedestrian 0.0000 0 -1.0856 686.2472 171.2909 708.4156 214.9866 1.6781 0.6405 0.6281 3.3656 1.6184 28.1468 -0.9684 0.0010
Pedestrian 0.0000 0 -1.1291 686.7115 171.1452 708.3154 214.9156 1.6801 0.6361 0.6128 3.3698 1.6149 28.1215 -1.0117 0.0010
Car 0.0000 0 1.9813 0.0000 195.1134 28.4537 249.1773 1.6011 1.7194 3.8947 -22.3100 2.4450 25.2250 1.2623 0.0010
Car 0.0000 0 1.2968 825.2195 145.3570 890.0115 185.0551 1.6749 1.6951 4.0871 11.0286 0.5151 32.5229 1.6209 0.0010
Pedestrian 0.0000 0 -0.9448 509.2705 171.9828 528.9864 206.1503 1.6646 0.7250 0.6452 -4.5214 1.6226 35.6076 -1.0706 0.0010
Car 0.0000 0 1.3360 736.6777 157.8092 785.5127 192.3551 2.0412 1.9276 4.6745 9.3129 1.1526 44.9970 1.5385 0.0010
Car 0.0000 0 0.7842 0.0000 203.7699 10.0447 253.5634 1.5519 1.4652 3.7255 -22.6802 2.6275 24.2871 0.0384 0.0010
Pedestrian 0.0000 0 -0.9441 445.8674 167.8382 466.2959 205.3782 1.6785 0.6307 0.6731 -7.0122 1.4546 32.6942 -1.1542 0.0010
Cyclist 0.0000 0 -1.2205 534.1448 170.2599 559.0082 203.8004 1.5730 0.6298 1.7591 -3.0817 1.4517 34.7674 -1.3087 0.0010
Car 0.0000 0 -0.5148 1224.4211 149.5854 1242.0000 248.1213 1.3446 1.7325 4.5373 12.8252 1.0274 11.3747 0.3177 0.0010
Car 0.0000 0 -1.5129 542.6672 173.8404 596.5378 220.9159 1.5520 1.6943 4.1822 -1.4200 1.5907 25.9666 -1.5676 0.0010
Cyclist 0.0000 0 -1.5723 226.0984 195.4001 254.6407 269.2644 1.5842 0.5674 1.5844 -8.6618 2.1362 16.8168 -2.0420 0.0009
Pedestrian 0.0000 0 -0.9325 445.8615 167.7465 466.0683 205.4547 1.6862 0.6306 0.6531 -7.0168 1.4581 32.6897 -1.1427 0.0009
Pedestrian 0.0000 0 -1.1880 679.7823 170.4515 702.3751 214.8063 1.6865 0.6840 0.6265 3.0909 1.5955 27.8694 -1.0794 0.0009
Car 0.0000 0 1.7202 522.4498 165.3307 565.3937 200.1905 1.7353 1.6699 4.0241 -3.4560 1.3611 37.9718 1.6296 0.0009
Car 0.0000 0 2.3431 0.0000 194.6221 43.3498 246.8675 1.5463 1.6694 3.9004 -22.1140 2.3612 25.0039 1.6241 0.0009
Car 0.0000 0 1.3714 738.5392 155.5725 785.2802 190.2300 2.0440 1.9583 4.5663 9.3341 1.0251 44.8381 1.5751 0.0009
Car 0.0000 0 -3.7052 1187.8978 150.0253 1242.0000 251.1501 1.3786 1.6259 4.3459 11.8337 1.0677 11.1376 -2.9027 0.0009
Car 0.0000 0 1.7447 612.4946 168.2568 637.1835 186.9190 1.4605 1.4688 3.1531 1.1958 1.1011 58.1539 1.7649 0.0009
Car 0.0000 0 -0.6032 1000.4293 165.4730 1242.0000 236.7741 1.3341 1.5606 4.3850 10.3097 1.1964 14.3034 0.0114 0.0009
Pedestrian 0.0000 0 -1.4114 693.6495 163.7139 715.1270 210.5550 1.7612 0.6985 0.8062 3.5737 1.4179 27.6117 -1.2846 0.0009
Car 0.0000 0 2.1977 0.0000 196.9168 27.3935 249.5345 1.5337 1.6481 3.8394 -22.3422 2.4291 24.8435 1.4705 0.0009
Car 0.0000 0 0.9080 652.4199 164.6230 695.7339 183.2625 1.5112 1.5677 3.8678 5.3184 0.8443 60.5466 0.9950 0.0009
Car 0.0000 0 1.6400 855.6103 146.5754 903.9227 185.4286 1.6116 1.7326 4.5378 12.1133 0.5219 32.3505 1.9953 0.0008
Car 0.0000 0 1.2734 735.2645 156.7875 787.7804 191.1727 2.0252 1.9060 4.6318 9.3143 1.0793 44.8896 1.4764 0.0008
Cyclist 0.0000 0 -1.7603 754.9910 160.5165 773.6676 194.7150 1.8834 0.5882 2.3917 8.7057 1.2043 40.9349 -1.5525 0.0008
Pedestrian 0.0000 0 3.4811 49.4528 250.1162 97.9751 309.5725 1.2080 0.5080 0.7304 -11.8674 2.9499 15.9124 2.8480 0.0008
Car 0.0000 0 1.1206 578.1343 169.0287 624.8067 192.6862 1.5585 1.7009 3.8431 -0.6595 1.3069 49.6293 1.1070 0.0008
Pedestrian 0.0000 0 -1.7256 694.8608 165.7138 709.9377 196.2429 1.8140 0.7965 0.6976 5.4995 1.3901 43.2312 -1.6003 0.0008
Car 0.0000 0 -0.8111 909.5195 154.7554 1162.0939 240.6131 1.5158 1.7693 4.4012 8.3023 1.1966 14.2158 -0.2918 0.0008
Car 0.0000 0 1.1643 0.0000 197.0847 7.0584 251.3769 1.6369 1.5343 4.0056 -22.6702 2.5160 24.6395 0.4258 0.0008
Car 0.0000 0 -0.3615 907.3524 168.9517 1173.5575 241.1917 1.3608 1.7082 4.3557 8.5432 1.2876 14.7670 0.1540 0.0008
Car 0.0000 0 2.5578 944.3021 161.5658 1191.8099 241.7255 1.4486 1.5482 3.8139 8.6415 1.2450 13.8804 3.1048 0.0008
Car 0.0000 0 -1.3580 475.8987 166.8350 536.8846 211.4245 1.7434 1.7388 3.9031 -4.3013 1.5084 30.2180 -1.4987 0.0007
Pedestrian 0.0000 0 -1.6230 225.0423 177.6771 262.0087 263.6396 1.9660 0.7498 0.5367 -8.6688 2.0826 16.9651 -2.0895 0.0007
Pedestrian 0.0000 0 2.9772 23.1337 248.5673 75.4322 317.7240 1.3395 0.5754 0.8091 -12.1267 3.0226 15.5419 2.3226 0.0007
Car 0.0000 0 -3.2600 1030.6508 163.8185 1242.0000 237.4469 1.2356 1.4229 3.4941 9.9053 1.0844 13.5700 -2.6399 0.0007
Car 0.0000 0 -1.3128 470.8624 170.6222 535.9698 213.7965 1.6858 1.7520 3.9143 -4.4217 1.5990 30.2141 -1.4574 0.0007
Car 0.0000 0 2.0548 0.0000 195.1583 22.2070 248.6221 1.5830 1.6474 3.6537 -22.3611 2.4164 24.9757 1.3298 0.0007
Pedestrian 0.0000 0 -0.9046 765.2125 147.5181 791.4854 200.1599 2.0598 0.6499 0.8242 6.6646 1.0688 28.7422 -0.6794 0.0007
Cyclist 0.0000 0 -1.1323 695.9955 165.1735 718.5964 193.7267 1.6931 0.5605 2.0142 5.8817 1.2380 43.7803 -1.0000 0.0007
Pedestrian 0.0000 0 -1.3675 516.4850 166.7547 532.2815 200.7026 1.6777 0.6734 0.6118 -4.3056 1.3766 35.9890 -1.4861 0.0007
Car 0.0000 0 -1.7321 172.3243 190.1693 240.3536 238.3647 1.6926 1.7546 4.1183 -16.3439 2.4418 29.0465 -2.2411 0.0006
Car 0.0000 0 -3.8417 1230.5817 141.9103 1242.0000 241.0045 1.3669 1.6713 3.8159 12.1226 0.9404 11.0087 -3.0213 0.0006
Car 0.0000 0 -3.8517 1228.6857 149.2757 1242.0000 245.4243 1.3289 1.5759 3.7956 11.9930 1.0034 10.9566 -3.0344 0.0006
Cyclist 0.0000 0 -1.5494 696.9532 166.8776 706.8391 195.4842 1.6907 0.5593 1.7132 5.5166 1.3378 43.5298 -1.4246 0.0006
Pedestrian 0.0000 0 -1.2883 691.9598 173.3477 711.4830 217.0178 1.6637 0.6035 0.6131 3.5059 1.6835 27.8961 -1.1652 0.0006
Pedestrian 0.0000 0 -1.2434 691.4142 172.9209 712.5775 217.1246 1.6823 0.6365 0.6546 3.5160 1.6852 27.8912 -1.1200 0.0006
Pedestrian 0.0000 0 -0.9513 450.7766 166.2001 470.4434 203.6586 1.6705 0.6246 0.6225 -6.7852 1.3742 32.5867 -1.1553 0.0006
Pedestrian 0.0000 0 -0.8917 450.8712 166.4109 470.8947 203.7246 1.6629 0.6144 0.6490 -6.7720 1.3761 32.5817 -1.0954 0.0005
Cyclist 0.0000 0 1.5664 494.4777 172.5225 505.9745 206.7040 1.5048 0.5011 1.5491 -4.9991 1.4906 32.5669 1.4148 0.0005
Cyclist 0.0000 0 -1.7295 693.2687 165.2652 706.8545 193.8436 1.7054 0.4806 2.1817 5.4684 1.2529 44.1532 -1.6074 0.0005
Cyclist 0.0000 0 1.7236 448.3488 168.4427 465.4142 204.0868 1.5681 0.5127 1.6245 -6.9416 1.3744 32.5655 1.5148 0.0005
Pedestrian 0.0000 0 -1.4446 516.9946 166.7783 532.1179 200.8950 1.6870 0.6781 0.6109 -4.2961 1.3869 35.9832 -1.5630 0.0005
Cyclist 0.0000 0 0.1217 509.9772 165.7470 545.9906 199.7282 1.6787 0.6650 1.7171 -4.1200 1.3280 35.9812 0.0081 0.0005
Cyclist 0.0000 0 -1.5792 696.8359 165.1084 704.5352 193.9556 1.7099 0.4404 2.1945 5.4766 1.2512 43.8823 -1.4562 0.0005
Car 0.0000 0 -3.8626 1228.6918 147.4895 1242.0000 243.3532 1.3239 1.5745 3.8029 11.9664 0.9740 10.9287 -3.0452 0.0004
Car 0.0000 0 -3.3318 986.4915 162.8509 1242.0000 237.7314 1.2952 1.4370 3.9684 9.5060 1.1225 13.9105 -2.7424 0.0004
Pedestrian 0.0000 0 -0.9599 697.7543 165.4585 717.1395 194.8457 1.7373 0.7134 0.9909 5.8108 1.3004 43.2583 -0.8276 0.0004
Pedestrian 0.0000 0 0.3209 222.5302 184.2244 259.4695 266.3428 1.8682 0.7222 0.5712 -8.6948 2.1416 16.9221 -0.1478 0.0004
Car 0.0000 0 -1.1791 471.9845 172.4460 540.6140 212.5710 1.5671 1.5868 3.5756 -4.2956 1.5515 30.1053 -1.3201 0.0003
Car 0.0000 0 -3.9323 1229.9360 146.8349 1242.0000 242.4423 1.3423 1.6240 3.8615 12.0439 0.9774 10.9915 -3.1145 0.0003
Car 0.0000 0 -1.0118 926.0498 143.4532 1173.2615 240.3279 1.6710 1.9613 4.8853 8.7856 1.1642 14.4311 -0.4743 0.0003
Car 0.0000 0 -3.5489 1001.5351 163.7892 1242.0000 234.3109 1.2646 1.4614 3.7262 9.8259 1.1024 14.0125 -2.9474 0.0003
Car 0.0000 0 1.9756 519.9437 162.3597 578.7581 196.6276 1.7221 1.6222 4.1484 -3.2015 1.1951 38.4825 1.8928 0.0003
Car 0.0000 0 2.4094 970.4815 164.8567 1204.8508 241.5926 1.3713 1.5048 3.7547 9.1074 1.2287 13.9392 2.9782 0.0002
Car 0.0000 0 -1.2483 476.3206 174.8541 540.2523 213.5775 1.5094 1.5876 3.6118 -4.2326 1.5989 30.2410 -1.3866 0.0002
Pedestrian 0.0000 0 -1.2750 515.9042 172.7857 534.0444 205.1157 1.5782 0.7463 0.6003 -4.2283 1.5752 35.5802 -1.3929 0.0002
Pedestrian 0.0000 0 3.6019 15.5786 240.4708 75.3358 315.9095 1.5029 0.6218 0.8154 -12.1217 2.9870 15.4458 2.9446 0.0002
Cyclist 0.0000 0 1.5621 513.6157 170.8549 527.3023 204.0328 1.6025 0.6555 1.7660 -4.4847 1.5063 35.7664 1.4378 0.0002
Car 0.0000 0 2.0019 515.8732 161.7681 580.2195 199.1373 1.8459 1.6927 4.3936 -3.2198 1.2987 37.9926 1.9176 0.0002
Car 0.0000 0 2.1727 469.7307 168.4385 551.8113 211.2282 1.6693 1.5358 3.7662 -4.1153 1.4974 30.1725 2.0378 0.0002
Car 0.0000 0 2.2703 1240.8982 148.5554 1242.0000 253.9233 1.3338 1.6564 4.5575 11.6784 1.0266 10.0125 3.1179 0.0002
Pedestrian 0.0000 0 1.3031 910.2943 149.4264 955.7154 275.5139 1.6463 0.4276 0.5239 4.2837 1.3408 9.7070 1.7069 0.0002
Car 0.0000 0 -3.9336 1229.5402 146.7003 1242.0000 244.8785 1.3712 1.6072 3.9066 12.0004 1.0063 10.9301 -3.1148 0.0002
Car 0.0000 0 -0.9622 955.0225 162.3158 1171.1243 242.8913 1.4380 1.6347 4.1145 9.0348 1.2503 14.4486 -0.4129 0.0002
Car 0.0000 0 2.3055 1235.6345 146.2517 1242.0000 244.2459 1.3689 1.6029 3.9558 12.0653 0.9977 10.9048 3.1280 0.0002
Car 0.0000 0 -3.8751 1218.3500 144.8501 1242.0000 244.5109 1.3728 1.6363 3.9905 11.8988 0.9874 10.9146 -3.0599 0.0001
Car 0.0000 0 -3.8575 1214.9470 147.5459 1242.0000 247.1479 1.3739 1.6167 3.9035 11.8177 1.0252 10.9395 -3.0468 0.0001
Car 0.0000 0 2.5166 989.4050 163.0759 1222.0364 232.3159 1.3116 1.5689 3.6459 9.8137 1.1267 14.5223 3.1012 0.0001
Cyclist 0.0000 0 3.2282 440.1177 167.7617 480.6152 204.6849 1.6471 0.5770 1.7472 -6.7845 1.4203 32.5724 3.0241 0.0001
Pedestrian 0.0000 0 3.1114 47.2859 241.5266 90.9017 313.3766 1.4169 0.5791 0.7385 -11.7127 2.9413 15.5543 2.4739 0.0000