Car 0.0000 0 1.7274 472.5250 172.8288 525.4593 209.4707 1.5312 1.7213 4.2187 -4.5189 1.1698 32.1355 1.5838 0.9901
Car 0.0000 0 1.7400 471.5804 173.2831 526.2424 209.4679 1.5130 1.7497 4.2303 -4.5250 1.1704 32.1693 1.5963 0.9829
Car 0.0000 0 1.7402 471.0275 173.0706 525.8605 209.6761 1.5292 1.7538 4.2348 -4.5422 1.1781 32.1456 1.5959 0.9828
Car 0.0000 0 1.7385 470.9957 173.0915 525.6798 209.4369 1.5190 1.7552 4.2306 -4.5484 1.1686 32.1541 1.5940 0.9805
Car 0.0000 0 1.7348 471.8396 173.4097 525.9197 209.4601 1.5067 1.7420 4.2364 -4.5249 1.1695 32.1547 1.5910 0.9756
Car 0.0000 0 1.7321 472.2576 173.3384 525.7664 209.2863 1.5030 1.7308 4.2129 -4.5200 1.1628 32.1532 1.5885 0.9725
Car 0.0000 0 1.7389 472.9221 173.1033 525.7182 209.1712 1.5066 1.6508 4.3621 -4.5117 1.1568 32.2034 1.5958 0.9668
Car 0.0000 0 1.7353 471.8557 173.5596 525.8580 209.4787 1.5023 1.7401 4.2209 -4.5286 1.1712 32.1703 1.5915 0.9511
Car 0.0000 0 1.7198 473.7565 172.8184 525.1340 209.1099 1.5181 1.6825 4.2327 -4.5048 1.1559 32.1666 1.5767 0.9492
Car 0.0000 0 1.7145 473.2055 173.2530 525.0987 209.3754 1.5112 1.7229 4.2654 -4.5186 1.1671 32.1819 1.5710 0.9484
Car 0.0000 0 1.7321 471.8999 173.2130 525.9340 209.3263 1.5095 1.7490 4.2516 -4.5242 1.1641 32.1638 1.5884 0.9482
Car 0.0000 0 1.7259 472.5711 172.8025 525.8371 209.2742 1.5255 1.7404 4.2516 -4.5145 1.1627 32.1790 1.5826 0.9399
Car 0.0000 0 1.7418 472.7000 173.0956 525.8463 208.8827 1.4954 1.6601 4.3321 -4.5139 1.1452 32.2025 1.5985 0.8369
Car 0.0000 0 1.7384 470.2282 173.0706 524.6140 209.2659 1.5111 1.7268 4.3234 -4.5899 1.1602 32.1666 1.5928 0.7994
Car 0.0000 0 1.7009 473.2186 173.2700 523.5407 209.2716 1.5050 1.7084 4.2445 -4.5524 1.1619 32.1606 1.5564 0.7185
Car 0.0000 0 1.7191 472.3640 172.6425 524.2648 209.2028 1.5228 1.6753 4.4396 -4.5472 1.1549 32.1405 1.5747 0.7115
Car 0.0000 0 -2.0198 282.3488 174.9531 360.5541 215.4156 1.5394 1.5905 3.4738 -11.3890 1.2913 29.0896 -2.3950 0.4301
Car 0.0000 0 -2.0701 281.2832 174.4340 362.8449 215.1773 1.5489 1.6234 3.4206 -11.3344 1.2813 29.0265 -2.4444 0.3506
Car 0.0000 0 -2.0342 280.9833 174.6896 362.6434 215.6259 1.5526 1.6618 3.5352 -11.3555 1.2953 29.0418 -2.4090 0.3349
Pedestrian 0.0000 0 -1.0352 352.9752 173.0231 377.0028 214.7653 1.6389 0.5737 0.8219 -9.4480 1.3071 28.6634 -1.3560 0.2808
Pedestrian 0.0000 0 -0.8202 353.0848 173.1481 377.6984 214.6739 1.6313 0.5592 0.7713 -9.4405 1.3042 28.6844 -1.1405 0.2588
Pedestrian 0.0000 0 -1.0472 350.1645 171.7021 372.9798 214.3401 1.6757 0.5679 0.7465 -9.5809 1.2917 28.6507 -1.3723 0.2515
Car 0.0000 0 -1.9661 286.7700 173.9875 363.1124 215.2342 1.5701 1.6435 3.5494 -11.2914 1.2852 29.1899 -2.3373 0.2511
Car 0.0000 0 -2.2075 276.7043 174.4350 367.9897 215.2200 1.5432 1.5526 3.6263 -11.2269 1.2769 28.7978 -2.5812 0.2370
Cyclist 0.0000 0 -0.9405 350.1631 172.5960 386.8950 214.5558 1.6400 0.5907 1.5841 -9.3775 1.2930 28.9174 -1.2565 0.2337
Car 0.0000 0 -1.9163 289.7003 174.3874 361.7162 215.5226 1.5695 1.6192 3.5551 -11.2966 1.2991 29.2773 -2.2866 0.2326
Pedestrian 0.0000 0 3.4196 0.0000 200.3107 2.5883 309.5501 1.3593 0.3672 0.5426 -8.2150 1.6120 9.3137 2.7050 0.2278
Pedestrian 0.0000 0 -0.7583 350.1862 171.8194 373.5885 214.2209 1.6653 0.5466 0.7030 -9.5696 1.2861 28.6486 -1.0830 0.2261
Cyclist 0.0000 0 -1.5941 1023.4023 167.0503 1045.6304 235.7662 1.5658 0.3922 1.6563 10.3149 1.2377 17.1849 -1.0654 0.2213
Pedestrian 0.0000 0 3.1249 0.0000 198.6198 0.4198 308.1057 1.3548 0.3776 0.5518 -8.2077 1.5859 9.3124 2.4108 0.2175
Car 0.0000 0 -1.9035 292.7737 174.1228 361.8051 214.6286 1.5447 1.5707 3.4477 -11.2068 1.2644 29.2150 -2.2719 0.2135
Car 0.0000 0 -1.6939 307.3325 174.0095 360.1170 214.6896 1.5403 1.5813 3.3928 -10.8926 1.2577 29.0664 -2.0546 0.2127
Car 0.0000 0 -2.2029 275.6714 175.1697 363.6994 215.1614 1.5194 1.5980 3.3822 -11.3545 1.2799 28.8660 -2.5796 0.2109
Car 0.0000 0 -1.7307 307.0333 173.8185 360.8070 214.0863 1.5381 1.5234 3.3588 -10.9592 1.2457 29.2708 -2.0911 0.2075
Pedestrian 0.0000 0 -1.4611 42.0389 156.3768 65.7033 207.4394 1.9973 0.6845 0.6301 -21.7693 1.0156 28.5418 -2.1132 0.2041
Pedestrian 0.0000 0 -1.4036 40.6983 156.2997 65.9702 208.0246 2.0209 0.6989 0.6612 -21.7720 1.0373 28.5182 -2.0561 0.1815
Cyclist 0.0000 0 -1.4847 1025.8933 166.4615 1052.5131 236.6146 1.5867 0.4183 1.6975 10.3720 1.2478 17.0568 -0.9503 0.1703
Car 0.0000 0 -2.0928 275.1895 174.9140 364.4252 216.3323 1.5663 1.6999 3.7511 -11.4172 1.3183 28.9945 -2.4699 0.1611
Car 0.0000 0 -2.3169 273.4336 174.8026 362.1558 215.0399 1.5330 1.6061 3.1268 -11.3734 1.2788 28.7637 -2.6954 0.1592
Car 0.0000 0 -2.3349 272.2474 174.6757 363.2848 215.2963 1.5457 1.6129 3.2083 -11.3604 1.2870 28.7309 -2.7134 0.1591
Car 0.0000 0 -1.7177 306.0546 174.1018 359.2732 214.5384 1.5379 1.5273 3.4073 -10.9767 1.2576 29.1777 -2.0796 0.1575
Car 0.0000 0 -2.4248 267.2494 174.8424 367.5359 215.3833 1.5333 1.5546 3.5484 -11.2733 1.2825 28.4867 -2.8036 0.1510
Pedestrian 0.0000 0 -0.7675 352.1400 172.5444 377.7025 214.8860 1.6544 0.5945 0.7684 -9.4134 1.3055 28.5431 -1.0885 0.1477
Pedestrian 0.0000 0 -0.8455 348.0520 172.0049 373.2681 214.7345 1.6685 0.5551 0.8073 -9.5762 1.2988 28.5267 -1.1717 0.1458
Pedestrian 0.0000 0 -1.5036 42.3411 157.5055 66.0900 207.2564 1.9484 0.7100 0.6804 -21.8061 1.0097 28.6089 -2.1554 0.1431
Car 0.0000 0 0.0069 568.3715 174.7961 619.8580 194.1622 1.4359 1.6264 3.8185 -0.5309 0.9395 54.0881 -0.0078 0.1326
Car 0.0000 0 -1.8501 294.9716 173.7203 360.5552 214.6392 1.5569 1.5865 3.4519 -11.1781 1.2620 29.1847 -2.2180 0.1261
Cyclist 0.0000 0 2.5999 113.0988 175.7639 162.0318 218.2330 1.7539 0.6209 1.6690 -19.7232 1.5180 30.5489 2.0254 0.1256
Pedestrian 0.0000 0 -1.4155 41.5128 157.3207 67.0520 207.4271 1.9636 0.7126 0.6926 -21.8129 1.0171 28.6221 -2.0672 0.1253
Car 0.0000 0 -1.6632 309.3500 174.2717 358.3502 214.3063 1.5243 1.5431 3.4214 -10.9448 1.2501 29.2228 -2.0237 0.1182
Pedestrian 0.0000 0 -0.4662 348.6278 172.3365 373.3889 214.8152 1.6580 0.5345 0.7738 -9.5559 1.3013 28.4980 -0.7921 0.1172
Pedestrian 0.0000 0 -0.6849 352.2076 172.7917 376.9903 214.9103 1.6446 0.5737 0.7384 -9.4168 1.3056 28.5119 -1.0063 0.1132
Car 0.0000 0 -1.7032 297.2170 174.7922 352.0865 215.1395 1.5219 1.6176 3.3775 -11.2196 1.2699 28.9621 -2.0749 0.1112
Car 0.0000 0 -1.9831 292.6964 175.3975 368.4380 215.3499 1.5204 1.5582 3.5866 -11.0520 1.2892 29.1587 -2.3475 0.1071
Car 0.0000 0 -2.5618 266.3134 175.1035 362.0260 215.3352 1.5371 1.6012 3.1731 -11.4008 1.2938 28.5395 -2.9438 0.1069
Car 0.0000 0 -1.2300 307.3958 175.6662 374.5834 214.5229 1.4762 1.5325 3.3119 -10.4370 1.2556 28.9493 -1.5782 0.1068
Pedestrian 0.0000 0 -0.7141 0.0000 169.3058 7.9760 215.9601 1.8014 0.6549 0.5474 -23.7461 1.3316 28.0549 -1.4169 0.1021
Car 0.0000 0 -1.4918 306.5620 175.8213 354.2328 215.2748 1.4922 1.5484 3.3474 -10.8961 1.2785 28.9894 -1.8534 0.0963
Cyclist 0.0000 0 -1.0108 345.4540 172.5625 382.3731 215.2243 1.6403 0.5802 1.7031 -9.4274 1.2977 28.5124 -1.3325 0.0958
Car 0.0000 0 -2.5219 265.8206 174.3717 363.2324 214.9295 1.5474 1.6063 3.2743 -11.4038 1.2765 28.5707 -2.9036 0.0945
Car 0.0000 0 -1.8637 294.4013 173.0126 361.4453 214.3177 1.5711 1.5708 3.5678 -11.1835 1.2493 29.2102 -2.2314 0.0926
Car 0.0000 0 -2.5691 263.0061 175.6473 361.9519 215.6550 1.5303 1.6061 3.3099 -11.4795 1.3074 28.5719 -2.9531 0.0912
Car 0.0000 0 -1.9973 282.7879 174.0472 364.0424 215.4067 1.5726 1.6798 3.7231 -11.3626 1.2902 29.2095 -2.3703 0.0911
Car 0.0000 0 -3.1132 566.9368 174.2031 617.2213 193.7991 1.4578 1.6168 3.7430 -0.6699 0.9155 54.2657 -3.1304 0.0908
Car 0.0000 0 -3.1024 565.3396 174.1377 616.5909 193.6984 1.4540 1.6358 3.8143 -0.7453 0.9073 54.2508 -3.1210 0.0899
Cyclist 0.0000 0 -0.9644 343.5159 172.5549 379.5563 214.9182 1.6368 0.5252 1.6400 -9.5568 1.2922 28.6129 -1.2891 0.0888
Car 0.0000 0 -1.2299 312.0646 173.4485 380.3874 212.9836 1.5332 1.5494 3.5994 -10.4680 1.2220 29.6558 -1.5715 0.0886
Car 0.0000 0 -3.0782 564.6497 173.3791 617.3584 193.4678 1.4931 1.6426 3.8954 -0.7423 0.8901 54.2955 -3.0968 0.0848
Car 0.0000 0 -2.3703 267.5222 175.2700 363.0417 215.8629 1.5427 1.6454 3.3411 -11.4406 1.3069 28.6928 -2.7516 0.0832
Car 0.0000 0 -1.5808 812.0425 169.0729 840.3832 197.3225 1.6159 1.5521 3.7319 13.4496 0.9059 43.0961 -1.2850 0.0828
Car 0.0000 0 3.0670 567.3453 173.9411 616.7602 194.0092 1.4789 1.6255 3.5887 -0.7076 0.9225 53.9106 3.0490 0.0810
Pedestrian 0.0000 0 -1.4251 0.0000 168.9576 5.8642 215.9383 1.8084 0.6603 0.5822 -23.7682 1.3266 28.0689 -2.1281 0.0802
Car 0.0000 0 0.0099 567.3854 174.4769 615.7437 194.2875 1.4692 1.6206 3.5871 -0.7207 0.9489 54.0959 -0.0084 0.0780
Car 0.0000 0 -1.2351 310.6755 173.5252 379.2329 213.6324 1.5453 1.5490 3.6248 -10.4611 1.2390 29.4919 -1.5783 0.0775
Cyclist 0.0000 0 3.1336 112.7046 173.4928 160.3519 216.1241 1.7629 0.6770 1.6811 -19.7116 1.4328 30.4476 2.5579 0.0745
Pedestrian 0.0000 0 -1.3689 832.1652 162.1611 850.9263 204.4273 1.8683 0.6936 0.6063 10.7473 1.0144 32.1849 -1.0541 0.0745
Car 0.0000 0 -1.8250 293.1480 173.9034 358.2774 214.9550 1.5549 1.6238 3.4893 -11.2293 1.2682 29.0964 -2.1954 0.0743
Car 0.0000 0 -1.0544 308.5107 175.1321 391.6678 213.3543 1.4549 1.5543 3.7626 -10.1815 1.2135 29.3301 -1.3908 0.0742
Car 0.0000 0 1.3492 342.0995 172.7449 378.8261 196.4909 1.6617 1.6323 4.2520 -17.6324 1.0496 52.5034 1.0217 0.0724
Cyclist 0.0000 0 -0.9628 325.2878 169.6780 362.8253 215.4977 1.7523 0.5448 1.6660 -10.1556 1.3012 28.3434 -1.3090 0.0719
Car 0.0000 0 1.3194 342.2925 172.9048 380.7626 196.6436 1.6645 1.6463 4.2595 -17.5867 1.0625 52.5993 0.9932 0.0708
Cyclist 0.0000 0 2.6511 117.9520 175.3874 166.2972 217.3085 1.7326 0.6192 1.6352 -19.5326 1.4810 30.5510 2.0810 0.0699
Car 0.0000 0 -3.1204 566.7904 174.4401 615.8196 194.3810 1.4788 1.6334 3.6364 -0.7314 0.9558 54.0889 -3.1388 0.0692
Car 0.0000 0 3.1616 563.7361 173.5368 616.5945 194.2351 1.5354 1.6662 3.9212 -0.8182 0.9453 54.1184 3.1416 0.0690
Car 0.0000 0 -1.2824 805.3521 154.3464 839.8295 178.5780 1.9691 1.7110 4.1649 18.8768 -0.2572 61.1171 -0.9888 0.0673
Cyclist 0.0000 0 2.7200 121.2133 175.9890 168.2542 216.8481 1.6977 0.6174 1.5826 -19.5031 1.4697 30.6750 2.1525 0.0667
Car 0.0000 0 3.4209 255.8696 175.0482 358.6330 215.6481 1.5381 1.5683 3.4343 -11.4906 1.2947 28.1783 3.0318 0.0663
Pedestrian 0.0000 0 -0.5555 1177.0863 141.2267 1238.0000 243.6076 1.8161 0.5606 0.6707 10.9821 1.1030 13.0607 0.1286 0.0655
Pedestrian 0.0000 0 -1.4748 0.0000 166.0922 10.1856 213.1267 1.8237 0.6551 0.6630 -23.7794 1.2273 28.3082 -2.1739 0.0655
Car 0.0000 0 3.4237 256.4223 174.7032 357.8047 215.4021 1.5464 1.5886 3.3859 -11.5312 1.2892 28.2627 3.0344 0.0651
Car 0.0000 0 -2.0284 276.4476 175.1901 364.7157 216.2401 1.5566 1.7182 4.0547 -11.4927 1.3183 29.2342 -2.4050 0.0647
Pedestrian 0.0000 0 -1.4743 833.2023 161.6609 850.2243 204.4817 1.8932 0.6722 0.6071 10.7499 1.0170 32.1689 -1.1593 0.0608
Car 0.0000 0 1.6387 810.0757 169.2220 840.0094 197.3151 1.6029 1.4910 3.6336 13.4017 0.9031 42.9452 1.9344 0.0599
Car 0.0000 0 -1.2086 310.2451 173.5766 379.5801 213.1610 1.5294 1.5394 3.5294 -10.4784 1.2242 29.5294 -1.5519 0.0592
Car 0.0000 0 -2.5446 268.0493 175.0297 363.2389 215.3288 1.5377 1.5772 3.1746 -11.3371 1.2919 28.5187 -2.9249 0.0586
Car 0.0000 0 -0.0111 567.8070 174.3432 616.3370 194.2392 1.4755 1.5972 3.6029 -0.6985 0.9454 54.1211 -0.0289 0.0581
Car 0.0000 0 -1.3104 806.4093 155.3992 839.6087 178.1860 1.8436 1.7057 4.1418 18.8670 -0.2911 60.9713 -1.0163 0.0580
Pedestrian 0.0000 0 -1.2301 234.4923 171.0819 250.3036 202.5286 1.8222 0.6633 0.6071 -20.9709 1.2193 41.9647 -1.6960 0.0558
Car 0.0000 0 -1.2402 309.3482 173.8809 377.6045 213.6882 1.5221 1.5519 3.5542 -10.4376 1.2318 29.2515 -1.5851 0.0549
Car 0.0000 0 3.4109 254.9768 175.1850 357.3879 215.6271 1.5345 1.5970 3.4273 -11.5609 1.2959 28.2526 3.0207 0.0544
Car 0.0000 0 -1.2096 277.7075 175.4404 352.7324 216.1565 1.5073 1.6115 3.5355 -11.2307 1.2840 28.3710 -1.5885 0.0540
Pedestrian 0.0000 0 2.3471 1165.5551 141.4778 1233.6844 244.0855 1.8416 0.6582 0.7095 10.9888 1.1245 13.2582 3.0244 0.0535
Pedestrian 0.0000 0 -1.7685 1129.0553 155.2345 1165.1260 227.0235 1.6884 0.5764 0.6043 13.0898 1.0719 17.2882 -1.1328 0.0533
Cyclist 0.0000 0 2.4131 119.4932 176.2236 163.6852 216.7368 1.6895 0.6187 1.5901 -19.7136 1.4704 30.8019 1.8425 0.0528
Car 0.0000 0 -1.6091 810.7148 171.0162 840.5758 198.0594 1.5446 1.5358 3.6261 13.3769 0.9466 42.9755 -1.3140 0.0522
Car 0.0000 0 3.4454 245.2918 175.9594 357.8296 215.5378 1.5004 1.6185 3.7694 -11.7183 1.2914 28.2069 3.0499 0.0511
Pedestrian 0.0000 0 -0.7146 1176.5978 139.4008 1238.0000 242.2815 1.8288 0.5981 0.6415 10.9923 1.0817 13.0753 -0.0305 0.0500
Cyclist 0.0000 0 -1.1200 346.8252 172.0415 378.6782 214.0815 1.6451 0.5838 1.6007 -9.6173 1.2760 28.9387 -1.4433 0.0498
Pedestrian 0.0000 0 -1.3560 44.9057 154.7095 71.0984 206.2551 2.0161 0.7335 0.5303 -21.5652 0.9693 28.4886 -2.0045 0.0491
Car 0.0000 0 -1.0572 310.8978 174.3517 392.8927 212.6046 1.4701 1.5598 3.7365 -10.1966 1.1964 29.5808 -1.3915 0.0485
Car 0.0000 0 -1.1194 280.3062 176.1440 360.4498 215.8144 1.4638 1.5831 3.4843 -10.9994 1.2672 28.3015 -1.4920 0.0476
Car 0.0000 0 -0.8631 316.5631 174.0834 407.6263 213.0712 1.5041 1.5899 3.6430 -9.8239 1.2190 29.6965 -1.1850 0.0470
Pedestrian 0.0000 0 -1.6405 1130.6439 154.5855 1164.0453 227.1427 1.7031 0.5892 0.6180 13.0880 1.0726 17.2775 -1.0045 0.0469
Car 0.0000 0 -1.6976 807.2275 171.9953 842.7148 198.8939 1.5340 1.5328 3.7352 13.3150 0.9928 42.9327 -1.4036 0.0465
Pedestrian 0.0000 0 2.2803 1166.9775 137.7453 1232.5024 242.1501 1.8499 0.6103 0.7007 10.8530 1.0759 13.0894 2.9577 0.0463
Pedestrian 0.0000 0 -1.7031 236.5901 166.8465 251.7916 201.6314 1.9767 0.6924 0.7170 -20.5464 1.1448 41.3099 -2.1671 0.0459
Car 0.0000 0 2.9465 566.7838 173.3692 617.4129 194.0070 1.5107 1.6465 3.5308 -0.6954 0.9161 53.7571 2.9287 0.0448
Car 0.0000 0 -1.2126 297.6088 176.5383 368.4019 215.9803 1.4713 1.5468 3.3838 -10.5807 1.2873 28.4861 -1.5703 0.0448
Car 0.0000 0 1.4205 348.4924 173.0470 380.2172 197.1287 1.6906 1.5969 4.0686 -17.3764 1.0978 52.6007 1.0980 0.0447
Cyclist 0.0000 0 3.0166 121.0038 173.9508 167.2214 215.8003 1.7469 0.7112 1.5936 -19.5957 1.4328 30.7656 2.4483 0.0434
Pedestrian 0.0000 0 -1.3000 127.6239 175.0138 150.6803 215.9396 1.7226 0.6821 0.6407 -19.7283 1.4505 30.6396 -1.8732 0.0434
Pedestrian 0.0000 0 -1.1208 233.7533 171.2948 250.3069 202.7322 1.8240 0.6765 0.5917 -20.9982 1.2326 41.9757 -1.5872 0.0433
Pedestrian 0.0000 0 1.3581 124.5001 177.1208 147.8183 217.7021 1.6929 0.7204 0.5892 -19.7248 1.5112 30.4277 0.7818 0.0430
Car 0.0000 0 2.9606 567.2706 173.8781 617.4867 194.0811 1.4796 1.6447 3.5133 -0.6754 0.9220 53.7594 2.9432 0.0429
Car 0.0000 0 0.0065 569.5216 173.8636 621.5309 193.4489 1.4587 1.6323 3.8745 -0.4267 0.8905 54.3282 -0.0063 0.0425
Cyclist 0.0000 0 0.0077 109.6330 171.6003 156.7736 215.1342 1.8028 0.6673 1.6612 -19.8644 1.3938 30.4746 -0.5711 0.0417
Car 0.0000 0 -1.8918 284.7861 173.9465 359.2850 215.2400 1.5618 1.6952 3.7904 -11.4089 1.2771 29.1636 -2.2667 0.0416
Cyclist 0.0000 0 -1.4821 1013.2587 164.9867 1038.4950 237.0138 1.6253 0.3906 1.6694 10.0229 1.2539 17.0025 -0.9614 0.0405
Car 0.0000 0 -1.0085 310.1621 173.5385 396.1600 212.7574 1.5103 1.5782 3.8059 -10.1797 1.2047 29.6924 -1.3411 0.0397
Car 0.0000 0 1.3471 643.8295 168.7065 683.4779 195.1765 1.5915 1.6236 3.9583 3.8759 0.8230 45.2616 1.4271 0.0396
Pedestrian 0.0000 0 -1.7538 236.0724 166.9130 252.0187 201.7217 1.9779 0.7058 0.6889 -20.5501 1.1498 41.3014 -2.2180 0.0395
Pedestrian 0.0000 0 -3.7653 1164.8389 143.1619 1233.3132 244.2530 1.8161 0.6630 0.7162 10.9708 1.1286 13.2524 -3.0886 0.0395
Car 0.0000 0 -1.8675 283.5649 175.1199 355.2574 216.6747 1.5648 1.6987 3.6074 -11.4429 1.3256 28.9870 -2.2455 0.0393
Pedestrian 0.0000 0 -1.3335 1015.1705 163.9471 1048.0106 237.1436 1.6499 0.5450 0.5349 9.8888 1.2554 16.5704 -0.8076 0.0382
Pedestrian 0.0000 0 -1.6195 125.5115 176.7997 146.1433 217.1211 1.6816 0.7039 0.5911 -19.7229 1.4865 30.4010 -2.1962 0.0375
Car 0.0000 0 0.0600 568.6431 173.6948 619.3925 193.5397 1.4754 1.6309 3.7532 -0.5157 0.8957 54.3035 0.0456 0.0372
Car 0.0000 0 -3.1077 0.0000 0.0000 1100.5342 374.0000 1.5995 1.6657 3.8949 2.3707 1.6352 1.1020 -2.0661 0.0369
Pedestrian 0.0000 0 -1.5421 1140.7048 156.0113 1170.4319 227.4354 1.6478 0.5475 0.6175 13.0689 1.0610 16.9824 -0.8987 0.0366
Pedestrian 0.0000 0 -1.3754 1015.9433 164.4309 1046.9351 237.3258 1.6442 0.5272 0.5263 9.8866 1.2604 16.5719 -0.8497 0.0357
Car 0.0000 0 -2.2006 32.6499 169.4628 133.2413 207.7746 1.6022 1.6110 3.8399 -22.6670 1.0998 31.3983 -2.8269 0.0355
Pedestrian 0.0000 0 -0.5495 143.5029 161.3991 178.8871 212.2775 2.0643 0.6631 1.0609 -18.2525 1.2498 29.7660 -1.1007 0.0354
Car 0.0000 0 0.6824 798.1143 158.5828 849.9765 179.4163 1.6636 1.7006 3.9263 18.5441 -0.1794 59.8823 0.9767 0.0352
Car 0.0000 0 -2.4464 257.3428 175.2959 365.0263 216.1958 1.5545 1.6677 3.7966 -11.5881 1.3198 28.6720 -2.8324 0.0352
Car 0.0000 0 -1.5924 649.0351 169.5074 675.4208 195.0656 1.5514 1.5557 3.9117 3.8292 0.8242 45.5982 -1.5140 0.0343
Car 0.0000 0 0.8617 798.7388 158.5239 848.1846 179.7364 1.7012 1.7474 4.0149 18.5727 -0.1527 60.1619 1.1551 0.0336
Car 0.0000 0 1.0917 0.0000 0.0000 1238.0000 374.0000 1.5069 1.6551 3.8420 -20.3777 1.5910 0.9880 -0.4227 0.0334
Pedestrian 0.0000 0 -0.5597 1168.2664 140.0191 1233.8785 242.1492 1.8144 0.5781 0.7180 10.8719 1.0787 13.0882 0.1185 0.0328
Pedestrian 0.0000 0 -1.5329 47.0519 154.6652 69.8276 205.2112 1.9742 0.7020 0.5307 -21.5366 0.9271 28.4730 -2.1809 0.0322
Pedestrian 0.0000 0 1.9427 1157.4084 139.1309 1218.9552 242.8856 1.8540 0.6873 0.6851 10.8225 1.0982 13.3029 2.6109 0.0318
Pedestrian 0.0000 0 -1.4962 827.5177 163.7943 844.1395 206.4134 1.8891 0.6736 0.5555 10.5035 1.1053 32.2217 -1.1885 0.0318
Cyclist 0.0000 0 1.9836 0.0000 171.3510 15.8230 215.8829 1.7011 0.4715 1.6376 -23.7711 1.3144 28.2891 1.2843 0.0316
Pedestrian 0.0000 0 -0.6548 143.3891 160.8176 179.4636 212.0942 2.0816 0.6360 1.1221 -18.2588 1.2430 29.7958 -1.2057 0.0313
Pedestrian 0.0000 0 1.5504 137.1158 175.4624 156.0595 216.4170 1.7216 0.6685 0.6586 -19.4273 1.4688 30.6529 0.9843 0.0312
Car 0.0000 0 1.5692 354.8559 172.6828 379.3398 196.9757 1.7195 1.6567 4.2137 -17.3159 1.0960 53.1019 1.2505 0.0310
Pedestrian 0.0000 0 -1.3724 37.2339 159.5179 62.0374 207.5262 1.8847 0.6620 0.6960 -22.0248 1.0227 28.6562 -2.0282 0.0309
Cyclist 0.0000 0 3.2112 118.0726 173.1926 164.4296 215.2566 1.7628 0.6783 1.6324 -19.7201 1.4157 30.7913 2.6404 0.0306
Pedestrian 0.0000 0 -1.5492 135.9852 174.9745 154.9950 215.7531 1.7144 0.6733 0.6234 -19.4578 1.4410 30.6382 -2.1162 0.0305
Car 0.0000 0 1.4506 349.7446 172.6262 380.2876 197.2857 1.7374 1.6369 4.0800 -17.3936 1.1128 52.8016 1.1289 0.0305
Pedestrian 0.0000 0 -1.4054 827.0020 164.0256 844.4924 206.2168 1.8707 0.6721 0.5270 10.5035 1.0968 32.2344 -1.0978 0.0303
Cyclist 0.0000 0 -0.9639 344.0855 172.6649 380.8579 214.4443 1.6203 0.5446 1.6712 -9.5594 1.2787 28.7353 -1.2875 0.0301
Car 0.0000 0 -2.6364 251.9167 175.7177 363.7205 216.3287 1.5525 1.6457 3.7830 -11.6200 1.3325 28.4950 -3.0255 0.0299
Car 0.0000 0 -1.8647 286.1575 173.4433 358.2480 215.0321 1.5770 1.6697 3.8832 -11.4492 1.2725 29.2770 -2.2395 0.0298
Pedestrian 0.0000 0 -1.4388 48.1725 155.0578 75.2717 207.4929 2.0622 0.8016 0.5465 -21.5624 1.0233 28.6829 -2.0839 0.0289
Pedestrian 0.0000 0 -1.4804 370.9088 173.2707 382.0001 197.8103 1.7444 0.7131 0.5526 -16.0837 1.1601 51.4074 -1.7872 0.0287
Car 0.0000 0 0.7248 798.7512 158.3644 852.7994 179.1801 1.6540 1.7470 4.1741 18.6587 -0.2000 59.8142 1.0211 0.0286
Cyclist 0.0000 0 -0.2272 343.0537 171.6444 390.5494 214.2878 1.6618 0.5968 1.7129 -9.3837 1.2787 28.6899 -0.5457 0.0285
Cyclist 0.0000 0 -0.8638 345.7196 171.9775 385.8548 214.6109 1.6505 0.5795 1.6730 -9.4123 1.2829 28.6912 -1.1832 0.0283
Car 0.0000 0 1.3565 344.5118 173.1053 380.0470 196.9581 1.6835 1.6264 4.1161 -17.6227 1.0917 52.8810 1.0313 0.0277
Pedestrian 0.0000 0 0.2044 1172.3167 177.4789 1229.4457 276.6198 1.4022 0.3959 0.5787 8.7211 1.3466 10.5060 0.8797 0.0277
Car 0.0000 0 1.1125 0.0000 0.0000 1238.0000 374.0000 1.4907 1.6176 3.7773 -20.2022 1.6384 0.9919 -0.4012 0.0274
Cyclist 0.0000 0 -0.9868 1005.0774 163.7022 1070.1235 237.2869 1.6383 0.4860 1.6175 10.0298 1.2433 16.5643 -0.4545 0.0274
Car 0.0000 0 1.5090 352.8185 172.8285 379.7443 197.3381 1.7348 1.6274 3.9593 -17.3564 1.1217 52.9821 1.1889 0.0273
Cyclist 0.0000 0 3.2222 110.3098 172.7986 158.3731 215.5234 1.7709 0.6689 1.6626 -19.8023 1.4113 30.4628 2.6447 0.0271
Car 0.0000 0 0.7942 590.2645 193.1419 1238.0000 374.0000 1.5681 1.6623 4.1927 1.3485 1.6467 2.5041 1.2395 0.0269
Pedestrian 0.0000 0 -1.8235 365.9534 173.7405 378.3273 198.0283 1.7227 0.7125 0.6080 -16.3918 1.1729 51.3950 -2.1358 0.0268
Pedestrian 0.0000 0 -1.3699 36.3857 159.3560 61.6198 207.1720 1.8754 0.6689 0.7205 -22.0392 1.0079 28.6425 -2.0262 0.0268
Car 0.0000 0 -1.9706 633.8548 167.9521 683.9208 194.9788 1.6336 1.6339 4.2197 3.5998 0.8155 45.6779 -1.8973 0.0267
Car 0.0000 0 1.4806 347.6017 173.4805 377.3642 196.6713 1.6191 1.6646 4.2607 -17.4595 1.0598 52.4334 1.1557 0.0264
Cyclist 0.0000 0 -2.6234 1132.6954 141.5482 1238.0000 242.7513 1.7586 0.4577 1.5832 10.7870 1.0656 13.2994 -1.9566 0.0260
Car 0.0000 0 -1.6110 648.8877 168.6550 676.2393 194.7400 1.5835 1.5449 3.8940 3.8479 0.8045 45.5788 -1.5322 0.0257
Car 0.0000 0 -1.9348 45.3194 168.7948 130.1660 208.5972 1.6581 1.6913 4.1126 -22.7534 1.1298 31.7609 -2.5575 0.0252
Car 0.0000 0 1.3553 641.2115 168.2690 680.0254 195.1464 1.6207 1.6024 3.9819 3.6964 0.8236 45.3957 1.4311 0.0251
Car 0.0000 0 1.1493 630.6345 167.3802 681.9343 194.8514 1.6571 1.6526 4.1857 3.4269 0.8061 45.5775 1.2190 0.0247
Car 0.0000 0 -0.8841 319.3957 173.9586 409.8064 212.7171 1.5034 1.5973 3.6908 -9.7747 1.2119 29.8693 -1.2029 0.0245
Car 0.0000 0 0.4111 0.0000 0.0000 1238.0000 374.0000 1.5834 1.7475 4.2998 -4.6716 1.6366 0.2354 -1.0586 0.0245
Car 0.0000 0 1.0844 628.8611 168.3038 683.4375 195.0508 1.6164 1.6318 4.2667 3.4255 0.8197 45.6895 1.1538 0.0241
Cyclist 0.0000 0 -1.4571 838.1415 166.4189 846.7693 194.4393 1.6970 0.3396 1.5753 14.8695 0.7844 44.2887 -1.1399 0.0239
Pedestrian 0.0000 0 -1.8208 365.8560 173.7423 378.1924 197.9850 1.7194 0.6981 0.6583 -16.4051 1.1698 51.4100 -2.1332 0.0238
Car 0.0000 0 -1.8001 640.2222 168.9797 679.4163 195.6410 1.6097 1.5766 4.0013 3.6514 0.8545 45.4662 -1.7254 0.0235
Car 0.0000 0 -1.0257 521.6041 165.2768 558.2563 185.4021 1.8547 1.6694 3.9731 -5.7764 0.3600 68.3481 -1.1145 0.0228
Car 0.0000 0 -1.8770 636.9151 168.6898 680.6261 195.1661 1.5967 1.5803 4.0632 3.5818 0.8249 45.4759 -1.8038 0.0226
Car 0.0000 0 -1.7791 56.8575 167.2684 130.7584 209.7360 1.7679 1.7361 4.7924 -22.7952 1.1765 32.1644 -2.3967 0.0225
Car 0.0000 0 1.4627 351.1610 172.7629 380.3170 197.4114 1.7431 1.6142 3.8711 -17.3672 1.1258 52.8920 1.1420 0.0224
Car 0.0000 0 -1.3479 318.0340 173.1500 378.9973 213.2378 1.5577 1.6230 3.6721 -10.4381 1.2343 29.8280 -1.6869 0.0223
Car 0.0000 0 -1.0165 520.5886 164.1414 558.9282 186.0331 2.0149 1.7117 4.1665 -5.7902 0.4176 68.3573 -1.1055 0.0222
Cyclist 0.0000 0 -1.2360 323.2727 170.6013 352.1507 216.8126 1.7440 0.5625 1.6053 -10.2520 1.3337 27.9143 -1.5901 0.0220
Car 0.0000 0 -2.2785 259.3697 174.6121 365.4816 216.2276 1.5812 1.7180 4.0952 -11.6972 1.3205 28.9946 -2.6639 0.0217
Cyclist 0.0000 0 -0.1264 338.2183 171.1718 384.2297 213.4477 1.6439 0.5427 1.6783 -9.5590 1.2433 28.5402 -0.4519 0.0215
Car 0.0000 0 1.3724 344.3035 173.0310 379.6820 197.0438 1.6946 1.6595 4.2006 -17.6598 1.0976 52.9257 1.0469 0.0213
Car 0.0000 0 -1.0712 312.8792 174.0884 395.3881 212.9205 1.5017 1.5878 3.8592 -10.1790 1.2161 29.8118 -1.4027 0.0213
Pedestrian 0.0000 0 -1.6408 48.7047 155.0950 75.3945 207.7269 2.0646 0.8138 0.5617 -21.5352 1.0298 28.6546 -2.2858 0.0211
Car 0.0000 0 -2.9084 0.0000 0.0000 1039.6891 374.0000 1.5787 1.6771 3.8667 1.8515 1.7001 1.0623 -1.9665 0.0210
Car 0.0000 0 2.0843 524.6076 168.2269 560.0180 185.4840 1.6069 1.7338 3.8525 -5.6041 0.3713 68.9990 1.9987 0.0210
Car 0.0000 0 1.2724 336.8649 171.2221 379.5219 196.3756 1.7621 1.7030 4.4714 -17.8439 1.0427 52.6288 0.9421 0.0209
Car 0.0000 0 -1.0020 520.5839 167.9884 555.0232 186.3499 1.6923 1.6061 3.5506 -5.9685 0.4474 68.1480 -1.0939 0.0208
Car 0.0000 0 1.4906 601.6000 171.9464 622.5547 187.5772 1.4022 1.5887 4.1569 0.9940 0.5456 66.5675 1.5006 0.0206
Cyclist 0.0000 0 1.5211 368.5991 172.7117 377.8214 197.2800 1.7401 0.5486 1.5661 -16.4166 1.1183 51.7044 1.2101 0.0206
Car 0.0000 0 -1.8023 55.0430 167.3815 129.2443 209.2117 1.7549 1.6964 4.6125 -22.9545 1.1635 32.2914 -2.4214 0.0205
Car 0.0000 0 0.8189 802.3682 159.0605 853.2711 179.4340 1.6154 1.7108 4.0452 18.7578 -0.1773 59.5941 1.1178 0.0202
Cyclist 0.0000 0 0.0465 336.1611 172.4762 382.6039 213.9218 1.6233 0.5709 1.7333 -9.6554 1.2709 28.6473 -0.2810 0.0201
Pedestrian 0.0000 0 2.3744 1154.3500 140.1977 1222.7460 241.4998 1.8233 0.6870 0.6992 10.8200 1.0812 13.3031 3.0425 0.0201
Pedestrian 0.0000 0 0.7487 1171.8944 176.9399 1234.5619 274.8347 1.3859 0.3946 0.5871 8.7312 1.3227 10.4862 1.4255 0.0198
Pedestrian 0.0000 0 -0.5085 140.2539 159.5610 175.4510 211.0118 2.0885 0.6302 1.0710 -18.3986 1.1990 29.7779 -1.0630 0.0197
Car 0.0000 0 -0.9790 517.7299 166.9104 556.3597 185.3736 1.6993 1.6815 4.0791 -6.0458 0.3569 68.3037 -1.0718 0.0196
Car 0.0000 0 -1.1597 316.7439 173.9395 394.3218 212.8089 1.5105 1.6380 3.9073 -10.1601 1.2177 29.9267 -1.4894 0.0194
Car 0.0000 0 -0.6005 803.0474 173.5097 878.2090 200.0761 1.5027 1.6725 3.9130 13.9690 1.0515 41.9836 -0.2862 0.0194
Car 0.0000 0 -1.5526 648.9012 168.4572 675.2062 194.3067 1.5757 1.6005 3.9617 3.8974 0.7814 45.8337 -1.4732 0.0194
Car 0.0000 0 4.1597 0.0000 0.0000 1238.0000 374.0000 1.5726 1.6953 4.0991 -20.5595 1.5588 1.0016 2.6454 0.0193
Car 0.0000 0 -0.8457 802.1144 171.4188 872.9374 199.5593 1.5813 1.6515 4.1058 13.8620 1.0156 42.1193 -0.5346 0.0188
Cyclist 0.0000 0 -0.8310 332.9961 170.7100 371.7349 215.3755 1.6984 0.5107 1.5726 -9.7584 1.2891 28.1355 -1.1671 0.0187
Car 0.0000 0 0.9580 805.9736 159.1098 852.6102 179.8944 1.6485 1.7326 3.8975 18.8243 -0.1371 59.4204 1.2588 0.0187
Car 0.0000 0 -1.0258 522.7689 166.0705 557.9769 185.5424 1.7926 1.6035 3.8029 -5.7239 0.3725 68.1886 -1.1141 0.0186
Car 0.0000 0 1.0271 623.7517 168.3040 681.6270 194.7026 1.6102 1.6305 4.4268 3.2366 0.8060 46.1516 1.0918 0.0185
Car 0.0000 0 -2.6226 516.0746 168.7735 558.2515 184.2625 1.4741 1.6175 3.7805 -6.2121 0.2632 69.8817 -2.7158 0.0185
Pedestrian 0.0000 0 1.3470 130.2015 177.0030 153.3139 216.9290 1.6647 0.6938 0.6645 -19.4886 1.4782 30.4283 0.7762 0.0184
Cyclist 0.0000 0 -1.6798 1004.8800 164.3804 1034.5596 234.4831 1.5959 0.3968 1.7940 9.9949 1.2074 17.2534 -1.1664 0.0182
Car 0.0000 0 0.1830 70.5759 184.5838 177.9585 215.8149 1.4414 1.6303 4.1367 -23.1560 1.5994 35.0192 -0.4029 0.0179
Pedestrian 0.0000 0 -1.9184 129.5730 177.5644 153.3166 217.6666 1.6731 0.6821 0.6026 -19.4963 1.5099 30.4216 -2.4895 0.0177
Car 0.0000 0 -1.9617 574.8845 173.2077 613.2694 193.5671 1.4913 1.6321 3.6509 -0.5759 0.8845 54.6144 -1.9772 0.0174
Car 0.0000 0 -0.9153 318.8514 174.3174 411.0922 213.0803 1.5023 1.6357 3.8698 -9.7709 1.2249 29.9338 -1.2333 0.0171
Car 0.0000 0 2.1239 76.9730 177.9038 160.0900 216.3674 1.5058 1.4794 3.0308 -19.8688 1.3660 29.6610 1.5327 0.0171
Car 0.0000 0 -0.6310 805.7511 171.2060 880.8030 197.7770 1.5066 1.6526 3.9672 14.1759 0.9237 42.1262 -0.3132 0.0170
Car 0.0000 0 -3.4756 0.0000 0.0000 1238.0000 374.0000 1.5483 1.5779 3.8505 38.6181 1.1294 1.6273 -1.9586 0.0167
Cyclist 0.0000 0 -1.7223 831.5023 166.5810 841.3725 195.1073 1.7301 0.3317 1.5851 14.5169 0.8260 44.3737 -1.4128 0.0167
Cyclist 0.0000 0 -3.3304 1126.3517 141.8949 1238.0000 242.5752 1.7800 0.4964 1.6651 10.7469 1.0810 13.2992 -2.6655 0.0167
Car 0.0000 0 -0.9833 518.5824 167.3598 555.7592 185.8175 1.6990 1.6392 3.9053 -6.0299 0.3978 68.2260 -1.0760 0.0165
Cyclist 0.0000 0 -1.0175 1015.1833 162.3700 1082.4365 236.8963 1.6577 0.5513 1.6470 10.3084 1.2334 16.5965 -0.4739 0.0164
Car 0.0000 0 1.0475 0.0000 0.0000 1238.0000 374.0000 1.5007 1.6504 3.8281 -20.0207 1.5881 1.2582 -0.4523 0.0160
Pedestrian 0.0000 0 -1.4633 228.0278 172.3391 243.2642 204.1862 1.8305 0.7216 0.6909 -21.2493 1.3048 41.7380 -1.9367 0.0160
Car 0.0000 0 -2.0375 538.1788 173.3918 579.9600 193.8412 1.4977 1.6028 3.8360 -3.2409 0.9045 54.6686 -2.1014 0.0159
Car 0.0000 0 -0.9537 515.6189 167.0793 554.1689 184.9755 1.6487 1.7138 3.9111 -6.2531 0.3206 68.2977 -1.0495 0.0159
Car 0.0000 0 -0.9356 515.1479 166.9408 554.8178 184.9379 1.6570 1.7183 4.0181 -6.2435 0.3169 68.2997 -1.0313 0.0159
Car 0.0000 0 -0.9405 517.0908 166.0318 556.7368 185.4491 1.7865 1.6554 4.1199 -6.0566 0.3637 68.2823 -1.0335 0.0158
Car 0.0000 0 0.1499 67.7346 183.5511 166.7270 214.9616 1.4467 1.5859 3.7869 -23.3684 1.5513 34.8080 -0.4429 0.0158
Car 0.0000 0 1.2754 634.2589 167.4411 678.4191 194.9880 1.6611 1.6617 4.0200 3.4266 0.8141 45.4588 1.3453 0.0157
Car 0.0000 0 0.8751 0.0000 0.0000 1238.0000 374.0000 1.5500 1.6664 3.9870 -20.4943 1.5812 1.3006 -0.6245 0.0156
Car 0.0000 0 -0.9655 516.4515 167.5294 553.8786 185.4321 1.6499 1.6761 3.8232 -6.2268 0.3628 68.2780 -1.0609 0.0156
Pedestrian 0.0000 0 -0.3670 143.2454 162.3194 181.5905 212.7314 2.0515 0.6790 1.1992 -18.2918 1.2719 29.9123 -0.9170 0.0154
Car 0.0000 0 1.5542 345.7258 172.6700 370.6157 194.9847 1.5560 1.6287 4.1496 -17.7297 0.9409 52.3142 1.2240 0.0153
Pedestrian 0.0000 0 -0.5981 140.0661 158.6005 177.0954 210.5465 2.1088 0.5984 1.1772 -18.3901 1.1802 29.8181 -1.1518 0.0153
Car 0.0000 0 -2.6445 516.3237 168.3451 558.3569 184.0803 1.4984 1.6126 3.7574 -6.1935 0.2460 69.8817 -2.7373 0.0152
Pedestrian 0.0000 0 -1.0955 226.3102 171.6024 244.6968 203.8215 1.8561 0.7172 0.6896 -21.2518 1.2867 41.7259 -1.5690 0.0151
Pedestrian 0.0000 0 -0.6251 143.2112 162.2462 182.2917 212.4906 2.0452 0.6586 1.2407 -18.2882 1.2625 29.9373 -1.1746 0.0151
Car 0.0000 0 -3.4509 0.0000 0.0000 1238.0000 374.0000 1.5691 1.6188 3.9354 38.5896 1.1759 1.6089 -1.9334 0.0150
Car 0.0000 0 -3.4377 0.0000 0.0000 1238.0000 374.0000 1.5509 1.6263 3.8969 38.6220 1.1883 1.5584 -1.9189 0.0149
Pedestrian 0.0000 0 -1.3655 326.0067 174.9715 349.1838 219.6284 1.6908 0.7339 0.5763 -10.1283 1.4446 27.5342 -1.7201 0.0148
Car 0.0000 0 -0.9966 516.4143 168.0321 551.6022 186.1043 1.6636 1.6700 3.5518 -6.3224 0.4242 68.0841 -1.0937 0.0148
Car 0.0000 0 1.4046 345.7290 172.3074 379.9058 196.0709 1.6802 1.6827 4.3455 -17.6583 1.0309 53.1001 1.0801 0.0147
Pedestrian 0.0000 0 0.0491 323.6339 161.4259 349.4521 227.3387 1.8864 0.6570 0.6783 -7.7559 1.3130 20.9709 -0.3063 0.0147
Cyclist 0.0000 0 0.6398 822.3488 161.1222 860.6249 203.4559 1.8534 0.6792 1.5222 10.7587 0.9622 32.2642 0.9542 0.0147
Car 0.0000 0 -1.3035 813.8028 165.3239 857.1939 192.9530 1.6681 1.6711 3.8644 14.8493 0.6922 45.4421 -0.9943 0.0146
Cyclist 0.0000 0 -2.2386 1119.5668 155.5543 1183.6311 226.8698 1.6444 0.4616 1.3663 13.1493 1.0474 17.2506 -1.5997 0.0146
Car 0.0000 0 -0.9024 514.3112 166.4546 555.2038 184.2024 1.6356 1.7152 4.1004 -6.2721 0.2494 68.3837 -0.9983 0.0144
Car 0.0000 0 -1.0344 521.5961 165.5065 558.4677 184.9770 1.7974 1.6972 4.0257 -5.7778 0.3213 68.4923 -1.1231 0.0143
Cyclist 0.0000 0 -0.6771 134.9980 162.8001 190.4148 212.9689 2.0139 0.6756 1.9846 -18.2362 1.2642 29.8808 -1.2262 0.0143
Car 0.0000 0 -0.9252 517.3685 167.2379 557.0427 185.0677 1.6513 1.6782 4.0724 -6.0669 0.3308 68.6986 -1.0178 0.0142
Car 0.0000 0 -0.9790 517.5920 165.8395 556.8658 184.8689 1.7514 1.6616 4.2247 -6.0311 0.3104 68.3632 -1.0715 0.0141
Cyclist 0.0000 0 -1.7130 1018.8640 167.5474 1052.7571 238.1285 1.5457 0.4224 1.5951 9.9528 1.2414 16.5474 -1.1837 0.0140
Car 0.0000 0 -1.9868 37.3976 169.7147 128.7268 209.4499 1.6561 1.7148 4.1994 -22.9363 1.1659 31.7347 -2.6137 0.0138
Car 0.0000 0 -2.5586 516.0660 167.9805 559.0491 184.2335 1.5484 1.6585 3.9057 -6.1955 0.2607 70.0814 -2.6513 0.0136
Car 0.0000 0 -0.8384 313.1541 174.5334 407.5474 213.3082 1.4710 1.5683 3.7149 -9.7481 1.2077 29.2645 -1.1624 0.0135
Car 0.0000 0 -0.6545 807.6960 170.1318 884.1279 197.9208 1.5779 1.7013 4.0695 14.3767 0.9332 42.2562 -0.3335 0.0134
Pedestrian 0.0000 0 -0.2142 1178.7859 170.9621 1236.7924 275.9408 1.4659 0.4357 0.5516 8.6784 1.3201 10.3466 0.4661 0.0134
Car 0.0000 0 -1.1575 525.6374 166.4804 556.6118 185.5126 1.7475 1.5935 3.6703 -5.6337 0.3688 67.9457 -1.2447 0.0133
Car 0.0000 0 0.9921 0.0000 0.0000 1238.0000 374.0000 1.5132 1.6615 3.9115 -20.2066 1.5763 1.2907 -0.5068 0.0131
Car 0.0000 0 0.1580 68.5558 182.9864 164.8535 214.4106 1.4542 1.5817 3.6756 -23.4413 1.5303 34.8706 -0.4354 0.0131
Car 0.0000 0 0.0750 70.5816 184.5128 167.1178 215.9521 1.4459 1.6114 3.7961 -23.4024 1.6003 34.9829 -0.5162 0.0130
Car 0.0000 0 -1.2610 338.7348 171.8376 380.6346 195.4962 1.6373 1.7041 4.1074 -17.3501 0.9692 51.7769 -1.5877 0.0128
Pedestrian 0.0000 0 0.0229 323.8609 162.4854 343.9264 227.9091 1.8579 0.5733 0.5325 -7.7555 1.3190 20.7546 -0.3358 0.0128
Car 0.0000 0 0.2801 60.4962 179.4967 163.1422 211.6600 1.5023 1.6303 3.8253 -23.7156 1.4097 34.9222 -0.3180 0.0126
Pedestrian 0.0000 0 -0.5967 139.6379 162.5933 178.0580 212.1215 2.0152 0.6255 1.2234 -18.4353 1.2469 29.9109 -1.1502 0.0123
Car 0.0000 0 1.2866 575.9719 173.3909 611.2763 193.9702 1.5090 1.6094 4.0188 -0.6175 0.9150 54.8288 1.2704 0.0121
Pedestrian 0.0000 0 0.1213 321.9174 163.4123 345.7831 228.0956 1.8375 0.5661 0.5838 -7.7534 1.3248 20.7475 -0.2374 0.0119
Pedestrian 0.0000 0 -0.4451 140.8391 162.7945 177.4805 212.4025 2.0210 0.6382 1.1359 -18.4264 1.2599 29.9114 -0.9984 0.0118
Car 0.0000 0 2.4999 0.0000 0.0000 1238.0000 374.0000 1.5501 1.6493 3.9831 -29.4730 2.1867 0.3078 0.9435 0.0117
Car 0.0000 0 -3.3899 0.0000 0.0000 1238.0000 374.0000 1.5690 1.6232 3.9579 38.3813 1.1429 1.5448 -1.8710 0.0116
Car 0.0000 0 -2.5811 146.0957 174.9642 222.2028 198.5887 1.5385 1.5948 4.1529 -27.6290 1.1136 47.6422 -3.1091 0.0115
Car 0.0000 0 0.4113 0.0000 0.0000 1238.0000 374.0000 1.5464 1.6341 3.9089 -20.2818 1.5537 1.4943 -1.0780 0.0113
Car 0.0000 0 1.5000 108.9639 169.4788 143.1012 199.4734 2.0733 1.7774 3.7102 -34.1979 1.2430 51.6608 0.9126 0.0113
Car 0.0000 0 0.1549 70.1879 184.1265 169.6056 215.6946 1.4571 1.6405 3.8150 -23.3374 1.5914 34.9576 -0.4354 0.0112
Pedestrian 0.0000 0 -1.4798 829.4500 171.8634 842.5004 202.4906 1.7481 0.6626 0.6638 13.5307 1.1989 41.4316 -1.1711 0.0111
Car 0.0000 0 1.6090 606.3950 172.8237 624.3503 188.7772 1.4319 1.5357 3.8267 1.3491 0.6535 66.4207 1.6243 0.0109
Pedestrian 0.0000 0 0.6836 1174.5496 171.3786 1237.5353 274.7321 1.4478 0.4260 0.5498 8.6787 1.3074 10.3733 1.3627 0.0108
Car 0.0000 0 1.3584 337.0290 172.2084 374.6064 195.9407 1.6515 1.7091 4.2578 -17.8857 1.0055 52.2484 1.0252 0.0107
Car 0.0000 0 1.6392 353.4988 173.1066 379.6881 196.7461 1.6635 1.5709 4.0188 -17.1701 1.0735 52.6886 1.3206 0.0106
Pedestrian 0.0000 0 2.9456 323.0398 160.3779 350.1305 225.6265 1.8650 0.6348 0.6288 -7.7617 1.2624 20.9643 2.5899 0.0106
Car 0.0000 0 1.7172 608.2760 172.5370 630.7623 188.5948 1.4383 1.5464 3.8901 1.7362 0.6359 66.3843 1.7383 0.0106
Cyclist 0.0000 0 -0.6318 135.2148 164.0535 191.0351 213.3575 1.9838 0.6489 1.9899 -18.2577 1.2828 29.9438 -1.1805 0.0106
Pedestrian 0.0000 0 -1.1876 832.8757 158.2713 855.1357 205.3549 2.0656 0.7448 0.6737 10.7969 1.0475 32.0089 -0.8698 0.0105
Car 0.0000 0 1.0931 539.7835 173.2617 581.5027 193.8528 1.5130 1.5571 3.8721 -3.1309 0.9083 54.8412 1.0314 0.0104
Car 0.0000 0 2.5106 0.0000 0.0000 1238.0000 374.0000 1.5535 1.6287 3.9070 -29.2699 2.1516 0.2687 0.9531 0.0104
Cyclist 0.0000 0 0.0068 823.2907 160.8061 862.1348 203.6405 1.8870 0.6579 1.6347 10.8000 0.9763 32.2129 0.3228 0.0104
Pedestrian 0.0000 0 -1.5474 1117.5015 154.9184 1149.7559 227.7456 1.7094 0.6146 0.6176 12.7765 1.0867 17.2902 -0.9233 0.0103
Car 0.0000 0 0.0598 0.0000 0.0000 1238.0000 374.0000 1.4299 1.6420 3.9338 -20.4740 1.6721 0.0902 -1.4986 0.0103
Cyclist 0.0000 0 -1.5651 325.6571 165.5928 340.8198 227.8662 1.7225 0.3944 1.5541 -7.7431 1.2836 20.6637 -1.9247 0.0103
Car 0.0000 0 -1.0835 515.6755 166.2423 552.5931 184.1423 1.6516 1.7109 4.2987 -6.3438 0.2442 68.5913 -1.1802 0.0102
Pedestrian 0.0000 0 -1.7111 1116.3232 155.6339 1152.2499 227.7484 1.6954 0.6072 0.6113 12.7878 1.0885 17.2971 -1.0868 0.0101
Car 0.0000 0 1.2552 548.3425 173.4500 583.1636 193.7857 1.4987 1.5392 3.7986 -2.7473 0.9060 54.9856 1.2006 0.0101
Car 0.0000 0 2.1211 452.8720 171.3047 498.5053 190.4108 1.5210 1.6735 4.4230 -10.3416 0.7099 59.5463 1.9450 0.0100
Car 0.0000 0 -0.9794 0.0000 170.1910 71.0763 202.4276 1.5932 1.7326 4.3435 -30.1962 1.0352 37.7371 -1.6558 0.0100
Car 0.0000 0 -0.6903 0.0000 172.4894 76.0156 204.3375 1.5874 1.6636 4.3119 -30.5287 1.1392 38.0808 -1.3677 0.0099
Car 0.0000 0 3.1634 310.5512 174.0002 419.3908 212.2825 1.4696 1.5682 4.0567 -9.4764 1.1827 28.9167 2.8443 0.0099
Car 0.0000 0 2.1876 450.1584 171.7098 498.7920 190.9348 1.5151 1.7048 4.4136 -10.3415 0.7441 58.9702 2.0099 0.0099
Car 0.0000 0 2.1600 451.3381 171.4127 498.4652 190.6874 1.5259 1.6746 4.4026 -10.3501 0.7279 59.2185 1.9829 0.0098
Pedestrian 0.0000 0 -0.7231 75.1412 166.1770 101.0429 210.8680 1.8657 0.6217 0.6403 -21.7140 1.2270 30.3667 -1.3448 0.0098
Car 0.0000 0 1.4807 558.8284 173.3968 583.3517 193.2746 1.4681 1.5228 3.7472 -2.3336 0.8702 55.0118 1.4336 0.0098
Cyclist 0.0000 0 -0.6048 130.6294 162.4383 186.9935 211.0554 1.9546 0.6012 2.0176 -18.4236 1.1892 29.9220 -1.1578 0.0097
Car 0.0000 0 1.6967 824.1677 165.0574 858.4282 192.9552 1.6788 1.6170 3.7205 15.1489 0.6901 45.2511 2.0131 0.0096
Pedestrian 0.0000 0 -1.5915 829.9204 171.7095 842.6028 202.4502 1.7547 0.6748 0.7107 13.5432 1.1966 41.4360 -1.2825 0.0096
Car 0.0000 0 1.7133 353.1988 172.5891 383.4999 196.9794 1.7248 1.5810 4.0383 -17.1110 1.0953 52.9224 1.3971 0.0096
Car 0.0000 0 -0.8735 0.0000 173.5255 77.4990 205.9419 1.6213 1.6538 4.2882 -30.2138 1.2234 38.0900 -1.5457 0.0095
Pedestrian 0.0000 0 -1.9196 371.3889 172.9977 383.3127 196.9393 1.7048 0.6520 0.5952 -16.0766 1.1000 51.5814 -2.2253 0.0094
Car 0.0000 0 1.7701 607.6680 172.5217 631.4432 188.6787 1.4458 1.4963 3.7621 1.7364 0.6428 66.2781 1.7913 0.0092
Car 0.0000 0 1.5309 602.3298 172.5786 621.0814 188.3286 1.4116 1.5540 3.8950 0.9604 0.6124 66.3491 1.5405 0.0092
Car 0.0000 0 1.2712 548.5125 173.1249 583.1757 193.7521 1.5205 1.5673 3.8426 -2.7428 0.9037 55.0211 1.2167 0.0092
Car 0.0000 0 1.5217 559.9592 172.5659 582.2128 192.8976 1.4984 1.4986 3.6178 -2.3225 0.8406 54.8108 1.4746 0.0092
Car 0.0000 0 -4.4159 0.0000 0.0000 1238.0000 374.0000 1.5682 1.6345 3.9423 6.4956 1.5773 -0.1413 -2.8686 0.0091
Car 0.0000 0 1.5560 602.9589 172.8162 620.4317 188.3008 1.3879 1.5327 3.8101 0.9606 0.6100 66.2926 1.5655 0.0091
Car 0.0000 0 1.3667 595.2153 172.6773 620.6392 188.3075 1.3972 1.5659 3.8993 0.6047 0.6089 66.2756 1.3709 0.0090
Car 0.0000 0 -0.1193 655.8893 168.3867 726.2853 194.2951 1.5654 1.6562 4.1238 5.4847 0.7738 44.2301 -0.0016 0.0090
Cyclist 0.0000 0 2.1762 1143.4371 168.3491 1238.0000 279.1294 1.5472 0.5297 1.5254 8.7151 1.3649 10.5021 2.8514 0.0090
Car 0.0000 0 -3.3050 0.0000 0.0000 1238.0000 374.0000 1.5713 1.5868 3.9231 38.3218 1.1208 1.4268 -1.7831 0.0089
Car 0.0000 0 1.1062 540.3086 173.2582 582.3126 193.9101 1.5199 1.5727 3.9861 -3.0899 0.9139 54.9830 1.0454 0.0089
Car 0.0000 0 3.3535 326.9594 174.8251 441.7810 211.5940 1.4387 1.5717 4.2137 -8.7231 1.1785 29.0601 3.0593 0.0089
Car 0.0000 0 1.2491 548.4380 173.3164 583.0051 193.6429 1.4949 1.5217 3.7082 -2.7409 0.8937 54.8327 1.1944 0.0089
Car 0.0000 0 0.8623 0.0000 0.0000 1238.0000 374.0000 1.4818 1.5476 4.1367 -10.5637 1.6937 0.0325 -0.6855 0.0089
Pedestrian 0.0000 0 -1.5001 1133.8165 154.5250 1171.4938 241.3192 1.7649 0.5934 0.5885 11.4912 1.2176 15.0208 -0.8606 0.0089
Cyclist 0.0000 0 -1.1476 1157.1229 162.4725 1238.0000 280.0994 1.5885 0.4966 1.6904 8.6693 1.3329 10.2997 -0.4657 0.0088
Car 0.0000 0 -1.1769 0.0000 169.0607 68.8315 201.4803 1.6002 1.6633 4.1952 -29.8453 0.9871 37.6987 -1.8481 0.0087
Car 0.0000 0 1.3919 595.4548 172.5222 620.4149 188.4334 1.4217 1.5857 4.0495 0.6046 0.6199 66.3125 1.3961 0.0087
Car 0.0000 0 1.8968 448.5458 168.9431 486.3134 191.7716 1.5950 1.5849 3.7744 -9.6696 0.7183 52.1661 1.7095 0.0087
Car 0.0000 0 2.4100 0.0000 0.0000 1238.0000 374.0000 1.6157 1.6952 3.9618 -29.7186 2.2941 0.7940 0.8698 0.0087
Car 0.0000 0 -1.5646 256.3242 167.6207 285.3352 194.0156 1.7117 1.7231 4.2543 -22.4709 0.8124 48.8753 -1.9984 0.0087
Car 0.0000 0 1.5937 104.2084 171.4623 135.2414 199.8460 1.9496 1.7687 4.0650 -34.4929 1.2608 51.5270 1.0012 0.0087
Pedestrian 0.0000 0 -1.2965 833.5184 158.0680 854.4276 205.3321 2.0740 0.7244 0.6999 10.7972 1.0467 32.0110 -0.9787 0.0086
Car 0.0000 0 1.7137 653.5944 166.4254 689.8412 193.3600 1.6136 1.7380 4.0039 4.4709 0.7113 45.1821 1.8069 0.0085
Car 0.0000 0 1.6712 563.4426 173.5197 587.6959 193.4908 1.4773 1.5071 3.7647 -1.9313 0.8876 55.0581 1.6314 0.0085
Car 0.0000 0 1.4509 557.8999 173.2806 584.0009 193.4607 1.4908 1.5372 3.7587 -2.3471 0.8842 55.0454 1.4035 0.0085
Car 0.0000 0 1.7956 352.4207 172.8382 386.7037 197.5003 1.7540 1.6074 3.8461 -17.0677 1.1386 53.0739 1.4810 0.0085
Pedestrian 0.0000 0 -1.5888 1134.4042 155.8137 1171.3734 241.5940 1.7441 0.5927 0.5867 11.4790 1.2231 15.0134 -0.9496 0.0084
Pedestrian 0.0000 0 -0.6192 1202.3351 137.9789 1238.0000 244.4164 1.8246 0.5619 0.6802 11.0921 1.0798 12.6209 0.0865 0.0083
Cyclist 0.0000 0 -0.5359 130.4551 163.1070 187.5487 212.7395 1.9974 0.6011 2.0018 -18.4235 1.2582 29.9318 -1.0887 0.0083
Car 0.0000 0 2.4332 0.0000 0.0000 1238.0000 374.0000 1.5935 1.7074 3.9231 -29.5904 2.2824 0.5953 0.8865 0.0081
Car 0.0000 0 1.7472 353.3331 172.6108 385.5398 197.3430 1.7534 1.5974 4.0140 -17.0603 1.1238 53.0207 1.4324 0.0081
Car 0.0000 0 1.6054 564.7210 173.0841 586.0656 193.1989 1.4897 1.5262 3.7761 -1.9487 0.8670 55.0897 1.5653 0.0080
Cyclist 0.0000 0 -2.2332 214.7919 171.2004 246.4586 203.7579 1.8784 0.7176 1.7598 -21.7504 1.2849 42.1338 -2.7122 0.0080
Car 0.0000 0 1.8465 454.4983 168.8920 490.5484 190.4114 1.5399 1.6262 4.0121 -9.5306 0.6383 53.4741 1.6660 0.0080
Car 0.0000 0 -0.7978 0.0000 173.9025 80.0542 205.9535 1.6111 1.6100 4.1356 -30.2075 1.2300 38.2443 -1.4680 0.0080
Car 0.0000 0 4.0977 0.0000 0.0000 1238.0000 374.0000 1.4011 1.5925 4.0951 -10.4252 1.7437 0.1549 2.5620 0.0080
Car 0.0000 0 -1.6264 259.7454 168.2337 290.6436 193.6408 1.6516 1.6768 4.0139 -22.2097 0.7899 48.8594 -2.0559 0.0080
Car 0.0000 0 -1.4948 73.0916 179.4700 120.9158 212.8877 1.5583 1.6600 3.7994 -24.9057 1.4645 35.5505 -2.1075 0.0080
Cyclist 0.0000 0 1.3607 1171.4147 167.2023 1238.0000 279.3313 1.5230 0.4697 1.4520 8.7768 1.3302 10.5083 2.0390 0.0079
Car 0.0000 0 1.0317 332.7343 172.8940 382.4671 196.4622 1.6532 1.5850 4.0058 -17.7553 1.0502 52.2826 0.7009 0.0079
Cyclist 0.0000 0 -1.8190 1172.6360 161.4121 1238.0000 282.8712 1.5912 0.4627 1.7179 8.6813 1.3294 10.2847 -1.1357 0.0078
Car 0.0000 0 1.5884 603.0695 173.0397 620.0639 188.6072 1.3930 1.5201 3.7566 0.9919 0.6364 66.1750 1.5985 0.0077
Car 0.0000 0 -0.0571 652.6100 168.5840 720.6306 195.0477 1.5887 1.6810 4.0429 5.1861 0.8141 44.0713 0.0544 0.0077
Car 0.0000 0 1.6903 814.8777 166.2346 847.9766 193.7077 1.6609 1.6081 3.4927 14.5549 0.7388 45.3464 1.9942 0.0077
Car 0.0000 0 -3.3843 0.0000 0.0000 1238.0000 374.0000 1.5066 1.5545 3.5092 38.7580 1.2767 1.2748 -1.8580 0.0077
Car 0.0000 0 1.6786 605.1500 172.7890 625.6790 188.7256 1.4267 1.5169 3.7652 1.3518 0.6473 66.2685 1.6940 0.0077
Cyclist 0.0000 0 0.6460 821.4153 158.1889 864.9976 203.9388 1.9904 0.7602 1.7382 10.8037 0.9772 32.1796 0.9624 0.0076
Car 0.0000 0 2.2660 542.2202 171.6954 588.5139 189.6393 1.5504 1.6394 4.5222 -3.1555 0.7037 64.3673 2.2123 0.0076
Car 0.0000 0 1.6102 114.7340 168.3625 144.8196 198.7129 2.1133 1.6897 3.6710 -34.1019 1.1992 52.0230 1.0273 0.0076
Pedestrian 0.0000 0 -1.4727 985.8811 160.4614 1007.1905 219.6533 1.7695 0.5195 0.5864 11.9986 1.1417 21.8602 -0.9808 0.0075
Car 0.0000 0 -1.6578 253.2212 168.2232 286.5730 195.0003 1.7326 1.6881 4.0684 -22.4798 0.8742 48.6603 -2.0934 0.0075
Car 0.0000 0 -1.2420 813.9350 164.9601 860.4424 193.4992 1.7259 1.6803 3.8007 14.9614 0.7264 45.4638 -0.9307 0.0075
Car 0.0000 0 1.2941 339.3661 171.7300 379.3025 196.4143 1.7408 1.6658 4.2716 -17.8439 1.0524 52.8873 0.9653 0.0074
Car 0.0000 0 -1.3171 335.0010 170.3207 375.1229 194.5241 1.6696 1.7277 4.2860 -17.6739 0.8991 51.7529 -1.6496 0.0074
Car 0.0000 0 -0.5890 0.0000 172.7778 80.1768 204.4227 1.5863 1.6528 4.2833 -30.5283 1.1499 38.2965 -1.2636 0.0074
Car 0.0000 0 -1.2580 644.4322 166.6459 690.6894 193.7103 1.6270 1.6922 4.3130 4.2482 0.7348 45.4962 -1.1704 0.0074
Car 0.0000 0 -1.4707 72.6916 179.4859 122.3970 212.8195 1.5541 1.6479 3.8111 -24.8773 1.4611 35.5523 -2.0828 0.0073
Car 0.0000 0 -1.0500 0.0000 173.1668 75.1567 205.3859 1.6027 1.6078 4.2263 -29.8989 1.1890 37.9376 -1.7190 0.0073
Car 0.0000 0 -1.6026 255.6000 167.3326 285.8798 194.5750 1.7626 1.7175 4.1325 -22.4433 0.8467 48.7062 -2.0373 0.0072
Car 0.0000 0 1.7676 603.7757 173.1312 627.6013 189.2956 1.4443 1.5093 3.7480 1.3774 0.6970 66.1730 1.7834 0.0072
Car 0.0000 0 -1.5055 520.3115 167.0180 540.8899 184.2240 1.5926 1.7044 4.2343 -6.6973 0.2525 68.6340 -1.6072 0.0072
Car 0.0000 0 4.0737 0.0000 0.0000 1238.0000 374.0000 1.4285 1.5825 4.0650 -10.3464 1.7630 0.0501 2.5281 0.0071
Cyclist 0.0000 0 1.6220 656.3506 172.2721 667.4490 198.2131 1.5441 0.5977 1.6712 3.6818 0.9956 43.6213 1.7008 0.0071
Car 0.0000 0 1.8668 454.5462 168.9067 490.8602 190.2145 1.5255 1.6137 3.8749 -9.5134 0.6245 53.4419 1.6866 0.0071
Cyclist 0.0000 0 -1.3854 394.3401 175.1983 412.9926 216.2347 1.5544 0.4364 1.5083 -7.7123 1.3167 27.9773 -1.6572 0.0070
Car 0.0000 0 -0.1390 654.5753 168.0645 728.0941 194.2367 1.5796 1.6864 4.2916 5.5008 0.7695 44.2406 -0.0210 0.0070
Pedestrian 0.0000 0 -1.3162 228.6481 173.0020 245.2972 203.9609 1.7955 0.7544 0.5562 -21.3109 1.3034 42.0108 -1.7881 0.0069
Car 0.0000 0 -0.1816 652.9699 168.4278 728.1837 194.2590 1.5590 1.6490 4.3720 5.4687 0.7708 44.3157 -0.0644 0.0069
Car 0.0000 0 0.5144 139.0974 171.8265 218.7694 197.2322 1.6528 1.7296 4.2553 -27.9595 1.0242 47.6356 -0.0189 0.0069
Car 0.0000 0 -1.3820 110.1703 167.7048 151.5579 199.8583 2.2313 1.7499 4.3012 -34.0935 1.2746 52.1686 -1.9635 0.0069
Pedestrian 0.0000 0 -0.4681 152.1646 164.0712 185.9806 212.5094 2.0013 0.6770 1.0273 -18.2436 1.2822 30.2916 -1.0114 0.0069
Car 0.0000 0 1.8409 606.5549 173.1338 633.0638 189.3302 1.4460 1.5006 3.7950 1.7586 0.6995 66.1643 1.8624 0.0069
Car 0.0000 0 -2.5451 142.8067 174.6003 220.0964 198.9225 1.5851 1.6588 4.2381 -27.8896 1.1362 47.7796 -3.0761 0.0069
Car 0.0000 0 2.0367 442.2019 169.7516 487.2438 192.5608 1.5690 1.6258 3.8532 -9.7324 0.7615 51.4838 1.8459 0.0068
Car 0.0000 0 -0.0427 655.2205 167.6715 726.1190 194.4223 1.6049 1.6660 4.2378 5.4319 0.7760 44.0804 0.0742 0.0068
Car 0.0000 0 1.5204 600.4041 171.6534 628.3273 194.3126 1.4744 1.6572 4.2916 0.8509 0.8344 48.9129 1.5328 0.0068
Pedestrian 0.0000 0 -1.3591 985.6336 163.6412 1008.5915 222.8763 1.7689 0.5056 0.5819 12.0011 1.2367 21.8339 -0.8667 0.0068
Car 0.0000 0 -1.2288 514.0895 166.9883 545.5460 184.5925 1.6223 1.7555 3.9956 -6.7365 0.2854 68.3446 -1.3315 0.0068
Car 0.0000 0 2.3558 0.0000 176.7214 80.0764 208.1256 1.5867 1.6618 3.8707 -30.1835 1.3462 38.3109 1.6868 0.0068
Car 0.0000 0 4.0163 0.0000 0.0000 1238.0000 374.0000 1.5905 1.7012 4.2501 -20.8011 1.5668 1.2007 2.5108 0.0068
Car 0.0000 0 -1.2943 515.5148 166.7393 544.3805 184.1526 1.6065 1.7058 4.0739 -6.7323 0.2451 68.4225 -1.3968 0.0067
Car 0.0000 0 2.0899 470.7200 169.7454 525.0897 193.8513 1.6257 1.7168 4.7168 -7.2578 0.8336 50.9496 1.9442 0.0067
Car 0.0000 0 0.9702 0.0000 0.0000 1238.0000 374.0000 1.4088 1.5433 3.9213 -10.6300 1.7592 0.2432 -0.5580 0.0067
Car 0.0000 0 2.4059 0.0000 176.8721 83.6342 207.5592 1.5659 1.6739 3.7262 -30.2104 1.3306 38.6303 1.7405 0.0067
Car 0.0000 0 1.8176 607.2053 173.0283 633.0774 189.2874 1.4476 1.5033 3.8349 1.7849 0.6937 66.0021 1.8397 0.0067
Car 0.0000 0 -0.7780 461.1143 168.0045 523.0283 192.8514 1.6742 1.6425 4.4569 -7.6458 0.7655 50.6771 -0.9319 0.0066
Car 0.0000 0 -1.5115 515.6373 166.1423 536.2283 184.3354 1.6783 1.7323 4.0032 -7.1106 0.2619 68.3047 -1.6196 0.0066
Car 0.0000 0 -0.1834 648.9516 170.6803 713.4258 195.3064 1.4873 1.6484 3.7105 4.8988 0.8346 44.3503 -0.0789 0.0066
Car 0.0000 0 0.4743 0.0000 0.0000 1238.0000 374.0000 1.4348 1.6000 3.7895 37.3536 1.0449 1.1995 2.0011 0.0066
Car 0.0000 0 -1.5383 260.5349 168.4369 290.1148 193.2608 1.6158 1.7182 4.0855 -22.1755 0.7662 48.9701 -1.9664 0.0066
Car 0.0000 0 -1.2187 513.9950 166.9235 545.1097 184.4619 1.6153 1.7433 3.8248 -6.7526 0.2732 68.2269 -1.3218 0.0065
Car 0.0000 0 2.6202 0.0000 174.4954 78.2368 204.7307 1.5333 1.6627 4.1758 -30.9005 1.1789 38.6720 1.9444 0.0065
Car 0.0000 0 1.3022 594.0978 173.2381 621.7866 189.0104 1.4047 1.5619 3.8378 0.6028 0.6693 66.0298 1.3064 0.0065
Cyclist 0.0000 0 -2.4545 42.2155 165.7301 90.9914 205.3966 1.8393 0.6599 1.8311 -25.0773 1.1090 33.6776 -3.0957 0.0065
Car 0.0000 0 -1.3075 515.7678 167.9698 542.2186 185.3775 1.6005 1.6547 3.4748 -6.7784 0.3569 67.8888 -1.4115 0.0065
Car 0.0000 0 1.0136 0.0000 0.0000 1238.0000 374.0000 1.4012 1.5439 3.9179 -10.7203 1.7171 0.2400 -0.5153 0.0065
Car 0.0000 0 -2.5544 144.4415 174.7191 220.1718 198.7518 1.5682 1.6354 4.1408 -27.8477 1.1264 47.8049 -3.0844 0.0065
Car 0.0000 0 -0.7783 459.7004 166.7825 524.2516 193.0764 1.7726 1.6981 4.6779 -7.6666 0.7811 50.8080 -0.9322 0.0065
Pedestrian 0.0000 0 -0.1350 153.8944 163.4881 186.1985 212.8314 2.0400 0.6837 1.0855 -18.2127 1.2963 30.3013 -0.6775 0.0065
Car 0.0000 0 -1.7520 249.7211 168.6006 287.3936 194.9505 1.7055 1.6230 3.8811 -22.5150 0.8713 48.5444 -2.1891 0.0064
Car 0.0000 0 -1.4529 812.7731 165.4408 847.8060 193.3893 1.6865 1.6977 3.8291 14.5180 0.7182 45.4395 -1.1502 0.0064
Car 0.0000 0 -0.0630 654.8043 167.6728 725.0169 194.1176 1.5905 1.6315 4.1749 5.3945 0.7596 44.1259 0.0530 0.0063
Cyclist 0.0000 0 1.9545 0.0000 0.0000 1238.0000 374.0000 1.9066 0.6010 1.9571 -6.2678 1.7219 -0.0915 0.4060 0.0063
Car 0.0000 0 1.5639 603.1735 172.8181 620.3627 188.6307 1.4114 1.5299 3.7386 0.9632 0.6369 65.9880 1.5735 0.0063
Car 0.0000 0 -1.2261 657.8249 168.9441 701.7097 194.4395 1.5190 1.5653 3.7490 4.9350 0.7717 44.8250 -1.1220 0.0062
Car 0.0000 0 -1.8041 508.3430 164.8806 536.1053 184.8109 1.8291 1.6994 4.0837 -7.5054 0.3042 68.1332 -1.9182 0.0062
Pedestrian 0.0000 0 -1.6353 68.5157 167.3533 86.7312 208.4558 1.9244 0.6611 0.5806 -24.8525 1.2630 34.0650 -2.2669 0.0062
Car 0.0000 0 1.7642 604.0544 173.0548 627.7651 189.2052 1.4392 1.4995 3.7766 1.3945 0.6870 66.0136 1.7803 0.0062
Car 0.0000 0 -1.5541 516.5616 166.5325 535.0483 184.3404 1.6416 1.6972 3.8261 -7.1177 0.2622 68.2007 -1.6625 0.0062
Car 0.0000 0 1.9746 443.7210 169.6336 486.3694 193.7602 1.6610 1.6854 3.7257 -9.7054 0.8447 51.4503 1.7841 0.0062
Car 0.0000 0 -1.7473 509.4680 164.6097 535.6561 184.7233 1.8466 1.7468 4.1591 -7.4797 0.2963 68.1892 -1.8609 0.0061
Pedestrian 0.0000 0 -2.5370 0.0000 0.0000 1238.0000 374.0000 1.6642 0.6168 0.6604 23.5030 1.3934 0.0594 -0.9848 0.0061
Car 0.0000 0 2.4686 0.0000 0.0000 1238.0000 374.0000 1.5382 1.6294 3.8952 -29.2487 2.1871 0.3579 0.9141 0.0061
Pedestrian 0.0000 0 -1.2240 978.1542 160.1660 1003.5249 218.5406 1.7692 0.5432 0.5305 11.9799 1.1237 22.1482 -0.7382 0.0061
Car 0.0000 0 -1.5128 515.5818 166.0680 535.8721 184.2560 1.6778 1.7054 4.0947 -7.1348 0.2546 68.3511 -1.6213 0.0060
Car 0.0000 0 -2.4784 144.8578 174.3911 220.0112 198.3246 1.5554 1.6747 4.1711 -27.8379 1.0941 47.7891 -3.0084 0.0060
Car 0.0000 0 -1.3394 516.0225 167.1982 542.4589 184.7307 1.6154 1.7009 3.7324 -6.7773 0.2980 68.1428 -1.4430 0.0060
Car 0.0000 0 -0.0035 833.8553 153.8292 952.5833 195.1116 1.7360 1.7969 4.7562 12.8617 0.5734 31.9061 0.3719 0.0059
Car 0.0000 0 -1.6160 258.4152 168.5211 289.2109 194.6183 1.6924 1.7010 4.1572 -22.2865 0.8514 48.8184 -2.0472 0.0059
Cyclist 0.0000 0 -2.1444 60.0746 168.4688 98.7167 206.6676 1.7779 0.6028 1.7929 -24.7469 1.1723 34.0340 -2.7744 0.0059
Car 0.0000 0 0.4356 0.0000 0.0000 1238.0000 374.0000 1.4493 1.6357 3.8219 37.3498 1.0659 1.2306 1.9616 0.0058
Car 0.0000 0 -1.6843 807.6121 164.6647 843.1640 192.9815 1.7086 1.6895 3.8233 14.1025 0.6935 45.3726 -1.3895 0.0058
Car 0.0000 0 1.9818 134.3317 179.5444 206.4583 210.0389 1.5275 1.6616 4.4545 -22.8692 1.4305 38.2963 1.4414 0.0058
Car 0.0000 0 -1.4367 812.0345 165.1149 847.4700 193.6652 1.7272 1.6810 3.7160 14.5001 0.7367 45.4943 -1.1348 0.0058
Car 0.0000 0 -1.8067 508.2936 164.1951 537.1742 184.6094 1.8739 1.7439 4.3269 -7.4750 0.2858 68.2684 -1.9202 0.0058
Car 0.0000 0 -1.7148 807.3491 165.3116 843.5176 192.9619 1.6700 1.6424 3.6407 14.0867 0.6930 45.3072 -1.4199 0.0058
Car 0.0000 0 2.2676 0.0000 0.0000 1238.0000 374.0000 1.6404 1.7544 4.0216 -29.6703 2.2667 0.8084 0.7279 0.0058
Car 0.0000 0 2.7642 765.1242 171.1138 843.8414 198.3770 1.5363 1.5892 4.0752 11.6978 0.9519 41.4891 3.0324 0.0057
Car 0.0000 0 -1.9556 501.3677 162.8056 535.4183 185.1634 2.0447 1.6791 4.3335 -7.8569 0.3354 67.9950 -2.0750 0.0057
Car 0.0000 0 -1.9357 502.0068 162.1893 536.0886 185.2145 2.1067 1.7523 4.3479 -7.8021 0.3402 68.0525 -2.0542 0.0057
Car 0.0000 0 0.4856 0.0000 0.0000 1238.0000 374.0000 1.5611 1.7234 4.0634 -39.7028 1.7236 0.2505 -1.0771 0.0057
Cyclist 0.0000 0 -1.7979 62.6432 173.3687 83.8764 209.4978 1.6978 0.4501 1.6829 -25.3639 1.3166 34.4726 -2.4336 0.0057
Car 0.0000 0 -1.9757 583.6595 171.5389 630.1440 194.7950 1.5076 1.7560 3.8475 0.3355 0.8625 48.6769 -1.9738 0.0057
Pedestrian 0.0000 0 -2.5731 0.0000 0.0000 1238.0000 374.0000 1.6603 0.5729 0.6296 23.4747 1.3730 0.0552 -1.0207 0.0056
Car 0.0000 0 -1.8149 0.0000 0.0000 1238.0000 374.0000 1.4464 1.5246 3.5544 7.8071 1.5978 -0.1126 -0.2682 0.0056
Pedestrian 0.0000 0 -1.1982 977.4432 158.6347 1004.1528 217.6960 1.7889 0.5695 0.5407 11.9780 1.0975 22.1477 -0.7125 0.0056
Cyclist 0.0000 0 0.1327 821.8412 156.7819 864.9576 202.7095 2.0015 0.7005 1.7464 10.7635 0.9252 31.9964 0.4498 0.0056
Car 0.0000 0 -1.3289 339.0999 174.4876 400.8947 212.5654 1.4452 1.5805 3.5693 -9.3140 1.1801 29.0972 -1.6411 0.0056
Cyclist 0.0000 0 1.3021 66.6775 168.7346 91.4253 207.4924 1.8051 0.5619 1.5334 -24.8503 1.2115 34.1494 0.6717 0.0056
Car 0.0000 0 0.4511 0.0000 0.0000 1238.0000 374.0000 1.4380 1.5957 3.7983 37.3701 1.0367 1.1840 1.9783 0.0055
Car 0.0000 0 -2.4665 142.8700 174.0133 218.5710 198.3093 1.5766 1.6806 4.2149 -27.9270 1.0915 47.7447 -2.9983 0.0055
Car 0.0000 0 0.1486 0.0000 0.0000 1238.0000 374.0000 1.5318 1.6746 3.8790 -20.3971 1.5181 1.8400 -1.3243 0.0055
Car 0.0000 0 -1.4320 334.6705 172.5060 388.6551 212.1197 1.5468 1.6401 3.8135 -9.9782 1.1966 30.0711 -1.7549 0.0055
Car 0.0000 0 -1.6304 515.5391 166.3789 535.7208 184.2491 1.6439 1.6612 3.7498 -7.1680 0.2533 68.0676 -1.7397 0.0055
Pedestrian 0.0000 0 -1.6136 826.1736 171.9428 840.2715 203.4960 1.8014 0.7394 0.6904 13.3676 1.2565 41.4362 -1.3084 0.0055
Car 0.0000 0 -1.6292 515.2669 167.1233 535.3571 184.6742 1.6139 1.6669 3.5398 -7.1831 0.2923 67.9382 -1.7389 0.0055
Car 0.0000 0 -1.4232 72.0014 178.2496 127.8083 213.3354 1.6323 1.7225 3.8404 -24.7270 1.4820 35.5191 -2.0329 0.0055
Car 0.0000 0 3.7933 0.0000 0.0000 1238.0000 374.0000 1.5082 1.5831 3.8055 -20.4939 1.5607 1.4970 2.3033 0.0054
Car 0.0000 0 -1.4061 810.8387 164.7621 848.4389 193.4125 1.7311 1.6883 3.8293 14.4940 0.7205 45.4912 -1.1042 0.0054
Car 0.0000 0 -1.8542 507.4857 165.1283 536.0885 184.6180 1.7885 1.6337 3.9560 -7.5368 0.2865 68.0554 -1.9689 0.0053
Car 0.0000 0 2.0336 652.2961 166.2180 703.0104 192.9897 1.6016 1.6124 3.8875 4.8284 0.6881 45.0459 2.1349 0.0053
Cyclist 0.0000 0 -3.1841 820.8807 160.5261 871.6572 204.6395 1.9300 0.7223 2.1095 10.8932 1.0133 32.0620 -2.8641 0.0053
Car 0.0000 0 3.1319 579.8983 171.2356 639.0950 194.0973 1.4982 1.6718 3.8801 0.5345 0.8262 47.9151 3.1381 0.0053
Car 0.0000 0 -3.0609 568.6113 172.3176 632.4078 194.8611 1.4766 1.7097 4.1514 -0.0208 0.8758 48.0555 -3.0663 0.0053
Car 0.0000 0 -1.6835 0.0000 0.0000 1238.0000 374.0000 1.4331 1.5438 3.3737 6.9152 1.5666 -0.1136 -0.1391 0.0053
Car 0.0000 0 2.0110 133.9734 180.9930 207.4910 210.5034 1.4782 1.6742 4.3310 -22.8054 1.4537 38.2169 1.4709 0.0053
Car 0.0000 0 1.9395 140.0373 181.9130 208.2537 211.5311 1.4820 1.6700 4.3666 -22.6753 1.5061 38.2941 1.4028 0.0053
Car 0.0000 0 -0.0336 653.5331 167.2039 726.5603 193.6814 1.5872 1.6771 4.3658 5.3972 0.7310 44.0734 0.0826 0.0052
Car 0.0000 0 -0.8465 465.5162 169.2792 528.5137 193.8325 1.6564 1.7986 4.6493 -7.3205 0.8326 50.8955 -0.9936 0.0052
Car 0.0000 0 -2.3413 0.0000 178.3504 77.3542 207.2941 1.5404 1.7122 4.0538 -31.2523 1.3736 39.3347 -3.0144 0.0052
Car 0.0000 0 -0.2143 651.8057 169.6667 722.8286 195.9232 1.5824 1.6858 4.0809 5.2743 0.8700 44.3339 -0.1015 0.0052
Car 0.0000 0 -0.2456 0.0000 0.0000 1238.0000 374.0000 1.4519 1.5460 3.5040 -38.8850 1.9495 0.1988 -1.8095 0.0051
Cyclist 0.0000 0 -2.0887 1110.6624 152.7471 1170.2914 226.0914 1.6850 0.5173 1.3696 12.8516 1.0256 17.2091 -1.4597 0.0051
Car 0.0000 0 -1.7082 248.8582 166.1152 285.9646 196.8552 1.9823 1.6971 4.2107 -22.5990 0.9909 48.5487 -2.1467 0.0051
Car 0.0000 0 -1.9169 585.6387 172.0932 630.3022 194.8707 1.4819 1.7025 4.1863 0.4049 0.8706 48.9895 -1.9136 0.0051
Car 0.0000 0 -1.6763 248.9632 163.8983 285.3358 195.7041 2.0511 1.7633 4.3958 -22.6701 0.9167 48.6588 -2.1151 0.0051
Car 0.0000 0 -1.8759 507.1832 166.3177 535.4240 184.3938 1.6579 1.6135 3.6517 -7.5596 0.2658 67.8798 -1.9912 0.0051
Car 0.0000 0 -0.2519 459.8681 170.6934 527.3000 195.6288 1.5617 1.6931 4.0250 -6.9820 0.8856 46.5588 -0.4049 0.0051
Cyclist 0.0000 0 1.4774 61.9317 170.6777 79.7333 208.2315 1.7458 0.5279 1.6302 -25.2597 1.2436 34.1735 0.8396 0.0051
Pedestrian 0.0000 0 -1.7515 825.1265 171.7357 841.4209 203.2941 1.8025 0.7693 0.7378 13.3709 1.2456 41.4388 -1.4463 0.0051
Car 0.0000 0 -1.6478 71.0908 179.1469 119.4073 213.1492 1.5856 1.6482 3.8813 -25.0680 1.4768 35.5142 -2.2640 0.0051
Pedestrian 0.0000 0 -3.4887 868.7969 163.3980 894.1406 218.3485 1.8334 0.5933 0.6293 9.4308 1.2305 24.2653 -3.1268 0.0050
Car 0.0000 0 2.0884 0.0376 176.9730 77.7307 207.8633 1.5606 1.6204 3.7483 -29.8619 1.3327 38.2599 1.4240 0.0050
Cyclist 0.0000 0 -3.3361 810.8281 168.4914 845.2375 199.8263 1.7919 0.6664 1.7978 13.0827 1.0488 41.5007 -3.0375 0.0050
Car 0.0000 0 -1.9875 0.0000 0.0000 1238.0000 374.0000 1.4908 1.5268 3.6496 8.0470 1.5396 -0.1826 -0.4315 0.0050
Car 0.0000 0 -2.9466 580.5280 171.2663 642.5185 194.0962 1.4918 1.6855 3.9086 0.7052 0.8238 48.1595 -2.9370 0.0050
Car 0.0000 0 -0.8449 459.4800 166.7067 524.3864 192.3718 1.7290 1.7351 4.9145 -7.6769 0.7331 50.9258 -0.9986 0.0049
Car 0.0000 0 2.6274 0.0000 175.8477 82.9275 207.0856 1.5799 1.6853 4.1036 -30.5232 1.2949 38.5473 1.9560 0.0049
Car 0.0000 0 2.8626 0.0000 0.0000 1238.0000 374.0000 1.4953 1.5890 3.8511 -39.2866 2.2265 1.3555 1.3281 0.0049
Cyclist 0.0000 0 0.2643 829.9255 154.3282 875.5743 202.9805 2.1038 0.7979 1.7678 11.1375 0.9298 31.8847 0.5928 0.0049
Car 0.0000 0 1.7560 70.1386 180.9420 127.8144 214.2650 1.5593 1.6349 4.1030 -24.9731 1.5341 35.8157 1.1455 0.0049
Car 0.0000 0 -2.1139 0.0000 178.5759 77.5265 207.2266 1.5243 1.6853 4.0647 -31.2238 1.3695 39.7179 -2.7819 0.0049
Car 0.0000 0 0.4644 0.0000 0.0000 1238.0000 374.0000 1.5699 1.6717 3.9962 -20.5169 1.6103 1.5691 -1.0223 0.0049
Car 0.0000 0 0.2670 0.0000 0.0000 1238.0000 374.0000 1.5427 1.6626 3.8982 -20.3470 1.5261 1.6439 -1.2153 0.0049
Car 0.0000 0 2.0568 7.6077 177.2892 80.5627 206.9601 1.5150 1.6243 3.5622 -29.8360 1.3009 38.5705 1.3967 0.0048
Cyclist 0.0000 0 -2.1068 52.0450 167.8200 90.0300 206.5195 1.8054 0.6343 1.7728 -25.2246 1.1681 34.1445 -2.7443 0.0048
Car 0.0000 0 -1.3695 70.7530 178.2845 131.8764 213.2306 1.6278 1.7358 3.9623 -24.7177 1.4790 35.6209 -1.9777 0.0048
Pedestrian 0.0000 0 1.2302 67.0465 167.6086 87.4112 208.0184 1.8925 0.6303 0.5557 -24.8624 1.2428 34.0551 0.5982 0.0048
Car 0.0000 0 3.3538 0.0000 0.0000 1238.0000 374.0000 1.5039 1.6294 3.8919 -19.9759 1.5283 1.3332 1.8578 0.0048
Car 0.0000 0 -0.4478 963.6819 163.9793 1077.2924 198.5499 1.4334 1.6420 3.8695 17.8404 0.7079 30.7341 0.0695 0.0048
Car 0.0000 0 -1.7630 244.8977 165.9008 283.7039 195.1665 1.8847 1.6336 3.9017 -22.6952 0.8808 48.3142 -2.2050 0.0048
Car 0.0000 0 1.2275 579.2816 173.2701 616.2150 193.7206 1.5044 1.5889 3.8851 -0.3015 0.8996 54.9375 1.2171 0.0048
Car 0.0000 0 -1.9394 584.8606 171.4891 630.4691 194.5526 1.4978 1.7490 4.0154 0.3853 0.8484 48.8368 -1.9365 0.0048
Pedestrian 0.0000 0 0.5291 858.8644 160.5316 885.4821 218.5897 1.9531 0.6056 0.6362 9.2478 1.2488 24.6001 0.8800 0.0047
Car 0.0000 0 1.7302 37.8288 177.6545 85.3976 206.2672 1.5408 1.5833 3.7826 -30.5374 1.3346 40.7226 1.0849 0.0047
Car 0.0000 0 2.3130 96.8279 171.9480 184.0263 207.2055 1.9199 1.7386 4.3718 -26.4585 1.4006 41.4150 1.7424 0.0047
Cyclist 0.0000 0 2.6499 817.0115 170.5825 849.8171 201.1908 1.7483 0.6405 1.7045 13.3998 1.1255 41.4995 2.9553 0.0047
Car 0.0000 0 1.1405 336.0536 173.1339 382.2060 196.7159 1.6596 1.6185 4.1175 -17.7568 1.0714 52.5996 0.8115 0.0047
Pedestrian 0.0000 0 2.5781 867.0193 162.1316 895.0685 218.3485 1.8684 0.5913 0.6670 9.4030 1.2258 24.2283 2.9395 0.0046
Car 0.0000 0 -1.7983 593.4874 171.1484 630.3470 194.4380 1.5139 1.6959 3.6442 0.6802 0.8417 48.6540 -1.7893 0.0046
Car 0.0000 0 2.0959 134.6261 181.7512 213.2741 210.8251 1.4445 1.6907 4.1911 -22.4013 1.4592 37.8257 1.5593 0.0046
Cyclist 0.0000 0 1.3360 828.1424 174.3358 844.8604 203.0276 1.6293 0.5708 1.5161 13.5942 1.2232 41.5649 1.6452 0.0046
Car 0.0000 0 0.2651 828.7151 155.8482 939.8444 195.3652 1.6480 1.7591 4.2895 12.5174 0.5792 31.9303 0.6311 0.0046
Pedestrian 0.0000 0 0.5155 859.0034 161.0107 885.7047 218.0969 1.9212 0.6028 0.6446 9.2588 1.2327 24.6128 0.8667 0.0046
Car 0.0000 0 -1.9166 585.3145 171.4592 630.0330 194.5592 1.5014 1.7445 4.0690 0.3856 0.8495 48.8952 -1.9137 0.0046
Car 0.0000 0 3.5507 0.0000 0.0000 1238.0000 374.0000 1.5249 1.6448 4.0382 -20.3762 1.5356 1.0588 2.0397 0.0046
Car 0.0000 0 -2.5834 141.5346 174.7395 221.5023 198.8991 1.5746 1.6265 4.3884 -27.8273 1.1347 47.6886 -3.1141 0.0045
Cyclist 0.0000 0 1.1580 822.1622 174.4497 843.2574 204.5786 1.7112 0.6065 1.4874 13.3745 1.3116 41.5681 1.4624 0.0045
Car 0.0000 0 1.0487 679.0548 171.5664 743.4733 200.4545 1.5171 1.6175 4.2432 6.0384 0.9963 39.9923 1.1925 0.0045
Car 0.0000 0 -1.7779 0.0000 0.0000 1238.0000 374.0000 1.4491 1.5324 3.6740 7.4161 1.5980 -0.0860 -0.2358 0.0045
Car 0.0000 0 3.4055 0.0000 0.0000 1238.0000 374.0000 1.5663 1.6513 4.2014 -20.1702 1.6088 0.8810 1.8865 0.0045
Car 0.0000 0 3.0228 591.7546 172.1204 651.4274 194.8383 1.4862 1.7176 3.8029 1.3299 0.8733 48.0279 3.0454 0.0045
Car 0.0000 0 -1.7501 594.2771 171.7957 630.2918 194.6690 1.4904 1.7108 4.1846 0.7038 0.8588 49.0110 -1.7407 0.0045
Car 0.0000 0 0.2471 829.9517 157.6342 938.3200 196.3267 1.6097 1.7867 4.1604 12.4707 0.6178 31.8085 0.6130 0.0044
Car 0.0000 0 0.1624 0.0000 0.0000 1238.0000 374.0000 1.5168 1.7093 3.9303 -20.1695 1.5236 1.7686 -1.3130 0.0044
Car 0.0000 0 1.4136 589.0294 173.2261 616.9037 193.5283 1.5002 1.5413 3.7780 0.1040 0.8894 55.0672 1.4105 0.0044
Car 0.0000 0 3.0950 589.1083 172.4594 648.3621 195.1095 1.4849 1.7559 3.8717 1.1328 0.8929 48.0231 3.1135 0.0044
Car 0.0000 0 2.0369 136.9546 181.7989 210.6421 211.0474 1.4613 1.6629 4.1732 -22.5589 1.4788 38.0685 1.5000 0.0044
Car 0.0000 0 -1.8009 592.3475 171.6496 630.8419 194.7364 1.5005 1.7122 4.0555 0.6544 0.8610 48.8520 -1.7925 0.0043
Car 0.0000 0 1.4672 590.1005 173.2416 615.3527 193.4463 1.4923 1.5311 3.7437 0.0879 0.8829 54.9961 1.4639 0.0043
Pedestrian 0.0000 0 0.3927 313.6118 164.6197 343.6554 227.8659 1.7762 0.5661 0.6331 -7.7964 1.3033 20.4628 0.0277 0.0043
Car 0.0000 0 1.8486 192.3053 154.6218 236.6277 184.9823 2.1801 1.8098 4.3738 -28.9524 0.2507 53.9103 1.3531 0.0043
Car 0.0000 0 -1.0142 67.4787 180.9221 149.1776 213.9542 1.5503 1.6510 3.6698 -24.3277 1.5241 35.5801 -1.6156 0.0042
Car 0.0000 0 1.1159 334.3523 173.0803 381.6804 196.9350 1.6779 1.6164 4.1291 -17.8225 1.0863 52.5551 0.7855 0.0042
Pedestrian 0.0000 0 -1.5365 229.4479 173.0290 244.0108 203.8124 1.7815 0.7424 0.5654 -21.3111 1.2921 41.9833 -2.0087 0.0042
Car 0.0000 0 2.0575 0.0000 174.4063 76.0368 205.8521 1.5646 1.5892 4.2494 -29.8085 1.2125 37.9703 1.3903 0.0042
Car 0.0000 0 -0.0776 0.0000 0.0000 1238.0000 374.0000 1.4168 1.5787 4.2024 -9.4038 1.7072 0.9936 -1.5207 0.0042
Car 0.0000 0 1.5227 71.7515 178.6888 115.4325 213.2129 1.6102 1.5641 3.9801 -25.1750 1.4800 35.5492 0.9050 0.0041
Car 0.0000 0 -1.7970 592.2462 171.5348 630.2415 194.6825 1.5043 1.7179 3.9302 0.6316 0.8574 48.7838 -1.7890 0.0041
Car 0.0000 0 2.0989 134.3509 182.3373 212.6665 211.2342 1.4314 1.6803 4.1526 -22.4000 1.4786 37.7816 1.5618 0.0040
Car 0.0000 0 -1.5197 601.8868 170.6147 629.9351 194.2686 1.5421 1.7315 3.8707 1.0317 0.8331 48.8179 -1.5037 0.0040
Car 0.0000 0 0.2276 0.0000 0.0000 1238.0000 374.0000 1.5240 1.7149 3.7264 -20.6609 1.5971 1.7519 -1.2509 0.0040
Car 0.0000 0 -1.7774 252.1329 169.7081 291.5629 195.9625 1.7082 1.6629 3.8644 -22.4010 0.9417 48.7819 -2.2107 0.0040
Car 0.0000 0 0.1884 0.0000 0.0000 1238.0000 374.0000 1.5299 1.7103 3.7231 -20.1829 1.5144 1.7386 -1.2885 0.0039
Car 0.0000 0 -0.4110 458.3045 169.7835 527.9655 195.1309 1.5913 1.7260 4.1590 -7.0493 0.8564 46.9341 -0.5642 0.0039
Pedestrian 0.0000 0 -3.3986 792.8340 161.6904 809.0611 190.6070 1.8489 0.7401 0.8432 12.8639 0.5830 46.3009 -3.1339 0.0039
Car 0.0000 0 1.7805 619.1996 171.8998 655.6863 194.6955 1.4944 1.6748 4.2612 2.5335 0.8657 49.3612 1.8265 0.0039
Car 0.0000 0 1.7486 799.7526 169.9806 837.3547 199.4125 1.5614 1.4511 3.3628 12.1001 0.9511 39.9340 2.0360 0.0039
Car 0.0000 0 1.4855 589.6503 172.8318 614.2471 193.2112 1.5002 1.5386 3.7578 0.0284 0.8627 54.8152 1.4810 0.0039
Car 0.0000 0 1.8037 797.7301 169.2004 839.5123 198.6274 1.5644 1.4701 3.5726 12.1585 0.9114 40.1019 2.0913 0.0039
Car 0.0000 0 3.0505 558.5131 172.9367 628.0197 195.2650 1.4562 1.6909 4.4939 -0.5640 0.8984 47.9282 3.0338 0.0039
Car 0.0000 0 -0.4488 646.1302 167.4654 721.2576 193.6355 1.5719 1.7045 4.3331 5.1167 0.7297 44.6699 -0.3404 0.0038
Car 0.0000 0 3.0723 547.9169 172.9815 613.8275 194.7690 1.4198 1.6543 4.2760 -1.3876 0.8654 47.8504 3.0386 0.0038
Car 0.0000 0 1.5307 71.8289 179.8138 116.3603 214.3528 1.6107 1.6256 4.2133 -25.2324 1.5330 35.6610 0.9134 0.0038
Pedestrian 0.0000 0 -1.7005 1123.5328 148.3634 1166.6221 239.7260 1.8925 0.6469 0.6315 11.5377 1.2073 15.3093 -1.0681 0.0038
Car 0.0000 0 1.8342 792.8927 168.0561 842.6441 199.6457 1.6752 1.7049 4.0217 12.1655 0.9631 40.2509 2.1209 0.0038
Car 0.0000 0 -1.1521 658.4671 168.1118 706.4893 193.8177 1.5313 1.5902 3.7916 5.1048 0.7345 44.8282 -1.0442 0.0037
Car 0.0000 0 2.9959 594.4360 170.8712 651.6083 193.9471 1.5036 1.6625 3.5954 1.4236 0.8117 47.8448 3.0205 0.0037
Pedestrian 0.0000 0 -1.7614 1121.7084 149.0112 1167.2349 240.0381 1.8875 0.6544 0.6522 11.5373 1.2150 15.3268 -1.1295 0.0037
Car 0.0000 0 1.4601 716.4516 166.4834 743.9481 186.3237 1.4862 1.6586 3.8583 9.9835 0.3619 55.7831 1.6316 0.0037
Car 0.0000 0 2.4209 0.0000 0.0000 1238.0000 374.0000 1.6590 1.7332 3.9918 -29.2925 2.3350 0.4004 0.8678 0.0037
Car 0.0000 0 -0.5207 956.2272 164.3759 1068.6029 198.5674 1.4219 1.6727 3.8548 17.5040 0.7108 30.7295 -0.0116 0.0036
Car 0.0000 0 2.1418 136.4800 180.0068 220.7607 209.4548 1.4628 1.7302 4.4087 -22.1973 1.3895 37.9175 1.6102 0.0036
Car 0.0000 0 3.0974 564.4064 173.4099 628.2595 195.4785 1.4422 1.7061 4.1774 -0.3629 0.9142 47.9101 3.0849 0.0036
Car 0.0000 0 2.1566 136.1865 180.3193 221.6295 209.4994 1.4495 1.7322 4.4337 -22.1946 1.3918 37.9416 1.6253 0.0036
Car 0.0000 0 0.3804 0.0000 0.0000 1238.0000 374.0000 1.4087 1.5700 4.1472 -33.1144 2.4732 0.3612 -1.1765 0.0036
Pedestrian 0.0000 0 -0.5112 0.0000 0.0000 1238.0000 374.0000 1.6799 0.6883 0.6464 -21.1596 1.7618 -0.1117 -2.0798 0.0035
Car 0.0000 0 1.7476 194.4743 158.2317 231.3551 185.2174 1.9376 1.7377 4.1621 -29.0356 0.2675 53.8224 1.2502 0.0035
Cyclist 0.0000 0 -2.0803 1127.9291 146.8974 1223.4990 254.7246 1.7340 0.4381 1.8142 9.8746 1.1788 12.4783 -1.4262 0.0035
Car 0.0000 0 3.0749 551.2568 173.6693 618.0568 195.3189 1.4122 1.5928 4.3442 -1.1351 0.9021 47.8541 3.0464 0.0035
Car 0.0000 0 1.9445 70.0008 181.0933 144.3232 214.1177 1.5514 1.6905 4.0895 -24.6163 1.5332 35.9259 1.3421 0.0035
Pedestrian 0.0000 0 0.2717 385.9509 176.2848 404.2161 217.3830 1.5800 0.5122 0.5664 -8.0233 1.3805 27.8722 -0.0112 0.0035
Car 0.0000 0 1.6947 334.1993 169.4655 366.9129 193.1344 1.6379 1.7222 4.4026 -18.1073 0.8058 52.0416 1.3565 0.0034
Car 0.0000 0 0.4701 143.3740 173.5612 221.4911 198.2195 1.6046 1.5985 4.2120 -27.7439 1.0887 47.6640 -0.0596 0.0034
Car 0.0000 0 1.0479 680.2122 170.8484 749.2698 201.1864 1.5729 1.5973 4.7182 6.1733 1.0215 39.7269 1.1960 0.0034
Car 0.0000 0 -2.2610 0.0000 0.0000 1238.0000 374.0000 1.5799 1.6927 4.7996 18.9717 1.1592 -0.0208 -0.7078 0.0034
Car 0.0000 0 3.0646 569.0182 172.5787 630.3486 194.5258 1.4321 1.6379 3.9629 -0.1345 0.8507 47.8555 3.0568 0.0034
Cyclist 0.0000 0 1.2042 1149.9629 142.7008 1232.1471 256.8929 1.7942 0.4381 1.7795 9.9208 1.1859 12.1989 1.8714 0.0034
Car 0.0000 0 -0.5330 954.2693 163.8047 1063.6727 198.8570 1.4565 1.7076 3.7254 17.3708 0.7222 30.7498 -0.0274 0.0033
Car 0.0000 0 -0.4569 960.3289 165.4283 1077.9825 199.5254 1.4108 1.6461 4.0296 17.7380 0.7468 30.6591 0.0590 0.0033
Car 0.0000 0 1.3253 59.0953 171.3661 124.2108 207.0160 1.8413 1.8919 4.3374 -27.8730 1.3188 39.2257 0.7057 0.0033
Car 0.0000 0 -1.8251 60.8567 177.9561 122.1464 211.2780 1.5597 1.5786 3.6864 -25.1702 1.3947 35.4080 -2.4446 0.0033
Car 0.0000 0 3.5457 0.0000 176.9869 77.7390 206.0518 1.5204 1.6887 3.9110 -31.0030 1.2852 38.9100 2.8712 0.0033
Pedestrian 0.0000 0 -1.0455 71.0246 167.1340 95.1487 208.4282 1.9346 0.7005 0.6405 -24.5442 1.2625 34.0052 -1.6720 0.0033
Car 0.0000 0 1.3272 59.9789 170.8158 125.4211 207.2363 1.8855 1.9118 4.3887 -27.8970 1.3332 39.3394 0.7085 0.0032
Car 0.0000 0 -1.7924 1029.2872 144.6466 1112.4139 192.4629 1.7482 1.8253 4.2491 18.5189 0.4019 28.5685 -1.2263 0.0032
Car 0.0000 0 1.3490 713.2957 165.8213 744.5857 186.1870 1.5225 1.5847 3.6997 9.8491 0.3510 55.5871 1.5187 0.0032
Pedestrian 0.0000 0 -2.4278 861.5947 155.1029 891.8137 216.8817 2.0492 0.5870 0.7531 9.2830 1.1747 24.2961 -2.0716 0.0032
Car 0.0000 0 1.4512 708.5135 164.1965 737.9729 186.1588 1.6316 1.7402 4.0629 9.3782 0.3467 55.4297 1.6132 0.0032
Cyclist 0.0000 0 -1.6838 659.0458 171.6983 673.2986 198.9097 1.6263 0.6714 1.6544 3.9403 1.0412 43.7652 -1.5996 0.0031
Car 0.0000 0 -3.5888 960.8660 163.0803 1087.6536 199.1416 1.4809 1.6925 4.3360 17.8508 0.7255 30.5006 -3.0680 0.0031
Car 0.0000 0 1.3937 707.0749 164.5590 738.1581 186.5705 1.6369 1.6684 3.9421 9.3250 0.3777 55.4010 1.5548 0.0031
Car 0.0000 0 -0.4044 960.9229 164.1111 1092.2456 200.2047 1.4834 1.6621 4.5283 18.0046 0.7697 30.6126 0.1185 0.0031
Pedestrian 0.0000 0 -0.3987 388.5606 173.2011 413.1047 218.5629 1.7109 0.6449 0.7114 -7.7184 1.3989 27.5640 -0.6745 0.0031
Car 0.0000 0 -0.4734 956.5012 164.7653 1066.0684 199.2895 1.4368 1.6509 3.7373 17.4818 0.7413 30.7825 0.0345 0.0031
Car 0.0000 0 2.1706 125.5949 180.7533 210.4344 210.2654 1.4745 1.7059 4.3394 -22.8698 1.4380 38.1011 1.6280 0.0031
Car 0.0000 0 1.8517 53.3050 178.0855 103.3280 206.0104 1.5295 1.4169 3.4862 -29.9552 1.3433 41.2215 1.2213 0.0030
Car 0.0000 0 1.2208 338.8101 172.1417 381.2090 196.2007 1.7023 1.6325 4.1211 -17.8083 1.0408 52.9395 0.8928 0.0030
Car 0.0000 0 -3.6261 942.0441 158.2132 1045.6901 195.7434 1.5509 1.6036 3.5201 16.5860 0.5896 30.4928 -3.1364 0.0030
Car 0.0000 0 1.8330 48.6795 180.8415 101.3301 208.6913 1.5190 1.5254 3.7412 -30.1180 1.4839 41.1959 1.1997 0.0030
Car 0.0000 0 1.9191 52.0727 179.0530 108.8461 207.4287 1.5499 1.4590 3.7312 -29.8237 1.4171 41.2282 1.2909 0.0030
Car 0.0000 0 -2.2546 0.0000 0.0000 1238.0000 374.0000 1.5248 1.5909 4.0817 7.8710 1.4568 -0.1176 -0.7072 0.0030
Car 0.0000 0 -0.2421 0.0000 0.0000 1238.0000 374.0000 1.4531 1.4139 3.8995 -26.7770 2.2318 -0.0079 -1.8083 0.0029
Car 0.0000 0 0.1398 591.3690 171.9247 658.0718 195.3985 1.5342 1.7786 4.2722 1.5964 0.9090 48.1787 0.1678 0.0029
Car 0.0000 0 1.6916 800.6100 169.8826 834.8324 199.8096 1.5853 1.4633 3.1956 12.0126 0.9708 39.8069 1.9779 0.0029
Car 0.0000 0 1.4361 715.3196 165.6645 742.0639 186.0057 1.5197 1.5368 3.6260 9.8202 0.3372 55.5045 1.6056 0.0029
Car 0.0000 0 1.9542 51.6502 179.9425 111.2421 207.9130 1.5278 1.4800 3.7572 -29.7681 1.4435 41.2354 1.3269 0.0029
Cyclist 0.0000 0 -1.5079 655.8827 173.0307 667.0878 199.2627 1.5646 0.5824 1.7556 3.6681 1.0602 43.7516 -1.4298 0.0029
Car 0.0000 0 1.8703 294.2339 172.1501 340.9025 198.6950 1.6139 1.6481 4.0727 -18.0116 1.0462 45.7660 1.4924 0.0029
Pedestrian 0.0000 0 1.8730 1143.5503 147.9994 1202.7899 253.2921 1.7621 0.6723 0.5641 9.8697 1.2027 12.4560 2.5277 0.0029
Pedestrian 0.0000 0 -0.6864 385.1789 174.9513 405.1617 217.6646 1.6355 0.5402 0.5207 -8.0217 1.3858 27.8700 -0.9694 0.0029
Pedestrian 0.0000 0 -1.5477 1012.7612 169.0007 1036.6313 235.1849 1.7134 0.5360 0.7468 11.1971 1.3910 19.0516 -1.0276 0.0028
Car 0.0000 0 0.0353 0.0000 0.0000 1238.0000 374.0000 1.5321 1.7142 4.1872 -20.4639 1.5685 2.1158 -1.4247 0.0028
Car 0.0000 0 1.9671 795.5527 169.3485 844.0715 198.2014 1.5396 1.4599 3.2623 12.2024 0.8920 40.0522 2.2560 0.0027
Car 0.0000 0 1.9233 39.7432 179.1144 100.0543 207.7558 1.5512 1.5263 3.8816 -30.2382 1.4229 40.9800 1.2857 0.0027
Car 0.0000 0 2.4863 453.2034 170.9258 521.3411 195.2601 1.5205 1.6287 4.3115 -7.4150 0.8605 47.0105 2.3258 0.0027
Pedestrian 0.0000 0 -0.7968 388.1523 174.3958 413.1100 219.0533 1.6860 0.6210 0.6853 -7.7238 1.4188 27.5668 -1.0727 0.0027
Car 0.0000 0 1.8762 45.4904 180.1655 101.8777 208.4984 1.5409 1.5191 3.8608 -30.1436 1.4692 41.1375 1.2419 0.0027
Car 0.0000 0 -0.3257 936.3702 161.5694 1051.2489 198.3115 1.5192 1.5752 4.0264 16.7234 0.6961 30.8025 0.1632 0.0027
Car 0.0000 0 -3.5366 969.2892 164.3462 1092.5059 198.7871 1.4146 1.5812 4.2160 18.1687 0.7110 30.5649 -3.0090 0.0027
Car 0.0000 0 2.9021 592.0237 170.8084 649.6566 193.8354 1.4949 1.6619 3.5373 1.2847 0.8015 47.8248 2.9239 0.0027
Car 0.0000 0 1.6090 683.6192 168.4637 705.8019 187.5187 1.4988 1.6543 4.6925 7.7147 0.4740 58.9501 1.7337 0.0027
Car 0.0000 0 2.6991 765.0555 172.3658 846.6294 199.6527 1.5272 1.6098 4.2378 11.7453 1.0168 41.3571 2.9691 0.0027
Pedestrian 0.0000 0 0.4462 863.8293 155.3843 895.1217 217.1750 2.0412 0.6284 0.7930 9.3538 1.1796 24.2307 0.8058 0.0026
Pedestrian 0.0000 0 -1.3988 1010.5721 166.8990 1040.3815 234.8328 1.7575 0.5673 0.7627 11.2207 1.3809 19.0557 -0.8778 0.0026
Pedestrian 0.0000 0 0.1907 1215.2360 134.1542 1238.0000 245.3015 1.8218 0.5698 0.5812 10.8117 1.0470 12.1761 0.9010 0.0026
Car 0.0000 0 3.0539 562.4320 172.9530 627.9693 194.8192 1.4276 1.6561 4.2362 -0.4338 0.8703 47.9355 3.0399 0.0026
Car 0.0000 0 3.0281 559.8537 172.4005 627.1696 194.5999 1.4456 1.6043 4.3229 -0.5421 0.8537 47.8493 3.0119 0.0026
Car 0.0000 0 1.7767 193.2942 160.6465 229.1271 185.7273 1.8052 1.6140 3.8587 -29.1465 0.3049 53.7807 1.2773 0.0026
Car 0.0000 0 1.1789 337.4098 172.7677 381.0774 196.7292 1.6945 1.6078 4.0430 -17.8307 1.0776 52.8446 0.8501 0.0025
Cyclist 0.0000 0 2.1534 0.0000 0.0000 1238.0000 374.0000 1.9258 0.5785 2.0034 -6.5247 1.4864 -0.1811 0.5903 0.0024
Pedestrian 0.0000 0 0.5360 1210.9696 138.4434 1238.0000 246.2118 1.7725 0.5620 0.5644 10.7934 1.0656 12.1689 1.2458 0.0024
Car 0.0000 0 1.3797 708.7519 164.3510 740.1066 185.9369 1.6097 1.6358 3.9905 9.4952 0.3314 55.5808 1.5432 0.0024
Car 0.0000 0 4.0693 0.0000 0.0000 1238.0000 374.0000 1.4239 1.6038 3.8077 -10.0658 1.7646 0.1719 2.5367 0.0024
Car 0.0000 0 -1.8453 184.8178 154.5406 229.3479 185.5141 2.2276 1.7946 4.3738 -29.5715 0.2893 53.8453 -2.3502 0.0024
Pedestrian 0.0000 0 -2.7308 0.0000 0.0000 1238.0000 374.0000 1.8197 0.5827 0.4872 23.1735 1.2847 0.0777 -1.1795 0.0024
Car 0.0000 0 -0.8439 0.0000 0.0000 1238.0000 374.0000 1.5570 1.7843 5.1846 -29.0131 2.2647 0.2097 -2.4033 0.0023
Car 0.0000 0 -1.7788 1029.5485 148.7607 1108.7319 194.0641 1.6646 1.7962 4.0411 18.4820 0.4627 28.5980 -1.2142 0.0023
Car 0.0000 0 3.1172 560.0392 171.5058 625.2502 194.0866 1.4731 1.5358 4.2639 -0.5939 0.8218 47.7142 3.0999 0.0023
Car 0.0000 0 3.0138 562.7300 172.1460 627.1677 194.5377 1.4577 1.6128 4.1134 -0.4449 0.8494 47.8497 2.9996 0.0023
Pedestrian 0.0000 0 1.7529 1145.8643 147.7940 1201.7203 253.2501 1.7623 0.6723 0.5702 9.8719 1.2003 12.4422 2.4082 0.0023
Car 0.0000 0 1.5106 713.6943 166.6331 739.1709 186.5644 1.4891 1.6814 3.9951 9.6842 0.3789 55.7393 1.6770 0.0022
Car 0.0000 0 -1.9743 179.2249 154.3994 230.2589 186.1433 2.2843 1.7829 4.3052 -29.6671 0.3347 53.7127 -2.4816 0.0022
Car 0.0000 0 0.0299 0.0000 0.0000 1238.0000 374.0000 1.5323 1.7465 4.0314 -20.9937 1.5999 1.9426 -1.4412 0.0022
Car 0.0000 0 1.3754 1028.8766 157.1796 1113.1836 201.5052 1.6134 1.8981 4.5850 18.5505 0.7292 28.6242 1.9413 0.0021
Car 0.0000 0 -1.8541 183.7089 155.9853 227.9965 185.5664 2.1212 1.7922 4.1589 -29.5303 0.2922 53.6081 -2.3603 0.0021
Car 0.0000 0 1.4666 716.1260 165.3555 741.6943 186.2379 1.5574 1.5658 3.4430 9.8105 0.3539 55.3407 1.6364 0.0021
Car 0.0000 0 -1.7305 187.0898 160.6583 222.3558 187.1510 1.8961 1.7032 3.7878 -29.5116 0.4051 53.4246 -2.2379 0.0021
Pedestrian 0.0000 0 -1.7630 383.5150 174.4443 401.9522 218.1814 1.6550 0.5721 0.6085 -8.0352 1.3890 27.5804 -2.0491 0.0021
Car 0.0000 0 2.2566 192.5463 158.3363 250.4243 183.9981 1.8528 1.6936 4.0155 -28.4709 0.1810 53.9975 1.7686 0.0021
Cyclist 0.0000 0 -1.4872 393.1290 180.1754 410.7299 221.4167 1.5493 0.5298 1.6354 -7.7403 1.5005 27.8354 -1.7612 0.0021
Car 0.0000 0 1.6753 680.2743 168.6882 705.8492 187.2598 1.4582 1.6319 4.6018 7.5663 0.4528 58.8252 1.7978 0.0020
Car 0.0000 0 1.9250 676.3716 168.0432 712.4133 186.4205 1.4492 1.6246 4.1020 7.6766 0.3885 58.8384 2.0493 0.0020
Pedestrian 0.0000 0 1.7218 1159.2059 148.2865 1206.4058 254.4324 1.7461 0.5528 0.5701 9.8422 1.2010 12.2104 2.3846 0.0020
Pedestrian 0.0000 0 -2.4031 867.9087 167.8642 896.8441 219.2892 1.7878 0.6273 0.7185 9.9213 1.3148 25.4324 -2.0398 0.0020
Car 0.0000 0 1.0891 774.9520 171.7206 829.2065 201.5753 1.5802 1.4541 3.4257 11.0724 1.0635 39.8492 1.3534 0.0020
Car 0.0000 0 2.9448 0.0000 0.0000 1238.0000 374.0000 1.5246 1.6836 3.8892 -19.6387 1.4444 1.9166 1.4796 0.0020
Pedestrian 0.0000 0 -3.0103 791.6664 183.9432 840.8583 315.3209 1.5216 0.3769 0.5258 2.5290 1.5532 8.6038 -2.7384 0.0019
Car 0.0000 0 -4.4314 0.0000 0.0000 1238.0000 374.0000 1.5642 1.6011 4.1639 21.5143 1.0926 1.2047 -2.9336 0.0019
Cyclist 0.0000 0 -1.4426 655.1495 172.4190 666.1031 198.5002 1.5660 0.4601 1.7522 3.6391 1.0215 44.0330 -1.3656 0.0019
Car 0.0000 0 1.7708 679.4645 168.0513 709.6982 186.7309 1.4682 1.6371 4.3909 7.6889 0.4117 58.7987 1.8954 0.0019
Pedestrian 0.0000 0 -0.0056 392.5201 169.5900 411.6901 219.5060 1.8654 0.6147 0.6931 -7.5798 1.4213 27.2332 -0.2798 0.0019
Pedestrian 0.0000 0 -1.6818 383.5385 173.9981 401.2346 217.7981 1.6572 0.5834 0.6340 -8.0494 1.3744 27.5818 -1.9683 0.0019
Pedestrian 0.0000 0 1.6153 1162.4784 148.6477 1205.2733 254.5007 1.7411 0.5500 0.5676 9.8591 1.2020 12.2073 2.2790 0.0019
Cyclist 0.0000 0 -0.1311 653.3911 170.2195 685.2200 198.2203 1.6846 0.7041 1.8440 4.1171 1.0067 43.6059 -0.0425 0.0019
Cyclist 0.0000 0 -2.0670 963.7425 154.5866 1026.7271 230.5021 1.7352 0.4149 1.9932 9.4702 1.1212 17.4144 -1.5803 0.0019
Car 0.0000 0 -1.3618 0.0000 0.0000 1238.0000 374.0000 1.5361 1.6996 4.0486 21.9478 1.0654 1.0602 0.1438 0.0018
Car 0.0000 0 -0.8525 979.1716 164.9073 1086.2198 200.3812 1.4491 1.5938 4.1777 18.4448 0.7723 30.7572 -0.3211 0.0018
Car 0.0000 0 -1.6346 300.5022 162.4111 336.4739 198.0194 2.2404 1.9102 4.6244 -18.8188 1.0401 47.6917 -2.0135 0.0018
Car 0.0000 0 0.6649 1046.4896 131.3603 1200.7593 186.7348 1.8007 1.8285 4.1981 18.4239 0.1713 25.6306 1.2785 0.0018
Car 0.0000 0 -1.9267 179.4595 157.5211 227.2135 188.8402 2.2430 1.7395 4.2123 -29.6406 0.5263 53.4718 -2.4356 0.0018
Car 0.0000 0 1.4349 1032.4546 151.9984 1104.0918 196.9306 1.6512 1.8082 4.0615 18.4715 0.5681 28.6184 1.9990 0.0018
Car 0.0000 0 2.8204 755.6850 169.0961 833.4073 197.5365 1.5957 1.6113 4.0012 11.0502 0.9006 41.2362 3.0757 0.0018
Car 0.0000 0 2.9339 0.0000 0.0000 1238.0000 374.0000 1.4901 1.6430 3.8898 -19.6395 1.4313 1.8828 1.4670 0.0017
Pedestrian 0.0000 0 -0.8185 909.9751 165.2298 944.6431 230.6897 1.9166 0.6217 0.7171 9.7029 1.4414 21.4563 -0.4037 0.0017
Car 0.0000 0 3.0197 562.6320 171.0298 626.0712 193.6847 1.4722 1.5234 4.0516 -0.4819 0.7925 47.7085 3.0047 0.0017
Car 0.0000 0 3.0896 0.0000 0.0000 1238.0000 374.0000 1.4174 1.5135 3.8844 -38.9080 2.2839 1.3880 1.5563 0.0017
Pedestrian 0.0000 0 2.6493 385.5646 172.5493 411.6313 220.8050 1.7962 0.6145 0.7485 -7.7055 1.4641 27.2171 2.3708 0.0017
Car 0.0000 0 -0.9678 0.0000 0.0000 1238.0000 374.0000 1.5465 1.5673 3.6998 -27.3224 2.2607 1.0969 -2.4939 0.0017
Car 0.0000 0 -1.9499 180.2507 156.6864 228.3931 188.6657 2.2909 1.7276 4.1027 -29.5381 0.5140 53.4232 -2.4577 0.0017
Car 0.0000 0 1.3137 708.0524 165.8426 742.5013 186.2291 1.5190 1.6606 3.9066 9.5525 0.3530 55.5433 1.4783 0.0017
Pedestrian 0.0000 0 -1.1173 911.0164 168.7850 942.2078 232.2164 1.8559 0.6036 0.7101 9.6938 1.4850 21.4744 -0.7031 0.0017
Pedestrian 0.0000 0 -3.2514 785.6443 161.0554 799.4532 186.5401 1.8969 0.7121 0.9239 14.3511 0.3757 53.8834 -2.9972 0.0017
Car 0.0000 0 1.7055 0.0000 0.0000 1238.0000 374.0000 1.3787 1.4453 3.8077 -9.7827 1.6408 0.2564 0.1828 0.0017
Car 0.0000 0 1.2937 708.1528 165.4989 742.4634 186.4053 1.5589 1.6069 3.8178 9.5573 0.3663 55.5473 1.4584 0.0016
Car 0.0000 0 1.9995 673.9130 168.1859 712.9050 187.3515 1.5099 1.6145 4.1216 7.5866 0.4615 58.7664 2.1224 0.0016
Pedestrian 0.0000 0 -3.1645 1235.5278 141.2256 1238.0000 250.3269 1.7879 0.5486 0.5888 11.1033 1.1292 12.1687 -2.4407 0.0016
Pedestrian 0.0000 0 -2.7186 869.1143 168.6191 896.2615 219.8191 1.7783 0.5956 0.7151 9.9263 1.3320 25.4100 -2.3549 0.0016
Car 0.0000 0 0.4790 0.0000 0.0000 1238.0000 374.0000 1.5716 1.6225 4.4972 21.4436 1.0935 1.2227 1.9757 0.0016
Car 0.0000 0 1.1525 0.0000 0.0000 1238.0000 374.0000 1.3362 1.4641 3.5988 -10.3084 1.7294 0.2797 -0.3707 0.0016
Car 0.0000 0 2.6462 0.0000 0.0000 1238.0000 374.0000 1.3718 1.4986 3.9152 -37.9101 2.4899 1.6006 1.1196 0.0015
Car 0.0000 0 -0.7564 0.0000 0.0000 1238.0000 374.0000 1.6933 1.7931 4.7636 -29.4340 2.3915 0.5067 -2.3060 0.0015
Car 0.0000 0 3.0059 0.0000 0.0000 1238.0000 374.0000 1.3965 1.5328 4.1256 -38.3291 2.5037 1.5078 1.4763 0.0015
Car 0.0000 0 4.4515 0.0000 0.0000 1238.0000 374.0000 1.3623 1.5945 3.9221 -9.9467 1.6120 -0.2112 2.8809 0.0015
Car 0.0000 0 0.3895 0.0000 0.0000 1238.0000 374.0000 1.6287 1.7294 4.1469 28.4257 0.7249 1.6025 1.8898 0.0015
Pedestrian 0.0000 0 0.1528 786.5117 159.6161 799.3765 186.3793 1.9903 0.7151 0.8376 14.3936 0.3634 53.9109 0.4077 0.0015
Pedestrian 0.0000 0 -1.3994 1150.9453 145.6815 1201.0901 252.1505 1.7569 0.5898 0.5574 9.7631 1.1671 12.2568 -0.7424 0.0014
Car 0.0000 0 1.3005 1024.3804 145.8926 1112.0105 193.2824 1.7125 1.7540 4.2993 18.2097 0.4268 28.2673 1.8636 0.0014
Pedestrian 0.0000 0 -0.0980 787.3732 161.6899 800.9391 187.3817 1.9051 0.7374 0.9068 14.4222 0.4367 53.7003 0.1583 0.0014
Car 0.0000 0 1.3678 1020.3956 160.2776 1102.7264 201.1049 1.5250 1.9381 4.2852 18.5382 0.7334 29.1755 1.9248 0.0014
Car 0.0000 0 -0.9309 0.0000 0.0000 1238.0000 374.0000 1.6122 1.8125 4.9222 -28.8184 2.3347 0.3675 -2.4848 0.0014
Pedestrian 0.0000 0 0.9011 791.6449 172.5129 845.7692 309.1851 1.5796 0.3750 0.5212 2.5521 1.4770 8.6121 1.1752 0.0014
Car 0.0000 0 -0.8244 0.0000 0.0000 1238.0000 374.0000 1.6577 1.7503 4.8421 -27.9017 2.3439 1.6183 -2.3328 0.0014
Car 0.0000 0 0.6796 0.0000 0.0000 1238.0000 374.0000 1.5810 1.7144 4.1267 21.1853 1.0929 1.6624 2.1548 0.0013
Car 0.0000 0 -2.6121 0.0000 0.0000 1238.0000 374.0000 1.6406 1.6572 4.6644 25.2134 1.2213 0.0251 -1.0577 0.0013
Car 0.0000 0 2.5253 0.0000 0.0000 1238.0000 374.0000 1.4370 1.3724 3.3584 -19.4024 1.5634 1.7959 1.0553 0.0013
Cyclist 0.0000 0 0.0711 647.8737 173.1371 678.7086 198.9572 1.5527 0.6923 1.8270 3.7693 1.0505 43.6746 0.1517 0.0013
Car 0.0000 0 3.8666 0.0000 0.0000 1238.0000 374.0000 1.5241 1.6282 4.0250 -20.6611 1.6206 1.7614 2.3886 0.0013
Pedestrian 0.0000 0 -1.4757 1150.7780 142.0736 1198.5310 250.8628 1.7922 0.5936 0.5749 9.7309 1.1440 12.2440 -0.8197 0.0013
Car 0.0000 0 1.4252 1030.0198 144.7391 1102.1089 192.2654 1.7406 1.7935 3.9697 18.2977 0.3953 28.4836 1.9871 0.0012
Car 0.0000 0 4.3638 0.0000 0.0000 1238.0000 374.0000 1.5623 1.8726 4.0604 -28.0093 2.1415 0.1233 2.8019 0.0012
Car 0.0000 0 0.8544 0.0000 0.0000 1238.0000 374.0000 1.5566 1.5175 4.4658 21.3306 1.1691 1.7382 2.3268 0.0012
Pedestrian 0.0000 0 1.7928 130.4479 166.1615 155.6466 221.2632 1.9552 0.6315 0.6910 -16.5555 1.4120 25.9188 1.2238 0.0012
Car 0.0000 0 -1.8452 183.4445 159.5780 225.0148 186.7749 1.9470 1.7113 3.8598 -29.5308 0.3782 53.3954 -2.3531 0.0012
Car 0.0000 0 4.3422 0.0000 0.0000 1238.0000 374.0000 1.6025 1.8551 4.3033 -28.0096 2.1041 -0.0857 2.7728 0.0012
Car 0.0000 0 0.0334 557.2631 171.3999 629.3718 194.0008 1.4823 1.6262 4.7352 -0.5116 0.8206 47.9662 0.0179 0.0012
Car 0.0000 0 1.3906 1010.8929 159.6749 1072.4659 195.8741 1.4702 1.5644 3.9204 19.0690 0.5848 31.2825 1.9294 0.0012
Car 0.0000 0 0.0266 0.0000 0.0000 1238.0000 374.0000 1.4975 1.7554 4.2664 -20.7826 1.6254 2.2153 -1.4305 0.0012
Pedestrian 0.0000 0 -0.8206 651.8109 171.9230 667.4179 198.8266 1.6257 0.7175 0.6235 3.5576 1.0477 43.8786 -0.7452 0.0012
Pedestrian 0.0000 0 0.1309 783.8629 159.3344 797.6295 185.9048 1.9772 0.6489 0.9259 14.2319 0.3284 53.9240 0.3829 0.0011
Car 0.0000 0 1.3788 1008.1228 160.5927 1067.7180 195.5318 1.4332 1.5045 3.7389 19.0308 0.5766 31.4773 1.9139 0.0011
Car 0.0000 0 4.5009 0.0000 0.0000 1238.0000 374.0000 1.6131 1.9318 4.6670 -28.3005 2.2069 0.2699 2.9440 0.0011
Car 0.0000 0 -0.7491 0.0000 0.0000 1238.0000 374.0000 1.5212 1.5961 3.8906 -27.8120 2.2550 1.5114 -2.2611 0.0010
Car 0.0000 0 3.0025 565.0792 170.7684 628.5399 193.4736 1.4746 1.5169 4.0370 -0.3172 0.7783 47.7023 2.9910 0.0010
Pedestrian 0.0000 0 -0.7988 783.0597 159.4353 797.7590 185.5461 1.9403 0.6770 0.8341 14.1940 0.3013 53.8838 -0.5473 0.0010
Car 0.0000 0 -0.6804 0.0000 0.0000 1238.0000 374.0000 1.5576 1.7078 4.1012 -27.6921 2.2806 1.4889 -2.1930 0.0009
Car 0.0000 0 4.0419 0.0000 0.0000 1238.0000 374.0000 1.5263 1.5742 4.0423 -20.7530 1.5255 1.7030 2.5606 0.0009
Pedestrian 0.0000 0 -0.9438 651.6693 171.7208 667.2410 198.5801 1.6219 0.7080 0.6387 3.5460 1.0321 43.8469 -0.8685 0.0009
Car 0.0000 0 -0.7736 0.0000 0.0000 1238.0000 374.0000 1.6239 1.7457 4.4437 -27.7396 2.3046 1.5543 -2.2839 0.0009
Car 0.0000 0 -1.0866 0.0000 0.0000 1238.0000 374.0000 1.5528 1.5597 3.6293 -27.3122 2.2367 0.9954 -2.6164 0.0009
Car 0.0000 0 -1.1620 0.0000 0.0000 1238.0000 374.0000 1.6223 1.7738 4.7069 -28.2957 2.3870 1.0606 -2.6911 0.0009
Car 0.0000 0 -1.4198 0.0000 0.0000 1238.0000 374.0000 1.5787 1.6415 4.4672 -28.0243 2.2701 0.8447 -2.9561 0.0008
Car 0.0000 0 1.3854 985.6188 153.2410 1050.7289 197.5238 1.6703 1.5822 3.7057 16.7756 0.6054 29.1005 1.8996 0.0008
Car 0.0000 0 1.5118 1032.8983 145.9876 1093.0134 192.5649 1.7094 1.7253 3.9952 18.2206 0.4071 28.5263 2.0711 0.0008
Car 0.0000 0 1.1328 996.5598 157.8229 1114.4409 202.0100 1.6460 1.9849 5.2520 18.3938 0.7651 29.4762 1.6817 0.0008
Car 0.0000 0 1.4616 1009.7822 161.4931 1065.1309 198.2304 1.4772 1.5836 3.8596 18.7030 0.6737 30.9666 1.9962 0.0007
Car 0.0000 0 1.1945 1003.4996 162.3404 1094.5918 200.2350 1.4828 1.7418 4.3647 18.7848 0.7341 30.4023 1.7392 0.0007
Car 0.0000 0 1.3008 1022.0425 147.4701 1110.2628 194.8810 1.7026 1.7173 4.4802 18.0704 0.4816 28.1856 1.8618 0.0007
Car 0.0000 0 1.2018 975.2162 157.2822 1062.1896 200.5212 1.6277 1.6132 4.1810 16.8276 0.7171 29.2238 1.7154 0.0007
Pedestrian 0.0000 0 -0.9464 657.3536 173.5408 674.3512 199.5662 1.5625 0.8122 0.6321 3.9162 1.0854 43.6288 -0.8625 0.0007
Car 0.0000 0 -1.2721 0.0000 0.0000 1238.0000 374.0000 1.5739 1.6693 4.4932 21.8156 1.1500 1.0877 0.2320 0.0006
Car 0.0000 0 2.9979 0.0000 0.0000 1238.0000 374.0000 1.4206 1.5248 3.8970 -38.3227 2.5038 1.9141 1.4789 0.0006
Car 0.0000 0 -2.0974 995.0488 164.7074 1082.2319 198.1105 1.3598 1.5890 3.6109 18.7771 0.6772 31.0530 -1.5622 0.0006
Car 0.0000 0 -1.3699 0.0000 0.0000 1238.0000 374.0000 1.6140 1.7330 4.3511 -27.6840 2.2712 0.8518 -2.9054 0.0006
Pedestrian 0.0000 0 -0.8836 652.9624 172.0149 670.0501 199.2858 1.6357 0.7366 0.7327 3.6502 1.0675 43.6011 -0.8056 0.0006
Pedestrian 0.0000 0 -0.8553 653.2390 171.6857 670.2593 199.0707 1.6431 0.7204 0.7418 3.6660 1.0550 43.6145 -0.7769 0.0006
Pedestrian 0.0000 0 -1.3973 649.8114 169.0859 664.4499 197.0393 1.6788 0.7885 0.6455 3.3825 0.9340 43.5474 -1.3252 0.0006
Pedestrian 0.0000 0 -1.2691 648.9285 168.8895 664.6205 196.7610 1.6727 0.7954 0.6450 3.3609 0.9167 43.5542 -1.1975 0.0005
Car 0.0000 0 1.1689 974.6200 156.5100 1064.5396 200.0336 1.6335 1.5924 4.1920 16.8049 0.6966 29.1301 1.6833 0.0005
Car 0.0000 0 1.5770 1032.7195 149.0295 1089.0201 195.6242 1.7097 1.7705 4.0840 18.2150 0.5193 28.5537 2.1358 0.0005
Car 0.0000 0 -1.4522 0.0000 0.0000 1238.0000 374.0000 1.6264 1.9345 5.9175 -28.3183 2.2605 0.2744 -3.0090 0.0005
Car 0.0000 0 1.1392 990.2989 158.2339 1099.1368 201.1078 1.6533 1.9384 4.9882 18.4773 0.7572 30.2821 1.6782 0.0005
Car 0.0000 0 1.0963 968.0539 157.9236 1063.0165 200.2034 1.6196 1.7188 3.9707 16.8748 0.7175 29.5300 1.6067 0.0004
Pedestrian 0.0000 0 0.2008 783.7205 160.8051 797.9418 187.5463 1.9801 0.7692 0.8970 14.1872 0.4483 53.7305 0.4529 0.0004
Car 0.0000 0 1.5797 1030.5077 154.1010 1088.7543 199.6734 1.6733 1.8355 4.4845 18.3008 0.6683 28.7571 2.1374 0.0004
Car 0.0000 0 -1.0446 1205.3950 169.0302 1238.0000 235.3513 1.3911 1.7056 4.5496 16.4341 1.1308 16.5017 -0.2742 0.0004
Car 0.0000 0 -1.0187 1225.4716 170.8680 1238.0000 233.8669 1.3342 1.5366 3.9773 16.5917 1.1103 16.4325 -0.2416 0.0004
Pedestrian 0.0000 0 -1.4662 105.7077 167.6807 127.9818 219.2380 1.9483 0.6371 0.7504 -18.6491 1.4271 27.6241 -2.0607 0.0004
Pedestrian 0.0000 0 -0.0270 784.0237 161.3282 797.9872 187.9177 1.9702 0.7429 0.9841 14.1850 0.4761 53.6959 0.2252 0.0004
Car 0.0000 0 1.0555 975.0886 158.6698 1082.7633 200.5993 1.6574 1.7625 4.8420 18.1460 0.7560 30.8199 1.5789 0.0004
Car 0.0000 0 1.3938 988.1290 156.0566 1072.0776 202.6332 1.6966 1.8787 5.6606 17.2024 0.7709 29.1449 1.9181 0.0003
Car 0.0000 0 1.6950 1018.9136 147.6315 1082.2085 194.8300 1.7525 1.6837 4.1827 18.0574 0.4960 28.8289 2.2456 0.0003
Pedestrian 0.0000 0 -1.2855 928.6515 169.8846 951.1790 214.5519 1.5542 0.5385 0.7507 11.9734 1.1511 25.4524 -0.8549 0.0003
Car 0.0000 0 1.4086 971.3827 158.8965 1046.0942 200.9084 1.6402 1.9885 4.6059 17.1759 0.7588 30.5459 1.9122 0.0002
Car 0.0000 0 1.4542 999.6088 153.9849 1072.6765 200.8943 1.7248 1.8742 5.2214 17.5001 0.7141 29.1766 1.9856 0.0002
Car 0.0000 0 0.6799 182.9375 164.7279 265.8425 190.3618 1.7674 2.0463 5.0477 -26.7356 0.6117 51.0177 0.1945 0.0002
Car 0.0000 0 0.7302 187.2455 164.9070 262.5663 190.0511 1.7401 1.9391 4.6445 -26.8113 0.5924 51.2135 0.2452 0.0002
Car 0.0000 0 1.3639 978.5463 156.3198 1068.4572 202.5875 1.7059 2.0369 5.3548 17.0461 0.7785 29.3426 1.8813 0.0002
Car 0.0000 0 1.4136 967.8973 161.9044 1026.2600 197.5586 1.4550 1.5897 3.9804 17.2240 0.6563 31.4527 1.9062 0.0002
Car 0.0000 0 1.7761 1008.5448 151.2078 1084.0374 198.6131 1.7626 1.7599 4.3877 17.9400 0.6373 28.9097 2.3225 0.0002
Car 0.0000 0 1.5333 1027.7180 158.9650 1088.8622 201.8337 1.5850 1.8485 4.8062 18.3852 0.7529 29.1030 2.0877 0.0002