Pedestrian 0.0000 0 -2.4919 168.3500 137.5112 285.5138 309.2360 2.0396 0.4678 1.2546 -4.7098 1.5307 8.7303 -2.9699 0.8876
Pedestrian 0.0000 0 -2.4996 168.5314 137.0002 284.8825 309.4662 2.0504 0.4724 1.2366 -4.7144 1.5350 8.7350 -2.9777 0.8545
Pedestrian 0.0000 0 -2.4923 169.8005 136.8437 283.3109 308.1851 2.0363 0.4686 1.2030 -4.7147 1.5191 8.7310 -2.9706 0.8321
Pedestrian 0.0000 0 -2.5213 169.2912 136.7784 282.1317 308.1651 2.0413 0.4758 1.1760 -4.7252 1.5222 8.7346 -3.0003 0.7933
Pedestrian 0.0000 0 -2.4566 170.3267 136.8531 284.4531 309.7706 2.0493 0.4813 1.2210 -4.7084 1.5337 8.7358 -2.9342 0.7495
Pedestrian 0.0000 0 -2.4815 171.9295 136.9758 281.9094 307.8654 2.0324 0.4779 1.1542 -4.7171 1.5165 8.7436 -2.9594 0.7439
Pedestrian 0.0000 0 -2.5406 167.2788 136.3982 285.1241 308.1537 2.0454 0.4695 1.2386 -4.7124 1.5219 8.7237 -3.0190 0.7130
Pedestrian 0.0000 0 -2.5457 169.7097 136.6022 280.2775 306.6633 2.0265 0.4682 1.1391 -4.7248 1.5051 8.7188 -3.0254 0.6496
Pedestrian 0.0000 0 -2.4547 179.3189 145.5114 297.4748 311.8526 1.9656 0.4869 1.2839 -4.5692 1.5538 8.7282 -2.9204 0.5231
Car 0.0000 0 3.0205 445.1316 0.0000 1224.0000 370.0000 1.4340 1.5669 3.7394 -0.8184 1.6465 0.2800 2.0870 0.4220
Car 0.0000 0 3.1673 443.3631 0.0000 1224.0000 370.0000 1.4955 1.5796 3.7657 -0.8911 1.6189 0.1983 2.1284 0.3958
Pedestrian 0.0000 0 -1.0305 0.0000 0.0000 1224.0000 370.0000 1.7071 0.6154 0.6175 -3.0630 1.6513 -0.0528 -2.5115 0.3609
Car 0.0000 0 -0.0047 470.5728 0.0000 1224.0000 370.0000 1.4724 1.5630 3.7179 -0.8480 1.6180 0.2367 -0.9895 0.3503
Car 0.0000 0 -4.1220 0.0000 0.0000 1224.0000 370.0000 1.4767 1.5774 3.3440 1.7543 1.5906 0.0458 -2.7571 0.3369
Pedestrian 0.0000 0 -1.1341 0.0000 0.0000 1224.0000 370.0000 1.6987 0.6171 0.6358 -3.0602 1.6467 -0.0400 -2.6109 0.3347
Pedestrian 0.0000 0 3.8895 0.0000 0.0000 1224.0000 370.0000 1.9107 0.6472 0.6238 -4.5263 1.7550 0.0922 2.4118 0.2848
Car 0.0000 0 3.6681 365.4236 0.0000 1224.0000 370.0000 1.4934 1.5733 3.8267 -1.2255 1.6439 -0.1649 2.2277 0.2721
Pedestrian 0.0000 0 4.0677 0.0000 0.0000 1224.0000 370.0000 1.8991 0.6388 0.6282 -4.5214 1.7613 0.0975 2.5912 0.2712
Car 0.0000 0 -0.3939 508.9180 0.0000 1224.0000 370.0000 1.4880 1.5795 3.7511 -0.6370 1.6638 0.4922 -1.0552 0.2688
Car 0.0000 0 3.6441 434.4015 0.0000 1224.0000 370.0000 1.4607 1.5670 3.8647 -1.2151 1.6400 -0.0515 2.2953 0.2412
Car 0.0000 0 -0.5268 579.5820 0.0000 1224.0000 370.0000 1.5189 1.6087 3.7915 -0.5465 1.6482 0.7935 -0.9798 0.2371
Car 0.0000 0 -0.2126 492.9904 0.0000 1224.0000 370.0000 1.5117 1.6273 3.7228 -0.7108 1.6270 0.3519 -1.0214 0.2234
Pedestrian 0.0000 0 -0.9205 0.0000 0.0000 1224.0000 370.0000 1.7362 0.6862 0.6240 -3.0583 1.6499 -0.2056 -2.4511 0.2033
Pedestrian 0.0000 0 2.2450 0.0000 0.0000 1224.0000 370.0000 1.7384 0.6846 0.6553 -3.0489 1.6396 -0.2263 0.7077 0.1969
Car 0.0000 0 -3.2626 0.0000 0.0000 1224.0000 370.0000 1.5196 1.5593 4.0603 0.8027 1.6449 0.7576 -2.6221 0.1807
Car 0.0000 0 -0.5401 534.0069 0.0000 1224.0000 370.0000 1.4918 1.5696 3.7453 -0.5645 1.6583 0.6661 -1.0566 0.1804
Car 0.0000 0 -0.0069 0.0000 0.0000 1224.0000 370.0000 1.5343 1.5905 3.7263 1.6258 1.5919 -0.2871 1.5429 0.1782
Car 0.0000 0 -4.0237 0.0000 0.0000 1224.0000 370.0000 1.4992 1.6469 3.6722 1.5103 1.6456 0.2272 -2.8009 0.1721
Car 0.0000 0 0.1240 0.0000 0.0000 1224.0000 370.0000 1.4990 1.5866 3.6082 1.6714 1.6459 -0.0681 1.5448 0.1657
Car 0.0000 0 -0.9452 0.0000 0.0000 1028.3000 370.0000 1.5320 1.5464 3.5632 1.9246 1.5871 -0.1580 0.5413 0.1503
Car 0.0000 0 -0.8677 0.0000 0.0000 838.3504 370.0000 1.5367 1.5920 3.7879 1.6931 1.5936 -0.0404 0.5390 0.1478
Car 0.0000 0 -4.0467 0.0000 0.0000 1224.0000 370.0000 1.4845 1.6415 3.5150 1.5116 1.6052 0.1310 -2.7664 0.1469
Car 0.0000 0 -0.1488 411.5456 0.0000 1224.0000 370.0000 1.5530 1.6768 3.6370 -0.6702 1.6244 0.1279 -1.1246 0.1382
Car 0.0000 0 0.0308 0.0000 0.0000 1224.0000 370.0000 1.5124 1.6064 3.5715 1.7198 1.6044 -0.1069 1.4778 0.1372
Car 0.0000 0 -3.9387 0.0000 0.0000 1224.0000 370.0000 1.5367 1.7013 3.9721 1.2394 1.6037 0.1268 -2.7147 0.1249
Cyclist 0.0000 0 1.9945 0.0000 0.0000 1224.0000 370.0000 1.8049 0.5709 1.7038 -3.3441 1.7088 0.0489 0.5361 0.1191
Car 0.0000 0 3.0041 115.9897 0.0000 1224.0000 370.0000 1.4633 1.5746 4.0017 -1.7401 1.6662 0.4987 1.8764 0.1165
Car 0.0000 0 0.1083 0.0000 0.0000 1224.0000 370.0000 1.5102 1.5935 3.6172 1.5461 1.6035 -0.1953 1.5978 0.1109
Car 0.0000 0 0.1295 0.0000 0.0000 1224.0000 370.0000 1.5256 1.5753 3.5199 1.5743 1.6642 -0.0851 1.5516 0.1057
Car 0.0000 0 -4.1978 0.0000 0.0000 1224.0000 370.0000 1.5248 1.6565 3.7398 1.4438 1.6701 0.2627 -3.0110 0.1027
Pedestrian 0.0000 0 -3.3746 779.1795 160.2177 791.1760 185.3811 1.7301 0.8360 0.6293 12.4955 0.3369 49.0308 -3.1248 0.1003
Car 0.0000 0 -2.2890 0.0000 0.0000 1224.0000 370.0000 1.4650 1.5821 3.9047 -0.9174 1.6459 0.4862 -3.1348 0.0989
Car 0.0000 0 -0.7530 533.1389 0.0000 1224.0000 370.0000 1.5069 1.6160 3.7117 -0.3771 1.6413 0.6108 -1.1346 0.0984
Car 0.0000 0 -0.7850 591.9041 0.0000 1224.0000 370.0000 1.5101 1.6028 3.7279 -0.3215 1.6482 0.8077 -1.0599 0.0936
Cyclist 0.0000 0 1.9323 0.0000 0.0000 1224.0000 370.0000 1.8941 0.5135 1.8300 -4.2365 1.7177 -0.1095 0.4135 0.0929
Car 0.0000 0 -4.1678 0.0000 0.0000 1224.0000 370.0000 1.5914 1.6868 4.2740 0.7786 1.5720 0.1286 -3.1211 0.0922
Car 0.0000 0 -1.7166 44.4629 0.0000 1002.5587 370.0000 1.5506 1.6483 3.8499 0.2044 1.6580 0.7098 -1.5195 0.0897
Car 0.0000 0 -4.2676 0.0000 0.0000 1224.0000 370.0000 1.5202 1.6455 3.7818 1.3785 1.5976 0.0693 -2.9728 0.0880
Car 0.0000 0 -2.8718 0.0000 0.0000 1224.0000 370.0000 1.5125 1.6174 3.9034 0.4221 1.6437 1.0418 -2.5701 0.0852
Car 0.0000 0 -0.3221 369.8195 0.0000 1224.0000 370.0000 1.4595 1.5526 3.6200 -0.9858 1.6335 0.6133 -1.1310 0.0847
Car 0.0000 0 -0.6457 0.0000 0.0000 1224.0000 370.0000 1.4874 1.5728 3.7320 1.6690 1.6452 0.8906 0.2979 0.0842
Car 0.0000 0 3.5589 0.0000 0.0000 1224.0000 370.0000 1.4416 1.6033 3.9168 -1.8870 1.6375 -0.2567 2.0251 0.0838
Car 0.0000 0 -2.2439 0.0000 0.0000 853.0505 370.0000 1.5335 1.6143 3.8386 0.6225 1.6864 0.9506 -1.7879 0.0820
Car 0.0000 0 0.3157 0.0000 0.0000 1189.8274 370.0000 1.5685 1.6477 3.7925 1.1937 1.6723 0.2367 1.4494 0.0819
Car 0.0000 0 -1.0893 0.0000 0.0000 1039.5179 370.0000 1.5427 1.5300 3.5270 2.0616 1.5735 -0.1189 0.3840 0.0801
Car 0.0000 0 -4.0528 0.0000 0.0000 1224.0000 370.0000 1.6103 1.6994 4.2157 0.6642 1.5759 0.1151 -3.0636 0.0783
Car 0.0000 0 3.9498 741.1440 0.0000 1224.0000 370.0000 1.4539 1.5958 4.0198 -1.1184 1.6400 -0.0283 2.6388 0.0770
Car 0.0000 0 3.9855 469.9800 0.0000 1224.0000 370.0000 1.4525 1.5789 3.8241 -1.5439 1.6420 -0.0886 2.5674 0.0756
Car 0.0000 0 2.8745 63.2793 0.0000 1224.0000 370.0000 1.4503 1.5737 3.7616 -1.4776 1.6475 0.3993 1.7604 0.0750
Car 0.0000 0 3.9612 847.7466 0.0000 1224.0000 370.0000 1.5303 1.6585 4.2144 -0.9926 1.6628 -0.0379 2.6722 0.0730
Car 0.0000 0 3.6583 57.9686 182.8054 280.7911 252.0186 1.4083 1.6373 3.8021 -9.3323 1.4626 15.2954 3.1214 0.0727
Car 0.0000 0 -3.6913 0.0000 0.0000 1224.0000 370.0000 1.5144 1.5793 3.8750 1.4902 1.6569 0.7452 -2.7410 0.0711
Car 0.0000 0 -2.8488 0.0000 0.0000 1224.0000 370.0000 1.5209 1.6713 3.5983 1.8819 1.6286 0.2739 -1.5838 0.0711
Car 0.0000 0 -1.0150 0.0000 0.0000 1224.0000 370.0000 1.4942 1.5360 3.4387 1.9608 1.6316 0.3884 0.2092 0.0702
Pedestrian 0.0000 0 1.1173 1004.3304 220.9399 1098.5665 370.0000 1.1704 0.3688 0.5983 3.3243 1.4978 5.3774 1.6469 0.0695
Car 0.0000 0 -0.2464 0.0000 0.0000 1224.0000 370.0000 1.5170 1.6183 3.7879 2.0138 1.5776 -0.2136 1.2713 0.0691
Car 0.0000 0 -3.1226 0.0000 0.0000 1224.0000 370.0000 1.4617 1.6028 3.4468 9.3740 1.4556 -0.2382 -1.5594 0.0675
Car 0.0000 0 3.2833 97.3915 0.0000 1224.0000 370.0000 1.4345 1.6247 4.2278 -1.9081 1.6297 0.1883 1.9763 0.0675
Car 0.0000 0 -4.0652 0.0000 0.0000 1224.0000 370.0000 1.5383 1.6345 3.9395 0.8693 1.5954 0.2262 -3.0563 0.0647
Car 0.0000 0 0.2303 0.0000 0.0000 1224.0000 370.0000 1.5600 1.6412 3.8602 1.2484 1.6512 -0.1640 1.6756 0.0643
Pedestrian 0.0000 0 2.1850 0.0000 0.0000 1224.0000 370.0000 1.7968 0.7114 0.6536 -3.2884 1.6513 -0.2146 0.6489 0.0629
Car 0.0000 0 -3.9891 0.0000 0.0000 1224.0000 370.0000 1.5410 1.6620 4.1722 0.6355 1.6099 0.2239 -3.1272 0.0622
Car 0.0000 0 -1.1114 0.0000 0.0000 1224.0000 370.0000 1.4839 1.5215 3.3984 2.1814 1.5630 0.2050 0.2232 0.0614
Car 0.0000 0 -0.8480 417.9562 243.7285 1224.0000 370.0000 1.4628 1.5771 3.6538 1.7342 1.6358 0.9756 0.0816 0.0612
Car 0.0000 0 3.5637 732.4240 0.0000 1224.0000 370.0000 1.5060 1.6005 3.9335 -0.8446 1.6421 0.1712 2.5246 0.0599
Car 0.0000 0 -2.2356 0.0000 0.0000 1137.2623 370.0000 1.5021 1.6410 3.9477 -1.0975 1.6622 0.7642 -3.0238 0.0594
Cyclist 0.0000 0 1.7941 0.0000 0.0000 1224.0000 370.0000 1.8764 0.5461 1.8131 -3.7550 1.7764 0.0901 0.3344 0.0591
Pedestrian 0.0000 0 3.8993 0.0000 0.0000 1224.0000 370.0000 1.9182 0.6941 0.6162 -4.3772 1.8109 0.0773 2.4212 0.0591
Car 0.0000 0 3.6009 0.0000 0.0000 1224.0000 370.0000 1.5959 1.6923 3.9994 -0.2509 1.6454 -0.0404 2.8784 0.0589
Car 0.0000 0 4.1213 411.6916 0.0000 1224.0000 370.0000 1.4941 1.5860 4.0237 -1.7158 1.6546 -0.2992 2.5662 0.0579
Car 0.0000 0 -2.4843 51.8339 181.3865 275.7108 252.8148 1.4335 1.6255 3.9392 -9.4609 1.4555 15.2392 -3.0288 0.0559
Car 0.0000 0 -0.7155 516.4438 0.0000 1224.0000 370.0000 1.5116 1.6315 3.6311 -0.3415 1.5904 0.3950 -1.1561 0.0556
Cyclist 0.0000 0 0.4769 0.0000 0.0000 1224.0000 370.0000 1.7142 0.5904 1.9262 1.4319 1.6472 0.3435 1.6134 0.0498
Car 0.0000 0 -1.7947 172.7083 0.0000 980.8450 370.0000 1.5575 1.6669 3.8145 0.1841 1.5894 0.3369 -1.5197 0.0483
Car 0.0000 0 -3.9948 0.0000 0.0000 1224.0000 370.0000 1.5491 1.6484 4.0983 0.5749 1.6041 0.1561 -3.1171 0.0478
Cyclist 0.0000 0 1.3716 0.0000 0.0000 1224.0000 370.0000 1.8825 0.5934 1.6665 -3.3695 1.6966 -0.1858 -0.1568 0.0471
Car 0.0000 0 -2.9085 0.0000 0.0000 1224.0000 370.0000 1.5568 1.6244 4.1696 0.3246 1.6783 0.8829 -2.6441 0.0470
Car 0.0000 0 1.1053 241.7320 0.0000 1224.0000 370.0000 1.5032 1.5694 3.9205 -2.1276 1.5790 -0.3025 -0.4539 0.0463
Cyclist 0.0000 0 -0.8078 80.6881 183.2752 133.4948 237.1594 1.6553 0.4097 1.5614 -15.9226 1.7487 22.6007 -1.4133 0.0454
Car 0.0000 0 -0.1560 98.3104 0.0000 1224.0000 370.0000 1.4726 1.6345 3.9414 -1.8996 1.6109 0.6533 -1.2499 0.0445
Car 0.0000 0 3.8188 582.9780 0.0000 1224.0000 370.0000 1.4790 1.5787 4.1196 -1.2505 1.6358 -0.0344 2.4770 0.0443
Pedestrian 0.0000 0 3.8136 0.0000 0.0000 1224.0000 370.0000 1.9377 0.7101 0.6237 -4.3528 1.8170 0.0824 2.3371 0.0438
Car 0.0000 0 -1.3182 376.9991 0.0000 1224.0000 370.0000 1.5236 1.6714 3.8566 0.0595 1.6757 0.9943 -1.2715 0.0438
Car 0.0000 0 -0.3844 1197.8986 191.1129 1224.0000 370.0000 1.3816 1.5611 3.8584 7.9409 1.5024 6.3362 0.4901 0.0436
Car 0.0000 0 0.6409 0.0000 0.0000 1224.0000 370.0000 1.4673 1.5115 3.3256 1.5444 1.6775 0.4323 1.7582 0.0416
Car 0.0000 0 0.5526 0.0000 0.0000 1211.8442 370.0000 1.5399 1.5826 3.5970 1.2354 1.6859 0.5108 1.5311 0.0414
Car 0.0000 0 4.1699 512.9303 0.0000 1224.0000 370.0000 1.4720 1.5663 4.0276 -1.6217 1.6621 -0.2679 2.6350 0.0409
Car 0.0000 0 0.3058 0.0000 0.0000 1224.0000 370.0000 1.5273 1.6481 4.0258 -1.9868 1.5666 -0.3215 -1.2622 0.0398
Car 0.0000 0 -0.8521 339.9608 0.0000 1100.8857 370.0000 1.5914 1.7195 3.8635 -0.2192 1.5702 0.0015 -1.4403 0.0381
Car 0.0000 0 -2.7910 0.0000 0.0000 1224.0000 370.0000 1.5689 1.6220 3.9941 -0.0308 1.6662 0.7180 -2.8189 0.0375
Pedestrian 0.0000 0 0.8350 243.4328 169.3019 282.4070 250.9121 1.6445 0.4811 0.5476 -7.0895 1.4205 14.5693 0.3925 0.0371
Car 0.0000 0 -3.6927 0.0000 0.0000 1224.0000 370.0000 1.5285 1.6445 4.0262 0.5028 1.6645 0.3982 -3.0824 0.0371
Car 0.0000 0 1.0737 0.0000 0.0000 1224.0000 370.0000 1.5056 1.6126 4.0757 -1.4788 1.6800 0.5482 0.0370 0.0369
Car 0.0000 0 3.4034 0.0000 0.0000 1224.0000 370.0000 1.4867 1.5723 3.8553 -0.3287 1.6678 0.3933 2.9752 0.0355
Car 0.0000 0 -3.8404 0.0000 0.0000 1224.0000 370.0000 1.5222 1.6225 3.9337 0.7344 1.6482 0.3759 -3.0288 0.0344
Car 0.0000 0 -2.8304 0.0000 0.0000 1224.0000 370.0000 1.5760 1.6501 3.9012 0.0716 1.6998 0.8779 -2.7696 0.0344
Car 0.0000 0 0.8921 0.0000 0.0000 958.4683 370.0000 1.5220 1.6338 3.8377 0.5412 1.6669 0.4900 1.4808 0.0340
Car 0.0000 0 -2.4262 51.2509 180.9479 273.0551 253.5668 1.4492 1.6012 4.0043 -9.5199 1.4612 15.2433 -2.9733 0.0338
Car 0.0000 0 1.2034 0.0000 0.0000 1224.0000 370.0000 1.4783 1.5879 4.0994 -1.7797 1.6503 0.5049 0.0699 0.0336
Car 0.0000 0 -2.3348 0.0000 0.0000 1224.0000 370.0000 1.4949 1.6152 3.7301 1.6254 1.6541 0.6721 -1.3119 0.0326
Car 0.0000 0 2.5424 0.0000 0.0000 1224.0000 370.0000 1.5388 1.6350 4.0300 0.2725 1.6187 0.2018 3.0235 0.0317
Pedestrian 0.0000 0 1.1587 1008.7260 215.1062 1103.6083 370.0000 1.2324 0.3772 0.6184 3.3527 1.5132 5.3676 1.6928 0.0315
Car 0.0000 0 1.3530 0.0000 0.0000 1224.0000 370.0000 1.5325 1.6159 4.1983 -1.9379 1.6203 0.0827 -0.0094 0.0313
Cyclist 0.0000 0 0.7408 0.0000 0.0000 1224.0000 370.0000 1.7450 0.5665 1.9146 1.1043 1.6628 0.3407 1.7718 0.0311
Car 0.0000 0 -3.4064 0.0000 0.0000 1224.0000 370.0000 1.4656 1.5784 3.3713 9.6783 1.4420 -0.1699 -1.8500 0.0306
Car 0.0000 0 2.4081 0.0000 0.0000 1224.0000 370.0000 1.5978 1.6592 4.0797 0.3542 1.5491 0.0840 3.1269 0.0305
Car 0.0000 0 2.9894 0.0000 0.0000 1224.0000 370.0000 1.6275 1.7061 3.9897 0.0251 1.6288 0.0406 3.0615 0.0300
Cyclist 0.0000 0 -1.2804 228.1197 165.7962 274.4882 253.3320 1.6600 0.3690 1.6403 -7.1415 1.3828 14.2422 -1.7344 0.0298
Cyclist 0.0000 0 1.7620 0.0000 0.0000 1224.0000 370.0000 1.8825 0.6222 1.8952 -3.7765 1.7747 -0.2305 0.2172 0.0296
Car 0.0000 0 -3.5370 0.0000 0.0000 1224.0000 370.0000 1.5411 1.6154 4.0995 0.3969 1.6646 0.4220 -3.0460 0.0295
Car 0.0000 0 0.8827 0.0000 0.0000 1224.0000 370.0000 1.5206 1.6129 4.2540 -2.1219 1.6494 0.6856 -0.2425 0.0294
Cyclist 0.0000 0 -1.3922 215.5720 166.4259 253.7874 253.6934 1.6474 0.3844 1.6191 -7.4454 1.3834 14.1731 -1.8649 0.0272
Car 0.0000 0 -2.6896 0.0000 0.0000 1224.0000 370.0000 1.5312 1.6229 3.9397 -0.4238 1.7053 0.7931 -3.0511 0.0267
Car 0.0000 0 -3.0496 0.0000 0.0000 1224.0000 370.0000 1.4003 1.5779 3.3450 9.4291 1.4925 -0.1593 -1.4947 0.0266
Car 0.0000 0 1.5584 0.0000 183.6723 2.3616 235.4307 1.4704 1.7007 4.3554 -20.4560 1.5828 22.5294 0.8299 0.0259
Car 0.0000 0 1.5795 0.0000 183.8412 0.6426 235.7748 1.4728 1.7197 4.4168 -20.4882 1.5915 22.5604 0.8509 0.0256
Cyclist 0.0000 0 -0.1929 0.0000 0.0000 1224.0000 370.0000 1.6160 0.4576 1.7566 -1.3937 1.6751 0.4985 -1.2292 0.0249
Cyclist 0.0000 0 0.1384 0.0000 0.0000 1224.0000 370.0000 1.6246 0.5213 1.7287 -1.8382 1.7055 0.2923 -1.1078 0.0245
Car 0.0000 0 0.0290 0.0000 0.0000 1224.0000 370.0000 1.5701 1.6516 3.8939 2.2598 1.6096 -0.2913 1.5871 0.0237
Pedestrian 0.0000 0 -0.6312 843.3632 163.0083 884.9022 258.8971 1.6728 0.4509 0.5322 4.5795 1.3693 12.6218 -0.2894 0.0227
Car 0.0000 0 3.3068 0.0000 0.0000 1224.0000 370.0000 1.5393 1.6538 3.9656 -0.2298 1.6304 0.2080 2.9014 0.0227
Car 0.0000 0 1.6288 0.0000 184.2955 1.3623 235.2149 1.4407 1.6414 4.1732 -20.3892 1.5743 22.4638 0.9005 0.0210
Car 0.0000 0 0.1745 0.0000 0.0000 1224.0000 370.0000 1.7220 1.6111 4.3357 -4.2249 1.7018 0.0534 -1.3058 0.0206
Car 0.0000 0 0.3757 0.0000 0.0000 1224.0000 370.0000 1.5059 1.6300 4.0808 -2.2543 1.5511 -0.1480 -1.1155 0.0205
Car 0.0000 0 2.8712 0.0000 0.0000 1224.0000 370.0000 1.5435 1.6091 3.9338 0.1749 1.6264 0.3151 3.1410 0.0193
Pedestrian 0.0000 0 -4.3489 0.0000 0.0000 1224.0000 370.0000 1.7414 0.6747 0.7984 3.7917 1.5941 0.0950 -2.8865 0.0182
Car 0.0000 0 -1.7517 0.0000 167.5726 30.1667 202.1443 1.4427 1.6830 4.1313 -27.2027 0.9047 31.4587 -2.4577 0.0180
Car 0.0000 0 -2.4857 266.9786 0.0000 1169.4419 370.0000 1.6264 1.6932 3.8602 0.2890 1.5211 -0.1391 -1.4797 0.0178
Car 0.0000 0 0.6673 0.0000 0.0000 1224.0000 370.0000 1.5347 1.5566 3.8795 -3.2627 1.6221 0.4420 -0.6713 0.0176
Car 0.0000 0 1.6076 0.0000 185.1539 2.5283 235.7738 1.4367 1.6302 4.1951 -20.3999 1.6010 22.5921 0.8818 0.0172
Car 0.0000 0 1.6829 0.0000 184.7759 0.6273 236.1740 1.4530 1.6612 4.2901 -20.6684 1.6046 22.5819 0.9504 0.0168
Car 0.0000 0 1.6846 0.0000 184.1882 0.7401 235.0441 1.4378 1.6665 4.3037 -20.6415 1.5686 22.5450 0.9519 0.0165
Car 0.0000 0 3.3979 0.0000 170.2912 15.6467 220.2645 1.5634 1.6925 4.1001 -22.7336 1.2456 23.8366 2.6447 0.0164
Cyclist 0.0000 0 -3.0568 0.0000 0.0000 1224.0000 370.0000 1.7481 0.5126 1.8971 3.8080 1.6231 0.4348 -1.6809 0.0158
Car 0.0000 0 1.6530 0.0000 181.9390 4.2834 235.1554 1.5234 1.6990 4.3655 -20.5226 1.5756 22.6115 0.9247 0.0157
Cyclist 0.0000 0 3.2709 0.0000 0.0000 1224.0000 370.0000 1.6576 0.5249 1.9196 -1.1320 1.6441 -0.0547 1.9350 0.0154
Cyclist 0.0000 0 -0.2967 0.0000 0.0000 1224.0000 370.0000 1.8773 0.5591 1.7091 -3.9036 1.7464 -0.2108 -1.8372 0.0152
Pedestrian 0.0000 0 -1.0831 844.1094 160.6705 883.7429 258.4211 1.6952 0.4773 0.5219 4.5753 1.3530 12.6090 -0.7413 0.0149
Car 0.0000 0 -3.2148 0.0000 0.0000 1224.0000 370.0000 1.3768 1.5172 3.2522 9.6522 1.4468 -0.1211 -1.6635 0.0149
Cyclist 0.0000 0 0.7394 0.0000 0.0000 1224.0000 370.0000 1.7091 0.5757 1.8734 1.4011 1.6977 0.6837 1.6885 0.0147
Car 0.0000 0 -1.7540 0.0000 167.3124 30.8039 201.7353 1.4386 1.6695 4.0265 -27.1585 0.8890 31.4617 -2.4593 0.0147
Car 0.0000 0 2.5459 553.3767 166.0330 608.9769 189.4577 1.6229 1.7215 3.6513 -1.6899 0.6219 50.7477 2.5146 0.0147
Cyclist 0.0000 0 3.3668 0.0000 0.0000 1224.0000 370.0000 1.6786 0.5578 1.7291 -2.1581 1.6789 0.1636 2.0196 0.0147
Car 0.0000 0 0.5869 161.3143 0.0000 1201.7877 370.0000 1.5505 1.6668 4.0011 0.5680 1.7009 -0.0087 1.6534 0.0146
Car 0.0000 0 3.4199 0.0000 171.2706 15.7183 220.7757 1.5533 1.6678 4.0968 -22.7546 1.2652 23.8578 2.6667 0.0142
Car 0.0000 0 2.0435 0.0000 184.6949 8.0255 233.8399 1.4128 1.6026 3.9223 -21.2932 1.5620 22.7827 1.3006 0.0141
Cyclist 0.0000 0 -1.2201 228.8699 172.6147 297.6694 280.6491 1.5807 0.4334 1.6210 -5.4053 1.4670 11.1667 -1.6580 0.0137
Cyclist 0.0000 0 0.1705 0.0000 0.0000 1224.0000 370.0000 1.6625 0.5562 1.8186 -1.3867 1.6472 0.0318 -1.1478 0.0134
Car 0.0000 0 2.7521 552.9866 165.7365 610.7026 188.7982 1.6159 1.7318 3.7967 -1.6685 0.5828 51.1029 2.7215 0.0133
Car 0.0000 0 -2.1207 555.2156 161.7644 604.0970 186.8059 1.7692 1.6544 4.1968 -1.9070 0.4468 52.1538 -2.1552 0.0132
Car 0.0000 0 -0.0434 0.0000 0.0000 1224.0000 370.0000 1.6311 1.5794 3.7846 -3.5236 1.7221 -0.1217 -1.5555 0.0131
Car 0.0000 0 1.6175 0.0000 182.2162 7.0739 232.7764 1.4562 1.6295 4.2273 -20.3367 1.5180 22.6634 0.8948 0.0130
Cyclist 0.0000 0 1.5053 0.0000 0.0000 1224.0000 370.0000 1.8455 0.6077 1.6966 -3.0247 1.6868 -0.2128 -0.0273 0.0129
Car 0.0000 0 2.6355 549.6975 164.4735 607.4471 187.3830 1.5888 1.7097 3.7874 -1.8813 0.4787 50.7381 2.6005 0.0128
Car 0.0000 0 1.7057 0.0000 184.8834 26.0558 234.7047 1.4216 1.6228 3.9720 -19.8973 1.5766 22.6468 0.9935 0.0127
Car 0.0000 0 1.9633 514.7097 171.2344 585.8168 209.5203 1.5122 1.6129 3.9586 -2.2668 1.1478 30.0548 1.8906 0.0125
Cyclist 0.0000 0 0.4118 0.0000 0.0000 1224.0000 370.0000 1.6704 0.5848 1.7576 -1.7284 1.6643 0.0521 -0.9434 0.0125
Car 0.0000 0 1.9563 522.8071 172.0794 594.3173 210.0861 1.4937 1.6311 3.9909 -1.9055 1.1643 29.9348 1.8952 0.0122
Car 0.0000 0 -1.8165 744.6710 153.3250 779.5397 178.8663 2.0135 1.8046 4.2994 12.8926 -0.1383 58.1853 -1.5978 0.0117
Car 0.0000 0 3.2655 0.0000 169.1082 7.6707 221.7017 1.6100 1.6693 4.2156 -22.7624 1.2628 23.5620 2.5060 0.0117
Car 0.0000 0 1.3892 0.0000 0.0000 1224.0000 370.0000 1.4517 1.5616 3.7913 -12.8809 1.4301 0.8708 -0.0874 0.0116
Car 0.0000 0 1.9076 516.6204 172.3763 583.7087 210.6711 1.4971 1.6097 3.8830 -2.2483 1.1810 29.7205 1.8346 0.0116
Car 0.0000 0 2.0847 0.0000 178.3454 8.3779 233.1348 1.5907 1.6339 4.1452 -21.3888 1.5297 22.7280 1.3384 0.0114
Car 0.0000 0 0.1652 0.0000 172.7548 1.8478 223.4024 1.5642 1.5999 3.8061 -22.7326 1.3265 23.5590 -0.5938 0.0114
Car 0.0000 0 3.3601 0.0000 0.0000 1224.0000 370.0000 1.4422 1.4836 3.7604 -13.1093 1.5532 -0.3253 1.7908 0.0114
Pedestrian 0.0000 0 4.1434 0.0000 0.0000 1224.0000 370.0000 1.9771 0.6781 0.6177 -4.3249 1.9218 0.2681 2.7098 0.0113
Car 0.0000 0 1.9403 126.9464 178.9771 236.9811 229.1326 1.4190 1.5932 3.9593 -13.0832 1.3775 22.0793 1.4135 0.0112
Car 0.0000 0 1.8104 507.7443 174.6244 569.6519 212.2142 1.4313 1.6348 3.9038 -2.6607 1.2091 28.9697 1.7216 0.0112
Car 0.0000 0 1.7906 507.3014 175.2295 568.5884 213.2716 1.4279 1.6401 3.9197 -2.6549 1.2316 28.5831 1.7008 0.0112
Car 0.0000 0 1.7805 510.9350 172.6770 568.3983 209.9753 1.4634 1.6282 3.8682 -2.6977 1.1580 29.7552 1.6928 0.0112
Car 0.0000 0 1.8040 509.0616 173.8470 569.3575 211.2318 1.4450 1.6289 3.8866 -2.6782 1.1894 29.3653 1.7158 0.0112
Car 0.0000 0 1.7106 509.4360 174.3242 564.2204 212.3132 1.4084 1.6333 3.9235 -2.6695 1.1809 28.2061 1.6190 0.0112
Car 0.0000 0 1.9374 177.6292 179.4114 270.6115 221.5660 1.3839 1.5872 3.9516 -13.5036 1.3497 25.2620 1.4535 0.0112
Car 0.0000 0 2.0516 115.5238 179.4352 242.9112 232.3019 1.4405 1.5912 3.9851 -12.6728 1.4130 21.2882 1.5229 0.0112
Car 0.0000 0 1.9926 136.3153 179.2014 252.0368 228.8761 1.4053 1.5921 3.9992 -12.6843 1.3701 22.0614 1.4788 0.0112
Car 0.0000 0 3.4156 0.0000 170.5539 17.6165 221.2668 1.5903 1.6716 4.2448 -22.8031 1.2799 23.8879 2.6619 0.0112
Car 0.0000 0 1.9293 116.0297 179.5156 224.9547 229.5426 1.4245 1.6142 3.9018 -13.5137 1.3981 22.1923 1.3905 0.0109
Car 0.0000 0 -1.2188 0.0000 0.0000 1224.0000 370.0000 1.4068 1.6664 3.8118 9.7969 1.4790 -0.0917 0.3298 0.0109
Car 0.0000 0 2.8865 549.4963 164.5011 607.7101 186.9207 1.5771 1.7197 3.8989 -1.9135 0.4530 51.1151 2.8512 0.0109
Car 0.0000 0 1.8402 127.4733 179.8755 224.6746 228.9114 1.4120 1.6128 3.9564 -13.5228 1.3956 22.4749 1.3066 0.0109
Car 0.0000 0 1.7870 529.2094 173.3232 588.2103 211.1135 1.4660 1.6237 4.0251 -1.8785 1.1891 29.5376 1.7259 0.0109
Car 0.0000 0 1.8387 518.4212 173.8823 580.9838 211.7346 1.4652 1.6143 3.8893 -2.2465 1.2105 29.4267 1.7651 0.0108
Car 0.0000 0 2.7001 545.2209 165.1161 608.1125 187.4621 1.5500 1.6928 4.1899 -2.0191 0.4842 50.7559 2.6624 0.0108
Pedestrian 0.0000 0 4.1671 0.0000 0.0000 1224.0000 370.0000 1.9521 0.6868 0.6573 -4.3491 1.9141 0.2894 2.7375 0.0105
Car 0.0000 0 1.8237 0.0000 185.4472 5.3993 236.5152 1.4353 1.6496 4.0112 -20.6957 1.6090 22.4443 1.0876 0.0105
Car 0.0000 0 2.0733 519.6077 170.2039 598.4354 208.5125 1.5193 1.6177 4.0154 -1.9033 1.1124 30.1962 2.0128 0.0104
Car 0.0000 0 -3.3014 0.0000 0.0000 1224.0000 370.0000 1.5784 1.6808 4.0593 21.4204 0.3529 1.6527 -1.8212 0.0104
Car 0.0000 0 -1.8438 744.6337 152.5057 780.8070 179.0719 2.1078 1.8289 4.2889 13.0174 -0.1214 58.5213 -1.6242 0.0103
Car 0.0000 0 2.9247 546.1938 165.0820 607.0502 187.0293 1.5449 1.7184 4.1243 -2.0593 0.4609 51.1183 2.8866 0.0099
Car 0.0000 0 -3.0869 0.0000 0.0000 1224.0000 370.0000 1.5394 1.6325 3.9975 21.4633 0.3469 1.2930 -1.5900 0.0099
Car 0.0000 0 -1.4837 786.5550 146.8231 819.5692 182.9692 2.3113 1.7483 4.6295 13.4026 0.1592 47.6802 -1.2096 0.0098
Car 0.0000 0 -0.5079 555.9592 167.4106 614.0708 189.9586 1.5757 1.7703 3.8235 -1.4310 0.6623 51.1409 -0.5339 0.0096
Car 0.0000 0 1.2714 638.1014 168.6059 708.4622 209.7622 1.4579 1.6366 3.7314 2.5035 1.0381 27.0357 1.3645 0.0095
Car 0.0000 0 -0.3395 581.6200 164.3578 637.8907 185.9647 1.5466 1.6856 3.7957 0.3498 0.3924 52.0185 -0.3310 0.0095
Car 0.0000 0 1.6399 576.8340 167.1866 603.9155 189.7399 1.5953 1.7185 3.9455 -1.0321 0.6549 52.0208 1.6220 0.0095
Car 0.0000 0 3.8584 0.0000 168.2537 34.3028 200.6326 1.6718 1.7719 4.5964 -33.2152 1.0409 37.3954 3.1382 0.0093
Car 0.0000 0 -1.5888 582.9852 162.6515 607.0980 186.5605 1.7080 1.7197 4.2600 -0.7696 0.4342 52.6596 -1.6015 0.0093
Cyclist 0.0000 0 -2.1001 844.7376 153.8467 911.9551 258.2434 1.6713 0.3201 1.5469 4.6015 1.2462 12.1034 -1.7436 0.0092
Car 0.0000 0 -1.5543 587.1130 161.9684 611.1670 186.3546 1.7454 1.7186 4.1881 -0.3934 0.4203 52.7049 -1.5599 0.0092
Car 0.0000 0 -0.0765 555.8715 167.3495 612.6552 189.6204 1.5898 1.6902 4.0190 -1.5299 0.6523 51.5159 -0.1043 0.0092
Cyclist 0.0000 0 -2.0901 850.0661 160.5753 929.7520 267.7262 1.6429 0.3727 1.7799 4.6409 1.3390 11.7436 -1.7212 0.0091
Car 0.0000 0 -1.0430 0.0000 169.2061 12.8063 202.1757 1.5338 1.7302 4.0957 -31.6524 1.0098 35.0668 -1.7709 0.0091
Car 0.0000 0 1.8265 701.4366 163.4850 769.0208 205.7632 1.5535 1.6607 4.1241 5.2426 0.9298 28.1953 2.0101 0.0091
Cyclist 0.0000 0 3.3475 0.0000 159.8049 26.3358 200.8695 1.7368 0.6751 1.6575 -26.1933 0.8630 30.5897 2.6464 0.0090
Car 0.0000 0 1.5612 0.0000 167.7445 22.1707 202.1049 1.4363 1.6193 3.9396 -27.1577 0.9046 31.5699 0.8577 0.0089
Car 0.0000 0 -1.3739 788.3359 149.1319 827.7584 180.3881 1.9937 1.7145 4.4089 13.6770 -0.0066 47.4651 -1.0933 0.0089
Car 0.0000 0 -2.3170 0.0000 171.6948 15.7916 218.1356 1.5211 1.6363 4.0834 -22.7849 1.2343 24.1249 -3.0655 0.0089
Car 0.0000 0 3.2786 0.0000 169.2101 5.8722 220.2823 1.5713 1.6388 3.9953 -22.7074 1.2255 23.5769 2.5206 0.0088
Car 0.0000 0 0.0596 0.0000 175.6312 1.8969 224.9879 1.5188 1.6204 3.6796 -22.5520 1.3705 23.5535 -0.6955 0.0088
Car 0.0000 0 -2.4144 0.0000 167.0896 33.9056 200.4977 1.7239 1.7972 4.7786 -33.3253 1.0333 37.3905 -3.1363 0.0087
Car 0.0000 0 2.1518 0.0000 177.9515 8.9382 230.8980 1.5460 1.6265 3.9742 -21.4372 1.4732 22.7349 1.4045 0.0086
Car 0.0000 0 -2.8209 0.0000 0.0000 1224.0000 370.0000 1.5943 1.6578 3.7799 5.8091 1.5897 0.0470 -1.3123 0.0086
Car 0.0000 0 -3.4109 0.0000 0.0000 1224.0000 370.0000 1.5852 1.6699 4.2068 21.0293 0.4847 1.7652 -1.9377 0.0086
Car 0.0000 0 -1.7324 744.4749 152.0049 775.1669 178.3581 2.0662 1.7757 4.3695 12.6729 -0.1813 58.0237 -1.5167 0.0085
Car 0.0000 0 0.6662 0.0000 168.7246 2.2067 201.2669 1.6074 1.7678 4.4554 -33.7444 1.0272 35.9795 -0.0809 0.0085
Car 0.0000 0 -2.0681 0.0000 168.7066 34.2512 199.7906 1.5928 1.7314 4.2517 -32.8591 0.9899 37.7918 -2.7778 0.0085
Car 0.0000 0 -1.6529 581.0289 167.4176 607.2033 189.4938 1.5805 1.6369 3.8619 -0.8362 0.6452 52.6148 -1.6669 0.0084
Car 0.0000 0 1.9313 569.2545 168.2407 608.5129 191.8135 1.6372 1.7543 3.3596 -1.1205 0.7871 50.9789 1.9112 0.0084
Car 0.0000 0 -3.4055 0.0000 0.0000 1224.0000 370.0000 1.6355 1.6688 4.2238 21.0227 0.3728 1.4434 -1.9172 0.0084
Pedestrian 0.0000 0 -2.4298 243.3787 152.3823 316.4147 296.5823 1.9336 0.4004 0.8729 -4.5493 1.5582 9.7927 -2.8506 0.0083
Car 0.0000 0 1.5541 0.0000 167.6046 27.1168 202.1115 1.4438 1.6445 4.0450 -27.0309 0.9057 31.6431 0.8540 0.0083
Pedestrian 0.0000 0 0.9599 1065.2311 206.0591 1177.7474 370.0000 1.3369 0.3301 0.6983 3.8120 1.5439 5.3245 1.5553 0.0083
Car 0.0000 0 -1.9898 563.1170 163.7155 606.5253 187.4698 1.6838 1.6789 4.1252 -1.5323 0.4953 52.3367 -2.0171 0.0082
Car 0.0000 0 -3.0837 643.8393 171.9153 742.3830 208.5209 1.4374 1.7235 3.8944 3.6116 1.1018 28.9593 -2.9593 0.0082
Car 0.0000 0 -2.8915 547.6791 164.6621 607.0378 186.8265 1.5780 1.7140 4.0295 -1.9936 0.4517 51.5984 -2.9281 0.0081
Car 0.0000 0 1.5522 0.0000 169.2537 27.5047 203.2670 1.4266 1.6183 3.9220 -27.0108 0.9564 31.6588 0.8527 0.0080
Car 0.0000 0 -2.5062 0.0000 0.0000 1224.0000 370.0000 1.5152 1.6515 4.0242 17.5230 0.5814 1.8125 -1.0554 0.0080
Car 0.0000 0 -0.2899 583.4951 162.3321 639.1163 184.9038 1.6174 1.6765 3.7677 0.4595 0.3168 51.9832 -0.2793 0.0080
Car 0.0000 0 4.0365 0.0000 0.0000 1224.0000 370.0000 1.4429 1.5473 3.7572 -15.2902 1.5588 0.0909 2.4944 0.0079
Car 0.0000 0 -1.0336 0.0000 0.0000 1224.0000 370.0000 1.3273 1.6671 3.7602 9.8908 1.4250 -0.0568 0.5117 0.0077
Car 0.0000 0 1.5911 0.0000 169.4391 27.5264 202.9823 1.4035 1.5991 3.6703 -26.8061 0.9422 31.5106 0.8930 0.0077
Car 0.0000 0 1.4892 0.0000 169.2974 28.8758 202.4511 1.3871 1.5464 3.8727 -26.9255 0.9199 31.4949 0.7887 0.0077
Car 0.0000 0 -0.5898 0.0000 115.7477 288.5139 370.0000 2.0100 2.0157 5.1128 -6.2395 1.5512 7.7676 -1.2450 0.0076
Car 0.0000 0 -2.2591 0.0000 167.3306 19.2828 202.3260 1.7657 1.8777 4.7716 -33.6013 1.1026 36.9553 -2.9909 0.0076
Car 0.0000 0 2.0115 0.0000 182.0574 8.3597 232.6843 1.4733 1.6081 3.8442 -21.1983 1.5296 22.7723 1.2705 0.0076
Cyclist 0.0000 0 2.7022 0.0000 0.0000 1224.0000 370.0000 1.9096 0.5298 1.8248 -4.2106 1.7904 -0.1579 1.1722 0.0076
Car 0.0000 0 -1.9222 0.0000 167.5828 31.5590 201.8532 1.4266 1.6722 3.9756 -27.2202 0.8904 31.1253 -2.6338 0.0076
Car 0.0000 0 1.9716 0.0000 182.5053 9.4058 234.1416 1.5014 1.6387 3.8695 -21.1471 1.5736 22.8131 1.2328 0.0076
Car 0.0000 0 2.0938 0.0000 173.6761 64.2018 204.9153 1.6124 1.6088 3.9936 -31.6119 1.2616 38.5877 1.4133 0.0076
Car 0.0000 0 1.9883 0.0000 183.0975 9.6930 233.5371 1.4634 1.6250 3.8031 -21.1191 1.5563 22.7817 1.2495 0.0076
Car 0.0000 0 2.3107 96.2961 177.3744 221.3777 219.6348 1.4684 1.6362 4.1174 -16.7352 1.3613 26.7372 1.7585 0.0075
Car 0.0000 0 -1.3993 674.1623 165.0490 727.9896 203.2964 1.4995 1.6130 3.8463 4.0875 0.8952 29.7914 -1.2625 0.0074
Car 0.0000 0 1.4989 0.0000 169.0663 24.2114 202.3275 1.3955 1.5856 3.7567 -27.1821 0.9173 31.5560 0.7947 0.0072
Car 0.0000 0 -1.5716 588.4022 166.1364 611.4077 188.3314 1.5916 1.6498 3.9912 -0.3720 0.5629 52.6978 -1.5769 0.0072
Cyclist 0.0000 0 -0.1374 191.9140 0.0000 1224.0000 370.0000 1.6651 0.4664 1.8239 -1.0773 1.6908 0.4478 -1.0854 0.0072
Car 0.0000 0 -0.2794 625.5909 170.5964 735.4312 207.2018 1.4543 1.7632 4.2043 3.0701 1.0623 29.3178 -0.1745 0.0072
Car 0.0000 0 -3.2336 0.0000 0.0000 1224.0000 370.0000 1.5699 1.6255 4.0771 21.0214 0.3129 1.3765 -1.7421 0.0071
Car 0.0000 0 1.3643 633.5245 173.2511 693.2492 211.5359 1.4254 1.6318 3.7634 2.2383 1.1570 28.2894 1.4441 0.0071
Car 0.0000 0 -0.6762 0.0000 188.2542 123.1438 246.9866 1.5472 1.5961 3.7538 -16.7846 1.8029 21.1614 -1.3379 0.0071
Car 0.0000 0 1.4715 0.0000 182.7923 6.9441 234.3008 1.4603 1.6833 4.1788 -20.3005 1.5405 22.2513 0.7408 0.0071
Pedestrian 0.0000 0 -4.4181 0.0000 0.0000 1224.0000 370.0000 1.7183 0.6532 0.7639 4.1272 1.4984 0.0803 -2.9434 0.0071
Car 0.0000 0 -2.8049 0.0000 0.0000 1224.0000 370.0000 1.6338 1.8097 4.0088 5.6722 1.6821 -0.1293 -1.2667 0.0071
Car 0.0000 0 1.8006 0.0000 168.3544 54.5502 202.6412 1.4599 1.5292 3.7371 -26.4616 0.9442 32.1157 1.1182 0.0069
Car 0.0000 0 1.9007 611.3632 170.5315 685.6872 210.9289 1.4368 1.6518 4.0024 1.7367 1.0838 27.3070 1.9653 0.0069
Car 0.0000 0 -2.0346 562.2049 164.1486 606.8722 187.8534 1.6793 1.6690 4.0412 -1.5489 0.5222 52.2606 -2.0622 0.0069
Car 0.0000 0 4.5356 0.0000 0.0000 1224.0000 370.0000 1.4901 1.6385 4.0936 -13.1265 1.5612 0.9142 3.0604 0.0069
Car 0.0000 0 -2.1264 0.0000 168.8163 33.7406 200.9063 1.6469 1.7407 4.4774 -33.0672 1.0487 37.7781 -2.8394 0.0069
Pedestrian 0.0000 0 -0.1228 0.0000 0.0000 1224.0000 370.0000 1.7700 0.5575 0.6538 -1.8159 1.6580 0.0695 -1.4788 0.0068
Pedestrian 0.0000 0 2.4257 850.7018 156.6743 896.6491 255.0092 1.6433 0.5141 0.5301 4.5676 1.2468 12.1453 2.7787 0.0067
Car 0.0000 0 -0.5690 0.0000 110.9775 279.0874 370.0000 2.0088 2.0866 5.1145 -6.1704 1.5652 7.2790 -1.2491 0.0067
Car 0.0000 0 -1.3124 788.2548 152.2861 830.5842 180.1718 1.7746 1.7097 4.1725 13.7103 -0.0217 47.2733 -1.0300 0.0067
Car 0.0000 0 -1.5691 0.0000 0.0000 1224.0000 370.0000 1.5568 1.6811 4.2421 -8.6951 1.6426 -0.0871 -3.1111 0.0066
Car 0.0000 0 -1.0535 0.0000 171.7796 70.5041 203.1517 1.6189 1.6653 4.0859 -31.3377 1.1703 38.6296 -1.7292 0.0066
Car 0.0000 0 1.4772 0.0000 169.1520 30.3884 202.6146 1.4114 1.5911 3.7216 -27.0626 0.9342 31.6894 0.7772 0.0066
Car 0.0000 0 -3.0675 648.7911 170.7000 747.2921 207.6827 1.4528 1.6588 3.8916 3.8202 1.0693 28.9798 -2.9361 0.0066
Cyclist 0.0000 0 -0.0932 0.0000 0.0000 1224.0000 370.0000 1.7356 0.5700 1.5405 -3.0757 1.6419 -0.2661 -1.6438 0.0066
Car 0.0000 0 1.4387 683.7230 169.0486 736.6250 207.4578 1.4575 1.6160 3.8877 4.1853 1.0244 28.7781 1.5833 0.0066
Car 0.0000 0 -1.9288 829.1937 145.2106 893.5818 182.5909 1.8649 1.8131 4.2471 13.4577 0.1057 37.4057 -1.5843 0.0066
Car 0.0000 0 4.4672 0.0000 0.0000 1224.0000 370.0000 1.6536 1.6121 4.3694 -2.5121 1.7061 -0.1417 2.9701 0.0065
Car 0.0000 0 -2.0046 1153.7802 161.9393 1224.0000 256.9010 1.4575 1.5736 3.7996 11.7592 1.1743 12.8938 -1.2758 0.0065
Car 0.0000 0 1.4898 0.0000 168.9322 30.2317 202.9154 1.4293 1.5753 3.8462 -27.0095 0.9443 31.6545 0.7902 0.0065
Car 0.0000 0 -1.9990 601.5710 167.1690 684.1832 208.1067 1.5978 1.7709 4.5220 1.4832 1.0790 30.0191 -1.9483 0.0065
Car 0.0000 0 0.1485 0.0000 167.9451 25.2378 201.1075 1.6182 1.7907 4.4994 -32.9422 1.0070 36.4784 -0.5798 0.0064
Car 0.0000 0 1.3909 0.0000 183.4478 9.6367 234.3275 1.4421 1.6095 4.0314 -20.2476 1.5437 22.1215 0.6586 0.0064
Car 0.0000 0 1.5328 589.4865 167.9637 611.7999 189.1969 1.5175 1.5131 3.7955 -0.3450 0.6228 52.4554 1.5281 0.0064
Car 0.0000 0 2.8697 623.3726 172.7612 734.5287 210.0615 1.4704 1.7566 4.2306 2.9803 1.1668 29.0894 2.9724 0.0064
Car 0.0000 0 -1.5598 747.4148 152.7952 771.3619 179.4685 2.0973 1.8525 4.6220 12.7567 -0.0874 58.2424 -1.3434 0.0064
Cyclist 0.0000 0 -0.0886 0.0000 0.0000 1224.0000 370.0000 1.5512 0.4976 1.6662 -9.0090 1.5476 0.2676 -1.5922 0.0063
Car 0.0000 0 -1.8054 826.8369 144.6423 883.0955 182.3985 1.8724 1.8465 4.2279 13.0738 0.0956 37.2566 -1.4686 0.0063
Pedestrian 0.0000 0 -1.6044 237.7423 165.9116 265.8399 256.5880 1.7739 0.4901 0.5612 -7.1359 1.4902 14.1902 -2.0597 0.0063
Car 0.0000 0 3.2840 0.0000 169.9851 14.1984 203.0236 1.5925 1.7229 4.5394 -33.2045 1.0871 36.0631 2.5460 0.0063
Car 0.0000 0 1.4394 745.7651 157.6260 774.3138 180.6099 1.8515 1.8288 3.8829 12.9059 0.0101 58.9633 1.6556 0.0063
Car 0.0000 0 -1.9772 612.4192 169.6021 683.9987 208.0073 1.4890 1.6411 3.6843 1.7024 1.0680 29.4198 -1.9182 0.0062
Car 0.0000 0 -0.1890 0.0000 168.9219 20.2083 201.9799 1.5901 1.6844 3.8772 -32.5334 1.0346 36.0546 -0.9169 0.0062
Car 0.0000 0 -1.9936 0.0000 169.5938 36.4055 200.3352 1.5750 1.6984 4.1241 -32.6030 1.0176 37.8705 -2.6984 0.0062
Car 0.0000 0 2.1364 0.0000 171.2979 13.4095 202.3015 1.4613 1.6761 3.6060 -31.6391 1.0291 35.2350 1.4111 0.0062
Cyclist 0.0000 0 1.8676 587.2617 169.1904 604.3437 193.9507 1.7478 0.7338 1.7991 -0.6470 0.9508 50.8715 1.8567 0.0062
Car 0.0000 0 1.3318 0.0000 183.2039 15.2211 235.2425 1.4763 1.6705 3.9990 -20.1938 1.5692 22.0597 0.5994 0.0062
Car 0.0000 0 3.2592 0.0000 0.0000 1224.0000 370.0000 1.4194 1.4970 3.5399 -15.0676 1.5648 -0.2137 1.6973 0.0062
Car 0.0000 0 1.4266 745.5750 158.7174 774.5840 179.8024 1.7013 1.8481 3.7295 12.9403 -0.0590 59.0990 1.6428 0.0062
Car 0.0000 0 -1.7646 573.2861 165.4742 605.9040 188.3003 1.6238 1.6813 3.9888 -1.1754 0.5562 52.4213 -1.7851 0.0062
Car 0.0000 0 2.4847 0.0000 181.4030 120.1433 240.5422 1.5055 1.7723 4.7034 -16.9696 1.5365 20.5628 1.8040 0.0062
Car 0.0000 0 -1.2195 0.0000 171.7557 50.8335 203.6866 1.6396 1.6534 4.1235 -32.0405 1.1920 38.5196 -1.9075 0.0062
Car 0.0000 0 -0.1572 0.0000 169.1192 18.9410 201.0965 1.5421 1.6766 3.8646 -32.6273 0.9947 36.1192 -0.8856 0.0062
Car 0.0000 0 -1.7570 738.1001 153.2703 770.3044 179.9542 2.1095 1.8235 4.2928 12.2368 -0.0454 58.1460 -1.5489 0.0061
Car 0.0000 0 1.3605 611.7289 163.5767 671.7640 204.1804 1.6331 1.7289 4.3083 1.4907 0.9539 30.6977 1.4103 0.0061
Car 0.0000 0 2.1373 606.5130 171.9228 693.7980 210.6619 1.4223 1.6465 3.8307 1.8288 1.1089 27.9854 2.2036 0.0061
Car 0.0000 0 1.2168 664.0044 170.5016 735.1645 208.2057 1.4201 1.6304 3.7961 3.7271 1.0451 28.6582 1.3465 0.0060
Car 0.0000 0 -0.0865 659.4437 169.0614 752.3475 205.0080 1.4355 1.6293 3.6587 4.0768 0.9802 29.1414 0.0528 0.0060
Car 0.0000 0 1.3060 0.0000 168.9255 29.5529 202.4328 1.3973 1.6041 3.6973 -27.0756 0.9161 31.1833 0.5979 0.0060
Cyclist 0.0000 0 3.2651 0.0000 0.0000 1224.0000 370.0000 1.9227 0.5266 2.0642 -4.3028 1.8677 0.0607 1.7846 0.0060
Car 0.0000 0 -1.5363 582.1358 165.5835 606.6744 188.1967 1.6166 1.6798 4.0966 -0.7453 0.5515 52.6084 -1.5486 0.0060
Car 0.0000 0 -1.7193 574.9261 165.1671 605.5448 187.9825 1.6240 1.6888 4.0678 -1.1284 0.5339 52.4701 -1.7389 0.0059
Car 0.0000 0 -3.2642 0.0000 0.0000 1224.0000 370.0000 1.5289 1.7287 3.9021 20.8133 0.6683 1.6463 -1.7864 0.0059
Car 0.0000 0 -0.4945 0.0000 102.1209 263.0007 370.0000 2.0312 2.0784 5.3555 -6.5109 1.5485 7.2371 -1.2037 0.0059
Car 0.0000 0 1.8514 0.0000 182.2632 45.6218 231.9830 1.4395 1.6166 4.0681 -19.7060 1.5033 22.8061 1.1475 0.0059
Car 0.0000 0 -2.4147 0.0000 168.5275 36.6437 200.2399 1.6378 1.7935 4.5702 -33.0978 1.0209 37.4273 -3.1328 0.0059
Car 0.0000 0 1.8598 0.0000 177.6590 60.9114 221.5456 1.4792 1.5892 4.1046 -21.6854 1.3850 26.0260 1.1729 0.0059
Car 0.0000 0 -1.5492 636.2531 173.7008 680.7357 210.6240 1.4031 1.6910 3.7026 2.1931 1.1462 28.7886 -1.4723 0.0059
Car 0.0000 0 0.0097 672.3741 167.4109 775.4704 206.0520 1.4461 1.5880 3.8521 4.5948 0.9577 27.5717 0.1748 0.0059
Car 0.0000 0 -2.0214 1155.9158 161.2443 1224.0000 256.3913 1.4562 1.5607 3.7462 11.7631 1.1632 12.8324 -1.2901 0.0058
Car 0.0000 0 1.5396 0.0000 169.5217 30.0393 203.4628 1.4255 1.5538 3.9116 -26.8909 0.9659 31.6669 0.8424 0.0058
Car 0.0000 0 1.6612 579.3126 169.0065 605.8265 191.4723 1.5831 1.5860 3.9892 -0.8689 0.7745 51.8682 1.6463 0.0058
Car 0.0000 0 2.0103 0.0000 169.5861 12.4441 201.0567 1.4523 1.6278 4.0956 -31.2407 0.9501 34.8190 1.2855 0.0058
Car 0.0000 0 -0.4599 0.0000 104.8383 286.1037 370.0000 2.0669 2.0590 5.3618 -6.5465 1.5368 7.8291 -1.1347 0.0058
Car 0.0000 0 -2.9212 655.7694 169.6673 759.3070 207.3677 1.4428 1.6973 3.8587 4.1232 1.0298 28.5344 -2.7774 0.0058
Car 0.0000 0 2.0223 612.6314 170.5544 691.2225 209.7223 1.4572 1.7109 3.6629 1.9206 1.0887 28.3148 2.0910 0.0058
Car 0.0000 0 1.5586 0.0000 167.5642 27.3210 202.6565 1.4715 1.6142 3.9795 -27.0164 0.9306 31.6781 0.8593 0.0058
Car 0.0000 0 -1.3020 616.9214 171.2562 681.5986 210.7618 1.4812 1.6117 3.9793 1.8443 1.1362 28.6492 -1.2367 0.0057
Car 0.0000 0 1.8338 0.0000 175.9299 52.4511 219.5857 1.4654 1.5690 4.1073 -21.8574 1.3135 25.9219 1.1411 0.0057
Car 0.0000 0 1.4231 656.9009 168.1047 715.7562 210.1039 1.4806 1.6727 3.7160 2.9825 1.0451 26.8073 1.5344 0.0057
Car 0.0000 0 0.1776 614.0648 170.4741 716.7131 206.9460 1.4711 1.6116 4.0947 2.5439 1.0682 29.8255 0.2636 0.0057
Car 0.0000 0 -2.3965 0.0000 167.8385 35.3746 200.9093 1.7248 1.7424 4.6739 -33.4815 1.0659 37.8035 -3.1154 0.0056
Car 0.0000 0 2.0265 699.3290 165.8770 780.5658 206.1591 1.4745 1.5834 3.9304 5.3689 0.9408 27.9227 2.2162 0.0056
Car 0.0000 0 0.7167 0.0000 173.9590 50.3847 203.7415 1.5367 1.7862 4.2153 -32.1474 1.2006 37.3967 0.0126 0.0056
Car 0.0000 0 -1.3024 0.0000 169.5439 35.0516 200.9234 1.5962 1.6947 4.0665 -32.4704 1.0403 38.1628 -2.0015 0.0056
Car 0.0000 0 -0.4778 0.0000 96.9844 280.6613 370.0000 2.0964 2.0998 5.2860 -6.4645 1.5376 7.5831 -1.1614 0.0056
Car 0.0000 0 -1.7240 505.7614 166.9610 576.5742 219.7366 1.5987 1.7119 4.3352 -2.2667 1.1901 23.7236 -1.8162 0.0056
Car 0.0000 0 -0.5938 653.3627 163.5494 765.8466 202.8813 1.5616 1.7834 4.4627 4.4059 0.8901 29.8357 -0.4469 0.0056
Car 0.0000 0 -3.1781 0.0000 0.0000 1224.0000 370.0000 1.5899 1.7187 4.0180 20.7501 0.4383 1.4643 -1.6919 0.0056
Car 0.0000 0 1.3608 0.0000 180.8083 13.0437 235.4494 1.5608 1.7086 4.1222 -20.2867 1.5728 22.1136 0.6274 0.0055
Car 0.0000 0 1.8563 0.0000 175.6228 50.8074 219.0286 1.4595 1.5401 3.9990 -21.9261 1.2971 25.9103 1.1618 0.0055
Car 0.0000 0 -2.3290 0.0000 0.0000 1224.0000 370.0000 1.4657 1.6046 3.8163 17.8952 0.6129 1.4547 -0.8559 0.0055
Car 0.0000 0 -2.1948 0.0000 167.3544 34.0094 200.9857 1.7293 1.7669 4.7142 -33.2564 1.0548 37.7496 -2.9110 0.0055
Car 0.0000 0 2.4417 0.0000 169.7883 16.0034 202.5847 1.5442 1.7190 3.8526 -32.0436 1.0413 35.3143 1.7111 0.0055
Car 0.0000 0 -0.6031 653.5468 164.5149 763.1147 203.3964 1.5430 1.7546 4.3415 4.3477 0.9102 29.8013 -0.4580 0.0055
Car 0.0000 0 -0.5513 647.9918 170.7449 744.4307 206.6899 1.4276 1.6163 3.7035 3.7952 1.0416 29.5730 -0.4232 0.0055
Car 0.0000 0 0.0220 632.9478 157.7130 707.6735 186.7794 1.6363 1.7125 4.2149 3.7763 0.3549 40.8915 0.1153 0.0055
Car 0.0000 0 0.0062 0.0000 168.2446 18.7713 201.1892 1.5979 1.7143 4.2094 -32.9012 1.0049 36.3242 -0.7236 0.0055
Car 0.0000 0 -0.0454 639.9393 157.2257 709.6508 185.4611 1.5940 1.7539 3.9304 3.9832 0.2815 40.8902 0.0528 0.0055
Car 0.0000 0 -2.0040 1155.4695 160.3204 1224.0000 256.7198 1.4700 1.5739 3.8443 11.7623 1.1639 12.8450 -1.2732 0.0054
Car 0.0000 0 -2.9666 0.0000 0.0000 1224.0000 370.0000 1.6331 1.7870 4.0083 5.7284 1.6623 -0.2717 -1.4032 0.0054
Car 0.0000 0 1.9709 0.0000 168.8470 10.7218 200.9561 1.4904 1.6619 3.9114 -31.3224 0.9510 34.9329 1.2463 0.0054
Car 0.0000 0 2.0078 609.0969 171.6257 689.1345 210.9776 1.4164 1.6312 3.8456 1.7660 1.0985 27.5226 2.0730 0.0054
Car 0.0000 0 -1.2201 0.0000 169.4062 54.2122 201.0735 1.6281 1.6598 3.8415 -31.7319 1.0592 38.4336 -1.9044 0.0054
Car 0.0000 0 -1.0980 0.0000 171.3710 62.0901 203.5197 1.6552 1.6708 4.1222 -31.7110 1.1866 38.5872 -1.7800 0.0054
Car 0.0000 0 1.3691 0.0000 0.0000 1224.0000 370.0000 1.7700 1.4908 3.9017 -3.4224 1.7366 0.5498 0.0496 0.0054
Car 0.0000 0 3.2325 0.0000 0.0000 1224.0000 370.0000 1.4118 1.4469 3.4905 -15.0678 1.6113 -0.2525 1.6680 0.0054
Car 0.0000 0 0.8587 0.0000 171.3329 38.2169 201.1797 1.5324 1.7322 4.0456 -32.6124 1.0631 37.4513 0.1483 0.0054
Car 0.0000 0 3.2501 0.0000 170.3332 13.3947 202.6728 1.5552 1.7205 4.5357 -33.1862 1.0677 36.0280 2.5120 0.0054
Car 0.0000 0 -2.7903 673.0862 169.1789 779.1940 208.4813 1.4248 1.4302 3.7577 4.6091 1.0159 27.1797 -2.6224 0.0053
Car 0.0000 0 -0.0194 0.0000 167.4196 16.5305 200.8923 1.6182 1.6925 4.1082 -32.8725 0.9873 36.1961 -0.7505 0.0053
Car 0.0000 0 1.6958 0.0000 166.6965 57.1010 202.1283 1.5212 1.5613 3.7383 -26.3254 0.9300 32.3514 1.0194 0.0053
Car 0.0000 0 -1.4119 786.9296 153.5485 823.4649 180.9071 1.7462 1.7098 4.2285 13.4643 0.0273 47.4018 -1.1351 0.0053
Car 0.0000 0 -0.3657 656.1342 162.9004 770.9437 201.9312 1.5557 1.7193 4.4090 4.4750 0.8557 29.4863 -0.2149 0.0053
Car 0.0000 0 1.8634 0.0000 175.8979 56.6351 219.8639 1.4717 1.5758 4.1697 -21.7521 1.3192 25.8898 1.1725 0.0053
Cyclist 0.0000 0 3.0994 0.0000 0.0000 1224.0000 370.0000 1.5812 0.5235 1.6956 -8.5866 1.5783 0.2751 1.5999 0.0053
Car 0.0000 0 0.3623 0.0000 170.1901 99.7014 200.7021 1.5716 1.7357 4.2761 -29.9108 1.0420 37.8751 -0.3002 0.0053
Car 0.0000 0 -2.0211 1158.0232 161.0768 1224.0000 255.6132 1.4322 1.4944 3.8277 11.7224 1.1396 12.7528 -1.2885 0.0053
Car 0.0000 0 0.2466 609.6416 172.5106 716.6523 208.3324 1.4145 1.7002 4.1440 2.4052 1.1005 29.3881 0.3292 0.0052
Car 0.0000 0 1.5730 0.0000 169.1651 28.0544 202.6310 1.4109 1.4839 3.6580 -26.8597 0.9345 31.6850 0.8767 0.0052
Car 0.0000 0 -1.4402 665.3531 165.6541 716.0182 204.0392 1.5181 1.6403 3.9148 3.6824 0.9324 30.0583 -1.3178 0.0052
Car 0.0000 0 1.8413 0.0000 166.6923 46.0905 202.1968 1.4841 1.6321 3.8391 -26.6340 0.9084 31.6360 1.1483 0.0052
Car 0.0000 0 -2.0618 1151.4667 154.8038 1224.0000 218.5470 1.6559 1.6658 4.1361 17.9270 0.9899 20.5622 -1.3508 0.0052
Car 0.0000 0 -1.1624 599.0384 165.3567 664.0324 200.8611 1.5349 1.6096 3.8176 1.2698 0.8817 32.6310 -1.1221 0.0052
Car 0.0000 0 -1.9081 1092.2527 163.9985 1224.0000 240.9837 1.4614 1.6983 4.4295 12.5719 1.1498 15.7869 -1.2437 0.0052
Car 0.0000 0 0.2035 0.0000 168.4465 14.6970 202.7474 1.6539 1.7539 4.5603 -33.1902 1.0742 36.0051 -0.5351 0.0052
Cyclist 0.0000 0 2.8505 0.0000 0.0000 1224.0000 370.0000 1.7152 0.6073 1.6634 -3.1400 1.6894 -0.0312 1.3741 0.0052
Car 0.0000 0 -0.5904 0.0000 120.6707 287.1624 370.0000 1.9938 1.9973 5.1159 -6.2922 1.5625 7.8554 -1.2445 0.0052
Car 0.0000 0 0.3441 0.0000 172.1875 32.2444 201.7599 1.4715 1.7912 4.3355 -32.8404 1.0593 36.8111 -0.3782 0.0052
Car 0.0000 0 1.8841 0.0000 175.2288 48.6441 219.5708 1.4759 1.5689 4.0842 -21.9436 1.3020 25.7155 1.1856 0.0052
Car 0.0000 0 -0.6514 602.5474 172.0227 708.8164 211.9779 1.5020 1.6130 4.1198 2.0446 1.1848 28.3754 -0.5785 0.0052
Car 0.0000 0 -1.2398 0.0000 169.0403 47.6208 201.4161 1.6548 1.7053 4.0995 -32.0719 1.0705 38.3529 -1.9303 0.0052
Car 0.0000 0 -0.3655 658.8673 164.0633 769.5430 203.0009 1.5503 1.7489 4.2079 4.4949 0.8974 29.4478 -0.2138 0.0051
Car 0.0000 0 -0.1337 0.0000 169.6611 20.1736 202.3833 1.5768 1.7615 4.0116 -32.6869 1.0559 36.1618 -0.8625 0.0051
Car 0.0000 0 1.5291 14.7305 166.4061 64.4833 201.9946 1.5263 1.6336 4.0190 -25.9454 0.9233 32.3744 0.8602 0.0051
Car 0.0000 0 -1.9755 1160.5040 156.1443 1224.0000 218.8890 1.6142 1.7805 4.1328 17.9935 0.9892 20.4243 -1.2593 0.0051
Car 0.0000 0 4.6878 0.0000 0.0000 1224.0000 370.0000 1.4936 1.5992 4.0561 -8.7459 1.6609 -0.1552 3.1378 0.0051
Car 0.0000 0 1.7784 0.0000 179.3474 45.9331 230.3275 1.5030 1.5853 4.1127 -19.6977 1.4706 23.0280 1.0793 0.0051
Car 0.0000 0 -1.3154 0.0000 171.9611 37.4114 203.7400 1.6207 1.6860 4.1264 -32.4093 1.1867 38.2802 -2.0120 0.0051
Car 0.0000 0 0.7347 0.0000 0.0000 1224.0000 370.0000 1.5371 1.6473 4.2033 17.7559 0.7242 2.1454 2.1687 0.0051
Car 0.0000 0 -1.9499 1085.8038 167.9630 1224.0000 246.8671 1.5022 1.6941 4.4838 12.5545 1.2652 15.8455 -1.2881 0.0051
Car 0.0000 0 -2.5342 634.1783 171.3378 747.7084 211.1304 1.4664 1.6799 4.2820 3.3285 1.1303 28.0993 -2.4159 0.0050
Car 0.0000 0 -0.6115 0.0000 171.4908 37.2283 203.0175 1.5515 1.7549 4.0670 -32.4648 1.1096 36.9768 -1.3260 0.0050
Car 0.0000 0 1.1888 630.0784 174.6215 700.9860 210.4838 1.3313 1.6048 3.5279 2.3150 1.1145 28.1636 1.2717 0.0050
Car 0.0000 0 1.1509 612.8405 163.4417 688.3639 203.1555 1.5737 1.6159 4.2732 1.8415 0.8992 30.2963 1.2129 0.0050
Car 0.0000 0 1.0212 652.3218 171.8462 733.8489 208.9398 1.3928 1.5335 3.7328 3.4559 1.0694 28.5604 1.1420 0.0050
Car 0.0000 0 1.8235 0.0000 174.6132 51.4030 218.9371 1.4870 1.5914 4.0254 -21.8405 1.2911 25.8757 1.1303 0.0050
Car 0.0000 0 1.6029 0.0000 169.5313 31.1706 203.4786 1.4326 1.4930 3.5725 -26.7545 0.9712 31.6999 0.9087 0.0050
Car 0.0000 0 1.4464 635.5518 172.4713 687.5991 209.8771 1.3747 1.5899 3.6519 2.1380 1.0811 27.8405 1.5239 0.0050
Car 0.0000 0 0.5245 0.0000 0.0000 1224.0000 370.0000 1.4512 1.5626 4.0027 -19.0608 1.6735 -0.0691 -1.0314 0.0050
Car 0.0000 0 -2.3760 0.0000 167.3293 30.0692 201.7992 1.7716 1.8660 4.7727 -33.4984 1.0961 37.3639 -3.1009 0.0049
Car 0.0000 0 -1.7576 635.8347 164.5128 696.7233 204.5361 1.5934 1.7658 4.6834 2.5323 0.9584 30.5647 -1.6740 0.0049
Cyclist 0.0000 0 -1.2070 230.7897 172.4176 278.0223 252.6596 1.5632 0.3769 1.4219 -7.2065 1.4073 14.4934 -1.6579 0.0049
Car 0.0000 0 1.2288 630.3508 173.8965 699.4053 211.5840 1.3984 1.6088 3.6279 2.2885 1.1549 28.1908 1.3106 0.0049
Car 0.0000 0 1.3700 652.5066 168.6265 714.3858 209.9081 1.4498 1.6434 3.4750 2.8573 1.0344 26.6337 1.4775 0.0049
Car 0.0000 0 -1.4139 653.8734 164.6910 709.9222 204.2331 1.5703 1.7462 4.2428 3.3522 0.9440 30.3496 -1.3032 0.0048
Car 0.0000 0 -1.8663 621.2571 162.7467 692.0222 203.7284 1.6236 1.7317 4.7056 2.1015 0.9217 30.4928 -1.7963 0.0048
Car 0.0000 0 0.5890 660.1319 170.3587 761.8773 210.2193 1.4538 1.7453 3.5596 4.0783 1.0854 27.6239 0.7356 0.0048
Car 0.0000 0 -2.1697 0.0000 185.1581 20.2711 233.6972 1.3889 1.5896 3.4531 -20.0912 1.5406 21.6216 -2.9093 0.0048
Car 0.0000 0 -0.0881 666.1962 166.3033 770.5222 204.4381 1.5150 1.7565 4.0947 4.5687 0.9525 29.0995 0.0678 0.0048
Car 0.0000 0 -0.0214 0.0000 167.3881 13.0161 201.5461 1.6584 1.6783 4.0174 -33.0957 1.0233 36.3102 -0.7543 0.0048
Car 0.0000 0 -1.5724 0.0000 0.0000 1224.0000 370.0000 1.5520 1.6851 4.0508 -8.6447 1.6428 -0.0281 -3.1074 0.0048
Car 0.0000 0 -1.1192 0.0000 171.7092 60.5930 203.4147 1.6288 1.6878 4.1356 -31.7190 1.1786 38.5233 -1.8022 0.0048
Car 0.0000 0 0.5947 0.0000 168.0401 98.0435 199.3635 1.6180 1.7569 4.3567 -29.7840 0.9758 37.5465 -0.0699 0.0048
Pedestrian 0.0000 0 0.6647 0.0000 0.0000 1224.0000 370.0000 2.0963 0.7166 0.7005 -4.2427 1.8226 -0.1299 -0.8591 0.0047
Car 0.0000 0 3.4269 0.0000 0.0000 1224.0000 370.0000 1.4422 1.5951 3.5063 -15.2619 1.5573 -0.3390 1.8567 0.0047
Car 0.0000 0 -0.3139 657.2058 166.3256 763.1240 204.5070 1.5270 1.7326 4.0261 4.3220 0.9616 29.4628 -0.1680 0.0047
Car 0.0000 0 -2.0239 1068.0105 168.4895 1224.0000 246.9524 1.5100 1.6721 4.4063 12.3071 1.2805 15.9264 -1.3741 0.0047
Car 0.0000 0 -0.5530 0.0000 168.2542 14.0390 203.4032 1.6479 1.7132 4.1387 -32.4389 1.0752 35.3691 -1.2889 0.0047
Car 0.0000 0 0.0072 0.0000 167.6935 14.1689 200.8953 1.6104 1.6917 3.8127 -32.7660 0.9907 36.1844 -0.7224 0.0047
Car 0.0000 0 -1.0939 597.2866 163.6937 666.8156 199.3085 1.5371 1.6399 3.7894 1.2889 0.8132 32.5635 -1.0529 0.0047
Car 0.0000 0 -1.2920 596.2164 165.8144 652.4291 201.1505 1.5346 1.6207 3.7772 0.9389 0.8983 32.7463 -1.2618 0.0046
Car 0.0000 0 0.4271 0.0000 171.3100 94.0216 201.3030 1.5505 1.6893 4.1265 -30.1218 1.0768 37.8556 -0.2391 0.0046
Pedestrian 0.0000 0 1.6439 241.1026 169.1585 277.4428 277.0591 1.6231 0.4567 0.6581 -5.4271 1.4541 11.0202 1.1995 0.0046
Car 0.0000 0 -1.8387 1179.8811 155.6044 1224.0000 219.0442 1.6474 1.6510 4.0449 18.2971 1.0025 20.5353 -1.1169 0.0046
Car 0.0000 0 -0.4314 655.1909 168.3177 755.7390 206.1691 1.5065 1.7117 3.7844 4.1506 1.0232 29.4998 -0.2913 0.0046
Car 0.0000 0 -0.6814 0.0000 184.7676 116.1909 243.7779 1.5441 1.6592 3.8453 -16.8489 1.6839 20.8496 -1.3520 0.0045
Car 0.0000 0 -0.0256 674.5009 166.2938 782.8810 204.6430 1.4515 1.6641 4.0863 4.8056 0.9153 27.8754 0.1450 0.0045
Car 0.0000 0 -1.9663 610.1057 165.9954 688.5605 205.5034 1.5573 1.7498 4.4721 1.7756 0.9870 30.2636 -1.9065 0.0045
Car 0.0000 0 -0.8348 0.0000 172.5303 82.0913 203.4258 1.5928 1.6481 3.9992 -30.8708 1.1833 38.4953 -1.5049 0.0044
Pedestrian 0.0000 0 -0.6663 745.5048 160.5301 760.1101 183.1740 1.8830 0.7480 0.9377 12.4201 0.2236 59.3343 -0.4592 0.0044
Car 0.0000 0 1.7840 0.0000 167.3482 57.3879 202.0623 1.4729 1.5484 3.9721 -26.3356 0.9164 32.1172 1.1039 0.0044
Car 0.0000 0 1.1508 681.2595 168.0995 765.3239 208.1031 1.4596 1.7373 4.1211 4.5572 1.0087 28.0069 1.3121 0.0044
Car 0.0000 0 -0.4745 0.0000 169.1479 30.6934 201.0203 1.5543 1.7304 4.3688 -32.9232 1.0021 36.8243 -1.1979 0.0044
Car 0.0000 0 -1.1966 0.0000 171.2543 51.4152 203.7828 1.6631 1.7029 4.2898 -32.0630 1.1918 38.4488 -1.8859 0.0044
Car 0.0000 0 -0.6555 0.0000 183.3835 119.9376 243.6248 1.5399 1.7781 4.5848 -17.0488 1.6360 20.7381 -1.3343 0.0044
Car 0.0000 0 0.6664 0.0000 170.9925 90.0136 200.7156 1.5423 1.7027 3.9233 -29.9370 1.0504 37.5372 -0.0009 0.0044
Car 0.0000 0 3.1888 0.0000 169.2352 21.1616 203.7260 1.6578 1.8141 5.0529 -33.2542 1.1178 36.2842 2.4531 0.0044
Car 0.0000 0 0.5265 600.0549 167.7579 704.1858 205.1676 1.4824 1.6877 4.0925 1.9357 0.9790 29.8549 0.5924 0.0044
Car 0.0000 0 -0.4431 597.9626 171.2327 705.1987 210.2694 1.5025 1.6740 4.0186 1.8669 1.1473 28.7276 -0.3771 0.0044
Car 0.0000 0 -1.6197 669.3631 170.3691 713.0467 206.6976 1.4076 1.6082 3.5550 3.4841 1.0165 29.2194 -1.5005 0.0043
Car 0.0000 0 0.1504 664.7461 168.6861 772.9641 206.9028 1.4633 1.7889 4.0927 4.5910 1.0124 28.5427 0.3100 0.0043
Car 0.0000 0 1.7423 630.7540 171.7715 686.6946 209.9237 1.3775 1.5793 3.5482 2.1207 1.0639 27.4374 1.8204 0.0043
Car 0.0000 0 2.4639 0.0000 184.2710 111.3936 241.5882 1.4848 1.6036 3.7579 -16.7546 1.6069 20.5835 1.7900 0.0043
Car 0.0000 0 4.5830 0.0000 0.0000 1224.0000 370.0000 1.5486 1.5186 3.5690 -14.5887 1.5431 0.7749 3.0890 0.0043
Car 0.0000 0 -1.4879 669.8228 167.4473 716.1847 205.9214 1.4942 1.6101 3.7616 3.7002 0.9888 29.4608 -1.3625 0.0043
Car 0.0000 0 -3.1916 615.1304 156.5360 690.5036 185.6587 1.6470 1.7282 4.2620 2.7115 0.2931 40.8817 -3.1240 0.0043
Car 0.0000 0 -2.8888 0.0000 0.0000 1224.0000 370.0000 1.5692 1.8028 3.9194 20.6843 0.2305 0.7439 -1.3683 0.0043
Car 0.0000 0 -2.3659 0.0000 166.3047 29.8195 201.2194 1.7800 1.8469 4.9389 -33.3479 1.0577 37.0862 -3.0922 0.0043
Car 0.0000 0 2.0424 0.0000 173.9978 66.5130 203.8966 1.5423 1.5589 3.8459 -31.2664 1.2083 38.5081 1.3662 0.0042
Car 0.0000 0 0.6593 0.0000 0.0000 1224.0000 370.0000 1.5276 1.6146 3.9622 17.6833 0.7117 1.6946 2.1179 0.0042
Car 0.0000 0 0.4559 662.8336 167.8199 773.2173 208.8757 1.4873 1.7896 3.8339 4.3339 1.0294 27.4425 0.6125 0.0042
Car 0.0000 0 2.1331 0.0000 181.6335 8.2865 230.7630 1.4452 1.6026 3.7402 -21.4560 1.4866 22.8691 1.3882 0.0042
Pedestrian 0.0000 0 -0.0990 743.9518 159.8644 756.5534 182.5350 1.8892 0.7135 0.9695 12.2007 0.1708 59.3213 0.1045 0.0042
Car 0.0000 0 0.2998 0.0000 171.9455 36.3285 201.5900 1.4723 1.7854 4.5450 -32.7664 1.0488 36.8532 -0.4209 0.0042
Car 0.0000 0 -0.6614 0.0000 183.2844 114.6491 244.0217 1.5784 1.7008 4.0269 -16.9210 1.6700 20.7218 -1.3370 0.0042
Car 0.0000 0 -2.0483 1053.7095 166.4503 1224.0000 243.1325 1.4910 1.6350 3.9183 11.8078 1.2194 15.8048 -1.4147 0.0042
Car 0.0000 0 -0.4409 0.0000 187.5490 128.0687 247.1429 1.5508 1.7163 4.2400 -17.0788 1.7866 21.2140 -1.1098 0.0042
Car 0.0000 0 -1.5229 649.5897 165.1276 695.7653 205.5116 1.6059 1.7646 4.3911 2.9572 0.9961 30.4108 -1.4252 0.0042
Car 0.0000 0 -0.6577 647.2676 165.8583 747.8422 205.4028 1.5751 1.7360 3.9911 3.9127 0.9934 29.9119 -0.5272 0.0042
Car 0.0000 0 0.6620 0.0000 172.0626 82.8398 200.9336 1.5006 1.6319 3.6628 -30.2033 1.0634 37.5762 -0.0091 0.0041
Car 0.0000 0 0.3700 662.7225 167.4353 757.1479 207.0687 1.4591 1.5679 3.2916 4.0514 0.9796 27.5187 0.5163 0.0041
Car 0.0000 0 0.2245 0.0000 0.0000 1224.0000 370.0000 1.4305 1.5352 3.8266 -18.7414 1.6822 -0.1037 -1.3330 0.0041
Car 0.0000 0 0.4288 668.5754 168.1530 784.6348 209.8386 1.5024 1.8635 4.0178 4.6552 1.0589 27.3778 0.5971 0.0041
Car 0.0000 0 0.5944 0.0000 0.0000 1224.0000 370.0000 1.4683 1.6214 3.8359 17.6501 0.5833 1.4915 2.0641 0.0041
Pedestrian 0.0000 0 -0.1821 743.8471 159.8851 756.2933 182.4390 1.8814 0.7075 0.9098 12.1891 0.1630 59.3373 0.0213 0.0041
Car 0.0000 0 -2.0747 598.4462 167.0317 687.6198 207.5838 1.5922 1.7899 4.6089 1.4987 1.0649 30.2193 -2.0239 0.0041
Car 0.0000 0 0.7705 668.9401 165.5241 782.1830 208.0838 1.5192 1.9110 4.1807 4.5732 0.9862 27.4839 0.9353 0.0041
Car 0.0000 0 3.2901 0.0000 169.6255 24.3693 202.9493 1.6266 1.8101 4.7009 -33.1814 1.0972 36.5555 2.5592 0.0041
Car 0.0000 0 4.6672 0.0000 0.0000 1224.0000 370.0000 1.5307 1.7056 4.1180 -8.7393 1.6945 -0.1559 3.1172 0.0041
Car 0.0000 0 1.7171 0.0000 168.4384 40.8403 202.9239 1.4578 1.4923 3.5331 -26.6183 0.9494 31.7826 1.0267 0.0040
Car 0.0000 0 -1.7036 631.3003 167.2462 683.9520 205.1185 1.5040 1.7061 4.0379 2.1493 0.9791 30.1401 -1.6314 0.0040
Car 0.0000 0 -2.7594 606.8853 169.6565 701.3874 206.0656 1.4397 1.5955 3.5919 2.0207 1.0124 29.4543 -2.6899 0.0040
Car 0.0000 0 3.4319 0.0000 0.0000 1224.0000 370.0000 1.4628 1.5643 3.6229 -15.2002 1.5493 -0.3262 1.8626 0.0040
Car 0.0000 0 0.7393 666.2975 165.4723 780.1620 208.1233 1.5308 1.8891 4.2011 4.5068 0.9929 27.6045 0.9011 0.0040
Pedestrian 0.0000 0 0.2824 743.0365 157.8196 755.2324 181.3189 1.9614 0.8300 0.8074 12.1623 0.0696 59.5663 0.4846 0.0040
Car 0.0000 0 -0.5662 0.0000 184.1868 121.6840 243.8642 1.5364 1.7624 4.3965 -17.0609 1.6590 20.8547 -1.2427 0.0040
Car 0.0000 0 -0.1857 673.8361 165.9863 791.4653 203.6380 1.4593 1.7561 4.3800 5.0154 0.8983 28.3004 -0.0104 0.0040
Car 0.0000 0 1.0039 600.9656 163.1456 689.3436 205.4323 1.6673 1.7165 4.2960 1.6015 0.9846 30.1662 1.0582 0.0040
Car 0.0000 0 -1.8034 1178.1526 155.0435 1224.0000 219.5334 1.6740 1.6696 4.2372 18.2633 1.0148 20.6110 -1.0844 0.0040
Car 0.0000 0 -1.2440 667.2546 165.5714 735.7490 205.0743 1.5285 1.6605 3.9072 4.0675 0.9524 29.4713 -1.1065 0.0040
Car 0.0000 0 -0.5738 649.7218 165.1382 753.8432 204.2868 1.5593 1.7190 4.0666 4.0638 0.9489 29.7969 -0.4379 0.0040
Car 0.0000 0 2.1045 0.0000 172.3684 66.2457 202.0854 1.5279 1.5915 3.8570 -31.3004 1.1112 38.3710 1.4261 0.0040
Car 0.0000 0 2.5066 592.3612 170.2446 703.0046 210.0668 1.4582 1.6838 4.1370 1.6813 1.0842 27.7144 2.5683 0.0040
Car 0.0000 0 -0.0113 0.0000 167.4370 15.6605 201.3684 1.6459 1.7161 4.2609 -33.1534 1.0137 36.3660 -0.7444 0.0040
Car 0.0000 0 -1.5610 830.1375 146.8525 863.5563 179.3058 1.7382 1.7132 4.1836 13.7864 -0.0705 40.2902 -1.2318 0.0040
Car 0.0000 0 -1.3994 652.6623 164.7888 710.8848 204.5275 1.5770 1.7853 4.2194 3.3459 0.9550 30.3288 -1.2889 0.0040
Car 0.0000 0 0.3671 604.1777 174.0827 730.6268 212.9833 1.4807 1.7860 4.8035 2.4935 1.2379 28.7643 0.4543 0.0040
Car 0.0000 0 1.8042 0.0000 166.8183 55.8711 202.2408 1.4946 1.5629 3.9685 -26.3325 0.9188 31.9553 1.1217 0.0040
Car 0.0000 0 -0.0261 110.2525 172.3831 252.4778 217.6612 1.5679 1.8304 4.4299 -15.7638 1.2883 26.4258 -0.5568 0.0039
Car 0.0000 0 -1.9870 607.2023 165.0700 688.3685 204.9242 1.5688 1.7491 4.5900 1.7060 0.9629 30.2827 -1.9295 0.0039
Car 0.0000 0 -2.0482 0.0000 167.2336 7.3688 203.5754 1.7924 1.8968 5.0122 -33.6699 1.1395 36.6292 -2.7854 0.0039
Car 0.0000 0 0.0334 0.0000 169.5148 18.3935 201.9805 1.5680 1.7832 4.2932 -32.8494 1.0389 36.2055 -0.6973 0.0039
Car 0.0000 0 -1.4833 729.7085 161.3799 753.8889 181.2749 1.6165 1.6950 3.4648 11.5235 0.0642 59.3422 -1.2907 0.0039
Car 0.0000 0 1.9573 0.0000 0.0000 1224.0000 370.0000 1.5294 1.6635 3.7085 -12.1216 1.4411 0.3911 0.4471 0.0039
Car 0.0000 0 1.6875 0.0000 167.4614 41.8648 202.0594 1.4575 1.5716 3.5376 -26.4878 0.9097 31.6927 0.9981 0.0039
Car 0.0000 0 -1.9750 1153.9012 154.6590 1224.0000 219.2383 1.6679 1.7446 4.4082 17.9827 1.0021 20.6204 -1.2638 0.0039
Car 0.0000 0 0.3824 0.0000 0.0000 1224.0000 370.0000 1.4739 1.5572 3.8756 18.0517 0.5597 1.4931 1.8542 0.0039
Car 0.0000 0 1.9537 0.0000 168.8896 10.0567 200.5680 1.4895 1.6222 3.4310 -31.3571 0.9450 35.1283 1.2313 0.0039
Car 0.0000 0 -1.5227 518.1362 168.8514 574.2037 219.7589 1.5611 1.6680 4.0480 -1.9229 1.2054 23.7248 -1.6007 0.0039
Car 0.0000 0 -1.7268 629.9409 169.6282 683.4552 206.3138 1.4568 1.6957 3.7233 2.1048 1.0265 29.9984 -1.6557 0.0039
Car 0.0000 0 -1.4714 669.5377 165.7690 716.4940 203.9517 1.5076 1.6064 3.7492 3.7581 0.9275 29.9187 -1.3459 0.0039
Car 0.0000 0 0.0388 0.0000 168.3989 22.0080 201.6432 1.6070 1.7924 4.4474 -32.8146 1.0235 36.2808 -0.6903 0.0038
Car 0.0000 0 -1.2743 595.3441 164.4479 654.1887 199.4699 1.5131 1.6677 3.8110 0.9577 0.8210 32.6142 -1.2434 0.0038
Pedestrian 0.0000 0 0.7398 0.0000 0.0000 1224.0000 370.0000 2.1053 0.7440 0.7417 -4.2474 1.8331 -0.1470 -0.7881 0.0038
Car 0.0000 0 0.0032 656.5261 151.8925 734.6136 182.0014 1.6914 1.7688 4.3817 5.2158 0.0857 40.8769 0.1311 0.0038
Car 0.0000 0 1.7739 0.0000 167.5648 54.2958 202.2913 1.4704 1.5331 3.8742 -26.3496 0.9242 32.0048 1.0918 0.0038
Car 0.0000 0 -0.0104 0.0000 0.0000 1224.0000 370.0000 1.8532 1.8193 4.1543 -4.3070 1.6837 2.0444 -1.0770 0.0038
Car 0.0000 0 -2.7081 639.2366 172.8550 753.1018 210.2754 1.4231 1.6874 4.2756 3.6488 1.1339 28.7354 -2.5814 0.0038
Car 0.0000 0 0.8304 669.9673 164.4244 787.0977 208.1386 1.5423 1.9684 4.4420 4.6422 0.9766 27.3402 0.9985 0.0038
Car 0.0000 0 -2.8360 0.0000 0.0000 1224.0000 370.0000 1.6297 1.7746 4.0555 20.6206 0.2176 1.0920 -1.3324 0.0037
Car 0.0000 0 0.4914 0.0000 167.0445 36.0010 200.2239 1.6630 1.9191 4.9874 -33.1664 0.9900 36.9458 -0.2341 0.0037
Car 0.0000 0 -2.7328 0.0000 0.0000 1224.0000 370.0000 1.4683 1.6729 3.6168 18.4726 0.5880 1.4772 -1.2578 0.0037
Car 0.0000 0 -2.2443 1130.2930 158.1394 1224.0000 220.0299 1.6171 1.8001 4.0758 17.6002 1.0344 20.5325 -1.5417 0.0037
Car 0.0000 0 2.4552 0.0000 173.5737 108.7074 211.4593 1.4579 1.5562 3.6102 -22.7531 1.1928 29.1371 1.7993 0.0037
Cyclist 0.0000 0 1.6254 589.4838 169.4836 601.8245 193.9994 1.7443 0.7949 1.8143 -0.6633 0.9618 51.2254 1.6142 0.0037
Car 0.0000 0 1.7231 0.0000 0.0000 1224.0000 370.0000 1.5038 1.6965 4.3292 -9.1801 1.6272 0.0249 0.1919 0.0037
Car 0.0000 0 -2.1621 1040.4186 168.6433 1224.0000 245.2157 1.4995 1.6416 4.0796 11.7811 1.2689 15.9105 -1.5327 0.0037
Car 0.0000 0 2.0083 0.0000 167.9922 60.9000 202.3115 1.4406 1.5584 4.0628 -26.4366 0.9171 31.8355 1.3221 0.0037
Car 0.0000 0 1.5590 0.0000 0.0000 1224.0000 370.0000 1.4424 1.4784 2.9950 -12.5098 1.5633 0.8193 0.0810 0.0037
Car 0.0000 0 -2.9454 0.0000 0.0000 1224.0000 370.0000 1.6048 1.7467 4.0986 20.6926 0.4201 1.3069 -1.4519 0.0037
Car 0.0000 0 3.2716 0.0000 170.1035 9.4444 202.0934 1.5447 1.6863 4.0667 -33.0778 1.0441 35.9878 2.5345 0.0036
Car 0.0000 0 -1.8903 615.6791 168.5876 685.3267 206.5029 1.4919 1.7173 4.1748 1.8245 1.0247 30.0543 -1.8285 0.0036
Car 0.0000 0 -2.8362 646.6340 169.9239 760.5454 209.0466 1.4834 1.7011 4.2293 3.9373 1.0839 28.4797 -2.6985 0.0036
Car 0.0000 0 -1.2562 593.7401 165.7606 655.8091 201.2591 1.5112 1.7107 3.8576 0.9490 0.8852 32.1994 -1.2252 0.0036
Car 0.0000 0 1.4713 642.7160 174.3218 693.7229 212.4846 1.4241 1.6235 4.1795 2.4484 1.1951 28.4796 1.5578 0.0036
Car 0.0000 0 0.2528 637.8930 171.5788 735.1793 210.2508 1.4442 1.5272 3.5234 3.1812 1.1125 27.7448 0.3674 0.0036
Car 0.0000 0 -1.7247 628.9426 166.7265 683.5756 205.1542 1.5248 1.6945 4.1752 2.0910 0.9797 30.2010 -1.6544 0.0036
Car 0.0000 0 1.7551 0.0000 180.8220 44.4716 230.4479 1.4668 1.6089 4.0188 -19.7288 1.4798 23.0655 1.0561 0.0036
Car 0.0000 0 0.5421 663.2284 171.5156 760.6924 209.0931 1.4038 1.6558 3.4810 4.2038 1.0697 28.1554 0.6904 0.0036
Car 0.0000 0 3.8155 0.0000 169.3552 16.1458 202.9405 1.6660 1.8260 4.6294 -33.2374 1.1146 36.1269 3.0779 0.0036
Car 0.0000 0 1.2085 0.0000 0.0000 1224.0000 370.0000 1.4864 1.3974 3.5105 -15.2492 1.5212 0.0395 -0.3368 0.0036
Car 0.0000 0 4.3984 0.0000 0.0000 1224.0000 370.0000 1.6210 1.7779 4.4252 -14.8134 1.5510 0.7010 2.8983 0.0036
Car 0.0000 0 2.9218 604.4552 173.5347 698.9740 209.2122 1.3969 1.4887 3.5876 1.8420 1.1257 28.6897 2.9870 0.0035
Car 0.0000 0 -1.2358 0.0000 0.0000 1224.0000 370.0000 1.3993 1.7303 4.2978 10.2221 1.4875 0.0027 0.3046 0.0035
Car 0.0000 0 -0.0372 0.0000 169.5283 24.1873 201.9781 1.5670 1.8328 4.4060 -32.7911 1.0386 36.3262 -0.7653 0.0035
Car 0.0000 0 -2.4129 0.0000 167.0927 32.9105 200.5910 1.7121 1.8324 5.0412 -33.2563 1.0283 37.0562 -3.1382 0.0035
Car 0.0000 0 1.6772 0.0000 0.0000 1224.0000 370.0000 1.5618 1.7013 4.1877 -8.6844 1.6630 -0.1243 0.1310 0.0035
Car 0.0000 0 -1.4985 828.8439 147.8792 865.9791 179.3474 1.6819 1.7082 4.0717 13.8009 -0.0677 40.1549 -1.1679 0.0035
Car 0.0000 0 -0.1010 622.8973 156.3251 702.4940 186.1187 1.6860 1.6843 4.4395 3.2849 0.3193 40.8918 -0.0195 0.0035
Car 0.0000 0 -1.6352 634.9577 167.8995 680.6955 205.3273 1.4905 1.6859 3.8322 2.1638 0.9902 30.0749 -1.5623 0.0035
Car 0.0000 0 1.7538 0.0000 0.0000 1224.0000 370.0000 1.5049 1.6488 3.7805 -12.2181 1.5018 0.7996 0.2764 0.0035
Car 0.0000 0 1.7046 0.0000 166.6088 55.2511 201.6553 1.4831 1.5949 4.0955 -26.2659 0.8968 32.0812 1.0253 0.0035
Car 0.0000 0 -2.5972 0.0000 0.0000 1224.0000 370.0000 1.5015 1.6366 4.0579 18.1109 0.5849 1.3910 -1.1194 0.0035
Car 0.0000 0 -0.1703 0.0000 168.3536 15.3485 202.2993 1.6377 1.6593 3.6612 -32.6390 1.0531 36.0556 -0.8998 0.0034
Car 0.0000 0 -2.9938 0.0000 0.0000 1224.0000 370.0000 1.5451 1.6214 3.6064 19.8914 0.5810 0.0104 -1.4385 0.0034
Car 0.0000 0 -2.7997 0.0000 0.0000 1224.0000 370.0000 1.5131 1.6882 3.8329 20.1323 0.7732 1.6420 -1.3248 0.0034
Car 0.0000 0 -0.1377 660.5529 153.1136 744.8201 183.1967 1.7025 1.8022 4.6243 5.5925 0.1540 40.9137 -0.0009 0.0034
Car 0.0000 0 1.7338 0.0000 0.0000 1224.0000 370.0000 1.5310 1.7199 4.2470 -8.7305 1.6447 -0.0453 0.1965 0.0034
Car 0.0000 0 2.3032 0.0000 170.6625 1.6955 203.0838 1.5894 1.5901 3.8407 -33.6561 1.1086 36.5819 1.5656 0.0034
Car 0.0000 0 -3.1450 598.7240 172.0759 693.1789 209.8019 1.4990 1.6263 3.7603 1.6467 1.1658 29.0040 -3.0872 0.0034
Car 0.0000 0 -1.5112 640.7491 167.2770 686.9307 205.4408 1.5189 1.7278 4.0640 2.5600 0.9941 30.2708 -1.4260 0.0034
Car 0.0000 0 -0.1382 662.8876 164.3509 774.6499 202.4478 1.5212 1.7603 4.3426 4.5955 0.8779 29.1470 0.0183 0.0034
Car 0.0000 0 -2.6996 0.0000 0.0000 1224.0000 370.0000 1.4760 1.7379 3.8348 20.2930 0.6588 1.8162 -1.2325 0.0034
Car 0.0000 0 -0.6668 86.6685 173.6188 215.1686 217.1284 1.5435 1.6924 3.9576 -17.3699 1.3009 27.2260 -1.2276 0.0034
Car 0.0000 0 1.2089 0.0000 0.0000 1224.0000 370.0000 1.6801 1.8303 4.5584 16.7808 0.7001 1.8117 2.6545 0.0034
Car 0.0000 0 0.2871 0.0000 0.0000 1224.0000 370.0000 1.3616 1.4887 3.7187 -18.7344 1.6870 -0.0286 -1.2664 0.0033
Car 0.0000 0 -1.8954 804.1874 145.1386 860.6103 177.8288 1.7749 1.8214 4.2883 13.0621 -0.1613 40.8958 -1.5865 0.0033
Car 0.0000 0 1.9133 0.0000 168.5145 56.9099 202.9926 1.4492 1.5400 3.9184 -26.3819 0.9469 31.8177 1.2278 0.0033
Car 0.0000 0 -1.4620 646.6851 165.5282 699.0160 205.4732 1.5865 1.7735 4.3359 2.9667 0.9934 30.3810 -1.3639 0.0033
Car 0.0000 0 -3.0969 0.0000 0.0000 1224.0000 370.0000 1.5755 1.7233 3.6308 18.9653 0.7420 1.3829 -1.6144 0.0033
Car 0.0000 0 1.7955 0.0000 168.0554 51.5580 202.4052 1.4533 1.5298 3.7217 -26.4330 0.9283 31.9168 1.1106 0.0033
Car 0.0000 0 -3.0535 592.8450 173.6861 691.4899 211.7326 1.5063 1.6005 3.9230 1.5409 1.2380 29.0581 -2.9994 0.0033
Car 0.0000 0 -0.6834 0.0000 169.9686 21.4127 202.3306 1.5486 1.7998 3.8351 -32.2575 1.0461 35.8656 -1.4097 0.0033
Car 0.0000 0 4.6434 0.0000 0.0000 1224.0000 370.0000 1.4992 1.7021 4.2483 -8.1674 1.6615 -0.3246 3.0740 0.0033
Car 0.0000 0 -1.6799 1198.9402 156.8566 1224.0000 219.4383 1.6245 1.6523 3.7529 18.3456 1.0124 20.3570 -0.9526 0.0033
Car 0.0000 0 0.2984 0.0000 180.4387 107.0795 224.1479 1.4638 1.6276 3.5099 -20.0047 1.4633 25.0642 -0.3673 0.0033
Car 0.0000 0 -0.7170 100.3156 172.9205 226.0628 216.7381 1.5638 1.7091 3.9773 -16.9923 1.2948 27.3821 -1.2654 0.0033
Car 0.0000 0 -2.7968 618.4998 154.7995 694.8425 185.0601 1.6952 1.7203 4.0991 3.0034 0.2568 41.2227 -2.7227 0.0033
Car 0.0000 0 4.3953 0.0000 0.0000 1224.0000 370.0000 1.5323 1.7760 4.3092 -14.2990 1.5729 0.8482 2.9079 0.0032
Pedestrian 0.0000 0 -1.6489 1150.3080 141.5390 1180.2198 214.2062 1.8631 0.5551 0.7235 14.6791 0.8658 18.5779 -0.9868 0.0032
Car 0.0000 0 -0.5988 0.0000 168.8099 18.6928 201.1595 1.5399 1.7184 3.7387 -32.2155 0.9849 35.6740 -1.3270 0.0032
Car 0.0000 0 1.0994 629.6721 170.4077 709.8198 211.4529 1.5075 1.7431 3.4984 2.4587 1.1384 27.9118 1.1880 0.0032
Car 0.0000 0 -1.7493 651.8726 171.0723 705.2058 206.3031 1.4031 1.5986 3.7943 3.0416 1.0292 30.1077 -1.6479 0.0031
Car 0.0000 0 1.4014 0.0000 0.0000 1224.0000 370.0000 1.5954 1.6274 5.3853 -14.4447 1.5768 0.7432 -0.0940 0.0031
Car 0.0000 0 -1.5470 641.6313 170.5574 684.1227 206.8639 1.4511 1.6984 3.7457 2.4946 1.0552 30.2081 -1.4637 0.0031
Car 0.0000 0 1.0356 666.6010 172.3353 752.8539 210.5885 1.4160 1.6750 3.8377 4.0742 1.1153 28.2604 1.1789 0.0031
Car 0.0000 0 0.3287 621.7511 171.7286 718.4857 210.5860 1.4557 1.6048 3.4729 2.5496 1.1286 27.9235 0.4205 0.0031
Car 0.0000 0 1.5607 699.5211 168.3448 739.8635 206.2148 1.4207 1.5000 3.6926 4.5658 0.9662 28.4572 1.7198 0.0031
Car 0.0000 0 -0.0659 667.1674 165.1763 787.5811 203.8442 1.5073 1.8475 4.6758 4.8608 0.9115 28.7137 0.1018 0.0031
Car 0.0000 0 0.5998 667.1594 167.6532 772.3290 207.6233 1.4625 1.7658 3.7323 4.4385 0.9939 27.7892 0.7582 0.0031
Car 0.0000 0 -0.3120 0.0000 167.4802 23.1880 201.9050 1.6633 1.7256 4.5492 -33.2478 1.0357 36.5577 -1.0439 0.0031
Car 0.0000 0 -0.0231 99.3998 173.1234 240.1848 217.9418 1.5544 1.7427 4.3593 -16.1910 1.3001 26.4212 -0.5657 0.0031
Cyclist 0.0000 0 1.9012 591.4849 169.6515 608.0445 193.4274 1.6923 0.6614 1.7696 -0.3649 0.9214 51.2662 1.8958 0.0031
Car 0.0000 0 1.7449 0.0000 0.0000 1224.0000 370.0000 1.4966 1.6866 4.2846 -9.3679 1.6020 0.0907 0.2199 0.0031
Car 0.0000 0 3.0718 606.4301 156.7246 686.0790 186.1135 1.6617 1.7047 4.4847 2.3298 0.3188 40.8498 3.1303 0.0030
Car 0.0000 0 -1.6660 822.7524 149.5740 860.7031 180.5512 1.6728 1.6647 4.0304 13.4379 0.0042 40.3273 -1.3448 0.0030
Car 0.0000 0 0.2411 642.6416 169.2563 726.5768 207.6516 1.4402 1.4823 3.0055 3.1090 1.0200 27.7322 0.3532 0.0030
Car 0.0000 0 -2.7481 0.0000 0.0000 1224.0000 370.0000 1.5064 1.7800 3.8070 20.1773 0.6783 1.2823 -1.2553 0.0030
Car 0.0000 0 -2.8892 0.0000 0.0000 1224.0000 370.0000 1.5628 1.6656 3.8529 19.6322 0.7572 1.3719 -1.4032 0.0030
Pedestrian 0.0000 0 -0.5013 1142.4790 140.4984 1185.8047 213.7922 1.8945 0.5497 0.7164 14.6659 0.8621 18.5990 0.1598 0.0030
Car 0.0000 0 -0.5781 96.6069 174.1164 225.7883 217.4568 1.5357 1.6668 3.9309 -16.9595 1.3110 27.1809 -1.1289 0.0030
Car 0.0000 0 1.7889 0.0000 164.5420 43.2530 206.3865 1.5738 1.6878 4.1254 -24.4727 0.9751 28.8064 1.0920 0.0030
Car 0.0000 0 1.7780 599.4734 168.2875 650.7933 203.6579 1.4959 1.6413 3.3658 0.9367 0.9809 31.7266 1.8090 0.0030
Pedestrian 0.0000 0 2.4851 661.0167 151.0695 719.8474 277.3443 1.8305 0.4159 0.7894 1.2390 1.4055 10.6263 2.5996 0.0030
Car 0.0000 0 2.2183 994.4062 170.0265 1184.7716 234.1200 1.5527 1.7948 4.5518 12.7767 1.3006 18.7115 2.8111 0.0030
Car 0.0000 0 1.1073 0.0000 0.0000 1224.0000 370.0000 1.4179 1.5121 3.5168 -12.3203 1.4172 0.4469 -0.3994 0.0030
Car 0.0000 0 -2.0365 1149.8466 163.0284 1224.0000 257.9125 1.4449 1.5259 3.7485 11.6029 1.1805 12.7695 -1.3096 0.0029
Car 0.0000 0 -1.5948 1210.8596 154.8228 1224.0000 218.3979 1.6608 1.6690 4.1353 18.7086 0.9916 20.5796 -0.8630 0.0029
Car 0.0000 0 -2.6879 0.0000 0.0000 1224.0000 370.0000 1.5300 1.7039 4.0897 18.5445 0.5979 1.0329 -1.1888 0.0029
Car 0.0000 0 3.5630 0.0000 169.3424 10.7658 200.9976 1.5449 1.6383 3.7342 -32.8141 1.0018 35.8567 2.8281 0.0029
Car 0.0000 0 -0.4602 0.0000 168.7401 18.0974 202.5569 1.6079 1.7607 3.8560 -32.4222 1.0502 35.7295 -1.1909 0.0029
Car 0.0000 0 -1.6197 1208.5022 154.9905 1224.0000 218.8384 1.6719 1.6880 4.3722 18.8519 1.0055 20.7381 -0.8879 0.0029
Car 0.0000 0 4.5245 0.0000 0.0000 1224.0000 370.0000 1.4536 1.6087 4.1748 -19.9563 1.6793 -0.1778 2.9626 0.0029
Car 0.0000 0 -1.5073 640.2548 167.1465 686.2887 205.5279 1.5284 1.7076 4.0530 2.5361 0.9981 30.2808 -1.4229 0.0029
Car 0.0000 0 1.6431 0.0000 167.1882 40.5349 208.6818 1.5747 1.6419 3.9905 -24.3072 1.0710 28.9289 0.9516 0.0029
Car 0.0000 0 0.5882 651.3561 170.3513 749.8447 209.3397 1.4351 1.5201 3.5921 3.6892 1.0631 27.7767 0.7205 0.0029
Car 0.0000 0 0.6903 656.3812 167.2014 781.3634 209.8717 1.5213 1.9926 4.5869 4.3246 1.0487 27.5798 0.8458 0.0029
Car 0.0000 0 1.7055 0.0000 0.0000 1224.0000 370.0000 1.5332 1.6611 4.1216 -8.7610 1.6398 -0.0731 0.1649 0.0029
Car 0.0000 0 1.6661 0.0000 0.0000 1224.0000 370.0000 1.5130 1.7016 4.2754 -9.0210 1.6685 0.0053 0.1334 0.0029
Car 0.0000 0 -1.4498 658.3439 165.2122 710.9258 204.0455 1.5485 1.7712 3.9813 3.4601 0.9404 30.3315 -1.3356 0.0029
Car 0.0000 0 2.4836 0.0000 169.0768 8.7955 201.4323 1.5872 1.6468 3.8617 -33.6143 1.0283 36.7256 1.7485 0.0029
Car 0.0000 0 -1.5375 1201.1738 155.9170 1224.0000 219.6542 1.6647 1.6714 4.0547 18.5119 1.0242 20.5055 -0.8093 0.0029
Car 0.0000 0 4.3601 0.0000 0.0000 1224.0000 370.0000 1.5331 1.6623 4.7945 -14.1494 1.5864 0.9311 2.8794 0.0028
Car 0.0000 0 3.2153 0.0000 176.3863 20.5512 217.0293 1.4279 1.5293 4.0439 -24.7338 1.2849 26.6866 2.4756 0.0028
Pedestrian 0.0000 0 1.7844 672.6535 153.0893 711.6406 280.3229 1.8395 0.4382 0.7477 1.2735 1.4449 10.6422 1.9018 0.0028
Car 0.0000 0 0.0233 649.4919 156.1806 719.8962 184.6510 1.6011 1.7174 3.9617 4.6073 0.2348 40.8786 0.1366 0.0028
Car 0.0000 0 0.4061 610.2928 173.8949 733.0265 213.8130 1.4772 1.7690 4.5095 2.5914 1.2343 28.0154 0.4990 0.0028
Car 0.0000 0 0.7437 657.7208 166.5503 769.1923 208.6244 1.5185 1.8567 4.1499 4.1455 1.0165 27.7104 0.8923 0.0028
Car 0.0000 0 1.4041 0.0000 0.0000 1224.0000 370.0000 1.5083 1.5582 3.5095 -12.6544 1.5274 0.8629 -0.0716 0.0028
Car 0.0000 0 0.3351 0.0000 171.0049 7.7392 201.6997 1.4889 1.7618 3.7568 -32.9782 1.0297 35.8374 -0.4025 0.0028
Car 0.0000 0 -1.8542 1208.4933 156.3391 1224.0000 221.7844 1.6182 1.6014 3.7383 18.2386 1.0224 19.5072 -1.1090 0.0027
Car 0.0000 0 1.8430 0.0000 0.0000 1224.0000 370.0000 1.5289 1.7955 4.2215 -9.7911 1.6125 0.1702 0.3242 0.0027
Car 0.0000 0 0.7801 654.0706 171.0399 746.5483 210.2881 1.4578 1.5715 3.5703 3.7104 1.1079 28.1484 0.9114 0.0027
Car 0.0000 0 1.6606 0.0000 0.0000 1224.0000 370.0000 1.5072 1.6592 4.2834 -9.2368 1.5813 -0.0314 0.1230 0.0027
Car 0.0000 0 -2.0422 1150.5809 161.9453 1224.0000 257.0415 1.4523 1.5293 3.7404 11.6475 1.1706 12.7962 -1.3144 0.0027
Car 0.0000 0 -2.9058 611.9462 173.7268 734.1762 213.0177 1.4575 1.6389 4.5154 2.6491 1.2078 27.7331 -2.8100 0.0027
Car 0.0000 0 -4.3781 0.0000 0.0000 1224.0000 370.0000 1.5462 1.6946 3.8589 20.3005 0.2712 0.8578 -2.8641 0.0027
Car 0.0000 0 1.0544 657.1816 174.3178 730.0260 210.4592 1.3584 1.4499 3.3044 3.4686 1.1276 28.3747 1.1765 0.0027
Car 0.0000 0 3.2301 0.0000 173.8372 15.0742 216.3703 1.4934 1.5421 3.9029 -24.8185 1.2610 26.6196 2.4875 0.0027
Car 0.0000 0 1.2868 657.9017 166.9648 741.1630 212.7232 1.6086 1.9430 4.6197 3.4980 1.1343 27.2835 1.4146 0.0027
Car 0.0000 0 -1.4221 636.4539 168.1273 689.6514 205.8372 1.4964 1.7060 3.8298 2.5142 1.0070 30.1128 -1.3379 0.0027
Car 0.0000 0 -2.8584 0.0000 0.0000 1224.0000 370.0000 1.5552 1.7489 3.7885 20.0624 0.7722 1.3507 -1.3694 0.0027
Car 0.0000 0 1.3344 1110.7020 173.7623 1224.0000 248.5984 1.4229 1.6197 4.2328 12.6573 1.2965 15.6996 2.0047 0.0027
Car 0.0000 0 1.6423 0.0000 0.0000 1224.0000 370.0000 1.5235 1.7032 4.2349 -8.9092 1.6309 0.0004 0.1094 0.0026
Car 0.0000 0 1.7035 0.0000 178.9270 43.4893 229.3607 1.4913 1.6364 4.1744 -19.7010 1.4464 23.1031 1.0060 0.0026
Car 0.0000 0 -2.8286 602.3287 156.3980 688.6664 186.4053 1.6815 1.7003 4.7378 2.3530 0.3323 41.2676 -2.7702 0.0026
Pedestrian 0.0000 0 -2.6019 648.6367 151.7335 715.3829 272.3756 1.7395 0.4240 0.9086 1.1070 1.3264 10.6314 -2.4993 0.0026
Car 0.0000 0 0.0147 608.4156 175.9869 719.7325 212.5530 1.4486 1.8778 4.4286 2.4094 1.2713 29.1571 0.0980 0.0026
Car 0.0000 0 2.2793 0.0000 169.6957 40.3034 202.1657 1.6211 1.6212 3.8479 -32.0916 1.0831 37.2207 1.5738 0.0026
Car 0.0000 0 2.0077 0.0000 171.9859 11.2948 202.6929 1.4718 1.6411 3.1481 -31.7374 1.0651 35.6245 1.2862 0.0026
Pedestrian 0.0000 0 -2.3490 638.1287 148.3204 706.4190 270.5918 1.7899 0.4889 0.9915 0.9787 1.3205 10.8834 -2.2600 0.0026
Car 0.0000 0 3.3661 0.0000 171.1808 17.4370 201.6933 1.4905 1.6742 3.9097 -32.8079 1.0367 36.2117 2.6362 0.0026
Car 0.0000 0 -2.8317 0.0000 0.0000 1224.0000 370.0000 1.5934 1.7681 4.0569 18.6387 0.4687 0.6486 -1.3117 0.0026
Car 0.0000 0 3.0299 611.6387 173.8573 705.3312 211.0818 1.4818 1.6440 3.6725 2.1239 1.2189 29.0314 3.1039 0.0026
Car 0.0000 0 3.3088 0.0000 168.7052 16.4229 200.3276 1.5358 1.7256 4.1241 -32.9276 0.9644 36.1673 2.5765 0.0025
Car 0.0000 0 -1.6599 823.9401 151.2988 860.9293 180.9171 1.6005 1.6396 3.9905 13.4823 0.0239 40.3336 -1.3378 0.0025
Car 0.0000 0 -1.6405 0.0000 0.0000 1224.0000 370.0000 1.4827 1.6609 4.1702 -13.9791 1.6990 0.8375 -3.1268 0.0025
Car 0.0000 0 -3.1219 0.0000 0.0000 1224.0000 370.0000 1.5292 1.7010 3.8267 19.9865 0.6031 0.3127 -1.5816 0.0025
Car 0.0000 0 3.1232 0.0000 171.6270 15.9753 202.1801 1.4774 1.6639 4.0215 -32.8156 1.0498 36.1634 2.3925 0.0025
Car 0.0000 0 1.1702 664.1778 170.3496 731.1104 207.2679 1.3890 1.5104 3.2348 3.6286 1.0086 28.3570 1.2978 0.0025
Car 0.0000 0 1.3546 654.9258 174.7730 720.1325 214.3933 1.4047 1.7114 3.6546 3.0434 1.2032 26.9694 1.4674 0.0025
Car 0.0000 0 -2.8569 609.5001 155.7872 692.6116 186.2682 1.7121 1.7264 4.5426 2.6855 0.3254 41.3004 -2.7906 0.0025
Car 0.0000 0 -1.9760 0.0000 186.9578 15.2963 235.1148 1.3556 1.6044 3.6175 -20.1593 1.5696 21.7751 -2.7139 0.0024
Car 0.0000 0 -0.7664 0.0000 0.0000 1224.0000 370.0000 1.4732 1.6121 4.4131 -15.8557 1.6416 0.3780 -2.2914 0.0024
Car 0.0000 0 -2.2658 1115.9742 160.7664 1224.0000 220.8190 1.5828 1.7389 3.9834 17.1967 1.0643 20.6274 -1.5768 0.0024
Car 0.0000 0 1.2918 743.5720 159.9495 775.4681 180.9848 1.7032 1.6761 3.5934 12.8916 0.0405 59.0892 1.5073 0.0024
Car 0.0000 0 1.1197 635.1367 174.9660 714.8692 212.9675 1.3916 1.5813 3.9129 2.6603 1.1904 27.9956 1.2151 0.0024
Car 0.0000 0 0.3298 0.0000 0.0000 1224.0000 370.0000 1.4237 1.5701 3.6381 -18.7872 1.6026 0.3756 -1.2022 0.0024
Car 0.0000 0 1.6930 0.0000 0.0000 1224.0000 370.0000 1.5756 1.5816 3.9071 -14.7377 1.6565 0.8351 0.2022 0.0024
Car 0.0000 0 1.2655 0.0000 0.0000 1224.0000 370.0000 1.4757 1.3781 3.4486 -14.8089 1.5030 0.6743 -0.2363 0.0024
Pedestrian 0.0000 0 -1.4906 1161.6344 142.4829 1192.0624 214.3424 1.8421 0.5723 0.7042 14.9899 0.8691 18.5723 -0.8183 0.0024
Car 0.0000 0 1.0747 659.4859 172.3694 734.8066 209.0656 1.3753 1.5535 3.4041 3.6035 1.0721 28.3605 1.2014 0.0024
Car 0.0000 0 0.2191 0.0000 173.8294 9.8823 216.3579 1.5058 1.5237 3.4813 -24.7979 1.2712 26.5604 -0.5242 0.0024
Car 0.0000 0 2.1312 996.6758 168.6496 1179.4194 234.8009 1.5462 1.8232 4.4682 12.4526 1.2708 18.2618 2.7232 0.0024
Car 0.0000 0 -4.4365 0.0000 0.0000 1224.0000 370.0000 1.4681 1.7125 3.8825 19.3307 0.3994 0.7133 -2.9180 0.0023
Pedestrian 0.0000 0 -0.9643 742.2261 157.9357 755.4149 181.6295 1.9771 0.8169 0.7316 12.1286 0.0955 59.5406 -0.7626 0.0023
Car 0.0000 0 3.2405 0.0000 175.5687 22.1113 217.7667 1.4890 1.5311 3.8552 -24.5912 1.3166 26.7073 2.5040 0.0023
Car 0.0000 0 -1.4874 0.0000 0.0000 1224.0000 370.0000 1.5547 1.6994 3.8279 19.6736 0.6839 0.0323 0.0666 0.0023
Car 0.0000 0 2.4623 0.0000 173.1884 101.3668 211.8498 1.4832 1.5584 3.7989 -23.1656 1.2042 29.1470 1.7979 0.0023
Car 0.0000 0 -1.8701 614.7983 169.4393 679.5427 206.6162 1.4658 1.6704 3.8311 1.6879 1.0312 29.9317 -1.8125 0.0023
Cyclist 0.0000 0 -1.3902 0.0000 167.3740 19.8362 253.3769 1.6547 0.3275 1.6306 -12.3469 1.4038 14.3883 -2.0866 0.0023
Car 0.0000 0 3.2701 0.0000 177.3847 21.6825 217.1560 1.4067 1.5188 3.8651 -24.6582 1.2981 26.7318 2.5327 0.0023
Car 0.0000 0 -1.5030 1198.4703 156.1010 1224.0000 220.2598 1.6768 1.6769 4.0379 18.5116 1.0407 20.4853 -0.7743 0.0023
Car 0.0000 0 -1.9961 0.0000 186.9118 15.1053 235.5331 1.3700 1.5985 3.5494 -20.1397 1.5816 21.7319 -2.7345 0.0023
Car 0.0000 0 -2.8467 0.0000 0.0000 1224.0000 370.0000 1.5518 1.7858 4.1220 18.6401 0.4544 0.9034 -1.3403 0.0023
Car 0.0000 0 3.2440 0.0000 174.6883 24.4185 215.3985 1.4338 1.5725 4.1219 -24.7120 1.2307 26.7541 2.5060 0.0023
Car 0.0000 0 3.2353 0.0000 173.7742 24.5106 215.3225 1.4645 1.5476 4.1122 -24.7073 1.2290 26.7705 2.4977 0.0022
Car 0.0000 0 3.1923 0.0000 0.0000 1224.0000 370.0000 1.4747 1.5452 3.6802 -18.5564 1.7278 1.7985 1.7369 0.0022
Car 0.0000 0 3.2805 0.0000 175.3309 14.3777 218.1315 1.5104 1.4833 3.6939 -24.7372 1.3295 26.6038 2.5392 0.0022
Pedestrian 0.0000 0 2.7319 660.7605 146.2515 726.1088 270.8048 1.8593 0.4156 0.9075 1.3118 1.3497 10.8791 2.8504 0.0022
Car 0.0000 0 -1.9554 805.0988 150.8887 861.4497 180.5128 1.6199 1.6489 4.1389 13.0815 0.0021 40.7836 -1.6454 0.0022
Car 0.0000 0 -1.8662 809.3712 152.3445 860.9111 181.3956 1.5829 1.6590 4.1763 13.1398 0.0502 40.6227 -1.5538 0.0022
Car 0.0000 0 0.7246 660.9131 166.9060 759.8860 206.8521 1.4641 1.6951 3.6427 4.0687 0.9674 27.8488 0.8699 0.0022
Car 0.0000 0 2.3767 0.0000 173.1312 91.8081 213.0853 1.5310 1.5652 4.1100 -23.6888 1.2502 29.2292 1.7027 0.0022
Car 0.0000 0 0.9324 1043.8899 179.2715 1224.0000 249.9252 1.4128 1.4527 3.7171 11.7927 1.3898 15.9993 1.5597 0.0022
Car 0.0000 0 -1.9932 1148.4751 162.8468 1224.0000 255.5399 1.4258 1.5364 3.7723 11.6143 1.1559 12.8997 -1.2708 0.0022
Car 0.0000 0 3.2228 0.0000 175.7374 23.2559 217.1870 1.4630 1.5116 4.0138 -24.6858 1.2964 26.7740 2.4856 0.0021
Car 0.0000 0 4.5031 0.0000 0.0000 1224.0000 370.0000 1.6038 1.8826 5.4704 -13.6548 1.5795 1.0320 3.0329 0.0021
Car 0.0000 0 3.2973 0.0000 0.0000 1224.0000 370.0000 1.4922 1.6525 3.7719 -18.4856 1.7208 1.5551 1.8294 0.0021
Car 0.0000 0 -3.0993 0.0000 0.0000 1224.0000 370.0000 1.6067 1.7160 3.7933 5.8226 1.7076 -0.0833 -1.5681 0.0021
Car 0.0000 0 1.1954 649.0260 169.6663 713.1039 208.1283 1.4132 1.5459 2.8275 2.8866 1.0167 27.5432 1.3005 0.0021
Car 0.0000 0 -1.8967 1213.2192 155.0922 1224.0000 219.3297 1.6449 1.7124 4.2397 19.3721 0.9959 20.3839 -1.1429 0.0021
Car 0.0000 0 1.1416 650.5425 174.8202 722.4754 212.0982 1.3925 1.4899 3.6030 3.1699 1.1818 28.3502 1.2534 0.0021
Car 0.0000 0 -1.6425 804.2061 150.7419 842.2989 181.8119 1.6974 1.7771 4.5497 12.5970 0.0731 41.0381 -1.3450 0.0021
Car 0.0000 0 1.3636 727.7422 159.7848 756.7702 180.9416 1.7188 1.7204 3.3906 11.4644 0.0371 59.1454 1.5559 0.0021
Car 0.0000 0 1.0624 1030.7203 185.7175 1209.3729 260.0457 1.4426 1.4738 3.9740 11.4016 1.5779 16.0571 1.6720 0.0021
Car 0.0000 0 -1.4027 644.0132 165.9114 701.2509 205.0523 1.5661 1.7994 4.0526 2.9645 0.9839 30.4777 -1.3049 0.0020
Car 0.0000 0 -1.3131 0.0000 0.0000 1224.0000 370.0000 1.5620 1.7678 4.0258 19.9714 0.7113 0.0097 0.2424 0.0020
Car 0.0000 0 3.2297 0.0000 175.2872 23.5905 217.4300 1.4887 1.5415 3.9648 -24.6550 1.3060 26.7823 2.4934 0.0020
Car 0.0000 0 -2.8674 625.6970 173.7651 738.7974 210.9391 1.4210 1.7842 4.2300 3.1093 1.1651 28.6399 -2.7587 0.0020
Car 0.0000 0 1.5093 659.8134 171.3653 709.7446 211.6516 1.4374 1.6774 3.2703 2.9507 1.1130 26.8960 1.6190 0.0020
Car 0.0000 0 -4.2274 0.0000 0.0000 1224.0000 370.0000 1.5197 1.6352 3.8193 20.3636 0.2478 0.5727 -2.6993 0.0020
Car 0.0000 0 0.2451 672.2523 168.0956 775.6484 206.2162 1.4390 1.7858 3.7547 4.7352 0.9722 28.2531 0.4111 0.0020
Car 0.0000 0 -0.4755 611.0355 175.8523 713.1521 212.2873 1.4127 1.6152 3.8477 2.3103 1.2340 28.8946 -0.3948 0.0020
Car 0.0000 0 2.5989 0.0000 166.9014 20.5401 201.9144 1.6536 1.8080 4.2812 -32.4895 1.0128 35.6997 1.8668 0.0020
Car 0.0000 0 0.8730 0.0000 180.4353 31.3435 234.1215 1.5750 1.5822 3.8795 -20.1618 1.5747 21.7834 0.1352 0.0020
Car 0.0000 0 1.1962 662.9393 172.0748 724.5759 208.3434 1.3668 1.4208 3.0523 3.4723 1.0508 28.2962 1.3187 0.0020
Car 0.0000 0 3.3675 0.0000 0.0000 1224.0000 370.0000 1.5099 1.7038 4.4824 -18.6377 1.6481 1.4496 1.8931 0.0020
Car 0.0000 0 1.0489 684.2560 168.9472 786.7031 212.9676 1.5382 1.9729 4.2609 4.8446 1.1361 27.0406 1.2258 0.0020
Car 0.0000 0 -1.3307 0.0000 0.0000 1224.0000 370.0000 1.4394 1.5928 3.7574 19.6019 0.3561 0.6935 0.1896 0.0019
Car 0.0000 0 -1.1635 0.0000 0.0000 1224.0000 370.0000 1.4629 1.7409 3.8031 20.4844 0.2367 0.5791 0.3645 0.0019
Car 0.0000 0 1.1649 1079.7662 172.4199 1224.0000 245.6245 1.4282 1.5111 3.9796 12.3145 1.2722 15.9032 1.8158 0.0019
Car 0.0000 0 -2.8074 591.6257 170.0502 698.1991 208.7540 1.5244 1.6897 4.0984 1.6380 1.1143 29.4057 -2.7506 0.0019
Car 0.0000 0 -3.1146 578.7792 174.3822 690.0932 212.5656 1.5179 1.6603 4.4468 1.1983 1.2762 29.0845 -3.0722 0.0019
Car 0.0000 0 1.5244 0.0000 0.0000 1224.0000 370.0000 1.5555 1.6571 3.7155 -12.2382 1.4181 0.4666 0.0198 0.0019
Car 0.0000 0 0.8897 660.5703 168.5411 741.8201 207.4987 1.4502 1.5302 3.1795 3.7406 1.0065 28.0701 1.0225 0.0019
Car 0.0000 0 -0.3170 618.8827 156.8546 699.4185 186.2806 1.6405 1.5329 4.3591 3.0951 0.3237 40.6761 -0.2397 0.0019
Car 0.0000 0 0.2106 0.0000 0.0000 1224.0000 370.0000 1.4693 1.6793 4.1338 -18.8081 1.6540 0.7577 -1.3012 0.0019
Car 0.0000 0 3.4121 0.0000 0.0000 1224.0000 370.0000 1.5124 1.6978 4.2419 -18.6209 1.7322 1.5290 1.9420 0.0019
Car 0.0000 0 3.2862 0.0000 0.0000 1224.0000 370.0000 1.5378 1.7501 4.0692 -18.4275 1.7294 1.5300 1.8172 0.0019
Car 0.0000 0 1.1326 660.8945 171.7041 726.7360 208.4615 1.3839 1.4640 3.0152 3.4726 1.0543 28.2761 1.2552 0.0019
Car 0.0000 0 -1.2356 0.0000 0.0000 1224.0000 370.0000 1.5401 1.7844 4.1601 20.4778 0.5729 0.0353 0.3190 0.0018
Pedestrian 0.0000 0 -0.4314 599.8903 167.6129 616.3901 208.3911 1.7917 0.6942 0.4890 0.1178 1.2269 31.4781 -0.4260 0.0018
Car 0.0000 0 1.1447 651.3829 173.6904 725.7027 210.4935 1.3733 1.4615 3.9390 3.2551 1.1207 28.4762 1.2590 0.0018
Car 0.0000 0 -2.4789 624.4719 173.2696 730.4083 212.1388 1.4359 1.6132 4.0475 2.7940 1.1703 28.0950 -2.3792 0.0018
Car 0.0000 0 -2.8702 0.0000 0.0000 1224.0000 370.0000 1.5584 1.7501 3.7350 19.7857 0.7457 1.1421 -1.3720 0.0018
Car 0.0000 0 -2.9613 0.0000 0.0000 1224.0000 370.0000 1.4665 1.7699 3.6649 20.2471 0.2558 0.5780 -1.4337 0.0018
Car 0.0000 0 -3.0721 0.0000 0.0000 1224.0000 370.0000 1.5307 1.6570 3.6825 19.5240 0.6586 0.3040 -1.5321 0.0018
Car 0.0000 0 -2.0096 1154.6053 160.7167 1224.0000 256.7972 1.4577 1.5151 3.8238 11.6610 1.1593 12.7713 -1.2804 0.0018
Car 0.0000 0 -0.9229 1205.1511 154.0680 1224.0000 219.7472 1.7474 1.7302 4.5470 19.7630 1.0458 20.0014 -0.1499 0.0018
Car 0.0000 0 1.8461 0.0000 170.6825 45.6354 203.8219 1.5931 1.8039 3.9095 -30.3394 1.1226 36.1368 1.1538 0.0017
Car 0.0000 0 -1.2669 1192.4586 157.2647 1224.0000 220.4154 1.6659 1.6896 4.2147 18.9236 1.0546 20.4359 -0.5260 0.0017
Pedestrian 0.0000 0 -3.1485 675.6993 168.3389 702.4745 238.5819 1.7435 0.5262 0.6612 2.0817 1.4432 17.8421 -3.0327 0.0017
Car 0.0000 0 -2.8655 0.0000 0.0000 1224.0000 370.0000 1.5355 1.8060 3.6056 20.2459 0.2709 0.7728 -1.3475 0.0017
Car 0.0000 0 -2.9661 0.0000 0.0000 1224.0000 370.0000 1.6451 1.7439 3.8723 5.8002 1.7090 0.2038 -1.4843 0.0017
Car 0.0000 0 0.2882 627.3738 174.4849 726.2805 212.3658 1.4171 1.5311 3.5874 2.8058 1.1936 27.8350 0.3893 0.0017
Car 0.0000 0 0.8377 662.5804 171.3768 753.7552 208.4534 1.3704 1.5936 3.5698 4.0034 1.0347 28.0550 0.9796 0.0017
Car 0.0000 0 0.8181 662.2663 168.8988 781.2168 212.7423 1.5574 1.9871 4.5511 4.4135 1.1468 27.5526 0.9769 0.0017
Car 0.0000 0 0.2770 621.9913 175.5650 723.6437 213.8548 1.4339 1.5626 3.7040 2.6537 1.2506 27.8748 0.3725 0.0017
Car 0.0000 0 -2.8126 0.0000 0.0000 1224.0000 370.0000 1.4224 1.7489 3.7551 19.1453 0.5659 0.7571 -1.2969 0.0017
Car 0.0000 0 -0.2765 0.0000 0.0000 1224.0000 370.0000 1.3748 1.4331 3.2650 -12.2728 1.4198 0.9298 -1.7438 0.0017
Car 0.0000 0 -3.1747 605.2792 173.0237 729.4835 212.2339 1.4986 1.7135 4.7534 2.4047 1.2144 28.0007 -3.0883 0.0017
Car 0.0000 0 3.2847 0.0000 0.0000 1224.0000 370.0000 1.6002 1.7546 3.7882 -18.3959 1.6441 1.5275 1.8158 0.0017
Car 0.0000 0 -1.3337 0.0000 0.0000 1224.0000 370.0000 1.5219 1.7850 3.8092 20.1977 0.5962 0.0186 0.2215 0.0017
Car 0.0000 0 3.1717 0.0000 0.0000 1224.0000 370.0000 1.5151 1.5815 3.5472 -18.4094 1.7200 1.8341 1.7191 0.0016
Car 0.0000 0 1.0232 662.2324 170.3169 734.9470 207.0086 1.3832 1.4935 3.0923 3.6746 1.0008 28.3652 1.1524 0.0016
Car 0.0000 0 4.4593 0.0000 0.0000 1224.0000 370.0000 1.4614 1.6314 4.1497 -19.9639 1.7010 -0.1676 2.8979 0.0016
Car 0.0000 0 0.8587 662.5596 169.3033 740.6489 207.2057 1.4185 1.5219 2.9370 3.7715 1.0010 28.1030 0.9924 0.0016
Car 0.0000 0 1.5535 0.0000 0.0000 1224.0000 370.0000 1.6532 1.6170 5.2998 -14.3878 1.5539 0.7016 0.0555 0.0016
Car 0.0000 0 -1.9375 1218.9495 152.9746 1224.0000 219.9370 1.7130 1.7353 4.3296 19.6933 1.0104 20.4141 -1.1762 0.0016
Car 0.0000 0 3.3148 0.0000 0.0000 1224.0000 370.0000 1.5334 1.7192 4.3196 -18.4203 1.6429 1.5436 1.8467 0.0016
Car 0.0000 0 1.7316 0.0000 170.4152 54.6804 212.7806 1.6074 1.7074 4.3431 -24.1432 1.2263 29.1285 1.0466 0.0016
Car 0.0000 0 3.0340 0.0000 0.0000 1224.0000 370.0000 1.6352 1.6670 4.7095 -3.4512 1.7560 -0.1217 1.5230 0.0016
Car 0.0000 0 -2.8072 0.0000 0.0000 1224.0000 370.0000 1.5308 1.7345 3.8388 20.2128 0.5030 1.2778 -1.3142 0.0016
Car 0.0000 0 1.2344 661.8699 170.4409 720.6685 207.9839 1.4116 1.4175 2.9693 3.3614 1.0349 28.1818 1.3536 0.0016
Pedestrian 0.0000 0 -0.5889 598.3435 168.0414 616.9694 207.6968 1.7412 0.6937 0.5338 0.0968 1.1956 31.4770 -0.5841 0.0016
Car 0.0000 0 1.1021 1033.7483 181.0081 1201.3330 252.7587 1.4255 1.4615 3.8158 11.3707 1.4401 16.0610 1.7104 0.0015
Car 0.0000 0 0.1832 0.0000 0.0000 1224.0000 370.0000 1.5166 1.6445 3.7799 -19.1031 1.5792 0.6338 -1.3359 0.0015
Car 0.0000 0 -3.1125 0.0000 0.0000 1224.0000 370.0000 1.5963 1.7498 3.7390 5.8382 1.7273 -0.0651 -1.5843 0.0015
Car 0.0000 0 2.6235 841.7275 177.6740 1083.3741 256.2750 1.5330 1.6066 4.2668 7.2945 1.4795 14.7254 3.0764 0.0015
Car 0.0000 0 -2.5906 588.4948 167.6727 697.5816 205.3655 1.4966 1.7148 4.3723 1.5523 0.9888 30.0155 -2.5377 0.0014
Car 0.0000 0 2.7735 0.0000 0.0000 1224.0000 370.0000 1.5268 1.7409 4.3576 -15.6045 1.6059 0.2176 1.2390 0.0014
Car 0.0000 0 1.0063 633.9860 175.7007 716.6284 212.5319 1.3559 1.5097 3.6879 2.6855 1.1808 28.0109 1.1025 0.0014
Cyclist 0.0000 0 4.4699 0.0000 0.0000 1224.0000 370.0000 1.8775 0.5056 1.8096 -4.2591 1.8249 0.0959 2.9985 0.0014
Car 0.0000 0 0.9496 633.7994 175.0215 718.8164 211.9854 1.3545 1.5388 3.5571 2.7134 1.1553 27.8296 1.0474 0.0014
Car 0.0000 0 1.8749 841.1284 175.3049 974.7755 245.5485 1.4489 1.6614 4.5034 7.2858 1.3434 16.8308 2.2782 0.0013
Car 0.0000 0 4.2796 0.0000 0.0000 1224.0000 370.0000 1.4337 1.5801 3.9169 -19.8756 1.7464 -0.1738 2.7179 0.0013
Car 0.0000 0 -2.7553 0.0000 0.0000 1224.0000 370.0000 1.5357 1.7112 3.8410 20.2340 0.4626 1.1288 -1.2548 0.0013
Car 0.0000 0 3.4218 0.0000 0.0000 1224.0000 370.0000 1.4909 1.7008 4.1180 -18.7309 1.6321 1.2173 1.9347 0.0013
Car 0.0000 0 -2.9910 0.0000 0.0000 1224.0000 370.0000 1.4389 1.6887 3.8853 19.9488 0.5368 0.7747 -1.4739 0.0013
Car 0.0000 0 -2.8234 0.0000 0.0000 1224.0000 370.0000 1.4564 1.7317 3.8498 19.9959 0.5389 0.9784 -1.3162 0.0013
Car 0.0000 0 -2.8328 0.0000 0.0000 1224.0000 370.0000 1.4282 1.8027 4.1756 19.7328 0.5254 0.8946 -1.3223 0.0012
Car 0.0000 0 2.1900 0.0000 0.0000 1224.0000 370.0000 1.5280 1.6204 4.4781 -17.3167 1.6446 1.9652 0.7522 0.0012
Car 0.0000 0 -2.6498 0.0000 0.0000 1224.0000 370.0000 1.4319 1.6965 4.0236 19.0911 0.5539 0.7192 -1.1323 0.0012
Car 0.0000 0 -1.1448 1192.2500 156.3159 1224.0000 219.6111 1.6857 1.6545 4.2399 19.1481 1.0432 20.4090 -0.3974 0.0012
Car 0.0000 0 1.3282 0.0000 0.0000 1224.0000 370.0000 1.5279 1.6059 4.9739 -14.5256 1.5170 0.3285 -0.1961 0.0012
Car 0.0000 0 -2.8471 560.3093 168.4267 688.4383 209.5109 1.6111 1.8636 5.0007 0.7916 1.1392 29.3989 -2.8187 0.0012
Cyclist 0.0000 0 2.1797 0.0000 166.3651 15.8950 203.1974 1.8743 0.6395 1.7283 -31.7095 1.1564 36.8655 1.4754 0.0012
Cyclist 0.0000 0 -0.9929 0.0000 162.4369 4.1741 199.9443 1.8542 0.5498 2.0310 -31.6221 0.9627 35.9922 -1.7076 0.0011
Car 0.0000 0 -1.5132 1145.6249 161.9546 1224.0000 219.4744 1.4460 1.4984 3.6539 16.1100 0.9814 19.6244 -0.8321 0.0011
Car 0.0000 0 1.2628 648.6526 171.5500 712.7975 210.9041 1.4605 1.5156 3.5691 2.9178 1.1299 28.1367 1.3667 0.0011
Car 0.0000 0 1.4318 661.8557 169.1246 709.9319 207.7811 1.4314 1.4197 3.3645 3.1093 1.0117 27.8775 1.5434 0.0011
Car 0.0000 0 3.0702 0.0000 0.0000 1224.0000 370.0000 1.4882 1.5624 4.0951 -18.8126 1.6276 2.0273 1.6253 0.0011
Car 0.0000 0 3.4648 0.0000 0.0000 1224.0000 370.0000 1.4543 1.6227 3.9906 -18.7735 1.7206 1.5175 1.9934 0.0011
Car 0.0000 0 -1.5461 1205.9792 149.8714 1224.0000 218.8865 1.8163 1.7161 4.6812 19.0147 1.0118 20.8935 -0.8137 0.0011
Pedestrian 0.0000 0 -1.4558 777.5670 163.2281 803.2236 231.8965 1.6945 0.5635 0.5994 4.6407 1.2699 17.8234 -1.2037 0.0010
Pedestrian 0.0000 0 -1.5342 777.5549 161.5013 802.3635 231.3218 1.7209 0.5849 0.6437 4.6279 1.2542 17.8138 -1.2826 0.0010
Car 0.0000 0 2.1030 0.0000 0.0000 1224.0000 370.0000 1.5234 1.6223 3.9540 -17.7364 1.6831 1.7454 0.6499 0.0010
Car 0.0000 0 -1.5016 0.0000 0.0000 1224.0000 370.0000 1.5346 1.8294 4.3989 -20.0772 1.5221 0.2702 -3.0412 0.0010
Cyclist 0.0000 0 -1.4402 0.0000 162.5372 2.8958 198.9025 1.8015 0.4884 1.9542 -31.1340 0.9131 35.9738 -2.1474 0.0010
Car 0.0000 0 2.3103 0.0000 0.0000 1224.0000 370.0000 1.5055 1.7220 3.9746 -18.2281 1.6838 2.0499 0.8705 0.0010
Car 0.0000 0 1.8054 0.0000 177.1534 49.4723 207.9608 1.4944 1.7743 3.9880 -30.3103 1.3335 36.4731 1.1181 0.0010
Car 0.0000 0 -2.7502 0.0000 0.0000 1224.0000 370.0000 1.4452 1.7137 4.2912 19.5223 0.5620 0.7053 -1.2308 0.0010
Car 0.0000 0 -2.8522 0.0000 0.0000 1224.0000 370.0000 1.4431 1.8290 4.0583 19.4723 0.4082 0.3358 -1.3140 0.0010
Car 0.0000 0 3.2689 0.0000 0.0000 1224.0000 370.0000 1.4975 1.6454 4.1508 -18.3205 1.6698 1.6975 1.8096 0.0009
Cyclist 0.0000 0 -0.9849 0.0000 155.5418 23.9303 258.4556 1.9018 0.3970 1.7868 -12.3620 1.4422 13.9722 -1.6962 0.0009
Pedestrian 0.0000 0 -1.7631 666.0294 159.0858 679.5502 190.0709 1.7332 0.6510 0.6278 3.8135 0.5367 39.8876 -1.6667 0.0009
Car 0.0000 0 1.2529 644.8264 170.6510 709.0486 210.2093 1.4698 1.5464 3.3878 2.7668 1.1054 28.0871 1.3518 0.0009
Car 0.0000 0 1.1856 0.0000 0.0000 1224.0000 370.0000 1.5017 1.5940 5.6031 -14.3996 1.5542 0.1854 -0.3483 0.0009
Pedestrian 0.0000 0 -1.8005 665.6364 158.9654 679.6176 190.2624 1.7493 0.6535 0.6521 3.8035 0.5470 39.8802 -1.7043 0.0009
Car 0.0000 0 -2.7436 0.0000 0.0000 1224.0000 370.0000 1.4731 1.7032 4.0591 18.9789 0.4505 0.5269 -1.2163 0.0009
Car 0.0000 0 -1.5204 0.0000 0.0000 1224.0000 370.0000 1.5298 1.8194 4.3740 -20.0354 1.6022 0.2819 -3.0594 0.0009
Car 0.0000 0 -2.6142 0.0000 0.0000 1224.0000 370.0000 1.4589 1.7091 3.9998 18.9683 0.4211 0.7240 -1.0973 0.0009
Car 0.0000 0 0.9654 632.5941 175.9276 715.7900 213.0788 1.3670 1.4550 3.6348 2.6394 1.2003 27.9526 1.0602 0.0009
Car 0.0000 0 -0.6293 1116.7234 163.8171 1224.0000 224.6388 1.5640 1.6370 3.8862 16.3883 1.1366 19.1334 0.0723 0.0009
Car 0.0000 0 -2.9474 0.0000 0.0000 1224.0000 370.0000 1.4536 1.7868 3.8166 19.9490 0.3589 0.4990 -1.4165 0.0009
Pedestrian 0.0000 0 0.7068 0.0000 159.4423 18.7036 251.1075 1.7944 0.5692 0.6097 -12.2966 1.3838 14.1215 0.0034 0.0009
Car 0.0000 0 1.3728 0.0000 0.0000 1224.0000 370.0000 1.4915 1.7244 5.4107 -13.9303 1.4992 -0.2018 -0.1876 0.0008
Car 0.0000 0 -0.6332 1114.6165 164.4270 1224.0000 224.1302 1.5359 1.6595 3.9000 16.3479 1.1240 19.1431 0.0670 0.0008
Car 0.0000 0 1.2356 655.6896 174.8524 718.8147 212.5199 1.4013 1.4539 3.3695 3.1795 1.1927 28.1012 1.3487 0.0008
Car 0.0000 0 -3.0184 0.0000 0.0000 1224.0000 370.0000 1.4158 1.7621 3.8383 20.0022 0.3742 0.2339 -1.4742 0.0008
Car 0.0000 0 3.3103 0.0000 0.0000 1224.0000 370.0000 1.5172 1.5865 3.6483 -18.2926 1.5910 1.7287 1.8528 0.0008
Cyclist 0.0000 0 1.2953 663.9359 155.3307 684.6384 188.8046 1.8380 0.6583 1.9336 3.8817 0.4574 39.8282 1.3936 0.0008
Car 0.0000 0 2.1923 0.0000 0.0000 1224.0000 370.0000 1.5206 1.6318 4.1812 -17.7983 1.7227 1.7465 0.7388 0.0007
Pedestrian 0.0000 0 -0.9279 0.0000 154.4281 18.3840 248.7472 1.8275 0.5558 0.7221 -12.2895 1.3240 14.0724 -1.6327 0.0007
Pedestrian 0.0000 0 -1.5836 783.0571 161.4204 805.8738 230.3352 1.6732 0.5346 0.6121 4.6533 1.2115 17.5228 -1.3268 0.0007
Car 0.0000 0 0.0358 0.0000 0.0000 1224.0000 370.0000 1.8756 1.7732 5.3855 -4.5462 1.7887 0.9214 -1.2663 0.0007
Pedestrian 0.0000 0 -0.7305 591.2167 167.0295 610.1317 209.7090 1.8754 0.6913 0.5119 -0.2134 1.2850 31.4918 -0.7355 0.0007
Car 0.0000 0 2.5023 0.0000 0.0000 1224.0000 370.0000 1.4700 1.6493 3.7602 -18.4435 1.7137 1.9958 1.0582 0.0007
Pedestrian 0.0000 0 -0.3430 593.2247 167.9299 609.8789 208.9670 1.8037 0.6928 0.5402 -0.1759 1.2527 31.4891 -0.3468 0.0007
Car 0.0000 0 -2.7411 0.0000 0.0000 1224.0000 370.0000 1.4742 1.7711 3.9203 19.4783 0.4483 0.5854 -1.2157 0.0007
Car 0.0000 0 2.3153 0.0000 0.0000 1224.0000 370.0000 1.4536 1.6136 4.1995 -17.5114 1.7345 1.7869 0.8660 0.0007
Cyclist 0.0000 0 4.4518 0.0000 0.0000 1224.0000 370.0000 1.8679 0.4837 1.8278 -4.3171 1.8446 0.1378 2.9887 0.0006
Cyclist 0.0000 0 1.5239 600.5972 171.2459 616.3530 206.8046 1.5300 0.6212 1.5909 0.1249 1.1333 31.2261 1.5296 0.0006
Car 0.0000 0 3.2833 0.0000 0.0000 1224.0000 370.0000 1.5260 1.6181 3.7031 -18.3769 1.7299 1.7376 1.8258 0.0005
Pedestrian 0.0000 0 -1.5106 671.2799 158.0237 685.8666 188.9429 1.7176 0.7749 0.6781 4.1225 0.4704 39.6713 -1.4060 0.0005
Car 0.0000 0 2.3199 0.0000 0.0000 1224.0000 370.0000 1.5412 1.7214 3.8293 -18.3020 1.6362 1.8489 0.8688 0.0005
Pedestrian 0.0000 0 -1.5567 671.4572 158.1339 685.5768 188.8673 1.7062 0.7779 0.6838 4.1155 0.4659 39.6337 -1.4522 0.0004
Car 0.0000 0 2.1470 0.0000 0.0000 1224.0000 370.0000 1.5006 1.6156 3.6959 -18.1898 1.6250 1.7336 0.6904 0.0004
Pedestrian 0.0000 0 -1.9102 669.2487 156.7577 685.5303 188.4295 1.7704 0.7433 0.6408 4.0761 0.4446 39.9168 -1.8074 0.0003
Pedestrian 0.0000 0 -1.5800 666.8876 162.0426 679.2507 192.0966 1.6703 0.6837 0.6751 3.8061 0.6459 39.6555 -1.4833 0.0003
Pedestrian 0.0000 0 -1.9280 669.1996 156.7594 685.7938 188.5988 1.7791 0.7452 0.6683 4.0825 0.4539 39.9208 -1.8250 0.0003
Pedestrian 0.0000 0 0.0858 1142.6318 167.9454 1213.1255 276.2523 1.6613 0.4901 0.8434 9.1145 1.4704 11.3073 0.7521 0.0003
Pedestrian 0.0000 0 -1.5954 667.0518 162.2038 679.4832 192.0040 1.6551 0.6770 0.6598 3.8137 0.6403 39.6187 -1.4984 0.0003
Cyclist 0.0000 0 1.3300 598.5669 171.5441 622.2140 206.8085 1.5241 0.6931 1.5782 0.2083 1.1385 31.4015 1.3383 0.0003
Cyclist 0.0000 0 1.3555 589.2464 170.5773 613.4485 205.9124 1.5240 0.7514 1.5837 -0.1935 1.0975 31.3441 1.3512 0.0003
Pedestrian 0.0000 0 -0.1757 592.3230 170.4657 610.2344 209.7691 1.7060 0.7575 0.6660 -0.1878 1.2719 31.1175 -0.1800 0.0002
Car 0.0000 0 0.1934 0.0000 0.0000 1224.0000 370.0000 2.0518 1.6306 3.8858 -4.4179 1.7338 1.4739 -0.9895 0.0002
Pedestrian 0.0000 0 0.3135 590.5386 170.3565 611.0447 209.1360 1.6794 0.7831 0.6942 -0.2013 1.2416 31.0934 0.3088 0.0001