Pedestrian 0.0000 0 1.6177 731.8173 142.1161 802.9993 330.9385 1.9030 0.7084 0.9766 1.7282 1.5178 7.6840 1.8321 0.9537
Pedestrian 0.0000 0 1.6254 731.7824 141.8254 803.3676 331.2403 1.9127 0.7143 0.9463 1.7336 1.5238 7.6858 1.8403 0.9279
Pedestrian 0.0000 0 1.6355 728.9335 141.3239 803.5765 331.5026 1.9079 0.7377 1.0240 1.7233 1.5166 7.6819 1.8493 0.8366
Pedestrian 0.0000 0 1.6386 731.2115 141.2905 801.1918 332.6873 1.9211 0.6853 1.0054 1.7185 1.5292 7.6698 1.8521 0.8097
Pedestrian 0.0000 0 1.6527 730.3480 140.9904 802.5971 332.1964 1.9214 0.6978 0.9737 1.7203 1.5260 7.6674 1.8665 0.7964
Pedestrian 0.0000 0 1.6035 730.4070 140.7893 804.6255 331.0954 1.9189 0.7385 1.0067 1.7263 1.5202 7.7027 1.8171 0.7798
Pedestrian 0.0000 0 1.5712 730.5931 141.9803 806.9858 330.8518 1.9108 0.7613 0.9891 1.7252 1.5228 7.7124 1.7844 0.7323
Car 0.0000 0 0.0862 0.0000 0.0000 1224.0000 370.0000 1.4624 1.5642 3.6622 1.4977 1.5772 -0.1710 1.5569 0.3762
Car 0.0000 0 -0.0219 0.0000 0.0000 1224.0000 370.0000 1.4768 1.5747 3.5938 1.6925 1.6018 -0.0676 1.4004 0.3514
Car 0.0000 0 0.1597 0.0000 0.0000 1224.0000 370.0000 1.4684 1.5188 3.7382 1.4612 1.6475 -0.0883 1.5725 0.3140
Car 0.0000 0 -0.9967 0.0000 0.0000 1224.0000 370.0000 1.4913 1.5493 3.7179 1.9818 1.5538 -0.1588 0.4926 0.2401
Car 0.0000 0 -0.8975 0.0000 0.0000 965.0993 370.0000 1.5083 1.5807 3.6618 1.8294 1.5711 -0.1356 0.5724 0.2256
Car 0.0000 0 4.3831 0.0000 0.0000 1224.0000 370.0000 1.4915 1.5820 4.2749 -2.4671 1.6903 0.0362 2.9586 0.2039
Car 0.0000 0 -0.0991 0.0000 0.0000 1224.0000 370.0000 1.5013 1.5812 3.6710 1.6798 1.5640 -0.2667 1.4392 0.1851
Car 0.0000 0 4.4684 0.0000 0.0000 1224.0000 370.0000 1.5394 1.5949 4.2735 -2.2528 1.6837 -0.1654 2.9692 0.1840
Car 0.0000 0 4.3315 237.2935 0.0000 1224.0000 370.0000 1.5566 1.6038 4.4128 -2.5749 1.6924 -0.1660 2.8233 0.1745
Car 0.0000 0 0.2745 0.0000 0.0000 1224.0000 370.0000 1.4645 1.5816 3.7747 1.5564 1.6321 0.1382 1.5586 0.1702
Car 0.0000 0 0.5031 24.3343 0.0000 1224.0000 370.0000 1.4906 1.5657 3.7305 1.2280 1.6661 0.0177 1.8046 0.1530
Car 0.0000 0 0.4399 239.6358 0.0000 1224.0000 370.0000 1.5425 1.5925 3.4587 -1.2009 1.6311 -0.1736 -1.0050 0.1454
Car 0.0000 0 -0.3207 0.0000 0.0000 1224.0000 370.0000 1.5081 1.5913 3.7688 2.0268 1.5477 -0.2196 1.2003 0.1397
Car 0.0000 0 4.2018 0.0000 0.0000 1224.0000 370.0000 1.5515 1.6331 4.1914 -2.8170 1.6992 0.2537 2.8346 0.1259
Car 0.0000 0 -4.2013 0.0000 0.0000 1224.0000 370.0000 1.4575 1.5506 3.3200 1.7060 1.6405 0.1725 -2.9118 0.1254
Car 0.0000 0 4.4006 0.0000 0.0000 1224.0000 370.0000 1.5189 1.5816 4.2080 -2.6248 1.6966 0.0608 2.9767 0.1200
Car 0.0000 0 1.2694 0.0000 0.0000 1224.0000 370.0000 1.4950 1.5608 4.2643 -2.2559 1.6915 0.3893 0.0062 0.1120
Car 0.0000 0 -0.9000 0.0000 0.0000 903.2977 370.0000 1.4804 1.5491 3.3777 1.7361 1.6056 0.0429 0.4643 0.1118
Car 0.0000 0 -0.8434 0.0000 0.0000 576.7972 370.0000 1.5545 1.6281 4.1213 1.3695 1.5686 0.0636 0.4535 0.1091
Car 0.0000 0 0.3460 204.8765 0.0000 1224.0000 370.0000 1.5184 1.5397 3.4821 -1.1748 1.6273 -0.1614 -1.0859 0.1088
Car 0.0000 0 4.2918 0.0000 0.0000 1224.0000 370.0000 1.5609 1.6081 4.1976 -2.7115 1.6748 0.0023 2.8422 0.1060
Car 0.0000 0 1.1549 0.0000 0.0000 1224.0000 370.0000 1.5161 1.6023 4.0683 -2.5824 1.6984 0.3197 -0.1703 0.1043
Car 0.0000 0 -0.3801 0.0000 0.0000 1224.0000 370.0000 1.4840 1.5678 3.7377 2.1120 1.5499 -0.1660 1.1177 0.0996
Car 0.0000 0 4.2494 0.0000 0.0000 1224.0000 370.0000 1.5743 1.6363 4.1319 -2.9663 1.6601 0.0438 2.8034 0.0956
Car 0.0000 0 -0.9756 0.0000 0.0000 1224.0000 370.0000 1.4597 1.5231 3.2667 1.9169 1.5783 0.0374 0.4106 0.0952
Car 0.0000 0 0.7407 0.0000 0.0000 1224.0000 370.0000 1.4501 1.4862 3.4940 1.2356 1.6472 0.3052 1.8425 0.0940
Car 0.0000 0 4.3896 0.0000 0.0000 1224.0000 370.0000 1.5215 1.5895 4.2012 -1.7005 1.6473 -0.1697 2.9106 0.0934
Car 0.0000 0 0.7117 0.0000 0.0000 1224.0000 370.0000 1.4390 1.4685 3.4764 1.4841 1.6625 0.5041 1.7755 0.0910
Car 0.0000 0 0.2705 108.4801 0.0000 1224.0000 370.0000 1.4656 1.5634 3.7680 1.1618 1.6016 -0.2573 1.7858 0.0903
Car 0.0000 0 2.8368 0.0000 0.0000 1224.0000 370.0000 1.4607 1.4580 3.3938 -1.4908 1.6626 0.0615 1.5203 0.0897
Car 0.0000 0 -0.3165 0.0000 0.0000 1224.0000 370.0000 1.4803 1.6024 3.7141 2.0149 1.6368 -0.0808 1.1360 0.0882
Car 0.0000 0 4.3434 176.1226 0.0000 1224.0000 370.0000 1.6018 1.5962 4.2592 -2.6128 1.6708 -0.1507 2.8402 0.0859
Car 0.0000 0 4.1530 0.0000 0.0000 1224.0000 370.0000 1.5661 1.6033 4.2455 -2.9059 1.6728 -0.0041 2.6932 0.0831
Car 0.0000 0 1.2453 0.0000 0.0000 1224.0000 370.0000 1.5066 1.5738 4.2172 -2.4278 1.6905 0.3172 -0.0660 0.0824
Car 0.0000 0 4.3913 0.0000 0.0000 1224.0000 370.0000 1.5359 1.6075 4.1056 -2.6170 1.7263 0.2988 3.0554 0.0811
Car 0.0000 0 2.1062 0.0000 181.0248 63.0705 233.0275 1.4934 1.6534 4.1248 -19.4238 1.5132 22.5143 1.4031 0.0797
Car 0.0000 0 0.7139 0.0000 0.0000 1224.0000 370.0000 1.4463 1.6049 3.7720 1.5584 1.6410 0.6038 1.7496 0.0778
Car 0.0000 0 2.1658 0.0000 180.4736 69.8547 232.7115 1.5145 1.6357 4.1863 -19.4189 1.5154 22.6619 1.4660 0.0718
Car 0.0000 0 -3.2808 0.0000 0.0000 1224.0000 370.0000 1.4480 1.6006 3.3837 9.6080 1.4399 -0.2711 -1.7140 0.0709
Car 0.0000 0 -1.7751 0.0000 0.0000 1224.0000 370.0000 1.5074 1.5789 4.1258 -1.9341 1.6732 0.1133 -3.1222 0.0670
Car 0.0000 0 3.3399 0.0000 0.0000 1224.0000 370.0000 1.4699 1.4762 3.4916 -1.9048 1.6702 -0.0751 1.9003 0.0614
Car 0.0000 0 -4.1278 0.0000 0.0000 1224.0000 370.0000 1.5652 1.6663 4.2735 0.7540 1.5400 0.1329 -3.0992 0.0594
Car 0.0000 0 4.2265 0.0000 0.0000 1224.0000 370.0000 1.5836 1.6035 4.3173 -2.8459 1.6693 -0.1169 2.7297 0.0574
Car 0.0000 0 2.1649 0.0000 183.9371 70.1238 235.7827 1.4815 1.5770 4.0977 -19.3027 1.6032 22.5988 1.4667 0.0555
Pedestrian 0.0000 0 1.1500 1011.1111 225.8257 1100.5034 370.0000 1.1223 0.3517 0.5754 3.3319 1.4859 5.3350 1.6839 0.0548
Car 0.0000 0 2.2443 0.0000 0.0000 1224.0000 370.0000 1.5818 1.6623 4.2375 0.4764 1.5393 0.0757 3.1204 0.0541
Car 0.0000 0 -1.1788 0.0000 0.0000 1224.0000 370.0000 1.4324 1.5457 3.4246 1.9338 1.6500 0.8286 -0.1437 0.0522
Car 0.0000 0 2.1543 0.0000 179.8559 68.1974 231.2913 1.4956 1.6306 4.1379 -19.4699 1.4784 22.7037 1.4541 0.0514
Car 0.0000 0 4.3416 0.0000 0.0000 1224.0000 370.0000 1.5882 1.6022 4.1852 -3.0078 1.6613 -0.1713 2.8229 0.0503
Car 0.0000 0 -1.0807 0.0000 0.0000 1224.0000 370.0000 1.4473 1.5031 3.3093 1.9702 1.6587 0.7632 -0.0124 0.0495
Car 0.0000 0 1.1153 0.0000 0.0000 1224.0000 370.0000 1.5389 1.6228 4.1722 -0.8495 1.6536 -0.0565 -0.1493 0.0487
Car 0.0000 0 -4.1906 0.0000 0.0000 1224.0000 370.0000 1.4682 1.5852 3.6691 1.3230 1.5797 0.1389 -2.9544 0.0476
Car 0.0000 0 3.0912 0.0000 0.0000 1224.0000 370.0000 1.4828 1.4956 3.5688 -1.7800 1.6839 0.1678 1.7912 0.0458
Car 0.0000 0 3.7942 71.7155 0.0000 1224.0000 370.0000 1.5816 1.6236 4.0655 -2.6726 1.6972 0.2001 2.4184 0.0457
Car 0.0000 0 3.7913 0.0000 0.0000 1224.0000 370.0000 1.5166 1.6135 4.0517 -2.2746 1.6753 -0.3246 2.2215 0.0453
Car 0.0000 0 1.9618 0.0000 180.7059 53.1963 232.9269 1.5197 1.6825 4.0423 -19.6828 1.5285 22.7698 1.2577 0.0440
Pedestrian 0.0000 0 2.7601 852.9285 164.3030 894.8441 264.5092 1.6850 0.5030 0.5198 4.5680 1.4143 12.1434 3.1130 0.0438
Pedestrian 0.0000 0 2.3383 850.4300 162.9189 896.0575 265.6769 1.7127 0.5158 0.5193 4.5534 1.4213 12.1250 2.6907 0.0438
Car 0.0000 0 1.1070 0.0000 0.0000 1224.0000 370.0000 1.5536 1.6148 3.7859 -2.4547 1.6741 0.6452 -0.0863 0.0438
Car 0.0000 0 3.2349 0.0000 0.0000 1224.0000 370.0000 1.5555 1.6014 3.8124 -2.0726 1.6890 0.3020 1.9588 0.0432
Car 0.0000 0 -0.0932 91.8016 0.0000 1224.0000 370.0000 1.4904 1.5739 3.6542 -1.1983 1.6645 0.0800 -1.3376 0.0432
Car 0.0000 0 -1.0099 0.0000 0.0000 1224.0000 370.0000 1.4410 1.5309 3.1962 1.9753 1.6304 0.3627 0.2282 0.0421
Car 0.0000 0 3.6984 0.0000 0.0000 1224.0000 370.0000 1.4847 1.5585 4.0340 -2.2982 1.6857 -0.1773 2.1926 0.0414
Car 0.0000 0 2.1746 0.0000 185.1186 62.3772 236.3865 1.4419 1.5785 3.9707 -19.3123 1.6025 22.3047 1.4697 0.0407
Car 0.0000 0 2.3020 0.0000 0.0000 1224.0000 370.0000 1.4854 1.6042 4.0976 0.6241 1.5610 0.2448 3.1365 0.0399
Car 0.0000 0 3.7325 0.0000 0.0000 1224.0000 370.0000 1.6055 1.6376 4.2246 -2.6706 1.6232 -0.0648 2.2599 0.0395
Car 0.0000 0 3.5152 33.7301 0.0000 1224.0000 370.0000 1.5135 1.5870 3.8770 -2.1751 1.6978 0.0966 2.1367 0.0392
Car 0.0000 0 2.3260 0.0000 0.0000 1224.0000 370.0000 1.5001 1.6027 4.0773 0.5643 1.5563 0.2278 3.1255 0.0374
Car 0.0000 0 -4.0075 0.0000 0.0000 1224.0000 370.0000 1.4606 1.5638 3.5575 1.6677 1.6692 0.6746 -2.9743 0.0373
Car 0.0000 0 2.1517 0.0000 180.4242 72.8560 230.9788 1.4845 1.6248 4.1635 -19.4752 1.4838 22.9179 1.4560 0.0364
Car 0.0000 0 -4.2021 0.0000 0.0000 1224.0000 370.0000 1.4936 1.5704 3.6493 1.3436 1.6615 0.2721 -3.0469 0.0362
Car 0.0000 0 2.3325 0.0000 0.0000 1224.0000 370.0000 1.5171 1.6067 4.1023 0.4620 1.5346 0.2041 3.0547 0.0354
Car 0.0000 0 2.3310 0.0000 183.2015 84.1402 234.4773 1.4892 1.6092 4.0225 -19.2122 1.5857 22.8080 1.6396 0.0351
Car 0.0000 0 2.6234 0.0000 0.0000 1224.0000 370.0000 1.5000 1.5848 3.9719 0.3507 1.6470 0.3157 3.1272 0.0343
Car 0.0000 0 1.0577 0.0000 0.0000 1224.0000 370.0000 1.5063 1.5883 3.9029 -2.0687 1.6879 0.6275 -0.0807 0.0341
Car 0.0000 0 2.2485 0.0000 184.4804 74.6479 236.0357 1.4802 1.5762 3.9810 -19.2459 1.6204 22.6097 1.5519 0.0333
Car 0.0000 0 -0.4970 0.0000 0.0000 1224.0000 370.0000 1.4454 1.4695 3.7099 -1.5498 1.6588 0.5322 -1.5617 0.0329
Car 0.0000 0 0.2063 344.5641 0.0000 1224.0000 370.0000 1.5463 1.6574 3.5649 -0.8773 1.6457 -0.0642 -1.0753 0.0329
Car 0.0000 0 -3.1937 0.0000 0.0000 1224.0000 370.0000 1.4265 1.5935 3.3784 9.7875 1.4438 -0.2883 -1.6251 0.0321
Car 0.0000 0 3.7964 21.8432 0.0000 1224.0000 370.0000 1.6035 1.6012 4.2643 -2.6872 1.6806 -0.0111 2.3429 0.0311
Pedestrian 0.0000 0 1.2058 1018.5970 219.2948 1106.0898 370.0000 1.1830 0.3498 0.5939 3.3734 1.4948 5.3240 1.7460 0.0304
Car 0.0000 0 1.9259 0.0000 179.4050 52.0481 231.5231 1.5181 1.6686 4.1380 -19.6994 1.4878 22.8197 1.2224 0.0298
Cyclist 0.0000 0 0.7423 0.0000 0.0000 1224.0000 370.0000 1.7080 0.5374 1.7695 1.1199 1.6728 0.4364 1.7186 0.0292
Car 0.0000 0 -0.2547 308.3166 0.0000 1224.0000 370.0000 1.4911 1.6369 3.5179 -0.8194 1.7021 0.2476 -1.2156 0.0292
Car 0.0000 0 -2.5417 0.0000 0.0000 1224.0000 370.0000 1.5669 1.5498 3.8143 5.6232 1.4914 -0.2320 -0.9857 0.0276
Car 0.0000 0 -2.6264 0.0000 0.0000 1224.0000 370.0000 1.5106 1.5375 3.4581 5.6830 1.4154 0.0245 -1.1153 0.0267
Car 0.0000 0 -2.5965 0.0000 0.0000 1224.0000 370.0000 1.5872 1.5292 3.7371 5.6407 1.4925 -0.2200 -1.0426 0.0259
Car 0.0000 0 -2.2849 0.0000 0.0000 1224.0000 370.0000 1.4017 1.4628 3.4583 1.4709 1.5986 0.8657 -1.3922 0.0256
Car 0.0000 0 2.3276 0.0000 0.0000 1224.0000 370.0000 1.5097 1.5715 3.9766 0.5768 1.6721 0.3708 3.0225 0.0253
Car 0.0000 0 -2.3781 0.0000 0.0000 1224.0000 370.0000 1.4259 1.5413 3.5978 1.2985 1.6235 0.6752 -1.4612 0.0248
Car 0.0000 0 1.2556 0.0000 0.0000 1224.0000 370.0000 1.5790 1.5791 3.6660 -2.8270 1.6512 0.6671 0.0235 0.0248
Pedestrian 0.0000 0 -1.2494 1161.7109 153.9414 1196.8890 221.4389 1.7334 0.5284 0.6949 15.0451 1.0529 18.5635 -0.5751 0.0246
Car 0.0000 0 2.6919 0.0000 0.0000 1224.0000 370.0000 1.5030 1.5675 3.9602 0.2483 1.6156 0.3239 3.0608 0.0241
Car 0.0000 0 2.4467 0.0000 0.0000 1224.0000 370.0000 1.5771 1.6248 4.0788 0.2797 1.4772 0.1088 3.0258 0.0238
Car 0.0000 0 -0.8522 0.0000 182.4870 109.5303 233.3093 1.5290 1.7169 4.3506 -19.0620 1.6032 23.6534 -1.5223 0.0234
Car 0.0000 0 0.4977 419.5148 0.0000 1224.0000 370.0000 1.5153 1.6632 3.8835 0.7419 1.6230 -0.3140 2.0570 0.0234
Cyclist 0.0000 0 -2.3133 994.1256 160.7082 1092.4937 259.3333 1.6494 0.4318 1.7290 7.7821 1.3200 12.7097 -1.7733 0.0233
Car 0.0000 0 3.4273 0.0000 0.0000 1224.0000 370.0000 1.5812 1.6509 3.9423 -0.1440 1.5800 -0.0424 2.9595 0.0231
Car 0.0000 0 0.8839 0.0000 208.4650 504.5428 370.0000 1.5582 1.4056 3.7153 -2.3589 1.6815 2.1439 0.1226 0.0219
Car 0.0000 0 -3.6402 0.0000 0.0000 1224.0000 370.0000 1.4779 1.4658 3.6508 0.6875 1.6670 0.7627 -3.0742 0.0213
Cyclist 0.0000 0 1.1765 993.8373 161.3136 1051.5769 230.8420 1.6269 0.5954 1.7223 10.2267 1.1795 17.4313 1.7008 0.0209
Car 0.0000 0 -2.1192 0.0000 0.0000 1224.0000 370.0000 1.4670 1.5099 3.9238 -0.9467 1.6623 0.4291 -3.0166 0.0208
Car 0.0000 0 3.1805 0.0000 0.0000 1224.0000 370.0000 1.5755 1.6369 4.0641 -0.0480 1.5421 -0.0274 3.0275 0.0208
Car 0.0000 0 3.9277 0.0000 0.0000 1224.0000 370.0000 1.4957 1.5620 3.9801 -0.4777 1.6044 0.0569 3.0324 0.0205
Car 0.0000 0 -0.8495 0.0000 183.1788 110.7798 233.6044 1.5239 1.7089 4.2638 -19.0666 1.6237 23.7673 -1.5174 0.0199
Car 0.0000 0 0.8711 0.0000 189.9469 122.7894 237.8447 1.4123 1.5723 4.1122 -17.7949 1.7307 22.5140 0.2107 0.0194
Cyclist 0.0000 0 -0.0740 149.9035 0.0000 1224.0000 370.0000 1.6555 0.4357 1.8113 -1.1096 1.6915 0.3683 -1.0858 0.0192
Car 0.0000 0 2.0268 0.0000 183.6328 87.0616 235.0346 1.5006 1.5194 3.6982 -18.5523 1.6121 22.8455 1.3532 0.0185
Car 0.0000 0 -1.4294 0.0000 0.0000 1224.0000 370.0000 1.5089 1.6041 3.7494 -19.4388 1.6421 0.6915 -2.9464 0.0183
Car 0.0000 0 -2.3553 0.0000 0.0000 1085.7858 370.0000 1.5219 1.6904 3.7517 0.8985 1.7174 0.6438 -1.6052 0.0179
Cyclist 0.0000 0 -2.1081 838.9595 159.4703 912.3007 266.7659 1.7136 0.3729 1.6361 4.5585 1.3794 12.1256 -1.7554 0.0178
Car 0.0000 0 2.3743 0.0000 182.5275 97.5775 233.7923 1.5046 1.6709 4.1927 -19.1124 1.5786 23.0998 1.6915 0.0176
Car 0.0000 0 2.6856 0.0000 0.0000 1224.0000 370.0000 1.5285 1.5894 3.9434 0.1466 1.5528 0.1656 2.9812 0.0173
Car 0.0000 0 0.9124 0.0000 193.4091 119.0513 241.5435 1.3954 1.6092 4.1412 -17.8708 1.8309 22.4743 0.2491 0.0167
Cyclist 0.0000 0 1.3870 985.3905 161.7871 1026.9812 231.6049 1.6349 0.5872 1.6367 9.8242 1.1983 17.4208 1.8944 0.0161
Car 0.0000 0 2.4103 0.0000 181.1754 43.2993 235.2319 1.4613 1.5963 3.8570 -19.3042 1.4850 21.1627 1.6800 0.0161
Car 0.0000 0 -1.4572 0.0000 0.0000 1224.0000 370.0000 1.5289 1.6010 3.7188 -19.4508 1.6663 0.5742 -2.9803 0.0159
Car 0.0000 0 0.8147 0.0000 189.7727 122.4352 236.7317 1.3884 1.5324 3.9363 -17.6801 1.6974 22.3784 0.1546 0.0157
Pedestrian 0.0000 0 -0.1838 982.3314 64.6571 1224.0000 370.0000 1.6869 0.6212 0.9673 1.3929 1.4969 1.6498 0.4330 0.0156
Car 0.0000 0 1.7842 0.0000 180.5533 40.2457 231.2471 1.4920 1.6195 4.0808 -19.8886 1.4954 22.9898 1.0796 0.0154
Car 0.0000 0 -2.8762 0.0000 0.0000 1224.0000 370.0000 1.3958 1.6759 3.6794 9.8629 1.4440 -0.2003 -1.3164 0.0152
Pedestrian 0.0000 0 2.3718 833.5812 164.9027 878.4017 264.1503 1.6613 0.4886 0.5390 4.2724 1.4019 12.1659 2.7032 0.0148
Car 0.0000 0 2.4285 0.0000 179.2080 37.1741 234.3956 1.4901 1.5308 3.7027 -19.3025 1.4568 21.0183 1.6949 0.0148
Car 0.0000 0 -2.4307 0.0000 185.3406 124.9797 232.1037 1.4302 1.5401 4.0496 -17.9384 1.5930 22.6698 -3.0916 0.0139
Cyclist 0.0000 0 0.1250 52.6844 0.0000 1224.0000 370.0000 1.6298 0.4905 1.8074 -1.3813 1.6819 0.4015 -0.9609 0.0139
Car 0.0000 0 -1.2716 0.0000 0.0000 1224.0000 370.0000 1.5403 1.6015 3.7854 -19.4256 1.6455 0.8640 -2.7798 0.0139
Car 0.0000 0 0.6260 573.4527 165.1534 661.9633 200.4277 1.5003 1.7180 3.6783 0.5275 0.8491 31.8596 0.6442 0.0136
Car 0.0000 0 -3.0134 0.0000 0.0000 1224.0000 370.0000 1.4135 1.4147 3.4684 14.3392 1.4335 -0.0626 -1.4592 0.0135
Car 0.0000 0 -1.5510 0.0000 0.0000 1224.0000 370.0000 1.4644 1.5399 3.5061 -18.9418 1.6313 0.6413 -3.0693 0.0134
Car 0.0000 0 -2.4434 0.0000 0.0000 1224.0000 370.0000 1.4832 1.5441 3.9098 18.2977 0.9264 2.0519 -1.0003 0.0132
Car 0.0000 0 -2.8940 0.0000 0.0000 1224.0000 370.0000 1.4005 1.4548 3.4885 9.6687 1.3554 0.0109 -1.3563 0.0132
Cyclist 0.0000 0 0.5981 0.0000 0.0000 1224.0000 370.0000 1.6422 0.5174 1.7880 1.3993 1.6910 0.4368 1.6728 0.0132
Car 0.0000 0 3.1601 0.0000 0.0000 1224.0000 370.0000 1.5220 1.6076 4.0894 -0.0482 1.5981 0.1170 3.0552 0.0131
Cyclist 0.0000 0 1.2409 1149.8331 155.1129 1203.7137 223.4784 1.6799 0.5252 1.7643 14.7213 1.0577 18.2879 1.9118 0.0129
Car 0.0000 0 3.0403 0.0000 0.0000 1224.0000 370.0000 1.5208 1.5842 3.8781 -0.0644 1.6557 0.3464 2.9466 0.0129
Car 0.0000 0 -2.8006 521.0982 162.8223 618.3105 198.1806 1.5581 1.7138 4.1385 -1.6291 0.7806 32.5709 -2.8482 0.0128
Car 0.0000 0 -2.9948 522.2410 162.4368 616.0573 197.7846 1.5593 1.7071 4.0648 -1.6104 0.7640 32.2365 -3.0423 0.0126
Car 0.0000 0 2.0351 546.0895 163.0477 620.0248 200.2022 1.5426 1.7248 3.8889 -0.9236 0.8195 31.4773 2.0079 0.0126
Car 0.0000 0 -2.4038 0.0000 0.0000 1224.0000 370.0000 1.5087 1.6380 4.1242 18.0093 0.9077 1.6516 -0.9408 0.0126
Car 0.0000 0 -1.2284 0.0000 0.0000 1224.0000 370.0000 1.5643 1.6333 3.8690 -19.5372 1.6740 0.8863 -2.7358 0.0124
Car 0.0000 0 2.4815 0.0000 183.5620 98.9863 234.3890 1.4815 1.5677 3.8817 -18.8665 1.5912 22.9210 1.8013 0.0124
Car 0.0000 0 1.5370 606.6148 165.3031 646.4539 200.3757 1.4873 1.6623 3.6259 0.8984 0.8443 31.7943 1.5668 0.0124
Cyclist 0.0000 0 0.7632 0.0000 0.0000 1224.0000 370.0000 1.6533 0.5525 1.6982 1.1586 1.6945 0.7735 1.5775 0.0123
Car 0.0000 0 -1.3928 0.0000 0.0000 1224.0000 370.0000 1.4756 1.5549 3.5272 -19.2161 1.6620 0.8470 -2.9012 0.0122
Car 0.0000 0 -0.6237 513.3018 0.0000 1224.0000 370.0000 1.4753 1.6994 3.5849 -0.3808 1.7006 0.3781 -1.1198 0.0122
Car 0.0000 0 -3.0883 0.0000 0.0000 1224.0000 370.0000 1.3968 1.5327 3.5777 14.5791 1.4618 -0.1112 -1.5305 0.0119
Pedestrian 0.0000 0 -1.6986 105.7035 174.4391 140.7522 269.8152 1.6500 0.4467 0.6238 -8.6412 1.5468 12.6089 -2.2860 0.0116
Car 0.0000 0 -1.2467 0.0000 0.0000 1224.0000 370.0000 1.5746 1.6517 3.9743 -19.4541 1.6833 0.8815 -2.7540 0.0115
Car 0.0000 0 -2.9924 0.0000 0.0000 1224.0000 370.0000 1.5719 1.6199 4.0947 -0.0923 1.6234 0.5475 -3.0955 0.0115
Cyclist 0.0000 0 1.2495 976.9691 162.4822 1025.7357 230.6912 1.6335 0.5790 1.6040 9.8969 1.2036 17.7684 1.7518 0.0114
Car 0.0000 0 2.3939 0.0000 180.8226 38.0636 235.4380 1.4758 1.5807 3.6455 -19.2321 1.4878 21.0098 1.6620 0.0114
Car 0.0000 0 -2.6654 0.0000 0.0000 1224.0000 370.0000 1.5112 1.5252 3.3870 5.8881 1.4388 0.0656 -1.1591 0.0114
Car 0.0000 0 -2.5382 0.0000 0.0000 1224.0000 370.0000 1.5176 1.6049 4.0318 18.3216 0.8895 1.7605 -1.0793 0.0113
Car 0.0000 0 -0.8546 0.0000 184.6471 114.2553 233.9848 1.4991 1.6988 4.0237 -18.9231 1.6528 23.8783 -1.5167 0.0111
Car 0.0000 0 -0.8132 0.0000 186.4646 111.4824 234.8877 1.4471 1.7522 3.9962 -18.9633 1.6661 23.7038 -1.4797 0.0111
Car 0.0000 0 -2.9741 0.0000 0.0000 1224.0000 370.0000 1.5098 1.5553 4.0731 -0.0953 1.6841 0.3335 -3.1167 0.0109
Car 0.0000 0 2.0465 545.0443 162.2541 618.3225 199.5122 1.5403 1.6499 3.8695 -0.9810 0.7875 31.3273 2.0174 0.0109
Car 0.0000 0 1.3981 606.8621 164.0082 658.5350 199.8299 1.5094 1.6700 3.9040 1.1616 0.8160 31.8342 1.4360 0.0108
Car 0.0000 0 -0.7295 652.5432 0.0000 1224.0000 370.0000 1.4911 1.6726 3.8321 -0.2834 1.7426 0.9129 -0.9540 0.0107
Car 0.0000 0 2.3572 0.0000 184.7625 45.0514 238.5548 1.4488 1.6138 3.7886 -19.2681 1.5904 21.2839 1.6306 0.0106
Car 0.0000 0 0.2869 0.0000 0.0000 1224.0000 370.0000 1.4297 1.5181 2.7140 -18.4801 1.5377 1.0330 -1.2089 0.0106
Car 0.0000 0 -1.4141 602.7271 165.0816 652.1227 198.5570 1.4363 1.7094 3.5845 1.0604 0.7762 32.2537 -1.3797 0.0105
Car 0.0000 0 -1.6987 579.1382 158.7766 609.9420 185.7785 1.9279 1.7556 4.3699 -0.8170 0.3782 52.7630 -1.7122 0.0104
Car 0.0000 0 0.7812 249.0509 0.0000 1224.0000 370.0000 1.4836 1.7118 3.9961 0.8422 1.7648 0.0779 1.9088 0.0104
Car 0.0000 0 -1.2135 563.9290 0.0000 1224.0000 370.0000 1.5221 1.7933 4.0572 0.2373 1.7600 1.1065 -1.0482 0.0104
Car 0.0000 0 1.5258 598.2778 166.3736 640.3439 201.5550 1.4733 1.6988 3.7959 0.5628 0.8832 31.5226 1.5453 0.0103
Car 0.0000 0 0.4375 562.1469 167.4268 653.1031 200.4421 1.4220 1.6159 3.7878 0.0947 0.8604 31.9885 0.4423 0.0101
Car 0.0000 0 1.4313 594.0406 166.1033 642.8752 201.0818 1.4635 1.6584 3.8162 0.5197 0.8626 31.5731 1.4495 0.0101
Car 0.0000 0 2.3356 0.0000 177.0969 31.1748 234.7995 1.5374 1.5403 3.8088 -19.2307 1.4483 20.7574 1.5977 0.0100
Car 0.0000 0 0.1644 594.9501 160.7273 686.4806 197.2007 1.5786 1.6877 3.8929 1.6158 0.7243 31.8397 0.2164 0.0100
Car 0.0000 0 0.6699 583.4625 162.5144 676.7286 199.1326 1.5165 1.6582 3.9284 1.0447 0.7731 31.1816 0.7049 0.0100
Car 0.0000 0 -2.1436 0.0000 0.0000 1224.0000 370.0000 1.6253 1.5563 3.5876 5.4161 1.4649 -0.2136 -0.5917 0.0099
Car 0.0000 0 1.5676 597.9346 166.4313 637.3420 201.5955 1.4736 1.6519 3.7590 0.5368 0.8855 31.5178 1.5863 0.0099
Car 0.0000 0 1.1578 594.4589 161.3813 664.7079 199.4831 1.5578 1.6703 3.8379 0.9845 0.7776 30.9952 1.1911 0.0095
Car 0.0000 0 1.4463 602.3013 164.9536 650.2830 201.1277 1.5023 1.6662 3.7141 0.8625 0.8581 31.2858 1.4754 0.0094
Car 0.0000 0 -1.4707 605.6323 163.9761 651.5369 198.0276 1.4514 1.7175 3.6768 1.1064 0.7486 32.0697 -1.4347 0.0094
Pedestrian 0.0000 0 -0.1421 107.2954 173.5994 153.7052 264.5694 1.6064 0.4478 0.6484 -8.6777 1.4862 12.8628 -0.7224 0.0093
Car 0.0000 0 -2.9422 515.1294 160.8119 612.5849 197.1411 1.5993 1.7064 4.1842 -1.8589 0.7340 32.2655 -2.9972 0.0093
Car 0.0000 0 -1.4750 606.0646 165.4207 650.1968 198.1107 1.4135 1.6842 3.6006 1.0961 0.7629 32.4619 -1.4397 0.0092
Car 0.0000 0 1.0437 0.0000 191.2804 109.8147 241.2653 1.4263 1.6072 3.8318 -17.7242 1.7895 22.2552 0.3797 0.0091
Car 0.0000 0 1.6808 613.7108 163.7482 662.6807 201.5998 1.4331 1.5804 3.7661 1.3870 0.8004 28.7498 1.7304 0.0091
Car 0.0000 0 0.4238 563.2551 167.5380 651.5447 200.8040 1.4364 1.6493 3.6446 0.0895 0.8782 32.0319 0.4284 0.0091
Car 0.0000 0 0.3070 591.4905 160.8185 689.1504 197.5331 1.5557 1.7200 4.0086 1.5595 0.7232 31.4632 0.3579 0.0091
Car 0.0000 0 -2.4388 0.0000 182.4727 123.7593 230.1693 1.4541 1.5505 4.0206 -17.8436 1.5207 22.4761 -3.1013 0.0091
Car 0.0000 0 -1.5548 0.0000 0.0000 1224.0000 370.0000 1.3916 1.6791 3.8607 10.2054 1.4211 -0.2682 0.0120 0.0090
Car 0.0000 0 0.6281 573.7772 165.6832 663.7105 199.9539 1.4491 1.6846 3.7578 0.5676 0.8241 31.6973 0.6476 0.0090
Car 0.0000 0 -3.0016 539.1064 164.7279 626.8285 198.6452 1.5005 1.7214 3.8066 -0.9865 0.8042 32.3416 -3.0299 0.0088
Car 0.0000 0 3.1242 531.5361 163.7959 622.7375 198.0888 1.5007 1.7088 4.0030 -1.2839 0.7712 31.8998 3.0863 0.0088
Cyclist 0.0000 0 -2.0458 958.7404 156.7555 1030.0719 247.4962 1.6577 0.4569 1.7348 7.5071 1.2256 13.7828 -1.5550 0.0087
Pedestrian 0.0000 0 0.8182 111.4463 172.1709 163.3214 263.5667 1.5947 0.3929 0.7142 -8.3829 1.4511 12.6094 0.2449 0.0087
Car 0.0000 0 1.5476 0.0000 0.0000 1224.0000 370.0000 1.3425 1.4016 3.5207 14.7268 1.5206 -0.0758 3.1032 0.0087
Cyclist 0.0000 0 2.4162 953.7618 160.5329 1043.5494 243.8463 1.6080 0.5622 1.6012 7.8030 1.2243 14.0964 2.9139 0.0086
Car 0.0000 0 0.0035 0.0000 0.0000 1224.0000 370.0000 1.3137 1.3836 3.4673 14.4869 1.3764 0.4296 1.5239 0.0086
Cyclist 0.0000 0 -2.2092 1026.0099 166.3962 1108.4242 261.1044 1.5815 0.3924 1.5031 8.1306 1.3476 12.5654 -1.6447 0.0086
Car 0.0000 0 1.9519 554.4285 163.3867 620.5960 199.1303 1.4769 1.6033 3.8516 -0.7228 0.7713 31.2948 1.9310 0.0086
Car 0.0000 0 -1.1947 567.9807 164.4228 635.2684 200.1592 1.5713 1.8304 3.9669 -0.1042 0.8659 33.2636 -1.1960 0.0085
Cyclist 0.0000 0 -1.8386 971.7212 162.7375 1023.3969 246.0236 1.5633 0.4833 1.5740 7.7522 1.2315 14.0877 -1.3433 0.0085
Car 0.0000 0 1.3246 0.0000 0.0000 1224.0000 370.0000 1.3457 1.4578 3.5233 13.8650 1.4672 -0.2906 2.8945 0.0085
Car 0.0000 0 1.6339 594.4336 165.2310 636.7522 201.2527 1.4917 1.6285 3.7745 0.5023 0.8609 31.2219 1.6517 0.0085
Car 0.0000 0 -1.2293 0.0000 0.0000 1224.0000 370.0000 1.6294 1.7134 4.3170 -19.7825 1.6816 0.8911 -2.7372 0.0084
Cyclist 0.0000 0 2.5938 956.6735 159.5166 1051.4918 245.0153 1.6457 0.6344 1.5255 7.8186 1.2434 13.9556 3.0966 0.0084
Car 0.0000 0 -1.7115 579.2421 161.7436 609.7437 186.0191 1.7326 1.7021 4.1800 -0.8163 0.3952 52.6552 -1.7251 0.0083
Car 0.0000 0 -2.7841 0.0000 0.0000 1224.0000 370.0000 1.5822 1.6331 4.1719 18.6995 0.8583 1.8423 -1.3272 0.0083
Car 0.0000 0 -0.1983 589.8310 165.0172 677.1272 198.6301 1.4800 1.7333 3.7118 1.2469 0.7997 32.2745 -0.1582 0.0082
Car 0.0000 0 -0.5634 0.0000 124.8857 294.2331 370.0000 1.9739 1.9521 4.8838 -6.1886 1.5552 7.9689 -1.2028 0.0081
Car 0.0000 0 -1.4603 0.0000 0.0000 1224.0000 370.0000 1.5295 1.6077 3.7500 -19.5617 1.6767 0.5525 -2.9847 0.0081
Car 0.0000 0 -1.1385 0.0000 0.0000 1224.0000 370.0000 1.5458 1.6906 4.0801 -19.5341 1.6940 1.1221 -2.6339 0.0081
Cyclist 0.0000 0 1.1145 987.7914 164.2844 1044.9629 230.1224 1.5728 0.5966 1.5631 10.2224 1.1871 17.6845 1.6325 0.0081
Pedestrian 0.0000 0 -0.9752 1163.3903 154.6225 1220.9701 261.2535 1.6775 0.4964 0.5493 9.4495 1.2721 11.4361 -0.2966 0.0080
Car 0.0000 0 -0.0559 575.3729 167.0167 660.1482 200.6971 1.4791 1.7961 3.7370 0.5116 0.8884 32.0140 -0.0382 0.0080
Pedestrian 0.0000 0 1.0410 1107.1272 193.6881 1224.0000 370.0000 1.4736 0.4222 0.6463 4.1875 1.5820 5.3749 1.6764 0.0080
Car 0.0000 0 -2.7901 526.9831 163.8583 624.2992 198.6594 1.5348 1.6697 4.1652 -1.3617 0.8023 32.6107 -2.8296 0.0080
Car 0.0000 0 -0.8326 0.0000 167.3939 19.9257 200.5761 1.7133 1.7107 4.0779 -34.4759 1.0380 38.5534 -1.5563 0.0080
Car 0.0000 0 0.2763 582.2861 165.1257 664.1841 199.2612 1.4776 1.6272 3.3762 0.8191 0.8136 31.8820 0.3036 0.0080
Car 0.0000 0 -2.6274 0.0000 0.0000 1224.0000 370.0000 1.5208 1.5351 3.9200 18.6532 0.8913 2.0980 -1.1843 0.0079
Car 0.0000 0 1.9751 553.9240 164.0962 622.4686 199.9831 1.4949 1.6669 3.8607 -0.6978 0.8131 31.5505 1.9551 0.0079
Car 0.0000 0 -1.7186 605.8679 167.9075 651.8982 199.8541 1.3967 1.6288 3.4801 1.0346 0.8476 32.7295 -1.6855 0.0079
Car 0.0000 0 3.0869 522.2943 162.1009 616.2969 198.1502 1.5731 1.7204 4.1319 -1.6643 0.7717 31.9194 3.0372 0.0079
Car 0.0000 0 -1.4459 570.2797 162.8212 619.4665 199.3979 1.6227 1.8075 4.2929 -0.4275 0.8398 33.5978 -1.4566 0.0078
Car 0.0000 0 0.4634 0.0000 0.0000 1224.0000 370.0000 1.5082 1.5338 4.3902 -19.2527 1.5960 0.0737 -1.0852 0.0078
Car 0.0000 0 -0.6747 0.0000 122.1372 274.2095 370.0000 1.9512 1.9729 5.1570 -6.2094 1.5538 7.5665 -1.3397 0.0078
Car 0.0000 0 -2.8387 530.1142 164.4850 624.7042 198.9292 1.5269 1.7646 4.0315 -1.2735 0.8184 32.7199 -2.8753 0.0077
Car 0.0000 0 0.2592 564.1072 167.5815 647.1638 201.7889 1.4893 1.7249 3.4385 0.0328 0.9283 32.0568 0.2620 0.0077
Car 0.0000 0 -1.4756 602.3295 167.2572 645.6887 199.8210 1.4030 1.6592 3.3753 0.8964 0.8339 32.2351 -1.4462 0.0076
Car 0.0000 0 2.8350 516.3123 160.6770 619.9241 197.7275 1.5704 1.7062 4.2987 -1.6672 0.7317 31.5148 2.7847 0.0075
Cyclist 0.0000 0 -0.4414 943.8065 161.2209 1044.9227 245.8924 1.6263 0.5011 1.6882 7.5766 1.2576 13.8686 0.0507 0.0075
Car 0.0000 0 0.5073 562.9901 166.9405 653.1141 200.1008 1.4270 1.6903 3.7384 0.1082 0.8449 32.0741 0.5125 0.0074
Car 0.0000 0 -2.7953 0.0000 0.0000 1224.0000 370.0000 1.5546 1.4718 3.1636 5.8482 1.4214 -0.1408 -1.2543 0.0074
Car 0.0000 0 0.5870 582.6906 164.4152 669.8853 199.0408 1.4604 1.6182 3.5890 0.9061 0.7835 31.5152 0.6173 0.0074
Car 0.0000 0 -2.9258 527.9904 164.7168 622.1870 199.1102 1.5138 1.7517 4.0213 -1.3524 0.8206 32.3305 -2.9654 0.0074
Car 0.0000 0 2.9191 0.0000 0.0000 1224.0000 370.0000 1.5398 1.5500 3.8962 0.1851 1.6764 0.6502 3.1086 0.0073
Pedestrian 0.0000 0 1.5425 1128.0270 196.8227 1201.2975 370.0000 1.4701 0.3956 0.6578 4.1830 1.6048 5.3723 2.1775 0.0073
Pedestrian 0.0000 0 -1.5221 969.7319 155.0336 1005.4910 242.6439 1.6680 0.5953 0.5531 7.4548 1.1847 13.8457 -1.0360 0.0072
Car 0.0000 0 -1.7803 553.2695 162.9356 605.0961 198.0582 1.5441 1.6346 3.9872 -1.2937 0.7734 33.2117 -1.8170 0.0072
Cyclist 0.0000 0 2.5653 948.4093 157.7301 1036.8438 242.5147 1.6454 0.4793 1.5281 7.6363 1.2052 14.0209 3.0563 0.0072
Car 0.0000 0 -2.7858 0.0000 0.0000 1224.0000 370.0000 1.6176 1.5522 3.3729 5.8452 1.5096 -0.0935 -1.2528 0.0072
Pedestrian 0.0000 0 -1.5378 970.4718 155.4908 1005.4882 242.7115 1.6603 0.5905 0.5475 7.4581 1.1859 13.8383 -1.0513 0.0071
Car 0.0000 0 -0.9689 552.6284 165.6160 632.5126 202.0042 1.5570 1.7761 3.8614 -0.5242 0.9216 32.3480 -0.9831 0.0071
Car 0.0000 0 1.4378 592.8022 166.3311 644.1211 202.6100 1.5291 1.8022 3.8858 0.5207 0.9334 31.8288 1.4558 0.0071
Car 0.0000 0 2.5485 523.9235 160.4150 619.9402 198.3360 1.5737 1.6784 3.9710 -1.4446 0.7417 31.1919 2.5046 0.0070
Car 0.0000 0 0.2253 0.0000 0.0000 1224.0000 370.0000 1.5524 1.7306 3.3588 -18.9037 1.5494 1.0001 -1.2739 0.0070
Car 0.0000 0 2.6669 529.2576 163.4709 624.0676 199.5525 1.5255 1.6933 3.8878 -1.2709 0.8070 31.5803 2.6290 0.0070
Car 0.0000 0 -1.1686 0.0000 0.0000 1224.0000 370.0000 1.6141 1.7078 4.0436 -19.5526 1.7027 1.1514 -2.6625 0.0070
Car 0.0000 0 1.4935 605.1121 165.8437 648.5483 200.5661 1.4585 1.6571 3.5805 0.9001 0.8443 31.5213 1.5236 0.0070
Car 0.0000 0 0.3117 547.4976 165.9413 646.3625 201.2409 1.5436 1.7746 4.1859 -0.3724 0.9085 32.3842 0.3022 0.0070
Car 0.0000 0 1.8921 0.0000 177.4020 6.4138 226.8310 1.5118 1.6615 3.8591 -21.8735 1.4186 23.7207 1.1557 0.0070
Car 0.0000 0 -0.0467 0.0000 0.0000 1224.0000 370.0000 1.3846 1.5131 3.4419 -18.5284 1.5678 0.3582 -1.5790 0.0069
Car 0.0000 0 -0.5909 0.0000 117.6901 287.6248 370.0000 2.0019 1.9751 4.9333 -6.1478 1.5537 7.7128 -1.2422 0.0069
Car 0.0000 0 0.6204 577.6692 165.8217 664.4482 199.6485 1.4315 1.6904 3.5668 0.6758 0.8118 31.6621 0.6434 0.0068
Pedestrian 0.0000 0 -1.1093 1163.6704 154.1929 1218.8019 261.1506 1.6788 0.5109 0.5220 9.4339 1.2675 11.4338 -0.4314 0.0068
Car 0.0000 0 -0.2755 898.9203 169.5127 1086.5076 229.6559 1.5136 1.6838 4.1202 10.2447 1.2387 19.0470 0.2127 0.0068
Car 0.0000 0 -2.9924 0.0000 0.0000 1224.0000 370.0000 1.3157 1.4525 3.4646 14.5708 1.4882 0.1075 -1.4496 0.0068
Car 0.0000 0 1.3370 611.3048 161.7690 673.8056 200.6339 1.4924 1.6844 4.0330 1.4523 0.7747 29.2824 1.3879 0.0068
Car 0.0000 0 0.2831 555.3799 167.1996 648.2584 202.0592 1.5084 1.7963 3.8537 -0.1412 0.9344 31.9870 0.2805 0.0068
Car 0.0000 0 -0.7038 0.0000 116.8653 301.4260 370.0000 2.0205 2.0316 5.0439 -5.8559 1.5762 7.6398 -1.3362 0.0068
Car 0.0000 0 -1.1553 0.0000 0.0000 1224.0000 370.0000 1.5391 1.6786 3.9454 -19.5249 1.7100 1.1681 -2.6483 0.0067
Pedestrian 0.0000 0 -0.1662 124.5402 165.5542 170.9850 257.7164 1.6250 0.4392 0.6485 -8.3496 1.3631 12.8415 -0.7295 0.0067
Car 0.0000 0 -2.4971 1116.7878 155.8164 1224.0000 217.7086 1.6036 1.6414 3.9555 17.2672 0.9657 20.4277 -1.8014 0.0067
Car 0.0000 0 2.1221 546.9066 163.5693 625.4709 199.3754 1.5098 1.7502 3.9173 -0.7994 0.7974 31.9414 2.0992 0.0067
Car 0.0000 0 0.4423 562.8673 167.0362 648.5208 202.3715 1.5207 1.7118 3.4716 0.0140 0.9427 31.9426 0.4446 0.0067
Car 0.0000 0 -0.3210 576.3915 164.3617 675.3126 199.8822 1.5499 1.9585 4.1200 0.9123 0.8472 32.3752 -0.2912 0.0067
Car 0.0000 0 -0.1191 812.0985 159.2649 902.3629 190.6175 1.5738 1.6745 4.2460 13.0241 0.5093 36.7686 0.2204 0.0067
Car 0.0000 0 -0.7590 0.0000 185.4471 111.9323 235.6034 1.5310 1.6295 3.8850 -19.1293 1.7149 24.0211 -1.4235 0.0066
Car 0.0000 0 -1.4347 0.0000 0.0000 1224.0000 370.0000 1.6440 1.7892 4.5155 -20.0709 1.6720 0.5646 -2.9597 0.0066
Car 0.0000 0 -1.1186 556.4251 163.9363 626.3090 199.9671 1.5374 1.7653 3.6341 -0.5763 0.8321 32.1844 -1.1345 0.0066
Car 0.0000 0 2.4818 539.2553 165.1003 625.4761 200.0759 1.4748 1.6702 3.5771 -1.0008 0.8270 31.5917 2.4524 0.0066
Car 0.0000 0 -1.7680 542.6109 162.5018 594.5203 198.5825 1.5550 1.6563 3.8686 -1.7569 0.7808 32.5458 -1.8195 0.0065
Car 0.0000 0 -2.7655 0.0000 0.0000 1224.0000 370.0000 1.6171 1.5346 3.3191 5.8514 1.5244 -0.0807 -1.2347 0.0065
Car 0.0000 0 0.5528 0.0000 0.0000 1224.0000 370.0000 1.5212 1.7286 3.6090 -18.9105 1.5175 0.7077 -0.9619 0.0065
Car 0.0000 0 -1.5850 608.4847 165.9895 647.3865 197.5832 1.4211 1.7499 3.6256 1.0461 0.7698 33.6261 -1.5523 0.0065
Car 0.0000 0 -1.1537 558.9495 162.7483 629.3444 200.2163 1.6218 1.7538 4.0918 -0.4454 0.8549 32.8256 -1.1653 0.0065
Pedestrian 0.0000 0 0.9104 96.7087 171.9442 148.9556 266.7276 1.6477 0.4277 0.7099 -8.6379 1.5006 12.6019 0.3231 0.0064
Car 0.0000 0 -1.4758 690.0410 159.7925 738.5024 198.7086 1.4923 1.6128 3.9222 4.5505 0.6998 29.2079 -1.3210 0.0064
Car 0.0000 0 -0.3808 0.0000 0.0000 1224.0000 370.0000 1.4422 1.6641 4.2480 -26.4895 1.6589 1.5814 -1.8782 0.0064
Car 0.0000 0 -1.3979 683.2263 160.3649 740.1599 199.2326 1.5155 1.6895 4.0930 4.5389 0.7319 29.7724 -1.2463 0.0064
Car 0.0000 0 -0.0320 0.0000 0.0000 1224.0000 370.0000 1.2870 1.3737 3.3339 14.4786 1.3724 0.4047 1.4900 0.0064
Car 0.0000 0 2.5996 512.4458 158.8358 618.4270 197.6960 1.6046 1.7268 4.3995 -1.7239 0.7115 31.1383 2.5468 0.0063
Car 0.0000 0 1.4786 685.9257 164.5749 735.9614 202.1929 1.4210 1.6466 3.8035 4.2012 0.8210 28.6472 1.6245 0.0063
Car 0.0000 0 3.0922 515.5685 161.0449 612.3570 197.6155 1.5959 1.7043 4.2531 -1.8990 0.7484 31.9234 3.0353 0.0063
Car 0.0000 0 2.0209 0.0000 173.7733 23.8734 236.9109 1.6025 1.6771 4.2962 -18.7526 1.4334 20.2383 1.2832 0.0063
Car 0.0000 0 -2.9867 644.4432 167.1509 741.6061 204.7432 1.4767 1.6541 3.7567 3.6176 0.9538 29.0821 -2.8625 0.0063
Car 0.0000 0 1.2392 684.9443 161.6321 758.8093 201.6122 1.4696 1.6429 4.0821 4.5304 0.7776 28.1372 1.3990 0.0063
Car 0.0000 0 2.3272 529.7151 160.3938 619.0352 198.9491 1.5842 1.6514 3.9615 -1.3065 0.7595 31.0831 2.2875 0.0063
Car 0.0000 0 -0.8218 0.0000 170.5073 0.3175 203.0348 1.6600 1.6546 4.1509 -35.2631 1.1515 38.1612 -1.5618 0.0062
Car 0.0000 0 -1.5733 545.4062 161.7848 583.5443 198.4442 1.5612 1.6242 3.9304 -1.8623 0.7657 32.1150 -1.6287 0.0062
Car 0.0000 0 1.2200 0.0000 0.0000 1224.0000 370.0000 1.4928 1.3643 3.7116 -5.2819 1.7153 -0.2016 -0.3262 0.0062
Car 0.0000 0 0.5192 0.0000 0.0000 1224.0000 370.0000 1.3873 1.4822 3.5292 14.0378 1.4208 -0.1864 2.0817 0.0062
Car 0.0000 0 2.2839 545.0972 162.0945 628.4563 198.7126 1.5649 1.7401 3.7900 -0.7959 0.7798 32.2263 2.2614 0.0062
Car 0.0000 0 0.2121 0.0000 0.0000 1224.0000 370.0000 1.2916 1.4497 3.6021 14.5621 1.4176 0.4008 1.7347 0.0062
Car 0.0000 0 -3.8383 1149.5985 156.4454 1224.0000 215.9902 1.5928 1.6225 3.9259 17.8120 0.9509 19.7784 -3.1115 0.0062
Pedestrian 0.0000 0 -1.6954 965.6762 157.8489 1003.8141 241.9593 1.6274 0.5967 0.5607 7.4927 1.1908 14.0427 -1.2129 0.0062
Car 0.0000 0 -0.0922 591.4462 166.1112 685.8029 200.1397 1.5121 1.8699 4.1674 1.4688 0.8742 32.4434 -0.0456 0.0062
Car 0.0000 0 -1.5324 565.1176 162.9615 604.5529 199.5233 1.6133 1.6905 4.0733 -0.9090 0.8409 33.2423 -1.5576 0.0062
Car 0.0000 0 -0.1881 632.3701 165.6041 731.7391 201.8104 1.4610 1.6378 3.8813 3.1470 0.8614 29.4996 -0.0812 0.0062
Car 0.0000 0 2.2704 0.0000 172.5717 33.1588 233.2581 1.5889 1.5860 4.1231 -19.0973 1.3829 20.5973 1.5322 0.0061
Car 0.0000 0 -2.9447 0.0000 0.0000 1224.0000 370.0000 1.5691 1.5982 4.2206 19.0504 0.8985 2.0723 -1.4976 0.0061
Car 0.0000 0 2.0294 553.6058 165.8002 623.6154 201.1239 1.4840 1.6469 3.7510 -0.6885 0.8680 31.7478 2.0098 0.0061
Car 0.0000 0 0.2941 0.0000 0.0000 1224.0000 370.0000 1.3011 1.3972 3.5303 14.3743 1.4643 0.1693 1.8321 0.0061
Car 0.0000 0 1.9931 552.3951 163.4242 622.9712 200.4625 1.5416 1.7133 3.8482 -0.7202 0.8324 31.5297 1.9724 0.0061
Car 0.0000 0 0.9572 832.4885 158.8708 907.7253 191.5182 1.5789 1.6738 3.8814 13.5030 0.5343 36.2793 1.3124 0.0061
Car 0.0000 0 1.9232 0.0000 176.5403 10.4558 228.0379 1.5301 1.7167 4.4922 -21.6835 1.4140 23.4064 1.1845 0.0061
Car 0.0000 0 2.2603 533.5502 161.2372 620.7939 199.1674 1.5922 1.7851 3.9926 -1.2067 0.7851 31.8018 2.2246 0.0061
Car 0.0000 0 -0.2193 890.8738 170.7936 1090.5643 231.7178 1.4894 1.6947 4.3521 9.9547 1.2537 18.6683 0.2651 0.0060
Car 0.0000 0 -1.0724 556.7118 164.1358 629.9825 199.8834 1.5385 1.7225 3.8778 -0.4866 0.8357 32.5421 -1.0853 0.0060
Car 0.0000 0 -3.1216 635.9623 166.9638 731.0946 203.5556 1.4553 1.6496 3.7934 3.2176 0.9184 29.1789 -3.0112 0.0060
Car 0.0000 0 -0.4703 0.0000 123.2181 263.9535 370.0000 1.9045 1.8878 4.8947 -6.5152 1.4944 7.6970 -1.1507 0.0060
Car 0.0000 0 -0.4048 0.0000 126.1034 273.1604 370.0000 1.9252 1.8801 4.9307 -6.5602 1.5207 7.8918 -1.0768 0.0060
Car 0.0000 0 -2.6740 529.1443 165.0453 624.3203 199.1740 1.5175 1.7208 4.1152 -1.3448 0.8318 33.0709 -2.7124 0.0060
Car 0.0000 0 2.0857 557.8414 164.7297 626.5588 200.7081 1.5363 1.6130 3.4757 -0.5446 0.8644 32.0987 2.0708 0.0060
Car 0.0000 0 -3.0547 617.6130 165.6446 712.8895 201.9484 1.4531 1.6023 3.8250 2.5157 0.8600 29.4149 -2.9684 0.0060
Car 0.0000 0 2.5113 541.9549 164.3672 631.3330 199.2377 1.4723 1.6808 3.7240 -0.8117 0.7926 31.6484 2.4878 0.0059
Car 0.0000 0 3.0714 602.7460 165.2986 698.2676 201.4873 1.4469 1.6198 3.8141 1.7960 0.8406 29.0877 3.1343 0.0059
Car 0.0000 0 -1.5614 0.0000 0.0000 1224.0000 370.0000 1.6184 1.6931 3.8977 20.3420 0.9504 -0.2252 0.0060 0.0059
Car 0.0000 0 -1.1041 0.0000 0.0000 1224.0000 370.0000 1.5311 1.6819 4.0770 -19.6020 1.7086 1.1796 -2.5968 0.0059
Car 0.0000 0 0.0991 0.0000 0.0000 1224.0000 370.0000 1.2844 1.4293 3.5252 14.5792 1.4148 0.4163 1.6207 0.0059
Car 0.0000 0 -2.2010 1142.4375 154.9237 1224.0000 216.8321 1.6244 1.6485 3.7524 17.6884 0.9549 20.4801 -1.4946 0.0059
Car 0.0000 0 -0.3118 561.3403 168.4542 661.7923 203.2016 1.5082 1.9674 4.1789 0.2584 0.9868 32.2442 -0.3021 0.0058
Car 0.0000 0 -2.7061 540.5099 166.1658 634.7880 200.1264 1.4860 1.7102 3.9855 -0.8173 0.8602 32.5145 -2.7292 0.0058
Car 0.0000 0 -0.0301 802.6915 160.2652 892.3226 192.2535 1.5955 1.6942 4.3051 12.5062 0.5877 36.7010 0.2974 0.0058
Car 0.0000 0 -4.5035 0.0000 0.0000 1224.0000 370.0000 1.4397 1.5882 4.3298 16.2312 1.2797 -0.1782 -2.9402 0.0058
Car 0.0000 0 -0.6773 0.0000 129.1493 313.4522 370.0000 2.0081 1.9670 4.9003 -5.7990 1.6251 7.9190 -1.2888 0.0058
Pedestrian 0.0000 0 -0.2256 1147.2328 157.9760 1204.7827 260.1201 1.6376 0.4872 0.6423 9.3829 1.2781 11.6875 0.4393 0.0057
Cyclist 0.0000 0 1.0598 980.5167 163.0323 1039.4648 229.6292 1.6264 0.6102 1.5589 10.2676 1.2014 18.0421 1.5713 0.0057
Car 0.0000 0 -1.5972 603.9084 167.0357 645.5341 201.9384 1.4819 1.7674 3.8719 0.8173 0.9117 31.9523 -1.5701 0.0056
Car 0.0000 0 -1.5854 303.1839 0.0000 1224.0000 370.0000 1.4740 1.7687 3.6681 0.2862 1.7180 0.5311 -1.2611 0.0056
Car 0.0000 0 2.8751 0.0000 0.0000 1224.0000 370.0000 1.5481 1.5798 3.9756 0.2020 1.6533 0.6710 3.0774 0.0056
Car 0.0000 0 -2.9741 0.0000 0.0000 1224.0000 370.0000 1.6007 1.6875 4.4064 19.0652 0.8459 1.8195 -1.5138 0.0056
Car 0.0000 0 2.9072 0.0000 0.0000 1224.0000 370.0000 1.5229 1.7425 4.4557 -26.6999 1.7323 1.4622 1.4047 0.0056
Car 0.0000 0 4.2046 0.0000 0.0000 1224.0000 370.0000 1.3798 1.5977 3.6970 -19.3401 1.6998 0.2336 2.6642 0.0055
Car 0.0000 0 1.2888 583.5944 167.5598 638.8836 201.3528 1.4239 1.5564 3.5130 0.2025 0.8801 31.6892 1.2970 0.0055
Car 0.0000 0 1.5320 0.0000 0.0000 1224.0000 370.0000 1.3342 1.4078 3.4941 14.2362 1.4738 -0.1780 3.0941 0.0055
Car 0.0000 0 2.0646 543.7993 162.7820 617.7612 200.1436 1.5387 1.5913 3.9166 -1.0165 0.8105 31.2210 2.0343 0.0055
Car 0.0000 0 -2.6443 1103.8812 156.5159 1224.0000 216.4588 1.5531 1.6991 4.0192 17.0642 0.9332 20.4956 -1.9560 0.0054
Car 0.0000 0 -3.2194 0.0000 0.0000 1224.0000 370.0000 1.5139 1.6425 4.0995 0.5726 1.7332 1.2388 -2.8668 0.0054
Car 0.0000 0 0.5062 0.0000 0.0000 1224.0000 370.0000 1.4515 1.5952 4.4189 -19.2761 1.6166 0.5305 -1.0187 0.0054
Car 0.0000 0 0.0024 551.1893 167.4971 636.8342 201.4367 1.4950 1.6774 3.7748 -0.5128 0.9237 31.9997 -0.0116 0.0054
Car 0.0000 0 -1.3268 682.6617 160.6322 744.4175 199.6969 1.5124 1.6474 3.9164 4.5709 0.7447 29.4925 -1.1728 0.0054
Car 0.0000 0 -1.7768 552.7516 161.3486 606.3195 197.9334 1.5903 1.6741 4.1580 -1.2734 0.7593 32.9496 -1.8131 0.0054
Car 0.0000 0 2.9400 0.0000 0.0000 1224.0000 370.0000 1.5216 1.7369 4.5436 -26.6938 1.6614 1.3394 1.4330 0.0054
Car 0.0000 0 3.2163 109.7737 191.2736 241.7167 234.7759 1.4409 1.7152 4.0032 -15.5943 1.8622 25.8918 2.6812 0.0054
Car 0.0000 0 -1.4395 485.1127 183.8988 568.4198 241.1052 1.3198 1.6433 3.9800 -1.9746 1.4203 18.5592 -1.5419 0.0053
Car 0.0000 0 2.8885 612.9172 167.1471 711.2578 202.3339 1.3940 1.6572 3.7437 2.2968 0.8665 29.1459 2.9681 0.0053
Car 0.0000 0 1.7935 568.1457 168.2944 622.6703 202.2245 1.4258 1.6525 3.7453 -0.3857 0.9144 31.7109 1.7833 0.0053
Car 0.0000 0 3.5163 108.2235 190.5957 252.2934 231.3738 1.4147 1.7385 4.2568 -15.7098 1.8089 26.3047 2.9848 0.0053
Car 0.0000 0 2.5341 0.0000 176.6342 39.6000 235.9598 1.5688 1.6002 4.0469 -19.3673 1.4682 20.8429 1.7947 0.0053
Car 0.0000 0 1.1927 599.8962 154.4816 681.9514 197.2719 1.6862 1.8322 4.9120 1.4103 0.6624 30.4775 1.2404 0.0053
Car 0.0000 0 1.4617 626.9909 164.5354 678.2482 203.0472 1.4922 1.7127 3.7177 1.8843 0.8751 29.2849 1.5271 0.0052
Car 0.0000 0 -0.0352 561.1053 170.3306 651.8814 202.0201 1.4386 1.7184 4.1322 0.0256 0.9784 33.0187 -0.0326 0.0052
Car 0.0000 0 -0.8999 0.0000 187.2734 115.6766 237.3403 1.5404 1.6447 3.7374 -18.8707 1.7912 24.1384 -1.5555 0.0052
Car 0.0000 0 0.3802 567.8651 166.4272 661.8802 199.7457 1.4258 1.6879 3.8760 0.4268 0.8251 31.7775 0.3954 0.0052
Car 0.0000 0 -1.4253 598.3464 167.0748 644.6445 200.0403 1.4132 1.6447 3.2148 0.7758 0.8392 32.0297 -1.3995 0.0052
Pedestrian 0.0000 0 -2.4467 919.8923 68.9678 1224.0000 370.0000 1.6618 0.6085 1.0586 1.3366 1.4868 1.7100 -1.8630 0.0052
Pedestrian 0.0000 0 -1.5493 48.0895 171.8209 77.9186 250.4189 1.5798 0.4712 0.5465 -11.2034 1.4070 14.5658 -2.1925 0.0052
Car 0.0000 0 -0.7373 0.0000 0.0000 1224.0000 370.0000 1.5583 1.8026 3.8360 -19.2133 1.7031 1.7841 -2.1972 0.0052
Car 0.0000 0 -0.1923 886.5479 170.6206 1071.0728 230.9547 1.5054 1.6478 4.1317 9.8338 1.2605 18.9993 0.2802 0.0052
Pedestrian 0.0000 0 1.4701 47.5971 170.0466 78.6710 249.5567 1.5956 0.4602 0.5423 -11.1886 1.3874 14.5389 0.8266 0.0052
Car 0.0000 0 -1.2950 670.8923 161.8624 733.1732 199.5302 1.4757 1.6334 3.7536 4.1217 0.7470 29.7417 -1.1568 0.0051
Car 0.0000 0 2.6768 507.7178 159.9228 613.7536 197.3006 1.5464 1.7096 4.3465 -1.9397 0.6965 31.0747 2.6170 0.0051
Car 0.0000 0 -0.2828 644.6567 165.1734 741.5113 201.9561 1.4768 1.6231 3.6998 3.6162 0.8629 29.4780 -0.1602 0.0051
Car 0.0000 0 0.0102 671.9804 158.4949 791.8563 200.1759 1.5894 1.7876 4.5689 5.0202 0.7518 28.2578 0.1860 0.0051
Car 0.0000 0 1.1817 598.5534 159.2325 682.4261 199.3162 1.5535 1.8041 4.9303 1.3659 0.7307 30.0219 1.2286 0.0051
Car 0.0000 0 1.3918 587.1597 168.2340 637.3814 202.3457 1.4273 1.6288 3.5084 0.2473 0.9156 31.4457 1.4014 0.0051
Car 0.0000 0 -1.2963 668.4846 161.7875 733.1692 200.1367 1.5042 1.6901 3.9874 4.0987 0.7717 29.8938 -1.1596 0.0050
Car 0.0000 0 -2.6935 402.6438 166.6240 573.6578 228.0426 1.6572 1.7001 4.6261 -3.4107 1.2844 20.5445 -2.8537 0.0050
Car 0.0000 0 -1.5166 0.0000 0.0000 1224.0000 370.0000 1.3059 1.5286 3.5436 15.5158 1.4469 -0.0979 0.0412 0.0050
Car 0.0000 0 -1.8180 549.4012 160.6261 606.2324 198.4361 1.6365 1.6935 4.0239 -1.3458 0.7778 32.7665 -1.8567 0.0050
Car 0.0000 0 -1.4522 599.6318 165.6980 646.8525 199.7818 1.4557 1.7383 3.4461 0.8602 0.8250 32.0248 -1.4237 0.0050
Car 0.0000 0 0.7954 129.9978 192.0928 257.5591 233.6233 1.4342 1.7909 4.1236 -15.4884 1.8957 26.6278 0.2753 0.0050
Car 0.0000 0 2.5763 0.0000 0.0000 1224.0000 370.0000 1.4403 1.5830 3.9268 -26.2763 1.7180 1.6193 1.0809 0.0050
Car 0.0000 0 -1.5823 606.5518 168.3887 647.5845 201.1406 1.4039 1.7591 3.7110 0.9619 0.8862 32.1748 -1.5509 0.0050
Car 0.0000 0 1.8141 619.2426 165.6674 678.2986 203.6559 1.4314 1.5709 3.5414 1.8056 0.8740 28.5617 1.8784 0.0049
Car 0.0000 0 1.9775 0.0000 174.6413 12.5436 230.0033 1.6488 1.7553 4.3686 -21.7275 1.4759 23.4040 1.2378 0.0049
Car 0.0000 0 1.5349 0.0000 0.0000 1224.0000 370.0000 1.3998 1.5455 4.1617 16.0252 1.3347 0.0408 3.0845 0.0049
Car 0.0000 0 -1.5014 0.0000 0.0000 1224.0000 370.0000 1.3934 1.5478 3.7596 16.0090 1.3234 -0.2134 0.0640 0.0049
Car 0.0000 0 -0.2842 0.0000 0.0000 1224.0000 370.0000 1.6319 1.8269 3.6399 -19.2861 1.6058 1.5191 -1.7582 0.0049
Pedestrian 0.0000 0 2.1213 366.2392 169.9783 420.1098 270.9615 1.5649 0.5150 0.7460 -3.4451 1.4035 11.3792 1.8368 0.0049
Car 0.0000 0 -1.5172 565.0999 161.5109 606.6981 199.6035 1.6578 1.7117 3.9069 -0.8459 0.8329 32.7440 -1.5409 0.0049
Car 0.0000 0 0.1931 670.6913 157.6305 796.3903 200.9583 1.6049 1.7760 4.6182 5.0389 0.7593 27.8512 0.3719 0.0048
Car 0.0000 0 -1.3551 675.5999 162.4007 734.3727 200.6873 1.4720 1.6308 3.7949 4.1755 0.7777 29.2425 -1.2129 0.0048
Car 0.0000 0 0.1551 546.8890 167.3048 631.3100 200.9092 1.4814 1.6393 3.6359 -0.7094 0.9012 32.2209 0.1352 0.0048
Car 0.0000 0 -0.6642 0.0000 0.0000 1224.0000 370.0000 1.4147 1.6669 3.3912 -20.0434 1.6833 1.4188 -2.1467 0.0048
Car 0.0000 0 1.1739 683.7961 158.7823 770.3936 202.6161 1.5357 1.6898 4.3693 4.5347 0.7764 27.0870 1.3397 0.0048
Car 0.0000 0 1.7078 631.0906 167.9574 686.2051 206.3581 1.4703 1.7660 3.7059 2.2462 0.9916 29.0651 1.7859 0.0048
Car 0.0000 0 -1.4791 0.0000 0.0000 1224.0000 370.0000 1.3293 1.5455 3.6663 15.3596 1.5003 -0.1352 0.0810 0.0048
Car 0.0000 0 -3.2219 800.9508 159.6312 883.2054 190.6945 1.5595 1.6341 3.9293 12.2394 0.5132 36.7538 -2.9012 0.0048
Car 0.0000 0 -1.4707 631.5305 163.4312 679.7549 201.7192 1.4965 1.6467 3.7242 2.1566 0.8308 29.6061 -1.3969 0.0048
Car 0.0000 0 0.4447 0.0000 0.0000 1224.0000 370.0000 1.4764 1.6805 4.1110 -18.9488 1.5835 0.3333 -1.0898 0.0047
Car 0.0000 0 1.1695 598.6429 156.6209 684.2543 197.7901 1.6083 1.8206 5.0431 1.4168 0.6769 30.2966 1.2177 0.0047
Car 0.0000 0 -1.5439 566.0170 160.9716 605.2444 198.3268 1.6381 1.7158 4.1072 -0.8663 0.7832 33.0556 -1.5680 0.0047
Car 0.0000 0 -1.5293 858.1732 153.6472 896.7585 186.8183 1.6238 1.7137 4.0139 14.2072 0.3107 36.7893 -1.1618 0.0047
Car 0.0000 0 0.1280 651.7213 165.2442 747.1612 202.4757 1.4662 1.6441 3.7168 3.8879 0.8669 29.1127 0.2611 0.0047
Car 0.0000 0 -2.8214 0.0000 0.0000 1224.0000 370.0000 1.5279 1.5374 3.1768 5.9233 1.5034 -0.0470 -1.2958 0.0047
Car 0.0000 0 2.8854 579.6808 163.7864 692.3826 201.2055 1.4501 1.6485 4.2848 1.2064 0.8039 28.6540 2.9290 0.0046
Car 0.0000 0 2.8752 511.2187 160.6801 614.6555 197.8534 1.5797 1.6788 4.3151 -1.9031 0.7389 31.5239 2.8174 0.0046
Car 0.0000 0 1.0472 595.7454 154.7979 685.5982 197.1519 1.6788 1.8198 4.5581 1.4140 0.6615 30.4631 1.0950 0.0046
Car 0.0000 0 2.6358 603.9705 166.3855 697.8143 203.5369 1.4353 1.5595 3.4913 1.8465 0.8915 28.7598 2.7011 0.0046
Car 0.0000 0 0.4847 0.0000 0.0000 1224.0000 370.0000 1.4335 1.5165 2.6818 -18.5411 1.5506 1.1053 -1.0076 0.0046
Car 0.0000 0 1.7886 564.0620 166.8004 620.4875 201.9979 1.4619 1.7111 3.8351 -0.5171 0.8944 31.4131 1.7741 0.0046
Car 0.0000 0 2.1953 593.8901 163.6534 684.6464 202.8836 1.4216 1.5665 3.8776 1.3799 0.8126 27.6193 2.2466 0.0045
Car 0.0000 0 -0.9103 0.0000 0.0000 1224.0000 370.0000 1.5691 1.8524 3.8282 -19.5423 1.7068 1.4175 -2.3906 0.0045
Car 0.0000 0 -0.2300 554.1732 169.9246 642.8249 202.5847 1.4597 1.7074 3.8340 -0.3437 0.9885 32.8782 -0.2386 0.0045
Car 0.0000 0 1.1891 160.9088 199.6235 248.7038 243.1293 1.4561 1.6898 3.6755 -15.3766 2.2387 27.0627 0.6789 0.0045
Car 0.0000 0 -1.4312 550.0804 161.3276 597.5087 198.3579 1.5864 1.6337 3.8658 -1.3820 0.7665 32.2896 -1.4716 0.0044
Car 0.0000 0 -1.7309 601.0382 169.3760 651.0848 202.1502 1.4271 1.7380 3.7232 0.8962 0.9442 32.7410 -1.7020 0.0044
Car 0.0000 0 -1.6259 0.0000 0.0000 1224.0000 370.0000 1.3428 1.5546 3.7021 15.9485 1.3657 -0.0932 -0.0681 0.0044
Car 0.0000 0 -0.8163 0.0000 0.0000 1224.0000 370.0000 1.5681 1.8964 3.9126 -19.6423 1.7232 1.3980 -2.2981 0.0044
Car 0.0000 0 -1.4345 0.0000 0.0000 1224.0000 370.0000 1.4069 1.5692 3.5124 -19.2954 1.7058 1.1005 -2.9300 0.0044
Car 0.0000 0 2.8434 591.8131 164.8782 694.0558 201.4638 1.4191 1.6248 3.8319 1.4921 0.8147 28.6737 2.8967 0.0044
Car 0.0000 0 3.0681 582.8923 163.5199 692.5794 200.4264 1.4677 1.6801 4.3795 1.2618 0.7939 29.0155 3.1130 0.0044
Car 0.0000 0 1.7785 564.6909 167.0918 619.3179 202.1107 1.4604 1.6957 3.7088 -0.5339 0.9027 31.4630 1.7635 0.0044
Car 0.0000 0 3.0712 0.0000 0.0000 1224.0000 370.0000 1.4651 1.5458 3.7562 -23.5493 1.7392 1.2773 1.5698 0.0044
Car 0.0000 0 -2.8437 398.7070 165.6838 559.2803 225.1666 1.6661 1.7586 4.3598 -3.6998 1.2526 20.9480 -3.0141 0.0043
Car 0.0000 0 2.0361 611.7121 167.2448 686.6381 205.9400 1.4349 1.5001 3.6449 1.7993 0.9449 28.1649 2.1010 0.0043
Car 0.0000 0 0.0508 654.9405 163.4879 747.7923 200.2059 1.4564 1.5894 3.6977 3.9703 0.7831 29.1630 0.1866 0.0043
Car 0.0000 0 -2.7019 526.3776 164.2170 621.4765 198.5515 1.5285 1.6893 4.1136 -1.4712 0.8051 33.0456 -2.7441 0.0043
Car 0.0000 0 2.1235 0.0000 173.9112 31.4753 236.6772 1.5975 1.7047 4.4248 -18.8410 1.4314 20.3225 1.3855 0.0043
Car 0.0000 0 -2.8996 607.2358 164.3514 704.7876 201.1535 1.4642 1.6146 3.7806 2.1176 0.8232 29.4791 -2.8268 0.0043
Car 0.0000 0 -2.6284 0.0000 0.0000 1224.0000 370.0000 1.4515 1.7185 3.9330 9.8965 1.3991 0.0578 -1.0946 0.0043
Cyclist 0.0000 0 -2.0831 952.0563 161.1532 1021.5333 245.2088 1.5679 0.4219 1.6915 7.4983 1.2087 14.0357 -1.6000 0.0043
Car 0.0000 0 -1.7862 550.2258 161.6195 604.3834 199.1441 1.6147 1.6884 3.9069 -1.3566 0.8037 32.5224 -1.8256 0.0043
Car 0.0000 0 -1.7205 827.1985 152.7845 873.2175 186.9605 1.7233 1.7349 3.9677 13.0152 0.3272 37.7545 -1.3893 0.0043
Car 0.0000 0 1.1677 167.7858 199.9912 257.2019 243.9662 1.4696 1.6478 3.7939 -15.0802 2.2672 27.0549 0.6655 0.0043
Car 0.0000 0 1.0592 678.3099 158.9000 774.3013 202.6736 1.5478 1.7039 4.4031 4.5485 0.7856 27.3564 1.2240 0.0043
Car 0.0000 0 -1.8842 613.0425 159.9990 685.2631 200.2872 1.5784 1.7417 4.5336 1.7583 0.7767 30.1087 -1.8246 0.0042
Car 0.0000 0 1.5098 591.5355 168.4073 634.4075 203.0299 1.4506 1.6831 3.6528 0.2815 0.9455 31.4857 1.5205 0.0042
Car 0.0000 0 -1.9332 608.6749 158.2436 687.6268 199.8859 1.6359 1.7815 4.7877 1.7172 0.7631 30.3222 -1.8753 0.0042
Car 0.0000 0 1.1371 675.1177 164.2671 756.7042 203.7586 1.4451 1.7142 3.8472 4.2687 0.8526 27.9536 1.2888 0.0042
Car 0.0000 0 -1.6582 633.2086 162.6550 680.2335 200.7022 1.5117 1.6567 3.7547 2.1099 0.8042 29.9789 -1.5868 0.0042
Car 0.0000 0 0.3402 656.7431 164.8278 754.6403 201.9299 1.4298 1.5950 3.6221 4.0684 0.8274 28.7882 0.4809 0.0042
Car 0.0000 0 -0.9811 554.1831 166.3737 630.3917 200.8948 1.4769 1.7530 3.6220 -0.5421 0.8740 32.2400 -0.9959 0.0042
Car 0.0000 0 -0.6208 652.1691 159.7348 763.3350 198.6376 1.5424 1.7625 4.4469 4.3327 0.7206 29.8302 -0.4762 0.0042
Car 0.0000 0 2.5940 592.7271 163.1717 691.4426 201.2468 1.4382 1.5974 3.6432 1.4705 0.7852 28.2700 2.6473 0.0042
Car 0.0000 0 2.6227 580.5543 162.9097 692.1503 201.8669 1.4631 1.6404 4.1909 1.2463 0.8040 28.2356 2.6682 0.0042
Car 0.0000 0 -0.9360 0.0000 187.7482 115.3189 236.1223 1.4972 1.5903 3.7270 -18.9336 1.7674 24.3195 -1.5895 0.0042
Car 0.0000 0 -0.3398 837.3345 152.8554 929.8864 185.4084 1.6335 1.7391 4.0857 14.2747 0.2477 36.4098 0.0327 0.0041
Car 0.0000 0 1.7485 175.4568 198.4205 242.8634 241.7191 1.4444 1.6298 3.5831 -15.1397 2.1840 27.1593 1.2464 0.0041
Cyclist 0.0000 0 -1.7701 836.3828 163.9419 883.2589 266.0385 1.6363 0.3660 1.9484 4.3635 1.3726 12.3168 -1.4359 0.0041
Car 0.0000 0 2.8409 619.9940 167.5103 717.0640 203.3163 1.4129 1.6620 3.6483 2.5622 0.9018 29.0906 2.9296 0.0041
Car 0.0000 0 0.7465 143.8296 197.4450 267.1236 239.9090 1.4655 1.6584 4.0025 -15.0843 2.1376 26.6958 0.2387 0.0041
Car 0.0000 0 1.1368 665.2661 161.9106 757.3570 205.3327 1.4838 1.7523 4.2744 3.8353 0.8501 26.4546 1.2809 0.0041
Car 0.0000 0 1.9631 0.0000 173.5852 11.5823 228.5719 1.6406 1.7691 4.3771 -21.7776 1.4358 23.4492 1.2232 0.0041
Car 0.0000 0 -1.4217 671.9614 165.3145 722.9011 202.6100 1.4422 1.6087 3.3066 3.8376 0.8565 29.1473 -1.2904 0.0041
Car 0.0000 0 3.0284 0.0000 0.0000 1224.0000 370.0000 1.4463 1.5810 3.8900 -23.5261 1.7630 1.4777 1.5356 0.0041
Car 0.0000 0 -2.8759 0.0000 0.0000 1224.0000 370.0000 1.5485 1.6335 4.0950 20.2245 0.7651 1.6473 -1.4009 0.0040
Car 0.0000 0 1.6061 605.3987 158.4114 649.8704 198.3098 1.5586 1.7157 4.4408 1.0032 0.6972 29.8906 1.6412 0.0040
Car 0.0000 0 -0.7630 0.0000 0.0000 1224.0000 370.0000 1.5129 1.6711 3.5336 -19.9439 1.6731 1.6494 -2.2336 0.0040
Car 0.0000 0 2.2868 0.0000 170.8468 34.6473 233.8836 1.6385 1.5901 4.2586 -19.0655 1.3892 20.5201 1.5477 0.0040
Car 0.0000 0 -1.4919 0.0000 0.0000 1224.0000 370.0000 1.6016 1.7246 4.0567 20.6346 0.9153 0.0383 0.0627 0.0040
Car 0.0000 0 -2.8837 0.0000 0.0000 1224.0000 370.0000 1.5670 1.5428 3.1421 5.8888 1.4756 -0.1337 -1.3437 0.0040
Car 0.0000 0 -1.9588 887.5260 162.9016 1014.7222 227.7410 1.6075 1.6989 4.0960 9.3814 1.1728 19.6146 -1.5173 0.0040
Car 0.0000 0 2.4959 605.5837 167.4834 705.9475 204.0239 1.3986 1.6006 3.8977 2.0714 0.9019 28.7868 2.5688 0.0040
Car 0.0000 0 -1.2683 671.8292 161.5296 736.2850 200.4238 1.5149 1.6336 3.7209 4.1814 0.7775 29.5652 -1.1274 0.0040
Car 0.0000 0 -0.0263 814.7391 161.4676 900.8247 191.5700 1.4941 1.6726 4.0962 12.9791 0.5509 36.5179 0.3142 0.0040
Car 0.0000 0 0.8372 140.3758 197.2491 257.2314 240.2075 1.4700 1.6855 3.8628 -15.3518 2.1375 26.6995 0.3220 0.0040
Car 0.0000 0 -0.0779 0.0000 0.0000 1224.0000 370.0000 1.4378 1.5100 2.9730 -18.8093 1.6253 1.2934 -1.5614 0.0040
Pedestrian 0.0000 0 -0.8618 1148.1207 157.6880 1206.9661 259.5541 1.6379 0.4842 0.5968 9.3923 1.2728 11.6590 -0.1953 0.0040
Car 0.0000 0 -0.0849 663.7626 159.3329 767.3407 198.5636 1.5608 1.7418 4.0772 4.4592 0.7201 29.1304 0.0672 0.0040
Car 0.0000 0 1.4572 0.0000 0.0000 1224.0000 370.0000 1.2999 1.4293 3.2197 13.9234 1.4774 -0.1620 3.0179 0.0040
Car 0.0000 0 0.1691 0.0000 0.0000 1224.0000 370.0000 1.5183 1.7958 5.0608 -18.9038 1.5331 0.1977 -1.3725 0.0040
Car 0.0000 0 4.3385 0.0000 0.0000 1224.0000 370.0000 1.4748 1.7429 3.7322 -30.3645 1.8814 -0.0844 2.7772 0.0039
Cyclist 0.0000 0 3.0577 0.0000 0.0000 1224.0000 370.0000 1.6898 0.5625 1.7519 -1.7463 1.6950 0.3028 1.8327 0.0039
Pedestrian 0.0000 0 2.7344 99.2371 175.9063 151.0832 265.0274 1.5618 0.4672 0.6460 -8.7176 1.4829 12.7836 2.1492 0.0039
Car 0.0000 0 0.1138 0.0000 0.0000 1224.0000 370.0000 1.5038 1.6229 3.1224 -18.9127 1.6127 1.0967 -1.3804 0.0039
Car 0.0000 0 -0.1128 547.4869 165.9730 635.2723 198.9122 1.4931 1.6427 3.9511 -0.6900 0.8361 33.1185 -0.1316 0.0039
Car 0.0000 0 -0.1717 798.2703 161.4748 891.8879 192.5025 1.5488 1.7195 4.3369 12.2931 0.6006 36.4676 0.1525 0.0039
Car 0.0000 0 -3.1844 0.0000 0.0000 1224.0000 370.0000 1.5753 1.6655 4.4750 19.4158 0.8799 2.1314 -1.7379 0.0039
Car 0.0000 0 -1.6229 850.8609 153.2624 889.3557 186.5507 1.6431 1.6692 3.9518 13.8156 0.3001 37.0296 -1.2668 0.0039
Car 0.0000 0 1.5776 0.0000 0.0000 1224.0000 370.0000 1.2978 1.4296 3.1261 13.6977 1.4084 -0.1810 3.1395 0.0039
Car 0.0000 0 -1.4483 0.0000 0.0000 1224.0000 370.0000 1.3370 1.5668 3.4746 15.5571 1.4414 -0.2427 0.1188 0.0039
Car 0.0000 0 -0.3006 910.0262 171.7613 1092.4380 229.1084 1.4224 1.6269 3.8980 10.3008 1.2073 18.7120 0.1971 0.0039
Car 0.0000 0 -1.6219 852.5380 154.4928 890.6473 186.9266 1.6011 1.6572 3.8225 13.8731 0.3187 36.9700 -1.2639 0.0039
Car 0.0000 0 0.2490 661.8913 161.7025 771.3351 200.7737 1.4997 1.6660 4.1066 4.5062 0.7797 28.7087 0.4049 0.0039
Car 0.0000 0 -0.9493 0.0000 0.0000 1224.0000 370.0000 1.6176 1.7875 4.0568 -19.5696 1.7130 1.3436 -2.4335 0.0039
Car 0.0000 0 1.8410 183.8995 198.3558 257.6948 241.2197 1.4440 1.5975 3.5350 -14.7601 2.1829 27.2944 1.3516 0.0038
Car 0.0000 0 2.4808 0.0000 184.9180 102.3762 234.9210 1.4781 1.5702 3.8125 -18.9834 1.6379 23.2908 1.8053 0.0038
Car 0.0000 0 -0.9317 567.2263 166.1224 639.4061 198.8747 1.4618 1.7733 3.3302 -0.0554 0.8215 33.4163 -0.9315 0.0038
Car 0.0000 0 -1.4441 0.0000 0.0000 1224.0000 370.0000 1.3432 1.5566 3.5256 15.7748 1.3950 -0.2782 0.1253 0.0038
Car 0.0000 0 -2.8743 0.0000 0.0000 1224.0000 370.0000 1.6044 1.5378 3.0322 5.8859 1.5371 -0.0527 -1.3480 0.0038
Car 0.0000 0 2.2901 591.6726 162.3861 687.4894 202.1957 1.4630 1.5703 3.9441 1.4015 0.7989 27.9416 2.3416 0.0038
Car 0.0000 0 -3.1604 634.4891 169.4261 743.3618 205.0187 1.4088 1.6467 4.3119 3.3874 0.9720 29.0116 -3.0436 0.0038
Cyclist 0.0000 0 -2.0766 939.2930 162.9483 1005.6962 242.4503 1.5387 0.4112 1.7261 7.4833 1.2006 14.5498 -1.6087 0.0038
Car 0.0000 0 3.0675 590.3236 164.3760 694.3099 200.8842 1.4560 1.6532 4.1548 1.4544 0.8144 29.0667 3.1189 0.0038
Car 0.0000 0 -1.3868 480.4758 181.6602 576.3806 240.8025 1.3712 1.7330 4.3080 -1.9207 1.4071 18.6941 -1.4857 0.0038
Car 0.0000 0 -1.5753 635.4102 162.9299 677.5213 201.3305 1.5226 1.6686 3.9603 2.1541 0.8275 30.0629 -1.5026 0.0038
Car 0.0000 0 -1.2928 661.0198 163.3098 723.8862 200.7180 1.4883 1.6589 3.9040 3.7858 0.8059 30.2458 -1.1678 0.0038
Car 0.0000 0 1.4855 678.0841 169.3695 728.5907 206.3988 1.3923 1.6878 3.7525 3.8721 0.9753 28.4963 1.6209 0.0037
Car 0.0000 0 -0.0469 0.0000 0.0000 1224.0000 370.0000 1.5411 1.7832 4.6306 -26.7886 1.6497 1.6397 -1.5430 0.0037
Car 0.0000 0 1.8895 181.9377 198.0593 261.1353 240.9734 1.4490 1.6238 3.6107 -14.7551 2.1775 27.3531 1.4011 0.0037
Car 0.0000 0 3.0146 0.0000 0.0000 1224.0000 370.0000 1.5249 1.5329 3.7337 -23.6184 1.7218 0.9600 1.4997 0.0037
Car 0.0000 0 3.7166 0.0000 183.8132 117.4682 225.9767 1.4653 1.6417 4.2414 -20.5064 1.5921 25.7330 3.0515 0.0037
Car 0.0000 0 -0.8108 0.0000 167.6311 15.2400 201.6878 1.7467 1.7450 4.4320 -34.8889 1.0881 38.4999 -1.5411 0.0037
Car 0.0000 0 -2.5291 0.0000 0.0000 1224.0000 370.0000 1.5685 1.6310 4.0040 20.6924 0.6994 1.6170 -1.0504 0.0037
Car 0.0000 0 0.0447 807.4924 162.3037 898.2773 193.0513 1.5171 1.7499 4.3265 12.7716 0.6207 36.4970 0.3803 0.0037
Car 0.0000 0 4.0690 0.0000 0.0000 1224.0000 370.0000 1.4367 1.6165 3.7529 -19.5141 1.7035 0.3104 2.5322 0.0037
Car 0.0000 0 4.4127 0.0000 0.0000 1224.0000 370.0000 1.4554 1.7260 3.7752 -30.3983 1.8809 -0.1231 2.8501 0.0037
Car 0.0000 0 -0.8981 0.0000 0.0000 1224.0000 370.0000 1.6606 1.8395 3.9541 -19.5091 1.6701 1.7609 -2.3608 0.0037
Car 0.0000 0 2.6942 607.9284 168.5833 714.1971 205.0052 1.4135 1.6484 4.0170 2.2678 0.9526 28.9276 2.7734 0.0037
Car 0.0000 0 2.0630 188.5844 200.2792 274.3113 242.7027 1.4538 1.5534 3.2979 -14.4211 2.2692 27.4318 1.5851 0.0037
Car 0.0000 0 -1.2078 629.4745 164.1098 696.4020 201.5307 1.4634 1.6348 3.5537 2.4631 0.8239 29.6007 -1.1238 0.0037
Car 0.0000 0 2.0283 189.8167 201.0479 273.4659 243.3870 1.4466 1.5427 3.3411 -14.4354 2.2956 27.4740 1.5506 0.0037
Car 0.0000 0 2.3621 590.4810 163.2757 689.1001 202.6306 1.4485 1.5776 3.9051 1.3987 0.8160 27.9060 2.4135 0.0037
Car 0.0000 0 3.4286 101.4252 189.0119 253.1426 231.9270 1.4827 1.7726 4.5297 -15.8450 1.8190 26.3954 2.8948 0.0036
Car 0.0000 0 -4.6861 0.0000 0.0000 1224.0000 370.0000 1.6351 1.6356 3.7089 20.0497 0.8660 -0.2379 -3.1182 0.0036
Car 0.0000 0 -0.6389 651.7229 160.4709 761.0280 198.9578 1.5251 1.7443 4.3909 4.2767 0.7329 29.8245 -0.4960 0.0036
Car 0.0000 0 0.9850 670.6155 163.0616 763.2487 204.1367 1.4786 1.6897 3.8828 4.2474 0.8524 27.5630 1.1380 0.0036
Car 0.0000 0 1.8921 580.1613 166.2381 642.7213 201.0497 1.4262 1.6441 3.7259 0.3282 0.8434 30.9925 1.9045 0.0036
Car 0.0000 0 2.4059 603.1652 168.0863 693.9548 206.1206 1.4378 1.5407 3.5191 1.7595 0.9700 28.4220 2.4688 0.0036
Car 0.0000 0 1.9912 0.0000 166.3231 8.6900 226.6012 1.7954 1.7570 4.4952 -21.9719 1.3747 23.4650 1.2472 0.0036
Car 0.0000 0 -2.7763 633.2104 166.9890 756.3976 205.6435 1.4426 1.7121 4.5659 3.5323 0.9399 28.2128 -2.6513 0.0035
Car 0.0000 0 2.4127 532.4308 164.4112 622.8167 200.3107 1.4881 1.6613 3.8645 -1.1825 0.8227 31.2407 2.3771 0.0035
Cyclist 0.0000 0 0.6212 66.1482 169.5151 167.5037 262.6890 1.6536 0.4105 1.5683 -8.8514 1.4602 12.7705 0.0285 0.0035
Car 0.0000 0 -1.3328 651.7108 161.6942 714.8700 200.5934 1.5487 1.7580 4.1897 3.4217 0.8015 30.4141 -1.2201 0.0035
Car 0.0000 0 -1.0191 0.0000 0.0000 1224.0000 370.0000 1.6083 1.7281 3.7669 -19.4803 1.6928 1.2902 -2.5056 0.0035
Car 0.0000 0 -2.8985 575.3019 161.6973 689.5549 199.6683 1.5012 1.6732 4.4729 1.1320 0.7593 29.3773 -2.8585 0.0035
Car 0.0000 0 -0.7616 943.4549 170.5794 1130.8763 239.3818 1.5352 1.7243 3.6950 10.3116 1.3154 17.0217 -0.2236 0.0035
Car 0.0000 0 0.5435 0.0000 0.0000 1224.0000 370.0000 1.3799 1.3877 2.7743 -18.4942 1.5590 1.2092 -0.9430 0.0035
Car 0.0000 0 -0.2941 656.1531 161.2223 761.3143 199.6436 1.5390 1.7236 4.0073 4.2608 0.7683 29.4678 -0.1502 0.0035
Car 0.0000 0 -0.2071 927.9250 170.3272 1112.3744 231.0284 1.4846 1.7939 3.9145 10.7797 1.2374 18.7377 0.3093 0.0035
Car 0.0000 0 -3.0743 0.0000 0.0000 1224.0000 370.0000 1.3100 1.6285 3.3241 14.8487 1.4707 0.0430 -1.5266 0.0035
Car 0.0000 0 -1.8287 1176.7689 157.7589 1224.0000 217.4306 1.5851 1.5406 3.5538 18.1939 0.9826 20.7119 -1.1139 0.0035
Car 0.0000 0 -1.3421 667.2532 162.9661 723.9131 201.0190 1.4941 1.5954 3.5543 3.8394 0.8072 29.7013 -1.2130 0.0035
Car 0.0000 0 -0.1570 919.3126 173.0593 1099.0609 232.5577 1.4508 1.7117 3.8907 10.4721 1.2710 18.7036 0.3478 0.0035
Car 0.0000 0 0.4876 0.0000 0.0000 1224.0000 370.0000 1.3882 1.4153 2.6206 -18.5038 1.5755 1.1626 -1.0014 0.0034
Car 0.0000 0 -0.4965 0.0000 188.9030 112.8278 237.8351 1.4877 1.5543 3.7650 -19.3437 1.8014 24.2272 -1.1623 0.0034
Car 0.0000 0 -1.6666 927.9694 164.4719 1012.6902 229.3853 1.5888 1.6617 3.7898 9.8504 1.1981 19.3671 -1.2010 0.0034
Car 0.0000 0 -1.5750 0.0000 0.0000 1224.0000 370.0000 1.3622 1.7374 4.2690 10.6719 1.2596 0.6744 -0.0959 0.0034
Car 0.0000 0 -1.0995 557.2031 164.5158 627.6962 199.4326 1.4889 1.7787 3.5548 -0.5292 0.8088 32.1322 -1.1139 0.0034
Car 0.0000 0 3.1463 0.0000 0.0000 1224.0000 370.0000 1.4821 1.5044 3.8530 -23.3193 1.6969 1.3750 1.6498 0.0034
Car 0.0000 0 1.8179 580.9276 164.1420 640.5493 200.8238 1.4855 1.6651 3.9762 0.3013 0.8246 30.7638 1.8295 0.0034
Car 0.0000 0 1.0456 670.9844 159.2740 765.4493 201.9666 1.4956 1.6918 4.1535 4.1911 0.7536 27.0067 1.1996 0.0034
Car 0.0000 0 -1.9892 832.1895 156.8292 895.0759 189.6306 1.6283 1.6654 3.8430 13.4662 0.4547 37.0684 -1.6417 0.0034
Car 0.0000 0 0.3641 0.0000 0.0000 1224.0000 370.0000 1.5629 1.6714 4.1992 -19.3022 1.6022 0.8962 -1.1419 0.0034
Car 0.0000 0 1.2612 671.5928 170.4080 740.5803 207.9636 1.3812 1.6651 3.5989 3.8877 1.0116 27.9137 1.3998 0.0033
Car 0.0000 0 -2.8255 570.0749 156.2395 691.5121 197.8173 1.6546 1.8033 4.7938 1.0673 0.6906 29.8080 -2.7881 0.0033
Car 0.0000 0 2.1119 607.0813 168.3790 685.8224 206.3969 1.4064 1.4673 3.6087 1.6806 0.9595 28.0530 2.1729 0.0033
Car 0.0000 0 1.0551 672.5756 159.9181 765.0042 203.5494 1.5385 1.6887 4.0912 4.2375 0.8143 27.1382 1.2101 0.0033
Car 0.0000 0 -1.5196 819.4888 157.9660 856.6019 190.4755 1.6039 1.6537 3.8054 12.2071 0.4936 36.9510 -1.2013 0.0033
Car 0.0000 0 -2.9039 583.2216 163.2223 697.9169 200.6870 1.4812 1.7083 4.4890 1.4719 0.7996 29.4080 -2.8525 0.0033
Car 0.0000 0 -0.8524 561.0980 168.4857 640.5793 202.1312 1.4748 1.6990 3.6785 -0.1648 0.9496 32.9331 -0.8555 0.0033
Car 0.0000 0 -1.0753 0.0000 0.0000 1224.0000 370.0000 1.5784 1.7994 4.0040 -19.2134 1.6922 1.6696 -2.5412 0.0033
Car 0.0000 0 -3.1876 626.3339 170.4513 732.8084 207.0220 1.4050 1.7094 4.0900 2.8923 1.0205 28.1297 -3.0845 0.0033
Car 0.0000 0 0.8257 579.7193 165.4410 669.2165 201.1219 1.4747 1.7858 3.8955 0.7857 0.8538 31.2719 0.8525 0.0033
Car 0.0000 0 -1.4635 784.6760 141.3606 820.2272 178.7071 2.3903 1.8359 4.6544 13.4512 -0.1268 47.9915 -1.1900 0.0033
Car 0.0000 0 1.0315 671.9627 160.2020 765.1790 203.7138 1.5452 1.6901 4.0682 4.2585 0.8259 27.3063 1.1863 0.0033
Car 0.0000 0 -2.9716 0.0000 0.0000 1224.0000 370.0000 1.5827 1.6394 3.8892 20.2981 0.7709 1.1219 -1.4705 0.0032
Car 0.0000 0 -3.1400 880.7984 167.8917 1037.7909 227.7085 1.4775 1.6207 3.6235 9.3823 1.1677 18.9848 -2.6859 0.0032
Car 0.0000 0 -1.8024 834.2224 154.1031 886.3098 187.6568 1.6779 1.7014 4.0241 13.4324 0.3593 37.4473 -1.4589 0.0032
Car 0.0000 0 4.1361 0.0000 0.0000 1224.0000 370.0000 1.4961 1.6933 3.5080 -30.0490 1.8931 -0.0425 2.5762 0.0032
Car 0.0000 0 1.3518 580.2094 167.3335 635.4738 203.2946 1.5266 1.7222 3.7555 0.0454 0.9692 32.0294 1.3550 0.0031
Car 0.0000 0 -3.2637 0.0000 0.0000 1224.0000 370.0000 1.5763 1.6947 4.2984 19.7287 0.8066 1.8905 -1.8032 0.0031
Car 0.0000 0 2.0914 558.4836 165.3400 628.0325 200.4556 1.5117 1.6669 3.4843 -0.5009 0.8605 32.3603 2.0780 0.0031
Car 0.0000 0 -2.7860 649.5726 168.2560 755.1951 205.2331 1.4232 1.5781 3.9669 3.9319 0.9534 28.8398 -2.6502 0.0031
Car 0.0000 0 0.8761 965.5605 171.0369 1137.0677 234.5119 1.4428 1.6384 3.7679 11.1490 1.2293 18.0508 1.4232 0.0031
Car 0.0000 0 -0.0506 549.6183 170.1455 636.7819 201.4216 1.4196 1.6582 3.9774 -0.6036 0.9511 33.0468 -0.0668 0.0031
Car 0.0000 0 -0.4733 824.1901 157.7903 913.1525 189.4563 1.5985 1.6515 4.0209 13.6548 0.4535 36.7435 -0.1185 0.0031
Car 0.0000 0 0.9455 591.6282 156.9798 694.0453 200.3259 1.6956 1.8326 4.9061 1.4827 0.7770 30.2100 0.9959 0.0031
Car 0.0000 0 -1.6353 0.0000 0.0000 1224.0000 370.0000 1.3153 1.5739 3.5779 15.7001 1.4595 -0.1188 -0.0760 0.0031
Car 0.0000 0 0.0057 553.2931 166.3674 640.3718 201.6336 1.5771 1.7959 3.8950 -0.3880 0.9465 32.5197 -0.0043 0.0031
Car 0.0000 0 0.1645 663.2299 159.7765 777.5745 200.8275 1.5811 1.7515 4.3631 4.6817 0.7844 28.7554 0.3260 0.0031
Car 0.0000 0 -2.8249 573.6049 158.0631 696.7079 198.4116 1.6073 1.8789 4.8574 1.2557 0.7150 29.8954 -2.7814 0.0031
Car 0.0000 0 2.2222 1086.9094 162.0297 1224.0000 239.6833 1.4958 1.8206 4.2450 12.7236 1.1416 14.9729 2.9178 0.0031
Car 0.0000 0 -1.8003 823.8752 154.0301 876.2401 187.3516 1.6818 1.7661 3.9898 12.9995 0.3472 37.7561 -1.4695 0.0031
Car 0.0000 0 -2.1986 0.0000 182.7214 112.3299 225.0726 1.4382 1.6335 4.0843 -20.1385 1.5241 25.5008 -2.8593 0.0031
Car 0.0000 0 4.2232 0.0000 0.0000 1224.0000 370.0000 1.5039 1.6584 3.5663 -30.2478 1.8591 -0.2702 2.6557 0.0030
Car 0.0000 0 1.8901 622.6667 171.3460 687.4420 208.0612 1.3453 1.5082 3.5292 2.0071 1.0114 27.8211 1.9631 0.0030
Car 0.0000 0 -1.8161 597.0472 168.9785 649.3138 199.3369 1.3684 1.6852 3.5225 0.7951 0.8505 33.7684 -1.7909 0.0030
Car 0.0000 0 -1.0420 0.0000 163.4389 6.0581 225.5704 1.8345 1.7979 4.2703 -21.9820 1.3323 23.1516 -1.7929 0.0030
Car 0.0000 0 -0.0984 0.0000 0.0000 1224.0000 370.0000 1.5421 1.7380 3.8344 -19.7564 1.5848 0.8262 -1.6095 0.0030
Car 0.0000 0 -1.3659 651.7020 161.2113 712.8387 200.4572 1.5643 1.7977 4.1903 3.3812 0.7970 30.4480 -1.2545 0.0030
Car 0.0000 0 -0.5709 642.3878 162.3564 746.0834 201.3851 1.5586 1.7171 4.0656 3.7576 0.8355 29.8809 -0.4453 0.0030
Car 0.0000 0 0.3673 667.3307 158.3569 788.7328 201.5222 1.5620 1.7024 4.3141 4.7145 0.7622 27.4157 0.5375 0.0030
Car 0.0000 0 -0.4853 945.8951 171.8318 1119.3026 229.7663 1.4620 1.6781 3.5673 11.1989 1.2448 18.7594 0.0471 0.0030
Cyclist 0.0000 0 0.8328 1001.2707 160.2030 1077.2827 229.2978 1.6017 0.5193 1.7692 10.5494 1.1328 17.3038 1.3739 0.0030
Car 0.0000 0 -1.7991 815.1479 155.3752 868.5389 188.7707 1.6813 1.7720 4.2594 12.5674 0.4178 37.7945 -1.4788 0.0030
Car 0.0000 0 2.5774 937.4924 171.2804 1127.0088 232.9973 1.4273 1.5027 3.7171 10.2404 1.2157 17.1579 3.1091 0.0030
Car 0.0000 0 -2.8878 656.1816 166.9257 757.3964 203.8063 1.4183 1.5927 3.7817 4.1024 0.8978 28.6502 -2.7453 0.0029
Car 0.0000 0 -0.1945 650.6097 163.1035 752.4647 201.4402 1.5465 1.6982 3.9516 3.9518 0.8462 29.4842 -0.0609 0.0029
Car 0.0000 0 0.3777 128.6745 198.2485 261.6766 240.9833 1.4660 1.7707 3.9128 -15.1941 2.1578 26.3495 -0.1387 0.0029
Car 0.0000 0 -1.4139 668.2690 163.3828 719.7201 200.7100 1.4738 1.5968 3.7240 3.8023 0.7995 29.9228 -1.2870 0.0029
Car 0.0000 0 1.4758 671.9990 163.0404 728.2360 206.1224 1.4922 1.6886 4.1762 3.4693 0.8890 26.6016 1.6058 0.0029
Car 0.0000 0 1.4238 667.5071 162.8422 723.4324 202.0903 1.4991 1.6831 4.0933 3.6170 0.8262 29.0669 1.5481 0.0029
Car 0.0000 0 2.2372 611.7233 170.1980 700.0576 206.7172 1.3716 1.5615 3.7494 2.0789 0.9862 28.4604 2.3112 0.0029
Car 0.0000 0 -1.0938 0.0000 0.0000 1224.0000 370.0000 1.5958 1.7769 4.0062 -19.3796 1.7069 1.1976 -2.5846 0.0029
Car 0.0000 0 2.4587 942.5785 170.6110 1133.1602 235.4533 1.4591 1.6943 3.6774 10.3011 1.2382 17.0095 2.9966 0.0029
Car 0.0000 0 -1.7904 838.1065 157.1215 886.5583 188.8013 1.5805 1.6251 3.6510 13.4573 0.4156 37.1839 -1.4440 0.0028
Car 0.0000 0 -0.1168 662.5436 158.9243 774.1395 199.3795 1.6171 1.7672 4.3731 4.5869 0.7562 29.2262 0.0391 0.0028
Car 0.0000 0 -1.3044 660.3358 162.0702 723.1598 200.5141 1.5230 1.6814 3.9258 3.7438 0.7944 30.1415 -1.1802 0.0028
Car 0.0000 0 -3.4271 879.8146 168.9982 1037.5632 225.8027 1.4191 1.5919 3.4192 9.2155 1.1334 18.7280 -2.9748 0.0028
Car 0.0000 0 4.0123 0.0000 0.0000 1224.0000 370.0000 1.5547 1.6967 3.8428 -19.7731 1.6478 0.2364 2.4715 0.0028
Car 0.0000 0 -1.4002 644.8525 161.4263 700.7474 199.8288 1.5262 1.7011 4.1533 2.9573 0.7697 30.3224 -1.3021 0.0028
Car 0.0000 0 -0.3560 655.8500 160.4254 765.8268 199.1342 1.5454 1.7306 4.1983 4.3633 0.7455 29.5053 -0.2089 0.0028
Car 0.0000 0 0.3944 667.4396 158.9921 789.7103 201.6699 1.5674 1.7313 4.4226 4.8097 0.7790 27.8771 0.5652 0.0028
Car 0.0000 0 -3.2553 646.8158 168.0853 744.4332 205.5379 1.4137 1.5807 3.6049 3.4440 0.9466 27.4946 -3.1303 0.0028
Car 0.0000 0 -1.5576 668.5407 163.9302 708.4700 201.0243 1.4768 1.5844 3.6332 3.5479 0.8186 30.0488 -1.4395 0.0027
Car 0.0000 0 1.8896 640.2776 164.8144 713.7870 204.0580 1.4817 1.7285 4.3210 3.0178 0.8910 29.0164 1.9940 0.0027
Pedestrian 0.0000 0 1.4911 34.9745 165.0380 69.6811 247.5201 1.6538 0.5215 0.6309 -11.4438 1.3454 14.5805 0.8381 0.0027
Car 0.0000 0 -2.9502 0.0000 0.0000 1224.0000 370.0000 1.6193 1.5335 3.0639 5.9121 1.5509 -0.0527 -1.4236 0.0027
Cyclist 0.0000 0 -1.5444 256.3484 176.6160 280.7047 252.3729 1.4858 0.4037 1.5610 -7.0060 1.4113 14.6588 -1.9800 0.0027
Car 0.0000 0 -1.1832 637.5873 162.4575 710.2773 201.1931 1.5310 1.6899 4.0008 2.9846 0.8194 30.1036 -1.0835 0.0027
Car 0.0000 0 -2.1682 597.1132 158.7081 699.0509 201.4500 1.6610 1.8379 4.9681 1.6919 0.8156 30.0749 -2.1107 0.0027
Car 0.0000 0 -0.3160 542.5746 167.8902 633.6821 201.9075 1.4730 1.6002 3.8145 -0.7904 0.9285 31.9999 -0.3387 0.0027
Car 0.0000 0 1.6903 656.4553 163.5842 714.6213 207.0118 1.4863 1.6821 4.0269 3.0481 0.9089 26.3482 1.8059 0.0027
Car 0.0000 0 1.2069 670.5324 168.6521 739.7307 206.2226 1.3860 1.5869 3.4008 3.8572 0.9504 27.9132 1.3445 0.0027
Car 0.0000 0 1.5206 662.7484 167.8387 712.0012 209.2713 1.4660 1.6641 3.6805 3.0435 1.0196 26.9021 1.6337 0.0027
Car 0.0000 0 -2.8565 588.9330 163.3711 698.6677 201.1775 1.4974 1.6668 4.2758 1.6024 0.8205 29.4984 -2.8009 0.0027
Car 0.0000 0 -3.1714 0.0000 0.0000 1224.0000 370.0000 1.5419 1.6321 3.9971 19.8669 0.7622 1.2768 -1.6796 0.0027
Car 0.0000 0 0.3743 662.8683 159.2437 783.8967 201.5468 1.5834 1.7374 4.4592 4.6896 0.7893 28.3484 0.5384 0.0026
Car 0.0000 0 0.4418 124.8283 197.1207 253.6559 240.0895 1.4872 1.7843 3.7312 -15.4066 2.1318 26.3125 -0.0812 0.0026
Car 0.0000 0 -0.6606 0.0000 171.2085 14.7784 203.5837 1.6544 1.7220 4.2802 -34.9115 1.1810 38.3844 -1.3928 0.0026
Car 0.0000 0 1.8038 563.9946 166.1844 621.8090 201.5528 1.4564 1.6929 3.8774 -0.4838 0.8684 31.1868 1.7903 0.0026
Car 0.0000 0 -0.8015 0.0000 190.4006 133.5835 246.7702 1.5151 1.6498 3.9532 -16.8543 1.8506 21.7833 -1.4514 0.0026
Car 0.0000 0 -1.9255 613.4187 163.0430 680.4343 201.2534 1.4994 1.6179 3.7108 1.6698 0.8159 29.7506 -1.8681 0.0026
Car 0.0000 0 0.8891 0.0000 182.2070 105.5904 224.3770 1.4264 1.6245 3.7659 -20.1242 1.4918 25.2185 0.2234 0.0026
Car 0.0000 0 0.4022 665.4636 160.8224 778.9625 202.0705 1.5474 1.7044 4.1538 4.6458 0.8107 28.3511 0.5647 0.0026
Car 0.0000 0 0.4435 0.0000 186.2023 136.3434 230.7662 1.5421 1.7007 4.3474 -20.1058 1.7642 26.0658 -0.2060 0.0026
Car 0.0000 0 0.8623 0.0000 182.1297 110.0181 225.1786 1.4755 1.7233 4.0509 -20.3958 1.5388 25.5638 0.1967 0.0026
Car 0.0000 0 -1.7470 912.8167 162.2191 1010.6160 228.3344 1.6348 1.6936 4.0590 9.7365 1.1844 19.6624 -1.2919 0.0026
Car 0.0000 0 0.4033 669.7693 160.4086 788.3301 202.4818 1.5217 1.6833 4.2045 4.7498 0.7966 27.4176 0.5747 0.0026
Car 0.0000 0 -1.4122 636.1628 163.0563 689.3805 200.6272 1.4874 1.6577 3.8965 2.5002 0.7983 30.0767 -1.3282 0.0026
Car 0.0000 0 1.2704 673.7965 162.4809 749.3721 205.3539 1.4988 1.6698 4.1479 3.9262 0.8704 26.8903 1.4156 0.0026
Car 0.0000 0 0.3836 0.0000 183.0757 135.5753 226.2203 1.5037 1.6933 4.1846 -20.1026 1.6055 26.1636 -0.2640 0.0025
Car 0.0000 0 0.3661 0.0000 0.0000 1224.0000 370.0000 1.4293 1.3942 2.8687 -18.6466 1.5672 1.0565 -1.1292 0.0025
Car 0.0000 0 0.4067 0.0000 182.9421 134.7718 226.8848 1.5276 1.6967 4.2885 -20.1290 1.6237 26.0625 -0.2434 0.0025
Car 0.0000 0 1.9929 622.1797 168.1395 698.3843 206.9575 1.4761 1.6112 4.0162 2.3213 1.0076 29.0292 2.0736 0.0025
Car 0.0000 0 1.1927 576.4241 168.1499 638.9775 203.3438 1.4961 1.6288 3.5561 0.0434 0.9726 32.0041 1.1958 0.0025
Car 0.0000 0 -3.1534 0.0000 0.0000 1224.0000 370.0000 1.6137 1.7309 4.7299 19.3598 0.7940 1.7613 -1.6884 0.0025
Car 0.0000 0 -0.9810 0.0000 164.3969 11.2918 225.7588 1.8085 1.8389 4.3570 -21.9429 1.3354 23.1306 -1.7314 0.0025
Car 0.0000 0 1.7889 647.1617 169.9484 712.6192 208.5251 1.4181 1.7236 4.2260 3.0503 1.0317 28.2635 1.8970 0.0024
Car 0.0000 0 -2.1142 821.3558 157.1288 889.2949 189.1393 1.5922 1.6276 3.7992 13.0752 0.4312 37.1901 -1.7770 0.0024
Cyclist 0.0000 0 0.2113 0.0000 0.0000 1224.0000 370.0000 1.5455 0.4694 1.6446 -7.0166 1.5065 0.4704 -1.2451 0.0024
Car 0.0000 0 -1.6863 0.0000 0.0000 1224.0000 370.0000 1.2970 1.5544 3.9632 10.8796 1.3010 -0.2580 -0.1201 0.0024
Car 0.0000 0 1.4039 671.8682 166.1576 732.0635 207.5660 1.4700 1.6613 3.7489 3.5991 0.9624 26.9965 1.5368 0.0024
Car 0.0000 0 0.5557 0.0000 0.0000 1224.0000 370.0000 1.3797 1.2753 2.7873 -18.4223 1.6076 0.9668 -0.9436 0.0024
Car 0.0000 0 1.2177 672.0009 165.1550 748.7906 208.0045 1.5126 1.6406 3.8962 3.9104 0.9724 27.0301 1.3615 0.0024
Car 0.0000 0 -0.9855 0.0000 171.0837 9.4603 224.3583 1.5826 1.7534 4.1142 -21.9085 1.3044 23.1711 -1.7342 0.0024
Car 0.0000 0 -2.7447 660.2701 165.1755 766.7003 204.1016 1.4651 1.6359 3.8826 4.2983 0.8899 28.3170 -2.5939 0.0024
Car 0.0000 0 -1.3539 633.3633 162.7580 691.5093 201.2904 1.5249 1.6953 3.7176 2.4788 0.8242 30.0019 -1.2704 0.0024
Car 0.0000 0 -0.3037 652.8674 159.7217 770.3766 199.5615 1.5977 1.7531 4.5416 4.3948 0.7659 29.5677 -0.1559 0.0024
Car 0.0000 0 -1.2840 0.0000 179.2694 14.7797 231.7400 1.5690 1.7004 4.3771 -21.4123 1.5337 23.4787 -2.0149 0.0024
Car 0.0000 0 -2.6157 580.3994 160.2791 703.7481 200.5956 1.5892 1.8124 4.9860 1.4986 0.7936 29.9845 -2.5644 0.0024
Car 0.0000 0 0.6788 1218.7438 155.9624 1224.0000 222.2158 1.4601 1.5649 4.2485 18.1568 0.9210 17.7711 1.4676 0.0024
Car 0.0000 0 0.8314 823.5467 158.8948 909.5587 191.0584 1.5457 1.6438 4.3246 13.3093 0.5089 36.2875 1.1819 0.0024
Car 0.0000 0 -1.1193 564.8345 170.3127 634.9283 203.2387 1.4062 1.7399 3.7286 -0.1874 0.9726 32.2497 -1.1233 0.0024
Car 0.0000 0 1.6064 660.7473 165.6738 708.9406 208.4014 1.4673 1.6429 4.0155 3.0173 0.9597 26.3843 1.7207 0.0023
Car 0.0000 0 -1.4322 637.1328 162.4698 688.6189 200.3615 1.5002 1.6548 3.9079 2.5037 0.7878 30.0763 -1.3481 0.0023
Car 0.0000 0 -0.5597 646.4108 162.2887 752.2236 200.3379 1.5175 1.7099 4.1518 3.9644 0.7927 29.8312 -0.4271 0.0023
Cyclist 0.0000 0 0.7990 0.0000 0.0000 1224.0000 370.0000 1.6578 0.5198 1.7031 1.3779 1.7088 0.8247 1.6767 0.0023
Car 0.0000 0 0.6650 0.0000 187.4394 108.5428 229.7271 1.4531 1.6668 3.7541 -20.3302 1.7122 25.4034 -0.0022 0.0023
Car 0.0000 0 -0.5581 1149.9922 158.7374 1224.0000 221.0317 1.5225 1.7705 5.5872 18.0469 0.9922 18.7045 0.2025 0.0023
Car 0.0000 0 2.4349 901.5949 172.0646 1062.9672 229.5738 1.4020 1.5065 3.5904 9.7283 1.1979 18.3665 2.9165 0.0023
Car 0.0000 0 1.0473 842.2721 161.2705 913.3811 192.5397 1.4860 1.5999 3.8911 13.6510 0.5736 35.6430 1.4118 0.0023
Car 0.0000 0 0.5237 668.5757 162.0490 778.5624 202.8366 1.4961 1.6568 3.9711 4.5953 0.8208 27.8300 0.6874 0.0023
Car 0.0000 0 -3.3175 927.8785 170.6239 1114.2852 232.0184 1.4641 1.5084 3.9242 10.5103 1.2302 18.2240 -2.8003 0.0023
Car 0.0000 0 1.6869 635.0927 169.9839 683.0778 205.9128 1.3613 1.5680 3.1900 2.2050 0.9643 28.4996 1.7651 0.0023
Car 0.0000 0 1.7771 627.7112 171.5975 681.5718 207.3931 1.3330 1.4865 3.3211 2.0042 1.0030 28.1263 1.8492 0.0022
Car 0.0000 0 0.5049 663.4933 163.4280 768.9365 202.1844 1.4554 1.6225 3.8776 4.3998 0.8158 28.3751 0.6589 0.0022
Cyclist 0.0000 0 -1.4004 266.7340 177.4279 307.9441 259.1285 1.5892 0.4903 1.6662 -6.5851 1.5311 14.6161 -1.8139 0.0022
Car 0.0000 0 -1.6299 934.7021 162.2243 1015.7678 228.7374 1.6481 1.7120 4.2382 10.2046 1.1969 19.7995 -1.1589 0.0022
Car 0.0000 0 -2.0033 598.5110 156.3401 688.0009 199.8379 1.7044 1.7942 5.2553 1.4951 0.7592 30.4728 -1.9529 0.0022
Car 0.0000 0 0.7274 0.0000 185.0017 103.5037 229.2066 1.4851 1.6892 4.0883 -20.2933 1.6512 24.8899 0.0513 0.0022
Car 0.0000 0 -1.2419 637.5034 162.6823 705.2108 200.4768 1.4987 1.6772 3.9862 2.8833 0.7937 30.1936 -1.1458 0.0022
Car 0.0000 0 3.1385 0.0000 0.0000 1224.0000 370.0000 1.5167 1.7135 4.4404 -27.1590 1.7782 1.7988 1.6473 0.0022
Car 0.0000 0 3.0768 0.0000 0.0000 1224.0000 370.0000 1.5028 1.6575 4.3149 -27.0082 1.6603 1.2883 1.5672 0.0022
Car 0.0000 0 -0.6560 0.0000 0.0000 1224.0000 370.0000 1.6424 1.7283 3.7792 -19.6840 1.6976 2.0309 -2.1061 0.0022
Car 0.0000 0 -2.4580 598.2418 163.0261 706.1223 202.1264 1.5352 1.6987 4.4826 1.9053 0.8506 29.9035 -2.3931 0.0022
Car 0.0000 0 2.6927 594.6125 169.3847 717.0144 208.7173 1.4821 1.7718 4.5720 2.0122 1.0648 28.3028 2.7646 0.0022
Car 0.0000 0 1.1445 672.3610 168.2014 749.6035 207.7050 1.4283 1.6637 3.4835 4.0136 0.9851 27.4625 1.2898 0.0022
Car 0.0000 0 -1.9567 820.9447 156.9354 883.3801 188.4762 1.5893 1.7272 4.0594 13.0800 0.4033 37.6956 -1.6235 0.0022
Car 0.0000 0 2.6050 0.0000 171.5529 42.5270 235.5962 1.6735 1.6124 4.2770 -19.3752 1.4413 20.7505 1.8632 0.0022
Car 0.0000 0 -1.1559 927.2947 173.0336 1121.8895 255.9930 1.5874 1.8439 5.1211 9.4243 1.4462 15.7694 -0.6245 0.0021
Car 0.0000 0 0.7466 1000.1377 160.2503 1224.0000 241.2837 1.5907 1.7733 4.5020 11.5245 1.1948 16.2625 1.3556 0.0021
Car 0.0000 0 1.3564 943.0132 172.2998 1059.4801 241.3169 1.4704 1.6465 3.7172 9.3664 1.2973 17.0723 1.8520 0.0021
Car 0.0000 0 0.4581 667.6687 161.1005 784.5281 202.4060 1.5191 1.7058 4.2300 4.7148 0.8072 27.9280 0.6253 0.0021
Car 0.0000 0 -1.3449 652.6515 161.3569 714.1391 200.4865 1.5629 1.7771 3.9888 3.4206 0.7998 30.4124 -1.2322 0.0021
Car 0.0000 0 -0.6961 0.0000 171.8422 13.3851 205.0353 1.6997 1.7620 4.2596 -35.0049 1.2578 38.4344 -1.4289 0.0021
Car 0.0000 0 -1.0684 921.8478 177.1903 1121.6903 255.3895 1.5065 1.8004 4.6510 9.2111 1.4444 15.5871 -0.5420 0.0021
Car 0.0000 0 -3.5221 884.6460 167.3138 1050.1871 225.4705 1.4680 1.5722 3.5812 9.4798 1.1367 18.7722 -3.0595 0.0021
Car 0.0000 0 -4.1878 0.0000 0.0000 1224.0000 370.0000 1.2751 1.3180 3.1723 14.4080 1.3245 0.0399 -2.6407 0.0020
Car 0.0000 0 -1.7167 0.0000 0.0000 1224.0000 370.0000 1.7344 1.7353 4.3443 -2.6931 1.7062 1.4440 -2.7052 0.0020
Car 0.0000 0 -1.6424 632.5283 161.5257 679.3985 200.2787 1.5341 1.6808 4.1912 2.0778 0.7845 30.0814 -1.5723 0.0020
Car 0.0000 0 -0.1776 964.2802 173.0310 1157.6366 240.7767 1.4738 1.6665 3.6092 10.6128 1.3129 16.8176 0.3784 0.0020
Car 0.0000 0 -1.6488 487.7868 185.5552 562.0089 243.3667 1.3213 1.6279 3.7479 -2.2211 1.4695 18.4995 -1.7646 0.0020
Car 0.0000 0 1.7701 628.3257 171.7299 683.1119 207.3436 1.3288 1.5567 3.2779 2.0499 1.0031 28.1650 1.8437 0.0020
Car 0.0000 0 0.6823 0.0000 182.7228 118.0100 225.0439 1.4846 1.6629 4.0496 -20.3592 1.5699 25.7634 0.0212 0.0020
Pedestrian 0.0000 0 -1.6781 36.5781 171.9459 70.2775 249.6544 1.5625 0.4976 0.5459 -11.4207 1.3921 14.5810 -2.3301 0.0020
Car 0.0000 0 0.5651 672.0427 162.8039 778.8352 204.1686 1.4900 1.6296 3.7824 4.5821 0.8541 27.3324 0.7312 0.0020
Car 0.0000 0 -0.7317 0.0000 38.7699 108.6129 370.0000 1.8731 1.6385 4.2330 -4.6141 1.6370 3.3424 -1.6295 0.0020
Car 0.0000 0 3.1207 0.0000 0.0000 1224.0000 370.0000 1.5085 1.7167 4.2383 -27.0264 1.7635 1.4109 1.6156 0.0019
Car 0.0000 0 -1.6530 491.4636 183.6242 575.3586 243.6826 1.3877 1.8590 4.2101 -2.0530 1.4823 18.8057 -1.7582 0.0019
Car 0.0000 0 0.7285 0.0000 187.7728 108.0568 230.1024 1.4426 1.7061 3.7157 -20.2993 1.7153 25.3892 0.0618 0.0019
Car 0.0000 0 1.8089 627.8883 170.3921 688.8441 207.6547 1.3908 1.6034 3.7333 2.1867 1.0150 28.4081 1.8866 0.0019
Car 0.0000 0 0.9480 957.8635 176.3842 1127.8862 240.1571 1.4201 1.4927 4.0980 10.7796 1.3301 17.8452 1.4852 0.0019
Car 0.0000 0 -1.0612 922.1863 174.5662 1118.3336 253.5141 1.5242 1.7589 4.5269 9.1559 1.4113 15.5583 -0.5366 0.0019
Car 0.0000 0 -1.2052 638.4450 163.8826 707.7001 201.3094 1.4888 1.7075 3.7647 2.9493 0.8293 30.1869 -1.1070 0.0019
Car 0.0000 0 1.8092 930.3215 166.4945 1031.3057 229.0822 1.5427 1.6031 3.8225 10.3360 1.1991 19.3862 2.2939 0.0019
Car 0.0000 0 -2.9530 0.0000 0.0000 1224.0000 370.0000 1.4854 1.4850 3.0436 5.9882 1.4252 0.1258 -1.4556 0.0019
Car 0.0000 0 1.5865 645.2051 171.4267 688.8483 209.5965 1.3943 1.5932 3.5132 2.4261 1.0644 27.6526 1.6748 0.0019
Car 0.0000 0 0.9663 1211.8730 159.3627 1224.0000 219.8829 1.3715 1.3961 4.2636 17.8659 0.8941 18.2346 1.7344 0.0019
Car 0.0000 0 1.4641 674.0344 172.3474 725.8576 209.6046 1.3597 1.5970 3.8668 3.6311 1.0637 27.7496 1.5945 0.0019
Car 0.0000 0 -3.0571 941.8745 175.5793 1119.9742 235.1604 1.3627 1.4889 3.7295 10.6470 1.2518 17.8513 -2.5255 0.0019
Car 0.0000 0 2.1450 0.0000 178.2314 24.2044 232.7170 1.6357 1.7211 4.3744 -21.7318 1.5692 23.5193 1.4075 0.0019
Car 0.0000 0 -0.7673 0.0000 188.3977 123.4793 247.1045 1.5625 1.6530 3.9102 -16.9539 1.8263 21.4179 -1.4281 0.0018
Car 0.0000 0 1.7399 655.5314 170.5887 710.8558 209.9845 1.4372 1.5703 3.6130 3.1035 1.0771 27.7415 1.8518 0.0018
Car 0.0000 0 1.4675 673.7014 169.8409 722.1060 206.3698 1.3704 1.5458 3.6235 3.6394 0.9720 28.3498 1.5956 0.0018
Car 0.0000 0 -0.4957 958.7571 164.8239 1175.2236 227.5293 1.5711 1.8266 4.4908 12.0732 1.1799 18.7777 0.0696 0.0018
Car 0.0000 0 -1.3036 0.0000 179.2934 15.2849 232.8394 1.5995 1.8549 4.5639 -21.5441 1.5650 23.5709 -2.0357 0.0018
Car 0.0000 0 -1.6835 488.7637 186.0997 565.9391 243.5986 1.2967 1.5677 3.6574 -2.1323 1.4585 18.2781 -1.7959 0.0017
Car 0.0000 0 -1.6296 488.8972 184.2198 562.6738 242.5372 1.3400 1.6828 3.9540 -2.2147 1.4504 18.6000 -1.7444 0.0017
Car 0.0000 0 -2.3367 857.7377 170.2591 1049.6802 245.6782 1.4821 1.7582 3.7287 7.6212 1.2825 15.9372 -1.8967 0.0017
Car 0.0000 0 2.2865 0.0000 0.0000 1224.0000 370.0000 1.5062 1.7048 4.3002 -2.5507 1.6795 1.6826 1.3837 0.0017
Car 0.0000 0 3.2250 0.0000 0.0000 1224.0000 370.0000 1.6235 1.7541 4.4027 -3.3127 1.8239 1.8773 2.2417 0.0017
Car 0.0000 0 -1.8626 459.9176 183.9599 563.3602 242.8284 1.3507 1.5976 4.0216 -2.6069 1.4540 18.6322 -1.9975 0.0017
Car 0.0000 0 0.4777 0.0000 187.6209 134.2526 231.3800 1.5141 1.7001 4.2811 -20.1423 1.7903 26.0575 -0.1728 0.0017
Car 0.0000 0 0.8160 988.4760 162.7334 1196.6869 236.8530 1.5120 1.6749 4.0173 11.0999 1.1512 16.5398 1.3999 0.0017
Car 0.0000 0 1.4557 672.7209 170.7254 727.9345 209.2959 1.4037 1.7026 3.7437 3.6253 1.0495 27.6121 1.5865 0.0017
Cyclist 0.0000 0 0.6656 56.2625 172.1947 158.3228 264.0765 1.6378 0.4620 1.5804 -9.1002 1.4914 12.8792 0.0638 0.0017
Car 0.0000 0 0.1608 662.6353 167.4205 760.7283 205.1384 1.4016 1.5328 3.5811 4.1450 0.9171 27.5460 0.3103 0.0017
Car 0.0000 0 -0.4060 967.3441 165.8461 1187.9194 231.3848 1.5901 1.8740 4.3997 12.0924 1.2361 18.4411 0.1682 0.0016
Car 0.0000 0 -3.6428 982.7533 173.7075 1224.0000 253.7371 1.5497 1.7499 4.0987 10.3783 1.4198 14.7669 -3.0387 0.0016
Car 0.0000 0 1.2853 945.8748 172.1413 1077.9769 242.8245 1.5113 1.6947 3.9173 9.6735 1.3342 17.2096 1.7911 0.0016
Car 0.0000 0 1.4878 673.1100 169.7567 719.7414 208.1316 1.4182 1.5316 3.4327 3.5230 1.0227 27.8734 1.6139 0.0016
Car 0.0000 0 -1.8826 1157.8639 154.1325 1224.0000 217.8587 1.6823 1.6985 4.2121 18.0892 0.9878 20.9312 -1.1758 0.0016
Car 0.0000 0 0.8460 983.9143 169.3688 1180.1371 237.6200 1.4826 1.6909 4.1093 11.5157 1.2424 17.5114 1.4210 0.0016
Car 0.0000 0 1.7005 632.3725 172.5018 684.1214 209.6582 1.3823 1.5957 3.6937 2.1657 1.0862 28.2694 1.7779 0.0016
Car 0.0000 0 1.3387 938.5089 169.3238 1052.3477 238.3255 1.4922 1.5764 3.6902 9.3413 1.2521 17.2699 1.8285 0.0015
Car 0.0000 0 0.6407 984.1279 166.1839 1199.2450 238.7220 1.5123 1.7627 3.9424 11.3534 1.2154 16.8889 1.2255 0.0015
Car 0.0000 0 3.1409 0.0000 0.0000 1224.0000 370.0000 1.4789 1.6494 4.1602 -27.0025 1.6199 1.1324 1.6256 0.0015
Car 0.0000 0 0.2138 0.0000 0.0000 1224.0000 370.0000 1.2970 1.5918 3.5755 14.8013 1.4258 0.3829 1.7384 0.0015
Pedestrian 0.0000 0 0.9784 1067.4945 197.7763 1187.2543 370.0000 1.3787 0.3465 0.7458 3.8177 1.5186 5.2778 1.5783 0.0015
Car 0.0000 0 0.7040 980.8719 167.3056 1187.7369 236.6907 1.4784 1.7004 3.9930 11.3914 1.1989 17.2160 1.2817 0.0015
Car 0.0000 0 -1.6095 823.3787 156.9030 861.6393 190.7783 1.6887 1.7441 4.3557 12.5496 0.5138 37.5770 -1.2879 0.0015
Car 0.0000 0 1.2339 944.7325 176.8121 1083.3634 246.3305 1.4889 1.7181 3.7279 9.6753 1.4115 17.1210 1.7419 0.0015
Car 0.0000 0 2.3345 948.7570 172.2908 1113.3285 234.2046 1.4000 1.4657 3.4345 10.2729 1.2160 17.1535 2.8676 0.0015
Car 0.0000 0 -1.1366 922.6182 168.9084 1108.0712 253.0837 1.6312 1.8166 4.6397 9.1986 1.4082 15.7783 -0.6160 0.0015
Car 0.0000 0 1.6370 636.5043 172.4217 683.4905 211.0307 1.4204 1.6046 3.7993 2.2131 1.1247 28.0032 1.7168 0.0015
Car 0.0000 0 -1.6420 820.5641 156.5809 861.8466 189.6796 1.6573 1.7726 4.2519 12.5100 0.4611 37.6758 -1.3221 0.0015
Car 0.0000 0 0.8280 0.0000 187.1731 112.4205 230.0779 1.4689 1.7389 3.9465 -20.4304 1.7246 25.7506 0.1649 0.0015
Car 0.0000 0 1.8018 651.1080 172.0885 717.7198 210.6692 1.3963 1.6847 4.2067 3.1840 1.0934 27.8486 1.9161 0.0015
Car 0.0000 0 -0.7975 924.7329 175.2831 1150.0433 253.9449 1.5497 1.8164 4.1379 9.2858 1.4486 15.3353 -0.2606 0.0014
Car 0.0000 0 0.8240 972.2027 175.4496 1134.5852 235.8120 1.3500 1.5352 3.3307 10.9509 1.2386 17.5909 1.3744 0.0014
Car 0.0000 0 -0.0973 940.9803 174.1625 1113.1420 233.6809 1.4235 1.6707 3.6868 10.7811 1.2735 18.4276 0.4261 0.0014
Car 0.0000 0 1.5651 952.5568 174.5208 1022.6109 236.0666 1.3875 1.4170 3.6085 9.5814 1.2543 17.8622 2.0517 0.0014
Car 0.0000 0 -0.1162 954.6370 173.2455 1121.2648 233.7169 1.4480 1.7308 3.5062 11.0743 1.2759 18.4294 0.4189 0.0014
Car 0.0000 0 0.3308 0.0000 0.0000 1224.0000 370.0000 1.3300 1.4127 3.6514 14.8581 1.4085 0.5036 1.8475 0.0014
Car 0.0000 0 0.8606 972.4198 172.0386 1136.5060 235.5266 1.4181 1.5889 3.3974 10.9679 1.2307 17.5910 1.4117 0.0014
Car 0.0000 0 -1.8143 969.4289 164.2772 1079.2345 231.9477 1.6386 1.6418 3.8216 11.1814 1.2474 19.1785 -1.2921 0.0014
Car 0.0000 0 -1.3352 935.5217 170.9194 1063.2382 251.4447 1.5478 1.6224 3.8339 8.7137 1.3653 15.5484 -0.8315 0.0014
Car 0.0000 0 2.2177 917.5117 176.2096 1081.4077 235.5309 1.3570 1.3925 4.1119 9.8335 1.2605 17.6456 2.7201 0.0014
Car 0.0000 0 -1.5207 782.7519 142.6176 817.1913 178.6800 2.2961 2.0193 4.4382 13.1950 -0.1277 47.6824 -1.2506 0.0014
Cyclist 0.0000 0 -2.3289 1011.5806 165.6786 1092.9871 261.5056 1.6600 0.3827 1.4157 8.1303 1.4049 12.9754 -1.7785 0.0014
Car 0.0000 0 0.7838 0.0000 187.2421 111.9212 230.0792 1.4759 1.6967 3.9432 -20.4853 1.7335 25.7734 0.1199 0.0014
Car 0.0000 0 3.1351 0.0000 0.0000 1224.0000 370.0000 1.5326 1.6064 3.9731 -27.2555 1.5639 1.8682 1.6462 0.0014
Car 0.0000 0 1.6862 1064.4443 165.3150 1176.3353 244.6800 1.5122 1.5592 3.9442 11.2990 1.2245 15.4499 2.3095 0.0013
Car 0.0000 0 1.0081 979.1207 178.3846 1120.1010 236.1782 1.2937 1.3989 3.2464 10.7813 1.2479 17.4558 1.5549 0.0013
Car 0.0000 0 -0.8553 0.0000 189.7440 124.5099 242.1518 1.4549 1.3895 3.2095 -16.7455 1.7638 21.8544 -1.5005 0.0013
Car 0.0000 0 -0.5183 947.9130 173.6421 1188.7095 249.1140 1.4864 1.7841 3.8752 9.5576 1.3530 14.8972 0.0441 0.0013
Car 0.0000 0 -0.7939 950.9390 176.4155 1145.9395 251.1311 1.4609 1.6156 3.3837 9.3278 1.3827 15.0149 -0.2458 0.0013
Car 0.0000 0 0.9250 974.9509 170.9533 1135.8345 235.1138 1.4237 1.6216 3.3598 10.8882 1.2134 17.4324 1.4768 0.0013
Car 0.0000 0 -2.2710 898.6313 178.2735 1065.7167 253.0904 1.4549 1.5356 3.1362 8.0415 1.4133 15.4455 -1.7977 0.0012
Car 0.0000 0 -3.4124 834.1009 164.3782 1032.9191 227.2233 1.5612 1.7583 4.4697 8.5151 1.1623 18.7640 -2.9911 0.0012
Car 0.0000 0 1.5106 820.7454 161.4597 859.9642 193.9913 1.5475 1.6305 3.9780 11.8322 0.6432 35.7607 1.8293 0.0012
Car 0.0000 0 -1.7191 941.5942 180.4102 1046.4412 254.9437 1.4489 1.5033 3.2558 8.3721 1.4488 15.5252 -1.2314 0.0012
Car 0.0000 0 1.0021 834.0877 160.3121 914.3464 193.2028 1.5490 1.6410 4.4198 13.4393 0.5997 35.6249 1.3617 0.0012
Car 0.0000 0 -2.0873 881.3985 171.7748 1054.9227 248.7883 1.5304 1.7377 3.9329 7.9785 1.3587 16.0618 -1.6325 0.0012
Car 0.0000 0 1.4645 987.3386 174.1911 1089.6294 243.6355 1.4856 1.6769 3.7266 10.3401 1.3523 17.1639 2.0002 0.0012
Car 0.0000 0 1.3779 982.1920 181.7975 1084.0999 241.9824 1.2961 1.3872 3.7621 10.3039 1.3332 17.3124 1.9083 0.0012
Car 0.0000 0 -0.7943 946.9358 174.8930 1122.2544 245.6419 1.3937 1.4433 3.0920 9.0492 1.2848 15.0173 -0.2597 0.0011
Car 0.0000 0 -1.8333 914.9255 174.8813 1045.9795 251.9631 1.5164 1.6413 3.6847 8.2109 1.4075 15.8770 -1.3626 0.0011
Car 0.0000 0 -0.5210 936.5552 168.5769 1127.7174 240.4342 1.4094 1.3085 3.1328 8.6487 1.1771 14.5295 0.0081 0.0011
Car 0.0000 0 2.3929 924.0991 167.5096 1120.8999 237.0466 1.5527 1.6897 4.0325 9.9850 1.2643 17.0576 2.9161 0.0011
Car 0.0000 0 -1.0378 939.5803 181.1345 1109.4240 255.8527 1.4584 1.6312 3.5348 9.1165 1.4753 15.3978 -0.5107 0.0011
Car 0.0000 0 1.1272 979.5135 173.1563 1117.3961 236.8599 1.4118 1.5678 3.3073 10.7035 1.2507 17.3893 1.6724 0.0011
Car 0.0000 0 -1.2144 949.7121 178.1211 1089.2063 255.5079 1.5006 1.4878 3.5855 9.0578 1.4561 15.4205 -0.6907 0.0011
Cyclist 0.0000 0 0.1898 0.0000 0.0000 1224.0000 370.0000 1.5234 0.3788 1.6165 -6.5785 1.5721 0.5668 -1.2448 0.0011
Car 0.0000 0 1.3743 944.3475 175.2230 1046.2275 239.2418 1.4110 1.4785 3.6590 9.5078 1.2963 17.5441 1.8650 0.0011
Car 0.0000 0 -3.5266 862.0701 181.5698 1060.4315 257.2338 1.4586 1.5887 3.2852 7.1661 1.4836 14.5506 -3.0760 0.0011
Pedestrian 0.0000 0 -0.1283 744.3694 160.6139 757.7386 181.8358 1.7668 0.7418 1.0105 12.2565 0.1124 59.2675 0.0764 0.0011
Car 0.0000 0 -0.8738 0.0000 187.2137 124.0843 241.4305 1.4927 1.4804 3.4729 -16.7502 1.7169 21.6693 -1.5231 0.0011
Pedestrian 0.0000 0 1.5142 85.5611 174.0938 116.0354 263.8039 1.5524 0.4112 0.7170 -9.0643 1.4432 12.6395 0.9058 0.0011
Car 0.0000 0 -1.8034 924.3390 176.6654 1047.8274 253.2408 1.5045 1.5934 3.5818 8.3194 1.4308 15.8174 -1.3259 0.0011
Car 0.0000 0 1.1513 982.4089 173.8813 1118.5762 235.4761 1.3591 1.5497 3.3766 10.7387 1.2147 17.3697 1.6985 0.0011
Pedestrian 0.0000 0 -0.1543 744.3239 160.5063 757.7352 181.7438 1.7691 0.7456 0.9983 12.2594 0.1048 59.2911 0.0503 0.0010
Car 0.0000 0 2.9713 0.0000 0.0000 1224.0000 370.0000 1.5011 1.5274 3.3943 -18.8259 1.7534 1.7106 1.5097 0.0010
Car 0.0000 0 1.5561 997.7239 174.1183 1084.3270 241.1810 1.4270 1.6104 3.8680 10.4335 1.2928 17.1170 2.0969 0.0010
Car 0.0000 0 0.2198 983.6436 170.8834 1181.2876 235.4028 1.4171 1.6003 3.7920 11.6320 1.2075 17.4427 0.8012 0.0010
Car 0.0000 0 -3.1654 0.0000 0.0000 1224.0000 370.0000 1.6044 1.6210 3.4869 5.9581 1.6449 -0.2120 -1.6117 0.0010
Pedestrian 0.0000 0 -0.4766 742.9868 160.1985 755.9447 182.1349 1.8326 0.7519 0.8146 12.1797 0.1378 59.5341 -0.2741 0.0010
Car 0.0000 0 -1.0161 935.1856 181.3617 1112.2050 255.5866 1.4479 1.7086 3.5884 9.1065 1.4702 15.4221 -0.4901 0.0010
Car 0.0000 0 -3.5105 867.8331 180.8861 1059.0894 256.7780 1.4709 1.5874 3.1648 7.2543 1.4810 14.6322 -3.0572 0.0009
Cyclist 0.0000 0 1.0444 657.9313 159.2000 686.6118 193.0289 1.8571 0.6276 2.1249 3.7717 0.6892 39.9055 1.1397 0.0009
Car 0.0000 0 0.0012 0.0000 0.0000 1224.0000 370.0000 1.5654 1.5636 3.7094 20.1268 0.7127 0.1591 1.5494 0.0009
Pedestrian 0.0000 0 -1.6590 664.0566 163.2044 679.0158 195.8107 1.8239 0.7751 0.7815 3.7462 0.8578 39.9390 -1.5644 0.0009
Car 0.0000 0 0.3633 944.5287 174.3677 1144.0820 239.3387 1.4222 1.6901 3.8503 10.7036 1.2896 17.5084 0.9056 0.0009
Car 0.0000 0 -1.5519 951.8958 170.0815 1054.0096 251.5737 1.5668 1.7655 4.1476 8.8598 1.3682 15.8271 -1.0485 0.0009
Car 0.0000 0 -2.1784 912.0558 180.8281 1065.6947 251.8772 1.3613 1.4291 2.9487 8.0158 1.3706 15.1088 -1.6977 0.0009
Car 0.0000 0 -1.7873 943.9143 180.3043 1051.8225 253.0786 1.4166 1.4118 2.9280 8.3742 1.4144 15.3589 -1.2951 0.0009
Pedestrian 0.0000 0 -1.6151 664.3970 163.4862 678.7206 195.8156 1.8081 0.7726 0.7485 3.7470 0.8580 39.9322 -1.5205 0.0009
Pedestrian 0.0000 0 -0.6304 742.1728 160.2596 756.0950 182.0420 1.8184 0.7885 0.8467 12.1562 0.1299 59.5534 -0.4283 0.0009
Car 0.0000 0 -2.1173 876.4785 169.9583 1055.7495 247.8602 1.5448 1.7296 4.0538 7.9481 1.3374 16.1151 -1.6653 0.0008
Pedestrian 0.0000 0 1.6615 90.1838 178.0427 127.4461 272.6000 1.6670 0.4937 0.6339 -9.0594 1.6253 12.8570 1.0609 0.0008
Car 0.0000 0 -1.8044 910.3940 176.6956 1044.6987 252.0454 1.4822 1.7247 4.1478 8.2461 1.4089 16.1198 -1.3379 0.0008
Car 0.0000 0 -0.8013 1148.5304 158.9635 1224.0000 213.4452 1.4080 1.4853 4.0618 17.2320 0.8530 19.1618 -0.0754 0.0008
Pedestrian 0.0000 0 3.6655 66.2124 178.1065 112.3245 269.7966 1.6403 0.4932 0.4995 -9.4575 1.5991 12.9131 3.0468 0.0008
Car 0.0000 0 -1.4779 925.2167 163.5955 1037.0042 248.2853 1.6296 1.8328 4.6631 8.6169 1.3059 16.0528 -0.9919 0.0008
Car 0.0000 0 -3.7252 987.2872 171.5531 1224.0000 250.6652 1.5410 1.6438 4.0353 10.3429 1.3683 14.6352 -3.1186 0.0007
Car 0.0000 0 1.7156 653.7531 171.9861 714.9214 213.2921 1.4682 1.7213 4.5736 3.1543 1.1671 27.5582 1.8300 0.0007
Car 0.0000 0 -2.1483 865.5596 170.0440 1060.9760 249.4347 1.5649 1.8353 4.4016 7.9037 1.3604 16.2334 -1.7012 0.0007
Car 0.0000 0 -0.8071 939.6988 176.9110 1100.2948 245.9341 1.3604 1.3044 2.8959 8.7215 1.2913 14.9658 -0.2870 0.0007
Car 0.0000 0 -0.4473 852.1891 173.6796 1101.8116 251.0759 1.5263 1.6171 4.3580 7.5926 1.3934 14.7903 0.0199 0.0007
Pedestrian 0.0000 0 -1.4530 59.3797 173.8139 94.4503 264.5955 1.5788 0.4240 0.6528 -9.5087 1.4642 12.6802 -2.0826 0.0007
Cyclist 0.0000 0 0.2439 660.5987 157.2354 699.1481 192.3583 1.9479 0.6793 2.0592 4.2140 0.6590 39.8794 0.3502 0.0007
Pedestrian 0.0000 0 1.8670 16.8333 171.8324 60.3535 252.9447 1.5831 0.4733 0.7735 -11.4405 1.4156 14.2410 1.2029 0.0007
Car 0.0000 0 -0.6706 0.0000 132.3456 87.0047 370.0000 1.7771 1.6065 4.5602 -5.9202 1.6232 4.5777 -1.5482 0.0007
Cyclist 0.0000 0 -1.5188 1202.9440 168.5269 1224.0000 266.0572 1.5203 0.3968 1.8852 10.2966 1.3354 11.8387 -0.8146 0.0007
Pedestrian 0.0000 0 1.4301 38.7398 173.6810 71.4556 251.5101 1.5264 0.4417 0.6342 -11.1240 1.3943 14.2421 0.7797 0.0006
Car 0.0000 0 -1.6429 953.5154 164.5412 1041.1960 234.6581 1.7409 1.7907 4.4398 10.8860 1.3463 19.9418 -1.1483 0.0006
Cyclist 0.0000 0 0.6797 50.1821 170.9611 146.4357 267.9796 1.7306 0.4293 1.4949 -9.2617 1.5621 12.8733 0.0695 0.0005
Pedestrian 0.0000 0 1.4626 24.0811 174.5720 56.2174 252.7535 1.5315 0.4345 0.7622 -11.4489 1.4170 14.2702 0.7991 0.0005
Pedestrian 0.0000 0 1.4098 38.1261 174.7436 70.4043 252.2602 1.5194 0.4205 0.6453 -11.1302 1.4082 14.2284 0.7587 0.0005
Pedestrian 0.0000 0 -1.4989 670.8910 161.8039 685.4142 193.2354 1.7560 0.7681 0.6877 4.1230 0.7129 39.9019 -1.3950 0.0005
Pedestrian 0.0000 0 1.9616 65.0573 177.1764 112.8054 271.3976 1.6751 0.5285 0.5569 -9.4487 1.6176 12.8958 1.3427 0.0004
Car 0.0000 0 2.1250 1133.7953 161.5151 1224.0000 222.2953 1.4998 1.6764 4.4266 16.5715 1.0329 18.9030 2.8381 0.0004
Cyclist 0.0000 0 -1.3632 537.6235 169.3675 564.4214 226.8386 1.5528 0.4131 1.6949 -1.5437 1.2536 19.9661 -1.4373 0.0004
Cyclist 0.0000 0 1.8765 56.2560 177.8669 118.2285 267.4330 1.5282 0.4350 1.5963 -9.4468 1.4849 12.8854 1.2574 0.0002
Pedestrian 0.0000 0 -1.2161 664.0356 164.2064 682.3347 194.6838 1.6850 0.7858 0.8181 3.8154 0.7856 39.6253 -1.1191 0.0002
Pedestrian 0.0000 0 -1.3412 664.3902 164.2716 681.6007 195.0380 1.7023 0.7870 0.8546 3.8076 0.8058 39.6461 -1.2444 0.0002
Pedestrian 0.0000 0 1.0403 0.0000 169.6804 1.4286 263.1703 1.7775 0.5147 0.5328 -12.2691 1.5735 13.7672 0.3256 0.0001