Pedestrian 0.0000 0 0.4296 140.5336 143.6214 295.7408 348.6055 1.9569 0.5105 1.2591 -3.8707 1.6066 7.0333 -0.0531 0.9584
Pedestrian 0.0000 0 -0.9483 907.9461 167.4444 1016.8686 330.2466 1.6268 0.6768 0.8517 3.7671 1.4981 7.5617 -0.5008 0.9235
Pedestrian 0.0000 0 -0.9211 905.2305 168.1114 1021.6707 331.3887 1.6251 0.7109 0.9103 3.7735 1.5035 7.5560 -0.4728 0.9158
Pedestrian 0.0000 0 0.4699 143.1759 143.6360 297.4379 348.6064 1.9735 0.5077 1.2647 -3.8686 1.6203 7.0633 -0.0108 0.9155
Pedestrian 0.0000 0 -0.8934 906.0774 169.2123 1017.3973 330.3260 1.6113 0.6746 0.8658 3.7559 1.5001 7.5577 -0.4470 0.8863
Pedestrian 0.0000 0 0.4748 147.2709 143.6463 294.9911 348.1847 1.9632 0.5196 1.1907 -3.8509 1.6111 7.0441 -0.0051 0.8837
Pedestrian 0.0000 0 -0.8920 907.2311 168.5836 1016.0731 329.2704 1.6093 0.6726 0.8292 3.7549 1.4916 7.5584 -0.4457 0.8820
Pedestrian 0.0000 0 0.4353 132.5179 144.5509 294.8088 348.6553 1.9513 0.5017 1.3300 -3.9177 1.6093 7.0398 -0.0520 0.8488
Pedestrian 0.0000 0 0.5052 148.6351 142.4499 294.5107 347.4942 1.9727 0.4849 1.1989 -3.8564 1.6083 7.0550 0.0253 0.8172
Pedestrian 0.0000 0 0.4627 139.0871 145.6950 292.0806 347.1328 1.9318 0.5153 1.2395 -3.9060 1.5997 7.0473 -0.0229 0.7882
Pedestrian 0.0000 0 0.4231 145.0872 143.5070 299.6312 349.8783 1.9708 0.5191 1.2534 -3.8323 1.6192 7.0409 -0.0550 0.7789
Pedestrian 0.0000 0 -0.9183 904.2316 170.1163 1019.3225 329.4004 1.5930 0.6692 0.9516 3.7703 1.4908 7.5804 -0.4715 0.6765
Pedestrian 0.0000 0 0.6344 157.4485 142.4756 300.2491 349.1607 1.9550 0.5278 1.1769 -3.7814 1.5970 7.0379 0.1616 0.5106
Pedestrian 0.0000 0 0.4888 155.6097 146.1300 306.6535 348.9678 1.9572 0.5483 1.2315 -3.7819 1.6272 7.1033 0.0194 0.4239
Car 0.0000 0 4.3751 0.0000 0.0000 1224.0000 370.0000 1.5239 1.6336 4.4266 -2.5847 1.7092 -0.0570 2.9085 0.4167
Car 0.0000 0 4.4447 0.0000 0.0000 1224.0000 370.0000 1.5197 1.6202 4.4067 -2.4739 1.7014 -0.0512 2.9850 0.3992
Car 0.0000 0 4.3572 284.7863 0.0000 1224.0000 370.0000 1.5646 1.6102 4.3744 -2.4818 1.7071 -0.1693 2.8499 0.3474
Car 0.0000 0 4.4824 0.0000 0.0000 1224.0000 370.0000 1.5594 1.6030 4.3385 -2.3160 1.7096 -0.1753 2.9770 0.2673
Pedestrian 0.0000 0 3.0933 66.8667 163.0228 107.1338 263.8682 1.7853 0.5362 0.5733 -9.4990 1.4775 12.8999 2.4721 0.2505
Car 0.0000 0 4.2821 0.0000 0.0000 1224.0000 370.0000 1.5682 1.5991 4.3308 -2.8731 1.7008 -0.0164 2.8192 0.2304
Car 0.0000 0 -1.0445 0.0000 0.0000 1224.0000 370.0000 1.5219 1.5649 3.6115 1.7305 1.5875 -0.0470 0.3694 0.2071
Car 0.0000 0 4.3819 0.0000 0.0000 1224.0000 370.0000 1.5561 1.6232 4.3586 -2.6667 1.6923 -0.1065 2.8938 0.1931
Pedestrian 0.0000 0 -0.4992 62.8054 163.1463 114.3793 263.8160 1.7857 0.5530 0.5683 -9.4739 1.4795 12.9133 -1.1186 0.1826
Car 0.0000 0 4.3324 212.5681 0.0000 1224.0000 370.0000 1.5881 1.6017 4.3113 -2.5458 1.7103 -0.1902 2.8154 0.1784
Car 0.0000 0 4.3719 0.0000 0.0000 1224.0000 370.0000 1.5902 1.6083 4.3512 -2.6903 1.7021 -0.1651 2.8614 0.1760
Car 0.0000 0 4.3497 0.0000 0.0000 1224.0000 370.0000 1.5310 1.6165 4.2386 -2.6829 1.7337 0.2950 3.0069 0.1746
Car 0.0000 0 -1.0396 0.0000 0.0000 1224.0000 370.0000 1.4750 1.5411 3.5073 1.6078 1.6056 0.0587 0.2994 0.1587
Car 0.0000 0 4.3958 0.0000 0.0000 1224.0000 370.0000 1.6060 1.6079 4.4352 -2.8655 1.6869 -0.1879 2.8739 0.1582
Car 0.0000 0 4.1944 0.0000 0.0000 1224.0000 370.0000 1.4957 1.5827 4.0395 -2.2085 1.6899 0.3879 2.9368 0.1454
Car 0.0000 0 -4.1710 0.0000 0.0000 1224.0000 370.0000 1.5708 1.6652 4.0464 1.2563 1.6218 0.0472 -2.8855 0.1443
Car 0.0000 0 -1.0821 0.0000 0.0000 1224.0000 370.0000 1.4603 1.5357 3.3390 1.6661 1.5981 0.0915 0.2462 0.1416
Car 0.0000 0 1.1550 0.0000 0.0000 1224.0000 370.0000 1.4841 1.5771 4.1675 -2.1466 1.6730 0.2912 -0.1354 0.1307
Car 0.0000 0 0.3273 294.9917 0.0000 1224.0000 370.0000 1.5358 1.5495 3.4719 -1.1181 1.6354 -0.0641 -1.0137 0.1269
Car 0.0000 0 1.4207 0.0000 187.9388 9.0804 238.4262 1.4064 1.5745 3.7781 -20.0627 1.6589 22.0352 0.6910 0.1265
Car 0.0000 0 4.3089 0.0000 0.0000 1224.0000 370.0000 1.5999 1.5819 4.2583 -2.9595 1.6852 0.0631 2.8695 0.1222
Car 0.0000 0 4.2707 0.0000 0.0000 1224.0000 370.0000 1.5123 1.5680 3.7782 -2.1960 1.6863 0.4284 3.0313 0.1101
Car 0.0000 0 0.4200 205.2635 0.0000 1224.0000 370.0000 1.5529 1.5802 3.5714 -1.1773 1.6464 -0.2385 -1.0772 0.1067
Car 0.0000 0 1.6254 0.0000 184.8042 2.5594 244.0679 1.4850 1.5973 4.0346 -18.2838 1.6215 20.0878 0.8966 0.1002
Car 0.0000 0 2.7562 0.0000 0.0000 1224.0000 370.0000 1.4466 1.5030 3.4791 -1.4348 1.6592 0.1519 1.5070 0.0992
Car 0.0000 0 -3.9315 0.0000 0.0000 1224.0000 370.0000 1.6042 1.6722 4.4661 0.4900 1.6028 0.0490 -3.0085 0.0960
Car 0.0000 0 -1.1137 0.0000 0.0000 1224.0000 370.0000 1.5050 1.5311 3.5582 1.8308 1.5818 -0.1023 0.3384 0.0909
Car 0.0000 0 -4.1698 0.0000 0.0000 1224.0000 370.0000 1.5223 1.6315 3.9708 1.1905 1.6100 0.1079 -2.9450 0.0905
Car 0.0000 0 3.5913 0.0000 0.0000 1224.0000 370.0000 1.4863 1.5829 3.6929 -1.8231 1.6573 -0.2746 2.0488 0.0893
Pedestrian 0.0000 0 1.0447 1007.6981 214.8029 1105.7578 370.0000 1.2191 0.3780 0.5773 3.3565 1.4953 5.3639 1.5796 0.0871
Car 0.0000 0 -1.3303 0.0000 0.0000 1224.0000 370.0000 1.4412 1.5587 3.5244 1.8475 1.6432 0.9522 -0.3622 0.0786
Car 0.0000 0 2.9277 69.4874 0.0000 1224.0000 370.0000 1.4504 1.5214 3.4919 -1.0753 1.6633 0.1028 1.7359 0.0772
Car 0.0000 0 -0.2031 9.0916 0.0000 1224.0000 370.0000 1.4453 1.6148 3.8327 -1.8568 1.6538 0.5150 -1.3480 0.0768
Car 0.0000 0 2.9811 7.6315 0.0000 1224.0000 370.0000 1.4722 1.5411 3.5780 -1.7839 1.6891 0.4608 1.8260 0.0730
Cyclist 0.0000 0 0.6222 47.6790 161.5447 156.8843 262.7422 1.8078 0.4665 1.6696 -9.1828 1.4708 12.8725 0.0160 0.0722
Cyclist 0.0000 0 0.1210 0.0000 0.0000 1224.0000 370.0000 1.6872 0.5155 1.8036 -1.0813 1.5614 0.0400 -1.1230 0.0716
Pedestrian 0.0000 0 0.3283 99.7051 165.5927 149.3984 263.0865 1.7048 0.4627 0.6181 -8.6401 1.4458 12.6610 -0.2571 0.0682
Car 0.0000 0 -1.2360 0.0000 0.0000 1224.0000 370.0000 1.4481 1.5208 3.5376 1.8222 1.6623 1.0114 -0.2958 0.0671
Car 0.0000 0 -4.4362 0.0000 0.0000 1224.0000 370.0000 1.4514 1.5930 3.7226 1.7582 1.6195 0.1614 -3.1329 0.0658
Car 0.0000 0 -2.2694 8.1294 179.6597 222.2704 254.1518 1.4690 1.6253 4.0141 -10.5870 1.4541 15.2698 -2.8641 0.0656
Car 0.0000 0 -3.8924 0.0000 0.0000 1224.0000 370.0000 1.5323 1.6424 4.2844 0.4699 1.6204 0.1312 -3.0883 0.0641
Car 0.0000 0 2.2368 0.0000 0.0000 1224.0000 370.0000 1.5927 1.6283 4.2214 0.4334 1.5786 0.0236 3.1349 0.0639
Car 0.0000 0 0.2441 0.0000 0.0000 1224.0000 370.0000 1.4770 1.6048 3.6851 1.6405 1.6099 0.0240 1.6077 0.0627
Car 0.0000 0 1.5870 0.0000 187.3315 6.1081 238.1013 1.4214 1.6911 4.0494 -20.1643 1.6600 22.4408 0.8637 0.0627
Car 0.0000 0 1.5797 0.0000 187.8338 7.5287 238.6575 1.4177 1.6520 3.9475 -20.0231 1.6720 22.3367 0.8576 0.0617
Pedestrian 0.0000 0 2.7643 49.4651 163.6492 100.1228 263.8753 1.7794 0.5330 0.5907 -9.7470 1.4819 12.9400 2.1323 0.0606
Car 0.0000 0 4.3432 0.0000 0.0000 1224.0000 370.0000 1.4992 1.5884 4.1458 -1.8743 1.6608 0.0497 2.9705 0.0603
Car 0.0000 0 -1.6536 0.0000 183.3164 17.0817 241.9316 1.4810 1.6410 4.2004 -18.1230 1.5708 20.1013 -2.3777 0.0592
Car 0.0000 0 0.2940 0.0000 0.0000 1224.0000 370.0000 1.4478 1.5141 3.6338 1.4833 1.6196 -0.0627 1.6923 0.0573
Car 0.0000 0 4.3268 0.0000 0.0000 1224.0000 370.0000 1.5307 1.6071 4.2443 -1.7320 1.6776 -0.1856 2.8370 0.0549
Cyclist 0.0000 0 0.5355 32.8139 164.0247 149.2983 263.3584 1.7729 0.4631 1.7351 -9.4102 1.4805 12.9149 -0.0807 0.0541
Car 0.0000 0 -3.7763 0.0000 0.0000 1224.0000 370.0000 1.5300 1.6042 4.1019 0.3742 1.5873 0.1447 -3.0992 0.0541
Car 0.0000 0 0.3116 0.0000 0.0000 1224.0000 370.0000 1.4735 1.5678 3.6841 1.4418 1.6095 -0.1531 1.7663 0.0541
Car 0.0000 0 -1.1675 0.0000 0.0000 1038.5509 370.0000 1.5023 1.5162 3.6616 2.1336 1.5570 -0.1638 0.3300 0.0539
Pedestrian 0.0000 0 3.0818 55.0368 163.1104 97.5455 264.2013 1.7948 0.5281 0.5984 -9.7255 1.4877 12.9422 2.4509 0.0526
Car 0.0000 0 3.2226 90.0929 0.0000 1224.0000 370.0000 1.5617 1.6247 4.2695 -2.3294 1.6825 0.5714 2.0202 0.0522
Car 0.0000 0 0.1188 0.0000 0.0000 1224.0000 370.0000 1.4540 1.6299 3.8429 2.0276 1.6392 0.0208 1.5230 0.0511
Car 0.0000 0 1.9276 0.0000 0.0000 1224.0000 370.0000 1.4787 1.5833 4.0359 1.1706 1.6591 0.1767 3.0962 0.0507
Car 0.0000 0 2.2672 0.0000 0.0000 1224.0000 370.0000 1.5125 1.5812 4.3414 0.4778 1.6380 0.1332 3.0772 0.0504
Car 0.0000 0 1.3718 0.0000 187.2551 15.2627 237.8985 1.4212 1.6883 4.2579 -20.3553 1.6545 22.3059 0.6408 0.0502
Car 0.0000 0 -1.1424 0.0000 0.0000 1224.0000 370.0000 1.4411 1.5294 3.4687 1.9474 1.6221 0.3523 0.0960 0.0501
Car 0.0000 0 -3.4868 0.0000 0.0000 1224.0000 370.0000 1.5538 1.6182 4.0964 0.2076 1.5823 0.2011 -3.1066 0.0498
Car 0.0000 0 -1.6481 0.0000 182.6428 17.2666 242.2189 1.5008 1.6295 4.2080 -18.0134 1.5692 20.0026 -2.3716 0.0496
Car 0.0000 0 -3.3982 0.0000 0.0000 1224.0000 370.0000 1.6084 1.6159 4.1066 0.0966 1.5552 0.0442 -3.1358 0.0488
Car 0.0000 0 3.5381 0.0000 0.0000 1224.0000 370.0000 1.5036 1.5861 4.0507 -2.2142 1.6594 -0.2025 2.0235 0.0485
Car 0.0000 0 0.3881 0.0000 0.0000 1224.0000 370.0000 1.4292 1.5708 3.8029 1.6592 1.6101 0.1086 1.7057 0.0484
Car 0.0000 0 -3.0147 0.0000 0.0000 1224.0000 370.0000 1.3853 1.5443 3.7879 9.6968 1.3421 0.1096 -1.4871 0.0479
Car 0.0000 0 1.5479 0.0000 184.1654 16.6682 242.9984 1.4792 1.6431 4.1682 -17.9833 1.5960 20.1231 0.8281 0.0479
Pedestrian 0.0000 0 0.7501 98.4408 164.9668 152.5826 262.4637 1.7068 0.4423 0.6866 -8.6181 1.4365 12.6474 0.1655 0.0461
Car 0.0000 0 1.6373 0.0000 181.7313 5.1823 241.2062 1.4982 1.6476 4.1365 -18.2215 1.5383 20.0315 0.9088 0.0455
Car 0.0000 0 -1.6704 0.0000 182.6698 17.2516 242.1543 1.5027 1.6204 4.1894 -18.0824 1.5719 20.0203 -2.3954 0.0455
Car 0.0000 0 1.5848 0.0000 185.8997 7.6602 236.8648 1.4399 1.6898 4.1274 -20.2004 1.6298 22.5368 0.8627 0.0449
Car 0.0000 0 1.5812 0.0000 186.3651 3.2351 237.9162 1.4402 1.6903 4.0813 -20.1702 1.6443 22.3185 0.8551 0.0437
Cyclist 0.0000 0 0.5844 30.1011 161.8922 143.4463 263.3711 1.8212 0.4474 1.7197 -9.5099 1.4889 12.9383 -0.0359 0.0429
Pedestrian 0.0000 0 0.5417 104.5663 165.9338 160.6501 262.4445 1.7186 0.4719 0.7045 -8.6123 1.4609 12.8346 -0.0361 0.0425
Car 0.0000 0 1.3009 0.0000 187.4506 12.5043 238.5590 1.4367 1.6047 3.8673 -20.2748 1.6719 22.0505 0.5663 0.0423
Cyclist 0.0000 0 -1.2562 226.9190 168.3278 275.5156 255.8432 1.6527 0.3644 1.6603 -7.1179 1.4245 14.1947 -1.7102 0.0421
Cyclist 0.0000 0 3.4392 0.0000 0.0000 1224.0000 370.0000 1.6854 0.5951 1.8558 -1.7243 1.6719 -0.0051 2.0526 0.0420
Car 0.0000 0 0.0741 0.0000 0.0000 1224.0000 370.0000 1.4984 1.6237 3.7184 2.0821 1.6360 -0.0503 1.5160 0.0389
Car 0.0000 0 0.2959 164.7535 0.0000 1224.0000 370.0000 1.5733 1.6399 3.4883 -0.7831 1.6269 -0.3212 -1.2703 0.0387
Cyclist 0.0000 0 -0.7156 23.1086 160.4391 136.3253 265.5221 1.7639 0.4632 1.7606 -9.4730 1.4288 12.7736 -1.3400 0.0378
Car 0.0000 0 3.0527 37.6113 0.0000 1224.0000 370.0000 1.5265 1.5665 4.0212 -1.9802 1.6865 0.4607 1.8605 0.0375
Car 0.0000 0 0.2303 0.0000 0.0000 1224.0000 370.0000 1.4247 1.6866 4.0063 2.1530 1.6389 0.5162 1.4308 0.0372
Car 0.0000 0 -0.0313 0.0000 0.0000 1224.0000 370.0000 1.5009 1.5859 3.6796 2.1757 1.6131 -0.1898 1.4796 0.0366
Car 0.0000 0 1.6437 0.0000 187.3167 17.6153 238.0914 1.4279 1.6392 3.9589 -19.9268 1.6665 22.5108 0.9277 0.0364
Car 0.0000 0 3.4452 0.0000 0.0000 1224.0000 370.0000 1.6273 1.6253 4.2121 -0.0882 1.5741 -0.0951 3.0841 0.0360
Car 0.0000 0 0.2384 0.0000 0.0000 1224.0000 370.0000 1.6247 1.6092 3.8737 -22.2829 1.7893 -0.2727 -1.3286 0.0357
Cyclist 0.0000 0 0.5629 43.3553 164.6850 157.7092 263.9553 1.7389 0.4738 1.6799 -9.0542 1.4635 12.6545 -0.0445 0.0350
Car 0.0000 0 -3.0352 0.0000 0.0000 1224.0000 370.0000 1.4162 1.5625 3.7277 14.6755 1.3034 -0.1216 -1.4767 0.0349
Car 0.0000 0 1.2418 0.0000 187.9727 11.5726 239.2714 1.4355 1.5690 3.7272 -20.1900 1.6846 21.8302 0.5043 0.0345
Car 0.0000 0 1.7630 0.0000 186.6473 28.9065 237.6445 1.4349 1.5912 3.8274 -19.7306 1.6494 22.4402 1.0504 0.0344
Car 0.0000 0 -3.1660 0.0000 0.0000 1224.0000 370.0000 1.3883 1.5848 3.6871 9.6662 1.3542 -0.0608 -1.6210 0.0342
Cyclist 0.0000 0 -0.6352 0.2258 163.3348 116.8011 268.0127 1.7314 0.4275 1.7130 -9.7022 1.4491 12.5716 -1.2785 0.0339
Pedestrian 0.0000 0 3.0100 34.6589 164.7658 82.2473 264.6017 1.7328 0.4823 0.6211 -9.8301 1.4614 12.6569 2.3636 0.0333
Car 0.0000 0 0.2095 343.0341 0.0000 1224.0000 370.0000 1.5492 1.6408 3.5089 -0.8318 1.6361 -0.0915 -1.0874 0.0327
Cyclist 0.0000 0 -2.4906 0.0000 0.0000 1224.0000 370.0000 1.6670 0.5368 1.6360 1.3922 1.6475 0.6128 -1.5102 0.0323
Car 0.0000 0 -0.2103 279.0544 0.0000 1224.0000 370.0000 1.4889 1.6257 3.4627 -0.7865 1.6751 0.1425 -1.2447 0.0323
Cyclist 0.0000 0 0.3253 0.0000 0.0000 1224.0000 370.0000 1.6861 0.5538 1.8804 -1.3798 1.6294 -0.0264 -1.0317 0.0323
Car 0.0000 0 0.5593 0.0000 0.0000 1224.0000 370.0000 1.4955 1.6751 3.7793 8.2420 1.4574 1.7949 1.8800 0.0323
Cyclist 0.0000 0 -0.3040 221.3349 0.0000 1224.0000 370.0000 1.6602 0.4453 1.7801 -1.0722 1.7042 0.6465 -1.1381 0.0316
Car 0.0000 0 4.0947 0.0000 0.0000 1224.0000 370.0000 1.4887 1.5734 4.0604 -0.5010 1.6119 -0.0047 3.0933 0.0314
Car 0.0000 0 0.3519 11.5522 0.0000 1224.0000 370.0000 1.4552 1.6025 3.7977 1.1956 1.6374 -0.0878 1.7297 0.0307
Car 0.0000 0 3.6589 0.0000 0.0000 1224.0000 370.0000 1.5874 1.6462 4.1032 -2.6107 1.6561 -0.0976 2.1760 0.0304
Car 0.0000 0 2.8930 0.0000 0.0000 1224.0000 370.0000 1.5592 1.5970 4.1947 0.0815 1.6024 0.0278 3.1250 0.0303
Car 0.0000 0 -3.1378 0.0000 0.0000 1224.0000 370.0000 1.4652 1.6482 3.7145 9.9320 1.4841 -0.1750 -1.5805 0.0300
Cyclist 0.0000 0 0.6898 78.7334 159.7335 189.3276 266.1765 1.8800 0.4628 1.7935 -8.5726 1.5148 12.8141 0.1134 0.0299
Cyclist 0.0000 0 0.3837 26.8228 162.9278 146.1850 264.1761 1.7589 0.4700 1.6797 -9.3269 1.4553 12.7026 -0.2359 0.0294
Car 0.0000 0 -3.1832 0.0000 0.0000 1224.0000 370.0000 1.3895 1.5845 3.6645 9.7201 1.4513 -0.2330 -1.6202 0.0284
Car 0.0000 0 0.8094 0.0000 0.0000 1224.0000 370.0000 1.4493 1.5897 3.8331 1.8097 1.6494 0.7003 1.8670 0.0283
Car 0.0000 0 0.6470 0.0000 0.0000 1224.0000 370.0000 1.4016 1.4527 3.3494 1.5382 1.6293 0.3804 1.7903 0.0280
Car 0.0000 0 -1.1947 0.0000 174.8535 9.2824 239.9245 1.6194 1.6174 4.2010 -18.6480 1.4805 19.8422 -1.9393 0.0268
Cyclist 0.0000 0 -1.0204 27.1813 162.8542 117.1878 265.1151 1.7321 0.4399 1.7540 -9.6838 1.4348 12.8628 -1.6521 0.0261
Cyclist 0.0000 0 -1.2007 205.9561 165.9309 260.5225 253.4436 1.6420 0.3627 1.6969 -7.4377 1.3703 14.1239 -1.6743 0.0260
Car 0.0000 0 0.6396 0.0000 0.0000 1224.0000 370.0000 1.4001 1.5283 3.5768 1.2434 1.6159 0.2263 1.7957 0.0259
Car 0.0000 0 2.8374 0.0000 0.0000 1224.0000 370.0000 1.4994 1.5841 4.0622 0.1668 1.5953 0.2838 3.1085 0.0258
Car 0.0000 0 -0.8923 0.0000 186.2452 24.4022 241.8535 1.4467 1.5781 3.5353 -19.1006 1.6302 20.5760 -1.6311 0.0250
Cyclist 0.0000 0 0.8585 0.0000 0.0000 1224.0000 370.0000 1.6974 0.5329 1.7747 1.0927 1.6314 0.3332 1.8899 0.0246
Car 0.0000 0 -2.0728 46.8310 181.6007 234.4792 259.3689 1.4862 1.6115 4.1403 -10.0943 1.5142 15.2479 -2.6463 0.0246
Car 0.0000 0 -2.2905 23.5886 180.1079 244.9359 257.4719 1.4976 1.6471 4.1001 -10.0146 1.4916 15.0310 -2.8667 0.0244
Car 0.0000 0 2.9216 0.0000 0.0000 1224.0000 370.0000 1.5086 1.5633 3.9323 0.1316 1.6076 0.2789 3.1397 0.0242
Car 0.0000 0 0.9980 0.0000 0.0000 1224.0000 370.0000 1.5573 1.6177 4.5469 -0.9401 1.6765 0.0206 -0.2204 0.0240
Car 0.0000 0 1.2214 0.0000 186.2940 15.9592 237.3925 1.4446 1.6343 4.0729 -20.3885 1.6404 22.0328 0.4836 0.0235
Car 0.0000 0 -2.2655 28.0157 180.0578 248.8053 258.6880 1.5148 1.6487 4.1781 -9.9353 1.5079 15.0270 -2.8382 0.0233
Car 0.0000 0 -0.0483 0.0000 0.0000 1224.0000 370.0000 1.3517 1.5267 3.5688 9.6939 1.4588 0.1329 1.4770 0.0233
Pedestrian 0.0000 0 -2.7692 1156.0176 153.7720 1195.7189 221.0823 1.6970 0.5307 0.6502 14.6862 1.0247 18.2353 -2.0980 0.0232
Car 0.0000 0 -1.9202 0.0000 0.0000 1224.0000 370.0000 1.4257 1.5274 3.7770 -1.3910 1.6398 0.4397 -2.9874 0.0231
Cyclist 0.0000 0 -0.1460 198.3989 0.0000 1224.0000 370.0000 1.6789 0.4533 1.7584 -1.0546 1.6628 0.4636 -1.0739 0.0230
Car 0.0000 0 1.5758 0.0000 182.7762 10.4421 241.2974 1.4693 1.6557 4.1456 -18.0037 1.5421 20.0163 0.8529 0.0228
Car 0.0000 0 -2.1486 48.3793 178.7127 245.1622 256.2979 1.4981 1.6294 4.0541 -9.9261 1.4652 15.2275 -2.7150 0.0226
Pedestrian 0.0000 0 2.5564 655.0434 179.2006 692.3757 253.7823 1.5137 0.3318 0.7050 1.3841 1.4890 14.6582 2.6502 0.0220
Car 0.0000 0 2.1789 0.0000 257.9792 1224.0000 370.0000 1.4846 1.5629 3.6518 1.4861 1.7040 0.9946 3.0257 0.0218
Car 0.0000 0 1.2066 0.0000 188.1613 13.6962 238.4964 1.4156 1.5562 3.6676 -20.1970 1.6706 21.8668 0.4697 0.0216
Car 0.0000 0 -1.4733 0.0000 179.6652 5.8957 241.5090 1.5535 1.6088 4.3258 -18.2139 1.5341 19.9757 -2.2030 0.0211
Car 0.0000 0 3.3469 0.0000 0.0000 1224.0000 370.0000 1.5665 1.6247 4.1810 -0.0831 1.5965 -0.0082 3.0943 0.0208
Car 0.0000 0 3.5891 0.0000 0.0000 1224.0000 370.0000 1.5994 1.6544 4.0947 -0.1393 1.5929 -0.0793 3.0764 0.0206
Pedestrian 0.0000 0 0.2083 33.5749 164.9369 83.1671 263.1836 1.7108 0.4781 0.6134 -9.8183 1.4414 12.6535 -0.4377 0.0202
Cyclist 0.0000 0 -1.1004 48.6194 159.0760 132.7236 262.5444 1.7630 0.4623 1.8061 -9.4265 1.3996 12.9695 -1.7154 0.0202
Car 0.0000 0 -1.3102 0.0000 181.7037 5.9623 240.8396 1.4832 1.5661 4.0998 -18.5772 1.5225 19.9974 -2.0491 0.0201
Car 0.0000 0 -4.1436 0.0000 0.0000 1224.0000 370.0000 1.4040 1.6848 3.9632 9.0195 1.3655 0.9736 -2.7141 0.0198
Cyclist 0.0000 0 0.0503 18.7748 0.0000 1224.0000 370.0000 1.6507 0.4885 1.8120 -1.3741 1.6646 0.3815 -1.0449 0.0196
Car 0.0000 0 -0.8817 0.0000 185.5367 17.5875 240.5072 1.4282 1.4689 3.3577 -19.0494 1.5873 20.3945 -1.6236 0.0195
Car 0.0000 0 0.1463 0.0000 0.0000 1224.0000 370.0000 1.3904 1.5239 3.9087 14.6792 1.2843 0.3465 1.6730 0.0193
Car 0.0000 0 -2.9840 0.0000 0.0000 1224.0000 370.0000 1.4027 1.4633 3.7224 14.4061 1.3120 -0.1760 -1.4219 0.0191
Pedestrian 0.0000 0 -1.6192 0.0000 0.0000 1224.0000 370.0000 1.6114 0.5293 0.6416 3.4534 1.5588 0.1297 -0.1774 0.0187
Pedestrian 0.0000 0 1.2797 87.9754 159.6336 136.0696 265.7993 1.8638 0.5260 0.7664 -9.0105 1.4992 12.8536 0.6817 0.0183
Pedestrian 0.0000 0 -1.9541 0.0000 0.0000 1224.0000 370.0000 1.6400 0.6131 0.6426 3.8021 1.5929 0.1483 -0.5052 0.0182
Car 0.0000 0 -3.1409 0.0000 0.0000 1224.0000 370.0000 1.5085 1.5899 4.1218 0.0120 1.6276 0.2929 -3.1187 0.0182
Car 0.0000 0 -0.9533 0.0000 181.5430 16.5091 237.4439 1.4600 1.4640 3.4906 -19.0024 1.4943 20.3520 -1.6949 0.0180
Pedestrian 0.0000 0 3.0607 641.1763 178.4237 677.4839 267.4453 1.5630 0.4026 0.6136 0.9204 1.5281 12.6125 3.1334 0.0179
Cyclist 0.0000 0 -0.6826 0.0000 0.0000 1224.0000 370.0000 1.6974 0.4460 1.7104 -0.6368 1.7014 0.7347 -1.2230 0.0179
Car 0.0000 0 -3.1038 0.0000 0.0000 1224.0000 370.0000 1.4280 1.6144 3.6969 9.7822 1.4679 -0.1232 -1.5519 0.0179
Pedestrian 0.0000 0 0.4815 49.7308 162.0690 106.2678 263.7633 1.7842 0.5130 0.6498 -9.5026 1.4625 12.7013 -0.1471 0.0178
Car 0.0000 0 3.7030 0.0000 0.0000 1224.0000 370.0000 1.5804 1.6215 4.1559 -2.6744 1.6867 0.0412 2.2693 0.0178
Cyclist 0.0000 0 0.6197 0.0000 0.0000 1224.0000 370.0000 1.6510 0.5725 1.7630 1.4251 1.6636 0.4449 1.6977 0.0176
Car 0.0000 0 -4.2226 0.0000 0.0000 1224.0000 370.0000 1.3920 1.5940 3.9830 9.2412 1.3661 0.7412 -2.7650 0.0173
Pedestrian 0.0000 0 -2.4492 119.2900 170.3637 175.4229 263.9134 1.6624 0.4431 0.7461 -8.3429 1.4840 12.8275 -3.0127 0.0170
Car 0.0000 0 -1.5629 0.0000 182.9099 7.4437 243.2861 1.5077 1.6509 4.2186 -18.0266 1.5845 19.9528 -2.2880 0.0170
Car 0.0000 0 -2.2679 36.6860 179.5246 248.0010 257.4478 1.5068 1.6039 3.9747 -9.8528 1.4895 15.0284 -2.8368 0.0169
Car 0.0000 0 -1.8644 736.3739 147.4052 770.7897 176.0427 2.2310 1.7534 3.6661 12.0714 -0.3738 57.5733 -1.6569 0.0167
Car 0.0000 0 -0.9106 0.0000 179.2402 16.1249 237.9280 1.5245 1.4662 3.6290 -19.0203 1.4933 20.2315 -1.6556 0.0162
Car 0.0000 0 0.8528 0.0000 0.0000 1224.0000 370.0000 1.4634 1.5489 3.7499 1.6110 1.6770 0.6688 1.8731 0.0161
Car 0.0000 0 -2.2602 0.0000 185.3634 193.2799 256.5231 1.3996 1.5725 4.1952 -11.3550 1.5159 15.3712 -2.8849 0.0158
Pedestrian 0.0000 0 -0.7586 239.6092 168.6273 283.0350 251.8841 1.6645 0.5359 0.5968 -7.0891 1.4288 14.5054 -1.2028 0.0158
Car 0.0000 0 0.0392 0.0000 0.0000 1224.0000 370.0000 1.3581 1.4499 3.8013 14.4786 1.2810 0.2622 1.5710 0.0158
Car 0.0000 0 -3.2020 0.0000 0.0000 1224.0000 370.0000 1.4296 1.6738 3.6192 9.6140 1.4736 -0.2312 -1.6393 0.0157
Car 0.0000 0 1.8190 0.0000 177.2783 53.6195 219.2245 1.4559 1.5443 4.0021 -22.3411 1.3456 26.6757 1.1294 0.0154
Car 0.0000 0 -1.1174 0.0000 0.0000 1224.0000 370.0000 1.3562 1.6856 3.9490 10.0535 1.5128 0.0571 0.4171 0.0154
Car 0.0000 0 0.2663 0.0000 0.0000 1224.0000 370.0000 1.3179 1.4541 3.5985 14.3997 1.3378 -0.0487 1.8195 0.0154
Pedestrian 0.0000 0 2.9046 640.9689 178.5654 679.5000 268.4818 1.5731 0.4245 0.6018 0.9381 1.5409 12.6232 2.9786 0.0153
Car 0.0000 0 -1.2559 0.0000 185.3434 9.5016 242.5694 1.4426 1.5230 3.6770 -18.6197 1.5958 20.1442 -1.9924 0.0153
Cyclist 0.0000 0 -1.2553 50.5093 160.7254 115.2581 265.2435 1.8067 0.4007 1.8340 -9.7160 1.4665 13.1516 -1.8783 0.0151
Car 0.0000 0 -2.1629 0.0000 0.0000 1224.0000 370.0000 1.4603 1.5089 3.8667 1.7396 1.6350 0.8981 -1.2026 0.0148
Car 0.0000 0 -2.3273 10.5642 182.5013 232.3799 256.7900 1.4503 1.6122 4.0242 -10.3193 1.4981 15.1016 -2.9152 0.0146
Car 0.0000 0 0.9283 0.0000 182.6165 29.6092 235.1834 1.5318 1.6617 3.9782 -20.3140 1.6024 21.8837 0.1891 0.0146
Car 0.0000 0 1.1393 0.0000 188.0476 17.5758 238.9015 1.4353 1.5754 3.7468 -20.2078 1.6856 21.8407 0.4017 0.0146
Pedestrian 0.0000 0 0.0199 54.4972 161.4797 99.3397 263.4811 1.7763 0.5173 0.6302 -9.5212 1.4468 12.7007 -0.6096 0.0145
Cyclist 0.0000 0 3.1164 0.0000 0.0000 1224.0000 370.0000 1.7146 0.5523 1.8789 -1.7424 1.6869 0.2698 1.8752 0.0144
Car 0.0000 0 1.7826 0.0000 176.5648 56.7935 217.8471 1.4367 1.6068 4.1979 -22.3214 1.3013 26.8355 1.0964 0.0144
Car 0.0000 0 -1.6328 748.7147 146.1480 775.1934 177.6768 2.4592 1.8354 4.5573 12.8392 -0.2398 57.9682 -1.4142 0.0143
Car 0.0000 0 1.2404 0.0000 186.4758 15.0757 238.3192 1.4638 1.6356 3.9825 -20.3452 1.6657 22.0219 0.5034 0.0143
Pedestrian 0.0000 0 -2.2763 0.0000 0.0000 1224.0000 370.0000 1.6750 0.6278 0.6211 3.7921 1.5910 0.1331 -0.8238 0.0142
Car 0.0000 0 -0.6824 468.6019 0.0000 1224.0000 370.0000 1.4364 1.4915 3.4334 -0.6527 1.6509 0.9994 -1.1389 0.0141
Pedestrian 0.0000 0 2.3831 655.3311 177.4722 689.0269 254.3285 1.5802 0.3721 0.6204 1.3733 1.5195 14.8700 2.4749 0.0140
Car 0.0000 0 -1.7164 631.7066 169.4218 686.0048 207.2297 1.4837 1.7314 3.7837 2.1699 1.0504 29.6903 -1.6424 0.0139
Car 0.0000 0 -4.3061 0.0000 0.0000 1224.0000 370.0000 1.3663 1.6374 3.9155 9.6042 1.3188 0.7574 -2.8459 0.0138
Pedestrian 0.0000 0 1.7810 829.4534 166.9623 864.9708 262.2500 1.6389 0.4887 0.5864 4.2540 1.4077 12.5324 2.1023 0.0137
Car 0.0000 0 -1.7867 724.9656 146.5885 760.4748 177.0250 2.3724 1.9056 4.6300 11.2514 -0.2953 57.9783 -1.5941 0.0137
Pedestrian 0.0000 0 -2.4191 114.1556 168.6614 164.1543 262.9333 1.6525 0.4227 0.6251 -8.3728 1.4466 12.6450 -2.9906 0.0137
Car 0.0000 0 2.2317 0.0000 0.0000 1224.0000 370.0000 1.4705 1.5303 3.9376 0.6580 1.6484 0.6815 2.8132 0.0136
Car 0.0000 0 -4.5852 0.0000 0.0000 1224.0000 370.0000 1.3671 1.4969 3.6665 15.5903 1.1990 -0.1448 -3.0245 0.0136
Car 0.0000 0 0.3775 0.0000 0.0000 1224.0000 370.0000 1.4568 1.5725 3.7793 7.8707 1.4801 1.9191 1.6722 0.0136
Car 0.0000 0 -3.0608 593.6288 172.2166 695.5225 210.0370 1.4922 1.6767 4.0505 1.6405 1.1669 29.0009 -3.0031 0.0133
Car 0.0000 0 -2.9878 0.0000 0.0000 1224.0000 370.0000 1.5592 1.5970 4.1330 -0.1171 1.5620 0.5518 -3.1175 0.0132
Car 0.0000 0 -1.4856 0.0000 183.0196 5.4332 243.3754 1.5091 1.6073 4.1918 -18.2209 1.5896 20.0117 -2.2146 0.0130
Car 0.0000 0 1.7244 642.5361 170.0018 699.8421 210.3721 1.4417 1.6448 3.7317 2.5920 1.0683 27.2557 1.8199 0.0129
Car 0.0000 0 -1.5796 0.0000 181.5737 9.3985 242.3261 1.5189 1.6384 4.3717 -17.9878 1.5541 19.9212 -2.3044 0.0128
Car 0.0000 0 -4.5594 0.0000 0.0000 1224.0000 370.0000 1.3528 1.4766 3.4717 15.3159 1.3089 -0.1256 -3.0000 0.0128
Car 0.0000 0 1.9868 608.0475 170.7745 688.1992 210.8680 1.4344 1.6346 3.9675 1.7266 1.0880 27.4271 2.0508 0.0128
Car 0.0000 0 -2.9555 0.0000 0.0000 1224.0000 370.0000 1.3295 1.4822 3.5799 14.6765 1.3074 0.1168 -1.4132 0.0127
Pedestrian 0.0000 0 3.0607 105.0102 169.9823 151.1010 263.6672 1.6426 0.4809 0.6592 -8.6707 1.4599 12.7846 2.4781 0.0126
Car 0.0000 0 -1.4376 0.0000 0.0000 1224.0000 370.0000 1.4029 1.6864 4.2479 10.4476 1.3903 0.8019 0.0274 0.0123
Pedestrian 0.0000 0 2.6006 852.2604 168.4530 897.4629 268.3140 1.6760 0.5000 0.5448 4.5914 1.4755 12.1580 2.9548 0.0123
Pedestrian 0.0000 0 1.4828 647.9585 179.4373 669.6180 256.5300 1.5518 0.3801 0.7308 1.0636 1.5320 14.5951 1.5556 0.0123
Car 0.0000 0 -0.5047 602.9110 172.2150 706.9484 210.5577 1.4685 1.6225 3.9056 2.0052 1.1527 28.6313 -0.4338 0.0122
Car 0.0000 0 -3.2729 0.0000 0.0000 1224.0000 370.0000 1.6700 1.7112 4.2333 21.4323 0.8566 2.0453 -1.8108 0.0121
Car 0.0000 0 -0.7441 622.8581 0.0000 1224.0000 370.0000 1.4820 1.6549 3.8905 -0.3472 1.6774 1.0346 -0.9929 0.0121
Car 0.0000 0 1.8429 142.2187 177.7101 224.2993 219.5975 1.4636 1.6358 3.9918 -15.9132 1.3677 26.8387 1.3147 0.0121
Car 0.0000 0 -2.9853 640.5599 171.0805 740.1726 208.7763 1.4701 1.7287 3.8240 3.4916 1.1042 28.9234 -2.8647 0.0120
Car 0.0000 0 -3.3090 0.0000 0.0000 1224.0000 370.0000 1.6535 1.7158 4.1428 21.8354 0.9297 2.0161 -1.8434 0.0120
Car 0.0000 0 1.7702 0.0000 178.5279 53.8214 220.2924 1.4491 1.5861 4.1262 -22.3004 1.3822 26.7220 1.0824 0.0120
Cyclist 0.0000 0 0.6079 88.2985 156.7332 200.7446 262.6217 1.8795 0.4482 1.7776 -8.3725 1.4593 12.8063 0.0420 0.0120
Car 0.0000 0 3.0064 0.0000 0.0000 1224.0000 370.0000 1.5124 1.5861 4.0098 -0.0864 1.6428 0.5272 2.9073 0.0119
Car 0.0000 0 -0.1183 655.4908 168.9081 753.4333 204.8482 1.4377 1.5743 3.8289 4.0148 0.9755 29.1020 0.0191 0.0118
Cyclist 0.0000 0 -1.2944 236.4500 169.9265 281.3880 252.5515 1.5852 0.3625 1.6946 -7.0778 1.3840 14.4261 -1.7400 0.0117
Car 0.0000 0 1.9140 153.3671 179.9585 238.7205 220.3474 1.4604 1.6107 4.0119 -15.9065 1.4423 27.6742 1.3990 0.0117
Car 0.0000 0 -1.2816 0.0000 182.5497 7.4970 240.5646 1.4647 1.5494 3.9081 -18.6348 1.5306 20.0901 -2.0198 0.0116
Car 0.0000 0 2.9092 0.0000 0.0000 1224.0000 370.0000 1.5025 1.5541 3.8744 0.1244 1.5888 0.5564 3.0525 0.0116
Cyclist 0.0000 0 -2.8604 0.0000 0.0000 1224.0000 370.0000 1.7490 0.3887 1.6026 7.1877 1.4889 0.7965 -1.4427 0.0114
Car 0.0000 0 -1.6670 580.0901 159.0102 609.1025 185.7369 1.9086 1.7543 4.3555 -0.8106 0.3753 52.7471 -1.6804 0.0113
Car 0.0000 0 3.3229 0.0000 0.0000 1224.0000 370.0000 1.5993 1.6298 4.3815 -0.2175 1.6355 0.6191 3.0982 0.0113
Car 0.0000 0 -2.7883 0.0000 0.0000 1224.0000 370.0000 1.4979 1.5600 3.7927 5.7981 1.5384 -0.1739 -1.2418 0.0113
Car 0.0000 0 1.8095 507.8866 174.3045 569.7885 212.0342 1.4359 1.6361 3.9061 -2.6538 1.2016 28.9573 1.7209 0.0112
Car 0.0000 0 2.1234 180.6980 179.1622 309.2012 230.6218 1.4009 1.5768 3.9600 -10.7042 1.3661 21.2895 1.6652 0.0112
Car 0.0000 0 1.9943 135.8857 180.8251 252.4099 231.3568 1.4270 1.6035 4.0134 -12.6816 1.4396 22.0582 1.4805 0.0112
Car 0.0000 0 1.9827 144.7656 180.0770 257.6702 230.1404 1.4434 1.6087 4.0163 -12.6920 1.4327 22.4549 1.4761 0.0112
Car 0.0000 0 2.0962 168.6095 179.6248 295.5940 231.5006 1.4159 1.5875 3.9543 -11.1010 1.3936 21.3103 1.6239 0.0112
Car 0.0000 0 1.7045 509.8076 174.9633 564.2492 213.2574 1.4193 1.6400 3.9377 -2.6611 1.2156 28.2028 1.6132 0.0112
Car 0.0000 0 1.7724 511.3131 172.1992 568.0244 209.3753 1.4591 1.6254 3.8642 -2.6985 1.1348 29.7568 1.6847 0.0112
Car 0.0000 0 1.8049 509.0414 173.3244 569.3774 210.6314 1.4414 1.6271 3.8839 -2.6771 1.1657 29.3521 1.7167 0.0112
Car 0.0000 0 1.7945 507.1981 174.9961 568.9054 213.0943 1.4291 1.6413 3.9262 -2.6491 1.2242 28.5723 1.7048 0.0112
Car 0.0000 0 2.0584 115.3842 181.1747 243.6194 234.2021 1.4423 1.5992 3.9814 -12.6699 1.4661 21.2988 1.5301 0.0112
Car 0.0000 0 2.0120 126.4651 180.4368 247.5157 232.8398 1.4542 1.6076 3.9997 -12.6721 1.4540 21.6727 1.4911 0.0112
Car 0.0000 0 1.9104 164.5087 182.9613 259.8918 228.6180 1.4297 1.6120 4.0134 -13.4838 1.5238 24.4706 1.4139 0.0112
Car 0.0000 0 2.0285 144.0386 183.3580 254.6201 229.9353 1.4146 1.6099 3.9565 -13.4917 1.5202 23.7332 1.5190 0.0112
Car 0.0000 0 1.9703 513.3406 170.6126 585.0101 208.5202 1.4975 1.6135 3.9650 -2.3133 1.1084 30.0635 1.8961 0.0112
Car 0.0000 0 1.8839 517.1384 172.0608 582.6266 210.1067 1.4864 1.6127 3.8925 -2.2589 1.1582 29.7011 1.8106 0.0112
Pedestrian 0.0000 0 -3.2408 853.2056 170.3628 890.9030 265.4896 1.6003 0.4581 0.5603 4.5503 1.4314 12.1812 -2.8901 0.0112
Cyclist 0.0000 0 1.1319 1148.6027 155.8681 1212.1385 222.4898 1.6287 0.5668 1.7439 14.7319 1.0281 18.1941 1.8056 0.0111
Car 0.0000 0 -1.6274 635.6455 168.2704 681.3185 206.2756 1.5084 1.7051 3.8738 2.1858 1.0245 30.0090 -1.5537 0.0111
Car 0.0000 0 -1.6040 747.6937 145.2691 773.0555 177.0252 2.4702 1.8742 4.5965 12.7086 -0.2956 57.9576 -1.3874 0.0111
Car 0.0000 0 2.1073 606.2383 172.3596 691.9329 210.8913 1.4062 1.6129 3.8732 1.7817 1.1106 27.8516 2.1722 0.0110
Car 0.0000 0 -1.8552 0.0000 0.0000 1224.0000 370.0000 1.5792 1.5829 3.9346 5.4370 1.5635 -0.2746 -0.2919 0.0110
Car 0.0000 0 -1.3177 0.0000 0.0000 1224.0000 370.0000 1.4041 1.6853 4.0968 9.8802 1.4148 0.6932 0.1520 0.0110
Car 0.0000 0 1.6166 658.7388 172.2964 703.3626 211.0649 1.4223 1.5842 3.5185 3.0169 1.1229 27.7954 1.7252 0.0110
Car 0.0000 0 3.0363 616.8708 171.3274 717.7371 209.2125 1.5216 1.6822 4.0015 2.5002 1.1547 29.2723 3.1223 0.0110
Car 0.0000 0 1.5840 604.2310 167.4393 646.2415 204.9473 1.5495 1.7371 3.9428 0.8993 1.0114 31.2112 1.6143 0.0109
Car 0.0000 0 -1.4693 752.8536 150.4946 780.7718 177.2847 2.0714 1.7721 4.4837 13.2456 -0.2719 57.6509 -1.2428 0.0109
Car 0.0000 0 -0.7613 641.8678 168.0650 743.4773 207.0290 1.5493 1.7167 4.2892 3.7504 1.0564 30.0743 -0.6368 0.0109
Car 0.0000 0 -1.3871 604.3737 167.8665 656.8812 202.0594 1.4923 1.7268 4.0971 1.2474 0.9424 33.0424 -1.3479 0.0108
Car 0.0000 0 0.1288 0.0000 0.0000 1224.0000 370.0000 1.3713 1.4802 3.8446 14.7631 1.2676 0.4481 1.6488 0.0108
Car 0.0000 0 -2.9154 0.0000 0.0000 1224.0000 370.0000 1.6359 1.6737 4.2438 21.0538 0.8430 2.1196 -1.4587 0.0107
Car 0.0000 0 2.8247 622.3226 174.0945 731.5967 211.6713 1.4163 1.6514 3.9688 2.7842 1.1764 27.8781 2.9248 0.0106
Car 0.0000 0 -4.1748 0.0000 0.0000 1224.0000 370.0000 1.3833 1.6662 4.2642 9.9563 1.3412 0.5442 -2.6894 0.0106
Pedestrian 0.0000 0 2.0417 656.7285 176.8921 686.8098 253.8929 1.5797 0.3955 0.6145 1.3665 1.5073 14.8661 2.1331 0.0106
Car 0.0000 0 -1.3601 0.0000 0.0000 1224.0000 370.0000 1.3666 1.6211 3.9649 10.2037 1.3604 0.7605 0.1063 0.0106
Car 0.0000 0 -1.3270 600.8147 165.3306 655.0187 200.2054 1.5027 1.6692 3.5577 1.0887 0.8506 32.4011 -1.2919 0.0106
Car 0.0000 0 1.8904 114.9770 179.4460 222.3199 230.9750 1.4535 1.6424 4.0016 -13.4943 1.4254 22.0715 1.3499 0.0106
Car 0.0000 0 -3.0157 649.0430 170.7270 750.4616 207.8498 1.4367 1.6349 3.8997 3.8374 1.0600 28.6482 -2.8823 0.0106
Car 0.0000 0 2.2706 0.0000 169.8714 17.2058 204.7225 1.3862 1.6543 3.6383 -27.2348 0.9649 29.9615 1.5400 0.0106
Car 0.0000 0 0.1124 0.0000 0.0000 1224.0000 370.0000 1.3442 1.4454 3.7871 14.4791 1.2636 0.4065 1.6343 0.0106
Car 0.0000 0 1.8735 623.3261 172.1057 693.3694 211.6615 1.4129 1.6061 3.9104 2.1153 1.1146 27.3641 1.9515 0.0105
Car 0.0000 0 0.0378 600.0535 161.7407 699.6085 199.0504 1.6266 1.7191 4.3657 2.0206 0.8102 31.8989 0.1022 0.0105
Car 0.0000 0 1.8135 519.6064 173.5290 580.1776 211.1825 1.4569 1.6119 3.9011 -2.2384 1.1887 29.4114 1.7401 0.0105
Car 0.0000 0 -1.6301 745.3429 145.7183 772.6984 176.7796 2.4131 1.9187 4.5140 12.5770 -0.3159 57.8745 -1.4154 0.0104
Car 0.0000 0 1.7114 630.5939 172.0940 685.7222 210.3530 1.4455 1.7111 3.8469 2.2064 1.1294 28.7718 1.7888 0.0104
Car 0.0000 0 1.3133 666.2310 172.6506 730.2219 209.1598 1.3546 1.6546 3.5679 3.6072 1.0649 28.1051 1.4413 0.0104
Car 0.0000 0 2.8812 598.3480 172.2769 704.4067 210.5189 1.4867 1.5866 4.0146 1.8272 1.1685 28.6501 2.9460 0.0104
Car 0.0000 0 2.9598 618.3557 173.0611 723.5891 210.4346 1.4749 1.7408 4.0387 2.6276 1.1828 28.9466 3.0511 0.0103
Car 0.0000 0 1.7836 630.7842 173.2047 688.7105 210.7187 1.3753 1.5527 3.5724 2.1934 1.1093 27.8497 1.8631 0.0103
Pedestrian 0.0000 0 -1.6343 665.1828 154.6145 678.6321 188.7310 1.9109 0.7201 0.5782 3.7645 0.4624 39.8975 -1.5390 0.0103
Car 0.0000 0 1.1530 0.0000 181.6594 22.6837 234.8946 1.5364 1.6681 4.2472 -20.4327 1.5769 22.0918 0.4154 0.0101
Car 0.0000 0 -1.3713 0.0000 0.0000 1224.0000 370.0000 1.4179 1.6935 4.0362 10.0053 1.5385 0.3028 0.1386 0.0101
Cyclist 0.0000 0 0.9070 0.0000 0.0000 1224.0000 370.0000 1.7685 0.6149 1.7825 -1.3924 1.6454 0.1146 -0.3572 0.0101
Car 0.0000 0 -1.3276 0.0000 0.0000 1224.0000 370.0000 1.3371 1.6357 3.8701 10.2125 1.5158 0.0626 0.2070 0.0100
Car 0.0000 0 0.3990 565.8776 167.6141 658.4362 202.4832 1.5055 1.6282 3.8657 0.3039 0.9506 32.0395 0.4102 0.0100
Car 0.0000 0 -3.1366 0.0000 0.0000 1224.0000 370.0000 1.4819 1.5922 3.4678 9.3711 1.5691 -0.2640 -1.5706 0.0099
Pedestrian 0.0000 0 1.8705 659.7303 178.1411 685.9337 254.2218 1.5386 0.3675 0.6506 1.3703 1.4926 14.6651 1.9634 0.0099
Car 0.0000 0 -1.6117 750.1270 149.3717 775.4518 176.9986 2.1354 1.8255 4.5911 12.8451 -0.2965 57.6829 -1.3919 0.0098
Car 0.0000 0 3.4514 0.0000 171.5906 18.3721 207.9769 1.5028 1.7069 4.2205 -28.5564 1.1363 30.8530 2.7116 0.0097
Car 0.0000 0 1.6861 599.7766 166.7273 646.8386 202.5302 1.5131 1.7070 3.6060 0.8593 0.9325 31.7836 1.7146 0.0097
Car 0.0000 0 -1.5925 635.6265 167.3378 678.5861 206.3060 1.5452 1.7018 3.9484 2.1437 1.0248 30.0462 -1.5203 0.0097
Pedestrian 0.0000 0 2.2128 842.8666 168.9496 890.9919 268.9542 1.7232 0.5482 0.6100 4.6141 1.5258 12.5749 2.5580 0.0097
Car 0.0000 0 0.4625 575.4817 165.9428 664.0588 201.2157 1.5158 1.6619 3.6453 0.6418 0.8917 31.9631 0.4842 0.0097
Car 0.0000 0 -1.3335 599.6706 166.2039 654.0341 200.5311 1.4818 1.6702 3.7087 1.0473 0.8662 32.5264 -1.2998 0.0097
Car 0.0000 0 1.6467 600.9944 166.4545 644.8352 202.8052 1.5249 1.6833 3.5787 0.8318 0.9372 31.5231 1.6746 0.0096
Car 0.0000 0 0.5136 587.9858 164.1866 680.4808 201.0335 1.5529 1.6870 3.7764 1.2651 0.8669 31.5057 0.5551 0.0096
Car 0.0000 0 -0.1710 0.0000 0.0000 1224.0000 370.0000 1.5128 1.5907 3.7431 2.4064 1.6181 -0.1484 1.3287 0.0096
Car 0.0000 0 1.7720 0.0000 178.1795 51.3647 219.8132 1.4467 1.5495 3.9869 -22.3365 1.3676 26.6876 1.0827 0.0096
Car 0.0000 0 2.5427 600.8386 171.3530 708.9565 209.9641 1.4293 1.5847 4.0675 1.9694 1.0922 27.8773 2.6142 0.0095
Car 0.0000 0 -1.6146 609.1628 169.7990 649.2838 202.3933 1.4413 1.7081 3.8538 1.0657 0.9696 33.1963 -1.5811 0.0095
Car 0.0000 0 1.7428 632.3704 173.4538 686.5024 210.1111 1.3722 1.5890 3.4807 2.2160 1.1099 28.3451 1.8217 0.0094
Car 0.0000 0 -1.4887 605.9608 166.6749 648.5201 200.5517 1.4700 1.6620 3.6570 1.0589 0.8715 32.5875 -1.4547 0.0094
Car 0.0000 0 1.8471 0.0000 177.7609 52.9231 219.3783 1.4385 1.5414 4.0182 -22.3572 1.3454 26.5842 1.1555 0.0094
Car 0.0000 0 3.5440 0.0000 175.1991 20.7904 210.3877 1.4635 1.6921 4.4781 -28.6941 1.2445 30.9428 2.8032 0.0093
Car 0.0000 0 2.7431 0.0000 0.0000 1224.0000 370.0000 1.4667 1.5553 3.9559 0.2412 1.6253 0.6135 2.9973 0.0093
Car 0.0000 0 -0.1076 629.4282 171.1419 737.7798 209.3190 1.5244 1.8627 4.2606 3.1483 1.1522 29.1598 0.0005 0.0093
Pedestrian 0.0000 0 -0.6668 233.1726 167.8416 277.4212 252.6633 1.6604 0.5120 0.6135 -7.0742 1.4142 14.2234 -1.1176 0.0093
Car 0.0000 0 0.3358 564.5754 168.2276 655.8103 203.2381 1.5194 1.6358 3.8159 0.2251 0.9883 32.0943 0.3446 0.0092
Car 0.0000 0 0.2057 653.9392 170.4424 752.8442 206.7910 1.4052 1.5924 3.7319 3.9808 1.0179 28.7071 0.3438 0.0092
Car 0.0000 0 1.5579 662.8153 170.8826 707.6808 209.7377 1.3942 1.6045 3.5570 3.0336 1.0506 27.2135 1.6695 0.0092
Car 0.0000 0 -1.6907 574.9684 161.5670 604.4920 186.3029 1.7624 1.7051 4.1970 -1.1684 0.4147 52.5671 -1.7110 0.0092
Car 0.0000 0 -1.7730 0.0000 0.0000 1224.0000 370.0000 1.5454 1.5708 3.4824 5.2950 1.4532 -0.1551 -0.2326 0.0092
Car 0.0000 0 -3.1834 626.3708 172.2188 728.6841 210.4920 1.5122 1.7835 4.0420 2.8974 1.1865 28.9399 -3.0830 0.0092
Car 0.0000 0 -1.2645 598.2988 164.5320 657.2133 200.4673 1.5372 1.6895 3.5349 1.0751 0.8556 32.1880 -1.2296 0.0092
Car 0.0000 0 -0.7210 636.0353 169.4369 734.7461 207.6891 1.5157 1.6619 4.0527 3.4058 1.0789 29.8500 -0.6069 0.0091
Car 0.0000 0 1.6596 636.1365 173.1503 684.2750 210.6219 1.4037 1.6133 3.5742 2.2479 1.1299 28.3780 1.7395 0.0091
Car 0.0000 0 -3.2034 640.6537 172.1091 741.6008 209.3240 1.4117 1.6760 3.8243 3.2947 1.0949 27.7615 -3.0849 0.0090
Pedestrian 0.0000 0 -1.6658 665.0095 154.5460 678.8187 188.9847 1.9285 0.7200 0.6205 3.7648 0.4765 39.8988 -1.5705 0.0090
Car 0.0000 0 1.8017 631.1412 173.9537 689.7322 210.2659 1.3531 1.5719 3.5010 2.2506 1.1107 28.2495 1.8821 0.0090
Car 0.0000 0 0.1187 638.1995 155.1579 711.6855 185.0665 1.6682 1.7907 4.0299 4.0460 0.2561 40.7423 0.2188 0.0090
Car 0.0000 0 1.5470 670.7295 173.1653 713.5331 209.7115 1.3665 1.5934 3.6476 3.4150 1.0937 28.3241 1.6675 0.0090
Car 0.0000 0 -0.0116 576.7844 167.0675 666.5568 201.0909 1.5031 1.7229 3.9683 0.7265 0.9112 32.1182 0.0126 0.0089
Car 0.0000 0 2.2393 0.0000 169.0954 11.9088 205.0558 1.4088 1.6698 3.7774 -27.2160 0.9635 29.6347 1.5036 0.0089
Car 0.0000 0 3.5076 0.0000 171.9623 19.8755 208.0274 1.4936 1.7043 4.4109 -28.6396 1.1415 30.8769 2.7668 0.0089
Car 0.0000 0 1.1385 662.9706 171.9703 736.2780 208.7379 1.3579 1.5851 3.3998 3.6474 1.0444 27.9662 1.2685 0.0088
Car 0.0000 0 -1.7658 625.3984 170.0581 687.5374 209.8298 1.5223 1.7875 4.0849 2.0190 1.1242 29.1964 -1.6957 0.0088
Car 0.0000 0 0.1650 594.8694 162.0398 700.3732 200.2047 1.6324 1.7599 4.4785 1.9121 0.8443 31.5986 0.2267 0.0088
Car 0.0000 0 1.7463 0.0000 174.8351 54.7618 217.2535 1.4876 1.6117 3.8933 -22.3295 1.2905 26.8838 1.0608 0.0088
Car 0.0000 0 1.5315 673.8074 173.3658 720.2310 209.8632 1.3716 1.6967 3.6811 3.6203 1.1050 28.4740 1.6583 0.0088
Car 0.0000 0 -1.9060 616.0914 168.4958 684.7706 206.6842 1.4925 1.6892 3.8762 1.8087 1.0248 29.7217 -1.8441 0.0087
Car 0.0000 0 -1.3973 0.0000 0.0000 1224.0000 370.0000 1.3593 1.5361 3.4679 15.5868 1.2379 -0.2606 0.1710 0.0087
Car 0.0000 0 1.3684 665.4141 171.9025 721.8168 209.4825 1.3879 1.5535 3.3296 3.4006 1.0719 27.8299 1.4904 0.0086
Car 0.0000 0 -1.3097 603.6001 166.5631 659.1592 201.0230 1.5366 1.6880 3.8940 1.3015 0.9166 33.6330 -1.2695 0.0086
Pedestrian 0.0000 0 1.2644 1113.0118 181.6758 1220.3176 370.0000 1.5251 0.4287 0.6960 4.1825 1.5364 5.3655 1.9000 0.0086
Car 0.0000 0 3.6871 0.0000 178.6223 30.8361 224.5283 1.5469 1.6711 4.3787 -23.3840 1.4851 25.0682 2.9445 0.0086
Car 0.0000 0 1.7051 640.1146 174.0633 691.4029 211.0410 1.3768 1.5651 3.6635 2.4654 1.1387 28.2799 1.7928 0.0086
Car 0.0000 0 2.3178 0.0000 171.3488 18.6376 216.0207 1.5050 1.6920 4.4456 -24.3188 1.1982 26.0409 1.5745 0.0086
Car 0.0000 0 -4.5097 0.0000 0.0000 1224.0000 370.0000 1.3869 1.6239 4.0579 9.9518 1.3656 0.7051 -3.0404 0.0086
Car 0.0000 0 -0.9632 245.9354 0.0000 1224.0000 370.0000 1.4772 1.6915 3.6211 -0.4529 1.6799 0.4024 -1.5195 0.0085
Car 0.0000 0 -2.9364 0.0000 0.0000 1224.0000 370.0000 1.3175 1.5346 3.6098 14.7737 1.2284 0.1583 -1.3968 0.0085
Car 0.0000 0 2.1267 609.6909 169.8054 696.0257 209.5159 1.4695 1.7068 3.7541 1.9463 1.0752 28.1799 2.1967 0.0085
Pedestrian 0.0000 0 1.2136 77.3698 154.9967 125.9242 261.2529 1.8315 0.4921 0.7123 -9.0088 1.3936 12.5875 0.6062 0.0085
Car 0.0000 0 -1.5360 753.5610 147.3677 778.2756 177.7984 2.3679 1.8133 4.5952 13.2290 -0.2294 57.9034 -1.3107 0.0085
Car 0.0000 0 1.4823 667.8253 172.6834 716.9144 209.8329 1.3722 1.6027 3.5481 3.3628 1.0850 27.9096 1.6027 0.0084
Car 0.0000 0 -2.0884 1141.2325 164.9098 1224.0000 234.2323 1.4217 1.6296 3.9160 14.5348 1.1036 16.5740 -1.3763 0.0084
Car 0.0000 0 0.0250 653.1987 171.1414 745.5344 206.7694 1.4052 1.6329 3.6472 3.8455 1.0376 28.9742 0.1573 0.0084
Car 0.0000 0 -4.4594 0.0000 0.0000 1224.0000 370.0000 1.4555 1.5639 4.1079 15.9443 1.1085 -0.1795 -2.8962 0.0084
Car 0.0000 0 2.6800 597.4341 173.3369 704.1318 212.6877 1.4939 1.5825 3.9794 1.8144 1.2234 28.3349 2.7450 0.0084
Car 0.0000 0 0.1566 593.9564 162.3588 683.7300 198.8422 1.5834 1.6622 3.8317 1.5342 0.7975 31.8865 0.2060 0.0084
Car 0.0000 0 -1.5354 0.0000 0.0000 1224.0000 370.0000 1.4266 1.6377 4.1740 10.2548 1.3515 0.8690 -0.0788 0.0083
Car 0.0000 0 -1.3665 672.9622 167.0478 729.6288 204.9383 1.4819 1.6276 3.7616 4.0829 0.9573 29.6927 -1.2295 0.0083
Car 0.0000 0 -1.6227 749.1710 145.1035 775.9393 177.6766 2.5419 1.8991 4.7197 12.9128 -0.2407 58.0867 -1.4032 0.0083
Car 0.0000 0 -1.6754 585.4434 158.4948 615.3308 185.2776 1.9116 1.7829 4.3594 -0.3797 0.3423 52.7243 -1.6808 0.0083
Car 0.0000 0 -1.5966 727.6223 150.4690 752.6046 179.0855 2.2643 1.9128 4.4706 11.1607 -0.1206 58.5356 -1.4074 0.0082
Car 0.0000 0 -3.1859 626.5439 173.1930 728.8542 210.4958 1.4688 1.6996 4.0276 2.8897 1.1826 28.7965 -3.0852 0.0082
Car 0.0000 0 -1.3900 672.8303 168.6429 728.4189 206.3239 1.4792 1.6430 3.9514 4.0845 1.0153 29.8845 -1.2538 0.0082
Car 0.0000 0 -0.8624 0.0000 173.7248 105.0705 213.2945 1.5396 1.6145 3.9374 -23.1560 1.2775 29.5114 -1.5207 0.0082
Car 0.0000 0 -2.9251 643.8376 172.1942 746.2443 208.6847 1.4086 1.6375 3.8643 3.6422 1.0895 28.7087 -2.7985 0.0081
Car 0.0000 0 -4.6874 0.0000 0.0000 1224.0000 370.0000 1.4412 1.6083 4.2283 16.0017 1.1205 0.0139 -3.1363 0.0081
Car 0.0000 0 -2.3194 0.0000 0.0000 1224.0000 370.0000 1.4504 1.6256 3.7479 1.2898 1.6368 0.7747 -1.4522 0.0081
Car 0.0000 0 3.4290 0.0000 174.0806 21.7559 210.6882 1.4953 1.7212 4.7412 -28.5878 1.2346 30.6916 2.6860 0.0081
Car 0.0000 0 1.3183 664.3772 170.2981 729.2141 209.2259 1.3968 1.6156 3.6032 3.4368 1.0323 27.2549 1.4441 0.0081
Car 0.0000 0 -1.3981 0.0000 0.0000 1224.0000 370.0000 1.3536 1.5725 3.6050 15.0576 1.2689 -0.2815 0.1714 0.0080
Car 0.0000 0 -3.0461 633.4018 171.3030 744.7571 208.8571 1.4314 1.6759 4.2737 3.3610 1.0824 28.2181 -2.9271 0.0080
Car 0.0000 0 -2.5426 0.0000 0.0000 1224.0000 370.0000 1.6813 1.7835 4.4547 19.9859 1.0701 2.2492 -1.0983 0.0080
Car 0.0000 0 1.7195 652.5889 174.1775 708.5814 211.7448 1.3770 1.6554 3.7924 3.0291 1.1467 27.9550 1.8279 0.0080
Car 0.0000 0 1.6111 645.9398 172.4536 690.3258 211.3769 1.4214 1.5864 3.6341 2.5044 1.1291 27.7202 1.7020 0.0080
Pedestrian 0.0000 0 2.2489 285.0104 179.0500 337.0887 269.7057 1.3992 0.4300 0.6890 -4.7357 1.3785 11.2996 1.8639 0.0080
Car 0.0000 0 -1.6712 580.3217 161.7841 608.9089 186.1603 1.7408 1.7189 4.1813 -0.8056 0.4055 52.6619 -1.6846 0.0079
Car 0.0000 0 0.2602 627.6969 155.1559 708.8778 185.9057 1.7075 1.7970 4.3557 3.6548 0.3016 40.8476 0.3506 0.0079
Car 0.0000 0 2.1072 613.0851 170.4865 696.2574 209.3086 1.4479 1.7173 3.6151 2.0259 1.0759 28.3386 2.1795 0.0079
Car 0.0000 0 -1.6723 748.1967 150.6832 777.9728 177.5759 2.1019 1.9350 4.5326 12.9648 -0.2490 58.1365 -1.4521 0.0079
Car 0.0000 0 1.6113 665.9034 171.6567 710.0184 209.3828 1.4312 1.6321 3.8537 3.4180 1.0972 28.8495 1.7297 0.0079
Car 0.0000 0 1.9191 523.8275 171.5762 591.8965 209.1635 1.4796 1.6315 3.9046 -1.9382 1.1298 29.9298 1.8569 0.0078
Car 0.0000 0 -1.3933 636.4969 167.9175 692.7081 206.7706 1.5382 1.7128 3.9404 2.5842 1.0415 30.1119 -1.3068 0.0078
Car 0.0000 0 2.5101 609.7980 173.3244 708.7991 212.0585 1.4653 1.5739 3.7620 2.1803 1.1953 28.4005 2.5876 0.0078
Car 0.0000 0 1.7843 633.7825 173.0001 693.4756 211.1218 1.4356 1.6312 3.8572 2.4251 1.1547 28.7046 1.8694 0.0078
Car 0.0000 0 -1.4390 0.0000 0.0000 1224.0000 370.0000 1.3706 1.6522 4.1007 10.4373 1.5380 0.0350 0.0990 0.0078
Car 0.0000 0 -2.1638 0.0000 171.1477 24.7655 206.6207 1.5275 1.7093 4.1512 -28.5863 1.1263 31.7873 -2.8894 0.0078
Car 0.0000 0 -0.0576 671.6907 163.9081 785.6149 204.3605 1.5552 1.7245 4.3605 4.8484 0.9188 28.2778 0.1122 0.0078
Car 0.0000 0 -0.7630 648.2115 168.0520 750.6287 206.9643 1.5465 1.7625 4.2889 4.0347 1.0533 30.0705 -0.6292 0.0078
Car 0.0000 0 -1.8300 844.9276 142.6085 901.9531 180.2844 1.8767 1.7270 4.4625 14.1529 -0.0108 37.5483 -1.4705 0.0077
Car 0.0000 0 -2.1057 1140.6337 164.0214 1224.0000 234.2450 1.4419 1.6090 3.9238 14.5490 1.1052 16.5862 -1.3935 0.0077
Car 0.0000 0 -1.7405 750.1422 147.2285 782.5632 177.2646 2.3535 1.8503 4.5869 13.2540 -0.2761 58.2429 -1.5161 0.0077
Car 0.0000 0 2.7756 608.2164 172.6666 719.6914 210.9527 1.4426 1.6703 4.0726 2.2934 1.1490 28.0079 2.8581 0.0077
Car 0.0000 0 3.7483 0.0000 171.3055 25.9883 206.0463 1.4872 1.7082 4.2811 -28.6509 1.0951 31.3806 3.0153 0.0077
Car 0.0000 0 -2.9825 0.0000 0.0000 1224.0000 370.0000 1.3554 1.5712 3.3202 14.7758 1.2718 0.0999 -1.4389 0.0077
Car 0.0000 0 -1.8706 727.2084 146.8941 765.9733 176.1604 2.2721 1.8780 4.4454 11.5486 -0.3682 57.8800 -1.6728 0.0077
Car 0.0000 0 1.4255 0.0000 179.4523 25.8806 220.7089 1.4236 1.5541 3.9499 -22.9727 1.3890 26.2741 0.7148 0.0077
Car 0.0000 0 -1.4033 637.4694 168.8902 691.4460 206.6891 1.4964 1.6804 3.7350 2.5630 1.0383 30.0040 -1.3172 0.0076
Car 0.0000 0 1.7952 0.0000 180.9607 51.6822 222.4881 1.4414 1.5312 3.9686 -22.3713 1.4617 26.6994 1.1054 0.0076
Car 0.0000 0 1.7951 0.0000 178.8673 61.8253 220.7932 1.4585 1.6084 4.2187 -22.1597 1.4032 26.8393 1.1125 0.0076
Car 0.0000 0 1.4602 667.2167 173.9381 717.8268 209.8787 1.3294 1.5861 3.5823 3.3714 1.0882 27.9463 1.5806 0.0076
Car 0.0000 0 2.9867 618.2532 172.1231 724.9250 210.9294 1.4996 1.7551 4.0279 2.5875 1.1774 28.3205 3.0786 0.0076
Car 0.0000 0 -1.5321 800.2646 146.8292 829.8517 176.2475 1.8546 1.7433 4.2993 14.1676 -0.2987 47.5549 -1.2424 0.0076
Car 0.0000 0 0.1542 662.8632 168.1093 766.2991 206.0513 1.4625 1.6462 3.9340 4.4284 0.9864 28.6292 0.3078 0.0075
Car 0.0000 0 -0.4762 644.9563 170.9320 745.1490 207.4024 1.4449 1.6697 3.7961 3.7188 1.0673 29.4418 -0.3501 0.0075
Pedestrian 0.0000 0 2.4483 287.1781 179.9776 339.3464 269.8449 1.3909 0.4185 0.6567 -4.7144 1.3845 11.3268 2.0657 0.0075
Car 0.0000 0 -1.5746 607.0546 170.4404 644.7350 203.7572 1.4460 1.6358 3.6866 0.9352 1.0109 32.5472 -1.5443 0.0075
Car 0.0000 0 0.3649 589.6192 161.9292 688.5842 200.2783 1.6248 1.7244 4.0648 1.5009 0.8394 31.5579 0.4138 0.0075
Car 0.0000 0 3.6819 0.0000 181.4779 28.2346 225.8860 1.4943 1.6254 4.1588 -23.3305 1.5322 25.0527 2.9401 0.0075
Car 0.0000 0 -1.3539 789.4989 146.0954 829.3804 175.9935 1.8796 1.6997 4.2203 13.7451 -0.3152 47.3872 -1.0715 0.0075
Car 0.0000 0 1.2342 696.2581 165.9758 769.0031 206.4634 1.4872 1.5905 4.0061 4.9492 0.9552 28.0721 1.4086 0.0075
Car 0.0000 0 1.9344 616.7597 170.7639 691.1163 209.9503 1.4676 1.7121 3.9307 2.0326 1.1045 28.6180 2.0063 0.0075
Car 0.0000 0 -1.6183 747.6609 149.4146 773.4630 176.2550 2.0668 1.8349 4.5143 12.6393 -0.3588 57.5744 -1.4015 0.0075
Car 0.0000 0 -0.4460 651.5945 168.7032 753.2825 206.5905 1.5035 1.6806 3.8460 4.0203 1.0369 29.4403 -0.3100 0.0074
Car 0.0000 0 -2.8750 622.6234 153.4148 701.8254 184.8378 1.7564 1.8390 4.2555 3.3279 0.2438 41.1061 -2.7929 0.0074
Car 0.0000 0 -3.1536 614.7584 173.6869 725.3712 212.2471 1.4719 1.6250 4.2302 2.5246 1.2133 27.9597 -3.0628 0.0074
Car 0.0000 0 1.6879 651.9355 173.6483 704.8574 210.9097 1.3733 1.6460 3.9194 2.9631 1.1223 28.1461 1.7934 0.0074
Car 0.0000 0 -2.2243 0.0000 0.0000 955.1378 370.0000 1.4697 1.7400 3.8284 0.8378 1.7448 1.0902 -1.6881 0.0074
Car 0.0000 0 -0.3116 666.5936 164.4285 784.8868 204.5950 1.5613 1.7370 4.4041 4.8256 0.9381 28.6552 -0.1447 0.0074
Car 0.0000 0 -2.7050 567.9139 167.9839 655.9281 202.3676 1.4896 1.6668 3.6412 0.2940 0.9489 32.1664 -2.6942 0.0073
Car 0.0000 0 3.6978 0.0000 179.0270 30.0095 224.3831 1.5345 1.6375 4.2117 -23.3377 1.4862 25.1083 2.9570 0.0073
Car 0.0000 0 1.4156 679.1974 170.8916 734.3985 207.7916 1.4004 1.6482 3.7205 4.0376 1.0373 28.7007 1.5557 0.0073
Car 0.0000 0 -1.4476 667.3624 167.3110 717.1516 205.1828 1.4888 1.6349 3.7347 3.7132 0.9718 29.8001 -1.3232 0.0073
Car 0.0000 0 -4.4692 0.0000 0.0000 1224.0000 370.0000 1.4084 1.5496 3.8146 15.8193 1.1619 -0.2448 -2.9020 0.0073
Car 0.0000 0 0.9786 664.2125 170.2525 752.8090 208.3066 1.4001 1.6855 3.7054 4.0008 1.0246 28.0440 1.1205 0.0072
Car 0.0000 0 -1.8179 618.0287 168.2874 680.9992 206.2058 1.4910 1.6993 4.1039 1.7829 1.0123 29.9710 -1.7573 0.0072
Car 0.0000 0 -2.7214 571.7089 166.7586 663.4711 201.1542 1.4804 1.6621 3.8042 0.5471 0.8905 31.9880 -2.7026 0.0072
Car 0.0000 0 0.3392 0.0000 172.9501 140.1957 211.8644 1.5125 1.7551 4.6339 -22.0474 1.2206 29.0070 -0.3036 0.0072
Car 0.0000 0 -2.8069 0.0000 0.0000 1224.0000 370.0000 1.5784 1.5992 3.5466 5.6155 1.5667 -0.2109 -1.2546 0.0071
Car 0.0000 0 -2.8076 573.0118 167.9138 658.3712 201.9662 1.4829 1.5999 3.5528 0.4760 0.9363 32.1460 -2.7911 0.0071
Car 0.0000 0 1.6348 691.9073 167.3353 738.7421 205.5465 1.4406 1.6372 3.8144 4.5102 0.9458 28.6913 1.7908 0.0071
Car 0.0000 0 1.0438 663.9033 170.6887 744.7978 208.4492 1.3730 1.5981 3.4529 3.7811 1.0178 27.6049 1.1802 0.0071
Car 0.0000 0 0.1400 670.1235 163.4037 788.6884 205.3543 1.5668 1.7096 4.4135 4.8961 0.9298 27.8962 0.3136 0.0071
Car 0.0000 0 2.6963 610.2290 173.1321 718.9597 211.3184 1.4689 1.6265 4.0936 2.3914 1.1870 28.6765 2.7803 0.0071
Car 0.0000 0 0.8143 0.0000 174.0038 117.9303 212.8226 1.4893 1.6760 4.0724 -21.9933 1.2416 28.2737 0.1605 0.0071
Car 0.0000 0 1.7404 642.8887 168.8788 700.9789 209.2191 1.4187 1.5921 3.6999 2.5820 1.0116 26.8557 1.8369 0.0071
Car 0.0000 0 -1.9981 603.4769 165.4428 686.2650 207.1849 1.6263 1.7830 4.5036 1.5647 1.0411 29.9632 -1.9447 0.0070
Car 0.0000 0 1.3630 663.0099 168.5255 726.7501 208.4002 1.4042 1.6214 3.8893 3.3105 0.9841 26.9007 1.4859 0.0070
Car 0.0000 0 0.8648 663.8459 169.0776 760.3447 207.7979 1.4007 1.6677 3.7744 4.0800 0.9890 27.6148 1.0116 0.0070
Car 0.0000 0 1.8265 0.0000 180.5091 48.9627 222.0607 1.4399 1.4902 3.9312 -22.4317 1.4418 26.5937 1.1334 0.0070
Car 0.0000 0 -2.8390 653.6235 168.8026 763.5300 207.0977 1.4443 1.6482 4.0427 4.1095 1.0047 28.2793 -2.6945 0.0070
Car 0.0000 0 -2.7349 616.6890 153.3245 693.5176 184.2263 1.7205 1.7194 4.1063 2.8936 0.2089 41.0685 -2.6631 0.0070
Car 0.0000 0 1.1348 604.5530 162.5943 686.8256 203.9233 1.6529 1.7446 4.6866 1.6431 0.9383 30.7728 1.1894 0.0070
Car 0.0000 0 -0.3442 654.4272 152.6994 730.6335 182.9070 1.7001 1.7440 4.0424 5.0572 0.1369 41.0812 -0.2207 0.0070
Car 0.0000 0 1.3297 701.6382 164.7480 767.9611 206.8704 1.5041 1.5800 4.0436 4.8974 0.9432 27.3112 1.5069 0.0070
Car 0.0000 0 1.7992 0.0000 176.6640 67.1922 218.8650 1.4703 1.6168 4.4203 -22.0887 1.3382 26.9712 1.1206 0.0069
Car 0.0000 0 0.1909 0.0000 179.9676 136.6187 222.5098 1.4696 1.7165 4.5680 -20.2315 1.4527 26.2010 -0.4590 0.0069
Car 0.0000 0 -1.3883 789.1097 143.2053 828.0619 176.3229 2.0886 1.7437 4.4238 13.7386 -0.2937 47.5523 -1.1069 0.0069
Car 0.0000 0 -0.7261 644.8792 168.0432 744.0760 206.6483 1.5290 1.6925 4.0528 3.7866 1.0372 29.8414 -0.5995 0.0069
Car 0.0000 0 -1.2850 681.4252 165.1529 746.4886 203.9895 1.4896 1.6313 3.8679 4.5443 0.9025 29.2118 -1.1305 0.0069
Car 0.0000 0 0.9779 667.2238 166.5774 761.6478 207.3920 1.4463 1.6612 3.9313 4.0879 0.9544 27.1810 1.1272 0.0069
Car 0.0000 0 1.6312 654.0414 172.1758 701.3379 210.3624 1.4356 1.6673 4.0184 2.9891 1.1242 28.6954 1.7356 0.0069
Car 0.0000 0 2.8880 612.4247 174.1333 721.0553 211.2894 1.4483 1.6360 4.1134 2.4482 1.2016 28.7048 2.9738 0.0068
Car 0.0000 0 1.7126 0.0000 183.8819 31.0616 226.2479 1.4437 1.4884 3.7537 -22.6939 1.5810 26.3912 1.0100 0.0068
Car 0.0000 0 0.9495 665.0063 167.1521 759.9727 207.5311 1.4444 1.6553 3.9200 4.0509 0.9684 27.4080 1.0964 0.0068
Car 0.0000 0 -1.5090 758.8875 150.8880 784.7031 176.9778 2.0202 1.7746 4.5864 13.7007 -0.2993 57.8603 -1.2758 0.0068
Car 0.0000 0 -1.2475 675.1406 165.7863 745.1341 204.6732 1.5120 1.7340 3.9557 4.4543 0.9414 29.6428 -1.0981 0.0068
Car 0.0000 0 -1.5421 604.8443 169.0759 643.3223 202.1283 1.4273 1.6550 3.4867 0.8999 0.9355 32.3162 -1.5127 0.0068
Car 0.0000 0 0.3389 0.0000 173.8510 135.6736 212.2439 1.4939 1.7466 4.3600 -22.0742 1.2367 28.9935 -0.3047 0.0067
Car 0.0000 0 -1.2145 668.1434 167.8142 736.3516 206.2128 1.4954 1.6559 3.6382 4.0976 1.0028 29.5239 -1.0763 0.0067
Car 0.0000 0 -0.1080 658.3727 152.8186 729.1429 182.8374 1.6895 1.7312 3.8746 5.0556 0.1329 40.6868 0.0167 0.0067
Car 0.0000 0 -2.6867 566.9042 168.6086 656.3184 202.8421 1.4799 1.6046 3.7366 0.2740 0.9673 32.1153 -2.6765 0.0067
Car 0.0000 0 3.3681 0.0000 170.8503 15.9163 208.3661 1.5274 1.7181 4.4452 -28.5842 1.1360 30.6269 2.6242 0.0067
Car 0.0000 0 2.2078 594.5640 169.6302 690.9662 210.9545 1.4982 1.7128 4.0264 1.5249 1.1056 27.7242 2.2639 0.0066
Car 0.0000 0 -2.7985 557.4871 169.0219 648.1115 202.8220 1.4767 1.6900 3.7954 -0.1088 0.9767 32.3174 -2.8001 0.0066
Car 0.0000 0 2.2754 594.6067 170.6397 692.9760 211.8574 1.5107 1.7067 3.9822 1.5683 1.1508 27.9399 2.3326 0.0066
Car 0.0000 0 -1.4029 659.2744 152.1331 699.7451 184.2193 1.7944 1.7264 3.9987 4.4365 0.2094 41.6948 -1.2958 0.0066
Car 0.0000 0 -1.2122 668.9932 167.6722 739.1577 205.5600 1.4561 1.6613 3.7438 4.1330 0.9646 29.2094 -1.0714 0.0066
Car 0.0000 0 0.0869 0.0000 172.7886 141.6295 212.8527 1.5523 1.7813 4.6180 -22.0537 1.2550 29.3573 -0.5504 0.0066
Car 0.0000 0 -0.4483 640.2119 153.4597 716.6168 184.1620 1.7225 1.7281 4.0785 4.2609 0.2068 41.1637 -0.3440 0.0066
Car 0.0000 0 2.3988 0.0000 165.8154 12.6906 206.8906 1.5958 1.7272 4.1394 -27.5247 1.0268 29.6012 1.6569 0.0066
Car 0.0000 0 -0.6697 653.5104 165.5828 760.8840 204.6486 1.5449 1.7603 4.3207 4.3110 0.9565 29.8011 -0.5258 0.0066
Car 0.0000 0 -1.8961 725.0695 153.2177 760.4686 178.6434 2.0232 1.6878 4.0048 11.3997 -0.1584 58.6597 -1.7033 0.0066
Car 0.0000 0 2.8161 627.9089 173.6743 733.1749 211.6747 1.4178 1.7104 3.7369 2.8950 1.1647 27.6185 2.9211 0.0066
Car 0.0000 0 1.2275 696.2458 165.8297 771.2690 207.1718 1.4920 1.5897 4.0717 4.9123 0.9641 27.6512 1.4031 0.0066
Car 0.0000 0 0.5472 0.0000 173.9416 123.0842 211.7553 1.4766 1.6968 4.0314 -22.1934 1.2220 28.6588 -0.1046 0.0066
Car 0.0000 0 -0.1611 634.8576 172.5073 741.8481 210.3457 1.4211 1.7633 3.8993 3.1604 1.1224 27.5204 -0.0463 0.0065
Car 0.0000 0 0.2290 672.2120 163.6366 791.5659 205.4307 1.5322 1.6842 4.3072 4.9121 0.9155 27.5389 0.4054 0.0065
Car 0.0000 0 -3.0755 0.0000 0.0000 1224.0000 370.0000 1.5651 1.7154 4.0096 5.9422 1.6005 -0.1178 -1.5378 0.0065
Car 0.0000 0 1.5507 661.5660 168.7975 707.5980 209.1779 1.4165 1.6095 3.8223 2.9408 1.0075 26.7730 1.6607 0.0065
Car 0.0000 0 3.0300 520.5513 165.5580 618.1190 202.4263 1.6097 1.7033 4.2538 -1.6701 0.9588 32.0479 2.9803 0.0065
Car 0.0000 0 0.0388 659.5684 151.8812 742.1547 182.9848 1.7236 1.7700 4.5838 5.4877 0.1391 40.4468 0.1746 0.0065
Car 0.0000 0 -0.3727 654.4133 152.3016 734.0878 183.1669 1.7334 1.7742 4.2374 5.1599 0.1512 41.0816 -0.2467 0.0065
Car 0.0000 0 -1.4204 597.7121 167.1970 646.4585 202.7496 1.5111 1.6803 3.5840 0.8092 0.9472 31.9597 -1.3935 0.0064
Car 0.0000 0 2.2964 596.1763 171.3076 695.4051 212.3160 1.5143 1.7129 4.0055 1.6559 1.1764 28.1261 2.3562 0.0064
Car 0.0000 0 -1.4106 616.1270 170.3891 672.8916 212.5244 1.5728 1.6552 4.0721 1.6451 1.1969 28.5548 -1.3520 0.0064
Car 0.0000 0 -1.3968 667.7955 170.8627 720.5833 206.5483 1.3812 1.6114 3.3186 3.7099 1.0097 29.1854 -1.2699 0.0064
Car 0.0000 0 -0.2595 592.8988 164.8647 681.4442 199.4940 1.5255 1.7098 3.7360 1.4274 0.8382 32.3743 -0.2140 0.0064
Car 0.0000 0 -1.3242 660.1497 168.2092 723.2444 206.4339 1.5072 1.7124 4.1056 3.7413 1.0241 30.0974 -1.2001 0.0064
Car 0.0000 0 -1.9091 611.9881 166.4077 685.1782 205.9397 1.5555 1.7542 4.3590 1.7417 1.0025 30.1525 -1.8502 0.0064
Car 0.0000 0 0.3111 589.6531 164.7418 674.2108 200.0469 1.5250 1.6558 3.4739 1.2075 0.8458 31.9106 0.3504 0.0064
Car 0.0000 0 -1.3589 666.4052 168.4942 722.8915 205.9307 1.4646 1.6241 3.6116 3.7927 0.9964 29.6295 -1.2312 0.0064
Car 0.0000 0 -4.6359 0.0000 0.0000 1224.0000 370.0000 1.3793 1.5061 3.8109 15.8302 1.1802 -0.0941 -3.0782 0.0064
Car 0.0000 0 0.0155 663.2579 152.4020 746.0624 182.8772 1.6888 1.7896 4.5846 5.6819 0.1331 40.4159 0.1560 0.0063
Car 0.0000 0 -2.2863 0.0000 0.0000 1037.3899 370.0000 1.5333 1.7782 4.0934 0.8980 1.6745 0.7986 -1.6098 0.0063
Car 0.0000 0 -0.7688 0.0000 170.4162 18.2251 206.9969 1.4686 1.6467 3.6622 -27.5584 1.0653 30.2659 -1.5003 0.0063
Pedestrian 0.0000 0 0.7266 112.7716 161.7309 166.2804 257.7345 1.6827 0.4214 0.6984 -8.3695 1.3554 12.6502 0.1555 0.0063
Car 0.0000 0 -4.5970 0.0000 0.0000 1224.0000 370.0000 1.4255 1.5601 4.0691 15.9434 1.1122 -0.0654 -3.0410 0.0063
Car 0.0000 0 1.7961 0.0000 181.0507 43.3041 223.0461 1.4478 1.4874 3.9436 -22.5265 1.4716 26.5196 1.0996 0.0063
Car 0.0000 0 -0.1610 571.0073 170.0819 671.5334 203.1388 1.4556 1.8674 4.3542 0.6818 0.9983 32.3527 -0.1384 0.0063
Car 0.0000 0 0.4946 430.5843 0.0000 1224.0000 370.0000 1.4523 1.7062 4.1281 0.6855 1.6730 -0.2913 2.0203 0.0063
Car 0.0000 0 -1.1345 673.2531 166.4699 749.3578 205.1835 1.4989 1.6770 3.8121 4.4624 0.9572 29.4212 -0.9837 0.0063
Car 0.0000 0 -2.0697 601.6579 167.2454 690.0190 209.1724 1.6144 1.7642 4.4564 1.5865 1.1055 29.6102 -2.0150 0.0062
Car 0.0000 0 -1.3822 756.1774 152.0076 788.4506 177.2180 1.9452 1.7559 4.4265 13.6718 -0.2770 57.5501 -1.1483 0.0062
Car 0.0000 0 0.3458 0.0000 173.6867 129.4622 211.8310 1.4883 1.6863 4.1093 -22.1898 1.2240 28.9959 -0.3003 0.0062
Car 0.0000 0 -3.1800 614.5550 174.5600 709.6168 211.1528 1.4507 1.6594 3.7696 2.2742 1.2167 28.9318 -3.1007 0.0062
Car 0.0000 0 1.0098 668.4826 164.1101 762.4969 205.2896 1.4467 1.6473 4.0198 4.0950 0.8724 27.0066 1.1604 0.0062
Car 0.0000 0 -1.3408 646.0991 171.9945 704.8279 208.0369 1.4178 1.6728 3.6534 3.0099 1.0847 29.8084 -1.2395 0.0062
Car 0.0000 0 1.1929 684.2156 166.6994 759.9964 205.7693 1.4346 1.6266 3.8932 4.5274 0.9294 28.0336 1.3531 0.0062
Car 0.0000 0 -1.0611 1159.0691 161.2258 1224.0000 245.0376 1.4685 1.6721 3.9707 13.0586 1.1324 13.7897 -0.3128 0.0062
Car 0.0000 0 -0.1144 660.1630 152.4652 736.5540 183.3223 1.7384 1.7668 4.1876 5.3235 0.1604 40.7451 0.0164 0.0061
Car 0.0000 0 -2.5482 0.0000 0.0000 1224.0000 370.0000 1.5809 1.6883 4.3241 20.6717 0.7401 2.0801 -1.0917 0.0061
Car 0.0000 0 0.9603 674.9785 166.3901 770.6388 206.9858 1.4633 1.6548 4.0519 4.4869 0.9562 27.6658 1.1210 0.0061
Car 0.0000 0 0.1317 614.6027 170.4239 717.6201 207.1844 1.4840 1.6496 4.1447 2.5796 1.0787 29.7935 0.2189 0.0061
Car 0.0000 0 -1.4903 602.3531 168.4820 644.6635 202.2269 1.4562 1.6609 3.3834 0.8742 0.9391 32.2790 -1.4617 0.0061
Car 0.0000 0 -2.1275 1146.3341 157.9733 1224.0000 219.4631 1.6127 1.6453 3.9281 17.8466 1.0234 20.6039 -1.4197 0.0061
Car 0.0000 0 0.0601 660.8391 151.9872 734.3638 182.1518 1.6720 1.7225 4.0712 5.3102 0.0930 40.4195 0.1917 0.0061
Car 0.0000 0 -1.5542 748.1406 150.0323 773.0757 177.1416 2.0998 1.9139 4.6861 12.7908 -0.2856 57.8820 -1.3359 0.0061
Car 0.0000 0 -0.6791 652.7958 166.8126 758.9512 205.5590 1.5311 1.7578 4.2714 4.2534 0.9917 29.7830 -0.5370 0.0060
Car 0.0000 0 -0.1914 658.9481 152.6763 744.6428 182.8210 1.6949 1.8204 4.6342 5.5297 0.1319 40.7867 -0.0558 0.0060
Car 0.0000 0 1.1084 680.2507 163.0308 769.8825 205.9294 1.5076 1.6730 4.1917 4.4648 0.8952 27.0916 1.2717 0.0060
Car 0.0000 0 -2.8059 0.0000 0.0000 1224.0000 370.0000 1.6557 1.7224 3.7019 5.5940 1.6337 -0.2572 -1.2454 0.0060
Cyclist 0.0000 0 -1.2195 94.3330 161.3294 169.0322 264.4848 1.7389 0.5274 1.7871 -8.5957 1.4174 12.8434 -1.7961 0.0060
Car 0.0000 0 -1.4858 791.6134 142.4200 824.6978 176.7356 2.1724 1.7638 4.6038 13.7698 -0.2662 47.7636 -1.2050 0.0059
Car 0.0000 0 -1.4375 638.9326 172.7766 688.2117 207.6099 1.3754 1.6322 3.3507 2.4918 1.0719 29.7242 -1.3530 0.0059
Car 0.0000 0 1.0979 663.4413 170.2514 744.6007 209.0324 1.3883 1.6092 3.6391 3.7144 1.0230 27.2902 1.2334 0.0059
Car 0.0000 0 0.4084 656.4716 169.5718 758.1890 208.1896 1.4095 1.5893 3.5648 3.9246 1.0121 27.4109 0.5508 0.0058
Car 0.0000 0 0.2574 662.2786 163.9528 778.9265 205.5568 1.5244 1.6625 4.1959 4.4669 0.9196 27.5135 0.4183 0.0058
Car 0.0000 0 -1.6252 658.9138 152.2844 691.1734 184.2124 1.7989 1.6856 3.8576 4.0901 0.2106 41.7970 -1.5264 0.0058
Car 0.0000 0 1.7707 591.6552 167.3318 644.5665 203.0764 1.5020 1.6859 3.5763 0.6257 0.9502 31.6360 1.7921 0.0058
Car 0.0000 0 -1.5187 603.3736 170.3742 643.4432 204.1944 1.4577 1.6477 3.3985 0.8668 1.0227 32.2295 -1.4903 0.0058
Car 0.0000 0 1.7922 0.0000 178.4995 59.1190 220.4225 1.4573 1.5881 4.0468 -22.1479 1.3892 26.7372 1.1080 0.0058
Car 0.0000 0 1.0398 595.9791 162.6586 689.1970 205.0275 1.6733 1.8237 4.7878 1.4868 0.9702 30.4635 1.0898 0.0057
Car 0.0000 0 -1.2284 667.6686 148.7548 719.4998 183.6602 1.9269 1.7567 3.9901 5.2067 0.1759 41.2038 -1.1017 0.0057
Car 0.0000 0 -1.7091 579.3210 162.4944 610.1823 186.5889 1.7184 1.7401 4.1534 -0.7966 0.4355 52.6046 -1.7223 0.0057
Car 0.0000 0 1.6450 642.3008 173.8594 689.0642 211.2719 1.3861 1.5838 3.6709 2.4465 1.1416 28.1302 1.7325 0.0057
Car 0.0000 0 -1.3548 663.9301 150.6059 707.9630 182.7826 1.7869 1.7325 4.0582 4.7916 0.1282 41.4611 -1.2386 0.0057
Car 0.0000 0 0.0993 658.3837 153.9426 726.7403 182.7360 1.5958 1.6767 3.7294 5.0170 0.1253 40.4134 0.2239 0.0057
Cyclist 0.0000 0 0.6392 64.8696 159.6207 184.1916 262.6356 1.8029 0.5060 1.8394 -8.6410 1.4391 12.6715 0.0541 0.0057
Car 0.0000 0 -3.0113 586.3935 174.2088 693.4342 212.5457 1.5101 1.6680 4.2110 1.4451 1.2638 29.0447 -2.9605 0.0057
Car 0.0000 0 -0.4355 650.6906 152.6519 727.1880 183.6785 1.7413 1.7591 4.0571 4.8672 0.1798 41.1450 -0.3167 0.0056
Car 0.0000 0 -0.1568 663.7335 166.3865 766.2081 204.1160 1.5033 1.6685 3.9385 4.4306 0.9425 29.0118 -0.0051 0.0056
Car 0.0000 0 -0.1364 659.0191 152.3644 740.2553 182.9202 1.7233 1.7774 4.4402 5.3995 0.1379 40.7695 -0.0037 0.0056
Car 0.0000 0 -0.5601 1141.3005 154.8457 1224.0000 217.3291 1.6438 1.6944 3.9256 17.6251 0.9705 19.7491 0.1621 0.0056
Car 0.0000 0 -3.0094 624.2192 156.6347 693.8676 184.5107 1.5627 1.6713 3.8248 3.1358 0.2262 40.8484 -2.9314 0.0056
Car 0.0000 0 1.0593 661.3577 165.8862 753.3776 206.7711 1.4157 1.6898 3.9675 3.7306 0.9112 26.6331 1.1987 0.0056
Car 0.0000 0 0.2530 0.0000 168.9714 21.7782 205.7004 1.5196 1.7282 4.1291 -28.4182 1.0441 30.9706 -0.4825 0.0056
Car 0.0000 0 -0.2863 584.8251 168.4777 674.9692 201.2069 1.4387 1.7759 3.7808 1.0980 0.9117 32.4042 -0.2509 0.0055
Car 0.0000 0 -2.8832 562.5215 169.7697 657.4294 203.5958 1.4843 1.6974 4.0462 0.2285 1.0149 32.3723 -2.8745 0.0055
Car 0.0000 0 -1.4521 639.2049 167.9601 688.9669 206.1811 1.5165 1.6600 3.8939 2.5575 1.0204 30.1228 -1.3665 0.0055
Car 0.0000 0 -2.5656 616.2148 154.0024 694.6689 185.5240 1.7568 1.7086 4.3526 2.9119 0.2814 41.3965 -2.4940 0.0055
Car 0.0000 0 -4.1014 0.0000 0.0000 1224.0000 370.0000 1.4163 1.5076 3.7495 9.8478 1.4497 0.2633 -2.5886 0.0055
Car 0.0000 0 0.5911 578.9548 166.2027 669.6981 201.9754 1.5130 1.7349 3.7316 0.8230 0.9098 31.6891 0.6186 0.0055
Car 0.0000 0 0.9534 674.7656 164.4682 773.4086 206.7553 1.5053 1.6938 4.0964 4.4844 0.9361 27.3758 1.1157 0.0055
Cyclist 0.0000 0 -1.0368 1125.0388 154.9375 1224.0000 261.4013 1.6330 0.5202 1.6432 9.1474 1.2426 11.3809 -0.3716 0.0055
Car 0.0000 0 -1.6746 834.7412 135.5500 883.7587 182.1968 2.2984 1.9412 4.6882 13.3303 0.0850 37.3404 -1.3325 0.0055
Car 0.0000 0 -1.6920 841.0414 136.8251 890.4897 181.1702 2.1830 1.8628 4.8129 13.6781 0.0344 37.3568 -1.3418 0.0054
Car 0.0000 0 1.1464 665.5603 167.4695 746.9487 207.2839 1.4058 1.6105 3.8843 3.7551 0.9473 27.0510 1.2846 0.0054
Car 0.0000 0 -1.3224 790.2695 147.8045 832.5230 176.7396 1.8145 1.7209 4.2239 13.8149 -0.2616 47.1765 -1.0374 0.0054
Car 0.0000 0 -0.3728 656.1324 167.9571 762.3341 205.9724 1.5136 1.6871 4.0346 4.2886 1.0157 29.4234 -0.2278 0.0054
Car 0.0000 0 -2.5934 0.0000 0.0000 1224.0000 370.0000 1.6218 1.7065 4.3467 20.3359 0.7762 1.9783 -1.1339 0.0054
Car 0.0000 0 -0.0946 653.8168 154.3812 722.9319 183.5604 1.6427 1.7628 3.8016 4.7498 0.1737 40.7227 0.0225 0.0054
Car 0.0000 0 1.6516 596.2914 167.3009 639.5414 202.6802 1.4987 1.6519 3.6833 0.6165 0.9410 31.8616 1.6726 0.0054
Car 0.0000 0 -1.4368 784.5215 141.9935 820.6927 177.5717 2.2614 1.7616 4.5499 13.4000 -0.2067 47.7758 -1.1631 0.0054
Car 0.0000 0 3.3843 0.0000 170.3586 17.1456 207.6590 1.5234 1.7214 4.3431 -28.5069 1.1107 30.6674 2.6424 0.0053
Car 0.0000 0 1.6709 641.0184 174.0309 689.2187 211.0979 1.3788 1.5621 3.6005 2.4306 1.1397 28.2102 1.7577 0.0053
Car 0.0000 0 0.3398 661.3629 170.1851 764.0979 207.3520 1.4025 1.6296 3.7322 4.2734 1.0148 28.2736 0.4899 0.0053
Car 0.0000 0 -1.2908 663.0781 149.7529 711.5668 182.5821 1.8170 1.7224 4.2011 4.8688 0.1166 41.3974 -1.1726 0.0053
Car 0.0000 0 0.5650 0.0000 173.6623 127.7128 212.0491 1.4998 1.7242 4.1598 -22.0649 1.2341 28.6527 -0.0840 0.0053
Car 0.0000 0 -2.7721 610.8616 170.7292 703.3627 207.0857 1.4360 1.6213 3.4865 2.1441 1.0516 29.4020 -2.6983 0.0052
Car 0.0000 0 2.7340 0.0000 0.0000 1224.0000 370.0000 1.5301 1.5568 3.7377 -19.5172 1.6814 1.3681 1.2512 0.0052
Car 0.0000 0 -0.6436 649.6921 167.3054 752.0283 205.7775 1.5261 1.7037 4.0617 4.0335 1.0042 29.7751 -0.5086 0.0052
Car 0.0000 0 1.7987 586.2942 169.3787 643.2638 206.3577 1.5234 1.6887 3.8117 0.4776 1.0667 31.1766 1.8156 0.0052
Car 0.0000 0 -1.3865 663.7374 168.2039 719.8990 206.3755 1.5051 1.6740 3.9093 3.7255 1.0218 29.9902 -1.2624 0.0052
Car 0.0000 0 2.0484 520.7856 169.6583 596.1041 207.2231 1.4944 1.5937 3.8947 -1.9340 1.0646 30.2261 1.9869 0.0052
Car 0.0000 0 1.8062 0.0000 180.3532 56.4323 222.0033 1.4414 1.5586 3.9367 -22.1263 1.4378 26.5752 1.1195 0.0051
Car 0.0000 0 -2.7440 0.0000 0.0000 1224.0000 370.0000 1.6590 1.6701 3.7392 5.5633 1.6576 -0.1972 -1.1943 0.0051
Car 0.0000 0 -1.4935 662.8218 151.9340 698.2515 184.6206 1.8198 1.7501 4.1880 4.4836 0.2308 41.5784 -1.3850 0.0051
Car 0.0000 0 2.4937 613.0276 174.3553 716.0532 212.3042 1.4355 1.6401 3.9470 2.4021 1.2045 28.4867 2.5786 0.0051
Car 0.0000 0 -1.3107 650.3384 166.3199 717.1751 207.1228 1.6094 1.7884 4.3000 3.4238 1.0516 30.2119 -1.1973 0.0051
Car 0.0000 0 0.6931 596.3544 164.1856 706.4345 205.1377 1.6186 1.7883 4.6014 1.8864 0.9753 30.1696 0.7567 0.0051
Car 0.0000 0 -1.5364 0.0000 0.0000 1224.0000 370.0000 1.6410 1.7352 4.1105 20.2588 0.8783 0.0935 0.0152 0.0050
Car 0.0000 0 1.8555 585.0845 169.7646 649.0906 209.3144 1.6107 1.7260 4.0648 0.5857 1.1750 30.9885 1.8759 0.0050
Car 0.0000 0 -0.8946 0.0000 168.6131 10.8316 202.4110 1.7306 1.7253 4.3118 -34.8717 1.1233 38.3988 -1.6259 0.0050
Car 0.0000 0 -1.6531 658.4726 152.2577 693.1635 184.4778 1.8057 1.7003 4.0590 4.1171 0.2243 41.6636 -1.5535 0.0050
Car 0.0000 0 -0.4048 657.7541 166.8916 763.0510 204.9621 1.5137 1.6938 3.9912 4.3435 0.9741 29.4354 -0.2580 0.0049
Car 0.0000 0 -1.3106 780.2803 142.6022 824.9435 176.3979 2.1373 1.8181 4.4391 13.3692 -0.2890 47.6606 -1.0369 0.0049
Car 0.0000 0 -1.5055 843.0391 138.7710 885.6652 181.7513 2.1120 1.8128 4.6230 13.6949 0.0629 37.2198 -1.1538 0.0049
Car 0.0000 0 -1.7258 629.3821 166.8468 683.7393 205.3373 1.5229 1.6765 4.1362 2.0976 0.9842 30.1010 -1.6552 0.0049
Car 0.0000 0 1.6796 588.9031 168.9588 636.9168 206.1860 1.5435 1.7116 3.8741 0.3926 1.0665 31.3381 1.6938 0.0049
Car 0.0000 0 -1.4993 666.8997 171.0433 710.7963 206.7805 1.4060 1.5820 3.5364 3.5499 1.0354 29.6986 -1.3798 0.0049
Car 0.0000 0 0.3020 661.7215 165.3941 772.8293 205.6886 1.4783 1.6261 3.9714 4.3379 0.9256 27.5419 0.4583 0.0049
Car 0.0000 0 -2.9241 0.0000 0.0000 1224.0000 370.0000 1.5819 1.6808 3.6379 5.7857 1.5969 -0.1122 -1.3883 0.0048
Cyclist 0.0000 0 3.6705 0.0000 0.0000 1224.0000 370.0000 1.6900 0.5847 1.7330 -1.3622 1.7089 0.4260 2.6041 0.0048
Car 0.0000 0 0.1329 658.4086 170.5441 750.2548 207.1475 1.3725 1.5306 3.3917 3.8860 1.0007 27.7000 0.2725 0.0048
Car 0.0000 0 -2.0761 596.1982 164.9017 691.2172 208.0136 1.6796 1.8084 5.0719 1.5068 1.0734 30.2163 -2.0250 0.0048
Car 0.0000 0 -0.3126 0.0000 124.7460 275.1026 370.0000 1.9020 1.9301 5.0805 -6.6125 1.5008 7.7609 -0.9963 0.0048
Car 0.0000 0 -1.4480 780.3237 142.8876 816.8282 177.7853 2.2170 1.8412 4.4740 13.1088 -0.1912 47.7083 -1.1796 0.0048
Car 0.0000 0 2.3541 0.0000 168.0936 11.1521 206.8388 1.5170 1.7299 3.9715 -27.5518 1.0328 29.6992 1.6134 0.0047
Car 0.0000 0 0.2193 0.0000 0.0000 1224.0000 370.0000 1.3515 1.4382 3.7015 14.7910 1.1735 0.6688 1.7246 0.0047
Pedestrian 0.0000 0 -0.4895 637.2482 168.1466 683.5443 269.4337 1.8021 0.5685 0.6554 0.9685 1.5839 12.9668 -0.4151 0.0047
Car 0.0000 0 -1.4480 662.3944 151.8058 700.4241 183.5088 1.7608 1.7236 4.1099 4.5232 0.1685 41.4630 -1.3382 0.0047
Car 0.0000 0 -1.5220 603.7133 168.0872 644.0632 201.7439 1.4536 1.6777 3.2721 0.8872 0.9190 32.2290 -1.4929 0.0046
Car 0.0000 0 -1.1918 673.2740 0.0000 1224.0000 370.0000 1.5191 1.7470 4.4966 0.3298 1.6634 1.3580 -0.9965 0.0046
Car 0.0000 0 -0.8317 0.0000 186.9917 122.6019 244.8708 1.5299 1.6863 4.0372 -16.8415 1.7454 21.2270 -1.4935 0.0046
Car 0.0000 0 1.7235 593.7853 168.5597 642.7192 204.3187 1.4959 1.6663 3.4326 0.6226 0.9979 31.4072 1.7450 0.0045
Car 0.0000 0 0.5179 661.5447 167.0055 765.2935 206.5150 1.4391 1.6138 3.6729 4.1591 0.9491 27.5204 0.6680 0.0045
Car 0.0000 0 0.3956 665.3619 168.7110 766.5422 207.3610 1.4328 1.6342 3.5830 4.3280 0.9973 27.8396 0.5499 0.0045
Car 0.0000 0 -3.0495 616.6620 155.5724 688.0251 184.3937 1.6199 1.6250 3.9813 2.7531 0.2202 40.8561 -2.9808 0.0045
Car 0.0000 0 -0.4360 0.0000 137.0894 289.8595 370.0000 1.8452 1.8638 4.6812 -6.2837 1.5068 8.0390 -1.0786 0.0045
Pedestrian 0.0000 0 -1.8731 0.0000 0.0000 1224.0000 370.0000 1.6411 0.5543 0.6870 4.1594 1.5545 0.1313 -0.4097 0.0045
Car 0.0000 0 -1.5662 605.9098 171.5953 645.2415 204.5239 1.4184 1.6950 3.7183 0.9302 1.0363 32.3379 -1.5360 0.0045
Car 0.0000 0 0.2442 0.0000 179.9458 138.6572 224.2056 1.5272 1.7407 4.6166 -20.1493 1.5096 26.1020 -0.4056 0.0044
Car 0.0000 0 3.0270 610.2452 174.2589 721.9789 212.5350 1.4812 1.6496 4.2829 2.3580 1.2412 28.2456 3.1111 0.0044
Car 0.0000 0 -1.8270 646.8441 152.3097 691.4844 184.5130 1.8131 1.7125 3.8230 3.7353 0.2273 41.8290 -1.7367 0.0044
Car 0.0000 0 1.3733 664.9309 166.6913 730.0886 207.3988 1.4124 1.6657 3.9524 3.3614 0.9348 26.5579 1.4996 0.0044
Car 0.0000 0 0.2723 0.0000 182.5856 132.7130 227.0900 1.5303 1.6810 4.2818 -20.1415 1.6132 26.0263 -0.3788 0.0044
Car 0.0000 0 1.6164 659.7366 166.8072 708.2947 208.3360 1.4381 1.6317 3.9715 3.0068 0.9655 26.5695 1.7296 0.0044
Car 0.0000 0 -2.9314 0.0000 0.0000 1224.0000 370.0000 1.6673 1.7132 3.6820 5.7452 1.6830 -0.0731 -1.4025 0.0044
Car 0.0000 0 1.6027 659.7462 174.1774 704.3394 212.2937 1.3940 1.6245 3.7527 3.0631 1.1642 27.8250 1.7129 0.0044
Car 0.0000 0 -1.4523 0.0000 0.0000 1224.0000 370.0000 1.6330 1.7512 4.1901 20.4621 0.8770 0.0687 0.1007 0.0043
Car 0.0000 0 -1.8138 585.0212 166.2523 641.4871 202.0041 1.5301 1.7650 3.5357 0.2965 0.9218 32.1780 -1.8028 0.0043
Car 0.0000 0 -2.9919 0.0000 0.0000 1224.0000 370.0000 1.6476 1.7811 3.8101 5.7556 1.6939 -0.1480 -1.4500 0.0043
Car 0.0000 0 -1.3001 0.0000 0.0000 1002.1313 370.0000 1.5012 1.7012 3.8172 0.2328 1.7093 1.7381 -1.1863 0.0043
Car 0.0000 0 1.1392 1073.7386 171.5770 1200.9783 226.6223 1.4292 1.5155 3.5884 15.0536 1.1991 20.2619 1.7723 0.0042
Car 0.0000 0 0.5915 603.9447 168.3972 707.0409 205.5909 1.4681 1.6839 4.0924 2.0653 0.9919 29.8254 0.6617 0.0042
Car 0.0000 0 -3.5419 0.0000 265.4288 1224.0000 370.0000 1.4852 1.5202 3.3544 1.0272 1.7604 1.2036 -2.9486 0.0042
Car 0.0000 0 -1.4914 600.7368 167.4371 643.8716 201.7493 1.4753 1.7013 3.2634 0.8139 0.9151 32.1081 -1.4644 0.0042
Pedestrian 0.0000 0 2.7974 677.6293 169.9633 705.4625 240.5933 1.7547 0.4805 0.5680 2.1459 1.4945 17.8578 2.9165 0.0042
Car 0.0000 0 -3.4049 0.0000 246.7346 1224.0000 370.0000 1.5007 1.7511 4.1839 0.6310 1.7267 1.2870 -3.0302 0.0041
Car 0.0000 0 -1.6918 657.6089 152.6148 694.8693 184.0013 1.7553 1.7061 3.9653 4.1274 0.1972 41.5377 -1.5916 0.0041
Car 0.0000 0 1.8021 0.0000 180.9297 48.3514 222.5664 1.4411 1.5022 3.8680 -22.3878 1.4600 26.5748 1.1096 0.0041
Car 0.0000 0 -2.7890 592.9734 170.7688 698.9268 208.0561 1.4700 1.6754 4.0789 1.6803 1.0878 29.4511 -2.7309 0.0041
Car 0.0000 0 -1.5538 835.8489 139.6189 876.5530 183.4142 2.1652 1.9139 4.4929 13.3011 0.1455 37.3903 -1.2128 0.0041
Car 0.0000 0 1.8425 0.0000 181.3736 57.2243 221.8091 1.3989 1.5187 3.7925 -22.1352 1.4358 26.5849 1.1558 0.0041
Car 0.0000 0 2.6752 0.0000 0.0000 1224.0000 370.0000 1.5472 1.5101 3.7514 -19.5795 1.7035 1.4734 1.1975 0.0040
Car 0.0000 0 3.3053 0.0000 168.6068 17.0512 204.4703 1.4770 1.5992 3.6892 -28.1282 0.9887 30.7815 2.5720 0.0040
Car 0.0000 0 0.9361 332.8653 0.0000 1224.0000 370.0000 1.4012 1.6490 3.9633 0.7407 1.7066 0.1131 1.9759 0.0040
Car 0.0000 0 -1.6069 838.3696 137.7165 880.3881 181.6498 2.1653 1.9037 4.6063 13.3451 0.0581 37.3263 -1.2644 0.0040
Car 0.0000 0 -2.4841 0.0000 0.0000 1224.0000 370.0000 1.5266 1.6402 4.1567 20.5676 0.6931 1.2037 -0.9860 0.0040
Car 0.0000 0 0.4533 0.0000 0.0000 1224.0000 370.0000 1.4532 1.5084 3.7303 14.9372 1.1768 0.5513 1.9671 0.0040
Cyclist 0.0000 0 1.1625 660.4834 153.5246 684.3783 188.6626 1.9383 0.6339 1.9224 3.7938 0.4517 40.0090 1.2582 0.0040
Pedestrian 0.0000 0 -1.9221 233.6843 164.4433 279.6218 270.4897 1.5895 0.4434 0.6641 -5.4622 1.3505 10.9833 -2.3702 0.0040
Car 0.0000 0 0.0847 0.0000 164.5961 16.5156 205.8825 1.6850 1.7357 4.0168 -28.2830 1.0374 30.7605 -0.6517 0.0039
Car 0.0000 0 -0.5225 1217.7930 141.5384 1224.0000 249.4234 1.5457 1.8027 3.2416 12.3294 0.9891 11.4491 0.2877 0.0039
Car 0.0000 0 -0.2367 0.0000 165.2324 22.4084 204.5052 1.6054 1.6383 3.4947 -27.8701 0.9828 30.8009 -0.9651 0.0039
Car 0.0000 0 -0.4243 1220.8861 143.3856 1224.0000 253.1944 1.5619 1.7437 3.2864 12.3965 1.0357 11.4801 0.3874 0.0039
Car 0.0000 0 1.4426 591.0184 168.5741 637.5173 204.9581 1.5262 1.5936 3.8688 0.3357 1.0274 31.6664 1.4549 0.0039
Car 0.0000 0 0.5323 0.0000 171.8524 136.7943 211.0815 1.5281 1.7689 4.6103 -21.9608 1.1928 28.6782 -0.1141 0.0039
Car 0.0000 0 -0.4294 0.0000 117.0314 292.5101 370.0000 1.9087 1.9206 5.0695 -6.2792 1.4592 7.7129 -1.0907 0.0038
Cyclist 0.0000 0 -0.5270 26.5162 167.8393 139.8224 270.3926 1.6078 0.4313 1.5139 -8.7528 1.4110 11.8588 -1.1482 0.0038
Car 0.0000 0 -1.3253 651.0909 166.6729 716.7234 207.3468 1.6018 1.8030 4.2256 3.4194 1.0588 30.1347 -1.2118 0.0038
Car 0.0000 0 -0.4002 653.4644 166.8700 765.9969 205.4256 1.5307 1.7201 4.3051 4.3161 0.9911 29.4393 -0.2544 0.0038
Pedestrian 0.0000 0 -2.3962 0.0000 0.0000 1224.0000 370.0000 1.6407 0.7035 0.6727 4.1718 1.4571 -0.1859 -0.8570 0.0038
Car 0.0000 0 -2.1118 633.1055 155.0222 691.8975 185.9241 1.7377 1.7324 3.8469 3.3431 0.3064 41.8620 -2.0308 0.0038
Car 0.0000 0 -1.3384 643.1141 168.0306 704.9814 206.2528 1.5117 1.7317 4.0721 2.9970 1.0200 30.1659 -1.2386 0.0037
Car 0.0000 0 0.3638 642.3359 157.9782 715.1614 185.6264 1.5227 1.6532 3.8139 4.2143 0.2837 40.5348 0.4685 0.0037
Car 0.0000 0 -1.3024 781.9211 146.9892 825.8339 175.6946 1.8059 1.7718 4.2730 13.4144 -0.3373 47.5301 -1.0271 0.0037
Car 0.0000 0 0.2268 667.3173 167.1249 770.9254 205.8787 1.4495 1.6487 3.7651 4.4860 0.9508 27.9137 0.3862 0.0037
Car 0.0000 0 -2.1531 1147.5803 158.3812 1224.0000 219.6043 1.6116 1.6113 3.7402 17.8184 1.0309 20.5630 -1.4451 0.0037
Car 0.0000 0 3.6578 0.0000 181.6650 34.3627 226.3039 1.5017 1.5931 4.2541 -23.1848 1.5467 25.0909 2.9199 0.0036
Car 0.0000 0 -1.4351 661.1947 152.4514 700.9181 183.8355 1.7389 1.7576 4.2045 4.5011 0.1862 41.4238 -1.3257 0.0036
Car 0.0000 0 -2.6972 0.0000 0.0000 1224.0000 370.0000 1.5155 1.6891 4.1961 20.1897 0.6690 1.0024 -1.1907 0.0036
Car 0.0000 0 -2.8415 608.4426 154.9011 691.3427 184.7952 1.6727 1.6996 4.5154 2.6058 0.2417 41.1570 -2.7768 0.0036
Car 0.0000 0 0.2124 668.3275 167.7751 770.1875 205.9739 1.4498 1.6490 3.7606 4.5536 0.9684 28.2826 0.3721 0.0035
Car 0.0000 0 -1.6739 256.2695 0.0000 1224.0000 370.0000 1.4653 1.8059 4.0394 0.3726 1.6740 0.6311 -1.3002 0.0035
Car 0.0000 0 -0.0781 0.0000 162.3849 19.3526 206.3399 1.7747 1.8434 4.0266 -28.1425 1.0448 30.6388 -0.8141 0.0035
Car 0.0000 0 1.0410 1202.7928 155.8207 1224.0000 222.0841 1.5458 1.5030 4.2577 17.9577 0.9717 18.7328 1.7984 0.0035
Pedestrian 0.0000 0 -2.3898 0.0000 0.0000 1224.0000 370.0000 1.6571 0.7152 0.6428 4.1715 1.4639 -0.1845 -0.8510 0.0035
Car 0.0000 0 0.3315 0.0000 182.7965 123.8778 228.1544 1.5451 1.6689 4.1647 -20.2046 1.6348 25.6873 -0.3273 0.0035
Car 0.0000 0 0.0182 667.8220 167.0670 772.1691 206.0681 1.5147 1.7168 4.0519 4.6259 0.9945 28.6586 0.1783 0.0034
Car 0.0000 0 -3.0475 611.6719 154.8602 686.1632 184.0732 1.6401 1.6099 4.1581 2.5525 0.2020 40.8117 -2.9836 0.0034
Car 0.0000 0 -2.0682 599.9125 164.1755 693.0072 205.7755 1.6255 1.7732 5.0395 1.6297 0.9891 30.2787 -2.0132 0.0034
Car 0.0000 0 1.8067 0.0000 182.9598 47.8738 223.6481 1.4021 1.4897 3.6999 -22.3985 1.5031 26.5890 1.1143 0.0034
Car 0.0000 0 -1.9637 634.1955 155.6505 685.9205 185.3641 1.6672 1.6903 3.8676 3.1890 0.2743 41.7678 -1.8861 0.0034
Car 0.0000 0 -1.3517 775.7146 143.9468 818.9740 176.9526 2.0897 1.8699 4.5677 13.0399 -0.2506 47.7452 -1.0848 0.0034
Pedestrian 0.0000 0 2.4582 275.4280 174.6217 325.3133 267.6638 1.4398 0.4024 0.6169 -4.9115 1.3505 11.3029 2.0604 0.0034
Car 0.0000 0 -2.8040 613.2457 154.0569 692.7997 184.6455 1.7095 1.6897 4.3012 2.7832 0.2331 41.1368 -2.7351 0.0034
Car 0.0000 0 2.9257 598.3471 156.1355 684.7276 185.4846 1.6284 1.7077 4.6776 2.0544 0.2780 40.4482 2.9780 0.0034
Car 0.0000 0 0.2171 669.2894 166.0162 776.2180 205.9458 1.4921 1.6921 3.8944 4.6322 0.9524 27.9269 0.3815 0.0034
Car 0.0000 0 -1.3240 652.8860 167.5264 715.3374 205.5570 1.5078 1.7664 3.8002 3.4138 0.9949 30.1173 -1.2105 0.0034
Car 0.0000 0 0.1462 0.0000 166.2794 19.8241 206.4073 1.6499 1.6761 4.0887 -28.3459 1.0667 30.8990 -0.5892 0.0034
Car 0.0000 0 0.3452 0.0000 185.4388 132.3825 229.8340 1.5104 1.6425 4.0806 -19.8768 1.7016 25.7548 -0.3044 0.0034
Car 0.0000 0 -2.8063 0.0000 0.0000 1224.0000 370.0000 1.5540 1.7353 4.5845 19.9240 0.7367 1.6806 -1.3343 0.0034
Pedestrian 0.0000 0 -2.0877 0.0000 0.0000 1224.0000 370.0000 1.7013 0.5763 0.6947 4.1450 1.5936 0.1182 -0.6215 0.0033
Car 0.0000 0 -1.7358 826.5386 138.6406 877.8852 181.1598 2.1093 1.8703 4.2439 12.9562 0.0342 37.3188 -1.4023 0.0033
Pedestrian 0.0000 0 2.6515 675.4489 167.2269 706.1848 240.7138 1.8186 0.5341 0.5873 2.1265 1.4917 17.8482 2.7696 0.0033
Car 0.0000 0 4.5413 0.0000 0.0000 1224.0000 370.0000 1.4799 1.7226 3.9628 -31.3291 2.0216 -0.0664 2.9802 0.0033
Car 0.0000 0 2.0322 576.9742 169.7713 646.0684 206.5784 1.5172 1.6108 3.5781 0.3267 1.0764 31.0990 2.0443 0.0033
Car 0.0000 0 -0.1347 0.0000 186.9740 110.2923 235.7413 1.5161 1.6173 3.8572 -19.6325 1.7593 24.4426 -0.8034 0.0033
Pedestrian 0.0000 0 1.0908 226.7655 161.3029 282.8072 270.0490 1.6189 0.4985 0.7350 -5.4685 1.3348 10.9404 0.6408 0.0033
Car 0.0000 0 -1.2217 640.5944 168.6203 709.5214 206.3052 1.4914 1.7190 3.7956 3.0227 1.0228 30.0602 -1.1208 0.0033
Car 0.0000 0 -1.7850 589.3038 170.0457 640.6140 203.0099 1.4167 1.6811 3.2159 0.3827 0.9688 32.1241 -1.7714 0.0033
Car 0.0000 0 1.3141 654.6050 152.9713 700.9635 184.5809 1.7524 1.7778 3.7907 4.1781 0.2276 41.2026 1.4163 0.0033
Car 0.0000 0 -1.2316 638.6392 168.8945 708.7626 206.8723 1.4993 1.7307 4.0120 2.9749 1.0426 30.0919 -1.1324 0.0032
Car 0.0000 0 1.8963 582.7600 169.5696 644.3395 205.1013 1.4668 1.6718 3.5069 0.4161 1.0171 31.1160 1.9114 0.0032
Pedestrian 0.0000 0 2.2827 273.2190 170.0806 323.8896 266.8653 1.4945 0.4294 0.6365 -4.9291 1.3353 11.2817 1.8830 0.0032
Car 0.0000 0 -2.6354 612.6750 153.5784 692.1765 185.2359 1.7656 1.6984 4.3590 2.7390 0.2655 41.3240 -2.5678 0.0032
Car 0.0000 0 -2.9218 602.0039 154.7553 685.8673 184.4335 1.6621 1.6960 4.6008 2.2640 0.2217 41.0353 -2.8651 0.0031
Pedestrian 0.0000 0 2.2027 664.2629 157.8129 696.3059 235.4322 1.9479 0.5842 0.5878 1.8970 1.3801 18.1524 2.3068 0.0031
Car 0.0000 0 4.4492 0.0000 0.0000 1224.0000 370.0000 1.4988 1.6904 3.9188 -31.2087 1.9639 -0.3109 2.8803 0.0031
Car 0.0000 0 -2.6437 609.4717 154.1305 691.6097 184.9902 1.7226 1.7051 4.5348 2.6314 0.2520 41.3944 -2.5788 0.0031
Car 0.0000 0 -1.5409 840.0786 141.8932 880.2477 181.6946 1.9519 1.8525 4.6365 13.4540 0.0600 37.1663 -1.1944 0.0031
Car 0.0000 0 -0.7620 1204.6071 152.7990 1224.0000 249.5824 1.4808 1.6446 3.0930 12.1239 1.0586 11.6814 0.0300 0.0031
Car 0.0000 0 -1.5818 780.5968 142.8268 812.0843 176.7985 2.1583 1.9623 4.1641 12.8708 -0.2601 47.6703 -1.3178 0.0031
Car 0.0000 0 -3.1724 603.3100 155.4892 685.3422 184.7151 1.6471 1.7135 4.6247 2.2292 0.2389 40.7572 -3.1163 0.0031
Car 0.0000 0 2.9051 603.3535 155.6609 683.0515 184.5462 1.6025 1.6804 4.2762 2.1522 0.2259 40.4332 2.9598 0.0030
Car 0.0000 0 -1.8174 1183.1493 157.3830 1224.0000 218.1678 1.6022 1.5448 3.5991 18.2706 0.9944 20.5855 -1.0976 0.0030
Car 0.0000 0 -1.4157 779.5708 147.4859 818.3525 175.5326 1.7601 1.8520 4.4646 13.1166 -0.3504 47.6384 -1.1468 0.0030
Car 0.0000 0 0.4370 0.0000 187.3951 115.7446 232.8040 1.4927 1.6921 4.1139 -19.9809 1.7499 24.9240 -0.2309 0.0030
Car 0.0000 0 -1.2732 472.7337 182.5794 581.9703 242.0282 1.3558 1.6733 4.1228 -1.9206 1.4181 18.4581 -1.3734 0.0030
Car 0.0000 0 -0.6371 0.0000 163.4656 15.6094 208.3623 1.7563 1.7342 4.1096 -27.6831 1.0915 29.8374 -1.3779 0.0030
Car 0.0000 0 -3.1569 607.1348 155.2652 683.9749 184.2753 1.6346 1.6918 4.3328 2.3130 0.2141 40.7720 -3.0987 0.0030
Car 0.0000 0 -2.8661 0.0000 0.0000 1224.0000 370.0000 1.5079 1.6981 4.2159 19.8600 0.6877 0.9026 -1.3556 0.0030
Car 0.0000 0 -0.2361 664.0294 166.6309 771.1561 205.0081 1.5252 1.7120 4.0656 4.5618 0.9755 29.1121 -0.0805 0.0030
Car 0.0000 0 -1.6724 820.6779 141.1706 865.2614 180.9615 1.9796 1.8652 3.4142 12.3973 0.0244 37.0414 -1.3501 0.0029
Pedestrian 0.0000 0 -1.2529 1142.6117 161.3547 1192.1106 270.3239 1.7007 0.4899 0.5224 9.0071 1.4036 11.3794 -0.5952 0.0029
Car 0.0000 0 -0.6738 0.0000 168.2768 15.9895 207.1060 1.5416 1.6511 3.6733 -27.5353 1.0578 30.0124 -1.4090 0.0029
Car 0.0000 0 -1.4068 470.8580 183.8483 559.3027 242.0270 1.3209 1.6399 3.7832 -2.2358 1.4178 18.1967 -1.5252 0.0028
Pedestrian 0.0000 0 2.0643 260.6228 168.7440 308.1246 268.8263 1.5143 0.4193 0.6395 -5.0392 1.3381 11.0282 1.6485 0.0028
Car 0.0000 0 -0.4182 0.0000 164.3470 18.7288 204.8758 1.6221 1.6497 3.6412 -27.7363 0.9771 30.2925 -1.1525 0.0028
Car 0.0000 0 1.6926 724.5319 157.2090 752.6356 179.4174 1.8021 1.8760 3.8492 11.3268 -0.0935 59.6938 1.8810 0.0028
Car 0.0000 0 -1.6750 831.3630 140.2673 878.6461 181.2153 2.0213 1.8759 4.5016 13.0990 0.0367 37.3025 -1.3380 0.0028
Car 0.0000 0 0.1769 667.7496 166.1231 774.8644 205.8113 1.5073 1.7130 3.9960 4.6466 0.9628 28.3207 0.3395 0.0027
Car 0.0000 0 -0.6809 0.0000 171.4154 12.7458 203.5805 1.6400 1.7145 4.2399 -34.8913 1.1782 38.2735 -1.4142 0.0027
Car 0.0000 0 0.5397 0.0000 182.9158 111.9561 227.2284 1.5159 1.6576 3.9293 -20.3130 1.6078 25.3721 -0.1276 0.0027
Car 0.0000 0 -1.5061 777.1154 149.4843 808.7820 175.9387 1.6751 1.8201 3.7403 12.6734 -0.3187 47.5416 -1.2453 0.0027
Car 0.0000 0 -1.4103 818.3856 144.6151 866.4417 181.0728 1.8160 1.8307 3.7487 12.5558 0.0300 37.2990 -1.0862 0.0027
Car 0.0000 0 0.3286 0.0000 181.6823 127.1959 226.7271 1.5413 1.6634 4.2881 -20.1863 1.5883 25.7445 -0.3287 0.0027
Car 0.0000 0 3.2276 0.0000 163.5586 19.5310 202.8671 1.6049 1.6755 4.0170 -28.1313 0.9147 30.7429 2.4936 0.0026
Car 0.0000 0 0.6737 0.0000 0.0000 1224.0000 370.0000 1.4269 1.6614 3.6713 11.5026 1.2565 1.0501 2.1271 0.0026
Car 0.0000 0 0.4400 0.0000 183.4251 104.3663 230.8105 1.5490 1.6732 3.9987 -20.0679 1.6574 24.5492 -0.2373 0.0026
Car 0.0000 0 -0.5982 0.0000 163.8106 17.6104 205.9244 1.6629 1.7025 3.9256 -27.6694 1.0054 30.0206 -1.3357 0.0026
Car 0.0000 0 0.6784 0.0000 182.2030 108.3839 229.0426 1.5770 1.6652 4.3227 -20.1233 1.6400 24.6992 0.0027 0.0026
Car 0.0000 0 -2.9427 604.0383 154.9328 689.1198 185.0687 1.6922 1.7116 4.6946 2.4253 0.2579 41.1261 -2.8823 0.0025
Car 0.0000 0 3.3731 0.0000 167.3805 20.7955 205.7025 1.5695 1.6767 4.2926 -28.3472 1.0337 30.7274 2.6350 0.0025
Car 0.0000 0 -2.6691 607.4353 153.2838 690.8300 185.0969 1.7744 1.7092 4.5912 2.5480 0.2578 41.3377 -2.6061 0.0025
Car 0.0000 0 -1.6371 834.8699 143.5059 876.8039 180.0986 1.8058 1.7815 4.3759 13.1479 -0.0211 37.2857 -1.2988 0.0025
Car 0.0000 0 2.8858 0.0000 249.2618 1224.0000 370.0000 1.5219 1.7729 3.9976 0.4126 1.7582 1.4648 3.1137 0.0025
Car 0.0000 0 0.2382 0.0000 167.9022 18.3237 205.1529 1.5373 1.7136 4.0464 -28.4514 1.0189 30.8949 -0.4991 0.0025
Car 0.0000 0 -0.5889 1205.4622 146.8998 1224.0000 253.4541 1.5129 1.8772 3.3183 12.0625 1.0375 11.3069 0.2164 0.0025
Car 0.0000 0 0.3635 0.0000 183.6564 133.4470 227.5052 1.5159 1.6932 4.1745 -20.0941 1.6400 26.0416 -0.2862 0.0025
Car 0.0000 0 -0.6645 1210.3296 150.0076 1224.0000 253.2975 1.5439 1.6991 3.3317 12.3728 1.0898 11.6364 0.1395 0.0025
Pedestrian 0.0000 0 -1.6005 667.6011 155.2183 684.2475 188.8428 1.8797 0.9132 0.7469 3.9921 0.4678 39.9256 -1.4997 0.0024
Cyclist 0.0000 0 -1.9623 1109.1599 164.7362 1194.6552 274.0515 1.6712 0.3919 1.9298 9.0173 1.4319 11.7879 -1.3207 0.0024
Car 0.0000 0 -1.4283 774.7169 144.4158 812.6798 175.7238 1.9724 1.8949 4.1464 12.7244 -0.3351 47.5143 -1.1663 0.0024
Pedestrian 0.0000 0 0.2515 742.7828 155.1132 755.0953 178.3467 1.9344 0.8925 0.8198 12.1432 -0.1819 59.5516 0.4535 0.0024
Car 0.0000 0 2.5988 372.0531 184.2947 570.4600 251.1931 1.4046 1.7142 4.5030 -3.1767 1.5101 17.2112 2.4213 0.0024
Car 0.0000 0 -1.8894 0.0000 207.9343 300.1722 370.0000 1.6160 1.4347 4.1334 -2.8734 1.7020 1.1404 -2.9875 0.0024
Car 0.0000 0 -1.6473 832.3688 139.4582 877.6786 181.3023 2.0641 1.9038 4.3655 13.0783 0.0410 37.2271 -1.3102 0.0024
Car 0.0000 0 0.5119 0.0000 187.3908 111.4233 230.5694 1.4574 1.6109 3.6771 -20.1222 1.7158 25.2792 -0.1527 0.0024
Car 0.0000 0 1.7625 569.3583 170.3207 625.2645 207.8071 1.5565 1.7862 3.7829 -0.2939 1.1353 31.3751 1.7550 0.0023
Car 0.0000 0 0.7344 0.0000 0.0000 1224.0000 370.0000 1.4017 1.5498 3.2861 11.4477 1.2599 1.2331 2.1716 0.0023
Car 0.0000 0 0.7698 0.0000 181.9930 107.0506 226.2705 1.4795 1.6374 4.1932 -20.0275 1.5353 24.7054 0.0966 0.0023
Pedestrian 0.0000 0 -2.6709 259.8594 172.4060 315.7667 267.8614 1.4583 0.3927 0.6922 -4.9818 1.3363 11.0128 -3.0830 0.0023
Car 0.0000 0 -1.9402 801.0884 141.3410 866.5836 180.4591 1.9518 1.9328 4.0936 11.9956 -0.0009 37.3797 -1.6302 0.0023
Pedestrian 0.0000 0 -1.2927 776.3619 174.2281 802.9893 240.0991 1.6220 0.5082 0.5897 4.6124 1.4692 17.7880 -1.0417 0.0023
Car 0.0000 0 0.6625 0.0000 181.7437 111.8239 226.0125 1.5367 1.7034 4.1147 -20.4377 1.5845 25.4518 -0.0062 0.0023
Car 0.0000 0 0.3980 0.0000 184.1008 123.0090 228.6381 1.5190 1.6793 4.1064 -20.2076 1.6581 25.6680 -0.2612 0.0023
Pedestrian 0.0000 0 2.8820 671.3641 162.3096 703.9014 237.9532 1.9016 0.6267 0.6894 2.0766 1.4459 18.1300 2.9957 0.0022
Pedestrian 0.0000 0 -3.2060 668.8928 169.4097 694.4728 240.9383 1.7753 0.5388 0.6059 1.8914 1.5016 17.8252 -3.1006 0.0022
Cyclist 0.0000 0 2.2421 0.0000 163.4376 14.1999 202.3491 1.6681 0.5645 1.5195 -26.8873 0.9381 31.0751 1.5357 0.0022
Car 0.0000 0 -0.7295 0.0000 171.3303 11.6126 204.8641 1.7146 1.7625 4.2307 -34.9811 1.2472 38.3440 -1.4632 0.0022
Car 0.0000 0 -1.1435 561.1205 166.5574 628.6534 203.0316 1.5740 1.8758 3.3421 -0.4271 0.9738 32.4138 -1.1547 0.0022
Car 0.0000 0 1.8509 51.2169 184.4924 129.3722 228.9390 1.5330 1.4443 3.4994 -19.2974 1.6955 26.6118 1.2308 0.0022
Cyclist 0.0000 0 -0.6138 168.0362 176.5744 247.9913 260.5403 1.6453 0.3984 1.4760 -8.2089 1.5700 14.5995 -1.1150 0.0022
Car 0.0000 0 -0.8640 1213.7130 158.0093 1224.0000 219.5150 1.6287 1.7256 4.5106 19.8838 1.0347 19.7623 -0.0820 0.0022
Car 0.0000 0 -0.6917 1213.2505 150.2123 1224.0000 252.9554 1.5327 1.6957 3.5483 12.5018 1.0825 11.5953 0.1192 0.0022
Car 0.0000 0 0.5988 0.0000 181.7546 114.4239 227.0038 1.5450 1.6840 4.0098 -20.1115 1.5929 25.1662 -0.0676 0.0021
Car 0.0000 0 2.6784 368.3092 183.9109 569.1323 250.7475 1.4125 1.6822 4.5126 -3.2519 1.5068 17.1737 2.4963 0.0021
Car 0.0000 0 -1.8511 1175.3076 157.6259 1224.0000 219.3329 1.6301 1.5811 3.7122 18.2211 1.0274 20.6897 -1.1351 0.0021
Car 0.0000 0 2.6276 374.6865 184.4626 571.6983 250.2723 1.3818 1.7126 4.4278 -3.1336 1.4912 17.1589 2.4519 0.0021
Pedestrian 0.0000 0 -2.6459 660.9350 163.5278 692.2943 238.3811 1.8851 0.5700 0.6060 1.8093 1.4592 18.2067 -2.5469 0.0021
Car 0.0000 0 -1.8632 1175.3779 158.5821 1224.0000 219.5574 1.6081 1.5781 3.6372 18.1808 1.0317 20.6246 -1.1468 0.0021
Car 0.0000 0 -2.8435 577.5590 169.8975 695.0562 209.1312 1.5458 1.8211 4.5607 1.2908 1.1295 29.4767 -2.7984 0.0021
Pedestrian 0.0000 0 -0.8233 1145.2443 162.2733 1198.2356 270.2288 1.6987 0.4505 0.4944 9.0754 1.4136 11.3828 -0.1622 0.0021
Car 0.0000 0 -1.5522 482.0511 184.2106 554.6873 242.9863 1.3356 1.6746 4.0971 -2.2486 1.4451 18.4500 -1.6697 0.0021
Car 0.0000 0 0.4390 0.0000 184.7023 110.6303 228.5798 1.4848 1.6796 3.7993 -20.3274 1.6448 25.4078 -0.2280 0.0020
Car 0.0000 0 -1.8325 796.2172 139.9907 855.8668 181.5358 2.0669 1.8654 4.6450 11.6224 0.0530 37.5272 -1.5327 0.0020
Car 0.0000 0 -1.7807 809.7361 145.0122 858.4375 180.1176 1.7564 1.7327 3.5278 11.9961 -0.0198 37.2527 -1.4697 0.0020
Car 0.0000 0 -1.7405 467.7154 182.9318 557.1531 241.6079 1.3474 1.6420 4.1557 -2.5876 1.4208 18.6436 -1.8744 0.0020
Car 0.0000 0 1.9425 778.8792 151.5546 825.8802 176.8001 1.6030 1.7122 4.0040 13.3343 -0.2590 47.6267 2.2156 0.0019
Car 0.0000 0 0.8443 0.0000 179.7139 103.3676 225.6087 1.5341 1.6641 4.2015 -20.1699 1.5093 24.8035 0.1696 0.0019
Pedestrian 0.0000 0 -0.1900 742.9680 155.2139 754.2941 178.5552 1.9478 0.8846 0.7810 12.1052 -0.1638 59.5195 0.0115 0.0019
Car 0.0000 0 0.3485 0.0000 182.8115 123.3630 226.3896 1.4917 1.6516 4.1822 -20.2950 1.5821 25.7737 -0.3109 0.0019
Car 0.0000 0 1.7882 54.6344 185.4145 129.5551 228.1631 1.4783 1.5329 3.6303 -19.4149 1.6802 26.8675 1.1697 0.0019
Car 0.0000 0 1.8628 557.0239 168.4518 615.8848 203.8654 1.4757 1.6396 3.6062 -0.7805 0.9751 31.4133 1.8400 0.0018
Car 0.0000 0 -1.8975 798.9345 139.9781 865.1062 181.8479 2.0872 2.0217 4.3821 11.9129 0.0686 37.4505 -1.5900 0.0018
Car 0.0000 0 2.9887 0.0000 0.0000 1224.0000 370.0000 1.5246 1.4725 3.5969 -30.0170 1.9592 1.5968 1.4834 0.0018
Car 0.0000 0 1.7704 55.8077 185.3706 129.1879 228.2051 1.4828 1.5330 3.7063 -19.4458 1.6837 26.9309 1.1523 0.0018
Car 0.0000 0 -0.8941 1204.4127 154.7990 1224.0000 252.3789 1.4729 1.6414 3.1170 12.0227 1.0866 11.6463 -0.1048 0.0017
Car 0.0000 0 1.7695 58.1427 185.7740 129.1373 228.5899 1.4883 1.5175 3.4428 -19.4010 1.7046 26.9158 1.1522 0.0017
Cyclist 0.0000 0 0.2782 660.7387 150.9019 697.8118 187.9855 2.0620 0.7161 1.9653 4.1942 0.4176 40.0105 0.3837 0.0017
Car 0.0000 0 0.9705 1151.5387 150.6534 1224.0000 252.8919 1.4819 1.6691 3.6688 11.4359 1.0510 12.1778 1.7132 0.0017
Car 0.0000 0 1.1403 1143.0837 153.8837 1224.0000 251.8523 1.5278 1.4298 3.3618 11.3288 1.1144 12.8348 1.8529 0.0017
Pedestrian 0.0000 0 -3.2222 671.9089 163.6026 701.7346 238.1279 1.8820 0.6000 0.7131 2.0589 1.4569 18.1618 -3.1096 0.0017
Car 0.0000 0 1.7060 59.3844 185.6980 123.5810 228.4474 1.4874 1.5156 3.3359 -19.4601 1.6999 26.8684 1.0865 0.0016
Car 0.0000 0 -2.5587 591.4406 168.2753 702.3392 205.9565 1.4863 1.7393 4.4611 1.7011 1.0056 29.9151 -2.5007 0.0016
Car 0.0000 0 -0.2816 839.4659 168.6936 1046.3668 233.4968 1.5788 1.8768 4.5285 8.6159 1.2928 18.4863 0.1496 0.0016
Cyclist 0.0000 0 -1.5764 1150.8312 165.9028 1189.1665 277.9000 1.6719 0.4433 1.8373 9.0560 1.4557 11.4143 -0.9177 0.0016
Car 0.0000 0 -3.5797 0.0000 0.0000 1224.0000 370.0000 1.5133 1.5754 3.5776 6.0549 1.8217 -0.2227 -2.0239 0.0016
Car 0.0000 0 1.9946 50.8371 184.6415 142.3534 228.2650 1.5210 1.4443 3.6288 -19.2689 1.6915 26.9299 1.3807 0.0015
Cyclist 0.0000 0 -2.2346 1063.4672 152.3593 1199.9554 273.7272 1.8297 0.4604 2.3325 8.6595 1.4072 11.8296 -1.6138 0.0015
Car 0.0000 0 0.4986 0.0000 185.4284 110.3845 229.2178 1.4689 1.6177 3.8043 -20.0959 1.6531 25.0811 -0.1690 0.0015
Car 0.0000 0 1.9820 52.3234 184.5350 141.6439 228.1749 1.5256 1.4304 3.5884 -19.2832 1.6918 26.9649 1.3684 0.0015
Car 0.0000 0 0.5625 0.0000 184.3507 109.9666 227.0346 1.4533 1.6078 3.7158 -20.1603 1.5977 25.2396 -0.1037 0.0015
Car 0.0000 0 0.8623 0.0000 0.0000 1224.0000 370.0000 1.3700 1.6726 3.4330 12.1832 1.2995 1.1877 2.3111 0.0014
Car 0.0000 0 2.9370 386.2424 186.2900 567.7314 247.8027 1.3763 1.6971 4.2123 -3.2401 1.5355 17.6806 2.7606 0.0014
Pedestrian 0.0000 0 -0.1872 743.0942 158.6846 757.1246 181.1788 1.8749 0.7319 1.0342 12.1844 0.0578 59.3009 0.0162 0.0014
Car 0.0000 0 -0.2374 0.0000 0.0000 1224.0000 370.0000 1.7012 1.5296 3.8735 -6.6292 1.4839 1.7625 -1.5015 0.0014
Car 0.0000 0 0.5650 0.0000 184.5878 112.1705 229.5632 1.5218 1.6522 3.8614 -20.0863 1.6745 25.1212 -0.1016 0.0014
Car 0.0000 0 2.0052 50.6571 184.6084 144.2947 227.7578 1.5060 1.4577 3.7077 -19.2783 1.6757 26.9971 1.3923 0.0014
Car 0.0000 0 2.0479 52.7455 184.5719 151.5445 227.6374 1.5101 1.4796 3.8245 -19.2037 1.6795 27.1571 1.4395 0.0013
Cyclist 0.0000 0 -1.4832 679.8661 158.4825 702.8599 236.3974 1.9003 0.4157 2.0824 2.2152 1.3649 18.3013 -1.3631 0.0013
Car 0.0000 0 0.5980 0.0000 183.3429 108.8227 226.5978 1.4955 1.6282 3.8252 -20.4463 1.6034 25.5103 -0.0699 0.0013
Car 0.0000 0 -0.7644 1217.5786 154.3138 1224.0000 218.7450 1.7174 1.7378 4.4653 20.1012 1.0210 19.7617 0.0230 0.0013
Car 0.0000 0 -1.5803 1203.8617 152.5547 1224.0000 216.3285 1.6882 1.6353 3.9296 18.6350 0.9500 20.7301 -0.8541 0.0012
Pedestrian 0.0000 0 -1.6815 839.5715 173.5704 868.8607 237.9009 1.5873 0.6319 0.5733 6.2276 1.4179 17.7899 -1.3487 0.0012
Car 0.0000 0 -0.5362 0.0000 120.5579 461.7783 370.0000 1.9283 1.8569 4.6824 -3.8795 1.5163 7.3482 -1.0025 0.0012
Pedestrian 0.0000 0 -1.7309 839.0703 170.4333 869.5892 237.2613 1.6474 0.6305 0.6126 6.2267 1.4008 17.7805 -1.3979 0.0011
Cyclist 0.0000 0 -1.2082 0.0000 164.3910 37.6949 250.1155 1.6750 0.3760 1.4159 -12.2507 1.3619 14.5415 -1.8957 0.0011
Cyclist 0.0000 0 0.0897 0.0000 0.0000 1224.0000 370.0000 1.5322 0.3689 1.4255 -6.6134 1.5473 0.4782 -1.3587 0.0011
Car 0.0000 0 -1.6316 1197.2853 157.7745 1224.0000 218.5437 1.5992 1.6165 3.9673 18.4289 1.0027 20.6632 -0.9093 0.0010
Cyclist 0.0000 0 0.2715 654.3976 152.1807 695.9710 188.3890 2.0080 0.6989 2.2310 3.9537 0.4389 39.9354 0.3713 0.0010
Cyclist 0.0000 0 -1.1384 0.0000 162.3976 28.5104 254.4629 1.7388 0.3723 1.7004 -12.3004 1.3985 14.2178 -1.8387 0.0010
Pedestrian 0.0000 0 1.0449 68.4746 176.5358 100.7556 238.4888 1.7719 0.5086 0.6366 -15.1808 1.6601 20.5786 0.4184 0.0010
Car 0.0000 0 2.0913 563.1789 171.6193 647.2459 210.7726 1.5878 1.8195 4.2130 0.0704 1.2292 30.9475 2.0953 0.0010
Car 0.0000 0 -0.9983 1173.6173 162.4299 1224.0000 218.6068 1.4414 1.5102 3.8987 17.8059 0.9793 19.3695 -0.2614 0.0010
Car 0.0000 0 -2.0590 1151.6384 157.3394 1224.0000 251.2428 1.4376 1.4717 3.1978 11.3386 1.0847 12.5462 -1.3350 0.0010
Car 0.0000 0 -1.6311 1197.2167 154.0159 1224.0000 217.8729 1.6828 1.6241 4.0374 18.4789 0.9865 20.7191 -0.9088 0.0008
Cyclist 0.0000 0 -2.1329 958.4944 145.8537 1042.7173 250.7864 1.8674 0.4777 1.8415 7.4666 1.2525 13.5125 -1.6363 0.0007
Car 0.0000 0 2.0423 561.0345 170.3263 640.5600 208.0399 1.5383 1.8149 4.1233 -0.1245 1.1248 31.0839 2.0401 0.0007
Cyclist 0.0000 0 -2.1019 1218.8719 144.9673 1224.0000 251.6066 1.6168 0.4425 1.4946 10.6756 1.0797 11.4917 -1.3653 0.0006
Cyclist 0.0000 0 -1.2837 0.0000 169.2998 21.9726 257.7733 1.6355 0.3590 1.6431 -12.0138 1.4301 13.8901 -1.9837 0.0005
Car 0.0000 0 1.7892 533.3856 170.3326 614.5997 226.9217 1.4526 1.5521 3.5620 -0.8206 1.1932 20.0352 1.7508 0.0004
Pedestrian 0.0000 0 -1.3123 664.7267 158.0446 681.5274 191.4968 1.8547 0.7647 0.7813 3.8191 0.6111 39.6944 -1.2153 0.0004
Cyclist 0.0000 0 -1.8128 1218.1575 156.0318 1224.0000 256.4168 1.5732 0.3756 1.5390 10.7090 1.1914 11.8446 -1.0894 0.0004
Pedestrian 0.0000 0 -1.3006 664.9693 159.1123 681.7381 191.3277 1.7839 0.7616 0.7564 3.8259 0.6010 39.6365 -1.2033 0.0003
Pedestrian 0.0000 0 -0.2893 0.0000 153.5182 12.5886 249.6421 1.8683 0.5541 0.5655 -12.3397 1.3455 14.1253 -0.9943 0.0002
Cyclist 0.0000 0 -1.0643 0.0000 158.1198 19.8768 255.0619 1.8140 0.4335 1.5371 -12.3655 1.3968 14.0218 -1.7740 0.0002
Pedestrian 0.0000 0 0.0082 0.0000 158.0040 8.3509 252.3931 1.8436 0.4839 0.5314 -12.3451 1.4059 14.1612 -0.6959 0.0002
Cyclist 0.0000 0 -1.1854 0.0000 168.1204 54.0680 253.5838 1.6238 0.4126 2.0843 -12.0489 1.3903 14.4862 -1.8666 0.0001
Car 0.0000 0 -1.8386 880.0318 172.4803 1102.6724 334.6845 1.4603 1.3002 3.2148 4.0898 1.3898 8.0611 -1.3830 0.0001