Car 0.0000 0 2.8750 512.2983 156.2165 741.6151 251.4248 1.5035 1.5510 3.7275 0.2898 1.1217 12.3595 2.9000 0.9991
Car 0.0000 0 2.8759 509.4344 155.9258 740.7260 251.1425 1.5022 1.5441 3.7638 0.2581 1.1162 12.3528 2.8983 0.9991
Car 0.0000 0 2.8584 508.2776 155.5934 745.4943 252.3502 1.5186 1.5498 3.8550 0.2942 1.1294 12.3330 2.8838 0.9990
Car 0.0000 0 2.8675 510.5662 156.1941 742.6032 251.7653 1.5027 1.5331 3.7650 0.2861 1.1222 12.3195 2.8922 0.9988
Car 0.0000 0 2.8577 507.8065 155.5011 742.3279 250.7819 1.5026 1.5632 3.8231 0.2641 1.1100 12.3937 2.8806 0.9984
Car 0.0000 0 2.8650 509.4529 155.7951 743.7855 251.0964 1.4978 1.5205 3.8087 0.2889 1.1112 12.3177 2.8900 0.9982
Car 0.0000 0 3.2511 194.6035 147.8393 466.7457 251.4107 1.5142 1.4988 3.9100 -4.3242 1.0384 11.5218 2.9033 0.9960
Car 0.0000 0 3.2419 201.7911 149.2372 465.3416 252.9517 1.5185 1.5131 3.7913 -4.2945 1.0624 11.5401 2.8968 0.9929
Car 0.0000 0 2.8795 510.0531 158.5468 739.8354 253.0967 1.4939 1.5676 3.7382 0.2533 1.1487 12.3722 2.9015 0.9926
Car 0.0000 0 3.2470 197.0808 148.8298 467.9438 252.4115 1.5162 1.5230 3.8981 -4.3061 1.0543 11.5479 2.9013 0.9914
Car 0.0000 0 3.2530 194.4173 147.7827 467.3005 250.8920 1.5091 1.5220 3.9252 -4.3260 1.0319 11.5421 2.9057 0.9914
Car 0.0000 0 2.8618 510.0200 158.6470 745.9537 253.8108 1.4989 1.5585 3.8420 0.3122 1.1563 12.3668 2.8885 0.9895
Car 0.0000 0 3.2536 196.2675 149.9361 467.8430 252.7447 1.5042 1.4886 3.9053 -4.3004 1.0587 11.5167 2.9074 0.9886
Car 0.0000 0 3.2512 197.4983 150.0450 466.8397 253.0149 1.5054 1.5353 3.8694 -4.3035 1.0618 11.5313 2.9052 0.9850
Cyclist 0.0000 0 2.4189 807.4524 161.5244 933.1863 282.1285 1.6419 0.5980 1.7540 3.7938 1.3852 10.2206 2.7660 0.9811
Cyclist 0.0000 0 2.4129 806.2628 162.9667 930.9006 281.1446 1.6101 0.6024 1.7404 3.7735 1.3729 10.2329 2.7581 0.9738
Car 0.0000 0 2.8534 507.9059 157.4312 736.4570 253.9676 1.5149 1.5698 3.6917 0.2126 1.1546 12.3382 2.8723 0.9707
Car 0.0000 0 3.6731 0.0000 147.4511 88.9753 270.8347 1.5634 1.5810 3.5224 -9.8192 1.1463 10.1120 2.9202 0.9655
Car 0.0000 0 3.2471 195.2793 148.5444 470.1350 252.3298 1.5193 1.5422 3.9586 -4.3050 1.0531 11.5641 2.9019 0.9555
Car 0.0000 0 2.8577 506.1726 155.6438 740.0056 250.2296 1.4863 1.5684 3.7969 0.2285 1.0974 12.3577 2.8778 0.9540
Cyclist 0.0000 0 2.4060 806.4100 161.7122 931.0961 281.3795 1.6284 0.5914 1.7561 3.7738 1.3744 10.2237 2.7514 0.9529
Car 0.0000 0 3.6743 0.0000 147.8464 88.5950 270.9822 1.5590 1.6161 3.4875 -9.8171 1.1473 10.1159 2.9217 0.9510
Car 0.0000 0 3.6665 0.0000 148.7349 89.3241 272.1219 1.5604 1.6297 3.4827 -9.8101 1.1603 10.1223 2.9145 0.9493
Car 0.0000 0 3.2721 195.9405 148.7410 463.0038 251.2767 1.5003 1.5408 3.8329 -4.3276 1.0372 11.5067 2.9237 0.9462
Car 0.0000 0 2.8443 508.0359 154.8427 745.2530 250.3414 1.5024 1.5351 3.8701 0.2978 1.1004 12.3770 2.8698 0.9409
Car 0.0000 0 3.2453 201.3713 150.8500 464.4709 254.2114 1.5078 1.5545 3.7694 -4.2913 1.0769 11.5151 2.8997 0.9408
Car 0.0000 0 3.6795 0.0000 147.4449 89.0081 270.9564 1.5654 1.6059 3.4984 -9.8125 1.1481 10.1134 2.9270 0.9333
Car 0.0000 0 3.2363 199.6373 151.9459 466.3374 255.3431 1.5098 1.4828 3.8290 -4.2960 1.0945 11.5133 2.8903 0.9290
Car 0.0000 0 3.6561 0.0000 147.8387 88.9581 270.6658 1.5527 1.6070 3.4377 -9.7796 1.1415 10.1163 2.9055 0.9168
Car 0.0000 0 3.6672 0.0000 147.4684 90.9952 270.9312 1.5630 1.6211 3.4836 -9.7837 1.1465 10.1247 2.9167 0.9168
Car 0.0000 0 3.6778 0.0000 147.3689 81.4008 269.8863 1.5516 1.5843 3.3601 -9.8300 1.1337 10.0869 2.9232 0.8797
Car 0.0000 0 3.2661 193.9359 148.6103 470.7729 251.2697 1.5047 1.5437 3.9898 -4.2942 1.0390 11.5477 2.9213 0.8760
Car 0.0000 0 3.6624 0.0000 149.2124 88.0536 273.7771 1.5708 1.5765 3.5963 -9.8630 1.1779 10.0964 2.9065 0.8518
Car 0.0000 0 2.8700 508.8125 158.0415 741.8487 255.2155 1.5307 1.5700 3.7876 0.2626 1.1786 12.3599 2.8927 0.8443
Car 0.0000 0 3.2849 196.9873 148.5260 465.9333 250.4941 1.5015 1.5486 3.8869 -4.3066 1.0323 11.5552 2.9393 0.7997
Cyclist 0.0000 0 2.4084 806.4601 162.1902 932.0741 282.0326 1.6285 0.5922 1.7666 3.7763 1.3814 10.2107 2.7544 0.7953
Car 0.0000 0 3.6431 0.0000 147.7543 85.5230 271.5931 1.5595 1.6033 3.4192 -9.8101 1.1488 10.1010 2.8901 0.7725
Car 0.0000 0 3.6883 0.0000 148.1055 88.2693 272.3828 1.5767 1.6187 3.5524 -9.8661 1.1674 10.1242 2.9336 0.7578
Car 0.0000 0 3.6649 0.0000 147.9478 87.8781 273.8863 1.5962 1.5459 3.5308 -9.8327 1.1853 10.1121 2.9113 0.7405
Car 0.0000 0 3.6819 0.0000 149.5009 88.5342 273.5632 1.5666 1.5922 3.6525 -9.8899 1.1769 10.0942 2.9246 0.7350
Car 0.0000 0 3.2768 193.9816 149.2264 464.4192 252.2160 1.5076 1.5918 3.8843 -4.3334 1.0514 11.5332 2.9287 0.7333
Car 0.0000 0 3.6420 0.0000 150.1158 86.4828 273.2212 1.5573 1.5832 3.4268 -9.8176 1.1746 10.1326 2.8901 0.7059
Car 0.0000 0 3.6273 0.0000 147.7250 87.1476 273.1663 1.5748 1.5502 3.6172 -9.8851 1.1650 10.1023 2.8706 0.6840
Car 0.0000 0 3.2999 214.9119 152.8103 462.1868 257.1061 1.5471 1.5442 3.5696 -4.2159 1.1380 11.5628 2.9612 0.6315
Car 0.0000 0 3.6164 0.0000 149.2779 88.4531 271.5612 1.5459 1.6253 3.4507 -9.8435 1.1528 10.1851 2.8657 0.6179
Car 0.0000 0 2.8941 509.9417 153.1718 744.7595 255.9837 1.6186 1.4302 3.8293 0.2968 1.1900 12.2449 2.9197 0.4284
Car 0.0000 0 3.2696 194.4870 146.5558 467.2294 258.1943 1.6283 1.4182 3.9073 -4.2823 1.1349 11.4252 2.9222 0.4128
Car 0.0000 0 3.3385 228.2475 159.7222 479.8972 261.3736 1.5015 1.5636 3.5869 -3.9285 1.1963 11.4359 3.0182 0.2756
Pedestrian 0.0000 0 -1.5780 0.0000 0.0000 1224.0000 370.0000 1.8850 0.5299 0.6361 35.1883 1.7226 0.1109 -0.0179 0.1910
Pedestrian 0.0000 0 -1.4710 0.0000 0.0000 1224.0000 370.0000 1.8969 0.5400 0.5571 35.2200 1.7167 0.1107 0.0891 0.1873
Cyclist 0.0000 0 2.1433 817.3359 165.4401 920.3737 283.1345 1.5861 0.6074 1.6695 3.8071 1.3848 10.2713 2.4900 0.1532
Car 0.0000 0 -1.0049 0.0000 0.0000 1224.0000 370.0000 1.5481 1.4880 3.3900 5.6680 1.7356 -0.1508 0.5372 0.1388
Car 0.0000 0 -2.2532 0.0000 0.0000 835.6508 370.0000 1.5889 1.6100 3.8760 0.6152 1.6720 0.9754 -1.8092 0.1354
Car 0.0000 0 -2.5066 0.0000 0.0000 815.3744 370.0000 1.6226 1.6378 3.9330 0.8502 1.6656 1.0403 -1.9475 0.1137
Pedestrian 0.0000 0 -2.6300 0.0000 0.0000 1224.0000 370.0000 1.7791 0.6743 0.6959 4.3114 1.7991 0.1520 -1.1674 0.0988
Pedestrian 0.0000 0 -2.8467 0.0000 0.0000 1224.0000 370.0000 1.8019 0.6790 0.7121 4.3083 1.8011 0.1388 -1.3811 0.0954
Cyclist 0.0000 0 -0.1054 0.0000 0.0000 1224.0000 370.0000 1.7704 0.5584 1.6648 4.4110 1.8200 0.1015 1.3711 0.0835
Car 0.0000 0 -2.4764 0.0000 0.0000 1160.2544 370.0000 1.5531 1.6174 3.7581 1.4142 1.6719 0.8873 -1.6121 0.0777
Car 0.0000 0 -0.0841 232.8186 0.0000 1224.0000 370.0000 1.5936 1.7689 4.5833 -2.0714 1.6273 0.9347 -1.1072 0.0627
Car 0.0000 0 -2.5010 0.0000 0.0000 1224.0000 370.0000 1.5284 1.6472 3.5866 1.6746 1.6498 0.8728 -1.5489 0.0617
Cyclist 0.0000 0 -0.0777 0.0000 0.0000 1224.0000 370.0000 1.8511 0.5891 1.7219 4.4242 1.8150 -0.2550 1.4794 0.0602
Pedestrian 0.0000 0 -1.5795 0.0000 0.0000 1224.0000 370.0000 1.8636 0.6180 0.5514 35.4284 1.7825 0.1156 -0.0195 0.0552
Pedestrian 0.0000 0 -1.6491 0.0000 0.0000 1224.0000 370.0000 1.8687 0.6181 0.5589 35.3794 1.7854 0.1184 -0.0892 0.0521
Car 0.0000 0 -2.4609 0.0000 0.0000 1050.1139 370.0000 1.6090 1.6511 3.8538 1.1043 1.6814 0.7979 -1.6816 0.0518
Car 0.0000 0 -1.2306 0.0000 0.0000 1224.0000 370.0000 1.5138 1.4959 3.2088 5.5853 1.7537 0.1105 0.2644 0.0509
Pedestrian 0.0000 0 -1.7911 0.0000 0.0000 1224.0000 370.0000 1.9891 0.6567 0.7648 35.2281 1.7134 -0.0806 -0.2256 0.0500
Car 0.0000 0 -1.1383 0.0000 0.0000 1224.0000 370.0000 1.5968 1.5366 3.7216 5.4790 1.7173 -0.1948 0.4107 0.0463
Pedestrian 0.0000 0 -2.1142 0.0000 0.0000 1224.0000 370.0000 1.8722 0.7029 0.6810 4.2693 1.7887 -0.2480 -0.5593 0.0420
Car 0.0000 0 -2.6472 207.5648 151.4227 468.3857 245.3161 1.5001 1.6057 3.9990 -4.6289 1.0372 12.3790 -2.9944 0.0413
Pedestrian 0.0000 0 -1.5295 0.0000 0.0000 1224.0000 370.0000 1.9891 0.5655 0.6172 34.9642 1.7565 0.1200 0.0302 0.0404
Pedestrian 0.0000 0 -2.0989 0.0000 0.0000 1224.0000 370.0000 1.9652 0.7762 0.6504 35.4547 1.7638 -0.1825 -0.5305 0.0403
Pedestrian 0.0000 0 -2.1219 0.0000 0.0000 1224.0000 370.0000 1.9604 0.7718 0.6333 35.4326 1.7539 -0.1882 -0.5533 0.0397
Pedestrian 0.0000 0 -2.2624 0.0000 0.0000 1224.0000 370.0000 1.9613 0.5841 0.6332 35.2299 1.8785 0.3403 -0.7088 0.0389
Pedestrian 0.0000 0 -1.8308 0.0000 0.0000 1224.0000 370.0000 1.9984 0.6494 0.8021 35.2315 1.7188 -0.1141 -0.2644 0.0365
Car 0.0000 0 -1.4099 306.7059 0.0000 1224.0000 370.0000 1.5875 1.6069 3.7206 0.0213 1.6362 0.7061 -1.3871 0.0364
Car 0.0000 0 -3.6276 0.0000 0.0000 1224.0000 370.0000 1.5388 1.6524 3.8324 37.8420 1.8574 -0.0742 -2.0618 0.0364
Pedestrian 0.0000 0 -2.5242 0.0000 0.0000 1224.0000 370.0000 1.8769 0.6838 0.6566 4.2633 1.8030 -0.2625 -0.9659 0.0349
Car 0.0000 0 -4.2332 0.0000 0.0000 1224.0000 370.0000 1.5292 1.5937 4.1100 38.1585 1.8521 0.0303 -2.6701 0.0339
Pedestrian 0.0000 0 2.4866 1070.3518 163.3888 1129.7701 257.2138 1.6892 0.5314 0.7213 9.0591 1.3828 13.0102 3.0850 0.0338
Car 0.0000 0 -3.3530 0.0000 0.0000 1224.0000 370.0000 1.4468 1.6951 3.9101 37.4454 2.1156 -0.0036 -1.7891 0.0327
Car 0.0000 0 -1.7295 0.0000 0.0000 1224.0000 370.0000 1.4193 1.6776 4.0210 38.1692 2.1431 0.9273 -0.1898 0.0321
Car 0.0000 0 -4.1356 0.0000 0.0000 1224.0000 370.0000 1.5138 1.5997 3.9552 37.9892 1.9085 -0.0143 -2.5713 0.0318
Car 0.0000 0 -2.6773 0.0000 0.0000 1224.0000 370.0000 1.5510 1.6037 3.5007 1.5920 1.6157 0.2653 -1.4591 0.0313
Pedestrian 0.0000 0 1.0755 1072.5070 162.4595 1124.9546 257.0118 1.6921 0.5179 0.6968 9.0388 1.3709 13.0213 1.6725 0.0308
Cyclist 0.0000 0 0.3202 0.0000 0.0000 1224.0000 370.0000 1.7164 0.5683 1.4782 35.4496 1.8253 0.1829 1.8784 0.0296
Car 0.0000 0 -1.8558 0.0000 0.0000 895.7109 370.0000 1.5916 1.6262 3.8906 0.2848 1.6649 0.7392 -1.5923 0.0288
Car 0.0000 0 -2.3711 0.0000 0.0000 1224.0000 370.0000 1.5810 1.6640 3.7827 36.3916 1.8163 -0.1368 -0.8038 0.0286
Car 0.0000 0 -3.0405 0.0000 0.0000 1224.0000 370.0000 1.4455 1.6221 3.8828 37.0518 2.1343 -0.1671 -1.4723 0.0281
Car 0.0000 0 -2.9460 0.0000 0.0000 1224.0000 370.0000 1.4541 1.5274 3.2408 36.8945 2.0859 0.3317 -1.3914 0.0281
Car 0.0000 0 -1.6994 0.0000 0.0000 1224.0000 370.0000 1.4542 1.6477 4.3542 38.3354 2.0571 0.9328 -0.1597 0.0279
Car 0.0000 0 -3.8031 0.0000 0.0000 1224.0000 370.0000 1.4877 1.6047 3.8500 33.0346 1.9704 1.9287 -2.2987 0.0276
Car 0.0000 0 -4.2828 0.0000 0.0000 1224.0000 370.0000 1.5383 1.4310 3.9524 6.1140 1.7004 -0.2017 -2.7303 0.0275
Car 0.0000 0 -2.9645 0.0000 0.0000 1224.0000 370.0000 1.4205 1.6091 3.4980 37.0330 2.1824 0.2713 -1.4081 0.0271
Car 0.0000 0 -3.6564 0.0000 0.0000 1224.0000 370.0000 1.4930 1.6429 3.9175 37.8509 1.9354 0.0525 -2.0939 0.0266
Car 0.0000 0 -2.5982 0.0000 0.0000 1224.0000 370.0000 1.5842 1.6547 4.0498 1.1765 1.6107 0.1915 -1.4383 0.0266
Car 0.0000 0 -3.8662 0.0000 0.0000 1224.0000 370.0000 1.5093 1.5859 3.6414 33.4585 1.9024 1.5294 -2.3491 0.0264
Car 0.0000 0 -2.2255 0.0000 0.0000 1224.0000 370.0000 1.4726 1.6635 3.5450 36.2399 1.9123 0.0010 -0.6620 0.0257
Car 0.0000 0 -1.4663 0.0000 0.0000 1224.0000 370.0000 1.4443 1.6740 4.2762 38.2571 2.0362 0.5790 0.0826 0.0255
Car 0.0000 0 -1.5383 0.0000 0.0000 1224.0000 370.0000 1.4763 1.6890 4.1512 38.3267 2.1281 0.6261 0.0093 0.0254
Car 0.0000 0 -3.7979 0.0000 0.0000 1224.0000 370.0000 1.4930 1.6207 3.4615 33.3727 1.9131 1.5942 -2.2829 0.0252
Car 0.0000 0 -1.3075 384.7663 0.0000 1091.7621 370.0000 1.5647 1.6158 3.8197 -0.0817 1.5569 0.2481 -1.4450 0.0247
Car 0.0000 0 -1.7952 955.8334 146.6457 998.9625 172.8128 1.6086 1.6871 3.9089 24.5902 -0.5305 46.8041 -1.3124 0.0247
Car 0.0000 0 -4.0244 0.0000 0.0000 1224.0000 370.0000 1.4860 1.6805 3.9154 37.9542 1.9736 0.0090 -2.4607 0.0246
Cyclist 0.0000 0 -1.5023 0.0000 0.0000 1224.0000 370.0000 1.9520 0.6276 1.6279 35.7893 1.7344 -0.1944 0.0665 0.0245
Car 0.0000 0 -1.7886 0.0000 0.0000 1224.0000 370.0000 1.4697 1.6757 4.2221 38.3944 2.1264 0.9970 -0.2505 0.0245
Car 0.0000 0 -1.1511 0.0000 0.0000 1224.0000 370.0000 1.4450 1.7120 3.8255 37.9810 2.1443 0.3127 0.4046 0.0244
Cyclist 0.0000 0 -2.6508 0.0000 0.0000 1224.0000 370.0000 1.6321 0.3648 1.5532 35.4460 1.9580 0.3846 -1.0984 0.0244
Car 0.0000 0 -3.8382 0.0000 0.0000 1224.0000 370.0000 1.5241 1.5370 3.6511 33.4070 1.9045 1.5265 -2.3211 0.0234
Car 0.0000 0 -1.9951 945.3701 146.9881 998.6868 172.6310 1.5843 1.6715 3.8977 24.2687 -0.5428 46.8903 -1.5184 0.0230
Car 0.0000 0 -2.6789 0.0000 0.0000 1224.0000 370.0000 1.5401 1.6042 3.7629 1.3734 1.6247 0.1281 -1.4241 0.0230
Car 0.0000 0 -2.3046 0.0000 0.0000 1224.0000 370.0000 1.5921 1.6002 3.9786 36.0924 1.7517 -0.1504 -0.7370 0.0230
Car 0.0000 0 -4.3896 0.0000 0.0000 1224.0000 370.0000 1.4718 1.6100 3.9407 38.1126 1.8995 0.2581 -2.8324 0.0229
Car 0.0000 0 -4.4528 0.0000 0.0000 1224.0000 370.0000 1.6274 1.4698 4.3334 6.1832 1.7406 -0.1462 -2.9090 0.0228
Pedestrian 0.0000 0 -1.7357 862.2692 155.6322 891.7719 226.7577 1.6821 0.5797 0.5374 6.5114 1.0956 17.0368 -1.3750 0.0227
Car 0.0000 0 -3.2071 0.0000 0.0000 1224.0000 370.0000 1.5508 1.5968 3.4636 2.2810 1.6151 0.4022 -1.9427 0.0224
Car 0.0000 0 -3.7258 0.0000 0.0000 1224.0000 370.0000 1.4694 1.7101 3.8681 37.8333 2.1756 0.2784 -2.1692 0.0223
Car 0.0000 0 -0.6924 945.5801 148.0028 1019.8900 172.9275 1.5636 1.7121 4.1665 24.7550 -0.5089 46.3732 -0.2031 0.0220
Car 0.0000 0 -3.8205 0.0000 0.0000 1224.0000 370.0000 1.4793 1.6554 3.5057 33.2857 1.9675 1.8227 -2.3125 0.0220
Pedestrian 0.0000 0 -1.6245 861.2651 152.0464 890.0457 224.0780 1.7193 0.6200 0.6019 6.5598 1.0417 17.2513 -1.2654 0.0219
Car 0.0000 0 -3.8907 0.0000 0.0000 1224.0000 370.0000 1.5116 1.6302 3.6103 33.5224 1.9471 1.4995 -2.3726 0.0216
Pedestrian 0.0000 0 -1.7175 860.3182 151.4116 890.9199 223.9265 1.7311 0.6087 0.6204 6.5549 1.0383 17.2414 -1.3585 0.0215
Cyclist 0.0000 0 -1.8994 0.0000 0.0000 1224.0000 370.0000 1.7929 0.5683 1.6314 35.2647 1.7233 0.1209 -0.3396 0.0209
Car 0.0000 0 -1.7502 0.0000 0.0000 1224.0000 370.0000 1.6122 1.7511 3.8580 36.9559 1.8426 0.1008 -0.1892 0.0209
Pedestrian 0.0000 0 -1.6843 862.9523 155.0870 891.7275 226.5755 1.6886 0.5840 0.5562 6.5190 1.0899 17.0371 -1.3232 0.0209
Car 0.0000 0 -3.3791 0.0000 0.0000 1224.0000 370.0000 1.4949 1.6332 3.9614 37.5084 1.9748 -0.1694 -1.8108 0.0206
Pedestrian 0.0000 0 -4.1275 0.0000 0.0000 1224.0000 370.0000 1.9063 0.6320 0.5925 35.4805 1.9297 0.3792 -2.5749 0.0204
Car 0.0000 0 -4.0289 0.0000 0.0000 1224.0000 370.0000 1.5364 1.4546 3.5078 5.6515 1.7115 -0.1756 -2.4827 0.0203
Car 0.0000 0 -3.7704 0.0000 0.0000 1224.0000 370.0000 1.4677 1.6267 3.3951 33.2737 1.9338 1.6940 -2.2585 0.0200
Car 0.0000 0 0.3217 0.0000 0.0000 1224.0000 370.0000 1.4363 1.7852 3.6939 37.2921 2.1619 1.3404 1.8495 0.0200
Car 0.0000 0 -0.2435 920.5273 150.1369 1002.9733 175.0994 1.5649 1.7385 4.5249 23.2581 -0.3622 46.2469 0.2215 0.0198
Car 0.0000 0 -1.8073 956.6643 147.3051 1000.2983 173.2166 1.5932 1.6952 3.7874 24.5885 -0.5005 46.6633 -1.3233 0.0193
Car 0.0000 0 -3.5725 0.0000 0.0000 1224.0000 370.0000 1.5212 1.4905 3.4386 5.6388 1.7172 -0.2652 -2.0104 0.0193
Car 0.0000 0 -2.2373 0.0000 0.0000 1224.0000 370.0000 1.5296 1.6069 3.5966 35.9054 1.8527 -0.0197 -0.6733 0.0191
Car 0.0000 0 1.1105 944.9067 146.9217 1001.0101 173.0933 1.6110 1.6912 3.9557 24.1948 -0.5082 46.6380 1.5882 0.0190
Car 0.0000 0 -1.8712 929.0631 148.2373 976.2867 173.9335 1.5902 1.6824 4.0443 23.0261 -0.4547 46.9654 -1.4161 0.0189
Car 0.0000 0 -1.6305 0.0000 0.0000 1224.0000 370.0000 1.4622 1.7256 4.0981 38.2644 2.2100 0.9514 -0.0913 0.0188
Car 0.0000 0 -0.6326 186.6280 0.0000 1224.0000 370.0000 1.5907 1.6009 3.8210 -0.6293 1.5668 0.1885 -1.5172 0.0186
Car 0.0000 0 -1.9835 0.0000 0.0000 1224.0000 370.0000 1.4340 1.6420 3.5412 36.6663 1.9197 0.1214 -0.4232 0.0185
Car 0.0000 0 1.1029 949.1598 148.8083 1007.8083 175.0058 1.6133 1.7970 3.9608 24.4129 -0.3745 46.3684 1.5865 0.0182
Car 0.0000 0 -4.0308 0.0000 0.0000 1224.0000 370.0000 1.4882 1.4550 3.6282 5.6911 1.7336 -0.2017 -2.4797 0.0179
Car 0.0000 0 -4.3606 0.0000 0.0000 1224.0000 370.0000 1.4284 1.6118 4.1335 38.1984 1.8075 0.2217 -2.8025 0.0176
Car 0.0000 0 -3.7697 0.0000 0.0000 1224.0000 370.0000 1.4975 1.5912 3.7336 33.1275 2.0610 1.8150 -2.2617 0.0176
Car 0.0000 0 -3.8856 0.0000 0.0000 1224.0000 370.0000 1.5076 1.7003 3.6723 33.4389 2.0195 1.8010 -2.3766 0.0175
Car 0.0000 0 -2.4132 0.0000 0.0000 1224.0000 370.0000 1.3889 1.6447 4.0437 34.6203 2.0965 1.8789 -0.9043 0.0173
Car 0.0000 0 -3.7846 0.0000 0.0000 1224.0000 370.0000 1.4857 1.5278 3.4540 33.2418 1.9077 1.6632 -2.2719 0.0172
Car 0.0000 0 -2.5760 0.0000 0.0000 1224.0000 370.0000 1.3817 1.6050 3.8378 34.2436 2.1022 1.9414 -1.0696 0.0171
Car 0.0000 0 -3.0789 0.0000 0.0000 1224.0000 370.0000 1.3859 1.5177 3.1770 37.1356 2.2216 0.8613 -1.5383 0.0169
Car 0.0000 0 0.9829 941.6682 149.3403 1006.6539 175.4398 1.6014 1.7561 4.1606 24.1287 -0.3462 46.3823 1.4617 0.0168
Car 0.0000 0 -0.2476 930.8608 149.5376 1010.4437 174.9987 1.5909 1.7857 4.2997 23.7737 -0.3681 46.1138 0.2274 0.0167
Car 0.0000 0 -4.1842 0.0000 0.0000 1224.0000 370.0000 1.4520 1.6382 3.7626 37.9978 1.9596 0.1564 -2.6244 0.0166
Cyclist 0.0000 0 -3.2291 0.0000 0.0000 1224.0000 370.0000 1.9015 0.6102 1.8800 3.9493 1.8459 0.1486 -1.7755 0.0163
Car 0.0000 0 -4.2891 0.0000 0.0000 1224.0000 370.0000 1.4239 1.7336 3.9836 38.2349 2.1469 0.4594 -2.7371 0.0155
Car 0.0000 0 -4.0559 0.0000 0.0000 1224.0000 370.0000 1.5662 1.6704 3.8296 37.8569 1.8656 -0.1962 -2.4868 0.0154
Car 0.0000 0 -3.7819 0.0000 0.0000 1224.0000 370.0000 1.4502 1.6122 3.5346 33.1920 1.9621 1.7570 -2.2721 0.0153
Pedestrian 0.0000 0 -2.4764 0.0000 0.0000 1224.0000 370.0000 2.0268 0.6095 0.6266 34.9487 1.7595 0.1187 -0.9167 0.0152
Car 0.0000 0 -2.9482 572.3742 150.6715 650.9538 181.2456 1.5925 1.7627 3.9678 0.3736 0.0403 38.0908 -2.9364 0.0152
Car 0.0000 0 1.3328 934.3804 149.2656 977.4216 174.4928 1.5519 1.6545 3.9040 23.0518 -0.4121 46.5712 1.7915 0.0151
Car 0.0000 0 2.5959 937.9597 148.3356 1017.8389 174.0585 1.6273 1.7406 4.3481 24.3433 -0.4291 46.2314 3.0795 0.0151
Car 0.0000 0 -3.7264 0.0000 0.0000 1224.0000 370.0000 1.5158 1.6045 3.6917 33.5031 1.9993 1.6190 -2.2119 0.0146
Car 0.0000 0 -0.9835 0.0000 0.0000 1224.0000 370.0000 1.5111 1.6970 4.0328 37.6493 1.9674 -0.0394 0.5814 0.0146
Car 0.0000 0 1.3395 596.3638 150.7855 645.3182 181.0365 1.5267 1.7554 3.9381 0.7749 0.0285 37.7861 1.3619 0.0144
Cyclist 0.0000 0 0.2713 0.0000 0.0000 1224.0000 370.0000 1.7248 0.5997 1.6377 35.2621 1.7874 0.1052 1.8316 0.0142
Car 0.0000 0 -1.1979 0.0000 0.0000 1224.0000 370.0000 1.5129 1.6995 3.8035 37.5327 1.7944 -0.0331 0.3667 0.0142
Car 0.0000 0 -1.8233 935.0211 146.0015 979.7236 172.7309 1.6526 1.6977 4.0470 23.4176 -0.5402 47.1186 -1.3629 0.0141
Car 0.0000 0 -2.0340 937.0374 148.6605 994.3360 174.1843 1.5896 1.7300 4.1246 23.9570 -0.4381 47.1203 -1.5645 0.0141
Car 0.0000 0 -0.6515 0.0000 0.0000 1224.0000 370.0000 1.4390 1.4800 3.3231 33.3014 1.8353 1.4768 0.8670 0.0138
Car 0.0000 0 0.9200 945.0239 150.1269 1012.8535 176.7135 1.6195 1.8343 3.9858 24.1300 -0.2553 45.7866 1.4040 0.0137
Car 0.0000 0 -2.4191 0.0000 0.0000 1224.0000 370.0000 1.4129 1.6199 3.9399 34.5711 2.0749 1.9998 -0.9138 0.0137
Car 0.0000 0 1.1689 940.6570 148.2081 991.2869 173.5985 1.5769 1.6298 3.7885 23.8830 -0.4756 46.9109 1.6389 0.0136
Car 0.0000 0 -1.4453 0.0000 0.0000 1224.0000 370.0000 1.4832 1.6508 3.7735 37.1294 2.1471 0.5237 0.1044 0.0136
Car 0.0000 0 -1.2173 0.0000 0.0000 1224.0000 370.0000 1.4784 1.5294 4.0103 6.1860 1.7221 -0.0797 0.3158 0.0134
Car 0.0000 0 -3.7444 0.0000 0.0000 1224.0000 370.0000 1.4633 1.4885 3.3204 28.7441 1.8442 1.5864 -2.2383 0.0134
Car 0.0000 0 0.0139 0.0000 0.0000 1224.0000 370.0000 1.5956 1.7445 3.7348 13.3486 1.6793 1.9068 1.4207 0.0133
Car 0.0000 0 -3.0887 580.1475 150.9635 655.5340 181.3381 1.5993 1.7275 3.9883 0.7217 0.0455 38.2315 -3.0679 0.0132
Car 0.0000 0 -1.7704 937.1475 148.3069 978.6632 174.1341 1.6018 1.6938 4.0465 23.4441 -0.4423 47.0920 -1.3093 0.0130
Car 0.0000 0 -4.0707 0.0000 0.0000 1224.0000 370.0000 1.4996 1.5914 3.7462 28.8570 1.8343 1.2389 -2.5524 0.0126
Cyclist 0.0000 0 0.2859 0.0000 0.0000 1224.0000 370.0000 1.7606 0.4751 1.5147 35.3096 1.9415 0.3756 1.8386 0.0123
Car 0.0000 0 1.2636 590.2231 151.1346 643.5912 182.1045 1.5537 1.7096 3.9876 0.5592 0.0819 37.6219 1.2804 0.0121
Car 0.0000 0 1.3169 676.4411 147.4388 722.8845 177.2066 1.6228 1.7138 4.0245 5.4350 -0.1999 41.1067 1.4494 0.0121
Car 0.0000 0 -2.9425 583.9502 150.5309 664.4831 180.3031 1.5373 1.7940 4.0343 1.0414 -0.0095 37.8533 -2.9132 0.0121
Car 0.0000 0 -0.2302 586.8434 148.9823 666.3660 178.3265 1.5307 1.7242 4.0188 1.1347 -0.1202 38.3046 -0.1988 0.0120
Car 0.0000 0 3.8713 0.0000 0.0000 1224.0000 370.0000 1.5577 1.7046 4.7975 -1.9741 1.6600 0.4697 2.6842 0.0118
Car 0.0000 0 0.1390 504.7903 147.6263 597.2919 180.6483 1.5358 1.6800 4.2231 -2.5551 0.0084 33.8576 0.0665 0.0117
Car 0.0000 0 -0.5713 697.0498 149.0204 776.0616 177.8960 1.6035 1.7336 4.2609 7.6517 -0.1562 41.1564 -0.3868 0.0115
Car 0.0000 0 -0.6681 0.0000 0.0000 1224.0000 370.0000 1.4568 1.5091 3.5819 33.5114 1.8861 1.3321 0.8549 0.0113
Car 0.0000 0 1.3657 0.0000 0.0000 1224.0000 370.0000 1.5614 1.6896 4.0314 35.5786 1.8440 0.1549 2.9247 0.0112
Car 0.0000 0 -3.7181 0.0000 0.0000 1224.0000 370.0000 1.4827 1.6225 3.5228 33.3350 2.0772 1.8513 -2.2108 0.0110
Car 0.0000 0 -4.1176 0.0000 0.0000 1224.0000 370.0000 1.5031 1.5422 3.6527 28.7310 1.8556 1.2543 -2.6001 0.0105
Car 0.0000 0 -3.1038 0.0000 0.0000 1224.0000 370.0000 1.4245 1.4981 3.5142 37.1115 2.0844 0.9226 -1.5649 0.0103
Car 0.0000 0 -3.1490 697.8770 150.9231 771.2268 179.3568 1.5821 1.7484 4.0596 7.4149 -0.0663 40.6471 -2.9680 0.0102
Car 0.0000 0 -4.0964 0.0000 0.0000 1224.0000 370.0000 1.6640 1.5171 4.1102 28.9502 1.8775 1.1321 -2.5743 0.0101
Car 0.0000 0 -0.6788 0.0000 0.0000 1224.0000 370.0000 1.4392 1.4476 3.6782 33.2330 1.9511 1.6192 0.8353 0.0101
Car 0.0000 0 -3.0645 690.4907 150.6567 763.9495 179.4844 1.5999 1.7584 4.0414 7.0438 -0.0590 40.6817 -2.8923 0.0100
Car 0.0000 0 -0.0329 681.8445 151.9204 754.7267 179.5970 1.5463 1.7634 4.0556 6.4703 -0.0521 40.7000 0.1256 0.0100
Cyclist 0.0000 0 0.0932 0.0000 0.0000 1224.0000 370.0000 1.8638 0.6293 1.6748 35.2539 1.7619 -0.1563 1.6609 0.0099
Car 0.0000 0 -1.8941 679.1048 149.2522 728.2405 177.6386 1.5655 1.6891 3.9297 5.7237 -0.1751 41.4980 -1.7560 0.0098
Car 0.0000 0 1.4540 939.2665 151.2294 977.0257 177.0960 1.5883 1.7299 4.1012 23.0280 -0.2319 46.2200 1.9153 0.0098
Car 0.0000 0 -0.6731 0.0000 0.0000 1224.0000 370.0000 1.4914 1.4750 3.7159 33.4788 1.9084 1.2517 0.8523 0.0097
Car 0.0000 0 -1.7662 0.0000 0.0000 1224.0000 370.0000 1.4827 1.5736 3.5681 37.2076 2.1526 0.7427 -0.2224 0.0097
Car 0.0000 0 3.1083 581.9366 150.5884 656.2357 180.6172 1.5777 1.7401 3.9074 0.7188 0.0076 38.0365 3.1291 0.0094
Car 0.0000 0 -3.8660 0.0000 0.0000 1224.0000 370.0000 1.5684 1.5109 3.9411 29.2309 1.7741 1.0022 -2.3389 0.0094
Car 0.0000 0 0.4370 0.0000 0.0000 1224.0000 370.0000 1.6547 1.7905 3.3702 35.6982 2.0327 -0.2044 2.0061 0.0094
Pedestrian 0.0000 0 -1.1959 0.0000 0.0000 1224.0000 370.0000 1.8991 0.6708 0.7415 3.8999 1.8432 0.1548 0.2546 0.0091
Car 0.0000 0 1.2456 703.5343 150.0389 757.9943 179.7682 1.6208 1.8522 4.1762 7.1862 -0.0432 40.8547 1.4204 0.0090
Car 0.0000 0 -1.3461 662.4465 143.1295 703.7974 176.2275 2.0689 1.8073 4.3792 5.2647 -0.2980 47.1682 -1.2337 0.0090
Car 0.0000 0 1.7005 538.4047 142.9399 586.5680 180.2771 1.6815 1.7798 4.1421 -1.9926 -0.0100 33.9951 1.6447 0.0090
Car 0.0000 0 1.6572 672.9649 149.4857 706.8462 177.2435 1.5176 1.6317 3.8365 4.9794 -0.1977 41.1780 1.7786 0.0089
Car 0.0000 0 -0.2449 701.5332 148.9454 779.4520 177.4092 1.5922 1.7387 4.1090 7.7595 -0.1811 40.7429 -0.0561 0.0089
Car 0.0000 0 2.7776 691.5757 150.4629 770.2582 178.9798 1.6015 1.7233 4.1578 7.2823 -0.0896 41.0696 2.9537 0.0088
Car 0.0000 0 -1.6035 707.0764 149.3269 739.0296 178.3019 1.6097 1.7204 4.1146 6.9176 -0.1352 41.7548 -1.4385 0.0088
Car 0.0000 0 -3.5812 0.0000 0.0000 1224.0000 370.0000 1.4302 1.5735 3.4001 28.7610 1.8735 1.8175 -2.0831 0.0087
Car 0.0000 0 -1.2363 600.4440 147.3695 653.4943 178.6255 1.6074 1.7208 3.8817 1.2498 -0.1069 38.7324 -1.2023 0.0087
Car 0.0000 0 -1.5488 715.1738 148.9893 745.6218 177.5328 1.5710 1.6696 3.7737 7.3629 -0.1806 41.3438 -1.3718 0.0086
Car 0.0000 0 -1.6564 651.8317 146.9245 682.9604 175.6257 1.8061 1.7195 4.1838 4.1290 -0.3392 47.2947 -1.5679 0.0086
Car 0.0000 0 -1.6205 738.5558 149.1605 772.1956 178.9808 1.6204 1.6869 4.1312 8.6216 -0.0910 40.8110 -1.4119 0.0085
Car 0.0000 0 -1.6583 651.5156 147.0197 682.9758 176.0831 1.8322 1.7406 4.0758 4.1136 -0.3065 47.2265 -1.5700 0.0085
Car 0.0000 0 -1.3798 658.0796 145.2948 696.2564 176.1010 1.9301 1.7594 4.2438 4.8704 -0.3068 47.2330 -1.2757 0.0083
Car 0.0000 0 -1.5027 655.9849 146.8725 686.4594 175.8144 1.8171 1.7437 4.2230 4.4767 -0.3272 47.3347 -1.4070 0.0083
Car 0.0000 0 3.9634 0.0000 0.0000 1224.0000 370.0000 1.5337 1.6798 4.6165 -1.5699 1.7245 0.3986 2.8250 0.0083
Car 0.0000 0 -1.1271 598.2304 146.5353 657.6766 178.6268 1.6399 1.7466 3.8484 1.2939 -0.1062 38.4832 -1.0917 0.0083
Car 0.0000 0 -3.9593 0.0000 0.0000 1224.0000 370.0000 1.5783 1.5866 3.9757 29.8943 1.6858 0.6283 -2.4188 0.0082
Car 0.0000 0 1.4836 544.9222 146.1626 589.3065 181.7528 1.5746 1.7454 4.0391 -1.8658 0.0569 33.3981 1.4305 0.0082
Car 0.0000 0 -1.3694 657.2925 145.1172 695.7096 175.4865 1.9024 1.7370 4.2646 4.8371 -0.3507 47.3404 -1.2663 0.0081
Car 0.0000 0 1.5799 536.2926 144.9726 574.6378 180.5065 1.6037 1.7293 4.1332 -2.3760 0.0018 34.0192 1.5130 0.0080
Car 0.0000 0 -3.0210 679.6206 150.4733 753.0109 178.4395 1.5621 1.6917 4.0355 6.4709 -0.1223 41.0560 -2.8638 0.0080
Pedestrian 0.0000 0 -3.0670 703.8603 139.8208 731.2391 217.7216 1.7520 0.5866 0.5816 2.5522 0.8387 16.2486 -2.9121 0.0080
Car 0.0000 0 -2.4407 0.0000 0.0000 1224.0000 370.0000 1.4990 1.6721 3.9408 34.5833 2.0248 1.8405 -0.9308 0.0080
Car 0.0000 0 -3.8704 0.0000 0.0000 1224.0000 370.0000 1.6215 1.6434 3.8681 33.6786 1.9488 1.2033 -2.3432 0.0079
Car 0.0000 0 0.9434 938.5612 148.3708 1004.6436 175.5651 1.6665 1.6874 4.2040 23.9329 -0.3375 46.3296 1.4192 0.0078
Car 0.0000 0 1.0175 703.5561 151.2131 767.5370 180.2707 1.5564 1.7983 3.8539 7.3155 -0.0123 40.0222 1.1988 0.0078
Car 0.0000 0 -1.7604 0.0000 0.0000 1224.0000 370.0000 1.4606 1.5778 3.6140 36.8885 2.1926 0.7484 -0.2170 0.0078
Pedestrian 0.0000 0 -1.8132 1065.4368 139.6313 1106.9550 220.5059 2.2046 0.8049 0.7192 13.3917 1.0921 19.7439 -1.2231 0.0077
Car 0.0000 0 1.1927 708.8306 152.2699 762.6999 180.7375 1.5192 1.7405 3.6547 7.2707 0.0141 39.6901 1.3745 0.0077
Car 0.0000 0 1.2036 0.0000 0.0000 1224.0000 370.0000 1.5733 1.7206 3.9180 35.0439 2.0440 1.4574 2.7253 0.0076
Car 0.0000 0 -1.1091 0.0000 0.0000 1224.0000 370.0000 1.4750 1.4725 3.8151 6.0076 1.7343 -0.1218 0.4298 0.0076
Car 0.0000 0 -1.5357 555.0797 140.7142 593.4996 178.9884 1.7203 1.6923 4.1729 -1.4378 -0.0758 34.0306 -1.5753 0.0076
Car 0.0000 0 -1.1398 0.0000 0.0000 1224.0000 370.0000 1.4687 1.4711 3.4404 28.7273 1.9452 1.2660 0.3774 0.0076
Car 0.0000 0 -1.6257 555.9816 140.3381 596.0760 178.7999 1.7368 1.7110 4.2325 -1.4791 -0.0863 34.3046 -1.6662 0.0075
Car 0.0000 0 0.0434 664.1052 151.8477 743.3060 179.5098 1.5379 1.8699 4.4195 5.6962 -0.0575 40.7211 0.1833 0.0075
Car 0.0000 0 -1.7337 696.0491 149.1854 736.9462 178.3204 1.6252 1.7304 4.1628 6.5319 -0.1341 41.8358 -1.5780 0.0075
Car 0.0000 0 -0.7270 0.0000 0.0000 1224.0000 370.0000 1.5322 1.4193 3.0406 28.3915 1.8281 1.3473 0.7867 0.0074
Car 0.0000 0 -1.4744 655.5055 147.0566 687.9351 176.6155 1.8583 1.7580 4.1990 4.5047 -0.2706 47.2622 -1.3780 0.0073
Car 0.0000 0 -1.5287 713.2184 149.7995 744.8040 177.8951 1.5514 1.6619 3.9362 7.3169 -0.1594 41.5275 -1.3536 0.0073
Car 0.0000 0 -1.6154 533.9377 140.1220 577.9565 184.7475 1.8454 1.7626 4.1657 -2.2599 0.1771 31.4022 -1.6844 0.0073
Car 0.0000 0 -1.3991 715.5721 147.8618 758.1309 177.9563 1.6379 1.7863 3.8795 7.6787 -0.1537 40.9678 -1.2132 0.0072
Car 0.0000 0 -1.7782 0.0000 0.0000 1224.0000 370.0000 1.6125 1.5678 4.7530 6.6007 1.6282 -0.3031 -0.2089 0.0072
Car 0.0000 0 -1.7880 704.4152 149.8208 746.7185 178.0289 1.5628 1.6577 3.7999 7.0062 -0.1503 41.4463 -1.6198 0.0072
Car 0.0000 0 -1.3249 722.2946 145.4980 769.6376 177.8806 1.7576 1.7754 3.9522 8.1927 -0.1582 40.8884 -1.1267 0.0072
Car 0.0000 0 1.4580 552.7109 141.3745 598.5396 180.9870 1.7113 1.6718 3.9884 -1.4340 0.0225 32.6391 1.4167 0.0071
Car 0.0000 0 0.8210 942.4130 148.8610 1013.0170 176.3792 1.6713 1.7032 4.0954 24.0560 -0.2784 45.7974 1.3036 0.0071
Car 0.0000 0 1.1017 706.7698 151.2957 765.0106 180.0438 1.5410 1.7793 3.6344 7.3276 -0.0257 39.9553 1.2837 0.0071
Car 0.0000 0 -4.1189 0.0000 0.0000 1224.0000 370.0000 1.5143 1.5020 3.7832 29.0830 1.8212 1.0313 -2.5931 0.0070
Car 0.0000 0 -0.6857 0.0000 0.0000 1224.0000 370.0000 1.5713 1.4179 3.0383 28.7091 1.8461 1.5891 0.8202 0.0070
Car 0.0000 0 -1.3633 721.1910 146.0202 765.8563 177.6836 1.7270 1.7613 4.0079 8.1012 -0.1713 41.1393 -1.1683 0.0070
Car 0.0000 0 -1.0546 0.0000 0.0000 1224.0000 370.0000 1.4474 1.6338 3.5003 28.6553 1.9329 1.4369 0.4565 0.0070
Car 0.0000 0 -4.1665 0.0000 0.0000 1224.0000 370.0000 1.3965 1.5868 3.4163 28.6557 1.8521 1.4570 -2.6561 0.0069
Car 0.0000 0 -1.3148 596.8226 148.5116 643.5782 178.2814 1.5301 1.6913 3.5954 0.8688 -0.1259 38.5902 -1.2904 0.0069
Car 0.0000 0 -1.3236 713.6666 147.1391 760.0821 177.1562 1.6390 1.7416 3.9724 7.7356 -0.2040 41.2535 -1.1376 0.0069
Car 0.0000 0 -0.6235 0.0000 0.0000 1224.0000 370.0000 1.5212 1.5172 3.7565 33.6026 1.8788 1.1615 0.9047 0.0069
Car 0.0000 0 -1.6119 523.3928 140.1864 565.7212 184.2326 1.8169 1.6995 3.9783 -2.7468 0.1555 31.2401 -1.6965 0.0069
Car 0.0000 0 -1.0202 0.0000 0.0000 1224.0000 370.0000 1.4801 1.4243 3.6463 28.9268 1.9386 1.1316 0.5020 0.0068
Car 0.0000 0 -0.5830 0.0000 0.0000 1224.0000 370.0000 1.4768 1.4651 3.5128 28.9051 1.9165 1.5049 0.9263 0.0068
Pedestrian 0.0000 0 -2.9846 701.8184 138.4666 733.5652 217.0588 1.7638 0.5694 0.6406 2.5525 0.8221 16.2326 -2.8295 0.0068
Car 0.0000 0 1.4170 533.3538 146.2449 583.4093 181.5175 1.5566 1.7436 4.1396 -2.2848 0.0464 33.4071 1.3516 0.0067
Cyclist 0.0000 0 1.4166 861.3973 154.6635 894.4590 225.6728 1.6462 0.4925 1.6443 6.5995 1.0489 17.2421 1.7778 0.0067
Car 0.0000 0 -1.3057 596.9484 148.5378 644.7409 178.4301 1.5402 1.6744 3.8147 0.9127 -0.1182 38.7796 -1.2803 0.0067
Car 0.0000 0 -1.6629 715.1105 146.9994 755.0945 179.7695 1.6655 1.7405 4.1228 6.9508 -0.0402 38.1559 -1.4821 0.0066
Car 0.0000 0 -4.1689 0.0000 0.0000 1224.0000 370.0000 1.5161 1.4483 3.9815 28.8207 1.8166 1.1907 -2.6490 0.0066
Car 0.0000 0 -0.9122 0.0000 0.0000 1224.0000 370.0000 1.5070 1.4240 3.3107 28.8085 1.9394 1.3854 0.6010 0.0065
Car 0.0000 0 -1.4541 533.5121 140.7208 578.8730 178.6900 1.7287 1.7361 4.0324 -2.3304 -0.0920 34.4417 -1.5188 0.0065
Car 0.0000 0 -1.4476 541.1058 140.2012 588.5632 179.2319 1.7785 1.7941 4.2550 -1.9090 -0.0645 34.5421 -1.5001 0.0065
Car 0.0000 0 -3.7536 0.0000 0.0000 1224.0000 370.0000 1.5703 1.6123 3.5943 33.5709 1.9913 1.3999 -2.2325 0.0065
Car 0.0000 0 -1.0435 0.0000 0.0000 1224.0000 370.0000 1.4944 1.4176 3.5966 28.9132 1.9433 1.1738 0.4772 0.0064
Pedestrian 0.0000 0 -2.0020 850.5808 149.6008 886.5337 222.8280 1.7267 0.5968 0.6355 6.2961 0.9997 17.0085 -1.6517 0.0064
Car 0.0000 0 -1.6970 1033.6292 145.5296 1081.5886 179.4949 1.7960 1.7387 4.2141 25.3911 -0.0584 39.7945 -1.1310 0.0064
Car 0.0000 0 -1.4838 595.8599 150.0502 632.0378 179.6849 1.5425 1.6677 3.6757 0.5259 -0.0456 38.8173 -1.4683 0.0063
Car 0.0000 0 -0.8390 0.0000 0.0000 1224.0000 370.0000 1.5032 1.4641 3.8818 32.3725 1.8755 0.9292 0.6947 0.0063
Car 0.0000 0 -4.0054 0.0000 0.0000 1224.0000 370.0000 1.5335 1.4403 3.5987 29.5401 1.6897 0.7499 -2.4693 0.0063
Car 0.0000 0 0.1072 0.0000 0.0000 1224.0000 370.0000 1.6291 1.8066 4.8194 22.2550 1.5326 1.5885 1.5939 0.0063
Car 0.0000 0 -1.5653 597.6862 151.3349 629.8188 180.0945 1.5010 1.6799 3.4268 0.4788 -0.0218 38.6766 -1.5510 0.0062
Car 0.0000 0 1.4099 939.2468 150.8210 980.6932 177.9255 1.6513 1.7821 3.8498 22.8195 -0.1723 45.5734 1.8732 0.0061
Car 0.0000 0 -1.6866 588.8156 150.6650 627.9613 180.4752 1.5594 1.7263 3.8117 0.1272 -0.0001 38.9762 -1.6813 0.0060
Car 0.0000 0 -2.5363 0.0000 0.0000 1224.0000 370.0000 1.5895 1.7671 4.2274 35.2040 2.0738 2.0191 -1.0303 0.0060
Pedestrian 0.0000 0 0.3763 852.4958 147.4961 886.3837 220.9261 1.7250 0.5781 0.5954 6.3290 0.9513 17.0187 0.7282 0.0059
Car 0.0000 0 1.6621 695.9811 150.2343 730.9481 178.4094 1.5421 1.6665 3.7784 6.3282 -0.1260 41.0307 1.8160 0.0059
Car 0.0000 0 -0.5408 708.5441 149.7657 796.2596 178.2238 1.5642 1.8493 4.6643 8.4848 -0.1352 40.7622 -0.3351 0.0059
Car 0.0000 0 1.2906 0.0000 0.0000 1224.0000 370.0000 1.5736 1.6134 3.4715 35.2151 2.0731 0.8181 2.8307 0.0058
Car 0.0000 0 -1.5687 1039.8955 146.0657 1078.3181 179.5300 1.7624 1.7289 4.1425 25.3938 -0.0560 39.5713 -1.0000 0.0057
Car 0.0000 0 -1.3403 536.6324 141.1407 591.7094 179.2889 1.7244 1.7495 4.1756 -1.9232 -0.0611 34.3065 -1.3936 0.0056
Car 0.0000 0 -1.7004 0.0000 0.0000 1224.0000 370.0000 1.6307 1.7193 4.6498 6.4117 1.6348 -0.2022 -0.1470 0.0056
Car 0.0000 0 1.2847 701.0435 149.0482 750.7646 178.4273 1.6045 1.7663 4.0421 6.9408 -0.1251 41.0183 1.4530 0.0056
Car 0.0000 0 -1.7721 695.7059 150.2028 738.9050 179.0365 1.6119 1.7676 3.8897 6.5608 -0.0891 41.7059 -1.6153 0.0055
Car 0.0000 0 -1.5582 1041.9706 147.0361 1080.3867 179.7775 1.7209 1.7219 4.0668 25.4424 -0.0411 39.4263 -0.9870 0.0054
Car 0.0000 0 -1.6154 708.1395 150.2641 741.0999 178.4512 1.5658 1.7320 3.9839 6.9940 -0.1254 41.6597 -1.4483 0.0053
Car 0.0000 0 -1.7778 1005.6367 145.2473 1056.5773 177.4842 1.7277 1.7026 3.9593 24.2887 -0.1803 40.4395 -1.2385 0.0053
Car 0.0000 0 -1.6930 0.0000 0.0000 1224.0000 370.0000 1.5379 1.5626 3.1496 36.0809 2.1544 0.6409 -0.1473 0.0052
Car 0.0000 0 -3.7935 0.0000 0.0000 1224.0000 370.0000 1.5837 1.5858 3.5210 33.6168 1.9938 1.2388 -2.2675 0.0052
Car 0.0000 0 -2.8446 0.0000 0.0000 1224.0000 370.0000 1.6498 1.7032 4.3593 35.3391 2.0517 2.2278 -1.3442 0.0052
Car 0.0000 0 -1.6877 589.7579 150.8057 628.9071 180.3563 1.5466 1.7144 3.9236 0.1783 -0.0070 39.0646 -1.6811 0.0051
Car 0.0000 0 -3.8210 0.0000 0.0000 1224.0000 370.0000 1.6574 1.6093 4.1504 33.7912 1.7518 0.9170 -2.2853 0.0051
Car 0.0000 0 -0.4815 0.0000 0.0000 1224.0000 370.0000 1.5386 1.5175 2.9636 28.4461 1.7833 0.6852 1.0555 0.0051
Car 0.0000 0 -1.9213 0.0000 0.0000 1224.0000 370.0000 1.5839 1.5649 3.1392 9.1713 1.6972 0.0426 -0.3888 0.0051
Car 0.0000 0 1.0793 699.9792 150.4536 762.2224 180.0011 1.5908 1.7179 4.1927 7.1220 -0.0287 40.3988 1.2544 0.0050
Car 0.0000 0 -0.6012 0.0000 0.0000 1224.0000 370.0000 1.5229 1.4422 2.8445 28.4027 1.8479 1.5340 0.9059 0.0050
Car 0.0000 0 -2.1189 0.0000 0.0000 1224.0000 370.0000 1.6362 1.5385 3.3409 9.1247 1.7086 -0.1742 -0.5628 0.0049
Car 0.0000 0 -0.4554 707.0397 150.5724 797.5297 180.0275 1.6343 1.8746 4.7700 8.4664 -0.0269 40.7720 -0.2502 0.0048
Car 0.0000 0 -1.3532 530.9352 142.6279 582.6031 178.7169 1.6317 1.6869 3.8799 -2.2848 -0.0900 34.2125 -1.4171 0.0048
Car 0.0000 0 -4.4763 0.0000 0.0000 1224.0000 370.0000 1.6482 1.7648 4.6074 28.1355 1.8819 0.6549 -2.9386 0.0048
Car 0.0000 0 1.0305 705.8686 149.9780 765.1618 179.7350 1.5855 1.6931 3.5356 7.2675 -0.0437 39.7220 1.2121 0.0048
Car 0.0000 0 -1.7452 0.0000 0.0000 1224.0000 370.0000 1.7406 1.7019 4.0133 8.6007 1.6226 0.1280 -0.2253 0.0047
Car 0.0000 0 -3.9701 0.0000 0.0000 1224.0000 370.0000 1.6003 1.4788 3.7603 34.1429 1.8230 0.8107 -2.4309 0.0047
Car 0.0000 0 1.7151 656.1231 147.1485 688.3985 175.5437 1.7823 1.5856 3.9922 4.5357 -0.3448 47.2456 1.8122 0.0047
Car 0.0000 0 -1.8588 994.6949 144.9003 1052.6132 177.6389 1.7572 1.7439 4.1162 23.9088 -0.1716 40.5396 -1.3276 0.0047
Car 0.0000 0 -3.7711 0.0000 0.0000 1224.0000 370.0000 1.5218 1.4776 3.6300 33.7116 1.9107 1.2115 -2.2442 0.0046
Car 0.0000 0 1.2960 0.0000 0.0000 1224.0000 370.0000 1.5420 1.6829 3.5309 35.2085 2.0581 0.9589 2.8320 0.0046
Car 0.0000 0 1.0177 956.1151 150.8099 1015.0208 178.1668 1.6566 1.6960 3.5101 24.1101 -0.1529 44.9242 1.5091 0.0045
Car 0.0000 0 -1.9296 0.0000 0.0000 1224.0000 370.0000 1.7103 1.6786 4.0440 8.6568 1.6287 -0.1416 -0.3782 0.0045
Car 0.0000 0 -1.5974 653.1743 148.1228 681.3311 176.5458 1.7863 1.7577 4.1531 4.1104 -0.2743 47.1517 -1.5090 0.0044
Car 0.0000 0 -1.4507 667.6613 145.8287 700.5034 176.8580 1.9504 1.6829 4.2134 5.3249 -0.2535 47.2099 -1.3371 0.0044
Car 0.0000 0 -1.4986 527.8391 142.3118 568.9923 178.4908 1.6586 1.7175 3.9377 -2.7276 -0.1025 34.6014 -1.5743 0.0044
Car 0.0000 0 2.0376 354.3262 154.9208 510.1923 235.9492 1.4034 1.5683 3.5483 -3.3316 0.9620 14.1515 1.8136 0.0044
Car 0.0000 0 -1.9170 0.0000 0.0000 1224.0000 370.0000 1.6608 1.6113 3.8510 8.4517 1.5913 -0.0984 -0.3713 0.0044
Car 0.0000 0 -1.5524 663.9262 147.3169 690.6036 176.7483 1.8578 1.6973 4.1320 4.8758 -0.2613 47.3307 -1.4484 0.0044
Car 0.0000 0 -3.9524 0.0000 0.0000 1224.0000 370.0000 1.5703 1.5464 4.0688 30.4282 1.5867 0.1496 -2.3956 0.0043
Car 0.0000 0 -0.1101 713.0581 149.1989 793.0417 178.7405 1.6330 1.7957 4.2877 8.3708 -0.1017 40.3069 0.0951 0.0043
Car 0.0000 0 -1.5234 1034.8768 149.4234 1073.8086 179.4006 1.5819 1.6656 3.7837 25.1159 -0.0632 39.4834 -0.9588 0.0043
Car 0.0000 0 -0.6256 700.9788 148.2593 781.5823 177.6297 1.6236 1.8023 4.3825 7.9338 -0.1728 41.1623 -0.4346 0.0043
Car 0.0000 0 -0.6934 998.3215 153.3177 1086.1036 181.9931 1.5621 1.6389 4.0804 24.4566 0.0827 39.6126 -0.1421 0.0043
Pedestrian 0.0000 0 -3.9208 0.0000 0.0000 1224.0000 370.0000 1.9554 0.7016 0.9135 16.7499 1.2641 0.5457 -2.4003 0.0042
Car 0.0000 0 -2.4343 0.0000 0.0000 1224.0000 370.0000 1.4273 1.6027 4.0880 34.3434 2.1701 2.0647 -0.9312 0.0042
Pedestrian 0.0000 0 0.3475 427.8401 158.1559 460.8116 228.0333 1.4505 0.5641 0.5196 -3.4417 0.9883 14.9852 0.1286 0.0042
Car 0.0000 0 -0.7832 0.0000 0.0000 1224.0000 370.0000 1.5809 1.4319 3.5552 28.8180 1.9018 1.1074 0.7396 0.0042
Cyclist 0.0000 0 0.1676 0.0000 0.0000 1224.0000 370.0000 1.7046 0.5445 1.8233 16.7880 1.4925 0.7619 1.6754 0.0042
Car 0.0000 0 -1.6103 1029.6187 145.6247 1069.2395 178.1747 1.7180 1.7109 4.1711 24.9926 -0.1371 39.8696 -1.0522 0.0041
Car 0.0000 0 1.3998 695.3069 147.7841 742.0430 180.5634 1.7448 1.9279 3.9853 6.2985 0.0048 39.6340 1.5581 0.0041
Car 0.0000 0 1.5047 266.0684 148.9578 357.9108 229.0643 1.4389 1.5228 4.0343 -6.2896 0.8740 14.8417 1.1138 0.0041
Car 0.0000 0 -1.6718 1016.7623 146.5428 1060.8815 179.3098 1.7579 1.7272 4.0442 24.6433 -0.0702 40.2840 -1.1245 0.0041
Car 0.0000 0 -0.4801 0.0000 149.8682 29.3351 238.2792 1.6189 1.7182 4.0314 -15.1433 1.0596 15.1251 -1.2535 0.0040
Car 0.0000 0 1.4126 702.4772 151.2983 744.7571 181.7295 1.5918 1.7001 3.8592 6.4617 0.0657 38.9155 1.5778 0.0040
Car 0.0000 0 1.7063 245.8609 151.5251 356.5213 231.9091 1.4197 1.5109 4.0557 -6.1637 0.9096 14.6353 1.3177 0.0040
Car 0.0000 0 -1.6876 699.2971 149.1891 736.6414 178.6037 1.6328 1.7114 3.9305 6.5724 -0.1153 41.5017 -1.5297 0.0039
Car 0.0000 0 -1.8960 0.0000 0.0000 1224.0000 370.0000 1.6392 1.6183 3.6748 7.5070 1.6423 -0.0295 -0.3628 0.0039
Car 0.0000 0 -1.7429 0.0000 0.0000 1224.0000 370.0000 1.7149 1.6882 3.8119 8.7784 1.6427 0.1387 -0.2231 0.0039
Pedestrian 0.0000 0 -1.9394 1070.7096 143.3320 1114.5375 222.2094 2.1241 0.8010 0.6725 13.3713 1.1248 19.4531 -1.3432 0.0038
Car 0.0000 0 -2.0174 0.0000 0.0000 1224.0000 370.0000 1.6528 1.5902 3.6465 8.7825 1.6078 -0.1802 -0.4614 0.0038
Car 0.0000 0 1.2434 709.9030 152.9403 759.7739 181.7516 1.5305 1.6580 3.6094 7.1795 0.0679 39.4614 1.4240 0.0038
Car 0.0000 0 1.7036 251.7628 148.6628 357.1230 228.6275 1.4492 1.4835 3.9068 -6.2163 0.8739 14.8859 1.3179 0.0038
Pedestrian 0.0000 0 -2.4661 0.0000 0.0000 1224.0000 370.0000 2.1675 0.7163 0.7753 34.9452 1.8167 -0.2286 -0.8964 0.0038
Car 0.0000 0 -4.0070 0.0000 0.0000 1224.0000 370.0000 1.5713 1.5642 4.2456 30.5770 1.5844 0.0721 -2.4476 0.0037
Car 0.0000 0 -0.1237 714.5764 150.5905 801.9442 180.2272 1.6285 1.8716 4.6313 8.5938 -0.0145 40.0046 0.0882 0.0037
Car 0.0000 0 3.4834 50.2948 149.7635 281.0245 223.1954 1.5655 1.5848 4.2227 -9.9506 0.9118 16.2580 2.9451 0.0037
Car 0.0000 0 1.6612 234.1288 145.9729 349.0549 233.0845 1.5066 1.6886 4.7375 -6.3716 0.9111 14.7369 1.2631 0.0037
Pedestrian 0.0000 0 -1.4461 427.3540 155.5200 459.8586 228.2116 1.5005 0.6005 0.5697 -3.4366 0.9865 14.9017 -1.6659 0.0037
Car 0.0000 0 -1.4125 514.9352 144.7854 563.1868 179.9579 1.6191 1.7244 4.0847 -3.1850 -0.0268 34.7057 -1.5010 0.0037
Car 0.0000 0 -1.5832 1032.5914 147.4247 1069.6332 178.2509 1.6268 1.6860 4.0307 25.0464 -0.1321 39.7846 -1.0231 0.0037
Pedestrian 0.0000 0 -1.7230 0.0000 0.0000 1224.0000 370.0000 2.2561 0.7655 0.8539 35.0081 1.7862 -0.2501 -0.1527 0.0037
Pedestrian 0.0000 0 -2.9977 696.5176 140.2125 728.1248 218.0007 1.7654 0.6685 0.6403 2.4643 0.8527 16.4540 -2.8497 0.0036
Car 0.0000 0 1.4466 712.7599 151.8010 753.1738 181.8542 1.5756 1.7327 3.7538 6.9919 0.0724 38.9845 1.6246 0.0036
Car 0.0000 0 -4.1326 0.0000 0.0000 1224.0000 370.0000 1.7237 1.6200 4.6347 28.6187 1.8963 0.9315 -2.6040 0.0036
Car 0.0000 0 -1.7514 1004.7779 146.9666 1055.6393 179.2014 1.7383 1.7852 4.0324 24.2736 -0.0771 40.5025 -1.2132 0.0036
Pedestrian 0.0000 0 -3.0254 696.2281 140.3707 728.7995 217.9372 1.7613 0.6630 0.6797 2.4697 0.8517 16.4585 -2.8772 0.0034
Car 0.0000 0 0.9315 167.8629 153.2571 363.0657 228.5795 1.4818 1.6908 4.2827 -7.5976 0.9475 15.6577 0.4898 0.0033
Pedestrian 0.0000 0 1.7492 844.0053 162.6082 895.4413 279.9810 1.6251 0.5897 0.7022 3.7930 1.3791 10.2364 2.0959 0.0033
Car 0.0000 0 1.5678 253.7870 145.0992 345.5355 224.9872 1.4821 1.6007 3.9141 -6.5871 0.8270 15.2264 1.1694 0.0033
Car 0.0000 0 -3.8448 0.0000 0.0000 1224.0000 370.0000 1.5380 1.4855 3.4486 33.8551 1.9645 1.0382 -2.3125 0.0032
Car 0.0000 0 -0.3041 710.7322 150.5967 799.9005 180.1059 1.6371 1.8893 4.6305 8.5396 -0.0218 40.4141 -0.0955 0.0032
Car 0.0000 0 -4.1764 0.0000 0.0000 1224.0000 370.0000 1.6079 1.6873 3.8014 34.1652 2.0177 1.3983 -2.6543 0.0032
Car 0.0000 0 2.0926 326.8101 167.5652 485.7356 239.5202 1.2767 1.5363 3.5377 -3.9346 1.0489 14.4484 1.8345 0.0032
Car 0.0000 0 -0.3579 706.9294 148.5822 791.3514 178.3626 1.6575 1.8555 4.4001 8.2751 -0.1258 40.7907 -0.1572 0.0032
Car 0.0000 0 -2.6063 64.4633 148.7414 301.0300 219.9535 1.5530 1.6323 4.4807 -9.6187 0.8620 16.2565 -3.1298 0.0032
Car 0.0000 0 1.2284 0.0000 0.0000 1224.0000 370.0000 1.5705 1.7196 3.9787 35.1092 2.0400 1.5087 2.7487 0.0031
Car 0.0000 0 1.7634 421.3383 153.1177 521.4406 230.2901 1.4284 1.4200 3.2877 -2.7116 0.9232 14.7371 1.5875 0.0031
Pedestrian 0.0000 0 -0.9615 22.8501 129.9150 84.1166 224.1404 1.7696 0.6931 0.6302 -10.6430 0.8212 13.6029 -1.6118 0.0030
Pedestrian 0.0000 0 1.9190 30.1792 127.9402 79.3213 223.2724 1.7951 0.5938 0.5521 -10.6651 0.8070 13.6601 1.2697 0.0030
Car 0.0000 0 -2.0381 0.0000 0.0000 1224.0000 370.0000 1.6521 1.5222 3.9390 7.4391 1.6393 -0.2507 -0.4755 0.0030
Car 0.0000 0 1.7471 240.4510 159.5836 359.2859 235.6090 1.3368 1.5121 3.9574 -6.1347 0.9707 14.5217 1.3574 0.0030
Car 0.0000 0 -2.4036 0.0000 0.0000 1224.0000 370.0000 1.4544 1.7326 4.5473 34.1603 2.1134 2.0534 -0.9006 0.0030
Car 0.0000 0 -1.8289 993.9305 148.0152 1050.9657 179.8912 1.7220 1.7715 4.2630 23.8556 -0.0355 40.5699 -1.2989 0.0030
Car 0.0000 0 1.5784 242.2833 160.7050 334.8395 237.5005 1.3559 1.5283 4.0092 -6.5299 1.0080 14.6224 1.1686 0.0030
Car 0.0000 0 1.4472 695.7473 151.0564 733.8502 180.5352 1.5566 1.6465 3.6080 6.0228 0.0033 39.1576 1.6006 0.0029
Car 0.0000 0 -0.1731 1017.7122 150.7235 1108.7322 180.1245 1.5517 1.6595 3.9677 25.0950 -0.0201 38.8849 0.3980 0.0028
Car 0.0000 0 -0.2644 0.0000 0.0000 1224.0000 370.0000 1.5158 1.3712 3.2225 28.0456 1.8979 1.3575 1.2482 0.0028
Car 0.0000 0 1.7597 518.4692 146.8912 562.0835 179.8230 1.5143 1.4823 3.4478 -3.1121 -0.0332 34.3715 1.6725 0.0028
Car 0.0000 0 -2.4598 113.5664 152.6089 331.9676 224.0966 1.5199 1.5885 4.4186 -8.7676 0.9285 16.2393 -2.9446 0.0028
Pedestrian 0.0000 0 -2.3496 682.5856 149.8068 721.8762 221.7227 1.6321 0.6013 0.6833 2.2274 0.9372 16.4951 -2.2159 0.0027
Car 0.0000 0 -1.9407 983.7287 148.4010 1048.4602 179.6688 1.6834 1.7437 4.3107 23.4070 -0.0489 40.4449 -1.4177 0.0027
Car 0.0000 0 -2.0544 0.0000 0.0000 1224.0000 370.0000 1.6643 1.4470 3.6581 7.8720 1.6086 -0.2965 -0.4855 0.0027
Car 0.0000 0 1.6645 529.4547 144.3029 568.8192 178.2888 1.5511 1.5571 3.7365 -2.6819 -0.1120 34.3930 1.5896 0.0027
Pedestrian 0.0000 0 -2.0494 963.0665 152.7803 1009.2684 224.7239 1.8875 0.8119 0.7949 10.1675 1.1618 18.9461 -1.5622 0.0027
Car 0.0000 0 1.6878 254.4216 159.5497 359.1311 234.1844 1.3125 1.4899 3.7541 -5.9839 0.9457 14.4356 1.3048 0.0026
Car 0.0000 0 -1.8681 0.0000 0.0000 1224.0000 370.0000 1.7022 1.5781 3.8168 7.9835 1.6076 0.0749 -0.3456 0.0026
Car 0.0000 0 -1.7569 1015.6160 149.0765 1067.0587 179.8969 1.6510 1.7266 4.1968 24.7390 -0.0349 40.2295 -1.2074 0.0026
Car 0.0000 0 -0.5406 1011.1276 149.9042 1104.3602 179.2941 1.5949 1.7303 4.0593 25.1348 -0.0673 39.3571 0.0258 0.0025
Car 0.0000 0 -0.5149 0.0000 146.4721 11.4172 234.8608 1.6489 1.7778 3.7088 -15.4674 1.0157 15.2110 -1.2961 0.0025
Car 0.0000 0 -1.7689 1019.3633 151.1982 1069.0179 180.7175 1.5847 1.6275 3.9639 24.8236 0.0131 40.0928 -1.2163 0.0025
Car 0.0000 0 0.3119 36.1991 148.2952 268.2294 222.9516 1.5836 1.5923 4.2105 -10.2500 0.9021 16.2656 -0.2394 0.0025
Car 0.0000 0 1.3517 1033.0017 152.2727 1086.1041 183.0722 1.5941 1.6140 3.9269 24.7998 0.1345 38.7104 1.9195 0.0025
Car 0.0000 0 1.8018 362.7857 167.4330 474.7816 237.0674 1.2640 1.4339 3.5069 -3.7464 1.0285 14.5922 1.5578 0.0025
Car 0.0000 0 1.4773 0.0000 0.0000 1224.0000 370.0000 1.5809 1.6869 3.5702 35.2121 2.0630 0.9707 3.0130 0.0024
Car 0.0000 0 -0.6012 0.0000 147.0918 21.3585 241.3870 1.6928 1.8121 4.1282 -15.1405 1.0947 14.8855 -1.3823 0.0024
Car 0.0000 0 -0.2458 0.0000 0.0000 1224.0000 370.0000 1.5134 1.5184 4.1923 33.5371 1.6971 0.7588 1.2943 0.0024
Pedestrian 0.0000 0 -1.7085 165.7789 140.8581 199.0397 216.3122 1.8503 0.6413 0.6368 -10.6693 0.8798 17.7816 -2.2390 0.0024
Cyclist 0.0000 0 -1.2063 418.1134 154.6716 468.6034 228.9761 1.4842 0.5189 1.5390 -3.4267 0.9699 14.9174 -1.4253 0.0023
Car 0.0000 0 1.7978 245.2729 157.7534 365.7611 231.8684 1.3286 1.4495 3.6854 -6.0643 0.9225 14.6032 1.4141 0.0023
Car 0.0000 0 -0.3281 1018.8118 148.7262 1119.8346 179.1198 1.6088 1.7298 4.3172 25.4515 -0.0773 38.9155 0.2491 0.0023
Car 0.0000 0 1.7225 254.4397 162.1407 363.9172 235.4984 1.2917 1.4801 3.5662 -5.8999 0.9700 14.3490 1.3423 0.0022
Car 0.0000 0 -1.7660 1024.3324 151.8859 1072.7249 181.5396 1.5820 1.6018 3.6987 24.8476 0.0569 39.7296 -1.2089 0.0022
Car 0.0000 0 2.0432 336.7420 165.9907 487.3094 234.8314 1.2732 1.6030 3.5588 -3.9658 1.0065 14.9840 1.7918 0.0022
Car 0.0000 0 -1.7431 1006.2145 149.6888 1057.3982 180.2113 1.6521 1.8092 4.1727 24.4095 -0.0161 40.5810 -1.2033 0.0022
Pedestrian 0.0000 0 -1.6814 164.7578 140.6413 198.5998 216.6353 1.8622 0.6687 0.6349 -10.6839 0.8871 17.7752 -2.2125 0.0022
Car 0.0000 0 2.0498 337.7957 170.2576 481.4332 237.1917 1.2368 1.5238 3.3153 -3.9979 1.0492 14.8453 1.7943 0.0022
Car 0.0000 0 1.4025 698.2469 151.1768 745.0330 182.3673 1.6401 1.9001 4.0420 6.3915 0.0996 39.2007 1.5649 0.0022
Pedestrian 0.0000 0 -0.9605 16.9511 136.1350 74.0954 227.9553 1.7021 0.6229 0.5916 -10.6472 0.8813 13.4120 -1.6177 0.0021
Cyclist 0.0000 0 -1.5328 704.9243 156.7769 729.0944 239.0049 1.5258 0.4171 1.6373 2.1828 1.0873 13.9585 -1.3792 0.0021
Car 0.0000 0 -2.7008 0.0000 0.0000 1224.0000 370.0000 1.4880 1.5194 3.0345 35.4725 2.0635 1.5763 -1.1819 0.0020
Car 0.0000 0 -1.5747 1001.9571 152.7940 1037.7755 182.6547 1.5966 1.6691 3.9067 23.3837 0.1166 39.9079 -1.0464 0.0020
Car 0.0000 0 -1.6717 655.5844 163.9068 731.5178 221.0073 1.3310 1.5717 3.4955 2.1533 0.9458 18.2364 -1.5542 0.0019
Car 0.0000 0 -2.4506 0.0000 0.0000 1224.0000 370.0000 1.6172 1.5847 3.2090 35.3379 2.0455 1.5639 -0.9315 0.0019
Car 0.0000 0 -1.7304 993.0414 151.1066 1040.7710 181.1942 1.6197 1.7119 4.0334 23.3671 0.0388 40.2462 -1.2061 0.0019
Car 0.0000 0 0.0654 250.1852 163.5452 459.1742 234.8434 1.3773 1.7298 3.9616 -5.2050 1.0514 14.9987 -0.2600 0.0019
Car 0.0000 0 0.7056 0.0000 146.0197 8.6380 233.4042 1.6857 1.8431 3.9322 -15.2549 1.0222 14.7191 -0.0849 0.0019
Cyclist 0.0000 0 -1.4638 698.7223 149.0734 727.0099 222.2017 1.6105 0.4585 1.9199 2.5045 0.9200 16.5532 -1.3145 0.0018
Car 0.0000 0 1.4533 1039.4705 154.6502 1084.3938 185.0870 1.5478 1.5676 3.8933 24.5114 0.2347 38.0435 2.0236 0.0018
Car 0.0000 0 -1.5319 1004.9532 151.7758 1043.2090 182.8579 1.6748 1.7212 4.2812 23.9517 0.1285 40.3576 -0.9980 0.0017
Car 0.0000 0 -1.5543 246.5930 144.7961 344.2403 228.1020 1.6108 1.7732 3.9502 -6.8921 0.9221 15.8300 -1.9554 0.0017
Pedestrian 0.0000 0 -0.9803 19.4831 136.7170 74.5356 228.3576 1.7016 0.6203 0.5467 -10.6238 0.8903 13.4167 -1.6363 0.0017
Car 0.0000 0 1.4485 1039.0238 155.1117 1084.5853 185.0410 1.5251 1.6104 3.6327 24.4856 0.2328 38.0104 2.0187 0.0017
Car 0.0000 0 0.5852 0.0000 146.9016 18.8261 236.2966 1.6971 1.7388 4.1151 -15.1052 1.0609 14.6818 -0.2016 0.0017
Car 0.0000 0 -1.6184 240.6485 142.9949 341.2895 226.3470 1.5505 1.7647 4.0378 -6.9303 0.8544 15.3476 -2.0326 0.0017
Car 0.0000 0 1.4892 1023.1000 149.5559 1065.3845 181.5551 1.6988 1.6880 3.8686 24.5561 0.0574 39.6388 2.0420 0.0017
Car 0.0000 0 -0.8098 1005.6707 151.1016 1091.5913 180.9682 1.6223 1.7700 4.0825 24.9240 0.0268 39.7662 -0.2518 0.0017
Car 0.0000 0 -1.8102 229.2482 150.7930 368.6046 233.6731 1.5680 1.8743 4.2625 -6.9236 1.0076 15.6375 -2.2174 0.0017
Pedestrian 0.0000 0 2.4730 834.7145 160.2231 910.9327 279.0161 1.6478 0.6000 0.8399 3.8174 1.3682 10.2193 2.8223 0.0016
Car 0.0000 0 2.0244 238.4388 159.3602 397.9296 233.1642 1.3465 1.5303 3.8515 -5.8704 0.9625 14.8800 1.6581 0.0016
Car 0.0000 0 -1.4164 526.9329 160.8084 625.8841 227.8010 1.4769 1.8088 4.4731 -0.6142 1.0444 17.9133 -1.4481 0.0016
Car 0.0000 0 -1.7407 1009.4000 151.1012 1059.2241 181.3335 1.6382 1.7712 4.0053 24.5073 0.0466 40.4967 -1.1983 0.0016
Car 0.0000 0 -1.3863 229.5942 152.5144 351.8906 230.0946 1.4703 1.7042 3.9183 -6.7468 0.9416 15.4918 -1.7874 0.0016
Car 0.0000 0 -1.9427 197.9475 149.4021 365.4680 227.0148 1.4692 1.7915 4.7063 -7.3222 0.8822 15.6625 -2.3700 0.0015
Pedestrian 0.0000 0 1.7564 965.1875 151.3146 1004.2661 226.6769 1.9496 0.7732 0.8911 10.1068 1.1961 18.8751 2.2427 0.0015
Car 0.0000 0 -1.4503 534.7961 168.8462 619.0381 228.2811 1.3403 1.6725 3.7483 -0.6407 1.0791 17.8800 -1.4835 0.0015
Car 0.0000 0 2.0260 406.5932 160.3711 536.8988 232.4739 1.3612 1.3272 3.4944 -2.7696 0.9828 15.2058 1.8516 0.0014
Car 0.0000 0 1.9595 359.0127 160.4803 501.0362 236.3699 1.3590 1.4761 3.8332 -3.4944 1.0022 14.6674 1.7326 0.0014
Car 0.0000 0 3.1103 292.1253 167.0579 475.7263 235.2004 1.3114 1.6216 3.5138 -4.6585 1.0543 14.9319 2.8161 0.0014
Car 0.0000 0 2.5059 257.3358 159.6007 478.6743 242.0692 1.4225 1.7343 3.9857 -4.6686 1.0637 14.3132 2.1993 0.0014
Car 0.0000 0 3.1675 261.6602 161.7489 473.2596 232.7228 1.3889 1.6502 4.0930 -5.0297 1.0236 15.1987 2.8562 0.0014
Car 0.0000 0 -1.9435 204.2591 150.8218 368.4968 227.0291 1.4473 1.8253 4.4385 -7.1907 0.8853 15.6294 -2.3648 0.0014
Car 0.0000 0 -2.3296 291.1871 162.6834 472.3867 231.4891 1.3687 1.6687 3.8356 -5.0324 1.0159 15.7242 -2.6314 0.0014
Car 0.0000 0 -1.6303 1002.5032 151.0247 1043.3601 181.5056 1.6490 1.7516 4.2033 23.8786 0.0558 40.5166 -1.0994 0.0014
Car 0.0000 0 -2.7976 280.5678 164.9708 467.5013 231.0327 1.3467 1.6674 3.4889 -4.9430 1.0318 15.3116 -3.1017 0.0013
Car 0.0000 0 3.0162 279.3345 162.0954 475.6121 235.3884 1.3894 1.6234 3.7791 -4.8383 1.0421 14.9248 2.7110 0.0013
Cyclist 0.0000 0 -1.1359 213.6323 145.1539 282.4385 232.4271 1.5906 0.5039 1.7193 -6.9431 0.9481 13.7464 -1.5921 0.0012
Cyclist 0.0000 0 -1.7157 703.5638 167.6162 734.7537 245.9306 1.4522 0.3817 1.4950 2.1789 1.2149 13.8553 -1.5613 0.0012
Car 0.0000 0 -2.5232 262.8012 156.0409 484.9945 232.7320 1.5157 1.8100 4.4078 -5.0793 1.0339 15.5029 -2.8317 0.0012
Cyclist 0.0000 0 -1.5313 697.5422 149.2613 723.4196 231.6183 1.5923 0.4704 1.4981 2.1267 0.9900 14.4450 -1.3862 0.0012
Cyclist 0.0000 0 2.3234 937.7828 152.3340 1023.0621 225.0888 1.8735 0.6612 2.2496 9.9980 1.1498 18.8855 2.8050 0.0011
Car 0.0000 0 -2.5349 261.1036 163.5232 469.5891 234.1195 1.3796 1.7046 3.9941 -5.1565 1.0495 15.1969 -2.8536 0.0011
Car 0.0000 0 2.7881 298.1695 170.6409 479.3812 238.7125 1.2624 1.4858 3.2936 -4.4845 1.0812 14.6877 2.4999 0.0011
Car 0.0000 0 -1.2513 507.6382 165.2885 632.8561 231.4252 1.3978 1.7770 4.2379 -0.7262 1.0779 17.2204 -1.2907 0.0011
Car 0.0000 0 0.8189 0.0000 155.9222 197.5581 225.6193 1.4909 1.5061 4.0991 -11.7640 0.9668 16.2725 0.2043 0.0011
Car 0.0000 0 -2.2877 300.5660 166.0611 473.7007 233.7532 1.3561 1.6318 3.7833 -4.9643 1.0684 15.8533 -2.5834 0.0011
Car 0.0000 0 3.0108 289.3672 163.7679 478.6929 234.3466 1.3455 1.6373 3.6535 -4.7216 1.0282 14.9774 2.7136 0.0011
Car 0.0000 0 2.8238 244.8575 165.0584 468.6463 243.1765 1.3567 1.7522 3.8771 -4.9349 1.0902 14.1397 2.4971 0.0010
Cyclist 0.0000 0 1.4797 971.9009 155.1752 1007.0822 225.2683 1.7691 0.6404 1.8602 10.1774 1.1315 18.8216 1.9701 0.0010
Car 0.0000 0 2.3073 293.6230 161.0164 491.9270 233.4930 1.3357 1.6996 4.1930 -4.4187 0.9782 15.2805 2.0335 0.0010
Car 0.0000 0 -2.0823 206.5551 153.9004 395.3632 229.5009 1.4286 1.8139 4.5305 -6.7774 0.9276 15.4562 -2.4858 0.0010
Car 0.0000 0 -1.5097 541.0348 166.6270 618.1854 227.7066 1.3789 1.7038 3.7985 -0.5774 1.0673 17.8817 -1.5394 0.0009
Car 0.0000 0 -1.6491 247.1735 146.2782 354.4184 229.7805 1.6126 1.9051 4.1340 -6.9978 0.9533 15.9227 -2.0537 0.0009
Car 0.0000 0 -2.6466 255.7937 162.9436 470.0751 234.3203 1.4144 1.7304 4.0297 -5.1739 1.0681 15.2099 -2.9660 0.0009
Cyclist 0.0000 0 -2.0254 904.4292 163.3768 951.8305 232.5907 1.7201 0.4903 1.5198 8.3196 1.2962 18.3347 -1.6042 0.0008
Car 0.0000 0 2.8259 266.5543 163.7801 478.3826 238.3867 1.3508 1.7094 3.8220 -4.7836 1.0497 14.6064 2.5180 0.0008
Car 0.0000 0 2.9473 246.3530 166.7901 465.8007 248.1621 1.4085 1.7370 3.8292 -4.9212 1.1729 13.9443 2.6172 0.0008
Car 0.0000 0 2.3238 275.2471 155.1278 475.3995 230.6614 1.4006 1.6406 4.2588 -4.8184 0.9318 15.3783 2.0283 0.0008
Car 0.0000 0 1.8946 491.8152 164.5059 597.2377 224.9521 1.3272 1.5673 3.3815 -1.4143 0.9776 17.3501 1.8168 0.0008
Car 0.0000 0 -1.8309 225.3253 154.6338 354.0143 231.2548 1.5063 1.7249 3.8499 -7.2364 0.9994 15.9358 -2.2475 0.0007
Car 0.0000 0 2.5921 270.7944 159.2037 484.2429 237.4335 1.3998 1.6961 3.8995 -4.6267 1.0204 14.6687 2.2949 0.0007
Pedestrian 0.0000 0 1.2454 176.1752 144.9465 215.0910 216.9336 1.7627 0.6961 0.5940 -10.3246 0.8937 17.7658 0.7289 0.0007
Car 0.0000 0 2.3663 291.6985 166.6597 492.9676 241.1804 1.3117 1.6278 3.9275 -4.2342 1.0698 14.5492 2.0910 0.0007
Pedestrian 0.0000 0 -1.2561 37.1632 124.5265 85.5571 225.2562 1.8602 0.5784 0.5636 -10.3468 0.8281 13.4120 -1.8995 0.0007
Car 0.0000 0 -1.5405 549.6366 167.8144 619.6444 227.5488 1.3070 1.5324 3.4280 -0.4774 1.0311 17.1834 -1.5657 0.0007
Car 0.0000 0 2.3996 295.9472 164.4220 494.0485 238.1435 1.3360 1.6840 3.8604 -4.2984 1.0463 14.8927 2.1264 0.0007
Car 0.0000 0 1.8924 508.9170 165.5787 608.1491 226.2080 1.3557 1.4590 3.3875 -1.0950 1.0236 17.6296 1.8335 0.0007
Car 0.0000 0 1.2318 4.3622 157.1698 149.9172 229.5833 1.4958 1.5627 3.7251 -12.2498 1.0155 16.2949 0.5986 0.0006
Pedestrian 0.0000 0 2.0942 37.6284 118.0231 96.5744 220.8764 1.9241 0.6519 0.6708 -10.3719 0.7570 13.5926 1.4560 0.0006
Car 0.0000 0 -1.6237 555.1518 168.6628 624.3356 227.8982 1.3225 1.5205 3.3738 -0.4952 1.0599 17.5225 -1.6494 0.0006
Car 0.0000 0 2.6542 260.7216 159.8718 489.3445 237.6416 1.3850 1.7365 4.1874 -4.6780 1.0193 14.6833 2.3542 0.0006
Car 0.0000 0 2.4700 277.1002 163.2210 481.8513 238.5496 1.3415 1.6853 3.8015 -4.5525 1.0355 14.6294 2.1766 0.0006
Pedestrian 0.0000 0 2.1717 35.2837 116.6219 97.0879 221.0991 1.9512 0.6506 0.7169 -10.3721 0.7599 13.5707 1.5327 0.0006
Car 0.0000 0 1.0432 0.0000 159.9993 176.1682 231.6149 1.4549 1.6069 3.7221 -11.6687 1.0401 15.8523 0.4203 0.0005
Cyclist 0.0000 0 -1.3563 542.0330 153.9216 583.6443 230.6925 1.7255 0.6048 1.8699 -1.0183 1.1297 16.8576 -1.4135 0.0005
Car 0.0000 0 -1.2316 0.0000 162.8865 84.6284 236.4541 1.3641 1.5403 3.7512 -12.7523 1.0392 15.1316 -1.9195 0.0005
Pedestrian 0.0000 0 0.7601 30.0469 132.5069 88.0540 227.7829 1.7469 0.6739 0.5528 -10.3239 0.8686 13.3255 0.1148 0.0004
Car 0.0000 0 2.0426 493.0345 165.4737 618.0649 225.6193 1.3056 1.5444 3.6647 -1.1291 0.9810 17.3314 1.9808 0.0004
Cyclist 0.0000 0 -1.8133 684.6956 170.0849 723.2823 251.0909 1.4910 0.3572 1.6277 1.8740 1.3009 13.8375 -1.6799 0.0004
Cyclist 0.0000 0 -1.4244 529.6250 164.5535 563.1817 236.3432 1.5983 0.5155 1.9079 -1.4015 1.2449 16.7057 -1.5046 0.0004
Car 0.0000 0 -1.4814 546.2952 172.6204 621.6443 230.3129 1.3099 1.5881 3.3598 -0.4796 1.1326 17.7757 -1.5060 0.0004
Car 0.0000 0 -1.3755 0.0000 159.4744 96.0936 233.8666 1.3964 1.5988 3.7460 -12.3740 1.0034 15.2983 -2.0434 0.0003
Pedestrian 0.0000 0 2.4842 18.1769 135.9590 73.3494 236.3372 1.7927 0.5842 0.5543 -10.2944 0.9989 12.9647 1.8272 0.0002
Pedestrian 0.0000 0 -1.0187 525.2475 161.9901 563.2843 234.5033 1.6478 0.6456 0.6381 -1.4524 1.2288 16.4924 -1.1030 0.0002
Cyclist 0.0000 0 2.1752 5.3152 159.2621 88.6609 237.2028 1.5083 0.5326 1.5673 -11.4220 1.0990 14.4743 1.5199 0.0001
Pedestrian 0.0000 0 0.5346 20.3832 127.2949 75.5257 232.3159 1.8796 0.6306 0.5493 -10.2724 0.9290 12.9954 -0.1202 0.0001
Cyclist 0.0000 0 -0.8737 10.3074 159.1749 95.1527 236.7029 1.5409 0.5359 1.5310 -11.5795 1.1187 14.8248 -1.5244 0.0001
Cyclist 0.0000 0 3.6862 0.1828 159.8319 95.6965 239.7951 1.5989 0.6032 1.4399 -11.4538 1.1873 14.5125 3.0307 0.0000
Car 0.0000 0 2.5842 780.1213 166.5807 1047.7784 283.1136 1.5405 1.3019 3.4001 4.3701 1.3582 10.2619 2.9775 0.0000
Pedestrian 0.0000 0 -0.7663 32.5327 155.9718 86.7554 235.2683 1.6307 0.6492 0.6326 -11.5268 1.1279 14.8991 -1.4124 0.0000
Pedestrian 0.0000 0 -0.3558 37.9661 156.3431 85.9897 234.8894 1.6095 0.6575 0.6182 -11.5018 1.1161 14.9212 -1.0001 0.0000
Pedestrian 0.0000 0 -0.6034 25.3896 161.2547 73.3242 240.2287 1.5897 0.6068 0.5286 -11.4920 1.2039 14.5725 -1.2586 0.0000
Pedestrian 0.0000 0 -0.8616 22.1669 160.8377 73.6960 240.9891 1.6189 0.6278 0.5501 -11.5133 1.2234 14.5673 -1.5178 0.0000
Car 0.0000 0 1.5172 822.5519 164.5172 964.7406 311.2166 1.5340 1.4205 3.8312 3.6027 1.3685 9.4284 1.8729 0.0000