Pedestrian 0.0000 0 -1.6874 537.9900 150.8375 614.7390 337.8743 1.8867 0.7095 1.0799 -0.3890 1.5892 7.7179 -1.7340 0.9829
Pedestrian 0.0000 0 -1.6705 536.8018 150.6647 612.7952 335.8700 1.8712 0.7185 1.0866 -0.4068 1.5714 7.7289 -1.7193 0.9730
Pedestrian 0.0000 0 -1.6954 538.0016 150.4757 613.6655 336.9597 1.8895 0.6981 1.0207 -0.3929 1.5870 7.7215 -1.7425 0.9686
Pedestrian 0.0000 0 -1.6656 538.3851 150.4980 611.9037 334.6655 1.8699 0.7037 1.0140 -0.4003 1.5669 7.7257 -1.7136 0.9545
Pedestrian 0.0000 0 0.9689 0.0000 152.0280 45.5938 320.3616 1.8955 0.8036 0.9447 -7.5226 1.5766 8.4672 0.2628 0.9372
Pedestrian 0.0000 0 0.9713 0.0000 150.9553 44.4837 319.2969 1.8962 0.8035 0.9143 -7.5238 1.5651 8.4666 0.2651 0.9141
Pedestrian 0.0000 0 -1.7021 535.9623 151.2774 616.9084 335.6085 1.8709 0.7494 1.0530 -0.3898 1.5760 7.7558 -1.7486 0.8569
Pedestrian 0.0000 0 0.9261 0.0000 154.4794 46.4120 318.9706 1.8554 0.8071 0.9324 -7.5151 1.5636 8.4661 0.2205 0.8385
Pedestrian 0.0000 0 0.9311 0.0000 155.3790 47.1471 320.2909 1.8566 0.8087 0.9684 -7.5139 1.5755 8.4575 0.2250 0.8274
Pedestrian 0.0000 0 -1.7284 536.2293 152.5363 619.7682 333.7561 1.8359 0.7501 1.0760 -0.3736 1.5543 7.7602 -1.7729 0.8182
Pedestrian 0.0000 0 1.0096 0.0000 151.3400 46.2722 319.6571 1.8853 0.8325 0.9730 -7.5238 1.5604 8.4570 0.3029 0.7867
Pedestrian 0.0000 0 0.9985 0.0000 150.9549 42.4420 318.3270 1.8834 0.7872 0.8871 -7.5175 1.5527 8.4561 0.2921 0.7079
Pedestrian 0.0000 0 0.9129 996.9203 218.2912 1099.8483 370.0000 1.1673 0.3704 0.5948 3.3089 1.4744 5.3883 1.4398 0.3405
Car 0.0000 0 3.0271 412.5192 0.0000 1224.0000 370.0000 1.5150 1.5548 3.8111 -0.9021 1.6126 0.2935 2.0584 0.2744
Car 0.0000 0 2.7989 203.0026 0.0000 1224.0000 370.0000 1.4686 1.5270 3.8923 -1.6621 1.6633 0.9529 1.8846 0.2459
Car 0.0000 0 -0.4486 486.6353 0.0000 1224.0000 370.0000 1.4995 1.5778 3.6783 -0.5463 1.6452 0.3623 -1.1192 0.1971
Car 0.0000 0 -0.8432 0.0000 0.0000 1224.0000 370.0000 1.4949 1.5729 4.0621 1.4934 1.6174 0.7230 0.1181 0.1905
Car 0.0000 0 -2.8574 0.0000 0.0000 1224.0000 370.0000 1.4757 1.6120 3.6988 1.3645 1.5968 -0.0688 -1.4696 0.1836
Car 0.0000 0 2.5741 65.9850 0.0000 1224.0000 370.0000 1.4543 1.4998 3.7970 -1.4661 1.6602 0.7360 1.6308 0.1794
Cyclist 0.0000 0 -2.5540 0.0000 0.0000 1224.0000 370.0000 1.6562 0.4687 1.8221 5.2472 1.4676 0.2513 -1.0909 0.1744
Car 0.0000 0 -1.8661 0.0000 0.0000 1224.0000 370.0000 1.4820 1.5879 4.0615 -2.4077 1.7071 0.4514 -3.1241 0.1592
Car 0.0000 0 3.6283 258.2279 0.0000 1224.0000 370.0000 1.5239 1.5407 3.9252 -1.3528 1.6514 -0.2278 2.1297 0.1576
Car 0.0000 0 4.3835 0.0000 0.0000 1224.0000 370.0000 1.5232 1.6443 4.1485 -2.4823 1.7190 0.4517 3.1169 0.1550
Car 0.0000 0 3.4807 86.3362 0.0000 1224.0000 370.0000 1.5312 1.5517 4.0961 -1.6872 1.6624 -0.1721 2.0010 0.1531
Car 0.0000 0 -4.1348 0.0000 0.0000 1224.0000 370.0000 1.4720 1.6068 3.8152 1.8082 1.6237 0.4543 -2.9686 0.1478
Car 0.0000 0 -0.2408 502.1515 0.0000 1224.0000 370.0000 1.5421 1.6365 3.6733 -0.6262 1.6038 0.2895 -1.0343 0.1456
Car 0.0000 0 3.4201 249.3045 0.0000 1224.0000 370.0000 1.4907 1.5071 3.8444 -1.3191 1.6388 -0.0381 2.0642 0.1455
Car 0.0000 0 0.2326 0.0000 0.0000 1224.0000 370.0000 1.4248 1.5166 3.5251 1.4215 1.6646 -0.0957 1.6462 0.1407
Car 0.0000 0 3.0460 292.2952 0.0000 1224.0000 370.0000 1.5189 1.6450 4.1776 -1.8196 1.6407 0.9843 2.1001 0.1402
Car 0.0000 0 -0.6734 430.0329 0.0000 1224.0000 370.0000 1.5139 1.5669 3.7596 -0.5576 1.6481 0.5424 -1.2436 0.1373
Car 0.0000 0 -0.8824 544.0263 0.0000 1224.0000 370.0000 1.5593 1.6815 3.8201 -0.2500 1.5796 0.5088 -1.1711 0.1290
Car 0.0000 0 -0.9782 0.0000 0.0000 1224.0000 370.0000 1.4917 1.5249 3.4517 2.1344 1.5731 0.1032 0.3968 0.1275
Car 0.0000 0 3.3303 255.5784 0.0000 1224.0000 370.0000 1.5064 1.5511 4.2781 -1.9407 1.6497 0.4953 2.1604 0.1231
Car 0.0000 0 2.5680 0.0000 0.0000 1224.0000 370.0000 1.5966 1.6343 4.1415 0.1668 1.5605 0.1303 2.9245 0.1212
Car 0.0000 0 -0.6194 104.2014 0.0000 1224.0000 370.0000 1.4883 1.5364 3.7653 -1.1659 1.6292 0.5942 -1.5214 0.1209
Car 0.0000 0 -3.0757 0.0000 0.0000 1224.0000 370.0000 1.4799 1.6495 3.5461 1.6446 1.5707 -0.0871 -1.6462 0.1153
Car 0.0000 0 3.3355 237.4366 0.0000 1224.0000 370.0000 1.4883 1.5075 4.0699 -1.6234 1.6548 0.2088 2.0832 0.1112
Car 0.0000 0 2.8829 0.0000 0.0000 1224.0000 370.0000 1.5543 1.6193 4.2324 -0.0124 1.5915 0.1746 2.8618 0.1089
Car 0.0000 0 -0.0033 0.0000 0.0000 1224.0000 370.0000 1.4940 1.5886 3.6431 1.6508 1.5789 -0.1919 1.4894 0.1037
Car 0.0000 0 3.7505 0.0000 0.0000 1224.0000 370.0000 1.5254 1.6136 4.5450 -0.5254 1.6284 0.0496 2.7996 0.1028
Car 0.0000 0 -3.4165 0.0000 0.0000 1224.0000 370.0000 1.5036 1.5865 3.5581 2.1651 1.5551 -0.1616 -1.9190 0.1018
Car 0.0000 0 0.4306 0.0000 0.0000 1092.2471 370.0000 1.5020 1.6088 3.8820 0.9935 1.6622 0.2971 1.4447 0.0990
Car 0.0000 0 4.2201 0.0000 0.0000 1224.0000 370.0000 1.5534 1.7047 4.6221 -2.4360 1.7227 0.4006 2.9396 0.0945
Car 0.0000 0 3.1599 0.0000 0.0000 1224.0000 370.0000 1.6011 1.6332 4.1407 -0.0911 1.5778 0.0474 2.9242 0.0936
Cyclist 0.0000 0 -2.9654 0.0000 0.0000 1224.0000 370.0000 1.6607 0.4089 1.7205 7.1305 1.5261 0.7722 -1.5455 0.0922
Car 0.0000 0 3.3439 196.0084 0.0000 1224.0000 370.0000 1.5362 1.6008 4.5152 -1.9184 1.6402 0.2362 2.0587 0.0921
Car 0.0000 0 0.2250 0.0000 0.0000 1224.0000 370.0000 1.4291 1.5229 3.5861 1.5779 1.6156 0.0008 1.5946 0.0909
Car 0.0000 0 -3.7297 0.0000 0.0000 1224.0000 370.0000 1.4832 1.5934 4.0961 1.2432 1.6551 0.7193 -2.8551 0.0875
Car 0.0000 0 -0.8050 597.6927 0.0000 1224.0000 370.0000 1.5193 1.6122 3.7637 -0.2789 1.6361 0.6906 -1.0713 0.0875
Car 0.0000 0 2.1843 0.0000 0.0000 1224.0000 370.0000 1.4910 1.6350 4.0537 0.7802 1.6231 0.3125 3.0731 0.0856
Car 0.0000 0 2.6105 0.0000 0.0000 1224.0000 370.0000 1.5255 1.6075 4.1627 0.2089 1.5911 0.3124 2.9310 0.0852
Car 0.0000 0 -0.3248 0.0000 0.0000 1224.0000 370.0000 1.5139 1.5882 3.7186 2.2174 1.5940 -0.1923 1.1884 0.0846
Car 0.0000 0 -3.1916 0.0000 0.0000 1224.0000 370.0000 1.4594 1.6458 3.6654 1.9150 1.5970 0.0927 -1.8332 0.0845
Car 0.0000 0 2.8103 0.0000 0.0000 1224.0000 370.0000 1.5111 1.6034 4.0316 0.1567 1.6421 0.4447 3.0137 0.0840
Car 0.0000 0 -2.4994 0.0000 0.0000 1224.0000 370.0000 1.4625 1.5201 3.9710 -0.6321 1.6373 0.5304 -3.1346 0.0832
Car 0.0000 0 2.4707 0.0000 0.0000 1224.0000 370.0000 1.5899 1.6320 4.1468 0.2539 1.5763 0.1585 2.9589 0.0827
Car 0.0000 0 4.3773 0.0000 0.0000 1224.0000 370.0000 1.5069 1.6053 4.2051 -2.4803 1.7040 0.0631 2.9626 0.0821
Car 0.0000 0 1.2338 0.0000 0.0000 1224.0000 370.0000 1.4646 1.5568 4.0527 -2.0357 1.6902 0.5389 0.0652 0.0819
Car 0.0000 0 4.4621 0.0000 0.0000 1224.0000 370.0000 1.4869 1.5933 4.1998 -2.2886 1.6923 0.1141 3.0817 0.0815
Car 0.0000 0 2.8273 0.0000 0.0000 1224.0000 370.0000 1.5099 1.5907 4.0256 0.1572 1.6319 0.4507 3.0299 0.0805
Car 0.0000 0 4.3432 66.6029 0.0000 1224.0000 370.0000 1.5690 1.6059 4.4206 -2.9064 1.6971 -0.1470 2.8346 0.0791
Car 0.0000 0 -2.9326 0.0000 0.0000 1224.0000 370.0000 1.4052 1.5585 3.7784 9.6643 1.2991 0.2637 -1.4210 0.0791
Car 0.0000 0 2.5577 0.0000 0.0000 1224.0000 370.0000 1.5418 1.6071 4.1981 0.2218 1.5863 0.2499 2.9300 0.0774
Car 0.0000 0 -4.2600 0.0000 0.0000 1224.0000 370.0000 1.4681 1.6192 3.6172 1.8280 1.6040 0.2240 -2.9786 0.0774
Car 0.0000 0 2.3515 0.0000 0.0000 1224.0000 370.0000 1.5964 1.6539 4.3178 0.3012 1.5971 0.0501 3.0328 0.0764
Car 0.0000 0 -1.5118 729.4292 154.7104 752.6497 176.8694 1.8222 1.7295 4.0708 11.7933 -0.3235 61.0414 -1.3200 0.0752
Car 0.0000 0 2.5257 0.0000 0.0000 1224.0000 370.0000 1.5013 1.6207 4.1856 0.3256 1.5799 0.3053 3.0065 0.0734
Car 0.0000 0 1.1821 1171.0619 191.5547 1224.0000 370.0000 1.3586 1.5087 3.4720 6.4514 1.4866 6.1853 1.9647 0.0728
Pedestrian 0.0000 0 1.5925 0.0000 0.0000 1224.0000 370.0000 1.7050 0.6011 0.7022 3.8101 1.5744 0.1059 3.0526 0.0701
Car 0.0000 0 4.3328 330.8373 0.0000 1224.0000 370.0000 1.5393 1.6028 4.2764 -2.2760 1.6883 -0.2516 2.7951 0.0698
Pedestrian 0.0000 0 1.9392 0.0000 0.0000 1224.0000 370.0000 1.7196 0.5627 0.6673 -14.6688 1.5801 0.1969 0.4054 0.0676
Car 0.0000 0 0.2730 268.3281 0.0000 1224.0000 370.0000 1.5462 1.5955 3.6358 -1.1391 1.6355 -0.0648 -1.0727 0.0664
Car 0.0000 0 3.2754 0.0000 0.0000 1224.0000 370.0000 1.5463 1.5939 3.9559 -0.1444 1.6583 0.7182 3.1395 0.0654
Car 0.0000 0 -0.8025 523.2729 0.0000 1224.0000 370.0000 1.5188 1.6266 3.6885 -0.3297 1.6382 0.5358 -1.1668 0.0635
Car 0.0000 0 4.1026 776.9891 0.0000 1224.0000 370.0000 1.5236 1.6208 4.2603 -1.3019 1.6559 -0.0733 2.7234 0.0628
Car 0.0000 0 3.2459 0.0000 0.0000 1224.0000 370.0000 1.5326 1.6207 3.9029 -0.2034 1.6060 0.1960 2.8760 0.0628
Car 0.0000 0 -2.0244 0.0000 0.0000 932.6250 370.0000 1.4859 1.6345 3.5078 0.6015 1.6496 1.1402 -1.6327 0.0625
Car 0.0000 0 4.3980 0.0000 0.0000 1224.0000 370.0000 1.5406 1.5952 4.2032 -2.1536 1.6994 -0.1351 2.9160 0.0614
Car 0.0000 0 2.8317 0.0000 0.0000 1224.0000 370.0000 1.4838 1.6154 4.1355 0.1730 1.6459 0.3992 3.0688 0.0611
Pedestrian 0.0000 0 2.1196 0.0000 0.0000 1224.0000 370.0000 1.7238 0.5524 0.7434 -14.6255 1.5903 0.3961 0.5996 0.0610
Car 0.0000 0 -0.3587 0.0000 0.0000 1224.0000 370.0000 1.4701 1.5286 3.5272 2.4237 1.5878 -0.1252 1.1320 0.0608
Pedestrian 0.0000 0 1.8012 0.0000 0.0000 1224.0000 370.0000 1.7191 0.5712 0.6945 -14.6669 1.5948 0.1802 0.2664 0.0598
Car 0.0000 0 -2.4342 0.0000 0.0000 1224.0000 370.0000 1.4273 1.5204 3.4205 1.5183 1.6533 0.9377 -1.5550 0.0584
Pedestrian 0.0000 0 2.2223 0.0000 0.0000 1224.0000 370.0000 1.7313 0.5599 0.7197 -14.6323 1.5659 0.4037 0.7027 0.0576
Car 0.0000 0 2.8498 0.0000 0.0000 1224.0000 370.0000 1.5164 1.5970 4.1065 0.0166 1.6290 0.3784 2.8759 0.0573
Car 0.0000 0 2.9865 0.0000 0.0000 1224.0000 370.0000 1.5311 1.5918 3.9874 0.1129 1.6354 0.6356 3.1058 0.0572
Car 0.0000 0 -0.2667 0.0000 0.0000 1224.0000 370.0000 1.4916 1.6016 3.7939 1.2300 1.6156 1.2127 0.4103 0.0570
Car 0.0000 0 -0.8462 647.2344 0.0000 1224.0000 370.0000 1.5205 1.6253 3.7466 -0.2087 1.6769 1.0373 -0.9968 0.0556
Car 0.0000 0 0.4773 145.2161 0.0000 1224.0000 370.0000 1.5040 1.5783 3.9571 1.0267 1.6450 -0.0626 1.8008 0.0556
Car 0.0000 0 -4.0854 0.0000 0.0000 1224.0000 370.0000 1.4831 1.6032 4.0471 1.1847 1.6807 0.4089 -3.0666 0.0551
Car 0.0000 0 4.3099 0.0000 0.0000 1224.0000 370.0000 1.5377 1.6334 4.6377 -2.6328 1.7030 0.0748 2.8908 0.0549
Car 0.0000 0 -0.1064 366.4958 0.0000 1224.0000 370.0000 1.5928 1.6845 3.7255 -0.6783 1.5983 0.0366 -1.1865 0.0545
Car 0.0000 0 -3.3299 0.0000 0.0000 1224.0000 370.0000 1.4956 1.6142 4.1340 0.1995 1.6626 0.6200 -3.1197 0.0540
Car 0.0000 0 0.2172 0.0000 0.0000 1224.0000 370.0000 1.3952 1.6001 3.6716 9.5440 1.4691 0.2573 1.7287 0.0534
Car 0.0000 0 3.5070 0.0000 0.0000 1224.0000 370.0000 1.5693 1.6428 3.9138 -0.2935 1.5951 0.0063 2.7837 0.0533
Car 0.0000 0 -2.8229 0.0000 0.0000 1224.0000 370.0000 1.5173 1.5608 4.0480 0.3308 1.6363 1.0680 -2.5876 0.0531
Car 0.0000 0 4.3697 0.0000 0.0000 1224.0000 370.0000 1.5508 1.6639 4.3771 -2.5380 1.7209 0.0228 2.9360 0.0517
Car 0.0000 0 -1.0118 0.0000 0.0000 1224.0000 370.0000 1.4578 1.5075 3.5053 2.1264 1.5984 0.4319 0.2192 0.0517
Car 0.0000 0 -3.1123 0.0000 0.0000 1224.0000 370.0000 1.5239 1.5940 4.1323 0.5373 1.6502 1.0187 -2.7297 0.0513
Car 0.0000 0 -0.4564 0.0000 0.0000 1224.0000 370.0000 1.4985 1.5500 3.5291 2.4237 1.5759 -0.2288 1.0768 0.0506
Car 0.0000 0 2.9982 0.0000 0.0000 1224.0000 370.0000 1.5019 1.5668 3.9431 -0.0117 1.6290 0.5601 2.9873 0.0503
Cyclist 0.0000 0 3.4343 0.0000 0.0000 1224.0000 370.0000 1.6988 0.6042 1.8330 -1.7065 1.6575 -0.0249 2.0383 0.0491
Car 0.0000 0 -1.1605 0.0000 0.0000 1040.9950 370.0000 1.5237 1.6189 3.8723 1.8457 1.6063 -0.1786 0.3335 0.0475
Car 0.0000 0 -1.3437 720.0791 155.5881 752.3719 179.7642 1.9325 1.7842 4.0068 10.9714 -0.0623 58.8412 -1.1585 0.0474
Car 0.0000 0 -3.5968 0.0000 0.0000 1224.0000 370.0000 1.4568 1.5792 3.8168 0.6573 1.6346 0.7832 -3.0589 0.0471
Car 0.0000 0 3.4948 0.0000 0.0000 1224.0000 370.0000 1.4917 1.5657 3.9405 -0.3887 1.5999 0.1842 2.8446 0.0454
Car 0.0000 0 -0.9287 0.0000 0.0000 1059.9922 370.0000 1.5102 1.5604 3.7237 2.0195 1.6024 -0.2004 0.5827 0.0447
Car 0.0000 0 -2.3028 0.0000 0.0000 1224.0000 370.0000 1.4946 1.6386 3.7447 1.9605 1.6507 0.7584 -1.2346 0.0444
Car 0.0000 0 -1.4101 730.3115 154.8744 758.2000 177.0174 1.8212 1.7215 4.1427 12.0852 -0.3108 61.0954 -1.2139 0.0443
Car 0.0000 0 -3.1448 0.0000 0.0000 1224.0000 370.0000 1.5534 1.5919 3.9775 0.0042 1.6207 0.7083 -3.1385 0.0440
Car 0.0000 0 0.7750 0.0000 0.0000 1224.0000 370.0000 1.4971 1.6278 3.6523 1.0842 1.6880 0.5616 1.6627 0.0435
Cyclist 0.0000 0 -2.2633 0.0000 0.0000 1224.0000 370.0000 1.6792 0.4957 1.7853 1.3694 1.6755 0.7343 -1.3486 0.0430
Car 0.0000 0 -1.4622 735.3294 154.3644 761.4016 177.4185 1.9000 1.7626 4.2042 12.4504 -0.2752 61.1468 -1.2605 0.0426
Car 0.0000 0 -2.3977 0.0000 0.0000 1224.0000 370.0000 1.4426 1.6090 3.7248 1.5214 1.6097 0.7347 -1.4329 0.0426
Car 0.0000 0 1.2010 1157.6813 191.0468 1224.0000 370.0000 1.3865 1.5214 3.4397 6.4354 1.5112 6.3664 1.9686 0.0419
Car 0.0000 0 3.6102 276.6150 0.0000 1224.0000 370.0000 1.5929 1.7142 4.5501 -2.3625 1.6896 0.5046 2.3780 0.0416
Car 0.0000 0 -1.4109 727.8057 156.3360 755.2426 177.5619 1.7441 1.6959 4.0434 11.8080 -0.2610 60.8903 -1.2185 0.0414
Car 0.0000 0 -1.9888 318.7806 0.0000 1106.4630 370.0000 1.6312 1.6756 3.9789 0.1925 1.5349 -0.0007 -1.4461 0.0412
Car 0.0000 0 0.6321 0.0000 0.0000 1224.0000 370.0000 1.5643 1.7142 3.9700 -2.9340 1.6830 0.0238 -0.8193 0.0409
Car 0.0000 0 4.3088 166.1928 0.0000 1224.0000 370.0000 1.5631 1.6054 4.1677 -2.4763 1.7290 -0.2670 2.7623 0.0401
Car 0.0000 0 -1.5742 729.0024 156.7416 750.5373 178.2751 1.7666 1.7536 4.1575 11.5722 -0.1967 60.6637 -1.3848 0.0398
Car 0.0000 0 0.2471 0.0000 0.0000 1224.0000 370.0000 1.4634 1.5679 3.6792 7.8690 1.4785 1.6919 1.5687 0.0397
Cyclist 0.0000 0 0.7968 0.0000 0.0000 1224.0000 370.0000 1.6903 0.5499 1.8969 1.1211 1.6032 0.4044 1.7935 0.0390
Car 0.0000 0 -2.5915 0.0000 0.0000 1224.0000 370.0000 1.4593 1.5185 3.5059 1.6990 1.6230 0.8718 -1.6321 0.0381
Car 0.0000 0 -1.3634 0.0000 0.0000 1224.0000 370.0000 1.4412 1.5163 3.3708 2.2217 1.6300 0.8807 -0.2877 0.0377
Car 0.0000 0 -0.9706 0.0000 0.0000 1224.0000 370.0000 1.5113 1.4987 3.6630 2.3097 1.5553 -0.1641 0.5327 0.0376
Car 0.0000 0 -1.3441 415.3207 0.0000 1224.0000 370.0000 1.5603 1.6820 3.8304 0.0607 1.6380 0.6555 -1.2800 0.0374
Car 0.0000 0 -1.6456 743.2432 153.4190 767.5677 176.5587 1.8968 1.7353 4.2324 12.9415 -0.3508 60.9233 -1.4355 0.0369
Car 0.0000 0 -1.5672 748.6271 153.7424 769.9157 176.2906 1.8405 1.7268 4.0811 13.2690 -0.3732 60.7031 -1.3512 0.0366
Car 0.0000 0 -2.3273 0.0000 0.0000 1053.9277 370.0000 1.4781 1.5961 3.5645 1.0314 1.6588 0.9366 -1.6397 0.0365
Cyclist 0.0000 0 0.1219 0.0000 0.0000 1224.0000 370.0000 1.6847 0.5266 1.9072 -1.0929 1.5598 -0.0387 -1.1916 0.0365
Car 0.0000 0 0.6633 373.3372 0.0000 1224.0000 370.0000 1.5828 1.6079 4.1698 0.7181 1.5927 -0.1092 1.9457 0.0363
Car 0.0000 0 -4.4354 0.0000 0.0000 1224.0000 370.0000 1.5407 1.6273 4.0550 1.1951 1.6331 -0.1659 -2.9942 0.0346
Car 0.0000 0 4.2532 0.0000 0.0000 1224.0000 370.0000 1.4893 1.5650 4.0479 -1.6380 1.6453 0.0683 2.9189 0.0342
Car 0.0000 0 -1.5544 747.9302 154.2388 768.9949 176.6366 1.8354 1.7041 4.1065 13.2615 -0.3435 60.8853 -1.3392 0.0338
Car 0.0000 0 -2.1091 743.2392 151.8616 788.8195 178.3397 2.0912 1.7596 4.2162 13.2809 -0.1845 58.4861 -1.8851 0.0336
Car 0.0000 0 -1.1323 607.5486 0.0000 1224.0000 370.0000 1.5079 1.6297 3.8139 -0.0150 1.6340 0.9184 -1.1423 0.0330
Car 0.0000 0 1.2241 1166.8121 159.8618 1224.0000 260.4733 1.4840 1.6048 3.9852 11.6446 1.1812 12.5718 1.9602 0.0326
Car 0.0000 0 1.2504 1169.2343 161.0117 1224.0000 259.8668 1.4664 1.6133 3.8888 11.6417 1.1790 12.5879 1.9858 0.0324
Car 0.0000 0 0.0499 0.0000 0.0000 1224.0000 370.0000 1.3423 1.5295 3.4182 9.5720 1.5000 0.1815 1.5695 0.0316
Car 0.0000 0 1.3156 70.4712 0.0000 1169.3594 370.0000 1.5259 1.6679 3.8320 0.5869 1.7068 0.7486 1.8179 0.0304
Car 0.0000 0 -3.0674 0.0000 0.0000 1224.0000 370.0000 1.4284 1.6100 3.7078 9.7483 1.4033 -0.1519 -1.5127 0.0301
Car 0.0000 0 0.0820 0.0000 0.0000 1224.0000 370.0000 1.3935 1.6401 3.8511 9.8926 1.4056 0.3353 1.5878 0.0298
Car 0.0000 0 1.0700 74.8698 0.0000 1130.7053 370.0000 1.5616 1.6564 3.9112 0.5654 1.6828 0.4512 1.7021 0.0294
Car 0.0000 0 1.6177 0.0000 0.0000 1224.0000 370.0000 1.4353 1.6365 4.1302 10.0197 1.2699 0.8004 3.0782 0.0292
Car 0.0000 0 -1.4930 724.2590 153.2724 750.1568 179.3103 2.0647 1.7871 4.1517 10.9884 -0.1010 58.5048 -1.3065 0.0289
Car 0.0000 0 -0.2396 0.0000 0.0000 1224.0000 370.0000 1.4987 1.5973 3.8674 0.8808 1.6144 1.1337 0.3060 0.0285
Car 0.0000 0 1.7870 723.6667 157.7547 756.0006 180.2675 1.8238 1.8638 3.9677 11.4001 -0.0191 59.5129 1.9771 0.0284
Car 0.0000 0 -1.3482 730.0737 156.0505 760.1126 177.4311 1.7595 1.6986 3.9978 12.1327 -0.2729 60.9756 -1.1509 0.0283
Cyclist 0.0000 0 -0.9803 1157.8639 159.7587 1224.0000 337.9485 1.6858 0.5545 1.7549 6.5173 1.4912 7.1803 -0.2634 0.0274
Pedestrian 0.0000 0 1.5255 0.0000 0.0000 1224.0000 370.0000 1.7208 0.5567 0.6969 4.1179 1.5598 0.1139 2.9920 0.0274
Cyclist 0.0000 0 0.3407 0.0000 0.0000 1224.0000 370.0000 1.6872 0.5349 1.8423 1.4244 1.6385 0.5256 1.3757 0.0272
Car 0.0000 0 -0.9578 467.0704 0.0000 1223.8406 370.0000 1.6181 1.7224 3.9769 -0.1546 1.5474 0.0797 -1.3183 0.0271
Car 0.0000 0 -0.0380 0.0000 0.0000 1224.0000 370.0000 1.3357 1.5323 3.5699 9.5880 1.4174 0.1796 1.4818 0.0263
Car 0.0000 0 -1.9201 743.5024 151.6254 782.4480 179.2218 2.1781 1.7609 4.3021 12.9767 -0.1082 58.2555 -1.7002 0.0261
Car 0.0000 0 -1.6489 743.6202 153.4947 767.9839 176.8319 1.9100 1.7197 4.2295 12.9423 -0.3256 60.7677 -1.4383 0.0261
Cyclist 0.0000 0 0.9563 0.0000 0.0000 1224.0000 370.0000 1.7635 0.5321 1.7877 0.6564 1.6344 0.3059 1.7646 0.0253
Car 0.0000 0 0.9002 226.4128 0.0000 1224.0000 370.0000 1.5338 1.6286 4.1892 0.6119 1.6389 0.2020 1.7634 0.0250
Car 0.0000 0 -2.6475 0.0000 0.0000 1224.0000 370.0000 1.3565 1.5623 3.8007 9.7402 1.2544 0.9874 -1.2090 0.0250
Cyclist 0.0000 0 0.3407 0.0000 0.0000 1224.0000 370.0000 1.6648 0.5643 1.9578 -1.3967 1.5879 -0.0448 -1.0311 0.0245
Car 0.0000 0 1.7375 724.6761 157.1038 754.7742 180.8898 1.9242 1.8626 3.8730 11.3551 0.0328 59.3337 1.9274 0.0245
Car 0.0000 0 -1.9819 745.2853 154.0970 786.9230 178.8977 1.9543 1.7566 4.3356 13.2425 -0.1361 58.3002 -1.7579 0.0242
Car 0.0000 0 -1.7413 727.1526 152.9233 757.0117 179.0459 2.0648 1.7245 4.1912 11.2616 -0.1229 58.2323 -1.5494 0.0242
Car 0.0000 0 1.8923 721.5927 157.5448 758.9175 179.9975 1.8300 1.8677 4.2352 11.5388 -0.0431 60.0312 2.0831 0.0237
Cyclist 0.0000 0 1.7895 0.0000 0.0000 1224.0000 370.0000 2.0157 0.6275 1.7353 -3.7539 1.8294 -0.2328 0.2441 0.0235
Car 0.0000 0 1.2103 1163.2662 165.1194 1224.0000 260.7753 1.3986 1.5641 3.8089 11.4071 1.1754 12.3916 1.9432 0.0234
Car 0.0000 0 4.2918 126.7975 0.0000 1224.0000 370.0000 1.5557 1.6289 4.1889 -2.6393 1.7311 -0.1642 2.7827 0.0233
Car 0.0000 0 1.2349 1174.0348 161.7701 1224.0000 259.8794 1.4422 1.6128 3.8679 11.6750 1.1686 12.4840 1.9758 0.0230
Car 0.0000 0 -2.8734 0.0000 0.0000 1224.0000 370.0000 1.4148 1.6413 3.7781 9.4372 1.3260 1.1411 -1.4551 0.0230
Car 0.0000 0 -3.1104 0.0000 0.0000 1224.0000 370.0000 1.4917 1.6950 3.8276 9.9460 1.4085 -0.0356 -1.5671 0.0230
Car 0.0000 0 -2.3585 0.0000 0.0000 1134.9232 370.0000 1.4243 1.4489 3.3803 1.4517 1.6449 1.2052 -1.5973 0.0222
Car 0.0000 0 -1.7201 748.0986 154.7708 778.4251 178.7735 1.8772 1.7949 4.3046 12.9109 -0.1454 57.8218 -1.4998 0.0221
Car 0.0000 0 -2.0731 1207.6857 192.9314 1224.0000 370.0000 1.4423 1.5212 3.5939 5.7937 1.5624 4.7833 -1.2232 0.0221
Car 0.0000 0 1.3585 741.3466 155.0886 773.0328 177.7273 1.8482 1.7887 4.2320 12.9623 -0.2438 60.3526 1.5709 0.0218
Car 0.0000 0 1.2364 1159.8208 159.8280 1224.0000 258.7074 1.4634 1.5675 3.9936 11.4929 1.1591 12.6040 1.9648 0.0213
Car 0.0000 0 1.2459 1163.8018 161.7052 1224.0000 259.9415 1.4503 1.6089 3.8302 11.4738 1.1745 12.5108 1.9771 0.0212
Car 0.0000 0 1.7289 728.8819 156.5558 756.3132 177.4476 1.7084 1.7065 3.9374 11.8390 -0.2696 60.5812 1.9228 0.0210
Car 0.0000 0 -1.8565 744.2070 151.8184 780.0571 179.6724 2.2115 1.7674 4.2292 12.9503 -0.0697 58.4320 -1.6377 0.0208
Car 0.0000 0 -2.1168 742.7791 153.2453 788.2901 179.1458 2.0569 1.7699 4.1682 13.2765 -0.1155 58.6404 -1.8935 0.0208
Cyclist 0.0000 0 -0.0841 209.8640 0.0000 1224.0000 370.0000 1.6744 0.4517 1.7393 -1.0363 1.6525 0.4248 -1.0277 0.0207
Cyclist 0.0000 0 2.0242 0.0000 0.0000 1224.0000 370.0000 1.9761 0.6230 1.9230 -4.0250 1.7728 -0.2842 0.4646 0.0206
Car 0.0000 0 -1.5466 749.3254 154.5023 771.5864 177.0789 1.8390 1.7595 4.0101 13.3269 -0.3015 60.4024 -1.3287 0.0205
Car 0.0000 0 -2.0928 743.2067 155.1849 786.8090 178.5821 1.8624 1.7982 3.9583 13.2702 -0.1641 58.7851 -1.8701 0.0203
Car 0.0000 0 3.7658 0.0000 184.4448 116.9350 225.3765 1.4520 1.6439 4.2404 -20.7957 1.6045 26.1573 3.1017 0.0202
Car 0.0000 0 -1.6126 729.0334 153.7295 753.2847 180.5142 2.1337 1.7952 4.1474 11.2451 0.0024 58.5024 -1.4219 0.0200
Car 0.0000 0 1.5165 385.7292 0.0000 1121.0300 370.0000 1.5434 1.6429 4.0377 0.1857 1.5974 0.3026 1.8078 0.0198
Pedestrian 0.0000 0 0.8417 854.5998 180.2353 904.3923 274.7148 1.4210 0.3982 0.6339 4.2170 1.4186 10.9965 1.2001 0.0198
Car 0.0000 0 -1.5935 62.1140 0.0000 1224.0000 370.0000 1.4493 1.6090 3.8123 0.1923 1.6747 0.9409 -1.4409 0.0197
Car 0.0000 0 1.6488 0.0000 0.0000 1224.0000 370.0000 1.4416 1.6630 4.1472 9.9492 1.3596 0.7600 3.1126 0.0193
Pedestrian 0.0000 0 0.8517 852.8915 179.1490 905.3215 274.8486 1.4348 0.4157 0.6736 4.2051 1.4162 10.9842 1.2095 0.0189
Cyclist 0.0000 0 -0.6646 0.0000 0.0000 1224.0000 370.0000 1.7328 0.4626 1.8842 -0.6082 1.6879 0.7832 -1.1656 0.0188
Car 0.0000 0 1.8828 718.9748 156.3021 754.5281 179.1008 1.8278 1.7947 3.9491 11.0649 -0.1201 59.1112 2.0687 0.0184
Car 0.0000 0 1.2819 1166.6428 161.2068 1224.0000 259.6651 1.4544 1.5728 3.8799 11.4585 1.1710 12.5291 2.0117 0.0183
Cyclist 0.0000 0 -0.8311 1162.1039 163.8482 1224.0000 344.2182 1.6644 0.5813 1.8558 6.4970 1.5124 6.8984 -0.0968 0.0180
Car 0.0000 0 -2.1428 1189.0135 191.2995 1224.0000 370.0000 1.4571 1.4771 3.5174 5.7806 1.5621 4.8675 -1.3021 0.0179
Cyclist 0.0000 0 -2.5579 0.0000 0.0000 1224.0000 370.0000 1.6491 0.4245 1.4523 3.5343 1.6373 0.6963 -1.2664 0.0178
Car 0.0000 0 1.9352 718.8551 156.9697 756.4213 178.7221 1.7483 1.7733 4.0446 11.1885 -0.1536 59.3700 2.1224 0.0177
Car 0.0000 0 -1.2614 728.6512 156.5088 762.2816 177.8060 1.7506 1.7197 3.9279 12.1269 -0.2386 60.7879 -1.0636 0.0176
Cyclist 0.0000 0 3.0626 0.0000 0.0000 1224.0000 370.0000 1.7434 0.5705 1.8565 -1.7104 1.6459 0.2545 1.8194 0.0173
Cyclist 0.0000 0 1.9220 243.0973 167.7257 321.4614 281.8876 1.6364 0.4960 1.8386 -5.0464 1.4550 11.0635 1.5067 0.0171
Car 0.0000 0 1.5929 728.6015 156.1270 751.6071 181.6285 2.0537 1.7990 3.9445 11.3295 0.0921 59.0532 1.7833 0.0169
Car 0.0000 0 -1.5900 746.9426 152.4375 770.6342 179.2288 2.1117 1.8202 4.2932 12.6423 -0.1076 58.2247 -1.3755 0.0168
Cyclist 0.0000 0 1.8432 255.8423 167.0341 321.1925 278.2043 1.6346 0.4984 1.6918 -5.0493 1.4383 11.2631 1.4340 0.0167
Car 0.0000 0 -1.7358 744.1138 151.3972 774.5998 178.7984 2.1546 1.7388 4.4366 12.6583 -0.1441 58.1317 -1.5207 0.0164
Car 0.0000 0 -1.6554 746.1769 153.8665 773.0199 178.6353 1.9293 1.7856 4.1673 12.5642 -0.1564 57.5806 -1.4398 0.0164
Car 0.0000 0 1.7745 726.1512 157.5652 757.5406 179.5568 1.7959 1.8388 4.0484 11.6935 -0.0820 60.1476 1.9673 0.0163
Cyclist 0.0000 0 0.8342 0.0000 0.0000 1224.0000 370.0000 1.6829 0.5621 1.6964 1.1299 1.6952 0.7480 1.6477 0.0160
Cyclist 0.0000 0 0.1363 14.5401 0.0000 1224.0000 370.0000 1.6758 0.5067 1.8913 -1.3822 1.6711 0.2987 -1.0099 0.0156
Car 0.0000 0 1.8312 724.0942 158.3248 757.9388 180.5390 1.8140 1.9125 3.7402 11.5584 0.0044 59.8315 2.0228 0.0156
Cyclist 0.0000 0 -1.6907 828.9165 163.2473 867.4149 264.9546 1.6775 0.4313 1.6485 4.2357 1.3946 12.5071 -1.3701 0.0156
Car 0.0000 0 1.2720 1165.8740 163.1480 1224.0000 261.0711 1.4291 1.6154 3.9047 11.4074 1.1775 12.4248 2.0037 0.0155
Pedestrian 0.0000 0 2.8837 638.6452 164.5412 681.1581 268.0605 1.7951 0.4777 0.6507 0.9255 1.5200 12.5504 2.9571 0.0154
Car 0.0000 0 -0.7883 0.0000 0.0000 1224.0000 370.0000 1.5793 1.5778 3.8001 13.5903 0.7605 1.5901 0.6439 0.0153
Car 0.0000 0 -2.1006 556.5438 163.5555 604.1145 187.8616 1.7188 1.6539 4.1191 -1.8571 0.5219 52.1755 -2.1342 0.0150
Pedestrian 0.0000 0 2.6527 81.4452 176.6973 121.8789 258.3531 1.5016 0.4182 0.4821 -9.5168 1.4334 13.3076 2.0450 0.0147
Car 0.0000 0 0.3415 0.0000 0.0000 1224.0000 370.0000 1.3720 1.5546 3.4954 9.3722 1.5372 -0.0691 1.8867 0.0146
Car 0.0000 0 0.3993 0.0000 0.0000 1224.0000 370.0000 1.5825 1.8135 4.1727 -3.2895 1.7539 0.1095 -1.0393 0.0146
Car 0.0000 0 -1.9159 742.7331 155.9979 779.8146 178.8330 1.8432 1.8338 3.8813 13.1004 -0.1437 59.4059 -1.6981 0.0144
Car 0.0000 0 1.6519 728.3464 158.9806 754.1412 181.2948 1.8167 1.8412 3.6757 11.5259 0.0659 59.5776 1.8438 0.0144
Car 0.0000 0 2.5892 553.5608 166.3164 609.7992 189.5002 1.6083 1.6686 3.7120 -1.6560 0.6257 50.7626 2.5586 0.0144
Cyclist 0.0000 0 3.7690 0.0000 0.0000 1224.0000 370.0000 1.6873 0.6125 1.8615 -1.3473 1.7074 0.4683 2.7309 0.0144
Car 0.0000 0 1.3712 744.4467 156.3961 775.6368 180.9069 1.9705 1.7836 3.9478 12.8726 0.0339 58.8261 1.5873 0.0143
Car 0.0000 0 1.1934 1157.3809 165.5205 1224.0000 260.9526 1.3921 1.5564 3.7632 11.2773 1.1753 12.3437 1.9225 0.0142
Car 0.0000 0 1.5868 742.3718 155.8117 762.5977 178.6699 1.8912 1.6424 3.7805 12.7353 -0.1616 60.8455 1.7939 0.0141
Car 0.0000 0 -4.3899 0.0000 0.0000 1224.0000 370.0000 1.4703 1.6933 4.5411 9.9176 1.4264 0.5653 -2.9070 0.0139
Car 0.0000 0 -2.2951 0.0000 184.6962 119.5642 225.2672 1.4396 1.6546 4.2537 -20.7824 1.6059 26.5474 -2.9518 0.0137
Car 0.0000 0 3.7284 103.7116 0.0000 1224.0000 370.0000 1.5752 1.6870 4.3049 -2.4215 1.6769 0.0234 2.3014 0.0137
Car 0.0000 0 -2.0569 0.0000 182.3255 112.2529 223.1582 1.4544 1.6625 4.2186 -20.9942 1.5297 26.9597 -2.7111 0.0137
Car 0.0000 0 -0.3034 575.6448 169.0618 633.2082 190.0180 1.4972 1.6568 3.9080 -0.0436 0.6813 51.8823 -0.3024 0.0136
Car 0.0000 0 0.2665 0.0000 0.0000 1224.0000 370.0000 1.4098 1.5799 3.8010 9.2948 1.4936 -0.2315 1.8289 0.0134
Pedestrian 0.0000 0 1.1375 114.5545 175.0098 161.0095 268.1072 1.6469 0.4744 0.6673 -8.5584 1.5514 12.8816 0.5642 0.0134
Car 0.0000 0 -1.0860 1181.2927 160.1650 1224.0000 257.2321 1.4885 1.6345 4.0456 12.2366 1.1783 12.2357 -0.3119 0.0134
Pedestrian 0.0000 0 1.8642 275.0313 171.9240 315.8880 268.6417 1.5048 0.4270 0.6504 -5.0036 1.3731 11.3427 1.4609 0.0134
Pedestrian 0.0000 0 1.8776 825.7678 163.0970 863.6369 258.5815 1.6420 0.4901 0.5702 4.2072 1.3444 12.5282 2.1957 0.0130
Pedestrian 0.0000 0 1.9392 271.4943 170.9093 316.1600 268.5750 1.5144 0.4308 0.6903 -5.0148 1.3673 11.3110 1.5341 0.0129
Car 0.0000 0 -1.6161 0.0000 0.0000 1224.0000 370.0000 1.5617 1.5416 3.5075 5.4541 1.4964 -0.1222 -0.0807 0.0126
Car 0.0000 0 2.6550 549.6099 165.5681 607.9631 188.1366 1.5660 1.6759 3.8481 -1.8664 0.5312 50.7420 2.6203 0.0124
Pedestrian 0.0000 0 -2.2130 0.0000 0.0000 1224.0000 370.0000 1.7888 0.6878 0.7316 4.1537 1.4885 -0.1605 -0.6800 0.0124
Car 0.0000 0 1.5555 604.4758 164.9882 644.7031 200.2278 1.4981 1.7102 3.8525 0.8352 0.8401 31.9891 1.5832 0.0124
Car 0.0000 0 -1.7914 729.2303 153.9332 761.0953 179.7600 2.0514 1.7225 4.0879 11.5359 -0.0620 58.3404 -1.5954 0.0124
Car 0.0000 0 2.0261 533.9716 160.6179 609.1119 198.7569 1.5053 1.6023 3.9608 -1.3637 0.7221 30.0374 1.9831 0.0124
Car 0.0000 0 2.7905 553.5781 166.3228 610.0883 189.0934 1.5996 1.6796 3.7360 -1.6731 0.6050 51.1384 2.7598 0.0123
Pedestrian 0.0000 0 1.5236 120.4232 174.6662 152.6812 267.9477 1.6452 0.4651 0.6731 -8.5798 1.5439 12.8741 0.9489 0.0122
Car 0.0000 0 -0.9679 1192.3120 158.9218 1224.0000 257.0669 1.4880 1.6132 4.0213 12.3002 1.1625 11.8614 -0.1761 0.0120
Car 0.0000 0 0.1260 0.0000 0.0000 1224.0000 370.0000 1.5744 1.5644 3.4517 12.6147 0.8022 1.1407 1.5826 0.0119
Car 0.0000 0 1.3374 589.5225 163.5276 646.5161 200.1139 1.5567 1.7354 3.8733 0.5048 0.8360 32.1565 1.3548 0.0116
Car 0.0000 0 -0.9432 1173.0271 159.3063 1224.0000 254.6574 1.4903 1.7049 3.9858 12.2914 1.1607 12.2162 -0.1661 0.0115
Car 0.0000 0 -1.1858 1179.8085 161.9001 1224.0000 255.5535 1.4268 1.6050 3.9527 12.0338 1.1451 12.3098 -0.4230 0.0115
Car 0.0000 0 -4.4753 0.0000 0.0000 1224.0000 370.0000 1.4307 1.7470 4.4530 9.8172 1.3659 0.6575 -3.0027 0.0114
Car 0.0000 0 -0.9824 1188.5354 160.7992 1224.0000 255.9164 1.4397 1.6233 3.9956 12.2194 1.1432 11.8798 -0.1947 0.0114
Pedestrian 0.0000 0 2.4274 829.6166 165.7901 871.1506 262.0101 1.6226 0.4625 0.4968 4.1970 1.3762 12.2269 2.7519 0.0114
Car 0.0000 0 -1.8138 729.8618 152.8630 763.6037 178.6405 2.0254 1.7304 4.2893 11.6015 -0.1572 58.0461 -1.6158 0.0114
Car 0.0000 0 1.4116 744.9146 157.3235 774.6077 180.1037 1.8351 1.8350 3.8104 12.8853 -0.0330 58.9770 1.6274 0.0113
Car 0.0000 0 -1.9943 0.0000 0.0000 1224.0000 370.0000 1.6315 1.5937 3.6421 5.3170 1.5737 -0.2490 -0.4360 0.0112
Car 0.0000 0 -2.6483 549.5994 165.4968 609.7513 187.9729 1.5981 1.7043 4.0986 -1.8597 0.5326 51.9409 -2.6821 0.0112
Car 0.0000 0 2.7063 545.5045 165.9354 608.9694 188.2152 1.5462 1.6741 4.2443 -1.9785 0.5367 50.7746 2.6695 0.0110
Car 0.0000 0 1.8251 549.0082 161.7122 610.9185 199.8823 1.4914 1.6321 4.0383 -0.9978 0.7588 29.7701 1.7939 0.0109
Car 0.0000 0 0.4236 0.0000 0.0000 1224.0000 370.0000 1.4859 1.6219 3.8057 17.8749 0.1932 1.7480 1.8803 0.0109
Car 0.0000 0 -3.0742 547.6750 165.6308 605.7798 187.4214 1.5587 1.7351 4.1198 -2.0200 0.4964 51.5007 -3.1113 0.0109
Pedestrian 0.0000 0 2.2085 822.6808 165.1161 866.5346 258.1650 1.6026 0.4889 0.5805 4.2061 1.3393 12.5398 2.5263 0.0109
Car 0.0000 0 -0.0024 0.0000 0.0000 1224.0000 370.0000 1.4641 1.6349 4.0779 -27.9450 1.6478 0.5914 -1.5389 0.0108
Cyclist 0.0000 0 -2.8204 0.0000 0.0000 1224.0000 370.0000 1.7236 0.5418 1.9110 1.7687 1.6394 0.5051 -1.6861 0.0107
Car 0.0000 0 1.3444 742.4236 156.4093 776.2952 179.6140 1.8738 1.8900 4.1483 12.9223 -0.0758 59.3363 1.5596 0.0107
Car 0.0000 0 -0.1042 0.0000 0.0000 1224.0000 370.0000 1.3960 1.6087 3.5945 -27.9839 1.6996 1.2593 -1.6169 0.0107
Car 0.0000 0 -0.9230 1194.8074 157.9066 1224.0000 256.9980 1.5106 1.6125 4.1315 12.4313 1.1678 11.8301 -0.1246 0.0106
Car 0.0000 0 -2.1557 0.0000 183.2922 122.2727 223.3103 1.4294 1.6500 4.2320 -20.7408 1.5431 26.9335 -2.8045 0.0106
Car 0.0000 0 1.3472 741.7396 156.7455 773.6185 179.5440 1.8535 1.7773 4.0279 12.8586 -0.0822 59.6728 1.5602 0.0106
Car 0.0000 0 0.0320 0.0000 0.0000 1224.0000 370.0000 1.4809 1.6476 3.6426 -28.3671 1.7623 1.7145 -1.4655 0.0105
Car 0.0000 0 0.2312 0.0000 0.0000 1224.0000 370.0000 1.5095 1.6366 4.0680 -28.3298 1.5502 0.8395 -1.2970 0.0105
Car 0.0000 0 0.1459 0.0000 0.0000 1224.0000 370.0000 1.4415 1.6114 3.6677 -28.3554 1.6391 1.3267 -1.3651 0.0104
Car 0.0000 0 -1.6398 581.2404 163.4335 608.3781 187.7124 1.7352 1.7303 4.3312 -0.7924 0.5168 52.7571 -1.6529 0.0104
Car 0.0000 0 2.8511 551.4048 165.8665 607.8118 187.9802 1.5560 1.6851 3.7529 -1.8388 0.5276 51.1424 2.8172 0.0104
Car 0.0000 0 2.8791 546.6779 166.0081 607.7225 187.7971 1.5328 1.6861 4.1171 -2.0137 0.5146 51.1475 2.8418 0.0104
Car 0.0000 0 -0.7607 0.0000 0.0000 1224.0000 370.0000 1.5597 1.5597 3.8313 13.8509 0.7513 1.5855 0.6745 0.0104
Cyclist 0.0000 0 -0.3802 254.7269 0.0000 1224.0000 370.0000 1.6661 0.4590 1.8557 -1.0421 1.7283 0.7212 -1.1633 0.0104
Car 0.0000 0 1.8725 549.0131 162.1087 612.3041 200.1226 1.5048 1.5898 3.9208 -0.9823 0.7783 30.0862 1.8421 0.0103
Car 0.0000 0 0.1592 0.0000 0.0000 1224.0000 370.0000 1.5453 1.5807 3.9301 -28.3067 1.5480 1.0032 -1.3631 0.0102
Car 0.0000 0 -1.9919 563.6366 164.9038 606.8070 188.0326 1.6422 1.6710 4.0942 -1.5037 0.5361 52.4035 -2.0186 0.0102
Car 0.0000 0 1.2182 1159.6903 163.5492 1224.0000 260.5075 1.4169 1.5632 3.7805 11.3052 1.1709 12.3730 1.9474 0.0101
Car 0.0000 0 0.3891 0.0000 0.0000 1224.0000 370.0000 1.5563 1.6186 4.1194 -28.6409 1.5521 1.0548 -1.1320 0.0101
Car 0.0000 0 -0.0737 587.8753 167.7582 637.8094 188.9361 1.5200 1.6687 3.5369 0.5544 0.6068 51.6821 -0.0612 0.0101
Car 0.0000 0 -2.0310 562.8869 165.0117 606.9791 188.4085 1.6611 1.6644 3.9902 -1.5210 0.5628 52.3443 -2.0581 0.0101
Car 0.0000 0 -1.9764 562.9771 163.0004 607.1920 188.1851 1.7873 1.7130 4.3279 -1.5213 0.5467 52.4970 -2.0034 0.0101
Car 0.0000 0 1.6594 630.2313 159.8370 665.1855 189.5173 1.6369 1.6650 4.1708 2.5283 0.4987 41.1754 1.7221 0.0101
Car 0.0000 0 -0.1359 555.9573 167.8290 612.9996 189.8539 1.5683 1.6825 3.9621 -1.5087 0.6673 51.4921 -0.1632 0.0101
Cyclist 0.0000 0 0.6632 90.2502 171.9993 199.0524 266.7198 1.6801 0.5259 1.7075 -8.4195 1.5309 12.8805 0.0973 0.0100
Car 0.0000 0 -0.0424 0.0000 0.0000 1224.0000 370.0000 1.4754 1.6145 3.9783 -27.9866 1.5854 0.7976 -1.5716 0.0100
Car 0.0000 0 -3.0202 549.5804 165.7588 606.8571 187.5786 1.5593 1.7176 3.9932 -1.9186 0.5071 51.5499 -3.0553 0.0100
Car 0.0000 0 0.2956 0.0000 0.0000 1224.0000 370.0000 1.4642 1.6277 3.8535 -28.6412 1.6387 1.4817 -1.2106 0.0100
Car 0.0000 0 -0.3094 0.0000 0.0000 1224.0000 370.0000 1.4458 1.6170 3.9908 -27.6333 1.5824 0.7299 -1.8405 0.0100
Car 0.0000 0 -4.5580 0.0000 0.0000 1224.0000 370.0000 1.4577 1.6766 4.2988 9.8406 1.3043 0.6994 -3.0893 0.0098
Car 0.0000 0 1.3158 595.9241 166.5662 654.2166 200.8678 1.4218 1.6946 3.6939 0.8023 0.8457 31.2926 1.3431 0.0098
Car 0.0000 0 0.1589 0.0000 0.0000 1224.0000 370.0000 1.4724 1.5819 3.7609 -28.3237 1.6434 1.0449 -1.3620 0.0098
Car 0.0000 0 -1.9460 0.0000 0.0000 1224.0000 370.0000 1.4289 1.5912 3.8486 13.7927 1.1139 -0.3008 -0.3754 0.0097
Car 0.0000 0 2.9515 0.0000 0.0000 1224.0000 370.0000 1.5025 1.6369 3.8653 -29.0953 1.6882 2.0009 1.4620 0.0097
Car 0.0000 0 -1.5581 0.0000 0.0000 1224.0000 370.0000 1.3569 1.5140 3.8302 14.6506 1.0814 -0.2271 0.0076 0.0097
Car 0.0000 0 -0.3149 583.3176 166.2324 637.7499 187.4984 1.5232 1.6626 3.6676 0.4047 0.5025 51.9816 -0.3053 0.0096
Car 0.0000 0 -0.1902 0.0000 0.0000 1224.0000 370.0000 1.4610 1.6453 4.1431 -27.5811 1.6657 0.5753 -1.7269 0.0096
Pedestrian 0.0000 0 1.8241 264.4982 168.0739 307.1935 271.5666 1.5652 0.4471 0.6852 -5.0303 1.3789 11.0620 1.4099 0.0096
Car 0.0000 0 -2.8764 0.0000 0.0000 1224.0000 370.0000 1.5745 1.6791 3.7056 5.7904 1.5699 -0.2223 -1.3216 0.0095
Pedestrian 0.0000 0 1.7141 268.2499 169.5316 305.1627 271.5119 1.5452 0.4347 0.6489 -5.0261 1.3807 11.0791 1.3008 0.0095
Cyclist 0.0000 0 -1.9272 1220.9967 174.6823 1224.0000 363.8957 1.5449 0.4548 1.9522 6.5406 1.4991 6.7569 -1.1798 0.0095
Car 0.0000 0 -0.2476 0.0000 0.0000 1224.0000 370.0000 1.4362 1.5554 3.8556 -27.6397 1.5786 0.7786 -1.7769 0.0095
Car 0.0000 0 -0.0883 0.0000 0.0000 1224.0000 370.0000 1.4250 1.5704 3.7145 -27.9749 1.6946 0.9983 -1.6103 0.0095
Car 0.0000 0 1.4927 731.0216 159.0190 755.5990 181.6804 1.8325 1.7317 3.6764 11.5442 0.0967 59.0972 1.6864 0.0094
Car 0.0000 0 -1.9658 540.1473 162.7478 606.9832 199.0281 1.5580 1.7036 3.8726 -1.5279 0.7971 32.4731 -2.0105 0.0094
Car 0.0000 0 0.3660 0.0000 0.0000 1224.0000 370.0000 1.4909 1.6091 3.9767 -28.6038 1.6582 1.1772 -1.1508 0.0093
Car 0.0000 0 -2.0734 0.0000 187.0749 116.7372 231.4135 1.5162 1.7178 4.3616 -20.4916 1.7781 26.3308 -2.7272 0.0093
Car 0.0000 0 -0.5139 556.1040 167.9385 613.8334 190.0807 1.5482 1.6941 3.8373 -1.4325 0.6712 51.1457 -0.5399 0.0093
Car 0.0000 0 -4.2630 0.0000 0.0000 1224.0000 370.0000 1.4500 1.6816 3.9373 10.2313 1.3235 0.1057 -2.7327 0.0093
Car 0.0000 0 1.5214 0.0000 0.0000 1224.0000 370.0000 1.4106 1.6912 3.9611 10.1086 1.2201 0.7100 2.9918 0.0093
Car 0.0000 0 3.5371 0.0000 0.0000 1224.0000 370.0000 1.4831 1.5846 3.8859 -7.6726 1.5202 0.2132 2.0379 0.0092
Car 0.0000 0 1.2091 1169.0299 163.6016 1224.0000 258.6519 1.3955 1.4918 3.3132 11.2273 1.1491 12.1899 1.9421 0.0092
Car 0.0000 0 1.9159 548.6226 164.0768 611.9598 200.8558 1.4771 1.5507 3.7104 -1.0151 0.8190 30.3960 1.8847 0.0092
Car 0.0000 0 -0.0401 0.0000 0.0000 1224.0000 370.0000 1.4954 1.5852 3.9264 -27.9738 1.5755 0.9154 -1.5651 0.0092
Car 0.0000 0 -0.2674 562.1009 169.8701 622.0956 191.5905 1.5409 1.6585 4.0785 -0.9433 0.7881 51.5219 -0.2839 0.0092
Car 0.0000 0 -1.6092 587.5801 164.6411 612.5214 187.8303 1.6593 1.7012 4.1404 -0.3967 0.5258 52.6928 -1.6149 0.0091
Pedestrian 0.0000 0 -2.4495 1114.8745 104.3008 1224.0000 370.0000 1.6985 0.5715 0.5850 1.0712 1.6422 0.8635 -1.7136 0.0089
Car 0.0000 0 1.3281 714.1558 158.5494 746.4343 178.1150 1.5769 1.7494 4.0659 10.5305 -0.2068 59.5776 1.5040 0.0089
Cyclist 0.0000 0 -2.1360 1211.7305 154.7017 1224.0000 259.0761 1.5775 0.4562 1.5864 10.6249 1.1892 11.5012 -1.4023 0.0088
Pedestrian 0.0000 0 2.8099 831.9559 168.9086 869.7291 262.0246 1.5831 0.4391 0.4990 4.2063 1.3877 12.2372 3.1348 0.0087
Car 0.0000 0 -0.2625 584.0355 163.9426 639.1515 186.1896 1.5953 1.6611 3.7486 0.4785 0.4093 51.9660 -0.2515 0.0087
Car 0.0000 0 -0.2407 0.0000 0.0000 1224.0000 370.0000 1.4304 1.5465 3.8227 -27.2285 1.6721 0.7622 -1.7700 0.0087
Car 0.0000 0 1.4443 585.2101 162.7180 638.1498 200.4850 1.4609 1.6895 4.1424 0.1834 0.7746 29.5013 1.4523 0.0087
Car 0.0000 0 -0.7547 1198.2799 162.4919 1224.0000 260.2416 1.4653 1.5652 4.0140 12.3017 1.1970 11.4817 0.0529 0.0086
Car 0.0000 0 1.4653 1218.2599 190.8717 1224.0000 370.0000 1.4309 1.5903 3.4029 6.9572 1.5585 6.7530 2.2438 0.0086
Car 0.0000 0 -4.4978 0.0000 0.0000 1224.0000 370.0000 1.4514 1.6598 3.6254 10.1900 1.3480 0.0714 -2.9643 0.0086
Car 0.0000 0 1.3859 592.3064 168.3703 644.8298 202.3833 1.4021 1.6576 3.6549 0.5146 0.9035 31.0801 1.4041 0.0086
Car 0.0000 0 -1.4756 0.0000 0.0000 1224.0000 370.0000 1.7180 1.6771 4.4885 11.1094 0.8084 0.8133 -0.0055 0.0086
Car 0.0000 0 0.6930 0.0000 0.0000 1224.0000 370.0000 1.5589 1.4728 3.8943 -5.2925 1.7366 -0.2519 -0.8627 0.0085
Car 0.0000 0 -0.1883 0.0000 0.0000 1224.0000 370.0000 1.4071 1.5560 3.6807 -27.6219 1.6830 0.8662 -1.7144 0.0085
Car 0.0000 0 2.8223 528.3050 163.7304 623.4846 198.9890 1.4956 1.6418 3.9126 -1.3196 0.7858 31.4433 2.7827 0.0085
Car 0.0000 0 -0.3272 0.0000 0.0000 1224.0000 370.0000 1.4540 1.6600 4.1442 -27.2391 1.7259 0.5862 -1.8630 0.0084
Car 0.0000 0 1.7005 564.7717 162.2510 614.4274 200.1031 1.5029 1.6094 3.9502 -0.6117 0.7798 30.1209 1.6823 0.0084
Car 0.0000 0 3.1666 0.0000 0.0000 1224.0000 370.0000 1.4660 1.6345 4.0897 -29.1035 1.5908 1.4540 1.6585 0.0084
Car 0.0000 0 -0.1810 0.0000 0.0000 1224.0000 370.0000 1.5694 1.4649 3.2430 13.1549 0.8008 1.6220 1.2444 0.0084
Car 0.0000 0 2.9123 0.0000 0.0000 1224.0000 370.0000 1.3974 1.6080 3.4601 -27.5172 1.6691 1.0894 1.3944 0.0084
Car 0.0000 0 1.7191 562.5237 162.5949 615.3036 200.6532 1.4878 1.6257 4.0922 -0.6274 0.7893 29.7693 1.7002 0.0084
Car 0.0000 0 0.4102 588.5191 164.8987 681.9058 200.3018 1.4970 1.6709 3.8031 1.3202 0.8388 31.4758 0.4535 0.0084
Car 0.0000 0 0.1382 553.1480 166.5024 609.1321 188.5915 1.5785 1.6940 3.8837 -1.7088 0.5795 51.5699 0.1071 0.0083
Car 0.0000 0 -0.0976 0.0000 0.0000 1224.0000 370.0000 1.4056 1.5607 3.4148 -28.0447 1.8195 1.6079 -1.5981 0.0082
Car 0.0000 0 -1.6943 580.1968 164.7467 609.8132 188.0593 1.6644 1.6999 4.2183 -0.7781 0.5410 52.6809 -1.7071 0.0082
Car 0.0000 0 1.4617 596.1146 165.8738 643.6090 201.6758 1.4475 1.6458 3.7213 0.5608 0.8576 30.5080 1.4818 0.0082
Car 0.0000 0 -3.3228 0.0000 0.0000 1224.0000 370.0000 1.3911 1.5874 3.6639 14.0877 1.1075 -0.2170 -1.7581 0.0081
Car 0.0000 0 0.5572 554.5229 166.1306 611.5433 188.4931 1.5917 1.6346 3.9227 -1.6205 0.5702 52.0157 0.5281 0.0081
Pedestrian 0.0000 0 2.7091 671.4721 177.9277 707.2632 245.9859 1.3826 0.4097 0.6215 1.7049 1.3320 14.6506 2.8242 0.0080
Car 0.0000 0 1.1893 0.0000 0.0000 1224.0000 370.0000 1.4775 1.6395 3.6291 9.9923 1.4361 -0.1509 2.7443 0.0080
Car 0.0000 0 1.6227 577.2849 162.9935 620.9843 200.4884 1.4874 1.6481 3.9258 -0.2113 0.7944 30.0420 1.6177 0.0080
Car 0.0000 0 -0.8105 1203.0940 161.4949 1224.0000 258.9380 1.4695 1.5859 3.8858 12.2619 1.1845 11.4570 -0.0034 0.0079
Car 0.0000 0 0.2711 558.6434 166.6743 656.6443 201.1593 1.4954 1.8230 4.1106 0.1231 0.8974 32.0943 0.2768 0.0079
Car 0.0000 0 0.5571 556.1736 167.5761 613.0513 189.0853 1.5324 1.6416 3.9109 -1.5055 0.6129 52.0640 0.5302 0.0078
Car 0.0000 0 1.4776 595.2465 162.4348 644.3710 199.7165 1.4617 1.6889 4.0766 0.5343 0.7549 29.8113 1.4972 0.0078
Car 0.0000 0 1.4853 595.8649 162.7354 643.4274 199.5466 1.4613 1.6879 3.8700 0.5381 0.7576 30.0489 1.5049 0.0078
Car 0.0000 0 1.3777 592.7429 167.2403 647.2560 201.7162 1.4348 1.7243 3.7638 0.5814 0.8845 31.4235 1.3978 0.0078
Car 0.0000 0 -1.6208 587.9794 166.9740 612.2566 188.6983 1.5585 1.6188 3.8606 -0.3882 0.5894 52.6905 -1.6263 0.0078
Car 0.0000 0 3.3099 0.0000 0.0000 1224.0000 370.0000 1.5157 1.5184 3.7839 -7.3892 1.5108 0.1405 1.8035 0.0077
Car 0.0000 0 -0.1622 0.0000 0.0000 1224.0000 370.0000 1.4198 1.5303 3.6556 -27.1896 1.7732 0.7613 -1.6915 0.0077
Car 0.0000 0 -1.8090 572.1132 165.2514 608.0491 188.5443 1.6579 1.7255 4.2166 -1.1479 0.5738 52.5779 -1.8289 0.0077
Car 0.0000 0 0.5160 590.3638 165.4722 684.3150 201.2686 1.4835 1.6929 3.7733 1.3796 0.8622 31.0182 0.5619 0.0077
Car 0.0000 0 -0.3343 0.0000 0.0000 1224.0000 370.0000 1.4422 1.6585 4.0328 -27.2006 1.6719 0.7271 -1.8649 0.0077
Car 0.0000 0 1.0163 596.1802 163.7298 679.4000 200.9839 1.5008 1.7031 4.0856 1.3219 0.8267 30.6772 1.0608 0.0077
Car 0.0000 0 -1.6595 581.8905 166.8912 608.5626 189.2579 1.5987 1.6385 3.9730 -0.7549 0.6273 52.5913 -1.6720 0.0077
Car 0.0000 0 1.6272 575.3524 162.6999 621.5284 200.4680 1.4598 1.6850 4.0715 -0.2301 0.7733 29.4002 1.6214 0.0077
Pedestrian 0.0000 0 1.2083 100.7061 171.3204 147.0354 266.5564 1.6488 0.4774 0.6860 -8.6418 1.4915 12.6297 0.6217 0.0076
Car 0.0000 0 1.4375 744.7077 157.7067 772.5019 180.5177 1.8388 1.7748 3.7737 12.7838 0.0027 58.9419 1.6517 0.0076
Car 0.0000 0 1.3997 579.6050 169.4725 608.5837 191.2928 1.5433 1.5121 3.7654 -0.8300 0.7647 51.9937 1.3856 0.0076
Car 0.0000 0 -1.7506 578.9902 167.9849 609.9792 189.9132 1.5681 1.6521 3.7976 -0.8115 0.6744 52.5792 -1.7641 0.0075
Car 0.0000 0 1.1829 592.9479 162.3124 666.1157 200.4185 1.5131 1.7298 4.0144 0.9469 0.7924 30.2538 1.2158 0.0075
Pedestrian 0.0000 0 0.4462 44.8988 165.9438 89.4143 249.6173 1.6913 0.4619 0.5874 -11.1194 1.3987 14.5697 -0.1933 0.0075
Car 0.0000 0 1.4063 592.9288 168.9743 643.3145 202.6535 1.3882 1.6301 3.6517 0.4964 0.9146 31.0631 1.4239 0.0075
Car 0.0000 0 -1.8195 547.8061 164.0351 603.9086 200.5739 1.5822 1.6888 3.8649 -1.4300 0.8707 32.7045 -1.8610 0.0075
Car 0.0000 0 -2.0769 561.3915 165.1226 606.7961 188.4391 1.6488 1.6450 3.9320 -1.5744 0.5627 52.1026 -2.1051 0.0075
Car 0.0000 0 0.1915 0.0000 0.0000 1224.0000 370.0000 1.5049 1.6564 3.7161 -28.6853 1.7414 1.8809 -1.3010 0.0074
Car 0.0000 0 1.2482 593.6093 162.2042 662.7087 199.1104 1.4454 1.7014 4.0864 0.8738 0.7304 29.8876 1.2791 0.0074
Car 0.0000 0 1.2200 594.8036 159.6612 667.3080 198.6768 1.5317 1.7343 4.1772 0.9966 0.7151 30.0073 1.2548 0.0074
Car 0.0000 0 1.6110 611.9858 165.1411 652.5677 200.3386 1.4697 1.6492 3.8446 1.2490 0.8299 31.5021 1.6521 0.0074
Car 0.0000 0 -2.7343 578.4313 165.7952 671.7462 201.6420 1.5277 1.7697 3.7963 0.8824 0.9025 31.7321 -2.7049 0.0073
Car 0.0000 0 1.7129 716.9932 157.5298 745.6390 178.6833 1.6876 1.7972 4.0316 10.5865 -0.1560 58.9771 1.8914 0.0073
Car 0.0000 0 1.5698 0.0000 0.0000 1224.0000 370.0000 1.4295 1.6479 3.9952 10.2193 1.2426 0.7556 3.0368 0.0073
Car 0.0000 0 -1.8181 0.0000 0.0000 1224.0000 370.0000 1.4559 1.4622 3.5265 13.0717 1.0505 -0.2807 -0.2492 0.0073
Car 0.0000 0 -1.2428 0.0000 0.0000 1224.0000 370.0000 1.6164 1.6937 4.1568 12.6350 0.9645 1.1587 0.2126 0.0072
Cyclist 0.0000 0 -1.9135 1211.6249 174.8410 1224.0000 360.3886 1.5657 0.4373 1.9082 6.5597 1.5197 6.9262 -1.1764 0.0072
Car 0.0000 0 -1.1980 1195.1957 156.5286 1224.0000 256.0461 1.4697 1.6683 3.8110 12.0215 1.1174 11.9792 -0.4225 0.0071
Car 0.0000 0 1.5008 595.8144 167.0409 638.8168 201.7345 1.4224 1.6140 3.7412 0.4624 0.8721 30.8937 1.5175 0.0071
Car 0.0000 0 1.0666 589.9235 165.3497 665.0526 200.7507 1.4362 1.6631 3.7260 0.8887 0.8231 30.7171 1.0971 0.0071
Car 0.0000 0 -1.5654 563.3064 164.1237 602.7191 200.3745 1.5883 1.7272 3.9633 -1.0306 0.8722 32.9745 -1.5945 0.0070
Car 0.0000 0 -1.8534 572.0195 166.5689 608.6346 189.1954 1.6102 1.6779 3.9605 -1.1234 0.6201 52.4523 -1.8729 0.0070
Car 0.0000 0 1.4861 746.4899 157.5585 771.4859 180.3704 1.8282 1.7123 3.7408 12.7549 -0.0099 58.6475 1.7010 0.0069
Car 0.0000 0 -1.4971 0.0000 0.0000 1224.0000 370.0000 1.7118 1.6936 4.7919 11.0299 1.0044 0.9058 -0.0360 0.0069
Car 0.0000 0 1.4175 575.4786 167.5236 604.1819 189.3035 1.5440 1.5701 3.6816 -1.1441 0.6254 52.0686 1.3974 0.0069
Car 0.0000 0 0.0622 590.9158 163.4222 682.2512 198.5946 1.5303 1.7278 4.0058 1.4435 0.7888 31.8352 0.1089 0.0068
Car 0.0000 0 -1.0784 593.8797 162.2780 666.6700 198.5426 1.5567 1.6991 3.8870 1.2061 0.7760 32.4525 -1.0397 0.0068
Car 0.0000 0 0.0473 0.0000 0.0000 1224.0000 370.0000 1.4540 1.5894 3.9021 -26.6078 1.7310 1.0895 -1.4688 0.0068
Car 0.0000 0 -1.8064 572.9565 166.3752 607.4901 188.7948 1.5965 1.6731 4.0127 -1.1317 0.5920 52.4956 -1.8260 0.0068
Car 0.0000 0 3.1100 532.2135 165.8322 623.1277 199.0854 1.4531 1.6493 3.9896 -1.2678 0.8136 31.8512 3.0725 0.0068
Car 0.0000 0 1.5701 587.4667 164.8982 630.1112 201.3694 1.4333 1.6761 4.0285 0.1360 0.8217 29.8005 1.5765 0.0068
Car 0.0000 0 -1.6328 562.6566 163.9655 605.2407 200.6421 1.5957 1.7298 3.9024 -1.0501 0.8778 32.7795 -1.6627 0.0068
Car 0.0000 0 -1.3985 1186.9851 164.2285 1224.0000 255.9823 1.3989 1.5821 3.6803 11.8038 1.1525 12.5215 -0.6536 0.0068
Car 0.0000 0 1.8708 34.8272 196.1443 120.7821 239.1488 1.3706 1.5208 3.5245 -19.1772 1.9861 25.8345 1.2397 0.0068
Car 0.0000 0 1.1011 590.1618 166.9954 662.9881 201.7433 1.4223 1.6761 3.7306 0.8568 0.8710 30.9801 1.1303 0.0068
Car 0.0000 0 3.1051 520.9264 163.5429 618.7617 198.5241 1.5247 1.6740 4.2873 -1.6200 0.7871 31.8284 3.0567 0.0067
Car 0.0000 0 -1.3526 596.7795 163.5118 649.3730 198.8007 1.5323 1.6429 3.8149 0.8807 0.7961 32.7466 -1.3241 0.0067
Car 0.0000 0 -1.0067 594.3012 161.8620 669.9900 197.9065 1.5452 1.6873 3.7994 1.2816 0.7477 32.3476 -0.9656 0.0067
Car 0.0000 0 1.5856 588.2250 164.7488 629.6526 201.3542 1.4528 1.6454 3.7972 0.1745 0.8292 29.9727 1.5932 0.0067
Car 0.0000 0 -4.2564 0.0000 0.0000 1224.0000 370.0000 1.4483 1.6623 3.6442 10.1807 1.2002 0.2718 -2.7426 0.0067
Car 0.0000 0 1.8241 727.9998 157.7061 763.2020 180.5785 1.8488 1.8420 4.4819 11.9028 0.0076 59.5642 2.0221 0.0067
Car 0.0000 0 -3.1103 580.4435 164.6851 669.5828 200.4617 1.5776 1.8012 3.9462 0.9136 0.8817 32.1928 -3.0803 0.0066
Car 0.0000 0 -0.0866 0.0000 0.0000 1224.0000 370.0000 1.4293 1.5589 3.8114 -26.6557 1.6383 0.9163 -1.6093 0.0066
Car 0.0000 0 0.2215 549.7761 167.0763 643.0315 201.6332 1.5353 1.6445 4.0417 -0.3899 0.9404 32.6355 0.2115 0.0066
Car 0.0000 0 -4.1278 0.0000 0.0000 1224.0000 370.0000 1.4364 1.4689 3.5933 15.3248 0.8840 -0.1971 -2.5639 0.0066
Car 0.0000 0 1.4412 586.8543 168.1398 614.0108 189.4667 1.5203 1.5361 3.7795 -0.3647 0.6405 52.3716 1.4361 0.0066
Car 0.0000 0 0.0248 0.0000 0.0000 1224.0000 370.0000 1.5798 1.4539 3.2190 12.7233 0.7317 1.3832 1.4636 0.0066
Pedestrian 0.0000 0 0.2210 46.2417 164.4761 87.6510 249.2479 1.7063 0.4702 0.5872 -11.1161 1.3854 14.5608 -0.4187 0.0065
Car 0.0000 0 1.9916 548.6668 165.1035 614.2706 200.4938 1.4420 1.5313 3.5419 -0.9811 0.8162 30.7334 1.9620 0.0065
Car 0.0000 0 1.6721 573.8731 163.7007 622.8163 201.1440 1.4641 1.6527 4.0011 -0.2354 0.8087 29.7127 1.6661 0.0065
Car 0.0000 0 2.0001 699.7675 163.3147 777.5612 203.2413 1.4659 1.5718 3.8324 5.3256 0.8365 27.9715 2.1880 0.0064
Car 0.0000 0 1.5995 742.7569 155.2040 766.0438 181.0428 2.0413 1.7534 4.0438 12.3055 0.0441 58.0240 1.8092 0.0064
Pedestrian 0.0000 0 -0.2416 640.3196 166.1273 685.9929 269.4015 1.7603 0.3762 0.7214 0.9628 1.5170 12.2912 -0.1637 0.0063
Car 0.0000 0 0.9722 594.2024 159.3341 686.2305 199.7032 1.5959 1.7982 4.3298 1.3970 0.7607 30.2617 1.0198 0.0063
Car 0.0000 0 -1.4377 565.4813 164.9697 613.0574 200.7649 1.5664 1.7165 3.8236 -0.6899 0.8883 32.9323 -1.4567 0.0062
Car 0.0000 0 0.4529 581.9985 166.9908 670.2853 200.8935 1.4362 1.6417 3.5747 0.9162 0.8654 31.5058 0.4836 0.0061
Car 0.0000 0 -1.3615 562.7227 163.8316 616.7299 200.0118 1.5829 1.7244 3.9932 -0.6630 0.8551 33.0526 -1.3795 0.0061
Car 0.0000 0 -1.3739 788.4669 150.2705 828.2742 180.3307 1.9176 1.7480 4.3663 13.6990 -0.0106 47.4671 -1.0928 0.0061
Pedestrian 0.0000 0 0.8647 96.8821 170.4343 153.3490 265.8430 1.6619 0.4754 0.7352 -8.6219 1.4882 12.6410 0.2796 0.0061
Car 0.0000 0 -1.5080 596.2830 164.5405 636.7161 199.8533 1.5429 1.6436 3.6443 0.5652 0.8470 32.7701 -1.4890 0.0060
Car 0.0000 0 -1.3098 596.1403 163.0466 651.6382 198.6874 1.5443 1.6649 3.6705 0.9134 0.7895 32.6289 -1.2803 0.0060
Cyclist 0.0000 0 -1.6863 746.8439 158.9667 755.2604 180.5140 1.7645 0.4738 1.8626 12.1668 0.0024 58.8453 -1.4816 0.0060
Car 0.0000 0 -0.2155 0.0000 0.0000 1224.0000 370.0000 1.4145 1.6158 3.8021 -26.7761 1.6572 0.7376 -1.7451 0.0060
Car 0.0000 0 3.2613 0.0000 0.0000 1224.0000 370.0000 1.4492 1.5621 4.2770 -23.6797 1.9542 1.1611 1.7547 0.0059
Car 0.0000 0 1.7460 560.8372 162.6953 618.5406 200.4683 1.4548 1.6953 4.1269 -0.5813 0.7706 29.3982 1.7284 0.0059
Car 0.0000 0 -4.1618 0.0000 0.0000 1224.0000 370.0000 1.4248 1.4682 3.6926 14.9352 0.9836 -0.2413 -2.5951 0.0059
Car 0.0000 0 -3.0916 0.0000 0.0000 1224.0000 370.0000 1.5227 1.7293 3.6614 5.8773 1.6195 -0.0806 -1.5605 0.0059
Car 0.0000 0 3.2784 0.0000 0.0000 1224.0000 370.0000 1.5112 1.7104 3.8112 -26.6370 1.6845 1.4201 1.7745 0.0059
Car 0.0000 0 -2.5394 580.8756 166.4495 673.0547 201.7214 1.4757 1.6701 3.8128 0.9256 0.8893 31.3774 -2.5084 0.0059
Car 0.0000 0 0.2996 539.3751 167.1107 645.0670 201.8502 1.5123 1.7768 4.4977 -0.5849 0.9309 32.2570 0.2834 0.0059
Car 0.0000 0 -2.7968 570.7427 166.8017 661.9902 201.3747 1.4845 1.7628 3.7331 0.5034 0.8978 31.8410 -2.7793 0.0058
Car 0.0000 0 2.9406 0.0000 0.0000 1224.0000 370.0000 1.5035 1.6894 4.0207 -26.1989 1.8076 1.3169 1.4339 0.0058
Car 0.0000 0 -1.7998 0.0000 0.0000 1224.0000 370.0000 1.4261 1.4738 3.8706 13.3831 1.0753 -0.2879 -0.2302 0.0058
Pedestrian 0.0000 0 3.0069 670.6583 174.7376 702.5117 245.8650 1.4796 0.3944 0.6185 1.6754 1.3614 14.9078 3.1183 0.0058
Car 0.0000 0 -0.7635 1206.3851 157.1836 1224.0000 256.3272 1.4618 1.6520 3.4729 12.0480 1.1196 11.3159 0.0409 0.0058
Cyclist 0.0000 0 -1.6402 746.8395 160.1126 752.8265 180.0501 1.6514 0.3798 1.6401 12.1889 -0.0372 59.4344 -1.4371 0.0057
Car 0.0000 0 -0.1989 587.8663 163.7598 680.1376 198.4864 1.5292 1.7432 3.9443 1.2708 0.7935 32.3015 -0.1581 0.0057
Pedestrian 0.0000 0 1.4282 70.9423 175.7874 107.2006 263.8556 1.5613 0.4685 0.5294 -9.4490 1.4794 12.8833 0.8089 0.0057
Car 0.0000 0 0.7191 0.0000 187.9739 118.3414 229.6385 1.4510 1.6730 3.8863 -20.3497 1.7366 25.9144 0.0610 0.0057
Car 0.0000 0 0.2807 535.1113 167.3078 631.9969 201.4895 1.4885 1.7348 4.0808 -0.9710 0.9155 32.1350 0.2526 0.0057
Car 0.0000 0 -2.9305 0.0000 0.0000 1224.0000 370.0000 1.6097 1.7311 3.6051 20.7763 0.3522 -0.1031 -1.3690 0.0057
Car 0.0000 0 2.9616 0.0000 0.0000 1224.0000 370.0000 1.5045 1.6874 4.1681 -26.1490 1.8128 1.2295 1.4517 0.0057
Car 0.0000 0 -0.2651 0.0000 0.0000 1224.0000 370.0000 1.5245 1.5139 3.4266 13.6504 0.7539 1.7570 1.1559 0.0056
Car 0.0000 0 2.0147 549.0685 165.4663 616.1502 200.7991 1.4622 1.6347 3.4311 -0.9480 0.8416 31.1557 1.9865 0.0056
Car 0.0000 0 3.0696 0.0000 0.0000 1224.0000 370.0000 1.4982 1.6886 3.9771 -26.3061 1.8786 1.3643 1.5645 0.0056
Car 0.0000 0 0.7020 583.0370 161.5836 684.5988 199.9673 1.5321 1.6874 4.2604 1.1545 0.7786 30.2788 0.7416 0.0056
Car 0.0000 0 -1.3125 788.4838 152.1472 831.0630 179.9069 1.7640 1.7247 4.1743 13.7284 -0.0402 47.2539 -1.0297 0.0056
Pedestrian 0.0000 0 1.3565 81.6400 172.4949 122.1077 265.8057 1.6144 0.4545 0.7147 -9.0425 1.4775 12.6376 0.7491 0.0056
Car 0.0000 0 4.1791 0.0000 0.0000 1224.0000 370.0000 1.4241 1.5562 3.8186 -7.9917 1.5462 -0.2729 2.6163 0.0055
Car 0.0000 0 1.7025 557.1454 165.5210 607.3526 201.7715 1.5256 1.7442 3.9615 -0.9761 0.8967 31.8106 1.6740 0.0055
Car 0.0000 0 -1.1994 592.9871 162.9243 656.3091 198.1305 1.5176 1.6785 3.6957 0.9465 0.7615 32.5019 -1.1687 0.0055
Car 0.0000 0 1.6859 565.8580 164.9735 611.6544 200.7424 1.4475 1.5628 3.6141 -0.6654 0.8207 30.4811 1.6662 0.0055
Car 0.0000 0 0.8011 130.2567 193.7296 257.0024 234.7049 1.4129 1.7774 4.1342 -15.5510 1.9412 26.7227 0.2808 0.0054
Car 0.0000 0 0.1822 0.0000 0.0000 1224.0000 370.0000 1.4968 1.3864 3.3173 -7.5081 1.5650 0.4476 -1.2846 0.0054
Car 0.0000 0 -3.0288 0.0000 0.0000 1224.0000 370.0000 1.4882 1.7104 3.5334 20.7036 -0.0074 0.5283 -1.4979 0.0054
Car 0.0000 0 -1.5671 794.3030 148.3660 823.0446 180.0555 2.0237 1.7756 4.6318 13.7418 -0.0302 47.6888 -1.2864 0.0053
Car 0.0000 0 1.4667 674.9242 163.6036 726.5693 203.5952 1.5179 1.6430 4.3097 3.8265 0.8781 29.0072 1.5983 0.0053
Car 0.0000 0 -2.5791 537.4134 166.2295 631.2979 201.3981 1.5357 1.6976 4.0503 -0.9909 0.9140 32.6311 -2.6074 0.0053
Car 0.0000 0 0.1987 585.3893 166.4441 672.3430 199.3742 1.4236 1.7016 3.6459 1.0797 0.8174 31.8115 0.2341 0.0053
Car 0.0000 0 1.2230 0.0000 0.0000 1224.0000 370.0000 1.5363 1.3975 3.6945 -5.2421 1.7624 -0.1496 -0.3132 0.0053
Car 0.0000 0 1.5608 47.0259 194.1849 104.3425 237.4173 1.4062 1.6158 4.3218 -19.9377 1.9655 26.6044 0.9249 0.0052
Car 0.0000 0 1.9536 550.0322 164.2218 613.3242 200.5162 1.4884 1.5545 3.5296 -0.9781 0.8223 30.9144 1.9242 0.0052
Car 0.0000 0 -0.1667 0.0000 0.0000 1224.0000 370.0000 1.4331 1.6431 4.1537 -26.3763 1.7533 0.9483 -1.6877 0.0052
Car 0.0000 0 1.7032 585.4790 167.3454 633.4631 202.2224 1.4139 1.6053 3.6183 0.2295 0.8821 30.5636 1.7125 0.0051
Car 0.0000 0 -1.4262 0.0000 0.0000 1224.0000 370.0000 1.6563 1.5993 4.2156 11.9619 0.8255 0.8101 0.0514 0.0051
Car 0.0000 0 -2.8774 526.1062 165.2908 622.2288 199.5480 1.4988 1.6924 4.0737 -1.3977 0.8348 32.2051 -2.9185 0.0051
Car 0.0000 0 1.3834 38.2186 195.6987 113.4232 237.9054 1.3866 1.5589 4.0192 -19.9464 2.0007 26.5549 0.7465 0.0051
Car 0.0000 0 1.6275 0.0000 0.0000 1224.0000 370.0000 1.4633 1.5488 4.0077 10.4799 1.1268 0.7722 3.0955 0.0050
Car 0.0000 0 -2.7185 0.0000 0.0000 1224.0000 370.0000 1.6212 1.6838 3.9991 21.1055 -0.1528 1.5339 -1.2343 0.0050
Car 0.0000 0 -1.5717 829.7066 145.6221 863.5021 179.0155 1.7897 1.7350 4.1633 13.7650 -0.0881 40.3406 -1.2434 0.0050
Car 0.0000 0 -4.1061 0.0000 0.0000 1224.0000 370.0000 1.5488 1.7117 4.3722 18.6425 0.0518 1.7130 -2.6429 0.0050
Car 0.0000 0 -2.6532 575.1326 157.1746 690.4147 196.7107 1.5652 1.7324 4.5936 1.1195 0.6433 29.8909 -2.6142 0.0050
Car 0.0000 0 -4.4960 0.0000 0.0000 1224.0000 370.0000 1.5010 1.6149 3.5935 19.7878 0.0493 0.9699 -2.9893 0.0049
Car 0.0000 0 -3.0856 0.0000 0.0000 1224.0000 370.0000 1.5724 1.6787 3.5843 5.8627 1.5918 -0.2817 -1.5204 0.0049
Car 0.0000 0 1.4283 0.0000 0.0000 1224.0000 370.0000 1.3792 1.5304 3.7056 9.3266 1.5688 -0.0628 2.9727 0.0049
Car 0.0000 0 1.4583 0.0000 0.0000 1224.0000 370.0000 1.5097 1.5946 3.5331 10.1482 1.4294 -0.0547 3.0041 0.0048
Car 0.0000 0 1.6612 694.6841 164.6666 741.8407 203.1722 1.4440 1.5532 3.6334 4.5891 0.8518 28.4630 1.8212 0.0048
Car 0.0000 0 -3.0582 636.1150 160.3155 709.1279 189.4645 1.6369 1.6632 4.0780 3.9266 0.5048 40.8843 -2.9613 0.0048
Car 0.0000 0 1.6194 575.6514 165.8783 619.0477 202.1302 1.4576 1.6737 3.8064 -0.2923 0.8712 30.3601 1.6117 0.0048
Car 0.0000 0 1.0937 1069.1938 172.5035 1206.4055 228.3257 1.4440 1.5634 3.7299 15.0374 1.2387 20.2485 1.7265 0.0048
Pedestrian 0.0000 0 1.4078 70.4951 176.5488 108.2194 265.5656 1.5755 0.4768 0.5538 -9.4366 1.5072 12.8735 0.7888 0.0048
Car 0.0000 0 -0.1801 0.0000 0.0000 1224.0000 370.0000 1.4413 1.6470 4.1829 -26.2969 1.7340 1.1909 -1.6918 0.0048
Car 0.0000 0 1.6326 47.2223 194.6260 110.0061 239.2019 1.4124 1.5706 3.8096 -19.0817 1.9682 25.7105 1.0015 0.0047
Car 0.0000 0 1.0203 596.5189 158.6044 684.4236 197.4798 1.5264 1.7492 4.2646 1.3962 0.6682 30.0462 1.0682 0.0047
Car 0.0000 0 1.8397 39.7660 196.1933 122.9813 240.1003 1.3895 1.4899 3.6707 -18.9951 2.0069 25.7649 1.2118 0.0047
Car 0.0000 0 0.2082 0.0000 0.0000 1224.0000 370.0000 1.4833 1.3491 3.4129 -7.6051 1.5425 0.0917 -1.3064 0.0047
Car 0.0000 0 1.5322 689.0588 164.2742 732.0486 202.6840 1.4519 1.5669 3.7291 4.1972 0.8401 28.6602 1.6779 0.0047
Car 0.0000 0 1.5880 48.0350 195.4693 105.1665 238.3519 1.3899 1.6114 4.0921 -19.7801 1.9986 26.5380 0.9547 0.0047
Car 0.0000 0 1.3557 36.0406 196.0725 115.0256 238.7000 1.3955 1.5438 4.1233 -19.9134 2.0233 26.4947 0.7184 0.0047
Pedestrian 0.0000 0 -0.2921 827.8924 155.5193 845.6388 187.9812 1.7595 0.7713 0.7308 12.6760 0.4069 38.7120 0.0238 0.0046
Car 0.0000 0 2.1581 0.0000 177.7711 12.1542 231.1332 1.5817 1.6324 3.9932 -21.6155 1.5024 23.0530 1.4135 0.0046
Car 0.0000 0 2.8087 0.0000 0.0000 1224.0000 370.0000 1.5621 1.7172 4.2364 -19.8094 1.5986 2.1216 1.3623 0.0046
Car 0.0000 0 3.4394 0.0000 0.0000 1224.0000 370.0000 1.4925 1.6899 3.5580 -26.5125 1.8280 1.7604 1.9486 0.0046
Car 0.0000 0 1.6720 570.7704 166.3226 620.7345 203.2743 1.4880 1.7529 4.0271 -0.3524 0.9186 30.5525 1.6624 0.0046
Car 0.0000 0 1.6754 586.2931 167.9937 634.5257 203.6581 1.4421 1.6823 3.9240 0.2769 0.9379 30.6299 1.6862 0.0046
Car 0.0000 0 -4.2360 0.0000 0.0000 1224.0000 370.0000 1.5104 1.6693 4.0707 19.0691 0.0313 1.3165 -2.7497 0.0045
Car 0.0000 0 1.6770 44.7800 194.3654 111.2668 236.4149 1.3894 1.6164 3.4731 -19.7074 1.9485 26.5221 1.0452 0.0045
Car 0.0000 0 -0.2120 0.0000 0.0000 1224.0000 370.0000 1.5518 1.5116 3.5760 13.4109 0.7729 1.6528 1.2138 0.0045
Car 0.0000 0 -2.9877 0.0000 0.0000 1224.0000 370.0000 1.5871 1.7138 4.1650 18.6764 0.0313 1.7868 -1.5282 0.0045
Car 0.0000 0 0.9950 596.5962 157.5602 685.8214 198.4925 1.6121 1.7728 4.2235 1.4340 0.7101 30.1133 1.0440 0.0045
Car 0.0000 0 2.9376 569.6301 162.5536 680.9578 200.2536 1.4604 1.6980 4.2431 0.7609 0.7667 28.5913 2.9658 0.0045
Car 0.0000 0 1.0981 160.6304 201.3133 253.0470 244.9458 1.4683 1.6729 3.5245 -15.2864 2.3159 27.0623 0.5903 0.0044
Car 0.0000 0 -1.1892 0.0000 0.0000 1224.0000 370.0000 1.5907 1.7041 4.5023 11.8352 0.9896 1.1838 0.2563 0.0044
Car 0.0000 0 2.6565 0.0000 0.0000 1224.0000 370.0000 1.5214 1.6212 4.0388 -19.4617 1.6147 2.1163 1.2120 0.0044
Car 0.0000 0 2.1517 0.0000 175.7737 13.8971 229.9640 1.6100 1.6391 4.0535 -21.6363 1.4712 23.1345 1.4083 0.0044
Car 0.0000 0 -3.0133 563.4202 161.2079 670.2674 198.7404 1.4830 1.6101 4.2158 0.5006 0.7222 29.0381 -2.9943 0.0044
Pedestrian 0.0000 0 -0.6196 827.5648 155.5506 845.4327 187.0818 1.7079 0.7014 0.6413 12.6674 0.3579 38.7243 -0.3040 0.0044
Car 0.0000 0 1.3014 0.0000 0.0000 1224.0000 370.0000 1.5261 1.4391 3.7099 -5.0791 1.7379 -0.1904 -0.2417 0.0043
Car 0.0000 0 2.0643 593.8385 162.6153 677.9734 202.6219 1.4279 1.5789 3.9087 1.2446 0.7911 27.3121 2.1112 0.0043
Car 0.0000 0 -0.0585 595.9981 166.3465 694.9117 202.1604 1.4310 1.6570 3.9536 1.5912 0.8670 29.0800 -0.0026 0.0043
Car 0.0000 0 0.2607 535.7360 165.7829 630.5479 200.3241 1.5097 1.7179 4.0078 -0.9889 0.8679 32.1942 0.2321 0.0043
Car 0.0000 0 -4.2855 0.0000 0.0000 1224.0000 370.0000 1.3873 1.4216 3.5788 15.0071 0.9867 -0.0386 -2.7324 0.0043
Car 0.0000 0 4.4474 0.0000 0.0000 1224.0000 370.0000 1.4928 1.5581 3.4068 -7.9203 1.4963 -0.0039 2.9187 0.0042
Car 0.0000 0 -4.4589 0.0000 0.0000 1224.0000 370.0000 1.4987 1.6490 3.6671 19.9488 0.0537 0.7147 -2.9389 0.0042
Car 0.0000 0 -2.7847 0.0000 0.0000 1224.0000 370.0000 1.5083 1.4131 3.1149 12.4476 0.7537 1.4586 -1.3548 0.0042
Car 0.0000 0 0.4855 582.1253 166.0082 677.5955 201.2852 1.4662 1.6809 3.8538 1.0570 0.8654 31.0697 0.5210 0.0042
Car 0.0000 0 -2.3940 0.0000 0.0000 1224.0000 370.0000 1.4804 1.4329 3.2473 11.7466 0.8275 1.3129 -0.9602 0.0042
Car 0.0000 0 -1.4981 597.2817 165.6483 638.3802 200.1962 1.5129 1.6418 3.6955 0.6302 0.8640 32.8747 -1.4773 0.0042
Car 0.0000 0 1.5295 736.9120 158.2153 763.6126 181.7171 1.8881 2.0112 4.0637 12.0909 0.0990 58.9666 1.7325 0.0042
Car 0.0000 0 -1.3778 563.2198 164.5724 616.8784 201.6279 1.6237 1.7674 4.0135 -0.6485 0.9273 33.1070 -1.3954 0.0042
Car 0.0000 0 -3.0173 552.5713 166.2721 645.7134 200.3703 1.4868 1.7770 4.0179 -0.2412 0.8679 31.9457 -3.0229 0.0042
Car 0.0000 0 -2.8984 0.0000 0.0000 1224.0000 370.0000 1.5676 1.7212 3.5202 20.3405 0.3308 -0.1593 -1.3344 0.0042
Car 0.0000 0 4.3811 0.0000 0.0000 1224.0000 370.0000 1.4536 1.5441 4.3024 -8.8680 1.5259 -0.3159 2.8129 0.0042
Car 0.0000 0 1.0856 683.0423 159.1104 773.9355 202.3799 1.5449 1.7369 4.1281 4.6653 0.7827 27.4708 1.2538 0.0041
Car 0.0000 0 1.2418 571.4248 170.1132 609.3812 193.2508 1.6110 1.6817 3.5783 -1.0883 0.8891 51.1920 1.2224 0.0041
Car 0.0000 0 -0.4559 578.9719 164.3423 672.7491 200.4992 1.5894 1.7717 3.9603 0.9477 0.8806 32.7007 -0.4254 0.0041
Cyclist 0.0000 0 0.3468 107.1406 171.6750 215.3520 269.7943 1.7372 0.4435 1.6202 -8.1095 1.5826 12.8928 -0.2019 0.0041
Car 0.0000 0 1.9355 598.2341 162.4318 675.6746 203.3256 1.4385 1.6059 4.0733 1.2821 0.8045 27.0546 1.9842 0.0041
Car 0.0000 0 -2.5907 0.0000 0.0000 1224.0000 370.0000 1.5892 1.6632 3.8589 21.0945 -0.1533 1.2284 -1.0921 0.0040
Car 0.0000 0 2.9976 547.8465 167.2582 641.5895 201.2646 1.4658 1.8951 3.9735 -0.5218 0.8965 31.7209 2.9831 0.0040
Car 0.0000 0 -0.2412 605.7991 158.4030 681.5065 187.7780 1.6294 1.6792 4.0363 2.1774 0.4051 40.4124 -0.1859 0.0040
Car 0.0000 0 1.8165 559.6461 166.8643 615.7485 201.6233 1.4307 1.6092 3.6904 -0.7164 0.8709 31.0753 1.7955 0.0040
Car 0.0000 0 0.1629 571.1857 168.0482 667.5872 201.5389 1.4019 1.7719 3.9672 0.6414 0.8822 30.8284 0.1853 0.0040
Car 0.0000 0 1.7153 564.0880 165.6171 611.6113 201.4279 1.4640 1.5573 3.6230 -0.7103 0.8571 30.7938 1.6944 0.0040
Car 0.0000 0 -0.3031 0.0000 0.0000 1224.0000 370.0000 1.5706 1.5351 3.5280 13.6682 0.7899 1.7812 1.1163 0.0039
Car 0.0000 0 3.0192 582.1825 163.4595 691.4553 200.2985 1.4635 1.6854 4.3161 1.2350 0.7880 29.0933 3.0631 0.0039
Car 0.0000 0 2.9820 545.6096 167.3750 636.0066 200.3539 1.4339 1.6525 3.8632 -0.6893 0.8647 31.8937 2.9624 0.0039
Car 0.0000 0 2.5113 0.0000 0.0000 1224.0000 370.0000 1.5546 1.6689 4.2212 -24.0250 1.9564 1.7035 1.0262 0.0039
Cyclist 0.0000 0 -1.0672 55.6975 168.4594 135.7957 271.1328 1.6154 0.3634 1.5808 -8.5918 1.4277 11.9248 -1.6771 0.0039
Cyclist 0.0000 0 0.5495 96.6015 177.3009 201.5210 271.3298 1.6787 0.4498 1.6116 -8.3175 1.6232 12.8526 -0.0120 0.0039
Car 0.0000 0 0.7289 144.8885 198.8097 268.0584 242.1523 1.4996 1.6641 3.9737 -15.0806 2.2266 26.7626 0.2222 0.0039
Car 0.0000 0 0.9617 628.8432 166.5960 722.8726 209.4633 1.4918 1.6062 3.8483 2.5623 1.0095 26.6719 1.0581 0.0039
Car 0.0000 0 -2.7771 572.1860 167.9925 664.0483 201.1440 1.4171 1.5903 3.7966 0.5699 0.8839 31.6665 -2.7574 0.0038
Car 0.0000 0 4.3573 0.0000 0.0000 1224.0000 370.0000 1.3868 1.5373 3.4183 -7.9663 1.5563 -0.0404 2.8237 0.0038
Car 0.0000 0 1.6783 568.9721 167.4047 618.4304 203.8714 1.4758 1.7093 4.1230 -0.4429 0.9474 30.7433 1.6659 0.0038
Car 0.0000 0 3.5714 0.0000 0.0000 1224.0000 370.0000 1.5743 1.5585 3.8907 -7.6554 1.4827 0.2234 2.0737 0.0038
Car 0.0000 0 2.6502 0.0000 0.0000 1224.0000 370.0000 1.4968 1.7665 4.5176 -24.3083 1.8821 1.0569 1.1377 0.0038
Car 0.0000 0 1.9649 181.5498 199.4095 266.9995 242.5599 1.4626 1.6314 3.6521 -14.7270 2.2506 27.5112 1.4796 0.0038
Car 0.0000 0 2.7950 574.3115 163.1382 686.2062 200.9607 1.4579 1.6612 4.2240 0.9903 0.7902 28.6854 2.8310 0.0038
Car 0.0000 0 -1.4661 0.0000 0.0000 1224.0000 370.0000 1.6594 1.7143 4.7477 10.7089 1.0078 0.8383 -0.0020 0.0038
Car 0.0000 0 -3.0666 0.0000 0.0000 1224.0000 370.0000 1.5605 1.6988 4.1384 18.6838 0.0353 1.3887 -1.5860 0.0038
Car 0.0000 0 -3.0223 0.0000 0.0000 1224.0000 370.0000 1.5804 1.6877 3.8621 18.6344 0.0481 1.0892 -1.5260 0.0038
Car 0.0000 0 -1.7088 817.5476 144.2607 859.8879 177.7136 1.8054 1.7534 4.1016 13.3794 -0.1676 40.6906 -1.3915 0.0038
Car 0.0000 0 -1.6890 820.8896 148.2362 860.4055 179.3501 1.6818 1.6861 3.8869 13.4138 -0.0678 40.4399 -1.3691 0.0038
Car 0.0000 0 -1.8497 796.5465 145.1296 849.4064 177.8751 1.7815 1.8271 4.1927 12.5288 -0.1584 40.9145 -1.5528 0.0038
Car 0.0000 0 2.6491 0.0000 0.0000 1224.0000 370.0000 1.5116 1.7492 4.6170 -24.3122 1.9581 1.3041 1.1467 0.0038
Car 0.0000 0 2.7511 582.3138 163.6480 690.4543 201.0329 1.4418 1.6757 4.0594 1.2451 0.7934 28.7389 2.7958 0.0037
Car 0.0000 0 2.1542 0.0000 188.5357 105.5679 244.5059 1.4375 1.6683 4.0547 -16.8902 1.6998 20.8473 1.4824 0.0037
Car 0.0000 0 -3.0225 0.0000 0.0000 1224.0000 370.0000 1.4953 1.6503 3.3586 20.4337 -0.0390 0.7384 -1.5024 0.0037
Car 0.0000 0 -3.1019 564.8760 168.8226 645.8410 201.3787 1.3854 1.5397 3.4566 0.0224 0.8900 30.9252 -3.0993 0.0037
Car 0.0000 0 -4.2206 0.0000 0.0000 1224.0000 370.0000 1.3986 1.4228 3.6172 15.1939 0.9193 0.0422 -2.6725 0.0037
Car 0.0000 0 2.6442 0.0000 0.0000 1224.0000 370.0000 1.5159 1.7954 4.6245 -24.2339 1.9188 1.4556 1.1482 0.0037
Car 0.0000 0 -1.2995 0.0000 0.0000 1224.0000 370.0000 1.3134 1.4284 3.3740 15.1047 1.0044 -0.1331 0.2601 0.0037
Car 0.0000 0 2.5431 574.5989 161.3697 684.2302 200.7876 1.4738 1.6431 4.1760 0.9839 0.7600 28.2385 2.5795 0.0037
Car 0.0000 0 -1.7924 806.2429 144.5482 854.5175 177.4083 1.7854 1.8079 4.0226 12.9554 -0.1865 40.8837 -1.4858 0.0036
Car 0.0000 0 1.4429 591.2977 169.7175 640.5861 204.3362 1.4099 1.6471 3.9925 0.3915 0.9722 30.8668 1.4573 0.0036
Car 0.0000 0 -1.9695 0.0000 0.0000 1224.0000 370.0000 1.6429 1.7851 4.3102 21.1407 -0.0909 1.1947 -0.4691 0.0036
Car 0.0000 0 0.5139 673.8740 161.8863 794.5651 206.4549 1.5890 1.8603 4.2038 4.9046 0.9269 27.2599 0.6917 0.0036
Car 0.0000 0 -1.6995 0.0000 0.0000 1224.0000 370.0000 1.6055 1.8037 4.1018 21.4575 -0.1271 0.6842 -0.1744 0.0036
Car 0.0000 0 1.7223 562.4756 167.1579 611.1136 203.2608 1.4946 1.6072 3.6348 -0.7643 0.9438 31.1722 1.6998 0.0036
Car 0.0000 0 0.7315 141.8194 200.0732 262.3619 242.8891 1.4778 1.6665 3.8445 -15.2437 2.2544 26.7594 0.2201 0.0036
Car 0.0000 0 1.4013 590.2982 170.3944 642.7621 205.3414 1.4238 1.6479 3.8905 0.4162 1.0136 30.8501 1.4165 0.0036
Car 0.0000 0 -0.1386 638.8557 166.6059 743.8187 203.2842 1.4923 1.6834 4.1720 3.5389 0.9285 29.6435 -0.0193 0.0036
Pedestrian 0.0000 0 0.0719 743.9952 159.3159 753.7570 181.6488 1.8663 0.8427 0.7476 12.1454 0.0972 59.5874 0.2737 0.0036
Car 0.0000 0 1.3091 588.2664 168.7860 646.2899 203.8974 1.4483 1.5936 3.9328 0.4528 0.9666 31.2616 1.3252 0.0035
Car 0.0000 0 1.5709 52.9732 195.0901 109.2337 239.2207 1.4095 1.5556 3.6447 -19.1019 1.9829 25.7836 0.9407 0.0035
Car 0.0000 0 -0.0197 528.6076 168.3656 624.8282 201.8997 1.4584 1.7248 4.1991 -1.2972 0.9322 31.7288 -0.0583 0.0035
Cyclist 0.0000 0 -1.6737 746.3856 160.2415 754.1603 180.7168 1.6850 0.4482 1.8545 12.1605 0.0191 59.1264 -1.4701 0.0035
Car 0.0000 0 1.7822 173.8091 199.9392 243.6296 243.4328 1.4517 1.6183 3.5483 -15.2070 2.2558 27.2531 1.2796 0.0035
Car 0.0000 0 1.8728 183.4040 199.3182 259.2167 242.2577 1.4524 1.6011 3.4786 -14.7951 2.2327 27.3966 1.3838 0.0035
Car 0.0000 0 1.7334 562.7835 165.9092 612.3635 201.8102 1.4702 1.5857 3.6634 -0.7218 0.8742 30.8746 1.7121 0.0035
Pedestrian 0.0000 0 0.3934 119.1207 170.1287 184.6187 270.6253 1.7837 0.5267 0.8681 -8.2834 1.6013 12.8759 -0.1654 0.0035
Car 0.0000 0 2.6068 0.0000 0.0000 1224.0000 370.0000 1.5256 1.7693 4.5918 -24.2035 1.9785 1.5080 1.1130 0.0035
Car 0.0000 0 1.3661 738.3759 159.4816 769.5239 182.2535 1.8259 1.8444 3.4935 12.2888 0.1418 58.4381 1.5741 0.0035
Car 0.0000 0 1.5132 639.0413 165.4098 687.4915 206.7639 1.4346 1.5699 3.9909 2.0923 0.9127 26.5359 1.5928 0.0035
Car 0.0000 0 2.0621 188.0942 200.9510 274.1422 243.8219 1.4738 1.5933 3.2695 -14.4789 2.3189 27.5164 1.5839 0.0035
Car 0.0000 0 -2.8014 0.0000 0.0000 1224.0000 370.0000 1.5758 1.6930 3.5213 20.7154 -0.0734 0.7865 -1.2829 0.0034
Car 0.0000 0 2.7624 0.0000 0.0000 1224.0000 370.0000 1.4929 1.5690 3.9522 -19.2182 1.6530 2.0016 1.3136 0.0034
Car 0.0000 0 0.9837 679.1142 158.7825 783.6013 204.7735 1.6133 1.8119 4.3799 4.7097 0.8530 27.1669 1.1553 0.0034
Car 0.0000 0 2.7907 0.0000 0.0000 1224.0000 370.0000 1.5331 1.6744 3.8821 -24.4384 1.9178 1.8030 1.3082 0.0033
Car 0.0000 0 2.2783 193.2110 200.5574 293.4904 244.1905 1.4839 1.6095 3.4759 -14.0637 2.3232 27.6496 1.8138 0.0033
Car 0.0000 0 -0.1884 0.0000 0.0000 1224.0000 370.0000 1.4747 1.7283 4.4558 -26.1792 1.7317 1.1230 -1.7024 0.0033
Car 0.0000 0 -4.4476 0.0000 0.0000 1224.0000 370.0000 1.4556 1.6437 3.6175 19.3294 0.0560 1.0122 -2.9446 0.0033
Car 0.0000 0 -1.6384 0.0000 0.0000 1224.0000 370.0000 1.5259 1.4258 3.9245 12.5195 1.1009 -0.1441 -0.0806 0.0033
Car 0.0000 0 -2.9414 0.0000 0.0000 1224.0000 370.0000 1.5351 1.6583 3.6325 20.4315 -0.0356 1.1446 -1.4411 0.0033
Car 0.0000 0 3.0541 576.1188 163.4915 684.3508 200.1957 1.4588 1.6726 4.3111 0.9589 0.7843 29.0453 3.0886 0.0033
Car 0.0000 0 2.2719 193.7259 199.7677 292.9262 243.4477 1.4918 1.6226 3.4132 -14.0535 2.2965 27.6221 1.8072 0.0033
Car 0.0000 0 0.3141 676.7410 160.8063 789.6439 202.9182 1.5471 1.7887 3.9965 4.9866 0.8251 27.7023 0.4921 0.0033
Car 0.0000 0 -1.7389 0.0000 0.0000 1224.0000 370.0000 1.6837 1.6438 4.8852 11.2389 1.1684 -0.1574 -0.1815 0.0033
Car 0.0000 0 3.4587 0.0000 0.0000 1224.0000 370.0000 1.5728 1.5638 3.6157 -7.6513 1.5474 0.1230 1.9478 0.0033
Car 0.0000 0 0.0713 0.0000 0.0000 1224.0000 370.0000 1.5599 1.4281 3.1722 12.6485 0.7932 1.5720 1.4947 0.0033
Cyclist 0.0000 0 1.7774 592.6232 169.7647 607.1501 193.4849 1.6888 0.7019 1.7814 -0.3565 0.9258 51.2774 1.7722 0.0032
Car 0.0000 0 2.7013 0.0000 0.0000 1224.0000 370.0000 1.4522 1.7196 4.6137 -24.1188 1.9179 1.4130 1.2039 0.0032
Car 0.0000 0 -0.1965 0.0000 0.0000 1224.0000 370.0000 1.5559 1.4980 3.7381 13.3750 0.7866 1.7212 1.2240 0.0032
Car 0.0000 0 -1.4773 786.4119 149.1694 820.7239 181.3520 2.0547 1.8044 4.5827 13.4148 0.0557 47.6002 -1.2025 0.0032
Car 0.0000 0 -2.1316 1180.5895 159.0868 1224.0000 262.5196 1.4047 1.4336 3.3625 11.0592 1.1155 11.3864 -1.3730 0.0032
Car 0.0000 0 1.7872 562.4130 167.9027 622.9988 204.5915 1.4925 1.7849 4.2065 -0.4787 0.9815 30.9979 1.7737 0.0031
Car 0.0000 0 1.7310 616.1164 165.3089 674.1963 207.3439 1.4790 1.5964 3.9550 1.5791 0.9460 26.9768 1.7906 0.0031
Car 0.0000 0 2.5445 0.0000 0.0000 1224.0000 370.0000 1.5284 1.8062 4.4498 -24.5194 1.8625 0.8504 1.0231 0.0031
Car 0.0000 0 2.0645 189.2751 202.1554 275.2393 244.6293 1.4555 1.5633 3.3346 -14.4860 2.3545 27.6174 1.5875 0.0031
Car 0.0000 0 -3.2169 0.0000 0.0000 1224.0000 370.0000 1.4442 1.6655 3.3816 20.4212 0.0285 0.3521 -1.6780 0.0031
Car 0.0000 0 -1.8570 587.4496 168.2133 644.9398 200.2712 1.3743 1.7122 3.4326 0.4332 0.8490 32.1878 -1.8419 0.0031
Car 0.0000 0 1.0522 682.6627 158.8164 785.0762 205.9978 1.6444 1.8688 4.4617 4.7771 0.8902 27.0528 1.2269 0.0031
Car 0.0000 0 -0.7453 0.0000 194.4850 152.0510 245.8944 1.4030 1.6356 4.0137 -16.8418 1.8932 22.5740 -1.3780 0.0030
Car 0.0000 0 0.5425 117.6150 192.7438 261.4409 234.9888 1.4892 1.8509 4.3100 -15.4800 1.9655 26.4473 0.0197 0.0030
Car 0.0000 0 -1.4243 785.3369 150.6809 822.9277 180.9530 1.9322 1.7944 4.5085 13.4389 0.0303 47.5478 -1.1487 0.0030
Car 0.0000 0 1.2901 13.2946 193.8296 106.1774 238.6750 1.4692 1.6764 4.0847 -20.2505 1.9999 26.1733 0.6390 0.0029
Car 0.0000 0 -0.6190 0.0000 191.4959 136.1436 248.8168 1.4760 1.8005 4.6004 -17.1713 1.8519 21.6068 -1.2818 0.0029
Car 0.0000 0 0.9691 687.2463 169.2840 792.7936 213.5179 1.5312 1.9100 4.1176 4.9699 1.1444 26.7388 1.1524 0.0029
Car 0.0000 0 -2.7850 0.0000 0.0000 1224.0000 370.0000 1.6206 1.7079 4.1666 20.3567 0.0431 2.1178 -1.3323 0.0029
Car 0.0000 0 -0.2750 605.6638 167.1163 712.5260 202.5715 1.4066 1.6474 4.1161 2.1863 0.8771 29.2599 -0.1994 0.0029
Car 0.0000 0 1.0512 590.7462 162.4475 680.7203 199.4002 1.4444 1.7693 4.5831 1.1825 0.7403 30.0729 1.0920 0.0029
Car 0.0000 0 -3.1682 0.0000 0.0000 1224.0000 370.0000 1.5357 1.6810 3.4461 20.3936 0.3225 0.1968 -1.6216 0.0029
Car 0.0000 0 1.5052 636.6162 166.3689 683.8633 205.9010 1.4157 1.5661 3.5077 2.0317 0.9111 27.0767 1.5811 0.0029
Car 0.0000 0 -0.6758 0.0000 191.1365 131.5765 250.1039 1.4974 1.7966 4.7930 -17.2051 1.8591 21.4010 -1.3441 0.0029
Car 0.0000 0 1.4531 696.7836 162.8190 751.0280 202.7727 1.4730 1.6530 3.9594 4.6213 0.8226 28.0768 1.6162 0.0029
Car 0.0000 0 2.5128 0.0000 0.0000 1224.0000 370.0000 1.4680 1.7974 4.3782 -24.0494 1.9157 1.7389 1.0291 0.0029
Car 0.0000 0 -2.7396 0.0000 0.0000 1224.0000 370.0000 1.5641 1.6520 3.8698 20.7189 -0.0044 1.8168 -1.2705 0.0029
Car 0.0000 0 -1.6241 0.0000 0.0000 1224.0000 370.0000 1.5561 1.6890 3.8458 20.4315 -0.0268 1.0521 -0.1193 0.0029
Car 0.0000 0 -3.1696 0.0000 0.0000 1224.0000 370.0000 1.5430 1.7222 3.9588 19.9162 0.0215 1.7323 -1.7004 0.0029
Car 0.0000 0 -3.2037 0.0000 0.0000 1224.0000 370.0000 1.5998 1.8518 4.3913 19.3740 0.0365 1.9332 -1.7476 0.0029
Car 0.0000 0 -1.4752 0.0000 0.0000 1224.0000 370.0000 1.5470 1.8832 3.9612 20.8869 -0.0214 0.6598 0.0498 0.0028
Car 0.0000 0 -0.8018 0.0000 190.1918 127.3885 245.3256 1.4332 1.7148 4.3442 -16.9825 1.7592 21.4171 -1.4634 0.0028
Car 0.0000 0 1.4874 0.0000 0.0000 1224.0000 370.0000 1.4048 1.5386 3.7667 10.3155 1.0732 0.7163 2.9591 0.0028
Car 0.0000 0 -0.0446 623.9684 159.5462 700.0916 189.3119 1.6839 1.6484 4.3049 3.2496 0.4999 40.8957 0.0359 0.0028
Car 0.0000 0 0.8304 592.6768 160.2562 688.6545 200.3437 1.5957 1.7781 4.1363 1.4380 0.7914 30.3001 0.8792 0.0028
Car 0.0000 0 -1.4008 0.0000 0.0000 1224.0000 370.0000 1.4392 1.6743 3.6651 20.4498 0.0050 0.6570 0.1233 0.0028
Car 0.0000 0 -1.7252 0.0000 0.0000 1224.0000 370.0000 1.5176 1.7407 4.0387 21.6882 -0.0815 0.6692 -0.1989 0.0028
Car 0.0000 0 2.8703 0.0000 0.0000 1224.0000 370.0000 1.4790 1.6981 4.0755 -25.9757 1.8847 1.4635 1.3697 0.0028
Car 0.0000 0 -1.1265 562.8991 164.8526 634.0573 200.5256 1.5615 1.7802 4.0051 -0.2509 0.8781 33.1357 -1.1322 0.0027
Car 0.0000 0 2.8311 0.0000 0.0000 1224.0000 370.0000 1.4950 1.6871 4.0080 -25.9732 1.7980 1.4311 1.3293 0.0027
Cyclist 0.0000 0 1.7672 592.5931 169.7946 606.5164 193.7545 1.7058 0.6756 1.7723 -0.3808 0.9449 51.2656 1.7615 0.0027
Car 0.0000 0 -1.4160 786.5777 153.0819 823.6063 180.6026 1.7581 1.7567 4.2591 13.4757 0.0079 47.4639 -1.1393 0.0027
Car 0.0000 0 -2.7293 0.0000 0.0000 1224.0000 370.0000 1.5409 1.6357 3.8275 20.8363 -0.0448 1.7134 -1.2547 0.0027
Car 0.0000 0 1.3965 31.9511 194.1938 106.6747 238.4406 1.4667 1.6141 3.8120 -20.1423 2.0181 26.4964 0.7538 0.0027
Car 0.0000 0 -4.2694 0.0000 0.0000 1224.0000 370.0000 1.4998 1.7111 4.2601 18.6539 0.0320 1.3597 -2.7873 0.0027
Car 0.0000 0 -4.4661 0.0000 0.0000 1224.0000 370.0000 1.5385 1.8039 3.9457 19.2688 0.0666 0.7310 -2.9488 0.0027
Car 0.0000 0 1.6729 625.7571 167.3407 676.9106 205.0579 1.4275 1.6659 4.2014 1.9455 0.9309 28.9658 1.7411 0.0027
Car 0.0000 0 -1.5844 0.0000 0.0000 1224.0000 370.0000 1.5425 1.5083 4.6110 12.1578 1.2325 -0.1371 -0.0275 0.0027
Car 0.0000 0 -1.6189 590.2660 165.7090 633.6572 202.5948 1.6243 1.8348 4.1435 0.2476 0.9745 33.2371 -1.6097 0.0026
Car 0.0000 0 -1.8347 796.4467 151.0236 848.0366 181.3609 1.6689 1.7973 4.2777 12.5304 0.0488 41.0576 -1.5387 0.0026
Car 0.0000 0 2.5688 0.0000 0.0000 1224.0000 370.0000 1.5328 1.7649 4.3352 -24.4870 1.8859 1.0710 1.0564 0.0026
Car 0.0000 0 1.6475 46.6654 196.5320 109.8004 238.9371 1.3756 1.5908 3.5826 -19.5670 2.0184 26.3398 1.0159 0.0026
Car 0.0000 0 1.3970 34.4133 196.0641 106.6455 239.1249 1.4160 1.5445 3.7699 -20.0537 2.0405 26.4401 0.7554 0.0026
Car 0.0000 0 -2.7331 0.0000 0.0000 1224.0000 370.0000 1.5505 1.6434 3.6790 20.7922 -0.0578 1.3131 -1.2397 0.0026
Car 0.0000 0 2.7635 0.0000 0.0000 1224.0000 370.0000 1.4865 1.7202 4.6832 -24.2170 1.8599 1.0372 1.2504 0.0026
Car 0.0000 0 1.0048 1209.4996 156.9316 1224.0000 226.3417 1.6194 1.4827 4.3432 18.2587 1.0711 18.7663 1.7696 0.0026
Car 0.0000 0 1.9344 606.4052 165.4904 678.9113 206.3659 1.4600 1.5634 3.7319 1.4988 0.9254 27.2720 1.9905 0.0026
Car 0.0000 0 -0.6954 0.0000 188.4808 124.3495 247.2422 1.4871 1.8336 4.7973 -17.2324 1.7556 21.1090 -1.3711 0.0026
Car 0.0000 0 1.2791 661.2719 163.8849 731.7872 203.6051 1.4954 1.6245 4.4818 3.6231 0.8714 28.9585 1.4040 0.0026
Car 0.0000 0 -0.9183 0.0000 192.6626 130.0811 246.6234 1.4387 1.6934 4.1432 -16.9513 1.8519 21.8530 -1.5695 0.0025
Pedestrian 0.0000 0 -0.1607 743.7559 159.3835 754.0110 181.6559 1.8633 0.8313 0.7227 12.1384 0.0979 59.5757 0.0410 0.0025
Car 0.0000 0 1.9370 631.8347 164.5039 700.0076 202.4138 1.4851 1.6004 3.8002 2.6075 0.8600 29.7516 2.0253 0.0025
Car 0.0000 0 1.7358 564.9929 168.7188 618.7943 204.1112 1.4427 1.7201 3.9306 -0.5239 0.9639 30.8875 1.7208 0.0025
Car 0.0000 0 -1.7782 587.2909 167.1419 638.6293 200.9037 1.4824 1.6714 3.6653 0.2947 0.8974 33.0011 -1.7675 0.0025
Car 0.0000 0 -1.2001 471.9391 178.0977 588.8271 237.8018 1.3549 1.6565 3.9126 -1.8155 1.3020 18.1482 -1.2962 0.0025
Car 0.0000 0 3.8222 0.0000 0.0000 1224.0000 370.0000 1.5627 1.6279 3.8779 -8.1089 1.5284 -0.2907 2.2571 0.0025
Car 0.0000 0 1.4415 43.1340 196.3943 109.0051 239.3802 1.4035 1.5410 3.4110 -19.6225 2.0325 26.1468 0.8050 0.0025
Car 0.0000 0 0.1018 628.6920 170.4744 727.7135 204.3135 1.3472 1.6145 3.9438 3.0426 0.9496 29.3371 0.2058 0.0024
Car 0.0000 0 -1.3965 781.4026 152.6725 820.0163 180.7812 1.7952 1.7993 4.1778 13.1703 0.0193 47.4242 -1.1255 0.0024
Car 0.0000 0 0.4106 131.1756 198.3216 266.0451 242.4128 1.5290 1.7517 4.0138 -15.1351 2.2247 26.4609 -0.1024 0.0024
Car 0.0000 0 -1.3925 0.0000 0.0000 1224.0000 370.0000 1.6115 1.7152 3.8550 21.3659 0.2719 0.0487 0.1622 0.0024
Car 0.0000 0 1.7618 42.1073 197.3576 115.3825 239.4050 1.3544 1.5383 3.3520 -19.3553 2.0221 26.0925 1.1309 0.0024
Car 0.0000 0 -3.3891 0.0000 0.0000 1224.0000 370.0000 1.5774 1.8132 4.5006 18.9210 0.1147 2.3601 -1.9579 0.0024
Car 0.0000 0 3.4833 221.7088 184.7114 376.9166 237.8449 1.4023 1.6249 3.6381 -8.4597 1.5268 19.7133 3.0855 0.0024
Car 0.0000 0 0.5328 232.9417 186.0112 392.2423 242.0550 1.4731 1.5915 3.8712 -8.1955 1.6379 19.8644 0.1487 0.0024
Car 0.0000 0 2.8714 0.0000 0.0000 1224.0000 370.0000 1.4690 1.6774 4.0918 -25.9912 1.7631 1.4265 1.3695 0.0024
Car 0.0000 0 0.7356 665.9824 161.4880 769.8583 203.8355 1.5326 1.6664 3.8876 4.3147 0.8461 27.6196 0.8906 0.0024
Car 0.0000 0 2.4192 0.0000 0.0000 1224.0000 370.0000 1.4955 1.8040 4.3278 -24.1242 1.9488 1.7729 0.9366 0.0024
Car 0.0000 0 1.3546 25.8215 195.4892 105.2714 239.6224 1.4472 1.6008 3.7222 -20.0795 2.0435 26.2338 0.7087 0.0023
Car 0.0000 0 1.4500 50.6736 196.8114 114.3545 238.9508 1.3751 1.5180 3.3655 -19.3996 2.0207 26.1682 0.8193 0.0023
Car 0.0000 0 -1.9209 805.4854 150.5211 859.0034 179.7657 1.6005 1.6540 4.0171 13.0441 -0.0432 40.8358 -1.6120 0.0023
Car 0.0000 0 -3.1475 0.0000 0.0000 1224.0000 370.0000 1.4844 1.6756 3.3362 20.0549 0.0178 0.7364 -1.6283 0.0023
Car 0.0000 0 -2.8403 0.0000 0.0000 1224.0000 370.0000 1.5655 1.6801 3.9233 20.3252 0.0293 2.0450 -1.3842 0.0023
Car 0.0000 0 -1.1237 0.0000 0.0000 1224.0000 370.0000 1.4828 1.6649 3.6267 20.2857 0.0824 0.7274 0.3966 0.0023
Car 0.0000 0 0.5084 130.7673 198.2387 260.3111 241.2027 1.5098 1.7426 3.8384 -15.2718 2.1976 26.4614 -0.0084 0.0023
Pedestrian 0.0000 0 1.1572 1207.7972 166.7207 1224.0000 328.5117 1.5877 0.5090 0.5652 6.6127 1.4542 7.2793 1.8748 0.0023
Car 0.0000 0 -0.9537 1165.8564 154.6499 1224.0000 218.7121 1.6271 1.5650 4.1599 17.6221 0.9721 19.1652 -0.2169 0.0022
Car 0.0000 0 -1.2290 0.0000 0.0000 1224.0000 370.0000 1.5489 1.6828 4.1483 21.4325 0.3174 -0.2360 0.3390 0.0022
Car 0.0000 0 -0.9067 0.0000 193.7478 140.2557 248.3735 1.4647 1.6730 4.2804 -16.8730 1.9218 22.1567 -1.5491 0.0022
Car 0.0000 0 1.7556 649.6446 161.6122 706.8294 201.1513 1.5576 1.7157 3.9260 3.1500 0.8150 29.9753 1.8611 0.0022
Car 0.0000 0 -2.9858 0.0000 0.0000 1224.0000 370.0000 1.5660 1.8522 3.9374 19.5444 0.0127 1.1325 -1.4882 0.0022
Car 0.0000 0 2.3083 196.9472 202.3448 294.4666 245.2705 1.4671 1.5643 3.3602 -14.0830 2.3858 27.8517 1.8460 0.0022
Car 0.0000 0 -0.9468 0.0000 193.4230 130.4808 247.2895 1.4387 1.6768 4.0378 -16.8845 1.8777 21.8954 -1.5952 0.0022
Car 0.0000 0 -3.0414 0.0000 0.0000 1224.0000 370.0000 1.5442 1.7967 3.5200 19.9156 0.0132 0.9502 -1.5333 0.0022
Car 0.0000 0 2.7082 0.0000 0.0000 1224.0000 370.0000 1.5366 1.7923 4.2313 -24.5285 1.8832 1.3978 1.2090 0.0022
Car 0.0000 0 2.1680 187.7414 203.5666 280.9035 246.1289 1.4495 1.5899 3.4116 -14.4982 2.4166 27.8038 1.6933 0.0022
Car 0.0000 0 -0.6715 7.7105 192.3326 154.7689 242.8880 1.4208 1.5522 3.6073 -16.7084 1.8353 22.7231 -1.2973 0.0022
Car 0.0000 0 1.7562 34.6479 193.7318 114.4491 237.9564 1.4480 1.6687 3.9628 -19.8467 1.9871 26.5760 1.1220 0.0022
Car 0.0000 0 -0.0975 0.0000 0.0000 1224.0000 370.0000 1.5300 1.4070 3.5772 13.0657 0.8352 1.7905 1.3143 0.0022
Car 0.0000 0 -0.5024 601.8300 167.8239 714.3648 204.5152 1.4200 1.5892 4.3772 2.1690 0.9309 28.9881 -0.4267 0.0022
Car 0.0000 0 -1.2668 566.8665 165.6395 631.4814 203.5709 1.6642 1.8672 4.1852 -0.2128 1.0137 33.2912 -1.2713 0.0022
Car 0.0000 0 1.8100 38.2829 197.7619 120.8536 241.7737 1.3920 1.5703 3.7214 -19.2048 2.0767 25.9608 1.1804 0.0021
Car 0.0000 0 -2.0704 828.4915 171.2241 1002.7049 252.1524 1.5737 1.8444 3.9507 6.6755 1.3950 15.8057 -1.6764 0.0021
Car 0.0000 0 -1.5230 776.1260 150.9731 809.2049 180.6821 1.9057 1.9654 3.8602 12.6425 0.0130 47.4864 -1.2626 0.0021
Car 0.0000 0 1.9475 24.7682 197.7925 130.7114 242.6452 1.3979 1.6703 4.1820 -19.2412 2.0897 25.9859 1.3175 0.0021
Car 0.0000 0 -1.5799 631.6814 160.1867 674.3112 200.9286 1.6161 1.6900 4.3760 2.0093 0.8118 30.2749 -1.5125 0.0021
Car 0.0000 0 -2.9669 0.0000 0.0000 1224.0000 370.0000 1.5594 1.7238 4.1277 18.9473 0.0138 1.2108 -1.4757 0.0021
Car 0.0000 0 -1.4722 783.2391 150.3696 818.2522 181.1152 1.9582 1.8399 4.3852 13.1688 0.0405 47.4047 -1.2011 0.0021
Car 0.0000 0 1.5680 47.3403 196.0459 102.2181 240.1413 1.4308 1.5386 3.6713 -19.6749 2.0516 26.2310 0.9318 0.0021
Car 0.0000 0 0.0001 614.2034 170.8912 720.9339 205.3482 1.3823 1.6313 4.2927 2.5607 0.9983 29.3597 0.0879 0.0021
Car 0.0000 0 -1.6069 677.6877 162.0109 719.2286 201.0975 1.5522 1.6001 3.8794 3.8962 0.8195 30.0792 -1.4776 0.0021
Car 0.0000 0 -3.0178 0.0000 0.0000 1224.0000 370.0000 1.4969 1.6952 3.8201 18.9813 0.0462 0.9687 -1.5138 0.0021
Car 0.0000 0 -2.9561 0.0000 0.0000 1224.0000 370.0000 1.5472 1.6389 3.6291 20.4307 -0.0439 1.7455 -1.4849 0.0021
Car 0.0000 0 1.7100 39.4071 195.5706 110.8439 239.4421 1.4278 1.6080 3.7224 -19.7215 2.0354 26.4122 1.0759 0.0021
Car 0.0000 0 1.3843 29.8677 195.9993 104.8935 239.3756 1.4253 1.5864 3.7071 -20.1201 2.0453 26.3752 0.7400 0.0021
Car 0.0000 0 -2.5420 668.6055 160.8710 775.6010 202.7319 1.5403 1.7291 3.8731 4.5561 0.8196 27.9736 -2.3805 0.0020
Car 0.0000 0 1.3224 626.7520 166.6169 687.7956 203.9958 1.3692 1.5529 3.5644 1.9604 0.8622 27.7856 1.3939 0.0020
Car 0.0000 0 2.7948 0.0000 0.0000 1224.0000 370.0000 1.5212 1.6750 4.1510 -25.7590 1.7976 1.5214 1.2970 0.0020
Car 0.0000 0 1.8980 476.2020 179.6174 589.6475 239.9204 1.3628 1.6209 4.1766 -1.7441 1.3444 18.1930 1.8059 0.0020
Car 0.0000 0 1.5516 0.0000 0.0000 1224.0000 370.0000 1.4020 1.3554 3.1427 -8.1459 1.5445 0.2173 0.0488 0.0020
Car 0.0000 0 -1.3686 770.3286 153.2435 810.8741 180.4657 1.7480 1.8925 3.9077 12.5287 -0.0011 47.5727 -1.1109 0.0020
Car 0.0000 0 -1.4305 479.2343 180.4708 565.4219 239.3630 1.3413 1.6490 3.7512 -2.0295 1.3422 17.9991 -1.5391 0.0020
Car 0.0000 0 -1.5425 0.0000 0.0000 1224.0000 370.0000 1.5609 1.7904 3.6769 19.3794 0.3928 0.0984 0.0078 0.0020
Car 0.0000 0 0.5295 670.2278 161.8760 785.4793 204.8286 1.5338 1.7235 4.0509 4.6505 0.8703 27.2059 0.6987 0.0020
Car 0.0000 0 -2.9739 0.0000 0.0000 1224.0000 370.0000 1.4958 1.8048 3.7028 19.5322 0.0395 0.8470 -1.4617 0.0020
Car 0.0000 0 -1.4626 784.3937 153.7334 818.9908 180.6955 1.7218 1.7838 4.3091 13.2518 0.0138 47.4801 -1.1903 0.0020
Car 0.0000 0 -1.3295 0.0000 0.0000 1224.0000 370.0000 1.6069 1.7424 4.2649 21.5960 0.3703 0.0592 0.2249 0.0020
Car 0.0000 0 -0.1806 0.0000 0.0000 1224.0000 370.0000 1.4558 1.3773 4.1014 12.6900 0.8928 2.0844 1.2041 0.0020
Car 0.0000 0 -1.8128 763.9788 151.7486 807.2822 180.5685 1.8533 1.9353 3.8660 12.0530 0.0057 47.4025 -1.5636 0.0020
Car 0.0000 0 -3.1971 0.0000 0.0000 1224.0000 370.0000 1.6007 1.7967 4.5063 18.9188 0.0355 2.0178 -1.7482 0.0019
Car 0.0000 0 -1.5293 0.0000 0.0000 1224.0000 370.0000 1.5047 1.8347 3.6284 20.8131 0.2981 -0.0062 0.0275 0.0019
Car 0.0000 0 -2.2402 823.8918 174.0307 1013.7466 250.3812 1.4841 1.7609 3.9956 6.7923 1.3600 15.8991 -1.8420 0.0019
Car 0.0000 0 -1.6277 590.6924 165.4484 635.1363 201.2585 1.5774 1.8502 4.1239 0.2915 0.9159 33.2432 -1.6172 0.0019
Car 0.0000 0 -2.1044 833.3342 171.7927 1004.3718 249.2317 1.5159 1.7515 3.8313 6.7835 1.3471 15.8520 -1.7056 0.0019
Car 0.0000 0 1.5013 49.1518 196.8469 109.9214 240.5347 1.3884 1.5460 3.6854 -19.2408 2.0305 25.7963 0.8678 0.0019
Car 0.0000 0 -1.1493 563.5423 165.9857 631.7234 201.5122 1.5600 1.8059 3.7685 -0.2970 0.9241 33.1309 -1.1564 0.0019
Car 0.0000 0 -1.6055 665.6805 161.5580 708.6653 200.8813 1.5858 1.6950 4.0539 3.4724 0.8234 30.5967 -1.4918 0.0019
Car 0.0000 0 -2.1053 826.3419 173.1229 1008.5826 252.4415 1.5337 1.8826 4.0216 6.6994 1.3927 15.7878 -1.7095 0.0019
Car 0.0000 0 1.8661 633.6391 163.4611 695.8484 201.2696 1.5023 1.5917 3.8435 2.5937 0.8268 30.1687 1.9529 0.0019
Car 0.0000 0 1.9139 640.1298 161.8580 705.8530 200.8568 1.5640 1.6084 3.8608 2.9719 0.8179 30.4396 2.0121 0.0019
Car 0.0000 0 2.0069 638.1473 162.4985 709.8267 200.6929 1.5286 1.5997 3.8085 3.0019 0.8097 30.3384 2.1064 0.0019
Cyclist 0.0000 0 -1.2453 105.5686 169.8515 173.3546 263.8751 1.6363 0.5111 1.7413 -8.6986 1.4526 13.2065 -1.8149 0.0018
Car 0.0000 0 2.8169 0.0000 0.0000 1224.0000 370.0000 1.5621 1.7620 4.1554 -24.7514 1.8634 1.9167 1.3379 0.0018
Car 0.0000 0 -0.8559 0.0000 187.0085 118.2099 242.5520 1.4682 1.5528 3.8330 -16.7260 1.6820 21.0974 -1.5173 0.0018
Car 0.0000 0 2.7142 0.0000 0.0000 1224.0000 370.0000 1.5266 1.8143 4.1599 -24.5281 1.8818 1.4586 1.2175 0.0018
Car 0.0000 0 2.0170 21.7980 197.6507 135.8800 242.9227 1.4146 1.6642 4.2642 -19.2262 2.1024 26.0389 1.3883 0.0018
Car 0.0000 0 -2.1136 0.0000 0.0000 1224.0000 370.0000 1.5971 1.8166 4.3219 21.3123 -0.0089 1.6829 -0.6354 0.0018
Car 0.0000 0 -2.2928 660.4017 164.5722 761.2845 205.9765 1.5043 1.7059 3.9889 4.0550 0.9271 27.8204 -2.1479 0.0018
Pedestrian 0.0000 0 0.8558 208.9770 185.5080 237.4955 234.8513 1.7676 0.6739 0.6237 -13.9758 1.9552 25.8367 0.3666 0.0018
Car 0.0000 0 2.6585 0.0000 0.0000 1224.0000 370.0000 1.4772 1.6607 3.7022 -25.8135 1.8529 1.4859 1.1592 0.0018
Car 0.0000 0 1.3212 661.1053 167.7701 732.7899 212.2431 1.5349 1.7202 3.9490 3.3222 1.0971 26.4640 1.4464 0.0018
Car 0.0000 0 -0.2691 619.6646 159.0200 700.0199 189.1647 1.6845 1.5656 4.3503 3.1284 0.4856 40.6865 -0.1911 0.0018
Car 0.0000 0 2.9176 0.0000 0.0000 1224.0000 370.0000 1.4623 1.6609 4.0544 -25.9906 1.7982 1.5023 1.4185 0.0018
Car 0.0000 0 1.4909 0.0000 0.0000 1224.0000 370.0000 1.4014 1.3933 3.5429 -7.8099 1.5625 0.1423 -0.0187 0.0018
Car 0.0000 0 -2.1038 836.8345 171.4085 1011.2411 248.7334 1.5095 1.7713 3.9119 6.8895 1.3336 15.8510 -1.6994 0.0018
Car 0.0000 0 1.5141 0.0000 0.0000 1224.0000 370.0000 1.3813 1.3673 3.2750 -7.9223 1.5860 0.1185 0.0007 0.0018
Car 0.0000 0 -3.2641 0.0000 0.0000 1224.0000 370.0000 1.4502 1.6692 3.3935 20.2178 0.1480 0.1489 -1.7155 0.0018
Car 0.0000 0 2.8780 0.0000 0.0000 1224.0000 370.0000 1.4537 1.6819 4.0642 -24.0535 1.9543 2.1013 1.4092 0.0018
Car 0.0000 0 0.9351 674.0523 160.6600 785.1442 206.7689 1.6189 1.8779 4.5322 4.6549 0.9238 27.2657 1.1041 0.0018
Car 0.0000 0 -2.0616 832.8911 173.4163 1004.7856 252.6649 1.5367 1.8485 3.8331 6.7089 1.4010 15.6990 -1.6633 0.0017
Car 0.0000 0 1.5146 634.6260 169.7560 679.9346 206.6473 1.3422 1.5562 3.3411 1.9478 0.9528 27.4023 1.5866 0.0017
Car 0.0000 0 0.2560 601.4825 168.5538 722.7341 206.0212 1.4502 1.7087 4.6669 2.3180 0.9893 28.9393 0.3369 0.0017
Car 0.0000 0 0.2544 0.0000 0.0000 1224.0000 370.0000 1.5095 1.5944 3.5724 20.1615 0.4037 -0.2513 1.8229 0.0017
Car 0.0000 0 -0.9377 10.6719 194.3666 140.6843 245.0442 1.4164 1.5072 3.5058 -16.6963 1.8931 22.4706 -1.5685 0.0017
Car 0.0000 0 2.7419 0.0000 0.0000 1224.0000 370.0000 1.5163 1.6569 3.3856 -25.3651 1.8419 1.2369 1.2341 0.0016
Car 0.0000 0 2.7874 0.0000 0.0000 1224.0000 370.0000 1.4500 1.6126 3.8991 -25.8894 1.8471 1.5297 1.2896 0.0016
Car 0.0000 0 2.6557 0.0000 0.0000 1224.0000 370.0000 1.4923 1.6279 3.7841 -25.8049 1.9109 1.3339 1.1506 0.0016
Car 0.0000 0 -1.4761 0.0000 0.0000 1224.0000 370.0000 1.5502 1.8362 3.7705 20.2597 0.4318 0.0106 0.0795 0.0016
Car 0.0000 0 -1.6203 0.0000 0.0000 1224.0000 370.0000 1.4778 1.8292 3.5007 20.3440 0.3172 -0.0696 -0.0607 0.0016
Car 0.0000 0 0.4189 664.8622 163.1733 765.0248 205.1716 1.5342 1.5444 3.5142 4.2188 0.9027 27.4229 0.5716 0.0016
Car 0.0000 0 -1.3037 466.5304 179.0639 571.7835 239.0231 1.3685 1.6913 3.9150 -2.1125 1.3373 18.1971 -1.4155 0.0016
Car 0.0000 0 -1.7698 673.2148 162.8252 731.6188 203.8893 1.5309 1.6133 3.6073 3.7910 0.8735 28.2069 -1.6358 0.0016
Car 0.0000 0 -3.2465 0.0000 0.0000 1224.0000 370.0000 1.6301 1.7915 4.4681 19.4353 0.1276 2.3081 -1.8090 0.0015
Car 0.0000 0 0.0454 0.0000 0.0000 1224.0000 370.0000 1.6250 1.6401 3.5633 12.0131 1.1034 1.6368 1.4559 0.0015
Car 0.0000 0 -1.5762 768.3679 154.5980 798.0537 180.8939 1.6848 1.8528 3.6470 11.9039 0.0266 47.2878 -1.3293 0.0015
Car 0.0000 0 -2.4090 638.7060 165.8232 751.4934 207.5324 1.5113 1.6525 4.4253 3.4324 0.9810 27.8277 -2.2858 0.0015
Car 0.0000 0 -2.0904 830.0232 172.7715 1017.5061 249.5611 1.4801 1.8721 4.3305 6.8529 1.3328 15.8838 -1.6886 0.0015
Car 0.0000 0 4.4984 0.0000 0.0000 1224.0000 370.0000 1.5124 1.7076 4.5414 -9.0727 1.4956 -0.0552 2.9589 0.0015
Car 0.0000 0 1.3958 683.9262 166.3145 741.7599 204.9051 1.4464 1.6322 3.8957 4.2403 0.9163 28.4656 1.5439 0.0015
Car 0.0000 0 1.6782 657.6081 170.3118 715.0438 215.2837 1.5847 1.8146 3.2651 3.1026 1.2272 26.7020 1.7943 0.0015
Car 0.0000 0 -1.8854 669.8549 163.0998 736.8456 204.7179 1.5441 1.5643 3.6963 3.8181 0.9001 28.1865 -1.7505 0.0014
Pedestrian 0.0000 0 2.5977 655.0127 169.8008 691.8222 243.3465 1.5146 0.4217 0.6465 1.3986 1.2959 14.8870 2.6912 0.0014
Car 0.0000 0 3.0074 0.0000 0.0000 1224.0000 370.0000 1.5854 1.7036 3.5289 -25.0425 1.8845 1.2935 1.5027 0.0014
Car 0.0000 0 -2.1033 826.4786 168.9412 1014.9652 247.6598 1.5198 1.9598 4.1540 6.7762 1.2983 15.8348 -1.7044 0.0014
Car 0.0000 0 -3.0745 0.0000 0.0000 1224.0000 370.0000 1.5105 1.8109 3.7105 19.6616 0.1640 0.1677 -1.5275 0.0014
Car 0.0000 0 0.4205 236.4204 185.6228 383.7600 240.0505 1.4489 1.4570 3.5141 -8.2063 1.5993 19.7532 0.0341 0.0014
Car 0.0000 0 1.3250 677.7390 168.0979 734.6764 204.8898 1.3954 1.4686 3.4697 4.0069 0.9265 28.6133 1.4644 0.0014
Pedestrian 0.0000 0 -1.3094 211.5928 184.8863 236.0265 234.3989 1.7778 0.6548 0.5844 -13.9351 1.9416 25.8040 -1.7979 0.0014
Car 0.0000 0 -1.8360 669.9199 164.5796 735.0943 205.4090 1.5313 1.6853 3.6481 3.8198 0.9357 28.4312 -1.7021 0.0014
Car 0.0000 0 2.6918 0.0000 0.0000 1224.0000 370.0000 1.5441 1.7759 4.1211 -24.5488 1.9417 1.5289 1.1978 0.0014
Car 0.0000 0 1.0324 674.9467 158.0495 769.9437 204.0572 1.6438 1.7492 4.1514 4.4377 0.8432 27.5095 1.1924 0.0014
Pedestrian 0.0000 0 3.0423 657.9030 176.4541 690.0145 245.5647 1.4391 0.3846 0.6378 1.4094 1.3565 14.9119 3.1363 0.0014
Car 0.0000 0 -2.2250 819.6849 176.7328 1008.4974 254.9024 1.5060 1.7732 3.9533 6.6256 1.4351 15.7558 -1.8325 0.0013
Car 0.0000 0 1.0235 679.6054 167.0136 785.6315 213.7813 1.6289 1.8266 4.6505 4.7334 1.1607 27.1192 1.1960 0.0013
Pedestrian 0.0000 0 -0.0406 743.9465 160.4731 754.4423 182.8435 1.8615 0.8126 0.8298 12.1073 0.1962 59.2983 0.1615 0.0013
Cyclist 0.0000 0 -0.0643 0.0000 0.0000 1224.0000 370.0000 1.4296 0.4292 1.5714 -8.2365 1.5887 0.7614 -1.5025 0.0013
Car 0.0000 0 4.4856 0.0000 0.0000 1224.0000 370.0000 1.5443 1.8401 3.4102 -20.6762 1.7233 -0.1320 2.9256 0.0013
Car 0.0000 0 -1.8115 753.6210 151.5830 799.0842 180.7594 1.8757 1.9210 4.6578 11.5083 0.0180 47.7833 -1.5748 0.0013
Car 0.0000 0 3.0980 0.0000 0.0000 1224.0000 370.0000 1.4312 1.6937 4.1209 -25.9539 1.8316 1.3042 1.5914 0.0013
Car 0.0000 0 1.5306 635.2292 171.1802 678.5181 205.8718 1.3125 1.5924 3.4847 2.0146 0.9614 28.5112 1.6022 0.0013
Pedestrian 0.0000 0 -1.4201 775.2131 173.7921 802.2216 241.0024 1.6552 0.5683 0.6688 4.5996 1.4916 17.8260 -1.1703 0.0013
Car 0.0000 0 2.7503 0.0000 0.0000 1224.0000 370.0000 1.5638 1.7040 3.3792 -25.2959 1.8213 1.2853 1.2446 0.0012
Car 0.0000 0 0.7694 626.6959 167.9515 731.0053 209.4526 1.4772 1.7347 3.8680 2.7485 1.0321 27.1996 0.8707 0.0012
Car 0.0000 0 -2.2668 822.4439 175.0396 1002.2436 248.7694 1.4471 1.6751 3.7262 6.6798 1.3415 15.9003 -1.8745 0.0012
Car 0.0000 0 -1.9789 854.6788 173.4609 1008.3655 247.3701 1.4724 1.7413 3.7805 7.1345 1.3338 15.9761 -1.5646 0.0012
Car 0.0000 0 -2.6570 645.8047 167.0668 762.9947 205.8859 1.4579 1.7016 4.3921 3.9379 0.9549 28.5195 -2.5195 0.0012
Car 0.0000 0 1.4113 629.1984 169.5331 682.9979 204.9811 1.3144 1.5665 3.6107 1.9400 0.9093 28.0800 1.4814 0.0012
Car 0.0000 0 -1.0592 555.2791 167.5388 629.1459 200.3276 1.4096 1.7892 3.7295 -0.5420 0.8539 32.4570 -1.0739 0.0012
Pedestrian 0.0000 0 1.8389 775.4052 172.8092 803.8112 240.2898 1.6590 0.5560 0.5934 4.6068 1.4715 17.7728 2.0898 0.0012
Car 0.0000 0 0.0249 0.0000 0.0000 1224.0000 370.0000 1.5902 1.5468 3.5899 20.1929 0.4443 -0.0005 1.5810 0.0012
Car 0.0000 0 1.2329 680.1682 160.5228 751.8246 202.7108 1.5431 1.6142 3.7751 4.2639 0.8139 27.8611 1.3849 0.0011
Car 0.0000 0 1.1588 678.2769 159.8042 754.1548 202.0864 1.5388 1.5593 3.7398 4.2526 0.7871 27.7343 1.3112 0.0011
Pedestrian 0.0000 0 -0.1697 743.4487 160.2546 754.6043 182.5264 1.8549 0.7965 0.7932 12.0921 0.1700 59.2918 0.0322 0.0011
Car 0.0000 0 -1.0433 0.0000 190.6794 121.5361 243.4594 1.4391 1.4958 3.5166 -16.7393 1.7812 21.8153 -1.6892 0.0011
Pedestrian 0.0000 0 -1.6985 665.8079 160.0842 679.0329 192.6016 1.8192 0.6646 0.6542 3.7925 0.6784 39.8888 -1.6026 0.0011
Car 0.0000 0 1.8161 623.4723 167.7990 693.3560 207.2895 1.4638 1.7086 4.8039 2.2485 0.9945 28.7526 1.8951 0.0010
Pedestrian 0.0000 0 -1.7023 665.7177 159.9960 678.9570 192.7178 1.8298 0.6607 0.6722 3.7870 0.6846 39.8816 -1.6065 0.0010
Car 0.0000 0 0.4184 239.4267 184.1571 389.4587 239.7327 1.4845 1.4275 3.6151 -8.0904 1.5924 19.7646 0.0372 0.0010
Pedestrian 0.0000 0 2.2004 658.1934 180.6938 690.0958 248.6294 1.3699 0.3943 0.5742 1.3887 1.3756 14.6002 2.2949 0.0010
Car 0.0000 0 -0.9046 0.0000 191.8249 130.5841 244.5909 1.4513 1.4617 3.5572 -16.7542 1.8341 22.0075 -1.5467 0.0009
Car 0.0000 0 2.8214 0.0000 0.0000 1224.0000 370.0000 1.6244 1.7880 5.3730 -19.0392 1.6151 2.1425 1.3810 0.0008
Cyclist 0.0000 0 1.3423 664.8519 156.4431 683.9794 190.9452 1.8889 0.6282 2.0167 3.8807 0.5733 39.7449 1.4407 0.0008
Car 0.0000 0 1.1684 663.9111 169.0346 729.3737 205.3098 1.3729 1.3479 3.5181 3.6185 0.9405 28.6313 1.2945 0.0008
Cyclist 0.0000 0 0.2302 660.7919 153.6352 699.0417 189.3773 1.9816 0.7097 2.0365 4.2159 0.4936 39.8656 0.3366 0.0008
Car 0.0000 0 0.2794 0.0000 0.0000 1224.0000 370.0000 1.7535 1.6678 4.2185 13.4893 0.7817 2.1188 1.6724 0.0008
Car 0.0000 0 1.0502 667.4482 161.3874 748.0452 205.1089 1.6019 1.4978 3.6900 3.9477 0.9031 27.8912 1.1911 0.0007
Car 0.0000 0 -2.5707 637.3561 168.8206 760.9192 207.5667 1.4577 1.7239 4.8176 3.7349 1.0198 28.8063 -2.4414 0.0007
Car 0.0000 0 0.1429 642.0160 168.7657 730.5856 207.1636 1.4317 1.4020 3.2506 3.1487 0.9957 27.4504 0.2577 0.0007
Car 0.0000 0 1.1513 673.1034 163.3055 741.9464 205.0128 1.5473 1.4739 3.2978 3.9714 0.9109 28.0136 1.2924 0.0007
Car 0.0000 0 0.1159 645.8258 168.8323 740.5728 207.1036 1.4285 1.4911 3.5129 3.4304 0.9945 27.5283 0.2402 0.0007
Car 0.0000 0 0.7454 629.5065 169.5652 729.8153 209.7421 1.4551 1.7189 3.6986 2.8277 1.0606 27.5573 0.8483 0.0006
Cyclist 0.0000 0 0.0362 666.3527 154.3923 703.9853 189.8802 1.9537 0.8110 2.0600 4.4739 0.5178 39.4754 0.1500 0.0006
Car 0.0000 0 0.3076 622.8007 171.2982 715.3458 207.8855 1.3626 1.4368 3.3239 2.4813 1.0214 27.6340 0.3979 0.0006
Car 0.0000 0 1.3544 671.8314 170.4210 721.5496 206.0556 1.3523 1.3184 3.2081 3.6169 0.9713 28.4840 1.4812 0.0006
Car 0.0000 0 1.3524 632.4750 170.9783 698.7700 208.9739 1.3969 1.7239 4.3345 2.3040 1.0484 28.2541 1.4346 0.0005
Car 0.0000 0 0.1222 625.4797 171.2079 721.8306 208.2419 1.3861 1.5170 3.5847 2.6787 1.0398 27.5895 0.2197 0.0005
Car 0.0000 0 0.2195 631.3808 170.2895 722.9700 207.7723 1.3973 1.4273 3.3205 2.7984 1.0181 27.5533 0.3214 0.0005
Car 0.0000 0 -2.6110 632.0469 170.5874 755.1927 206.4955 1.3501 1.7667 4.7129 3.5127 0.9789 28.7127 -2.4888 0.0005
Car 0.0000 0 0.5273 661.8301 164.4059 760.5887 205.8595 1.5145 1.5192 3.5118 4.0742 0.9280 27.5160 0.6745 0.0005
Car 0.0000 0 -2.6842 608.8063 170.0850 742.3568 209.4277 1.4313 1.7380 4.9581 2.6938 1.0539 27.7616 -2.5868 0.0005
Car 0.0000 0 1.4619 674.6346 166.9184 718.4719 204.7500 1.4287 1.3955 3.1442 3.5897 0.9173 28.2799 1.5886 0.0005
Car 0.0000 0 -2.4480 628.2120 169.5676 747.1427 209.4170 1.4434 1.6526 4.6687 3.1407 1.0489 27.8623 -2.3353 0.0004
Pedestrian 0.0000 0 -1.8267 669.7473 158.3519 685.9293 190.3378 1.7866 0.7616 0.6752 4.0971 0.5509 39.8801 -1.7232 0.0004
Pedestrian 0.0000 0 -1.8110 669.7706 158.7332 685.6552 190.5366 1.7779 0.7578 0.6528 4.0917 0.5625 39.8955 -1.7078 0.0004
Car 0.0000 0 1.5388 678.2355 167.0284 715.8533 204.6976 1.4163 1.3774 3.2575 3.6117 0.9113 28.2659 1.6663 0.0004
Car 0.0000 0 1.0490 650.0312 169.4664 736.1477 207.3478 1.4000 1.4271 4.3771 3.4122 0.9938 28.4198 1.1690 0.0004
Car 0.0000 0 1.2133 656.4024 172.7116 724.4188 208.6842 1.3419 1.4065 3.9617 3.3309 1.0529 28.4624 1.3303 0.0004
Car 0.0000 0 1.4836 673.3084 167.3685 717.5170 206.5084 1.4657 1.4611 3.1646 3.5173 0.9755 28.0816 1.6086 0.0004
Car 0.0000 0 0.9638 624.1502 169.1367 724.8399 209.7721 1.4590 1.6152 4.5442 2.5915 1.0525 27.7566 1.0576 0.0004
Car 0.0000 0 1.4991 670.8302 164.4672 716.9189 207.1063 1.5306 1.4863 3.7355 3.3425 0.9566 27.2790 1.6215 0.0004
Car 0.0000 0 0.8523 626.7294 167.1711 731.3961 208.6955 1.4889 1.7269 4.1726 2.7725 1.0125 27.5471 0.9533 0.0004
Cyclist 0.0000 0 0.1174 653.3312 155.1230 696.8874 190.9137 1.9883 0.6834 2.3803 3.9471 0.5799 39.8647 0.2172 0.0004
Pedestrian 0.0000 0 -1.4221 670.7969 158.8013 686.7981 190.3308 1.7492 0.8021 0.6705 4.1322 0.5468 39.6471 -1.3172 0.0003
Car 0.0000 0 0.3184 631.3387 168.6538 732.8986 207.9768 1.4575 1.5106 3.6595 2.9865 1.0200 27.6469 0.4266 0.0003
Pedestrian 0.0000 0 -1.6048 666.6794 164.3099 679.3761 194.2734 1.6652 0.6861 0.6658 3.8025 0.7668 39.6428 -1.5081 0.0003
Pedestrian 0.0000 0 -1.5556 666.8507 164.2310 679.4181 193.8967 1.6475 0.6915 0.6488 3.8122 0.7454 39.6223 -1.4587 0.0003
Car 0.0000 0 1.0343 647.6117 166.7277 724.6034 208.0309 1.4874 1.5464 3.1445 3.0360 0.9930 27.2088 1.1460 0.0003
Pedestrian 0.0000 0 -1.4125 670.6561 159.1352 686.9431 190.4911 1.7383 0.8092 0.6918 4.1308 0.5553 39.6310 -1.3076 0.0003
Car 0.0000 0 1.2535 650.6086 166.7066 713.9320 206.7211 1.4797 1.4682 3.4831 2.9669 0.9712 27.9980 1.3597 0.0002
Car 0.0000 0 1.3159 659.2675 170.2720 716.5933 209.3148 1.4604 1.3868 3.6853 3.2339 1.0794 28.3648 1.4299 0.0002
Cyclist 0.0000 0 -1.6684 540.8554 153.6787 615.8781 342.2816 1.8299 0.6489 1.6066 -0.3803 1.5713 7.6963 -1.7140 0.0002
Car 0.0000 0 1.1515 646.0461 167.8201 714.4253 208.3706 1.4995 1.5110 3.1767 2.8818 1.0321 27.8848 1.2551 0.0002
Cyclist 0.0000 0 -1.3832 0.0000 162.0585 4.6585 268.3361 1.8823 0.4126 1.6880 -11.8468 1.5573 13.3517 -2.0954 0.0002
Cyclist 0.0000 0 -1.6603 542.2319 154.6127 616.1811 342.7711 1.8218 0.6459 1.6466 -0.3719 1.5729 7.7000 -1.7049 0.0002
Car 0.0000 0 -1.0440 0.0000 150.5654 88.1527 331.2930 1.7320 1.5334 3.1872 -7.9364 1.4468 8.4873 -1.7754 0.0000
Car 0.0000 0 -1.1540 0.0000 156.1468 100.8165 337.8822 1.6508 1.4993 3.6403 -7.6019 1.4313 8.3779 -1.8702 0.0000