Pedestrian 0.0000 0 2.4984 982.9496 135.2383 1120.5839 304.2943 1.9300 0.8180 1.1427 5.3106 1.4149 8.5315 3.0403 0.9400
Pedestrian 0.0000 0 2.4979 983.4760 135.1682 1118.7511 304.1252 1.9287 0.8222 1.1096 5.3032 1.4129 8.5318 3.0392 0.9172
Pedestrian 0.0000 0 2.5184 984.1969 136.4117 1118.9816 303.6909 1.9177 0.7756 1.1376 5.3113 1.4140 8.5335 3.0603 0.8763
Pedestrian 0.0000 0 2.5074 984.1431 135.8024 1117.5902 303.1779 1.9166 0.7953 1.1081 5.3057 1.4064 8.5386 3.0486 0.8636
Pedestrian 0.0000 0 2.4921 981.2912 139.9543 1122.6755 305.2115 1.8902 0.8599 1.1674 5.3366 1.4281 8.5723 3.0342 0.6321
Car 0.0000 0 0.1675 0.0000 0.0000 1224.0000 370.0000 1.4889 1.5357 3.6501 1.3740 1.6113 -0.2659 1.6978 0.3614
Car 0.0000 0 0.4013 268.5409 0.0000 1224.0000 370.0000 1.5493 1.5651 3.6130 -1.1008 1.6171 -0.2021 -1.0578 0.3157
Car 0.0000 0 0.3156 316.9771 0.0000 1224.0000 370.0000 1.5305 1.5341 3.5171 -1.0417 1.6027 -0.0898 -1.0325 0.3084
Car 0.0000 0 0.0875 0.0000 0.0000 1224.0000 370.0000 1.4925 1.5626 3.6025 1.6444 1.6116 -0.1200 1.5368 0.2540
Car 0.0000 0 -0.9332 0.0000 0.0000 1224.0000 370.0000 1.4632 1.5074 3.7277 1.8904 1.6297 0.3487 0.2975 0.2520
Car 0.0000 0 -0.7815 0.0000 0.0000 1224.0000 370.0000 1.5734 1.6350 4.5600 0.9683 1.6356 0.1324 0.3510 0.2514
Car 0.0000 0 0.2253 0.0000 0.0000 1224.0000 370.0000 1.4384 1.5197 3.6056 1.6078 1.6213 -0.0296 1.6169 0.2477
Car 0.0000 0 3.5332 216.1691 0.0000 1224.0000 370.0000 1.4888 1.5070 3.7188 -1.2697 1.6284 -0.1947 2.0653 0.2418
Car 0.0000 0 -0.8163 0.0000 0.0000 802.3729 370.0000 1.4866 1.5339 3.7021 1.6980 1.6058 0.1518 0.4831 0.2339
Car 0.0000 0 -0.8751 0.0000 0.0000 858.9720 370.0000 1.5206 1.5730 3.7481 1.7202 1.6020 -0.0473 0.5380 0.2136
Car 0.0000 0 -0.9423 0.0000 0.0000 1123.8226 370.0000 1.5116 1.5341 3.5364 1.9383 1.5919 -0.0804 0.5052 0.2120
Car 0.0000 0 0.3588 0.0000 0.0000 1224.0000 370.0000 1.4471 1.4514 3.4373 1.4190 1.6392 0.0223 1.6922 0.2087
Car 0.0000 0 -0.9172 0.0000 0.0000 1224.0000 370.0000 1.4739 1.5101 3.4546 1.8340 1.5984 0.1624 0.3962 0.1968
Car 0.0000 0 -1.0395 0.0000 0.0000 1224.0000 370.0000 1.4564 1.5343 3.5112 1.9472 1.6172 0.4334 0.1622 0.1930
Car 0.0000 0 3.4968 207.2895 0.0000 1224.0000 370.0000 1.4686 1.4838 3.9357 -1.6679 1.6373 0.0323 2.1379 0.1724
Car 0.0000 0 -0.2552 396.6231 0.0000 1224.0000 370.0000 1.4794 1.5716 3.6416 -0.6697 1.6275 0.1819 -1.1772 0.1665
Car 0.0000 0 3.6408 164.6048 0.0000 1224.0000 370.0000 1.5127 1.5305 4.0233 -1.6292 1.6387 -0.2415 2.1219 0.1589
Car 0.0000 0 -0.5697 451.9496 0.0000 1224.0000 370.0000 1.5078 1.5439 3.7047 -0.5958 1.6278 0.5227 -1.1809 0.1588
Car 0.0000 0 -1.1054 0.0000 0.0000 1224.0000 370.0000 1.4427 1.4905 3.5889 1.9299 1.6357 0.7289 -0.0322 0.1569
Car 0.0000 0 -0.0259 0.0000 0.0000 1224.0000 370.0000 1.4992 1.5675 3.6352 1.6387 1.5962 -0.2967 1.5300 0.1503
Car 0.0000 0 -1.5221 0.0000 0.0000 1039.4381 370.0000 1.4759 1.6188 3.9833 -2.1030 1.6738 0.5981 -2.6782 0.1428
Car 0.0000 0 -3.9590 0.0000 0.0000 1224.0000 370.0000 1.4911 1.5249 4.2332 1.1094 1.6526 0.6993 -3.1312 0.1307
Car 0.0000 0 -1.0200 342.2009 263.5193 1224.0000 370.0000 1.4386 1.5283 3.7175 1.7827 1.6266 0.7990 -0.0095 0.1287
Car 0.0000 0 2.6822 42.4816 0.0000 1224.0000 370.0000 1.4396 1.4814 3.6185 -1.4362 1.6598 0.5646 1.6669 0.1284
Car 0.0000 0 -0.6765 587.9601 0.0000 1224.0000 370.0000 1.5064 1.5837 3.7323 -0.3810 1.6148 0.6672 -1.0412 0.1278
Car 0.0000 0 -0.1727 441.0266 0.0000 1224.0000 370.0000 1.5373 1.6136 3.6274 -0.6784 1.5800 0.1889 -1.0937 0.1246
Car 0.0000 0 0.5603 122.1209 0.0000 1224.0000 370.0000 1.4853 1.5348 3.6241 1.1680 1.6396 -0.0477 1.9009 0.1241
Car 0.0000 0 4.1477 620.8911 0.0000 1224.0000 370.0000 1.5276 1.5790 4.0239 -1.5389 1.6402 -0.1044 2.7200 0.1217
Car 0.0000 0 -0.1716 253.7661 0.0000 1224.0000 370.0000 1.4764 1.5310 3.7156 -1.0470 1.6297 0.2429 -1.2445 0.1203
Car 0.0000 0 -0.4579 587.9583 0.0000 1224.0000 370.0000 1.5295 1.5824 3.7848 -0.6069 1.6375 0.8374 -0.9377 0.1193
Car 0.0000 0 3.0323 250.8770 0.0000 1224.0000 370.0000 1.5249 1.5864 4.1275 -1.8106 1.6704 0.8519 2.0389 0.1147
Car 0.0000 0 4.3677 161.8497 0.0000 1224.0000 370.0000 1.5376 1.5955 4.1705 -2.0489 1.6722 -0.2028 2.8573 0.1106
Car 0.0000 0 4.2597 0.0000 0.0000 1224.0000 370.0000 1.5000 1.5992 4.1375 -2.1924 1.6675 0.0827 2.8737 0.1009
Pedestrian 0.0000 0 3.0004 52.1793 173.8071 94.3217 266.8139 1.6522 0.4943 0.5567 -9.7686 1.5350 12.9267 2.3668 0.0992
Car 0.0000 0 4.2480 92.8955 0.0000 1224.0000 370.0000 1.5699 1.6063 4.2600 -2.8425 1.7082 -0.0254 2.7831 0.0946
Car 0.0000 0 0.8411 0.0000 0.0000 1224.0000 370.0000 1.4513 1.4762 3.3916 1.2726 1.6425 0.3817 1.9075 0.0945
Car 0.0000 0 2.9236 166.2333 0.0000 1224.0000 370.0000 1.4479 1.5029 3.7908 -1.6716 1.6715 0.7025 1.9049 0.0923
Car 0.0000 0 -0.2498 0.0000 0.0000 1224.0000 370.0000 1.5300 1.5847 3.7497 2.0831 1.5828 -0.2220 1.2737 0.0915
Car 0.0000 0 -4.1142 0.0000 0.0000 1224.0000 370.0000 1.5047 1.6234 4.0508 1.1513 1.6182 0.1394 -2.9240 0.0913
Car 0.0000 0 4.3395 0.0000 0.0000 1224.0000 370.0000 1.5341 1.6235 4.2198 -2.4383 1.6985 -0.0665 2.8752 0.0890
Car 0.0000 0 -1.0463 0.0000 0.0000 1069.0411 370.0000 1.5081 1.4967 3.6163 2.1580 1.5805 -0.0973 0.4216 0.0843
Car 0.0000 0 -1.8580 0.0000 0.0000 1224.0000 370.0000 1.4612 1.5743 4.0234 -2.0678 1.6780 0.4862 -3.0540 0.0841
Car 0.0000 0 2.2678 0.0000 0.0000 1224.0000 370.0000 1.6017 1.6311 4.2311 0.4146 1.6033 0.1013 3.0435 0.0830
Car 0.0000 0 3.3364 302.0063 0.0000 1224.0000 370.0000 1.4983 1.5365 4.3954 -1.8214 1.6353 0.4523 2.1700 0.0818
Car 0.0000 0 -0.1789 0.0000 0.0000 1224.0000 370.0000 1.4283 1.5613 3.5653 2.0335 1.6269 -0.0452 1.2575 0.0807
Car 0.0000 0 4.2794 0.0000 0.0000 1224.0000 370.0000 1.5141 1.6121 4.1336 -2.2430 1.6803 0.0350 2.8686 0.0805
Car 0.0000 0 1.2331 0.0000 0.0000 1224.0000 370.0000 1.5978 1.6127 4.1419 -2.7665 1.6762 -0.1310 -0.2667 0.0800
Car 0.0000 0 4.2216 0.0000 0.0000 1224.0000 370.0000 1.4545 1.5490 3.9704 -1.7290 1.6664 0.4548 3.0754 0.0797
Pedestrian 0.0000 0 -1.4864 0.0000 0.0000 1224.0000 370.0000 1.6963 0.5536 0.6779 3.8425 1.6064 0.1489 -0.0364 0.0794
Car 0.0000 0 -3.9705 0.0000 0.0000 1224.0000 370.0000 1.5668 1.6574 4.1905 0.5209 1.6065 0.1097 -3.0913 0.0775
Car 0.0000 0 -0.2466 0.0000 0.0000 1224.0000 370.0000 1.4649 1.5612 3.5571 2.0983 1.5863 -0.0568 1.1992 0.0772
Pedestrian 0.0000 0 2.9777 51.2697 172.9857 94.2165 266.4989 1.6610 0.4994 0.5582 -9.7784 1.5291 12.9277 2.3437 0.0764
Car 0.0000 0 2.3719 0.0000 0.0000 1224.0000 370.0000 1.5067 1.5926 4.1280 0.4973 1.6446 0.2326 3.1035 0.0755
Car 0.0000 0 0.9258 0.0000 0.0000 1224.0000 370.0000 1.5510 1.6419 4.1332 -0.8773 1.6192 -0.0340 -0.3243 0.0748
Car 0.0000 0 0.7556 0.0000 0.0000 1224.0000 370.0000 1.4453 1.5814 3.7133 1.5694 1.6306 0.6516 1.7721 0.0738
Car 0.0000 0 -1.0424 0.0000 0.0000 1224.0000 370.0000 1.4552 1.5006 3.3881 2.1977 1.5683 0.1896 0.3005 0.0731
Car 0.0000 0 4.3421 144.6116 0.0000 1224.0000 370.0000 1.5525 1.6030 4.1933 -2.1027 1.6624 -0.3089 2.7798 0.0730
Car 0.0000 0 2.3833 0.0000 0.0000 1224.0000 370.0000 1.5373 1.5982 4.1502 0.4100 1.6265 0.1846 3.0644 0.0729
Car 0.0000 0 3.6733 0.0000 0.0000 1224.0000 370.0000 1.5135 1.5459 4.1003 -0.3722 1.5888 0.1139 2.9718 0.0726
Pedestrian 0.0000 0 2.9620 61.5207 173.3919 103.8727 267.3427 1.6686 0.5076 0.5456 -9.5944 1.5440 12.9249 2.3369 0.0723
Pedestrian 0.0000 0 3.0535 62.5660 173.0124 103.7742 267.0266 1.6690 0.5068 0.5690 -9.5863 1.5377 12.9245 2.4288 0.0722
Car 0.0000 0 0.1004 271.9950 0.0000 1224.0000 370.0000 1.5777 1.6621 3.6711 -0.7305 1.5936 -0.1578 -1.2450 0.0713
Car 0.0000 0 -3.6813 0.0000 0.0000 1224.0000 370.0000 1.4664 1.4577 3.7027 0.6340 1.6576 0.6941 -3.1224 0.0709
Car 0.0000 0 -3.1038 0.0000 0.0000 1224.0000 370.0000 1.5205 1.6082 4.1142 -0.0101 1.6144 0.5944 -3.1123 0.0698
Car 0.0000 0 -2.1440 0.0000 0.0000 1224.0000 370.0000 1.4536 1.4820 3.6192 -1.0924 1.6445 0.4539 -3.0945 0.0680
Car 0.0000 0 2.1243 0.0000 0.0000 1224.0000 370.0000 1.5161 1.5954 4.1894 1.0601 1.6676 0.3377 3.1391 0.0654
Car 0.0000 0 -1.8091 0.0000 0.0000 1224.0000 370.0000 1.4964 1.5787 3.8056 -2.2387 1.6951 0.4977 -3.0268 0.0627
Car 0.0000 0 4.3110 0.0000 0.0000 1224.0000 370.0000 1.4858 1.5565 3.9649 -1.6456 1.6251 0.0718 2.9777 0.0617
Car 0.0000 0 -3.0421 0.0000 0.0000 1224.0000 370.0000 1.5068 1.5664 3.3426 2.3254 1.5788 0.0751 -1.6395 0.0607
Car 0.0000 0 -1.8643 0.0000 0.0000 1224.0000 370.0000 1.5530 1.5205 4.0508 -2.9492 1.6965 0.7264 -3.0916 0.0603
Car 0.0000 0 4.2487 0.0000 0.0000 1224.0000 370.0000 1.5600 1.5947 4.3308 -2.2565 1.6722 -0.2118 2.7290 0.0597
Car 0.0000 0 0.9359 0.0000 0.0000 1224.0000 370.0000 1.4627 1.4932 3.4746 1.5296 1.6577 0.7349 1.9030 0.0596
Car 0.0000 0 0.7667 0.0000 0.0000 1224.0000 370.0000 1.4209 1.4265 3.2787 1.4613 1.6615 0.5275 1.8118 0.0586
Car 0.0000 0 0.9585 0.0000 0.0000 1224.0000 370.0000 1.4449 1.5893 3.8910 1.5706 1.6192 0.8283 1.8983 0.0564
Car 0.0000 0 2.8098 0.0000 0.0000 1224.0000 370.0000 1.5266 1.6050 4.1259 0.1466 1.5862 0.2153 3.0789 0.0560
Car 0.0000 0 -0.6575 0.0000 237.0738 1224.0000 370.0000 1.4903 1.5787 3.9253 1.1945 1.6496 1.0779 0.0501 0.0555
Car 0.0000 0 2.4468 0.0000 0.0000 1224.0000 370.0000 1.4765 1.5146 4.0617 0.3991 1.6652 0.3419 2.9888 0.0544
Car 0.0000 0 4.3646 125.8751 0.0000 1224.0000 370.0000 1.5780 1.6040 4.3028 -2.6734 1.6915 -0.2290 2.8307 0.0506
Car 0.0000 0 3.4125 173.9366 0.0000 1224.0000 370.0000 1.5141 1.5934 4.4484 -1.8599 1.6109 0.0740 2.0540 0.0493
Car 0.0000 0 -2.2117 0.0000 0.0000 872.7651 370.0000 1.5028 1.6186 3.6965 0.6848 1.6572 1.1225 -1.7677 0.0490
Car 0.0000 0 0.8125 0.0000 0.0000 1224.0000 370.0000 1.4995 1.5773 3.6242 1.3146 1.6750 0.6976 1.7245 0.0489
Cyclist 0.0000 0 -2.2520 834.4561 165.6890 922.8099 267.9764 1.6305 0.3847 1.7495 4.6139 1.3961 12.1563 -1.8961 0.0475
Pedestrian 0.0000 0 2.8263 75.5039 173.4993 119.5517 261.8378 1.6138 0.4852 0.5524 -9.5747 1.4876 13.2783 2.2147 0.0461
Car 0.0000 0 -0.7972 521.6371 0.0000 1224.0000 370.0000 1.4836 1.6076 3.6942 -0.3332 1.6123 0.5177 -1.1718 0.0450
Car 0.0000 0 3.0329 0.0000 0.0000 1224.0000 370.0000 1.4915 1.5589 4.0931 -0.0000 1.6539 0.3826 3.0349 0.0441
Cyclist 0.0000 0 -0.5638 15.8448 172.1125 127.2935 269.1522 1.6574 0.4283 1.6461 -9.7375 1.5158 12.9158 -1.1963 0.0432
Car 0.0000 0 -3.4845 0.0000 0.0000 1224.0000 370.0000 1.5133 1.5777 4.0411 1.0383 1.6609 1.0354 -2.8304 0.0429
Car 0.0000 0 2.6924 0.0000 0.0000 1224.0000 370.0000 1.4807 1.5476 4.0695 0.2859 1.6550 0.4214 3.0608 0.0429
Car 0.0000 0 -1.1975 552.8467 0.0000 1224.0000 370.0000 1.5038 1.6443 3.9074 0.0266 1.6150 0.8889 -1.1733 0.0425
Car 0.0000 0 -3.1470 0.0000 0.0000 1224.0000 370.0000 1.4418 1.6251 3.3421 9.5975 1.4844 -0.1781 -1.5899 0.0419
Car 0.0000 0 -1.3257 459.7318 0.0000 1224.0000 370.0000 1.5226 1.6548 3.7515 0.0801 1.6119 0.5667 -1.2335 0.0415
Pedestrian 0.0000 0 -2.1883 0.0000 0.0000 1224.0000 370.0000 1.7444 0.6617 0.7031 3.7986 1.5989 -0.2313 -0.6403 0.0411
Car 0.0000 0 2.8862 0.0000 0.0000 1224.0000 370.0000 1.5857 1.6151 4.1037 0.0509 1.5591 0.0559 3.0251 0.0403
Car 0.0000 0 2.5848 0.0000 0.0000 1224.0000 370.0000 1.5342 1.5783 4.0638 0.2885 1.5890 0.1977 3.0934 0.0402
Car 0.0000 0 0.7460 551.0084 0.0000 1224.0000 370.0000 1.5194 1.6059 3.9622 0.6595 1.6512 -0.2545 2.2142 0.0402
Car 0.0000 0 2.2458 0.0000 170.6802 19.2094 205.9800 1.4136 1.6790 3.5821 -27.2581 1.0219 30.1425 1.5177 0.0397
Car 0.0000 0 1.0083 0.0000 0.0000 995.9857 370.0000 1.4858 1.5606 3.6103 0.6215 1.6683 0.7248 1.5452 0.0391
Car 0.0000 0 2.4879 0.0000 0.0000 1224.0000 370.0000 1.5953 1.6028 4.0863 0.2840 1.5449 0.0964 3.0864 0.0377
Car 0.0000 0 2.9295 0.0000 0.0000 1224.0000 370.0000 1.5389 1.6132 4.2077 0.0443 1.5961 0.1640 3.0237 0.0360
Car 0.0000 0 -2.0403 1164.8289 155.8147 1224.0000 216.3968 1.5906 1.6381 3.8279 18.2470 0.9441 20.6160 -1.3219 0.0351
Car 0.0000 0 3.4209 0.0000 0.0000 1224.0000 370.0000 1.5782 1.6400 4.0725 -0.1849 1.5893 -0.0180 2.8814 0.0349
Car 0.0000 0 3.1112 0.0000 0.0000 1224.0000 370.0000 1.5012 1.5772 4.0197 -0.1061 1.6415 0.5121 2.9871 0.0348
Car 0.0000 0 -0.8805 237.2398 0.0000 937.5959 370.0000 1.6049 1.6755 3.8512 -0.1739 1.5477 -0.1146 -1.5670 0.0344
Car 0.0000 0 0.2600 0.0000 0.0000 1224.0000 370.0000 1.3187 1.4307 3.3910 14.2987 1.4801 -0.2364 1.8263 0.0311
Car 0.0000 0 -2.9517 0.0000 0.0000 1224.0000 370.0000 1.3984 1.5314 3.4926 14.5112 1.4736 -0.2433 -1.3849 0.0311
Car 0.0000 0 2.2306 0.0000 168.2696 11.9350 205.6808 1.4549 1.6539 3.9995 -27.2052 0.9808 29.5489 1.4937 0.0309
Cyclist 0.0000 0 0.0971 0.0000 0.0000 1224.0000 370.0000 1.6685 0.5197 1.9441 -1.1100 1.5585 -0.0288 -1.2118 0.0306
Car 0.0000 0 -2.9079 0.0000 0.0000 1224.0000 370.0000 1.3707 1.4979 3.4898 14.5737 1.4945 -0.0366 -1.3553 0.0302
Cyclist 0.0000 0 -0.3315 0.0000 0.0000 1224.0000 370.0000 1.6844 0.5215 1.7741 -1.3764 1.7010 0.5564 -1.3320 0.0302
Car 0.0000 0 -2.7892 0.0000 0.0000 1224.0000 370.0000 1.5536 1.6138 4.1713 -0.3657 1.6676 0.8161 -3.0980 0.0302
Car 0.0000 0 -1.6155 333.5730 0.0000 1034.1666 370.0000 1.6061 1.6764 3.9099 0.0722 1.5860 0.1234 -1.4513 0.0299
Car 0.0000 0 -1.5241 8.6181 0.0000 1224.0000 370.0000 1.4807 1.6189 3.7821 0.1959 1.6599 1.1532 -1.3905 0.0293
Car 0.0000 0 2.0634 0.0000 169.8953 10.3683 205.6403 1.3877 1.5966 3.8450 -26.8839 0.9775 29.5007 1.3317 0.0290
Cyclist 0.0000 0 3.4185 0.0000 0.0000 1224.0000 370.0000 1.6339 0.5715 1.7260 -1.6687 1.6780 0.0172 2.0506 0.0287
Car 0.0000 0 2.1160 0.0000 169.9954 13.6547 206.0704 1.3973 1.6066 4.0397 -26.9075 0.9919 29.5150 1.3840 0.0284
Cyclist 0.0000 0 -2.0163 834.2809 164.4965 903.1611 264.4874 1.6457 0.3948 1.7843 4.5924 1.3839 12.5393 -1.6717 0.0283
Car 0.0000 0 2.8123 0.0000 0.0000 1224.0000 370.0000 1.4867 1.5490 3.9973 0.1569 1.6625 0.4391 3.0170 0.0280
Cyclist 0.0000 0 -1.2023 243.4697 170.3566 305.7043 268.5737 1.6176 0.4071 1.6741 -5.8446 1.4522 12.4871 -1.6286 0.0276
Car 0.0000 0 -3.2391 0.0000 0.0000 1224.0000 370.0000 1.5664 1.5955 4.2256 0.7026 1.6613 1.0513 -2.7650 0.0270
Cyclist 0.0000 0 -0.2015 155.2300 0.0000 1224.0000 370.0000 1.6760 0.4335 1.8099 -1.0856 1.6551 0.4369 -1.1596 0.0270
Cyclist 0.0000 0 1.2024 1149.1682 156.2173 1205.2816 223.5653 1.6550 0.5292 1.7189 14.7170 1.0599 18.2690 1.8737 0.0266
Car 0.0000 0 -3.3716 0.0000 0.0000 1224.0000 370.0000 1.5011 1.5705 4.0891 0.2790 1.6307 0.6917 -3.1013 0.0263
Car 0.0000 0 3.5461 248.4744 0.0000 1224.0000 370.0000 1.5712 1.6400 4.6906 -2.1861 1.6612 0.2630 2.2390 0.0263
Car 0.0000 0 -3.4846 0.0000 0.0000 1224.0000 370.0000 1.4967 1.5505 3.9445 0.4448 1.6540 0.7742 -3.0978 0.0257
Car 0.0000 0 2.2294 0.0000 168.6073 13.5225 205.7604 1.4479 1.6503 4.0215 -27.1977 0.9859 29.6171 1.4938 0.0253
Car 0.0000 0 -1.4727 0.0000 179.5871 26.7884 222.3558 1.4658 1.5948 3.9006 -22.7461 1.4361 26.2846 -2.1783 0.0247
Car 0.0000 0 2.2610 0.0000 170.6467 16.1292 206.2646 1.4032 1.6917 3.8140 -27.2160 1.0165 29.7919 1.5279 0.0243
Car 0.0000 0 -0.2706 0.0000 0.0000 1224.0000 370.0000 1.5160 1.5638 3.7338 2.3887 1.5729 -0.2049 1.2520 0.0240
Car 0.0000 0 -1.8056 0.0000 180.8737 32.5419 222.4127 1.4337 1.5555 3.8378 -22.8408 1.4499 26.1843 -2.5151 0.0234
Car 0.0000 0 -0.1664 57.8973 0.0000 1224.0000 370.0000 1.5685 1.6650 3.9749 -2.2394 1.7032 0.8685 -1.2466 0.0231
Pedestrian 0.0000 0 2.3635 28.3594 170.3720 84.2176 269.0924 1.7179 0.4716 0.6432 -9.8546 1.5433 12.6511 1.7156 0.0228
Cyclist 0.0000 0 -1.8627 867.7922 168.7453 926.5469 269.0278 1.5990 0.4086 1.8143 4.9565 1.4132 12.1904 -1.4838 0.0228
Cyclist 0.0000 0 0.5598 0.0000 0.0000 1224.0000 370.0000 1.6695 0.5555 1.9883 1.4093 1.5607 0.0601 1.8664 0.0225
Car 0.0000 0 -2.1030 0.0000 173.6170 13.0372 208.4148 1.4708 1.7094 4.3031 -28.7138 1.1813 31.3383 -2.8378 0.0221
Car 0.0000 0 -2.3611 391.1941 0.0000 1224.0000 370.0000 1.6447 1.6748 3.9010 0.1608 1.5155 -0.2134 -1.3862 0.0212
Cyclist 0.0000 0 0.4220 20.1515 173.5229 127.7413 265.2639 1.6293 0.4371 1.5325 -9.7272 1.5071 12.9256 -0.2095 0.0209
Cyclist 0.0000 0 -0.4469 0.0000 0.0000 1224.0000 370.0000 1.6484 0.4331 1.7409 -1.0641 1.7181 0.7472 -1.2280 0.0208
Pedestrian 0.0000 0 -2.1461 0.0000 0.0000 1224.0000 370.0000 1.7556 0.6733 0.7196 4.1691 1.5563 -0.2219 -0.5982 0.0200
Pedestrian 0.0000 0 -2.0889 0.0000 0.0000 1224.0000 370.0000 1.7879 0.6992 0.6769 4.1733 1.5656 -0.2100 -0.5438 0.0195
Cyclist 0.0000 0 -2.9883 0.0000 0.0000 1224.0000 370.0000 1.6273 0.5317 1.8903 1.7511 1.5406 0.0594 -1.6313 0.0194
Cyclist 0.0000 0 0.0487 16.2653 0.0000 1224.0000 370.0000 1.6454 0.4825 1.7989 -1.3342 1.6639 0.3452 -1.0558 0.0192
Car 0.0000 0 -2.7394 0.0000 0.0000 1224.0000 370.0000 1.4565 1.5902 3.7433 5.6143 1.3900 -0.0024 -1.2243 0.0191
Car 0.0000 0 1.9191 0.0000 169.5031 13.1781 206.4029 1.4245 1.5948 4.0531 -26.5068 1.0014 29.4673 1.1938 0.0189
Cyclist 0.0000 0 -0.6270 0.0000 0.0000 1224.0000 370.0000 1.7163 0.4525 1.7809 -0.6319 1.6504 0.7575 -1.1542 0.0187
Car 0.0000 0 3.5975 0.0000 171.8057 18.9140 207.0059 1.4766 1.6683 4.0905 -28.6074 1.1133 31.0243 2.8595 0.0185
Car 0.0000 0 1.9606 0.0000 170.8038 16.2187 205.2521 1.3774 1.5969 3.4932 -26.9311 0.9912 30.1783 1.2391 0.0182
Car 0.0000 0 -2.3811 0.0000 173.6123 15.4593 208.2368 1.4766 1.7133 4.5331 -28.8711 1.1844 31.0463 -3.1233 0.0182
Car 0.0000 0 2.0269 0.0000 168.9300 28.6603 205.5183 1.5092 1.7956 3.9605 -27.6443 1.0335 31.3046 1.3104 0.0181
Car 0.0000 0 -0.4380 774.8145 155.7395 842.5362 180.0504 1.5677 1.7055 3.9554 13.4539 -0.0292 46.7867 -0.1580 0.0181
Car 0.0000 0 1.8466 0.0000 169.0516 10.8713 205.6677 1.4243 1.5797 3.8428 -26.4960 0.9805 29.5720 1.1233 0.0180
Car 0.0000 0 -3.1105 0.0000 0.0000 1224.0000 370.0000 1.5028 1.6530 4.1221 0.4888 1.7007 1.0758 -2.7731 0.0179
Car 0.0000 0 3.6833 0.0000 173.9789 18.9047 208.5505 1.4567 1.6826 4.2365 -28.6831 1.1834 31.0281 2.9441 0.0178
Cyclist 0.0000 0 2.1775 39.7401 177.2884 129.3979 269.1543 1.5714 0.4432 1.6530 -9.5039 1.5181 12.9190 1.5567 0.0177
Car 0.0000 0 -0.7714 772.4963 154.6427 838.6188 179.5452 1.5939 1.7180 4.2470 13.3884 -0.0648 47.1504 -0.4946 0.0176
Car 0.0000 0 3.6940 101.8678 0.0000 1224.0000 370.0000 1.5558 1.6853 4.5086 -2.3190 1.6239 -0.1031 2.2196 0.0172
Car 0.0000 0 3.5843 0.0000 171.3023 18.2418 207.0209 1.4950 1.6860 4.0277 -28.5704 1.1115 30.9818 2.8463 0.0172
Car 0.0000 0 -2.8481 738.9137 154.0956 810.1446 179.0033 1.5901 1.6832 4.3181 11.2931 -0.1024 47.1675 -2.6127 0.0171
Car 0.0000 0 -2.9531 0.0000 0.0000 1224.0000 370.0000 1.5145 1.6663 3.7720 5.8346 1.4994 -0.1100 -1.4174 0.0170
Car 0.0000 0 -0.2901 758.7166 157.0928 827.0851 181.5846 1.5852 1.6885 4.0452 12.3650 0.0715 46.6646 -0.0309 0.0168
Cyclist 0.0000 0 -1.0676 38.4723 177.3182 123.1856 275.6260 1.6476 0.4511 1.6861 -9.4178 1.5960 12.7092 -1.6917 0.0168
Car 0.0000 0 -2.1770 0.0000 171.4521 15.5202 206.0564 1.4717 1.6887 4.1434 -28.6705 1.0884 31.3621 -2.9107 0.0168
Car 0.0000 0 -1.8903 0.0000 172.6470 10.9939 207.5349 1.4766 1.6880 4.3052 -28.6754 1.1457 31.7271 -2.6184 0.0168
Car 0.0000 0 -2.7594 0.0000 0.0000 1224.0000 370.0000 1.4970 1.6327 3.8722 5.7877 1.4460 0.0376 -1.2495 0.0167
Car 0.0000 0 0.9892 286.9203 0.0000 1224.0000 370.0000 1.5195 1.6142 3.9240 0.6216 1.7050 0.1852 1.8757 0.0165
Car 0.0000 0 -2.8774 0.0000 0.0000 1224.0000 370.0000 1.5008 1.6498 4.0964 0.1246 1.7012 1.2684 -2.7980 0.0164
Car 0.0000 0 -0.0921 748.8873 157.1508 817.0647 182.1978 1.6124 1.7539 4.2199 11.6996 0.1106 46.7014 0.1536 0.0162
Car 0.0000 0 0.1619 0.0000 0.0000 1224.0000 370.0000 1.3468 1.4820 3.6075 14.5950 1.5241 0.2765 1.6932 0.0161
Car 0.0000 0 3.4921 0.0000 171.6544 17.8999 207.7526 1.4894 1.6761 4.2831 -28.5439 1.1259 30.7577 2.7510 0.0160
Car 0.0000 0 -2.1670 0.0000 171.3795 15.4055 206.0048 1.4714 1.6612 4.1301 -28.6225 1.0853 31.3408 -2.9002 0.0158
Car 0.0000 0 -0.8195 0.0000 125.7038 304.5439 370.0000 1.9764 1.9761 4.7932 -5.7890 1.5427 8.1327 -1.4180 0.0157
Cyclist 0.0000 0 0.7165 49.9636 170.0392 161.8736 265.6187 1.6960 0.5390 1.7570 -9.1456 1.5120 12.9085 0.1134 0.0155
Car 0.0000 0 -2.8221 0.0000 0.0000 1224.0000 370.0000 1.5076 1.6576 3.8649 5.8565 1.4411 -0.0609 -1.2946 0.0154
Car 0.0000 0 -2.0554 0.0000 0.0000 1224.0000 370.0000 1.5353 1.6199 3.7586 5.5509 1.4799 -0.1827 -0.5085 0.0154
Car 0.0000 0 2.0111 0.0000 169.8890 14.2091 205.4247 1.3972 1.6478 3.6605 -26.8443 0.9815 29.7827 1.2847 0.0153
Car 0.0000 0 -1.9308 0.0000 171.4248 13.6238 206.4032 1.4845 1.6639 4.1913 -28.5926 1.1009 31.7151 -2.6576 0.0150
Pedestrian 0.0000 0 -2.1108 30.7554 168.8273 83.9157 269.4684 1.7580 0.4919 0.6553 -9.8785 1.5558 12.6967 -2.7581 0.0146
Pedestrian 0.0000 0 -1.5503 0.0000 0.0000 1224.0000 370.0000 1.7187 0.5164 0.6721 4.1105 1.5947 0.1187 -0.0851 0.0146
Car 0.0000 0 3.4099 0.0000 174.0900 15.8999 209.5693 1.4531 1.6762 4.3886 -28.6277 1.1920 30.7017 2.6664 0.0145
Car 0.0000 0 3.6130 0.0000 169.9205 18.7432 205.7644 1.5036 1.7332 3.8930 -28.4951 1.0613 31.0010 2.8767 0.0145
Car 0.0000 0 -0.4499 772.6404 156.2973 839.2564 180.9057 1.5881 1.6703 3.9011 13.2753 0.0275 46.7843 -0.1734 0.0145
Car 0.0000 0 -0.8971 0.0000 170.1815 9.5416 206.8381 1.4209 1.5983 4.0736 -27.2757 1.0224 29.4860 -1.6364 0.0145
Car 0.0000 0 0.7580 1184.4773 155.6761 1224.0000 218.9802 1.5390 1.6309 3.7918 18.0876 0.9371 19.1270 1.5088 0.0144
Pedestrian 0.0000 0 -1.6625 0.0000 0.0000 1224.0000 370.0000 1.7463 0.5478 0.6429 4.1130 1.5902 0.1186 -0.1973 0.0144
Car 0.0000 0 -1.9017 0.0000 171.9747 10.5058 206.5589 1.4672 1.6494 4.1188 -28.6495 1.1070 31.7199 -2.6295 0.0143
Car 0.0000 0 -2.2172 0.0000 0.0000 1224.0000 370.0000 1.5500 1.6043 3.6795 5.7107 1.4766 -0.2645 -0.6553 0.0143
Car 0.0000 0 -2.9271 0.0000 0.0000 1224.0000 370.0000 1.5655 1.7063 3.8442 5.8469 1.5740 -0.1135 -1.3906 0.0141
Car 0.0000 0 1.8808 0.0000 187.6474 35.5113 239.5180 1.4348 1.5765 3.9317 -19.6149 1.6828 22.2534 1.1671 0.0141
Car 0.0000 0 -1.4269 789.2636 147.4640 825.7802 178.9727 2.0019 1.7454 4.4079 13.6551 -0.1065 47.5150 -1.1470 0.0139
Cyclist 0.0000 0 0.7544 0.0000 0.0000 1224.0000 370.0000 1.7009 0.5502 1.8592 1.1229 1.6388 0.3834 1.7651 0.0139
Car 0.0000 0 2.1906 0.0000 172.5311 22.5855 207.9321 1.4437 1.6905 3.3504 -27.3274 1.1202 30.5823 1.4684 0.0138
Car 0.0000 0 -3.0654 0.0000 0.0000 1224.0000 370.0000 1.5705 1.6541 3.8045 5.8998 1.5875 -0.0724 -1.5356 0.0137
Pedestrian 0.0000 0 -0.2288 154.7949 172.0342 199.8551 262.4081 1.6080 0.4374 0.6266 -7.8777 1.4590 12.9498 -0.7626 0.0135
Car 0.0000 0 -2.1919 0.0000 180.0230 35.0603 221.8818 1.4488 1.6109 3.9969 -23.1461 1.4338 25.6963 -2.9172 0.0134
Car 0.0000 0 -2.8805 0.0000 0.0000 1224.0000 370.0000 1.4692 1.5864 3.8104 5.7957 1.4387 -0.1053 -1.3459 0.0133
Car 0.0000 0 1.7369 0.0000 180.7150 44.0211 222.8564 1.4642 1.5557 4.1240 -22.6120 1.4745 26.7554 1.0428 0.0131
Car 0.0000 0 -0.7284 0.0000 170.1078 24.0922 208.8605 1.5671 1.7622 3.5894 -27.5206 1.1484 30.4713 -1.4560 0.0130
Cyclist 0.0000 0 3.1018 0.0000 0.0000 1224.0000 370.0000 1.6761 0.5385 1.7917 -1.7341 1.7393 0.3237 1.8895 0.0129
Car 0.0000 0 -1.4962 791.4462 144.0035 823.6387 179.2406 2.2444 1.7483 4.6086 13.7014 -0.0880 47.6720 -1.2162 0.0129
Car 0.0000 0 2.0416 511.9671 170.7096 588.8167 209.6804 1.5386 1.6169 3.9863 -2.2606 1.1535 30.0597 1.9691 0.0128
Car 0.0000 0 2.0957 0.0000 176.5213 85.7209 217.5099 1.4454 1.5397 4.0540 -21.9081 1.3067 27.0471 1.4224 0.0128
Cyclist 0.0000 0 -0.5482 0.0000 174.3160 115.7967 277.3557 1.7140 0.4445 1.7210 -9.8110 1.6128 12.6382 -1.1945 0.0126
Pedestrian 0.0000 0 0.3396 50.8093 172.9407 106.2770 270.4505 1.7051 0.5266 0.6595 -9.4941 1.5746 12.7051 -0.2885 0.0125
Pedestrian 0.0000 0 0.4477 49.1843 173.7045 105.5240 270.8520 1.7016 0.5183 0.6489 -9.5074 1.5842 12.6928 -0.1815 0.0123
Car 0.0000 0 1.9472 439.9848 168.3077 535.2533 225.1453 1.5542 1.5713 3.6790 -3.4596 1.2224 21.2956 1.7904 0.0121
Car 0.0000 0 -1.0486 0.0000 171.1669 9.3662 207.7326 1.4051 1.5795 4.1336 -26.9280 1.0480 29.3520 -1.7837 0.0118
Car 0.0000 0 2.1125 0.0000 180.3763 80.0685 222.3836 1.4767 1.5423 3.8845 -21.9892 1.4739 26.8801 1.4343 0.0118
Car 0.0000 0 -1.4255 782.6045 144.1885 820.5864 180.3820 2.3143 1.8185 4.6254 13.3141 -0.0071 47.7048 -1.1532 0.0117
Pedestrian 0.0000 0 2.8281 62.7079 172.1514 105.0108 260.1806 1.6076 0.4912 0.5161 -9.8188 1.4567 13.2604 2.2040 0.0116
Car 0.0000 0 -1.2932 786.9246 150.7817 831.0945 178.4355 1.7466 1.7239 4.3055 13.6859 -0.1434 47.2760 -1.0113 0.0116
Pedestrian 0.0000 0 2.8761 65.1023 173.7052 105.2499 260.2571 1.5831 0.4867 0.5013 -9.8059 1.4605 13.2756 2.2532 0.0116
Cyclist 0.0000 0 0.7652 0.0000 0.0000 1224.0000 370.0000 1.6209 0.5200 1.8199 1.4074 1.6896 0.4515 1.8342 0.0115
Car 0.0000 0 1.9460 0.0000 175.8395 71.1511 217.1835 1.4520 1.5540 4.1537 -22.2315 1.2898 27.0405 1.2655 0.0115
Car 0.0000 0 -2.8218 0.0000 0.0000 1224.0000 370.0000 1.5136 1.6173 3.8105 5.7784 1.5128 -0.1226 -1.2843 0.0113
Car 0.0000 0 1.6667 511.7942 176.3004 562.3823 214.2194 1.4087 1.6330 3.8964 -2.6647 1.2542 28.2141 1.5753 0.0112
Car 0.0000 0 1.7812 510.1422 174.5331 568.6839 212.1674 1.4550 1.6319 3.8998 -2.6708 1.2258 29.3659 1.6932 0.0112
Car 0.0000 0 1.7680 508.5482 176.8129 567.6816 214.7857 1.4274 1.6386 3.8956 -2.6517 1.2903 28.5970 1.6783 0.0112
Car 0.0000 0 1.7297 513.1461 173.1075 566.4379 210.6958 1.4755 1.6282 3.8835 -2.6947 1.1868 29.7449 1.6421 0.0112
Car 0.0000 0 1.7943 508.6421 176.0860 569.2083 213.6547 1.4311 1.6361 3.9031 -2.6526 1.2644 28.9717 1.7057 0.0112
Car 0.0000 0 2.2347 158.1108 177.6265 302.5964 233.1543 1.4464 1.5980 3.9239 -10.7125 1.3732 20.4905 1.7611 0.0112
Car 0.0000 0 -1.2373 0.0000 170.3628 9.2323 207.9663 1.4373 1.5965 4.2317 -26.5221 1.0513 29.2805 -1.9660 0.0112
Car 0.0000 0 0.5232 0.0000 0.0000 1224.0000 370.0000 1.5384 1.6293 3.8581 -5.1346 1.6922 -0.2798 -1.0375 0.0111
Cyclist 0.0000 0 0.5019 38.0556 173.0147 145.2022 264.1406 1.6318 0.4844 1.5566 -9.4503 1.4994 12.9850 -0.1138 0.0110
Car 0.0000 0 3.7707 0.0000 180.1248 36.2791 222.3577 1.4549 1.5803 4.0975 -23.1792 1.4435 25.3499 3.0380 0.0109
Car 0.0000 0 1.8665 0.0000 180.4727 58.4885 222.7719 1.4758 1.5510 3.9254 -22.3194 1.4763 26.7731 1.1791 0.0109
Car 0.0000 0 3.3450 0.0000 170.7502 17.8053 207.3272 1.4992 1.6856 4.1669 -28.4171 1.1011 30.7629 2.6062 0.0109
Car 0.0000 0 1.5978 0.0000 170.2509 2.0543 206.4608 1.5264 1.6465 4.0524 -28.3284 1.0958 31.8846 0.8782 0.0108
Car 0.0000 0 -2.8765 748.6632 154.2116 815.1851 178.9793 1.5834 1.6535 4.0057 11.7770 -0.1037 47.1053 -2.6312 0.0108
Car 0.0000 0 1.9177 516.4272 172.6161 584.2498 211.6006 1.5227 1.6088 3.8774 -2.2390 1.2163 29.6966 1.8450 0.0108
Car 0.0000 0 -2.8624 0.0000 0.0000 1224.0000 370.0000 1.5133 1.5902 3.8300 5.8034 1.5076 -0.0891 -1.3305 0.0106
Cyclist 0.0000 0 -2.2685 0.0000 0.0000 1224.0000 370.0000 1.6496 0.5199 1.7240 1.3753 1.6881 0.7149 -1.3428 0.0106
Car 0.0000 0 2.3223 0.0000 180.2992 97.8445 221.7872 1.4651 1.5293 3.8854 -21.6323 1.4595 26.9623 1.6536 0.0106
Car 0.0000 0 -0.8662 0.0000 127.9711 327.1225 370.0000 1.9825 1.9662 4.7813 -5.4209 1.5657 8.1298 -1.4347 0.0106
Car 0.0000 0 1.6845 0.0000 180.3697 36.9271 222.6606 1.4665 1.5509 3.9558 -22.6187 1.4635 26.5912 0.9873 0.0105
Car 0.0000 0 2.6039 763.1149 154.2079 832.6326 179.1161 1.6029 1.6872 4.1870 12.8171 -0.0934 47.0237 2.8702 0.0104
Car 0.0000 0 0.3022 0.0000 0.0000 1224.0000 370.0000 1.3721 1.4692 3.5963 14.6625 1.5220 0.5775 1.8132 0.0104
Car 0.0000 0 -0.1816 784.0566 155.5016 848.8409 179.6315 1.5465 1.7177 3.8269 13.8431 -0.0570 46.4467 0.1081 0.0104
Car 0.0000 0 1.7615 531.1055 174.0277 587.9081 212.1693 1.4813 1.6265 4.0232 -1.8482 1.2314 29.5552 1.7014 0.0103
Car 0.0000 0 -0.2890 600.4692 173.7977 706.0046 212.0456 1.4970 1.7416 3.9799 1.9222 1.2362 28.9560 -0.2217 0.0101
Car 0.0000 0 2.3689 1027.6622 169.1471 1211.4166 227.5712 1.4760 1.6735 3.9620 13.7167 1.1907 18.9865 2.9882 0.0101
Car 0.0000 0 1.6463 0.0000 180.9628 30.1210 223.6773 1.4751 1.5200 3.8662 -22.6684 1.4952 26.4672 0.9458 0.0100
Car 0.0000 0 3.7368 0.0000 177.1752 30.6121 221.8102 1.5181 1.6205 4.1735 -23.3003 1.4065 25.1440 2.9975 0.0100
Car 0.0000 0 -1.5236 0.0000 168.7452 6.3082 204.0100 1.4878 1.6811 3.9473 -28.2114 0.9934 31.8942 -2.2410 0.0099
Cyclist 0.0000 0 0.3501 0.0000 0.0000 1224.0000 370.0000 1.6410 0.5566 1.8616 -1.3711 1.5604 -0.0582 -1.0274 0.0098
Car 0.0000 0 3.6979 0.0000 170.5243 20.2913 205.8176 1.4858 1.7793 3.7051 -28.2897 1.0673 30.9636 2.9646 0.0098
Car 0.0000 0 -0.7193 774.4976 154.0815 843.0263 179.2563 1.6114 1.7434 4.3077 13.5887 -0.0846 47.1239 -0.4385 0.0097
Car 0.0000 0 3.8025 0.0000 177.6497 34.8173 221.2587 1.5003 1.6770 4.4296 -23.4092 1.4037 25.3261 3.0645 0.0097
Car 0.0000 0 2.0858 518.5945 172.5524 599.2985 211.1078 1.5157 1.6335 4.0258 -1.8904 1.2047 29.9575 2.0252 0.0097
Car 0.0000 0 -1.4590 590.2067 159.9271 619.7393 184.3733 1.7406 1.7286 4.2205 0.0475 0.2771 52.5336 -1.4563 0.0097
Car 0.0000 0 -2.0907 0.0000 0.0000 1224.0000 370.0000 1.5376 1.6455 3.7463 5.4681 1.3881 -0.2376 -0.5343 0.0097
Car 0.0000 0 -1.4818 584.9396 158.1952 614.0952 185.9227 1.9828 1.7886 4.3884 -0.3579 0.3891 52.8166 -1.4867 0.0096
Car 0.0000 0 1.5873 0.0000 165.0066 39.1872 205.2951 1.5993 1.7433 4.1546 -25.3317 0.9857 30.2285 0.8969 0.0096
Car 0.0000 0 -4.6674 0.0000 0.0000 1224.0000 370.0000 1.3292 1.4785 3.4373 15.4103 1.4096 -0.0446 -3.1132 0.0095
Car 0.0000 0 3.6580 0.0000 176.3711 32.9605 222.3339 1.5456 1.6946 4.4712 -23.3980 1.4083 25.0981 2.9157 0.0095
Car 0.0000 0 -0.6325 0.0000 169.3413 19.0385 207.8085 1.5309 1.6843 3.6772 -27.5211 1.0883 30.1051 -1.3660 0.0094
Car 0.0000 0 1.7261 0.0000 166.3419 42.2398 204.7802 1.5330 1.6799 3.8831 -25.5286 0.9699 30.2916 1.0329 0.0092
Car 0.0000 0 1.7864 520.2607 174.6659 578.6064 212.6519 1.4694 1.6160 3.8715 -2.2569 1.2452 29.3751 1.7123 0.0092
Pedestrian 0.0000 0 2.9619 134.6000 174.2521 178.6320 266.9842 1.6432 0.4564 0.6105 -8.2251 1.5341 12.8979 2.4071 0.0091
Car 0.0000 0 2.2235 515.9340 169.1423 603.7599 208.0186 1.5514 1.6292 4.0533 -1.8832 1.0996 30.3456 2.1640 0.0091
Car 0.0000 0 3.7056 0.0000 179.4734 31.0941 223.4730 1.4949 1.6024 4.0980 -23.2613 1.4615 25.1612 2.9674 0.0091
Car 0.0000 0 3.8273 0.0000 177.9630 35.6247 220.7781 1.4797 1.6389 4.2580 -23.2763 1.3935 25.3532 3.0926 0.0090
Car 0.0000 0 -1.3111 590.4581 158.8298 628.7186 184.3903 1.8092 1.7579 4.4013 0.3987 0.2766 52.3954 -1.3016 0.0090
Car 0.0000 0 -0.8406 0.0000 127.6280 324.8112 370.0000 1.9390 2.0065 4.9212 -5.4194 1.5461 7.8525 -1.4242 0.0089
Car 0.0000 0 -1.6088 582.2220 158.3762 608.1960 185.9735 1.9732 1.7725 4.4527 -0.7633 0.3927 52.8182 -1.6213 0.0088
Car 0.0000 0 1.5782 0.0000 171.4048 4.7636 206.4650 1.4857 1.6192 4.0207 -28.2746 1.1018 32.0093 0.8614 0.0088
Car 0.0000 0 -1.7160 574.2646 158.2404 606.6420 186.3974 2.0060 1.7832 4.4876 -1.1242 0.4214 52.7274 -1.7354 0.0088
Car 0.0000 0 -1.4797 780.2750 146.4887 814.6489 180.0877 2.1468 1.8391 4.4245 13.0092 -0.0279 47.6256 -1.2128 0.0087
Cyclist 0.0000 0 0.3129 5.6813 172.1387 123.9844 269.2953 1.6744 0.4414 1.6280 -9.6732 1.5320 12.6505 -0.3261 0.0087
Car 0.0000 0 -0.1705 0.0000 0.0000 1224.0000 370.0000 1.4863 1.6364 4.0649 -27.5955 1.5744 0.5142 -1.7094 0.0087
Car 0.0000 0 1.6900 0.0000 181.6120 36.3987 223.9850 1.4649 1.5191 3.8705 -22.6183 1.5114 26.5801 0.9926 0.0087
Car 0.0000 0 -1.5306 586.3764 158.3372 612.4141 185.7189 1.9607 1.7689 4.2189 -0.3719 0.3750 52.7630 -1.5357 0.0086
Cyclist 0.0000 0 0.5939 39.4396 171.9015 140.0620 266.8776 1.6703 0.4583 1.4575 -9.2672 1.5207 12.6756 -0.0237 0.0086
Car 0.0000 0 1.9319 610.6966 172.3578 685.4770 213.6439 1.4938 1.6976 3.7510 1.7317 1.2007 27.6351 1.9955 0.0086
Car 0.0000 0 -0.1913 0.0000 0.0000 1224.0000 370.0000 1.4844 1.6364 3.9318 -27.6132 1.4854 0.6131 -1.7265 0.0085
Car 0.0000 0 1.6818 0.0000 186.6397 15.6255 237.7424 1.4286 1.6312 3.9849 -19.9580 1.6427 22.3667 0.9620 0.0085
Car 0.0000 0 0.2509 0.0000 0.0000 1224.0000 370.0000 1.5817 1.6307 4.0350 -28.2994 1.4600 0.9637 -1.2728 0.0084
Car 0.0000 0 -0.4638 778.8409 154.5983 847.7479 179.2763 1.5862 1.7379 4.0190 13.7565 -0.0817 46.7727 -0.1777 0.0084
Car 0.0000 0 2.7546 619.8153 169.4167 732.8336 209.9134 1.6224 1.6879 4.4228 2.9657 1.1799 29.7562 2.8546 0.0084
Car 0.0000 0 -0.1862 0.0000 0.0000 1224.0000 370.0000 1.5161 1.5956 3.8859 -27.5982 1.4814 0.6856 -1.7188 0.0084
Car 0.0000 0 1.6525 0.0000 184.9105 10.0437 235.7102 1.4406 1.6590 4.2652 -20.3223 1.5971 22.6336 0.9295 0.0083
Car 0.0000 0 -1.5892 588.7802 161.3149 612.7679 185.7084 1.7454 1.7117 4.0896 -0.3411 0.3740 52.6506 -1.5938 0.0082
Pedestrian 0.0000 0 -1.4417 106.8655 173.4445 142.4062 267.2378 1.6317 0.4504 0.5802 -8.6361 1.5106 12.6550 -2.0271 0.0082
Car 0.0000 0 -1.3792 589.4005 161.6698 622.2584 184.8077 1.6444 1.6737 4.1404 0.1126 0.3074 52.4391 -1.3752 0.0081
Cyclist 0.0000 0 0.2947 93.5835 170.7163 205.0718 265.5152 1.6670 0.4148 1.6562 -8.2929 1.4966 12.8459 -0.2656 0.0081
Car 0.0000 0 -0.7038 0.0000 167.2947 11.5759 206.9835 1.5532 1.6009 3.8797 -27.5128 1.0379 29.6911 -1.4439 0.0081
Car 0.0000 0 -2.9031 0.0000 0.0000 1224.0000 370.0000 1.3402 1.6352 3.4241 14.6676 1.4879 0.0961 -1.3593 0.0081
Car 0.0000 0 -1.5760 0.0000 0.0000 1224.0000 370.0000 1.3210 1.5533 3.5610 15.2574 1.4662 -0.0328 -0.0227 0.0080
Car 0.0000 0 2.2302 0.0000 168.2876 10.0250 208.7557 1.4859 1.7452 5.0337 -26.8627 1.0390 28.5407 1.4825 0.0080
Car 0.0000 0 2.7228 502.7287 169.0809 608.5044 206.4891 1.5499 1.6656 4.3295 -2.1677 1.0783 31.0366 2.6556 0.0079
Cyclist 0.0000 0 -1.8334 953.8724 166.8091 1000.4714 248.7191 1.5521 0.4250 1.5425 7.4041 1.2943 14.1911 -1.3599 0.0079
Car 0.0000 0 -0.2355 0.0000 0.0000 1224.0000 370.0000 1.4837 1.6244 3.7844 -26.7010 1.5272 1.0781 -1.7522 0.0079
Car 0.0000 0 0.0393 0.0000 0.0000 1224.0000 370.0000 1.5625 1.6398 4.0158 -27.9499 1.4818 0.8436 -1.4882 0.0079
Car 0.0000 0 3.7671 0.0000 179.7646 32.9375 222.4077 1.4636 1.6234 4.1522 -23.3111 1.4399 25.2985 3.0306 0.0078
Car 0.0000 0 -0.1491 794.1158 153.0865 877.7563 181.2788 1.5463 1.6832 4.2859 12.9735 0.0441 39.9557 0.1644 0.0078
Pedestrian 0.0000 0 1.2949 115.5740 178.4319 158.9051 272.3501 1.6592 0.5135 0.6224 -8.5715 1.6244 12.8847 0.7209 0.0077
Car 0.0000 0 0.2734 0.0000 0.0000 1224.0000 370.0000 1.5148 1.6492 3.9528 -28.3068 1.5769 1.0575 -1.2470 0.0077
Cyclist 0.0000 0 0.4597 46.5864 176.2224 155.5015 270.5286 1.6296 0.5123 1.5114 -8.9836 1.5573 12.5764 -0.1469 0.0077
Car 0.0000 0 -1.4069 588.1383 157.1872 621.5405 184.7165 1.9628 1.7963 4.3593 0.0433 0.3019 52.7057 -1.4042 0.0077
Car 0.0000 0 1.6897 0.0000 187.7397 15.5106 238.2350 1.4036 1.6217 3.9950 -19.9669 1.6556 22.3572 0.9694 0.0076
Car 0.0000 0 -1.9481 603.9592 172.0573 681.6141 211.8225 1.5200 1.7552 4.2640 1.4496 1.1988 29.3225 -1.8975 0.0076
Car 0.0000 0 1.6350 631.8842 174.1144 680.7213 211.9669 1.4108 1.7135 3.6742 2.0877 1.1743 28.2848 1.7096 0.0076
Car 0.0000 0 0.0602 567.3576 173.5295 670.5647 211.7501 1.5270 1.6356 4.1550 0.5922 1.2500 29.2286 0.0820 0.0076
Car 0.0000 0 3.0381 0.0000 0.0000 1224.0000 370.0000 1.4657 1.6149 4.0945 -28.7868 1.5252 1.4662 1.5310 0.0075
Car 0.0000 0 -1.3278 782.4789 151.2039 826.0165 178.7209 1.7409 1.7949 4.4365 13.4078 -0.1240 47.4079 -1.0521 0.0074
Car 0.0000 0 1.7464 0.0000 185.8497 23.7784 236.4091 1.4201 1.6320 4.1557 -19.9831 1.6087 22.5206 1.0293 0.0073
Car 0.0000 0 1.6347 0.0000 186.6805 8.2206 237.7669 1.4306 1.6718 4.2510 -20.2451 1.6482 22.5165 0.9111 0.0073
Car 0.0000 0 -1.6857 580.0422 158.5599 610.1558 185.9189 1.9549 1.7577 4.3821 -0.7752 0.3885 52.8018 -1.6985 0.0073
Car 0.0000 0 3.1145 510.1411 169.0540 607.6093 204.8183 1.5570 1.6662 4.2627 -2.1030 1.0602 31.7991 3.0509 0.0073
Car 0.0000 0 1.7465 627.3585 173.7783 685.1541 211.6060 1.4083 1.6776 3.7491 2.0970 1.1595 28.3413 1.8212 0.0073
Car 0.0000 0 2.9111 507.4036 167.9800 610.1632 204.6676 1.5563 1.6728 4.2879 -2.0861 1.0267 31.4110 2.8473 0.0073
Car 0.0000 0 -2.8273 0.0000 0.0000 1224.0000 370.0000 1.3112 1.5691 3.5574 14.6410 1.4822 0.4901 -1.3105 0.0073
Car 0.0000 0 2.1965 1037.4185 167.1153 1204.7887 227.3109 1.4805 1.6218 3.9171 13.6550 1.1529 18.7754 2.8189 0.0073
Car 0.0000 0 -1.4122 0.0000 0.0000 1224.0000 370.0000 1.3605 1.5291 3.4493 15.4193 1.3938 -0.1550 0.1492 0.0073
Car 0.0000 0 -2.2094 1133.8707 168.3808 1224.0000 235.2982 1.3917 1.5350 3.7814 14.4981 1.1413 16.6401 -1.5005 0.0072
Car 0.0000 0 2.0948 0.0000 173.5021 55.7133 210.1308 1.5848 1.6003 4.0829 -27.5621 1.2835 32.7342 1.4016 0.0071
Car 0.0000 0 -1.3839 781.9388 147.2815 823.0842 179.1933 2.0250 1.8407 4.6034 13.3298 -0.0911 47.5360 -1.1104 0.0071
Car 0.0000 0 1.8268 0.0000 181.5468 49.6773 224.0269 1.4713 1.5160 3.7443 -22.3985 1.5151 26.5990 1.1346 0.0071
Car 0.0000 0 0.0789 0.0000 0.0000 1224.0000 370.0000 1.4921 1.6569 3.9519 -27.9880 1.6096 0.9360 -1.4453 0.0070
Car 0.0000 0 -0.6959 0.0000 168.9729 12.9340 207.3564 1.5167 1.6588 3.6560 -27.5188 1.0627 29.8576 -1.4334 0.0070
Car 0.0000 0 2.0724 0.0000 180.5893 74.0559 222.5448 1.4709 1.5463 3.7742 -22.0619 1.4760 26.7852 1.3910 0.0070
Car 0.0000 0 -1.4899 627.5861 167.9850 678.1702 210.0119 1.6407 1.7973 4.0318 2.0579 1.1536 29.7262 -1.4198 0.0070
Car 0.0000 0 -0.1125 0.0000 0.0000 1224.0000 370.0000 1.4485 1.5253 3.3776 -27.1996 1.5824 0.7726 -1.6414 0.0069
Car 0.0000 0 -1.4949 622.1376 171.8646 673.2852 212.6032 1.5404 1.7584 4.4678 1.8089 1.2154 29.0632 -1.4317 0.0069
Car 0.0000 0 -0.6682 1151.3328 160.2100 1224.0000 245.2966 1.5000 1.7164 3.9796 13.0957 1.1440 13.4973 0.0920 0.0069
Car 0.0000 0 1.8295 0.0000 180.2029 52.3690 222.5786 1.4774 1.5225 3.7524 -22.3596 1.4686 26.6691 1.1394 0.0069
Car 0.0000 0 -1.2971 617.1933 171.6411 683.0583 211.5703 1.4876 1.6354 3.9499 1.8680 1.1591 28.4718 -1.2306 0.0068
Car 0.0000 0 2.2984 0.0000 181.6492 89.4105 223.6537 1.4687 1.5266 3.6815 -21.6675 1.5167 26.6991 1.6242 0.0068
Car 0.0000 0 -0.1885 616.0280 173.5008 718.4844 210.4765 1.4851 1.6799 4.0023 2.5240 1.2054 29.4321 -0.1022 0.0068
Car 0.0000 0 -0.7984 0.0000 122.1380 301.6664 370.0000 1.9863 2.0066 4.9953 -5.7731 1.5593 7.8116 -1.4139 0.0068
Car 0.0000 0 -0.7082 0.0000 168.3477 8.7564 208.0140 1.5403 1.5902 3.9643 -27.5176 1.0699 29.5137 -1.4514 0.0068
Car 0.0000 0 1.6443 630.0701 173.6561 679.2534 212.1706 1.4261 1.6848 3.6246 2.0076 1.1742 28.0915 1.7166 0.0068
Car 0.0000 0 -0.7150 0.0000 167.5406 9.3838 206.4597 1.5275 1.6122 3.7037 -27.5092 1.0203 29.6771 -1.4553 0.0068
Car 0.0000 0 -1.5533 785.6300 153.7305 814.7396 179.6880 1.6530 1.8026 4.3193 13.1470 -0.0559 47.4948 -1.2831 0.0068
Car 0.0000 0 1.9121 613.0021 172.7172 684.2969 213.3665 1.4979 1.6899 3.6724 1.7775 1.2126 28.0697 1.9763 0.0067
Pedestrian 0.0000 0 2.6777 132.4331 175.2383 179.8666 266.4085 1.6142 0.4640 0.5863 -8.2221 1.5227 12.8847 2.1226 0.0067
Cyclist 0.0000 0 2.1671 0.0000 164.9278 11.7820 203.5069 1.6438 0.4953 1.5928 -26.8275 0.9818 30.9404 1.4598 0.0067
Car 0.0000 0 1.8151 620.9799 170.5468 686.3873 211.6741 1.5577 1.7260 4.1191 2.0525 1.1822 28.9998 1.8867 0.0067
Pedestrian 0.0000 0 1.8128 112.0755 176.5363 154.7765 270.6764 1.6549 0.5038 0.6248 -8.5742 1.5868 12.8020 1.2359 0.0066
Car 0.0000 0 1.8475 0.0000 181.7517 49.3610 224.2876 1.4693 1.5341 3.7085 -22.4121 1.5213 26.5416 1.1539 0.0066
Car 0.0000 0 -1.4200 796.4209 149.8589 832.7808 178.8848 1.8452 1.7278 4.2143 14.1151 -0.1124 47.4719 -1.1309 0.0066
Car 0.0000 0 2.8349 0.0000 0.0000 1224.0000 370.0000 1.5172 1.7150 3.7780 -28.0905 1.7628 1.7955 1.3410 0.0066
Car 0.0000 0 -1.9218 829.6381 145.0819 893.4426 181.9964 1.8427 1.8144 4.2281 13.4682 0.0761 37.4095 -1.5771 0.0066
Car 0.0000 0 -1.3642 796.3171 151.5600 835.7092 179.0620 1.7405 1.7132 4.1104 14.1246 -0.0992 47.1896 -1.0733 0.0066
Car 0.0000 0 2.2750 0.0000 180.2182 91.0501 221.9414 1.4690 1.5470 3.7893 -21.7031 1.4606 26.8061 1.6019 0.0066
Car 0.0000 0 1.9802 0.0000 183.0759 57.7686 223.7234 1.3883 1.4355 3.6268 -22.0958 1.4928 26.3308 1.2897 0.0065
Car 0.0000 0 -1.6518 581.1094 161.1976 609.0957 186.3990 1.8008 1.7434 4.3320 -0.7715 0.4228 52.7551 -1.6645 0.0064
Car 0.0000 0 1.0114 0.0000 171.7026 15.9135 205.9588 1.4559 1.6193 3.9821 -28.4887 1.0835 31.3742 0.2811 0.0064
Car 0.0000 0 2.3336 0.0000 170.6635 52.6273 205.5697 1.4884 1.5565 3.7708 -27.4044 1.0705 32.0742 1.6333 0.0064
Car 0.0000 0 0.7433 1215.7061 156.7706 1224.0000 222.1671 1.4991 1.5832 3.9551 18.2631 0.9568 18.2164 1.5228 0.0063
Car 0.0000 0 -0.0362 0.0000 0.0000 1224.0000 370.0000 1.4484 1.6033 3.7069 -27.6161 1.6023 0.7418 -1.5668 0.0063
Car 0.0000 0 1.8275 0.0000 182.2019 45.3681 224.3025 1.4462 1.5320 3.6134 -22.4015 1.5160 26.4015 1.1316 0.0063
Car 0.0000 0 2.3230 0.0000 182.3965 86.7183 223.7072 1.4331 1.4940 3.6256 -21.6607 1.5109 26.5584 1.6464 0.0062
Car 0.0000 0 2.0335 0.0000 181.9838 65.1521 223.8593 1.4468 1.5149 3.6700 -22.0999 1.5081 26.5191 1.3464 0.0062
Car 0.0000 0 -4.5369 0.0000 0.0000 1224.0000 370.0000 1.4857 1.5861 3.6280 9.8283 1.3983 -0.1832 -2.9789 0.0062
Car 0.0000 0 0.3263 0.0000 179.4881 126.9522 220.9587 1.4518 1.6002 4.1785 -20.4146 1.4179 26.1781 -0.3284 0.0062
Car 0.0000 0 3.3105 0.0000 0.0000 1224.0000 370.0000 1.5155 1.6663 4.1807 -28.3374 1.5582 1.2832 1.7980 0.0062
Car 0.0000 0 1.7614 0.0000 170.5446 22.8531 205.1747 1.4779 1.5614 3.8715 -27.9865 1.0545 32.2376 1.0532 0.0061
Car 0.0000 0 -0.5868 0.0000 165.6695 12.2733 207.9863 1.6513 1.6483 3.9943 -27.6782 1.0741 29.7220 -1.3294 0.0060
Car 0.0000 0 -3.0802 631.4069 172.2017 734.0445 211.1276 1.5401 1.6774 4.0941 3.2079 1.2133 29.1461 -2.9700 0.0060
Car 0.0000 0 1.4772 685.9852 167.7560 735.0875 206.8476 1.4754 1.6023 3.8005 4.1819 0.9959 28.6189 1.6225 0.0060
Car 0.0000 0 -1.9848 596.2542 165.9608 679.6757 211.0629 1.7564 1.8707 4.4861 1.2721 1.1917 29.9590 -1.9411 0.0060
Car 0.0000 0 -0.5489 600.1745 171.7391 704.4429 209.7681 1.4525 1.6542 3.9295 1.9066 1.1194 28.6431 -0.4814 0.0060
Car 0.0000 0 -1.8075 827.3627 144.3824 883.4613 181.6573 1.8490 1.8359 4.2001 13.0955 0.0588 37.2492 -1.4702 0.0059
Car 0.0000 0 1.8395 0.0000 172.7576 34.1367 208.6730 1.5425 1.5935 4.0511 -27.9138 1.2115 32.5350 1.1370 0.0059
Car 0.0000 0 3.6917 0.0000 179.6932 30.0735 223.1401 1.4728 1.5444 4.0437 -23.2058 1.4470 25.0996 2.9536 0.0059
Car 0.0000 0 -1.3517 672.8972 165.4146 730.9833 204.5697 1.5378 1.6298 3.8534 4.1347 0.9468 29.8546 -1.2137 0.0058
Car 0.0000 0 -0.2205 613.2141 174.7327 720.6780 212.5336 1.4900 1.7372 4.1085 2.4740 1.2641 29.0006 -0.1346 0.0058
Car 0.0000 0 3.0608 595.3627 175.1290 691.5366 211.2154 1.4368 1.6415 3.8184 1.5035 1.2245 29.0210 3.1137 0.0058
Car 0.0000 0 -1.4158 675.7992 146.5216 716.8500 182.3544 1.9769 1.7383 4.2545 5.3789 0.1037 41.2884 -1.2853 0.0058
Car 0.0000 0 -0.7159 775.8573 153.7139 844.5268 178.5795 1.5874 1.7398 4.3085 13.6735 -0.1312 47.0895 -0.4332 0.0058
Car 0.0000 0 -3.0756 0.0000 0.0000 1224.0000 370.0000 1.3427 1.6181 3.2892 14.7404 1.4676 -0.2301 -1.5096 0.0057
Car 0.0000 0 2.3554 0.0000 0.0000 1224.0000 370.0000 1.5345 1.6678 4.0770 -25.5085 1.7436 1.6370 0.8629 0.0057
Car 0.0000 0 -1.5214 0.0000 0.0000 1224.0000 370.0000 1.3093 1.5770 3.5539 15.0092 1.4685 -0.0518 0.0329 0.0057
Car 0.0000 0 1.5627 0.0000 0.0000 1224.0000 370.0000 1.4677 1.6902 4.2278 10.8298 1.2254 0.0188 3.1033 0.0057
Car 0.0000 0 3.1384 0.0000 0.0000 1224.0000 370.0000 1.5004 1.6565 3.9066 -28.0235 1.6086 1.1040 1.6201 0.0056
Car 0.0000 0 2.6843 512.1003 165.1589 613.8690 203.9099 1.6076 1.6642 4.1579 -1.8455 0.9727 31.0743 2.6274 0.0056
Car 0.0000 0 2.3903 0.0000 0.0000 1224.0000 370.0000 1.5144 1.6966 4.1507 -25.4995 1.6610 1.5382 0.8940 0.0056
Car 0.0000 0 1.7466 185.7299 194.4278 252.3777 238.2398 1.4741 1.5951 3.6898 -14.7030 2.0481 27.0573 1.2553 0.0056
Car 0.0000 0 2.0190 0.0000 181.9365 67.4739 224.1100 1.4626 1.5229 3.7260 -22.0960 1.5223 26.6401 1.3342 0.0056
Car 0.0000 0 1.0362 0.0000 172.1723 16.8244 205.9388 1.4365 1.6284 3.6303 -28.3094 1.0837 31.4035 0.3094 0.0056
Car 0.0000 0 -0.7174 0.0000 186.8942 123.8068 243.6967 1.4862 1.6319 4.0073 -16.8031 1.6978 21.0934 -1.3810 0.0056
Car 0.0000 0 -1.4049 756.7928 152.8033 787.5909 177.7333 1.9375 1.7485 4.3938 13.7286 -0.2344 57.8356 -1.1712 0.0055
Car 0.0000 0 1.7951 664.7939 166.5752 727.5071 207.4525 1.5719 1.7270 4.0379 3.8363 1.0380 29.3779 1.9253 0.0055
Car 0.0000 0 -1.5738 839.4504 145.5026 873.7044 178.7352 1.7658 1.7382 4.1763 14.2291 -0.1043 40.0618 -1.2331 0.0055
Car 0.0000 0 1.2930 616.6113 164.8117 682.9951 205.1482 1.6046 1.6972 4.4036 1.8169 0.9820 30.4554 1.3538 0.0055
Car 0.0000 0 1.5503 0.0000 0.0000 1224.0000 370.0000 1.5269 1.6239 4.0541 11.0203 1.2248 -0.2831 3.1188 0.0054
Car 0.0000 0 0.8682 142.4137 186.0299 262.9366 228.7723 1.4912 1.7586 4.0391 -15.1475 1.7126 26.5876 0.3570 0.0054
Car 0.0000 0 2.0249 0.0000 169.6443 39.5806 204.5648 1.4838 1.6249 3.7803 -27.6115 1.0240 32.0705 1.3209 0.0054
Car 0.0000 0 -0.0258 0.0000 165.8692 18.8309 205.8811 1.6327 1.6549 3.8764 -28.1263 1.0372 30.7811 -0.7592 0.0054
Car 0.0000 0 1.5738 0.0000 180.0030 4.9236 237.8837 1.4777 1.6817 3.9116 -18.2283 1.4666 20.0683 0.8461 0.0054
Car 0.0000 0 1.3222 0.0000 171.9123 11.8938 206.2495 1.4591 1.5804 3.9884 -28.4094 1.0957 31.8189 0.6001 0.0054
Car 0.0000 0 2.2491 188.7579 196.9675 292.8611 241.1185 1.4845 1.5638 3.7200 -13.9317 2.1665 27.2301 1.7823 0.0054
Car 0.0000 0 2.0111 187.9498 198.5084 275.0837 241.9902 1.4690 1.5608 3.6080 -14.2988 2.2108 27.2306 1.5338 0.0053
Car 0.0000 0 1.9694 560.8759 170.0046 633.2662 210.9788 1.6452 1.7324 3.9226 -0.2873 1.2253 30.5285 1.9618 0.0053
Car 0.0000 0 -1.9458 596.3737 167.6708 673.8625 210.5685 1.6651 1.8241 4.2221 1.1521 1.1687 29.7339 -1.9057 0.0053
Car 0.0000 0 1.8071 0.0000 172.6504 28.9437 208.4908 1.5336 1.5877 3.9366 -27.9297 1.1992 32.3647 1.1018 0.0053
Car 0.0000 0 -1.3310 0.0000 0.0000 1224.0000 370.0000 1.3046 1.5239 3.4680 15.5839 1.4031 -0.1906 0.2328 0.0053
Car 0.0000 0 -0.8007 1158.6707 158.6348 1224.0000 214.9579 1.4540 1.6174 4.1476 17.6434 0.8911 19.1867 -0.0638 0.0053
Car 0.0000 0 -0.7376 0.0000 188.6977 122.0249 246.2413 1.5055 1.6225 3.9112 -16.8313 1.7762 21.1455 -1.4010 0.0053
Car 0.0000 0 2.4318 0.0000 0.0000 1224.0000 370.0000 1.4954 1.6859 4.1138 -25.5017 1.6816 1.4289 0.9312 0.0053
Car 0.0000 0 1.0789 159.1622 195.5005 258.0599 239.9239 1.5073 1.6919 3.8216 -15.1380 2.1169 26.9110 0.5730 0.0053
Car 0.0000 0 -1.4096 780.6382 149.0065 819.8468 179.4040 1.9290 1.8361 4.5176 13.1587 -0.0761 47.4761 -1.1390 0.0052
Cyclist 0.0000 0 0.1578 107.7050 162.2268 221.1498 259.9521 1.7058 0.4168 1.7058 -8.0132 1.3884 12.8510 -0.3868 0.0052
Car 0.0000 0 1.9853 185.4650 197.7087 271.9632 241.3173 1.4656 1.5722 3.6489 -14.3392 2.1725 27.1064 1.5050 0.0052
Car 0.0000 0 1.6086 0.0000 185.8603 2.6521 237.8797 1.4483 1.6866 4.2951 -20.2070 1.6358 22.3259 0.8817 0.0052
Car 0.0000 0 1.6833 0.0000 177.5103 9.2081 236.9905 1.5120 1.6804 3.9773 -18.2673 1.4376 20.0774 0.9547 0.0052
Car 0.0000 0 -1.6447 878.3698 174.2541 989.5398 257.6460 1.4553 1.7093 3.7590 6.4946 1.3480 14.3918 -1.2274 0.0052
Car 0.0000 0 1.7343 0.0000 170.3606 18.3840 205.2868 1.4833 1.5672 3.8007 -27.9785 1.0541 32.0531 1.0235 0.0052
Car 0.0000 0 1.0704 680.3184 162.6125 774.7062 206.7134 1.5426 1.6950 4.2688 4.5415 0.9184 27.0210 1.2368 0.0052
Car 0.0000 0 2.5288 0.0000 0.0000 1224.0000 370.0000 1.4843 1.6006 3.8318 -25.8085 1.6284 1.6317 1.0352 0.0051
Car 0.0000 0 0.1326 635.3959 154.0492 709.5177 183.7722 1.6651 1.7663 4.0730 3.9187 0.1847 40.9272 0.2293 0.0051
Car 0.0000 0 -0.0208 617.6715 171.7437 728.4064 211.3656 1.5943 1.6988 4.4616 2.7802 1.2435 29.4570 0.0740 0.0051
Car 0.0000 0 2.0841 0.0000 172.3786 52.4986 207.9175 1.5355 1.5669 3.9625 -27.5666 1.1861 32.6344 1.3893 0.0051
Car 0.0000 0 -0.5337 0.0000 166.7492 14.0076 205.7615 1.5447 1.6395 3.7349 -27.7370 1.0018 30.0176 -1.2725 0.0051
Car 0.0000 0 -1.3707 750.3342 150.7821 783.6454 178.4046 2.1526 1.7940 4.5213 13.3195 -0.1776 57.8936 -1.1439 0.0050
Car 0.0000 0 -1.7340 0.0000 0.0000 1224.0000 370.0000 1.5711 1.6779 4.2145 11.2770 1.1292 0.5302 -0.2373 0.0050
Car 0.0000 0 2.2196 0.0000 171.1412 64.7242 207.4422 1.5792 1.5591 3.9383 -27.2745 1.1735 32.7518 1.5318 0.0050
Car 0.0000 0 -4.5763 0.0000 0.0000 1224.0000 370.0000 1.4843 1.6441 4.1160 10.5093 1.3673 -0.1102 -3.0243 0.0050
Car 0.0000 0 2.0481 0.0000 172.3639 49.0457 208.1301 1.5406 1.5767 3.9161 -27.5810 1.1916 32.5327 1.3515 0.0050
Car 0.0000 0 -1.4319 747.4709 150.6018 778.6100 179.0454 2.2205 1.8677 4.6093 13.0055 -0.1231 57.9336 -1.2104 0.0050
Car 0.0000 0 -0.5077 0.0000 164.8235 28.1373 204.5982 1.6351 1.7115 3.3418 -27.6680 0.9922 30.9227 -1.2307 0.0050
Car 0.0000 0 0.0251 212.3264 196.7311 325.5317 241.8206 1.5327 1.7177 3.7473 -12.6146 2.1818 26.6699 -0.4107 0.0049
Car 0.0000 0 1.7673 599.7178 166.7860 655.2928 204.9630 1.5710 1.7201 3.8754 1.0388 1.0081 31.1728 1.8020 0.0049
Car 0.0000 0 -2.9150 0.0000 0.0000 1224.0000 370.0000 1.4877 1.6867 3.5992 20.7062 -0.1010 0.5172 -1.3836 0.0049
Car 0.0000 0 -0.7239 0.0000 187.9289 132.5558 243.5637 1.5085 1.5558 3.6117 -16.6676 1.7573 21.6028 -1.3723 0.0049
Car 0.0000 0 2.4396 0.0000 184.2015 116.9282 240.5699 1.4648 1.6230 3.9453 -16.7580 1.5859 20.7368 1.7691 0.0049
Car 0.0000 0 2.6114 0.0000 0.0000 1224.0000 370.0000 1.5497 1.6593 4.0402 -25.7503 1.6754 1.4486 1.1109 0.0049
Pedestrian 0.0000 0 -1.9834 0.0000 0.0000 1224.0000 370.0000 1.6829 0.6092 0.6875 4.5591 1.4337 -0.2555 -0.4262 0.0049
Car 0.0000 0 1.5853 0.0000 178.9383 5.0630 237.3597 1.4983 1.6822 3.7476 -18.2153 1.4598 20.0957 0.8585 0.0049
Car 0.0000 0 2.2190 360.3894 176.9827 500.3283 237.4738 1.4729 1.6504 3.9486 -4.6704 1.3888 19.3501 1.9877 0.0049
Car 0.0000 0 -0.2213 613.4756 175.2461 726.3946 213.0143 1.4915 1.7280 4.3461 2.6008 1.2855 29.0583 -0.1314 0.0049
Car 0.0000 0 -1.1453 599.7275 166.6989 664.8816 202.1504 1.5278 1.5817 3.7504 1.2977 0.9345 32.4968 -1.1040 0.0048
Car 0.0000 0 2.8244 0.0000 0.0000 1224.0000 370.0000 1.5198 1.6112 3.8249 -26.1171 1.6013 1.4274 1.3221 0.0048
Car 0.0000 0 0.9628 675.6888 162.1981 777.4626 206.4893 1.5658 1.7230 4.2743 4.5562 0.9203 27.2916 1.1281 0.0048
Car 0.0000 0 0.2871 0.0000 168.1337 11.1031 204.1647 1.4870 1.6315 3.3507 -28.1397 0.9781 30.6362 -0.4488 0.0048
Pedestrian 0.0000 0 -2.0662 32.6762 178.2915 73.8615 255.2611 1.5198 0.4510 0.5513 -11.1821 1.4778 14.2748 -2.7181 0.0048
Car 0.0000 0 1.4562 0.0000 0.0000 1224.0000 370.0000 1.5153 1.6389 3.9456 11.0012 1.2129 -0.0176 3.0006 0.0048
Car 0.0000 0 -4.6909 0.0000 0.0000 1224.0000 370.0000 1.5501 1.6452 4.3310 11.1530 1.2185 -0.2858 -3.1221 0.0048
Car 0.0000 0 2.0543 0.0000 169.8973 46.5482 204.2980 1.4769 1.5566 3.8580 -27.5799 1.0232 32.4014 1.3559 0.0048
Car 0.0000 0 2.1006 581.1220 168.2115 654.1967 206.7210 1.5791 1.6895 3.4268 0.5855 1.0767 30.8906 2.1212 0.0047
Car 0.0000 0 -1.2795 613.6035 170.7186 680.7053 212.1166 1.5228 1.6402 3.7690 1.7194 1.1645 28.0551 -1.2172 0.0047
Car 0.0000 0 0.0338 0.0000 165.0145 14.5237 203.3107 1.5578 1.7127 3.7059 -28.0019 0.9294 30.6046 -0.7002 0.0047
Car 0.0000 0 -0.5867 0.0000 165.9293 10.5643 205.9001 1.5686 1.6216 3.8284 -27.7174 0.9983 29.7941 -1.3288 0.0047
Car 0.0000 0 1.7106 601.5264 168.2041 655.5140 210.0734 1.6922 1.8000 3.9726 1.0689 1.1967 30.6841 1.7467 0.0047
Car 0.0000 0 -2.8346 626.3071 154.0719 701.9764 184.1729 1.6885 1.7260 4.0656 3.4433 0.2074 41.2291 -2.7500 0.0047
Car 0.0000 0 -1.6295 745.6680 148.7668 772.7936 178.1295 2.2905 1.9044 4.5100 12.6024 -0.2009 57.9100 -1.4145 0.0046
Car 0.0000 0 0.9424 150.7925 192.7868 260.8227 236.3250 1.4907 1.6364 3.9134 -15.0817 1.9826 26.6509 0.4340 0.0046
Car 0.0000 0 -1.8071 576.7098 161.7742 612.9528 186.3370 1.7501 1.7587 4.2194 -0.7959 0.4172 52.6333 -1.8203 0.0046
Car 0.0000 0 2.3368 0.0000 0.0000 1224.0000 370.0000 1.5639 1.7131 3.9646 -25.4359 1.7470 1.6192 0.8438 0.0046
Car 0.0000 0 1.1968 667.0568 163.9368 753.8077 206.7076 1.4647 1.7580 4.2607 3.8088 0.8990 26.4827 1.3399 0.0045
Car 0.0000 0 0.1052 677.1597 162.7621 798.1660 204.8889 1.5701 1.7716 4.5243 5.2180 0.9105 27.8430 0.2902 0.0045
Car 0.0000 0 0.0601 597.5873 170.1718 708.9842 208.5148 1.5346 1.7821 4.5016 2.0214 1.1227 29.4681 0.1296 0.0045
Car 0.0000 0 -1.6400 631.6408 166.3950 679.5799 207.5510 1.6350 1.7396 4.2609 2.0697 1.0761 30.2146 -1.5705 0.0045
Car 0.0000 0 -1.6144 631.1185 167.9114 678.9490 209.6936 1.6495 1.8276 4.4445 2.0368 1.1540 30.1518 -1.5459 0.0045
Car 0.0000 0 2.2531 186.9699 196.7525 291.0358 240.4743 1.4686 1.5788 3.6680 -13.9674 2.1395 27.1602 1.7843 0.0045
Car 0.0000 0 1.4384 677.9265 171.4343 731.5037 209.4881 1.4297 1.6453 3.6794 3.9130 1.0906 28.4034 1.5755 0.0045
Car 0.0000 0 2.2482 0.0000 169.1614 60.8390 204.2767 1.5189 1.5361 3.8243 -27.2541 1.0299 32.5006 1.5571 0.0045
Car 0.0000 0 0.1847 0.0000 168.8710 13.3985 205.4845 1.5058 1.6934 3.7649 -28.3662 1.0290 30.7826 -0.5529 0.0044
Car 0.0000 0 2.5209 0.0000 0.0000 1224.0000 370.0000 1.5664 1.6644 3.6392 -25.8572 1.7349 1.7386 1.0313 0.0044
Car 0.0000 0 -1.3383 658.9202 150.8225 702.9006 182.8350 1.8022 1.7305 3.9374 4.5465 0.1328 41.9446 -1.2292 0.0044
Car 0.0000 0 2.5301 0.0000 0.0000 1224.0000 370.0000 1.5569 1.5915 3.6234 -25.8530 1.7434 1.6807 1.0382 0.0044
Pedestrian 0.0000 0 1.2196 106.7101 179.4456 148.1903 270.5626 1.5888 0.4461 0.5875 -8.6101 1.5721 12.6780 0.6364 0.0043
Car 0.0000 0 -1.4933 747.9167 149.5157 775.8456 178.3626 2.2509 1.8859 4.5722 12.9213 -0.1816 57.9932 -1.2733 0.0043
Pedestrian 0.0000 0 0.6430 115.4022 163.5618 173.0530 267.1251 1.8188 0.4375 0.7552 -8.2892 1.5229 12.6590 0.0765 0.0043
Car 0.0000 0 2.8702 0.0000 0.0000 1224.0000 370.0000 1.4537 1.6184 3.6118 -27.6801 1.5630 1.1993 1.3560 0.0043
Car 0.0000 0 -0.6459 1175.0829 160.7557 1224.0000 221.1976 1.4922 1.6575 5.0406 18.2668 1.0064 18.5850 0.1239 0.0043
Car 0.0000 0 0.4334 598.4635 168.3792 713.2487 208.3303 1.5728 1.8813 4.4334 2.0965 1.0972 29.7263 0.5048 0.0043
Car 0.0000 0 -1.5501 746.3753 149.4747 771.3774 178.0802 2.2297 1.9071 4.4766 12.6545 -0.2052 57.9147 -1.3343 0.0042
Cyclist 0.0000 0 3.8349 0.0000 0.0000 1224.0000 370.0000 1.6321 0.5941 1.8465 -1.3789 1.7591 0.4605 2.7821 0.0042
Car 0.0000 0 0.9755 151.3563 192.6764 257.5490 237.0623 1.5177 1.6751 3.7562 -15.1249 2.0054 26.6354 0.4657 0.0042
Car 0.0000 0 2.2055 0.0000 171.2020 62.6906 207.5681 1.5757 1.5433 3.9499 -27.2660 1.1743 32.6453 1.5163 0.0042
Car 0.0000 0 1.5944 632.4550 174.7370 676.9167 212.9052 1.4053 1.6382 3.5051 1.9725 1.1946 27.8495 1.6661 0.0042
Car 0.0000 0 -1.6529 0.0000 0.0000 1224.0000 370.0000 1.5778 1.7313 4.4586 11.2064 1.2546 -0.1252 -0.0984 0.0042
Car 0.0000 0 -1.2940 673.8265 165.3310 736.1513 205.2343 1.5584 1.6386 3.6916 4.2284 0.9675 29.6287 -1.1520 0.0042
Car 0.0000 0 1.9338 0.0000 177.1365 11.6674 236.2663 1.5110 1.6519 3.8945 -18.7927 1.4266 20.1771 1.1936 0.0042
Car 0.0000 0 2.7400 0.0000 0.0000 1224.0000 370.0000 1.5126 1.5973 3.6059 -26.0992 1.5698 1.7922 1.2517 0.0042
Car 0.0000 0 1.5018 0.0000 0.0000 1224.0000 370.0000 1.5339 1.6713 4.1094 11.6883 1.1875 -0.0421 3.0499 0.0041
Pedestrian 0.0000 0 1.9172 946.0019 161.1586 1001.1556 291.2473 1.7068 0.4270 0.8248 5.0216 1.4547 9.7102 2.3830 0.0041
Car 0.0000 0 -2.6053 0.0000 0.0000 1224.0000 370.0000 1.5878 1.6928 4.0719 21.0980 -0.3270 1.2936 -1.1098 0.0041
Pedestrian 0.0000 0 -0.0790 668.9965 171.7998 697.4786 239.6732 1.6883 0.5396 0.6729 1.9342 1.4735 17.8620 0.0287 0.0041
Car 0.0000 0 -1.2271 0.0000 183.0433 10.4574 239.6763 1.4524 1.5859 3.6155 -18.7848 1.5340 20.2778 -1.9647 0.0041
Car 0.0000 0 -3.1631 0.0000 0.0000 1224.0000 370.0000 1.4987 1.6616 4.0636 12.1082 1.0418 0.2237 -1.6361 0.0041
Car 0.0000 0 2.4568 0.0000 164.6253 9.6386 208.0969 1.6859 1.6609 4.1426 -27.6758 1.0718 29.5832 1.7119 0.0041
Car 0.0000 0 2.0460 617.7227 171.4609 701.5961 212.8714 1.5759 1.6777 4.2673 2.3133 1.2335 29.1583 2.1260 0.0041
Pedestrian 0.0000 0 -1.7149 840.3960 179.1685 869.2146 241.9743 1.5506 0.5935 0.6516 6.2551 1.5193 17.8268 -1.3814 0.0041
Car 0.0000 0 -1.5909 0.0000 0.0000 1224.0000 370.0000 1.5088 1.6352 3.9797 12.8334 1.2335 -0.0397 -0.0408 0.0040
Pedestrian 0.0000 0 2.2107 938.5679 161.3386 1008.7205 292.2306 1.7307 0.4366 0.8592 5.0288 1.4791 9.7320 2.6761 0.0040
Car 0.0000 0 -1.6093 631.5231 166.7217 678.1807 209.3586 1.6887 1.8079 4.3518 2.0359 1.1445 30.2012 -1.5409 0.0040
Car 0.0000 0 -2.9473 647.2283 168.2507 750.7411 207.6936 1.5368 1.6805 3.9561 3.8411 1.0611 28.9743 -2.8152 0.0039
Car 0.0000 0 0.4714 0.0000 0.0000 1224.0000 370.0000 1.5204 1.6096 4.0524 -5.5381 1.5497 -0.3014 -1.0937 0.0039
Car 0.0000 0 -1.7014 637.6273 163.4716 692.7336 203.7262 1.6153 1.7749 4.6998 2.5081 0.9335 30.7576 -1.6190 0.0039
Car 0.0000 0 -0.7672 0.0000 185.2860 117.6725 242.6671 1.5056 1.6477 3.9193 -16.8119 1.6628 20.9423 -1.4346 0.0039
Car 0.0000 0 3.0229 0.0000 0.0000 1224.0000 370.0000 1.5435 1.7422 3.7581 -26.5375 1.5145 1.8501 1.5354 0.0039
Cyclist 0.0000 0 -2.1550 1182.2900 159.1396 1224.0000 251.8097 1.5522 0.4416 1.6436 11.1197 1.1961 12.6809 -1.4458 0.0039
Car 0.0000 0 -1.5986 0.0000 0.0000 1224.0000 370.0000 1.5408 1.6809 4.4028 11.7244 1.1773 -0.1764 -0.0390 0.0039
Car 0.0000 0 2.0131 574.7644 170.7066 644.3716 210.0617 1.5967 1.6367 3.5850 0.2392 1.2008 30.6504 2.0225 0.0039
Car 0.0000 0 0.2809 631.4795 154.3363 711.9560 184.7780 1.6966 1.7820 4.3243 3.8664 0.2398 41.0245 0.3761 0.0039
Car 0.0000 0 2.4212 199.6650 199.4027 312.2889 243.5850 1.4765 1.5586 3.8429 -13.4709 2.2680 27.4706 1.9712 0.0039
Car 0.0000 0 -0.4668 0.0000 165.8875 14.8329 205.1775 1.5763 1.6101 3.4433 -27.7490 0.9915 30.2575 -1.2019 0.0039
Car 0.0000 0 1.2927 599.7287 166.6332 668.5853 211.3300 1.7403 1.7604 4.3646 1.1165 1.2019 29.8533 1.3314 0.0038
Car 0.0000 0 -1.9105 0.0000 0.0000 1224.0000 370.0000 1.6107 1.7937 4.4666 20.8645 -0.1619 1.1499 -0.4090 0.0038
Cyclist 0.0000 0 1.3668 788.8466 161.2127 806.0076 187.4062 1.6712 0.7608 1.6225 12.4934 0.4420 45.9405 1.6324 0.0038
Car 0.0000 0 -0.5299 611.8148 173.9009 707.0784 210.4997 1.4130 1.5399 3.5776 2.1986 1.1597 28.7675 -0.4528 0.0038
Car 0.0000 0 -2.7366 0.0000 0.0000 1224.0000 370.0000 1.5061 1.6764 3.6694 20.7105 -0.1484 0.7412 -1.2159 0.0038
Car 0.0000 0 -2.0335 1079.5457 162.6449 1224.0000 244.2560 1.5242 1.7402 4.7291 12.5448 1.1924 15.6916 -1.3673 0.0038
Car 0.0000 0 -0.0611 666.4366 163.3819 770.1340 203.7215 1.6013 1.7551 4.1004 4.5730 0.9233 29.1286 0.0948 0.0038
Car 0.0000 0 1.0648 672.3075 161.4055 764.3004 203.8765 1.4870 1.6921 4.0556 4.1885 0.8200 26.9460 1.2191 0.0038
Car 0.0000 0 1.1246 674.3482 168.3420 757.6918 208.6454 1.4703 1.7096 3.9239 4.2637 1.0283 27.9150 1.2762 0.0038
Car 0.0000 0 -1.5547 829.9189 146.8787 863.2066 178.7331 1.7033 1.7078 4.1495 13.7852 -0.1049 40.2925 -1.2256 0.0038
Car 0.0000 0 -2.6430 616.1227 154.1078 696.0615 185.2676 1.7467 1.7149 4.3997 2.9692 0.2687 41.5413 -2.5702 0.0038
Car 0.0000 0 -0.3680 617.8956 175.9726 713.2220 211.0756 1.3708 1.5529 3.5544 2.4315 1.1955 28.8477 -0.2831 0.0038
Car 0.0000 0 -0.5174 659.0601 149.9959 741.6464 181.9894 1.7950 1.8100 4.4758 5.5686 0.0849 41.3383 -0.3826 0.0038
Car 0.0000 0 2.2420 180.8547 194.1833 289.7064 238.0976 1.4665 1.6137 3.8531 -13.9766 2.0289 26.9297 1.7695 0.0037
Car 0.0000 0 -1.2700 595.5150 167.2584 653.2353 202.1154 1.5107 1.6114 3.7948 0.9406 0.9383 32.6943 -1.2397 0.0037
Car 0.0000 0 -4.4603 0.0000 0.0000 1224.0000 370.0000 1.4585 1.6810 3.6218 19.9033 0.0327 0.7268 -2.9410 0.0037
Car 0.0000 0 1.3223 637.7092 172.6547 703.5819 213.6732 1.4533 1.6752 3.4947 2.3987 1.1769 26.9041 1.4119 0.0037
Pedestrian 0.0000 0 -1.0600 789.6586 158.8768 805.8326 188.2366 1.8790 0.7252 0.7727 12.4791 0.4965 45.7748 -0.7938 0.0037
Car 0.0000 0 -0.0993 661.3122 151.2968 742.7962 182.7237 1.7738 1.7765 4.5101 5.5480 0.1269 40.8732 0.0365 0.0037
Car 0.0000 0 0.2401 665.3182 165.1671 776.4805 206.0248 1.5626 1.7397 4.1514 4.6727 0.9777 28.6481 0.4019 0.0037
Car 0.0000 0 0.0296 656.7709 150.4909 731.4629 181.5838 1.7425 1.7727 4.1882 5.1472 0.0621 40.8197 0.1561 0.0037
Car 0.0000 0 -0.0181 663.5341 166.4242 756.6216 204.9587 1.5299 1.6438 3.6863 4.2723 0.9726 29.1165 0.1278 0.0037
Car 0.0000 0 -1.6078 0.0000 0.0000 1224.0000 370.0000 1.5382 1.6160 4.0061 11.2600 1.1515 0.6036 -0.1177 0.0036
Car 0.0000 0 -2.0491 1064.7411 164.6341 1224.0000 246.3163 1.5302 1.7412 4.6201 12.1870 1.2346 15.6670 -1.3962 0.0036
Car 0.0000 0 1.4128 0.0000 181.2424 30.2474 237.9438 1.4603 1.7179 3.8578 -17.9838 1.4851 20.1480 0.6937 0.0036
Car 0.0000 0 -0.3453 635.6848 169.9250 745.1193 209.2795 1.5755 1.6960 4.2235 3.5268 1.1537 29.6017 -0.2263 0.0036
Car 0.0000 0 0.7349 0.0000 0.0000 1224.0000 370.0000 1.4894 1.6000 3.7284 11.3496 1.1495 0.9046 2.1994 0.0036
Car 0.0000 0 -1.5016 829.2836 147.7151 865.9991 178.7968 1.6594 1.7020 4.0153 13.8158 -0.1007 40.1632 -1.1707 0.0036
Car 0.0000 0 -1.3297 628.6672 168.3482 692.2301 209.7956 1.6228 1.7804 3.9379 2.3891 1.1485 29.8275 -1.2489 0.0036
Car 0.0000 0 -1.8039 610.6133 167.6215 676.4731 210.4749 1.6732 1.8210 4.3002 1.5167 1.1719 29.8809 -1.7520 0.0036
Car 0.0000 0 1.0791 672.2667 163.5027 765.9521 207.8314 1.5542 1.7485 4.1928 4.2295 0.9598 27.0526 1.2342 0.0036
Pedestrian 0.0000 0 -1.7512 839.3316 178.2626 869.7935 242.2067 1.5778 0.6071 0.6840 6.2479 1.5242 17.8255 -1.4181 0.0036
Car 0.0000 0 0.1953 665.3302 168.1622 760.0046 206.4888 1.4835 1.6401 3.5546 4.3648 1.0074 28.7367 0.3462 0.0036
Car 0.0000 0 -1.9011 804.5295 145.2793 860.1696 177.2850 1.7344 1.7855 4.1900 13.0472 -0.1940 40.8483 -1.5922 0.0036
Car 0.0000 0 -1.4228 654.4240 164.2661 710.5087 205.5741 1.6510 1.7838 4.3642 3.4062 1.0037 30.5923 -1.3113 0.0036
Car 0.0000 0 -1.6351 0.0000 0.0000 1224.0000 370.0000 1.5385 1.6729 4.1999 12.3783 1.1362 0.0388 -0.0921 0.0035
Pedestrian 0.0000 0 2.0929 976.5538 166.8756 1032.5082 288.9068 1.6265 0.3949 0.6756 5.4725 1.4466 9.7637 2.5917 0.0035
Car 0.0000 0 -1.3967 631.9133 167.5389 690.7012 209.7090 1.6674 1.7929 4.2390 2.4624 1.1564 30.2295 -1.3145 0.0035
Car 0.0000 0 0.9790 668.7458 166.8032 765.6080 209.1080 1.5067 1.7368 4.0304 4.2185 1.0204 27.3693 1.1320 0.0035
Car 0.0000 0 -1.8207 622.2544 161.7341 688.1851 203.1797 1.6526 1.7376 4.6469 2.0561 0.9058 30.6306 -1.7525 0.0035
Car 0.0000 0 0.6180 0.0000 0.0000 1224.0000 370.0000 1.5314 1.6670 3.7510 11.6962 1.1063 1.2013 2.0606 0.0035
Car 0.0000 0 -2.9853 626.4341 173.5640 741.0295 211.9498 1.4998 1.6334 4.4726 3.2229 1.2303 28.9996 -2.8742 0.0035
Cyclist 0.0000 0 1.4179 789.1986 160.9625 805.2286 187.6093 1.7008 0.7557 1.6894 12.4974 0.4551 46.0054 1.6832 0.0034
Car 0.0000 0 0.8237 138.4943 193.0452 263.0083 237.7856 1.5257 1.7020 4.1100 -15.0789 2.0204 26.3510 0.3106 0.0034
Car 0.0000 0 -1.7080 818.1697 144.5713 860.7777 177.6471 1.7805 1.7500 4.2468 13.4203 -0.1719 40.6906 -1.3898 0.0034
Car 0.0000 0 -0.3220 650.7440 166.9725 754.6016 207.3156 1.6183 1.6964 3.9669 4.0276 1.0772 29.5581 -0.1863 0.0034
Car 0.0000 0 0.4002 664.0403 162.6859 782.9695 204.7417 1.5726 1.7560 4.3617 4.6917 0.9080 28.3415 0.5643 0.0034
Car 0.0000 0 -1.8567 1108.1508 165.5811 1224.0000 243.3330 1.4356 1.6846 4.2721 12.4898 1.1618 15.3456 -1.1820 0.0033
Car 0.0000 0 -1.6835 822.3165 149.3201 861.3181 179.6938 1.6366 1.6613 3.9635 13.4386 -0.0470 40.3158 -1.3622 0.0033
Car 0.0000 0 -1.7992 610.7072 167.1626 676.1185 209.9589 1.6793 1.8425 4.2503 1.5190 1.1574 29.9931 -1.7474 0.0033
Car 0.0000 0 -0.4140 655.2406 150.8003 735.5359 182.0252 1.7628 1.8112 4.2962 5.2698 0.0875 41.3862 -0.2864 0.0033
Car 0.0000 0 -1.4504 645.3887 164.1154 699.8498 206.8889 1.7033 1.8018 4.5842 2.9833 1.0524 30.5839 -1.3524 0.0033
Car 0.0000 0 -1.6135 659.5794 150.9103 692.0167 182.8025 1.8035 1.7438 4.0106 4.1563 0.1316 42.0314 -1.5137 0.0033
Car 0.0000 0 -2.9022 0.0000 0.0000 1224.0000 370.0000 1.5566 1.7421 3.5353 20.3771 0.2876 -0.2050 -1.3360 0.0033
Car 0.0000 0 -0.8622 0.0000 182.4235 33.7525 241.1528 1.5474 1.6899 3.9521 -19.2059 1.6108 20.7538 -1.5996 0.0033
Car 0.0000 0 -2.9344 0.0000 0.0000 1224.0000 370.0000 1.6142 1.7748 4.3571 19.9183 -0.0629 1.8622 -1.4716 0.0032
Pedestrian 0.0000 0 1.7953 980.4935 170.7092 1024.3857 292.6181 1.6187 0.3957 0.6851 5.4514 1.4904 9.7710 2.2921 0.0032
Car 0.0000 0 -1.4498 671.3129 148.1685 708.6070 181.4741 1.8532 1.6918 4.0754 5.0299 0.0556 41.5191 -1.3282 0.0032
Car 0.0000 0 -0.2748 658.2003 164.8145 765.6677 205.0748 1.6173 1.8065 4.1031 4.4000 0.9887 29.5539 -0.1267 0.0032
Car 0.0000 0 1.0500 670.6638 164.4443 765.9096 208.5018 1.5548 1.7815 4.1318 4.2247 0.9897 27.1954 1.2041 0.0032
Car 0.0000 0 -0.7001 0.0000 186.7256 119.6718 244.7561 1.4853 1.7362 4.3824 -17.0234 1.6914 20.9076 -1.3743 0.0032
Car 0.0000 0 -1.8081 0.0000 0.0000 1224.0000 370.0000 1.5860 1.7130 4.4993 20.6170 -0.1386 1.4853 -0.3236 0.0032
Car 0.0000 0 0.3462 640.9691 156.0933 715.7596 183.9069 1.5366 1.6702 3.9464 4.2071 0.1896 40.6691 0.4505 0.0032
Car 0.0000 0 -1.8949 644.0598 152.3972 694.0585 183.8038 1.7690 1.7327 4.1186 3.7384 0.1875 42.0250 -1.8049 0.0032
Car 0.0000 0 -1.5865 833.7823 150.2057 867.7257 180.1924 1.5972 1.7217 4.1893 13.8349 -0.0170 39.9610 -1.2538 0.0032
Car 0.0000 0 0.1467 660.9168 149.7016 744.9307 180.8672 1.7215 1.7370 4.5649 5.6168 0.0217 40.5252 0.2854 0.0032
Cyclist 0.0000 0 -2.0733 1171.0804 165.6411 1224.0000 253.3247 1.5233 0.4586 1.5033 11.1248 1.2668 13.0603 -1.3781 0.0032
Car 0.0000 0 -1.8133 796.8284 144.8258 848.7147 177.8508 1.7965 1.8716 4.3658 12.5548 -0.1608 41.0460 -1.5167 0.0032
Car 0.0000 0 0.2906 654.3830 151.5460 730.2015 181.0128 1.6245 1.7203 3.9915 5.0001 0.0297 40.5642 0.4143 0.0032
Car 0.0000 0 -1.4064 669.9449 165.8917 722.8931 206.2695 1.5865 1.6163 3.7809 3.8935 1.0140 29.8198 -1.2761 0.0032
Car 0.0000 0 -1.9228 605.7999 166.2771 684.6451 209.3886 1.6894 1.8089 4.7973 1.5876 1.1335 30.2603 -1.8691 0.0032
Car 0.0000 0 -3.0292 0.0000 0.0000 1224.0000 370.0000 1.4625 1.6892 4.1776 11.7815 0.9874 0.2365 -1.5046 0.0032
Car 0.0000 0 -0.7795 0.0000 188.3087 121.7715 246.4243 1.5351 1.6161 3.9089 -16.8719 1.7940 21.2618 -1.4414 0.0032
Car 0.0000 0 -1.4304 0.0000 0.0000 1224.0000 370.0000 1.5634 1.6648 4.0899 12.0596 1.1467 0.0523 0.1106 0.0031
Car 0.0000 0 1.2611 673.3582 163.5630 750.7025 206.4419 1.4960 1.7077 4.1219 3.9338 0.9066 26.8352 1.4068 0.0031
Cyclist 0.0000 0 1.4180 786.1768 159.7197 801.9420 186.8681 1.7311 0.7502 1.6127 12.2700 0.4074 45.9206 1.6792 0.0031
Car 0.0000 0 -2.9712 596.8823 156.8171 681.0267 185.7856 1.6318 1.7208 4.6699 1.9901 0.2991 41.1732 -2.9213 0.0031
Pedestrian 0.0000 0 -0.5982 380.9423 161.1061 421.2638 233.3416 1.7299 0.5259 0.7961 -5.0536 1.2670 17.4014 -0.8740 0.0031
Car 0.0000 0 0.0935 646.0010 153.1533 717.8929 182.7870 1.6607 1.7767 3.9845 4.4671 0.1296 40.8915 0.2034 0.0031
Car 0.0000 0 -0.4184 649.3621 150.7451 732.5595 182.7521 1.8072 1.7969 4.4977 5.0196 0.1285 41.4343 -0.2968 0.0030
Pedestrian 0.0000 0 -1.2325 790.1995 158.0940 805.6167 187.7310 1.8944 0.7363 0.8070 12.4785 0.4635 45.7301 -0.9661 0.0030
Car 0.0000 0 -1.4613 672.5704 149.3353 710.0068 182.2451 1.8194 1.7336 4.0427 5.0747 0.0979 41.2503 -1.3378 0.0030
Car 0.0000 0 0.2971 0.0000 183.8062 134.8683 228.0959 1.5223 1.6655 4.3051 -20.0950 1.6528 26.0490 -0.3524 0.0030
Car 0.0000 0 -1.6752 823.9706 150.8332 861.6912 180.2957 1.5903 1.6257 3.9121 13.4852 -0.0109 40.2749 -1.3526 0.0030
Car 0.0000 0 -2.4894 413.3195 182.4912 579.5612 240.2146 1.3944 1.7151 4.2380 -2.9798 1.4544 18.9661 -2.6409 0.0030
Car 0.0000 0 -2.5343 408.7073 183.9147 579.3892 242.6006 1.3896 1.7213 4.2169 -2.9785 1.4893 18.6302 -2.6885 0.0030
Car 0.0000 0 -0.9500 1152.9045 161.3713 1224.0000 243.9813 1.4749 1.7131 3.9847 13.1641 1.1350 13.8537 -0.1999 0.0030
Car 0.0000 0 0.3055 0.0000 179.7623 131.9781 222.1107 1.4757 1.6193 4.2249 -20.1975 1.4515 26.1100 -0.3452 0.0030
Car 0.0000 0 1.9554 623.6794 175.4551 694.8779 213.5108 1.4296 1.5605 3.7904 2.2405 1.2416 28.6007 2.0344 0.0030
Car 0.0000 0 -1.4415 665.7665 164.8313 717.0358 205.2896 1.6077 1.6737 3.9864 3.7360 0.9866 30.2306 -1.3181 0.0030
Pedestrian 0.0000 0 -1.2924 774.4004 177.1471 801.1246 241.1187 1.5775 0.5273 0.5318 4.5650 1.4964 17.7931 -1.0439 0.0030
Car 0.0000 0 -2.5693 406.2016 183.6717 575.9556 241.7625 1.3815 1.6902 4.1579 -3.0411 1.4738 18.5966 -2.7270 0.0030
Car 0.0000 0 -2.6499 0.0000 0.0000 1224.0000 370.0000 1.5499 1.6400 4.0258 20.7292 -0.1304 1.7927 -1.1796 0.0030
Car 0.0000 0 1.5970 827.3065 151.0149 860.6413 181.3934 1.6176 1.6766 4.1720 13.5151 0.0490 39.8912 1.9231 0.0030
Pedestrian 0.0000 0 0.9873 34.0087 178.9978 76.2152 255.2048 1.5055 0.4141 0.5983 -11.1315 1.4775 14.2578 0.3370 0.0029
Car 0.0000 0 -2.7760 0.0000 0.0000 1224.0000 370.0000 1.5755 1.6859 3.7978 20.4958 -0.1787 1.7627 -1.3054 0.0029
Car 0.0000 0 1.4916 673.5881 164.4133 729.3134 207.5291 1.4915 1.7375 4.0340 3.5103 0.9365 26.5134 1.6235 0.0029
Pedestrian 0.0000 0 2.6607 674.4554 169.1175 706.0315 239.6476 1.7445 0.5444 0.6076 2.1116 1.4646 17.8456 2.7781 0.0029
Car 0.0000 0 -4.4059 0.0000 0.0000 1224.0000 370.0000 1.5381 1.7500 4.0207 20.4951 0.0108 0.8313 -2.8901 0.0029
Pedestrian 0.0000 0 2.8991 638.1335 168.9896 678.6017 270.7762 1.7718 0.4798 0.6201 0.9015 1.5731 12.5921 2.9704 0.0029
Car 0.0000 0 -3.1073 0.0000 0.0000 1224.0000 370.0000 1.6427 1.8270 4.5001 19.3576 -0.0361 1.9183 -1.6505 0.0029
Car 0.0000 0 0.8420 587.3380 164.4411 695.9294 208.2305 1.7106 1.8110 4.8857 1.4354 1.0848 30.0842 0.8909 0.0029
Car 0.0000 0 -1.6304 869.1920 170.3314 973.3672 251.8407 1.5461 1.8026 3.5291 6.6931 1.3548 15.3719 -1.2256 0.0029
Car 0.0000 0 -1.4880 664.1876 151.5389 698.7141 183.1275 1.7690 1.7021 3.9248 4.5441 0.1485 41.6806 -1.3783 0.0029
Car 0.0000 0 -2.7331 600.8511 156.0442 689.4227 186.9368 1.7320 1.7539 4.8995 2.3309 0.3623 41.5211 -2.6755 0.0029
Car 0.0000 0 -2.7044 0.0000 0.0000 1224.0000 370.0000 1.5873 1.7877 3.9856 20.4410 -0.1795 1.3600 -1.2145 0.0029
Car 0.0000 0 2.8566 596.5153 156.0869 681.2248 185.4561 1.6263 1.7370 4.5444 1.9148 0.2758 40.5222 2.9054 0.0029
Car 0.0000 0 1.8954 0.0000 176.1998 7.9846 235.8107 1.5215 1.6076 3.8610 -18.7560 1.4133 20.1325 1.1550 0.0029
Cyclist 0.0000 0 1.0356 782.5755 160.9769 806.8791 187.7503 1.7062 0.7808 1.6715 12.3222 0.4634 45.9634 1.2975 0.0029
Car 0.0000 0 1.3118 616.8183 162.0488 683.2681 205.4605 1.7119 1.7240 4.5159 1.8109 0.9858 30.2611 1.3728 0.0028
Car 0.0000 0 1.1199 0.0000 179.2229 29.9480 235.7329 1.6344 1.8809 4.5547 -20.5472 1.5990 22.1648 0.3812 0.0028
Car 0.0000 0 1.4789 0.0000 186.7130 1.7474 238.4720 1.4431 1.6676 4.0338 -20.3506 1.6568 22.1629 0.7449 0.0028
Car 0.0000 0 1.9187 0.0000 173.5478 11.5617 234.8302 1.5580 1.6473 3.9544 -18.7204 1.3829 20.1128 1.1789 0.0028
Car 0.0000 0 -3.1714 0.0000 0.0000 1224.0000 370.0000 1.4385 1.6787 3.5256 20.4452 -0.0648 0.3649 -1.6330 0.0028
Cyclist 0.0000 0 -1.5438 0.0000 177.0973 15.9214 253.6809 1.4791 0.3539 1.5780 -12.2837 1.4150 14.3796 -2.2380 0.0028
Car 0.0000 0 1.1335 668.8972 170.7590 746.7693 209.5591 1.4158 1.7171 3.4257 3.9262 1.0619 27.6841 1.2746 0.0028
Car 0.0000 0 -2.7160 607.7831 154.8412 691.6331 186.2842 1.7676 1.7235 4.6231 2.6043 0.3265 41.5890 -2.6521 0.0028
Car 0.0000 0 -2.9668 0.0000 0.0000 1224.0000 370.0000 1.4775 1.6577 3.5532 20.4572 -0.1288 0.7119 -1.4454 0.0028
Car 0.0000 0 3.0816 0.0000 0.0000 1224.0000 370.0000 1.6469 1.8468 3.9122 -27.1275 1.7122 1.8517 1.5924 0.0028
Car 0.0000 0 -0.7150 641.3041 166.7692 746.3676 208.7885 1.6725 1.7616 4.3441 3.7936 1.1275 30.0777 -0.5891 0.0028
Pedestrian 0.0000 0 -0.5093 380.8136 161.1516 420.3692 233.2002 1.7288 0.5042 0.7916 -5.0722 1.2661 17.4189 -0.7859 0.0027
Car 0.0000 0 -1.6896 861.0691 172.1818 969.9910 250.4259 1.5144 1.7527 3.3721 6.6447 1.3551 15.5426 -1.2913 0.0027
Car 0.0000 0 0.4032 670.5002 161.5470 793.9948 205.2550 1.5998 1.8028 4.4338 4.9474 0.9076 27.8425 0.5789 0.0027
Car 0.0000 0 0.2585 647.6820 154.2981 722.5995 182.6217 1.5670 1.7372 3.9670 4.6044 0.1188 40.6443 0.3724 0.0027
Pedestrian 0.0000 0 -1.3669 790.2960 159.7234 802.7837 188.0292 1.8179 0.6512 0.7148 12.4282 0.4849 45.8701 -1.1023 0.0027
Pedestrian 0.0000 0 2.7369 672.1353 150.8967 702.9267 227.7425 1.9262 0.6110 0.5886 2.0713 1.1858 18.0951 2.8507 0.0027
Car 0.0000 0 -1.4255 748.7296 152.5784 780.2256 177.9814 1.9693 1.8520 4.6833 13.1001 -0.2138 57.8271 -1.2020 0.0027
Car 0.0000 0 -2.7352 225.4040 179.2462 391.7836 231.7827 1.3983 1.6051 3.9570 -8.1863 1.3665 19.6540 -3.1224 0.0027
Car 0.0000 0 -1.5053 746.7000 153.1975 773.2464 177.8273 1.9127 1.8291 4.5009 12.7302 -0.2266 57.8450 -1.2880 0.0027
Car 0.0000 0 -1.6230 0.0000 0.0000 1224.0000 370.0000 1.4640 1.7645 4.4757 11.0765 1.2759 0.5854 -0.1326 0.0027
Car 0.0000 0 -1.7217 658.1100 152.1013 696.1887 183.1805 1.7504 1.6772 3.8205 4.2059 0.1524 41.7651 -1.6202 0.0026
Car 0.0000 0 -2.5801 559.4999 169.2162 682.8741 212.2815 1.6784 1.9144 4.9157 0.6098 1.2401 29.7038 -2.5581 0.0026
Car 0.0000 0 -1.7928 623.8467 154.7346 670.4042 185.7536 1.6948 1.7388 4.5043 2.3667 0.2884 40.9897 -1.7336 0.0026
Car 0.0000 0 -1.4035 633.7441 167.3775 689.6942 207.8926 1.6106 1.7215 4.1403 2.4826 1.0904 30.3203 -1.3209 0.0026
Car 0.0000 0 -1.4240 0.0000 0.0000 1224.0000 370.0000 1.4114 1.7228 3.9147 20.3546 -0.0603 0.7090 0.0973 0.0026
Car 0.0000 0 -1.4406 670.2722 165.2323 719.7698 204.6404 1.5603 1.6130 3.7163 3.8534 0.9573 29.9923 -1.3124 0.0026
Car 0.0000 0 1.1988 669.4948 167.1828 749.3824 210.2659 1.5172 1.7084 3.8707 3.8640 1.0497 26.9731 1.3412 0.0026
Car 0.0000 0 -1.3608 631.2957 168.0165 691.3119 208.6185 1.6109 1.7535 4.0206 2.4571 1.1171 30.2248 -1.2788 0.0026
Pedestrian 0.0000 0 -1.3340 774.4033 175.6787 801.3544 241.1763 1.6132 0.5423 0.5605 4.5660 1.4960 17.7837 -1.0854 0.0026
Car 0.0000 0 0.4595 1069.5139 164.4654 1224.0000 237.4270 1.4564 1.6709 4.5103 13.6279 1.1380 16.5069 1.1418 0.0026
Car 0.0000 0 -1.4403 0.0000 0.0000 1224.0000 370.0000 1.4455 1.7894 3.9799 20.6241 -0.0800 0.7187 0.0812 0.0026
Car 0.0000 0 1.3135 662.7225 169.0207 729.6376 209.0632 1.5124 1.6477 4.3493 3.6162 1.0803 28.9642 1.4381 0.0026
Car 0.0000 0 1.5240 664.3726 165.8956 715.4174 209.1395 1.4797 1.6791 3.9181 3.0475 0.9815 26.2011 1.6402 0.0026
Pedestrian 0.0000 0 2.7405 636.4603 165.4181 681.3638 270.4072 1.8195 0.5093 0.6493 0.9123 1.5598 12.5946 2.8126 0.0026
Car 0.0000 0 0.4209 667.2729 165.4606 779.0417 206.4046 1.5338 1.7925 4.0393 4.6849 0.9720 28.3446 0.5847 0.0026
Car 0.0000 0 3.0592 600.4079 156.5542 680.9957 185.2083 1.6174 1.7293 4.5208 2.0098 0.2671 40.8396 3.1100 0.0026
Car 0.0000 0 -2.8916 610.6589 155.1695 690.7162 185.2960 1.6963 1.7135 4.3790 2.6699 0.2714 41.3016 -2.8256 0.0026
Car 0.0000 0 2.8880 600.3024 156.2128 680.2131 185.5361 1.6273 1.7109 4.2795 1.9891 0.2809 40.5017 2.9387 0.0026
Car 0.0000 0 -3.1770 606.7286 155.7067 684.2659 185.0782 1.6649 1.6990 4.3957 2.3062 0.2609 40.9707 -3.1193 0.0026
Car 0.0000 0 -2.1268 0.0000 0.0000 1224.0000 370.0000 1.5677 1.8109 4.3315 21.1574 -0.1543 1.7024 -0.6502 0.0025
Car 0.0000 0 -2.9193 0.0000 0.0000 1224.0000 370.0000 1.4554 1.7660 3.5914 19.9593 0.0064 0.5189 -1.3895 0.0025
Car 0.0000 0 0.5589 0.0000 0.0000 1224.0000 370.0000 1.4591 1.6572 3.6909 11.6769 1.1509 1.2433 1.9978 0.0025
Car 0.0000 0 -1.7767 0.0000 0.0000 1224.0000 370.0000 1.5419 1.7696 4.0351 20.5669 -0.1052 1.1725 -0.2773 0.0025
Car 0.0000 0 -0.5377 647.0469 166.3726 754.4245 206.4449 1.6046 1.7746 4.1899 4.0342 1.0404 29.9449 -0.4035 0.0025
Pedestrian 0.0000 0 -0.5003 383.8754 158.5647 423.8512 231.5917 1.7848 0.5724 0.7887 -5.0878 1.2503 17.7554 -0.7727 0.0025
Car 0.0000 0 -1.6312 949.9708 163.1316 1057.2612 246.0239 1.5374 1.7261 3.3481 8.2705 1.2169 14.9908 -1.1342 0.0025
Car 0.0000 0 3.0707 603.8304 156.2391 680.7574 184.9471 1.6229 1.7113 4.3280 2.1037 0.2528 40.8603 3.1237 0.0025
Car 0.0000 0 -2.8732 0.0000 0.0000 1224.0000 370.0000 1.4758 1.6835 3.8153 19.4276 0.0310 0.7196 -1.3548 0.0025
Car 0.0000 0 1.0968 601.0483 161.7142 687.8613 207.1810 1.7830 1.7849 4.5978 1.5570 1.0478 30.1848 1.1496 0.0025
Car 0.0000 0 -1.5902 669.4953 151.5659 699.8685 182.5602 1.7333 1.6913 4.0144 4.6401 0.1166 41.6114 -1.4780 0.0025
Car 0.0000 0 -0.2480 613.6608 176.4437 712.5953 212.7426 1.4047 1.5621 3.6935 2.2820 1.2492 28.4329 -0.1671 0.0025
Car 0.0000 0 1.8349 49.8047 184.4470 130.8616 226.2948 1.4486 1.5831 3.5656 -19.4142 1.6105 26.7843 1.2150 0.0025
Car 0.0000 0 -3.1091 615.3022 155.7051 688.1631 184.3756 1.6197 1.6650 4.1304 2.7181 0.2203 40.9748 -3.0414 0.0025
Pedestrian 0.0000 0 -0.4542 383.6711 159.1346 422.8578 231.5357 1.7714 0.5499 0.7861 -5.1047 1.2503 17.7606 -0.7275 0.0024
Car 0.0000 0 -3.0107 0.0000 0.0000 1224.0000 370.0000 1.5225 1.6770 4.0687 18.9739 0.0878 1.1621 -1.5168 0.0024
Car 0.0000 0 -2.0457 630.7296 154.1507 687.1816 184.9221 1.7387 1.7267 3.9639 3.1483 0.2512 42.1066 -1.9697 0.0024
Car 0.0000 0 1.7886 57.1594 185.7142 133.5024 227.0972 1.4326 1.5845 3.6564 -19.3589 1.6477 26.9650 1.1732 0.0024
Car 0.0000 0 -3.0968 0.0000 0.0000 1224.0000 370.0000 1.5191 1.7173 3.4906 20.3748 0.2890 0.1039 -1.5457 0.0024
Car 0.0000 0 1.7706 60.1386 186.3530 131.8827 227.7021 1.4324 1.5408 3.4408 -19.3024 1.6722 26.9059 1.1555 0.0024
Car 0.0000 0 1.8919 48.2924 185.2906 136.3283 226.6342 1.4256 1.5766 3.7653 -19.3911 1.6230 26.8764 1.2742 0.0024
Pedestrian 0.0000 0 -1.4017 790.6578 159.4489 802.8811 187.9852 1.8335 0.6644 0.6581 12.4411 0.4823 45.8632 -1.1368 0.0024
Car 0.0000 0 -1.9627 805.0779 150.5475 861.5847 179.9197 1.6031 1.6484 4.1012 13.0848 -0.0338 40.7809 -1.6526 0.0024
Car 0.0000 0 1.0621 1058.9436 168.3889 1224.0000 242.1234 1.4231 1.5246 3.9306 11.8537 1.1910 15.6890 1.7011 0.0023
Car 0.0000 0 -2.5971 0.0000 0.0000 1224.0000 370.0000 1.5608 1.6454 3.6428 20.8962 -0.1885 1.5337 -1.1137 0.0023
Car 0.0000 0 0.3315 0.0000 184.5022 131.1147 228.4187 1.5075 1.6777 4.1773 -20.1360 1.6644 25.9839 -0.3202 0.0023
Car 0.0000 0 1.4503 656.4024 170.2249 714.2869 212.2589 1.4770 1.7297 3.6337 2.9308 1.1175 26.6654 1.5603 0.0023
Car 0.0000 0 -2.6978 605.6177 155.4519 691.3414 186.3545 1.7357 1.7108 4.7620 2.5281 0.3302 41.6102 -2.6357 0.0023
Car 0.0000 0 -2.8150 0.0000 0.0000 1224.0000 370.0000 1.5535 1.7416 4.1730 19.3669 0.0084 1.1267 -1.3177 0.0023
Car 0.0000 0 1.1530 598.6695 162.2169 685.1180 208.7962 1.8046 1.8261 4.8681 1.4248 1.0978 29.9871 1.2017 0.0023
Car 0.0000 0 -0.9536 0.0000 178.7031 18.1020 234.5907 1.4795 1.4896 3.3860 -19.0418 1.4335 20.4840 -1.6931 0.0023
Car 0.0000 0 0.5112 1072.7281 163.9759 1224.0000 236.8978 1.4579 1.6641 4.3931 13.5987 1.1291 16.4791 1.1933 0.0023
Car 0.0000 0 -2.8152 0.0000 0.0000 1224.0000 370.0000 1.5822 1.8469 3.9737 19.9207 -0.0444 1.1652 -1.3178 0.0023
Car 0.0000 0 -2.7514 397.4780 184.1817 573.0790 242.7246 1.3885 1.7036 4.1266 -3.0779 1.4918 18.2225 -2.9142 0.0023
Car 0.0000 0 -0.7775 0.0000 185.9163 122.5034 242.8483 1.5367 1.5255 3.5815 -16.7187 1.7159 21.3142 -1.4338 0.0023
Car 0.0000 0 1.3249 664.6646 168.2847 733.2010 210.7448 1.4928 1.7130 3.6820 3.4493 1.0649 26.7817 1.4533 0.0023
Car 0.0000 0 1.3972 0.0000 188.2633 6.7990 239.7713 1.4358 1.5677 3.7202 -20.1492 1.6983 22.0001 0.6646 0.0022
Car 0.0000 0 -3.0079 618.4017 172.0529 739.4012 212.9175 1.5453 1.6766 4.5997 2.9358 1.2274 28.0902 -2.9032 0.0022
Car 0.0000 0 -2.0611 447.9554 182.6437 574.2842 242.1889 1.3953 1.6629 3.9317 -2.6309 1.4602 18.7934 -2.1962 0.0022
Cyclist 0.0000 0 1.0764 780.1121 159.9803 802.8722 185.9346 1.6641 0.7101 1.7123 12.1861 0.3498 46.2433 1.3342 0.0022
Car 0.0000 0 -2.9696 600.0484 155.9417 685.4100 185.6245 1.6753 1.7179 4.7517 2.2140 0.2906 41.2726 -2.9145 0.0022
Car 0.0000 0 -1.5411 660.6546 164.4927 705.1328 205.7664 1.6540 1.7801 4.2069 3.4043 1.0140 30.5365 -1.4294 0.0022
Car 0.0000 0 0.4707 0.0000 180.4376 119.7785 224.3560 1.5335 1.6003 3.9048 -20.3158 1.5328 25.8336 -0.1880 0.0022
Car 0.0000 0 0.4528 0.0000 179.5541 120.2969 221.7277 1.4770 1.5438 3.8404 -20.2938 1.4454 25.9014 -0.2041 0.0022
Car 0.0000 0 -0.7313 917.3389 170.5688 1122.9613 246.4987 1.4858 1.7121 3.5517 8.7275 1.2931 15.0429 -0.2131 0.0022
Car 0.0000 0 -1.8788 808.5038 151.8874 860.6061 180.9301 1.5853 1.6615 4.1367 13.1188 0.0249 40.6607 -1.5671 0.0022
Car 0.0000 0 -1.6567 803.4706 150.2276 842.7438 180.8650 1.6758 1.7838 4.5297 12.5972 0.0214 41.0711 -1.3594 0.0021
Car 0.0000 0 -3.1829 0.0000 0.0000 1224.0000 370.0000 1.5478 1.6716 3.4416 19.9809 0.3953 -0.0391 -1.6251 0.0021
Pedestrian 0.0000 0 0.8370 36.6175 171.1165 87.2646 253.3887 1.6542 0.5241 0.6547 -11.1992 1.4671 14.5310 0.1927 0.0021
Car 0.0000 0 -1.3917 643.8063 166.7755 702.5378 207.2133 1.6063 1.7862 4.1918 2.9785 1.0626 30.3417 -1.2931 0.0021
Car 0.0000 0 -1.2204 485.5297 176.3130 603.0409 236.8847 1.4603 1.7952 4.3629 -1.5458 1.3609 19.3834 -1.2970 0.0021
Cyclist 0.0000 0 1.5873 791.5106 160.0581 803.6616 185.9606 1.6562 0.7380 1.7570 12.5778 0.3505 46.1508 1.8534 0.0021
Car 0.0000 0 -2.8849 603.1733 155.7820 689.0356 185.6352 1.6803 1.7000 4.7348 2.4009 0.2904 41.3350 -2.8254 0.0021
Car 0.0000 0 -2.6563 0.0000 0.0000 1224.0000 370.0000 1.5600 1.6490 3.8857 20.8625 -0.1868 1.7652 -1.1841 0.0020
Car 0.0000 0 1.3241 674.8301 171.5263 740.6933 210.3008 1.4301 1.7201 3.6747 3.9639 1.1006 27.9906 1.4650 0.0020
Car 0.0000 0 -2.8220 0.0000 0.0000 1224.0000 370.0000 1.5561 1.7096 3.9580 20.4275 -0.1221 2.0992 -1.3679 0.0020
Car 0.0000 0 2.9003 600.2686 156.0669 679.8304 184.9732 1.6052 1.7092 4.2672 1.9758 0.2498 40.5035 2.9506 0.0020
Car 0.0000 0 -1.3601 639.9467 164.6554 702.5293 206.8389 1.6836 1.8082 4.4082 2.9263 1.0527 30.5887 -1.2640 0.0020
Car 0.0000 0 -2.8431 617.9958 154.2418 692.9037 184.1202 1.6800 1.7226 4.0347 2.9431 0.2049 41.2851 -2.7705 0.0020
Car 0.0000 0 -0.6549 0.0000 180.0784 33.2906 241.5142 1.5997 1.6160 3.9898 -19.2335 1.5903 20.5088 -1.3988 0.0019
Car 0.0000 0 0.3384 671.6234 166.8384 779.9374 208.3704 1.5536 1.8012 3.8769 4.7778 1.0441 28.1722 0.5063 0.0019
Car 0.0000 0 -2.8452 408.6029 181.2401 586.8096 241.0747 1.4429 1.7426 4.2242 -2.7392 1.4648 18.2542 -2.9899 0.0019
Car 0.0000 0 0.0254 0.0000 0.0000 1224.0000 370.0000 1.4748 1.7801 3.6804 12.0820 1.0967 0.8035 1.5046 0.0019
Pedestrian 0.0000 0 -1.9467 33.4907 177.4951 77.6550 259.5262 1.6484 0.5238 0.6463 -11.3849 1.5897 14.5949 -2.5969 0.0019
Car 0.0000 0 1.1409 670.4819 170.1853 750.6237 210.3692 1.4458 1.7349 3.5516 3.9811 1.0762 27.3831 1.2854 0.0019
Car 0.0000 0 -1.4355 801.5853 151.3919 843.4467 181.6838 1.6370 1.7141 4.4445 12.5269 0.0654 40.5803 -1.1364 0.0019
Car 0.0000 0 0.4539 0.0000 184.8640 115.2761 228.6096 1.5072 1.6117 3.7885 -20.3813 1.6750 25.7688 -0.2077 0.0019
Car 0.0000 0 0.6218 434.4617 179.7254 584.3661 237.5300 1.4214 1.7108 3.6880 -2.6171 1.4039 19.0019 0.4890 0.0019
Car 0.0000 0 1.0438 0.0000 178.9482 29.2298 234.4130 1.6286 1.7966 4.5791 -20.7878 1.5846 22.2956 0.3022 0.0019
Cyclist 0.0000 0 0.0002 0.0000 0.0000 1224.0000 370.0000 1.4490 0.3814 1.7667 -8.6410 1.5215 0.7688 -1.4431 0.0019
Car 0.0000 0 -0.1856 630.2719 175.9829 731.6558 213.8241 1.4296 1.6851 3.6979 2.9021 1.2605 27.6954 -0.0807 0.0019
Car 0.0000 0 2.1734 41.7457 184.4017 153.4693 225.9243 1.4480 1.5382 3.8325 -19.2068 1.6088 26.9359 1.5612 0.0018
Car 0.0000 0 -1.5847 669.5512 168.0587 709.0208 206.5741 1.5254 1.5566 3.7851 3.5169 1.0341 29.9602 -1.4674 0.0018
Car 0.0000 0 -0.8362 0.0000 183.6228 27.5332 240.4712 1.5118 1.6068 3.5119 -19.2156 1.6128 20.7489 -1.5739 0.0018
Car 0.0000 0 1.2677 0.0000 186.0018 16.3797 237.4987 1.4549 1.6329 3.7977 -20.1787 1.6406 21.9968 0.5343 0.0018
Car 0.0000 0 1.2685 815.1764 150.8779 868.8471 182.1689 1.6640 1.6342 4.3273 13.2424 0.0902 39.7723 1.5894 0.0018
Car 0.0000 0 -1.5826 664.3320 165.4186 708.3401 204.8919 1.5831 1.7588 4.1496 3.4566 0.9797 30.5051 -1.4691 0.0018
Car 0.0000 0 0.2369 655.0984 172.9760 748.4576 210.1005 1.4406 1.6359 3.4860 3.9321 1.1502 28.8291 0.3727 0.0018
Car 0.0000 0 0.8064 0.0000 180.8431 105.8448 222.7341 1.4553 1.5830 3.7260 -20.4418 1.4698 25.6207 0.1408 0.0018
Car 0.0000 0 -2.8266 397.6289 183.6491 572.6333 242.8237 1.4107 1.7474 4.0895 -3.0467 1.4983 18.1509 -2.9883 0.0018
Car 0.0000 0 -3.1329 0.0000 0.0000 1224.0000 370.0000 1.4555 1.7397 3.6955 20.1129 0.1081 0.1077 -1.5823 0.0018
Car 0.0000 0 -1.6601 862.8094 175.3861 965.4411 253.8687 1.5181 1.7186 3.4178 6.6281 1.4208 15.5607 -1.2631 0.0018
Car 0.0000 0 0.4797 0.0000 187.7657 106.5549 232.5459 1.4786 1.6278 3.7665 -20.0754 1.7477 24.8740 -0.1915 0.0018
Car 0.0000 0 0.2650 0.0000 187.9697 125.3519 231.7105 1.4725 1.6344 3.8886 -20.0320 1.7624 25.7977 -0.3877 0.0017
Pedestrian 0.0000 0 -0.7499 42.7036 171.6838 94.1631 251.3202 1.6049 0.5495 0.6465 -11.1241 1.4288 14.6118 -1.3883 0.0017
Car 0.0000 0 2.1632 0.0000 174.5130 14.0131 231.9665 1.5237 1.4945 3.0841 -18.9517 1.3665 20.3815 1.4238 0.0017
Car 0.0000 0 -3.0032 0.0000 0.0000 1224.0000 370.0000 1.4726 1.7297 3.6827 19.3765 0.1412 0.1987 -1.4581 0.0017
Car 0.0000 0 -2.6905 572.8413 168.1656 689.6647 210.3152 1.6576 1.8007 4.5708 1.0570 1.1740 29.6679 -2.6535 0.0017
Car 0.0000 0 1.0353 0.0000 184.4744 35.5262 237.3199 1.5270 1.7206 4.7390 -20.5126 1.6617 22.1703 0.2975 0.0017
Car 0.0000 0 -3.0226 622.6849 156.2417 694.0331 184.2954 1.5787 1.6842 3.9527 3.1092 0.2150 40.9953 -2.9456 0.0017
Car 0.0000 0 0.8448 0.0000 180.0409 104.7207 223.9182 1.5140 1.6193 4.0129 -20.5344 1.4997 25.5398 0.1754 0.0017
Pedestrian 0.0000 0 -3.0474 624.1595 165.0054 660.1022 270.1742 1.8376 0.4765 0.6008 0.6243 1.5685 12.6283 -2.9976 0.0017
Car 0.0000 0 -1.7723 0.0000 0.0000 1224.0000 370.0000 1.5944 1.8295 4.2081 11.1124 1.2108 0.7241 -0.2941 0.0017
Car 0.0000 0 -0.5648 0.0000 175.0493 32.1225 237.9398 1.6211 1.5877 4.0058 -19.2166 1.4822 20.3601 -1.3118 0.0017
Car 0.0000 0 -1.9637 630.4205 153.4893 686.6724 184.4727 1.7290 1.8243 4.2345 3.0871 0.2231 41.7468 -1.8885 0.0017
Car 0.0000 0 2.1457 44.7173 184.4168 156.2462 226.4145 1.4643 1.5423 3.9638 -19.1564 1.6266 27.0278 1.5363 0.0017
Car 0.0000 0 2.1324 45.8029 184.3153 150.2810 226.3273 1.4723 1.5008 3.6644 -19.2353 1.6294 26.9793 1.5203 0.0017
Car 0.0000 0 1.2369 631.1907 175.6672 699.9669 213.3862 1.3738 1.6402 3.4020 2.2703 1.1993 27.5995 1.3197 0.0017
Car 0.0000 0 0.7078 0.0000 184.8615 107.1056 228.0684 1.4895 1.6662 3.8642 -20.4551 1.6537 25.4603 0.0388 0.0017
Car 0.0000 0 -1.6865 666.6953 151.4466 705.1744 183.0384 1.7606 1.7910 3.9059 4.6744 0.1429 41.3534 -1.5728 0.0016
Car 0.0000 0 1.3101 0.0000 182.4265 20.9627 235.3483 1.5125 1.7796 4.1119 -20.2738 1.5796 22.2077 0.5790 0.0016
Car 0.0000 0 -2.0065 642.1805 153.7343 695.4513 184.7425 1.7467 1.6903 3.8094 3.7197 0.2404 41.9026 -1.9167 0.0016
Car 0.0000 0 2.0846 49.1465 184.8216 147.5421 226.6305 1.4636 1.4654 3.5750 -19.2331 1.6413 26.9795 1.4725 0.0016
Car 0.0000 0 -1.8399 655.5509 152.4427 701.3867 183.7893 1.7565 1.7222 3.8369 4.2652 0.1857 41.6490 -1.7367 0.0016
Car 0.0000 0 -0.3680 0.0000 174.5956 13.3565 238.8715 1.5973 1.5846 4.1317 -19.4597 1.4522 19.7728 -1.1356 0.0016
Car 0.0000 0 1.6633 798.8066 155.3073 836.1401 185.8842 1.6007 1.6058 4.2119 11.8339 0.2833 39.2613 1.9557 0.0016
Car 0.0000 0 -1.5499 0.0000 0.0000 1224.0000 370.0000 1.4934 1.8952 3.7661 20.2092 0.3097 -0.0539 0.0088 0.0015
Cyclist 0.0000 0 0.0166 777.2742 160.0047 805.9291 188.0364 1.8021 0.7060 1.7903 12.1498 0.4858 46.0313 0.2747 0.0015
Car 0.0000 0 2.1726 57.8152 183.3426 158.2511 226.0116 1.5146 1.4043 3.4846 -18.9301 1.6319 27.0676 1.5695 0.0015
Car 0.0000 0 0.6972 0.0000 177.6378 107.2485 222.2825 1.5061 1.6271 3.8834 -19.9273 1.4111 24.7132 0.0267 0.0015
Car 0.0000 0 1.4755 673.1946 172.8151 721.8427 210.6936 1.4006 1.5769 3.3256 3.5594 1.1179 27.8258 1.6030 0.0015
Car 0.0000 0 -1.6610 486.3346 182.4149 569.5450 242.3700 1.3984 1.8199 4.1053 -2.1953 1.4569 18.8204 -1.7735 0.0015
Car 0.0000 0 0.5709 0.0000 185.2501 109.4601 228.6420 1.5087 1.6057 3.5454 -20.4440 1.6897 25.7524 -0.0924 0.0015
Car 0.0000 0 -1.4919 0.0000 0.0000 1224.0000 370.0000 1.5511 1.8492 3.9994 20.0547 0.4714 0.0318 0.0625 0.0015
Car 0.0000 0 -1.5286 958.3388 162.1449 1062.1494 246.8015 1.5863 1.7464 3.6256 8.7369 1.2440 15.2448 -1.0155 0.0015
Car 0.0000 0 -2.0054 652.6574 152.9470 706.7767 183.4105 1.6855 1.7409 3.6766 4.2849 0.1624 41.1371 -1.9004 0.0015
Car 0.0000 0 -1.4430 0.0000 0.0000 1224.0000 370.0000 1.4858 1.8930 3.7709 20.5743 0.2698 -0.0375 0.1151 0.0014
Pedestrian 0.0000 0 -1.5962 788.3627 158.8250 800.6768 187.8511 1.8658 0.7541 0.6465 12.2856 0.4739 45.8458 -1.3343 0.0014
Car 0.0000 0 1.2942 0.0000 182.8518 17.8657 236.4969 1.5340 1.7919 4.0871 -20.4235 1.6156 22.2186 0.5597 0.0014
Car 0.0000 0 1.6152 654.1890 173.3377 700.7090 213.6328 1.4921 1.6574 4.9926 3.0024 1.2284 28.7689 1.7197 0.0014
Car 0.0000 0 1.5874 636.8904 178.1139 679.5743 213.2704 1.3126 1.5936 3.4890 2.1263 1.2250 28.2040 1.6636 0.0014
Pedestrian 0.0000 0 -3.1582 625.1236 159.3677 657.0799 268.2514 1.9033 0.4929 0.5584 0.5946 1.5356 12.6096 -3.1105 0.0014
Car 0.0000 0 -0.3958 877.5729 174.0594 1104.5074 245.4565 1.3917 1.6246 3.8242 7.8591 1.2678 14.7513 0.0865 0.0014
Pedestrian 0.0000 0 2.8800 676.3154 171.3394 705.2492 240.3105 1.7104 0.4895 0.6170 2.1207 1.4849 17.8158 2.9980 0.0014
Car 0.0000 0 3.0205 619.5562 176.7442 727.8444 211.8592 1.3976 1.5207 4.2580 2.7369 1.2497 28.9526 3.1155 0.0014
Car 0.0000 0 -1.5080 856.8220 171.7704 955.9113 250.7116 1.5347 1.8242 3.5132 6.7440 1.3666 15.7198 -1.1083 0.0014
Car 0.0000 0 1.3855 670.9072 175.6272 726.2292 211.9788 1.3515 1.4970 3.8169 3.6398 1.1718 28.2296 1.5140 0.0014
Car 0.0000 0 -1.0262 469.9030 181.1308 608.8594 240.9202 1.4090 1.7324 4.2803 -1.6497 1.4295 19.0069 -1.1096 0.0014
Pedestrian 0.0000 0 -0.1089 599.7147 167.2818 613.6322 207.8413 1.7842 0.6797 0.5486 0.0519 1.2042 31.4648 -0.1056 0.0014
Cyclist 0.0000 0 0.2518 0.0000 0.0000 1224.0000 370.0000 1.4702 0.3919 1.7191 -8.2192 1.5233 0.8448 -1.1760 0.0014
Car 0.0000 0 0.6007 0.0000 183.8845 104.4373 227.0911 1.4631 1.6034 3.6085 -20.1329 1.5887 25.0065 -0.0692 0.0014
Car 0.0000 0 0.7402 0.0000 184.2451 106.3920 228.1322 1.5125 1.6295 3.9050 -20.4766 1.6541 25.4762 0.0709 0.0013
Car 0.0000 0 -1.2271 635.2968 165.3537 708.2771 206.9936 1.6628 1.8106 4.2385 2.9427 1.0594 30.5320 -1.1303 0.0013
Car 0.0000 0 0.1110 657.2948 170.8049 755.6480 209.4530 1.4381 1.6152 3.6372 3.9513 1.0788 27.5418 0.2536 0.0013
Car 0.0000 0 1.6176 653.9462 173.8352 703.1498 213.7363 1.4399 1.7273 3.7752 2.8974 1.2009 27.5066 1.7231 0.0013
Car 0.0000 0 1.4782 674.9081 174.4859 724.9811 211.3421 1.3585 1.6120 3.6819 3.6604 1.1384 27.9273 1.6088 0.0013
Car 0.0000 0 -2.0353 917.2032 173.3114 1073.2131 245.8944 1.3736 1.5997 3.1765 8.0523 1.2392 14.9808 -1.5492 0.0013
Car 0.0000 0 0.2821 0.0000 181.0019 95.2166 229.2986 1.5644 1.6640 3.7726 -20.1384 1.5843 24.4273 -0.3993 0.0013
Car 0.0000 0 -2.4057 579.2554 165.1781 694.3184 207.7747 1.6703 1.8520 4.9171 1.2455 1.0710 30.1049 -2.3631 0.0013
Pedestrian 0.0000 0 0.1219 600.5127 167.0473 613.9733 209.0075 1.8448 0.6928 0.5187 0.0832 1.2548 31.4566 0.1262 0.0013
Car 0.0000 0 -0.8588 0.0000 177.5594 23.5726 235.5952 1.5208 1.5181 3.7367 -19.0788 1.4453 20.4129 -1.6009 0.0012
Car 0.0000 0 -1.1829 858.6382 177.7193 1003.7716 253.5642 1.4566 1.6947 3.4728 7.1170 1.4048 15.3812 -0.7558 0.0012
Car 0.0000 0 1.2625 0.0000 186.1367 19.8693 237.6143 1.4594 1.7049 3.7445 -20.1882 1.6505 22.0915 0.5309 0.0012
Pedestrian 0.0000 0 -0.5012 786.2126 157.9008 801.6508 186.4420 1.8359 0.7260 0.7059 12.2658 0.3836 45.9120 -0.2401 0.0012
Car 0.0000 0 -1.2286 863.6022 178.3507 1010.0953 252.4472 1.3917 1.7495 3.6195 7.1560 1.3529 15.1789 -0.7944 0.0012
Car 0.0000 0 -1.5516 858.3428 171.7808 957.2391 250.3644 1.5408 1.8292 3.4457 6.7232 1.3715 15.8036 -1.1550 0.0012
Car 0.0000 0 -1.5173 860.9229 175.4237 957.1746 251.1241 1.4650 1.7608 3.2916 6.7054 1.3684 15.5437 -1.1157 0.0012
Car 0.0000 0 0.6398 0.0000 181.0058 97.6778 226.8980 1.5351 1.6154 3.8381 -20.1646 1.5548 24.5489 -0.0398 0.0012
Car 0.0000 0 0.6199 0.0000 178.5851 110.9211 224.2080 1.5603 1.6342 3.7791 -20.0373 1.4964 25.0804 -0.0462 0.0011
Car 0.0000 0 1.5455 677.3913 174.2853 721.9967 211.3282 1.3610 1.6302 3.5261 3.6469 1.1342 27.8125 1.6762 0.0011
Car 0.0000 0 -3.1254 620.1749 174.6824 729.4340 212.5932 1.4583 1.5953 4.2194 2.7564 1.2360 28.2262 -3.0274 0.0011
Car 0.0000 0 -0.8749 0.0000 183.0318 24.3007 240.4818 1.5229 1.5290 3.4558 -19.1314 1.6047 20.6508 -1.6127 0.0011
Car 0.0000 0 0.6856 0.0000 181.2855 111.2877 225.3888 1.5062 1.6263 3.8025 -19.9613 1.5364 25.0229 0.0202 0.0011
Car 0.0000 0 1.3078 821.7484 152.2754 874.3043 183.9883 1.6488 1.6004 4.5602 13.3391 0.1828 39.0829 1.6361 0.0010
Car 0.0000 0 0.5328 0.0000 184.7483 101.9110 227.8815 1.4418 1.6120 3.5612 -20.1290 1.5991 24.8806 -0.1394 0.0010
Cyclist 0.0000 0 2.6354 785.7702 159.3860 817.2967 187.4171 1.8013 0.8096 1.8122 12.7929 0.4458 46.0357 2.9065 0.0010
Car 0.0000 0 0.2596 659.2545 167.8371 769.0674 209.6572 1.5718 1.7461 4.0117 4.3262 1.0974 28.1722 0.4120 0.0010
Car 0.0000 0 -0.4296 0.0000 174.2685 29.3773 239.3369 1.6511 1.5440 4.1742 -19.2880 1.4945 20.1601 -1.1833 0.0010
Car 0.0000 0 0.8366 0.0000 179.1227 103.9399 225.8147 1.5439 1.6669 4.1520 -19.9451 1.4999 24.5318 0.1620 0.0009
Car 0.0000 0 1.4704 635.9346 177.1326 686.4841 213.5492 1.3485 1.6372 3.5075 2.1361 1.2253 27.9485 1.5476 0.0009
Car 0.0000 0 -0.9419 917.7312 168.7998 1120.1776 249.0872 1.5550 1.8911 3.8820 8.9376 1.3300 15.3465 -0.4219 0.0009
Car 0.0000 0 1.7023 648.6317 177.0238 705.7302 215.6935 1.3911 1.6218 4.8228 2.9182 1.2676 27.9644 1.8068 0.0009
Car 0.0000 0 -0.7808 928.4750 168.5002 1131.0513 245.2510 1.5040 1.7238 3.5445 8.9935 1.2705 15.1269 -0.2520 0.0009
Cyclist 0.0000 0 2.4039 785.2079 161.9468 810.4591 188.0721 1.6754 0.7052 1.5007 12.5444 0.4869 45.9917 2.6702 0.0009
Cyclist 0.0000 0 -2.0473 1142.0286 158.5721 1222.2614 249.1122 1.5753 0.4439 1.6167 10.6334 1.1954 13.1330 -1.3768 0.0009
Car 0.0000 0 -1.2172 857.2213 176.9891 1000.2535 253.5111 1.4795 1.7426 3.5840 7.1504 1.4132 15.5529 -0.7924 0.0009
Car 0.0000 0 0.4866 0.0000 0.0000 1224.0000 370.0000 1.4327 1.6884 3.4125 12.0961 1.1997 1.5209 1.9076 0.0008
Car 0.0000 0 -2.3697 0.0000 0.0000 1224.0000 370.0000 1.3476 1.3313 3.5109 12.2656 1.2194 1.3053 -0.9295 0.0008
Car 0.0000 0 -0.8656 919.2476 170.2457 1128.8014 248.3205 1.5255 1.8923 3.8431 9.0196 1.3267 15.3448 -0.3416 0.0008
Car 0.0000 0 2.0166 520.1299 165.0922 638.8690 227.3955 1.5746 1.8448 3.9016 -0.6382 1.1868 20.0217 1.9871 0.0008
Car 0.0000 0 1.9103 517.3865 175.2673 625.8636 232.7588 1.4428 1.7729 4.1130 -0.8466 1.3131 19.9661 1.8703 0.0007
Car 0.0000 0 0.5125 0.0000 190.1962 105.7947 231.2409 1.3868 1.5599 3.1695 -20.1029 1.7501 25.3684 -0.1499 0.0006
Cyclist 0.0000 0 -1.2598 0.0000 164.7008 29.0860 254.2368 1.6937 0.4023 1.9694 -12.3585 1.3965 14.3575 -1.9577 0.0006
Car 0.0000 0 -1.5998 913.3198 174.4767 1018.7917 251.6209 1.5065 1.8874 3.9684 8.0045 1.3905 15.9998 -1.1423 0.0006
Car 0.0000 0 -1.3756 882.8294 175.3139 1008.4600 251.8529 1.5044 1.8501 3.9476 7.7760 1.4041 16.0275 -0.9300 0.0006
Cyclist 0.0000 0 0.2631 663.0634 149.8419 699.6667 185.9120 2.0004 0.7591 1.9230 4.3025 0.3015 39.9096 0.3716 0.0006
Cyclist 0.0000 0 1.6804 591.3748 170.9367 609.0270 205.9970 1.5141 0.6098 1.6152 -0.2230 1.1026 31.3642 1.6751 0.0005
Pedestrian 0.0000 0 0.4826 594.1904 168.1329 610.4630 208.8067 1.7832 0.6545 0.4729 -0.1363 1.2425 31.3921 0.4800 0.0005
Car 0.0000 0 1.5523 655.6899 173.7427 705.8426 215.9435 1.5042 1.7831 4.4842 2.8712 1.2649 27.5080 1.6568 0.0005
Cyclist 0.0000 0 0.4648 663.5204 149.1899 705.4885 186.5203 2.0329 0.8392 2.1818 4.4197 0.3293 39.4462 0.5774 0.0005
Pedestrian 0.0000 0 0.5828 593.4231 169.0443 611.4144 209.3380 1.7643 0.6622 0.5199 -0.1325 1.2642 31.3734 0.5803 0.0005
Pedestrian 0.0000 0 -1.5863 666.1765 159.2574 678.0924 190.4006 1.7419 0.6592 0.6282 3.7757 0.5552 39.8817 -1.4908 0.0005
Pedestrian 0.0000 0 -1.5534 666.2637 159.6200 677.8687 190.3454 1.7195 0.6419 0.5792 3.7773 0.5524 39.8870 -1.4578 0.0005
Pedestrian 0.0000 0 -1.2969 664.9554 160.9757 680.3648 191.1502 1.6712 0.6862 0.7362 3.7853 0.5912 39.6208 -1.2006 0.0005
Pedestrian 0.0000 0 -1.2969 665.0311 160.9636 680.6785 191.0296 1.6644 0.7050 0.7162 3.7938 0.5843 39.5972 -1.2003 0.0004
Car 0.0000 0 1.6055 655.2691 178.4511 701.7375 215.8152 1.3484 1.6638 4.2106 2.9216 1.2760 27.7121 1.7110 0.0004
Cyclist 0.0000 0 1.6566 598.7497 170.7139 615.5115 207.5963 1.5797 0.5997 1.6366 0.0831 1.1620 31.1203 1.6610 0.0004
Pedestrian 0.0000 0 -1.6939 670.0393 155.7003 685.4394 188.0906 1.8107 0.7864 0.6768 4.0898 0.4257 39.8678 -1.5906 0.0004
Pedestrian 0.0000 0 -1.7015 670.3168 155.6709 685.6091 188.1161 1.8125 0.7720 0.7033 4.1009 0.4268 39.8545 -1.5979 0.0003
Pedestrian 0.0000 0 -1.2798 669.9998 156.7586 687.4457 188.5512 1.7607 0.8080 0.6921 4.1254 0.4473 39.6268 -1.1750 0.0003
Pedestrian 0.0000 0 -1.9469 588.9242 170.6844 608.8704 209.6914 1.6986 0.7018 0.6196 -0.2915 1.2726 31.2023 -1.9544 0.0003
Cyclist 0.0000 0 1.5955 593.4462 170.1217 605.4289 206.3645 1.5746 0.4935 1.6671 -0.2607 1.1252 31.5519 1.5891 0.0003
Car 0.0000 0 1.8743 523.2009 169.8698 619.3374 227.7052 1.4449 1.6547 3.5810 -0.8674 1.1810 19.6034 1.8327 0.0003
Cyclist 0.0000 0 1.8866 596.5697 170.9195 617.2524 205.7913 1.5173 0.4453 1.6128 0.0762 1.1019 31.5945 1.8907 0.0003
Cyclist 0.0000 0 2.5894 967.4896 138.6001 1129.6786 299.7197 1.8803 0.5651 1.6108 5.2801 1.3930 8.5395 3.1284 0.0002
Car 0.0000 0 1.8830 527.6728 168.2534 623.5290 226.3433 1.4725 1.6753 3.5201 -0.7605 1.1636 19.8393 1.8472 0.0002
Cyclist 0.0000 0 1.6867 597.5583 170.6883 616.2458 206.7689 1.5565 0.6496 1.5783 0.0743 1.1347 31.3195 1.6908 0.0002
Cyclist 0.0000 0 -2.3748 1013.4671 162.5638 1102.7878 258.7846 1.6580 0.3796 1.5329 8.2262 1.3506 12.9677 -1.8189 0.0002
Pedestrian 0.0000 0 0.4544 590.5584 170.4368 611.7015 209.2086 1.6810 0.7552 0.6674 -0.1875 1.2461 31.1346 0.4502 0.0002
Cyclist 0.0000 0 -1.3418 0.0000 158.2920 10.5190 256.0437 1.8216 0.4303 1.8164 -12.4114 1.4094 14.0756 -2.0515 0.0002
Cyclist 0.0000 0 2.5415 967.9641 137.6236 1127.6428 301.3955 1.9028 0.5814 1.5965 5.2807 1.4063 8.5492 3.0801 0.0001
Car 0.0000 0 -0.1628 0.0000 0.0000 1224.0000 370.0000 1.6603 1.7048 4.3424 -5.7434 1.5509 1.7207 -1.3899 0.0000