Pedestrian 0.0000 0 -3.5959 935.0724 149.3286 1028.2802 291.5579 1.8428 0.5290 0.9616 4.9597 1.4406 9.4290 -3.1237 0.8652
Pedestrian 0.0000 0 2.6333 936.7264 149.1799 1026.4087 292.3958 1.8519 0.5605 0.8958 4.9621 1.4486 9.4339 3.1055 0.8419
Pedestrian 0.0000 0 2.6114 938.2778 149.9164 1025.1368 292.6718 1.8484 0.5403 0.8699 4.9714 1.4541 9.4446 3.0839 0.7340
Pedestrian 0.0000 0 2.6053 933.7641 150.2547 1030.2615 292.4820 1.8376 0.5708 0.9846 4.9741 1.4485 9.4463 3.0780 0.6853
Pedestrian 0.0000 0 2.6670 934.1721 150.1561 1028.3043 292.4700 1.8453 0.5245 0.9759 4.9530 1.4535 9.4263 3.1387 0.6798
Pedestrian 0.0000 0 2.5984 933.8887 149.1014 1025.6958 292.3538 1.8501 0.5531 0.9310 4.9406 1.4462 9.4361 3.0688 0.6333
Pedestrian 0.0000 0 4.1228 0.0000 0.0000 1224.0000 370.0000 1.8884 0.5954 0.6837 -4.4899 1.6931 0.1249 2.6531 0.5906
Pedestrian 0.0000 0 3.9537 0.0000 0.0000 1224.0000 370.0000 1.8893 0.5988 0.6645 -4.4891 1.6833 0.1295 2.4850 0.5716
Pedestrian 0.0000 0 4.1067 0.0000 0.0000 1224.0000 370.0000 1.9038 0.5743 0.7375 -4.4565 1.6926 0.1290 2.6386 0.5393
Pedestrian 0.0000 0 0.5339 0.0000 0.0000 1224.0000 370.0000 1.8292 0.6236 0.6840 -3.8325 1.6627 -0.2999 -1.0292 0.4959
Pedestrian 0.0000 0 0.5761 0.0000 0.0000 1224.0000 370.0000 1.8219 0.6281 0.7042 -3.8339 1.6697 -0.2949 -0.9856 0.4723
Pedestrian 0.0000 0 3.8998 0.0000 0.0000 1224.0000 370.0000 1.9030 0.5912 0.7819 -4.4457 1.6883 0.1155 2.4290 0.4692
Car 0.0000 0 -0.2426 0.0000 0.0000 1224.0000 370.0000 1.4782 1.5609 3.7556 2.1558 1.6034 -0.0191 1.1895 0.3817
Pedestrian 0.0000 0 0.8064 0.0000 0.0000 1224.0000 370.0000 1.9346 0.5438 0.7100 -4.4356 1.7434 0.2529 -0.6336 0.2999
Pedestrian 0.0000 0 2.0177 982.8195 181.4821 1024.7938 268.1284 1.3636 0.3681 0.6156 6.4212 1.3816 11.4585 2.5184 0.2968
Pedestrian 0.0000 0 1.7401 987.9940 181.9317 1020.2434 266.8814 1.3360 0.3650 0.6156 6.4413 1.3617 11.4814 2.2413 0.2926
Pedestrian 0.0000 0 4.0308 0.0000 0.0000 1224.0000 370.0000 1.9514 0.5486 0.6959 -4.4961 1.7162 0.2208 2.5820 0.2633
Pedestrian 0.0000 0 0.9045 0.0000 0.0000 1224.0000 370.0000 1.9383 0.5657 0.7300 -4.4435 1.7534 0.2638 -0.5334 0.2541
Pedestrian 0.0000 0 1.1842 1008.0311 220.4411 1097.9250 370.0000 1.1675 0.3663 0.5957 3.3365 1.4914 5.3776 1.7154 0.2409
Pedestrian 0.0000 0 4.1778 0.0000 0.0000 1224.0000 370.0000 1.9627 0.5762 0.7467 -4.4923 1.7275 0.2407 2.7334 0.2343
Pedestrian 0.0000 0 0.5246 0.0000 0.0000 1224.0000 370.0000 1.8046 0.5881 0.6942 -3.8565 1.7074 -0.1440 -0.9981 0.2098
Car 0.0000 0 -0.0477 0.0000 0.0000 1224.0000 370.0000 1.4711 1.6035 3.7697 1.9016 1.6084 0.0968 1.3072 0.1830
Car 0.0000 0 1.2026 0.0000 0.0000 1224.0000 370.0000 1.4935 1.5491 3.9884 -2.2050 1.6726 0.4622 -0.0243 0.1796
Car 0.0000 0 -1.0157 431.3923 0.0000 1224.0000 370.0000 1.4979 1.5422 3.6291 1.4573 1.6837 0.6957 -0.0536 0.1755
Pedestrian 0.0000 0 1.6420 979.3110 178.9077 1009.7303 267.9966 1.3960 0.3952 0.6404 6.2691 1.3727 11.4508 2.1330 0.1684
Pedestrian 0.0000 0 2.0406 976.8986 176.3002 1022.2176 268.2415 1.4729 0.4124 0.6426 6.4724 1.4072 11.6740 2.5370 0.1641
Pedestrian 0.0000 0 3.9888 0.0000 0.0000 1224.0000 370.0000 1.9456 0.6220 0.7965 -4.5304 1.6841 -0.1018 2.4684 0.1604
Pedestrian 0.0000 0 2.0506 972.5193 180.0836 1018.5669 269.2932 1.4006 0.3918 0.6733 6.2813 1.3958 11.4477 2.5424 0.1573
Cyclist 0.0000 0 -1.8454 972.8951 165.9959 1037.1881 273.9019 1.6488 0.4617 1.6770 6.5193 1.4288 11.6675 -1.3458 0.1557
Pedestrian 0.0000 0 0.3808 0.0000 0.0000 1224.0000 370.0000 1.8038 0.5945 0.6773 -3.8761 1.7160 -0.1213 -1.1363 0.1416
Pedestrian 0.0000 0 4.2212 0.0000 0.0000 1224.0000 370.0000 1.9372 0.6473 0.8589 -4.5305 1.7041 -0.0824 2.7051 0.1387
Pedestrian 0.0000 0 1.7233 971.5583 172.9370 1008.3423 268.0679 1.5122 0.4484 0.6254 6.2863 1.3936 11.6189 2.2095 0.1371
Car 0.0000 0 -1.1751 0.0000 0.0000 1224.0000 370.0000 1.4643 1.5483 3.3578 1.8626 1.6490 0.7638 -0.1311 0.1317
Pedestrian 0.0000 0 2.0577 966.7959 174.2160 1014.4968 268.8770 1.5084 0.4421 0.6472 6.2987 1.4099 11.6263 2.5445 0.1311
Pedestrian 0.0000 0 1.8934 979.8165 175.8739 1020.0691 267.3797 1.4643 0.4067 0.6336 6.4805 1.3919 11.6744 2.3903 0.1300
Cyclist 0.0000 0 0.9647 946.0807 164.0845 1043.2478 273.9694 1.6709 0.5049 1.6924 6.3036 1.4229 11.6163 1.4521 0.1240
Car 0.0000 0 -0.0949 0.0000 0.0000 1224.0000 370.0000 1.5003 1.5910 3.7156 1.8192 1.6270 -0.1334 1.3734 0.1226
Car 0.0000 0 0.1036 277.4003 0.0000 1224.0000 370.0000 1.4643 1.5395 3.5688 -1.0077 1.6234 0.0136 -1.1424 0.1224
Car 0.0000 0 -1.7511 0.0000 0.0000 1224.0000 370.0000 1.4859 1.5725 3.8735 -2.1548 1.6366 0.2289 -3.0693 0.1217
Cyclist 0.0000 0 -1.8467 965.9553 165.7560 1031.1465 271.4888 1.6446 0.4607 1.8041 6.5514 1.4169 11.9230 -1.3538 0.1215
Car 0.0000 0 -0.7039 0.0000 188.3833 115.5305 246.8028 1.5292 1.5926 3.5970 -16.7808 1.7857 20.9418 -1.3704 0.1196
Car 0.0000 0 -0.1240 0.0000 0.0000 1224.0000 370.0000 1.4964 1.5796 3.8132 2.1503 1.5911 -0.0341 1.3145 0.1184
Cyclist 0.0000 0 -2.2351 932.8354 163.6807 1031.0691 271.3370 1.6815 0.4667 1.7492 6.2674 1.4204 11.9412 -1.7609 0.1163
Car 0.0000 0 1.6925 0.0000 181.4952 11.4014 232.8404 1.4756 1.6658 4.2613 -20.3774 1.5121 22.6274 0.9681 0.1120
Car 0.0000 0 0.2968 0.0000 0.0000 1224.0000 370.0000 1.4590 1.5677 3.8086 1.7176 1.6532 0.2699 1.5366 0.1102
Car 0.0000 0 2.3964 0.0000 0.0000 1224.0000 370.0000 1.5128 1.6095 4.1013 0.4762 1.6139 0.2330 3.1065 0.1092
Car 0.0000 0 1.2714 0.0000 0.0000 1224.0000 370.0000 1.5246 1.6293 3.9192 -2.1882 1.6350 0.2490 -0.0418 0.1054
Car 0.0000 0 2.3476 0.0000 0.0000 1224.0000 370.0000 1.5423 1.5857 3.9755 0.4551 1.6348 0.2329 3.0353 0.1045
Car 0.0000 0 -1.7714 0.0000 0.0000 1224.0000 370.0000 1.4729 1.5774 3.8658 -1.9668 1.6226 0.1309 -3.1134 0.1011
Car 0.0000 0 -0.1553 0.0000 0.0000 1224.0000 370.0000 1.4837 1.5870 3.6881 2.0239 1.6666 0.1029 1.2095 0.1001
Car 0.0000 0 3.9301 0.0000 0.0000 1224.0000 370.0000 1.4856 1.5504 3.9938 -0.6182 1.5945 0.0869 2.9481 0.0990
Car 0.0000 0 0.4335 0.0000 0.0000 1224.0000 370.0000 1.4982 1.5833 3.7019 1.1511 1.7013 0.0771 1.6711 0.0986
Car 0.0000 0 -0.9092 0.0000 0.0000 1224.0000 370.0000 1.4689 1.5152 3.5639 1.5862 1.6644 0.4621 0.2035 0.0959
Car 0.0000 0 -0.9653 0.0000 0.0000 1224.0000 370.0000 1.4619 1.4889 3.3778 1.7377 1.6524 0.5212 0.1547 0.0954
Car 0.0000 0 2.5418 0.0000 0.0000 1224.0000 370.0000 1.5287 1.5943 4.0563 0.2753 1.6810 0.4475 2.8864 0.0951
Car 0.0000 0 4.1495 338.4022 0.0000 1224.0000 370.0000 1.4995 1.5641 3.7788 -1.8664 1.6148 -0.2078 2.6423 0.0949
Car 0.0000 0 0.0574 0.0000 0.0000 1224.0000 370.0000 1.5009 1.5814 3.6053 1.4170 1.6329 -0.2970 1.6111 0.0947
Car 0.0000 0 1.2090 0.0000 0.0000 1224.0000 370.0000 1.4618 1.5498 3.8908 -2.0290 1.6762 0.4158 -0.0108 0.0913
Car 0.0000 0 0.5009 0.0000 0.0000 1224.0000 370.0000 1.4764 1.5060 3.6312 1.4396 1.6747 0.2219 1.7112 0.0883
Car 0.0000 0 -0.7598 0.0000 0.0000 1224.0000 370.0000 1.5500 1.6411 4.4680 0.9592 1.6206 0.1099 0.3884 0.0875
Car 0.0000 0 4.2192 0.0000 0.0000 1224.0000 370.0000 1.4956 1.5328 3.7532 -1.7340 1.6285 -0.1574 2.7456 0.0863
Car 0.0000 0 2.3516 0.0000 0.0000 1224.0000 370.0000 1.5275 1.6018 3.9437 0.5719 1.7146 0.4418 2.9947 0.0849
Car 0.0000 0 0.1252 69.1542 0.0000 1224.0000 370.0000 1.5144 1.5793 3.7740 1.0662 1.6238 -0.3031 1.6784 0.0833
Cyclist 0.0000 0 1.1770 963.0992 166.8430 1042.7177 277.0604 1.6462 0.5071 1.6352 6.3226 1.4439 11.3948 1.6735 0.0823
Car 0.0000 0 3.9935 547.7789 0.0000 1224.0000 370.0000 1.4960 1.5485 3.8565 -1.4183 1.6251 -0.0911 2.5869 0.0806
Car 0.0000 0 -3.2026 0.0000 0.0000 1224.0000 370.0000 1.4798 1.6581 3.5311 9.4193 1.4671 -0.2680 -1.6362 0.0788
Car 0.0000 0 0.3246 0.0000 0.0000 1224.0000 370.0000 1.4617 1.5491 3.6937 1.4893 1.6045 0.0660 1.6411 0.0780
Car 0.0000 0 0.7936 0.0000 0.0000 1224.0000 370.0000 1.4812 1.5064 3.6056 1.1677 1.6885 0.4393 1.7874 0.0776
Car 0.0000 0 1.4846 0.0000 0.0000 1224.0000 370.0000 1.6233 1.6275 4.3690 -2.3420 1.6104 -0.0198 0.0445 0.0773
Car 0.0000 0 0.9581 0.0000 0.0000 1224.0000 370.0000 1.5507 1.6173 4.0977 -0.8214 1.6363 -0.0229 -0.2599 0.0751
Car 0.0000 0 0.5386 0.0000 0.0000 1224.0000 370.0000 1.4493 1.5839 3.7287 1.6099 1.6544 0.3842 1.6969 0.0747
Car 0.0000 0 -1.2651 0.0000 0.0000 1224.0000 370.0000 1.4426 1.5507 3.2538 2.0597 1.6359 0.8689 -0.2174 0.0730
Car 0.0000 0 2.1618 0.0000 0.0000 1224.0000 370.0000 1.5845 1.6023 4.0124 0.4654 1.6181 0.0973 2.9997 0.0721
Car 0.0000 0 2.6357 0.0000 0.0000 1224.0000 370.0000 1.5437 1.5735 3.9616 0.2077 1.6268 0.2547 2.9831 0.0696
Car 0.0000 0 -0.7016 0.0000 186.4651 112.9960 245.3736 1.5253 1.6331 3.7704 -16.7961 1.7186 20.7173 -1.3737 0.0694
Car 0.0000 0 -0.6892 0.0000 0.0000 1224.0000 370.0000 1.4882 1.6028 4.0181 1.2893 1.6264 0.2786 0.4464 0.0694
Car 0.0000 0 0.3319 179.8856 0.0000 1224.0000 370.0000 1.5613 1.6569 3.4281 -0.7829 1.6048 -0.3235 -1.2369 0.0681
Car 0.0000 0 2.4100 0.0000 185.8307 110.6028 243.9235 1.4986 1.6196 3.7559 -16.7389 1.6704 20.5849 1.7365 0.0659
Car 0.0000 0 1.6737 0.0000 182.8269 11.7083 233.8430 1.4642 1.6646 4.2885 -20.3975 1.5478 22.7189 0.9508 0.0657
Car 0.0000 0 2.6081 0.0000 0.0000 1224.0000 370.0000 1.5291 1.5747 3.9800 0.2416 1.6889 0.4325 2.9189 0.0653
Car 0.0000 0 -0.9210 0.0000 0.0000 1224.0000 370.0000 1.4846 1.5374 3.6200 1.7079 1.6185 0.2174 0.3447 0.0651
Cyclist 0.0000 0 0.1785 0.0000 0.0000 1224.0000 370.0000 1.6759 0.5235 1.9542 -1.1115 1.5506 -0.0393 -1.1396 0.0625
Car 0.0000 0 -4.1006 0.0000 0.0000 1224.0000 370.0000 1.5485 1.6535 4.0932 0.6626 1.6012 0.0573 -3.0495 0.0619
Car 0.0000 0 3.6324 0.0000 0.0000 1224.0000 370.0000 1.4737 1.5696 3.5436 -1.7056 1.6446 -0.3237 2.0631 0.0615
Car 0.0000 0 0.8799 0.0000 0.0000 1224.0000 370.0000 1.4587 1.4536 3.5508 1.3566 1.6844 0.6033 1.8530 0.0613
Car 0.0000 0 -4.1165 0.0000 0.0000 1224.0000 370.0000 1.5312 1.6339 3.9606 1.0662 1.6393 0.3022 -3.0747 0.0604
Car 0.0000 0 -4.0842 0.0000 0.0000 1224.0000 370.0000 1.5066 1.5924 3.8665 1.2814 1.7020 0.4367 -3.0472 0.0600
Pedestrian 0.0000 0 0.5701 1082.2095 75.4065 1224.0000 370.0000 1.7371 0.6385 0.8204 1.3890 1.6293 1.2118 1.3072 0.0586
Car 0.0000 0 1.6747 0.0000 181.3314 10.7056 232.3917 1.4732 1.6593 4.2812 -20.4060 1.5040 22.6909 0.9509 0.0558
Car 0.0000 0 -0.7812 0.0000 0.0000 729.4421 370.0000 1.5062 1.5901 3.9225 1.4824 1.6094 0.0202 0.5634 0.0542
Car 0.0000 0 1.7821 0.0000 181.8979 10.2166 233.5168 1.4897 1.6638 4.1492 -20.7118 1.5405 22.7332 1.0518 0.0522
Car 0.0000 0 2.4080 0.0000 0.0000 1224.0000 370.0000 1.4946 1.5033 3.6083 0.7342 1.6954 0.6608 3.0504 0.0521
Car 0.0000 0 3.6039 0.0000 0.0000 1224.0000 370.0000 1.5634 1.6226 3.7906 -0.2836 1.6116 -0.0096 2.8728 0.0509
Pedestrian 0.0000 0 0.4903 0.0000 0.0000 1224.0000 370.0000 1.8273 0.6890 0.6820 -3.7072 1.6949 -0.2626 -1.0625 0.0504
Car 0.0000 0 0.2033 0.0000 0.0000 1224.0000 370.0000 1.4649 1.5621 3.8110 1.0823 1.6423 -0.1666 1.6317 0.0501
Cyclist 0.0000 0 0.8815 0.0000 0.0000 1224.0000 370.0000 1.6853 0.5410 1.7150 1.1124 1.7300 0.7449 1.6885 0.0499
Car 0.0000 0 -0.2202 324.7409 0.0000 1224.0000 370.0000 1.4910 1.6048 3.5030 -0.6904 1.6645 0.1078 -1.2310 0.0484
Car 0.0000 0 2.6925 0.0000 0.0000 1224.0000 370.0000 1.5978 1.5798 3.8478 0.1464 1.5840 0.1163 3.0177 0.0479
Pedestrian 0.0000 0 -3.4176 1128.0347 77.7664 1224.0000 370.0000 1.7662 0.6203 0.8155 1.3863 1.6621 1.1847 -2.6727 0.0477
Cyclist 0.0000 0 3.2017 0.0000 0.0000 1224.0000 370.0000 1.9630 0.4889 1.8051 -4.3248 1.7794 0.2126 1.7557 0.0453
Car 0.0000 0 2.8797 0.0000 0.0000 1224.0000 370.0000 1.4209 1.4868 3.2976 -1.4275 1.6609 0.0016 1.5344 0.0449
Pedestrian 0.0000 0 1.8408 273.1387 176.8375 314.5944 273.5088 1.5058 0.4549 0.6270 -5.0321 1.4504 11.3494 1.4356 0.0434
Car 0.0000 0 -0.8601 0.0000 0.0000 987.9011 370.0000 1.5129 1.5642 3.7324 1.8993 1.6114 -0.1135 0.6021 0.0433
Cyclist 0.0000 0 0.7652 0.0000 0.0000 1224.0000 370.0000 1.7177 0.5407 1.8947 1.1167 1.6874 0.3940 1.7665 0.0430
Car 0.0000 0 1.8107 0.0000 181.5661 12.2127 232.9554 1.4761 1.6788 4.2198 -20.6623 1.5152 22.6534 1.0800 0.0421
Car 0.0000 0 1.2926 0.0000 0.0000 1224.0000 370.0000 1.5827 1.6091 3.8982 -2.3428 1.6033 -0.0788 -0.1723 0.0420
Car 0.0000 0 4.1295 0.0000 0.0000 1224.0000 370.0000 1.4483 1.5112 3.7086 -1.4407 1.6041 0.0779 2.8323 0.0418
Car 0.0000 0 0.0511 356.6095 0.0000 1224.0000 370.0000 1.5246 1.6295 3.5028 -0.7410 1.6181 -0.0212 -1.1301 0.0417
Car 0.0000 0 2.7827 0.0000 0.0000 1224.0000 370.0000 1.5083 1.5359 3.8904 0.1318 1.6895 0.3965 2.9652 0.0401
Car 0.0000 0 2.8701 0.0000 0.0000 1224.0000 370.0000 1.4922 1.5421 3.9365 0.0700 1.6634 0.4351 2.9640 0.0400
Pedestrian 0.0000 0 0.5413 0.0000 0.0000 1224.0000 370.0000 1.8389 0.6992 0.7042 -3.6823 1.7024 -0.2649 -1.0120 0.0394
Pedestrian 0.0000 0 1.9331 270.3828 175.7171 314.9012 272.9810 1.5116 0.4462 0.6532 -5.0382 1.4390 11.3198 1.5266 0.0391
Car 0.0000 0 0.5624 406.8577 0.0000 1224.0000 370.0000 1.5421 1.6034 3.7502 0.7179 1.6082 -0.2581 2.0437 0.0389
Car 0.0000 0 0.3730 0.0000 0.0000 1224.0000 370.0000 1.5608 1.6326 3.7574 -2.3160 1.5376 -0.1391 -1.1164 0.0386
Cyclist 0.0000 0 -0.0256 182.5629 0.0000 1224.0000 370.0000 1.6746 0.4254 1.7882 -1.0728 1.6414 0.3531 -1.0319 0.0376
Cyclist 0.0000 0 1.1550 0.0000 0.0000 1224.0000 370.0000 1.9448 0.4001 1.6680 -4.4466 1.7825 0.2504 -0.2860 0.0364
Car 0.0000 0 0.2426 0.0000 0.0000 1224.0000 370.0000 1.5114 1.5991 3.9138 -2.0304 1.5804 -0.1668 -1.2493 0.0354
Car 0.0000 0 1.8614 0.0000 181.2198 13.7150 232.2469 1.4775 1.6440 4.1844 -20.8035 1.5045 22.7740 1.1299 0.0351
Car 0.0000 0 2.6903 0.0000 0.0000 1224.0000 370.0000 1.4989 1.5117 3.8620 0.3287 1.6906 0.5916 3.0367 0.0348
Cyclist 0.0000 0 2.4133 940.2855 169.6526 1046.4729 272.8186 1.6040 0.4875 1.5914 6.2228 1.4370 11.4134 2.9025 0.0342
Car 0.0000 0 2.1114 0.0000 182.3384 19.0904 234.2573 1.5123 1.6584 3.9699 -21.1367 1.5787 22.8472 1.3736 0.0337
Cyclist 0.0000 0 1.4202 0.0000 0.0000 1224.0000 370.0000 1.7952 0.5466 1.6836 -3.5675 1.7192 -0.2730 -0.1350 0.0328
Car 0.0000 0 -3.1085 0.0000 0.0000 1224.0000 370.0000 1.4474 1.5977 3.3559 9.4498 1.4872 -0.2510 -1.5439 0.0322
Car 0.0000 0 2.0662 0.0000 181.7660 18.8587 232.9540 1.5021 1.6399 3.8691 -21.0882 1.5484 22.9190 1.3310 0.0321
Car 0.0000 0 -3.3590 0.0000 0.0000 1224.0000 370.0000 1.4528 1.5823 3.3432 9.6907 1.4753 -0.1899 -1.8005 0.0319
Car 0.0000 0 0.5781 385.4111 0.0000 1224.0000 370.0000 1.4651 1.6802 3.9007 0.7824 1.6357 -0.2310 2.0327 0.0303
Cyclist 0.0000 0 0.6410 0.0000 0.0000 1224.0000 370.0000 1.6652 0.5330 1.8611 1.4527 1.6892 0.6212 1.6368 0.0302
Cyclist 0.0000 0 2.7012 0.0000 0.0000 1224.0000 370.0000 1.9045 0.5953 1.7443 -4.2224 1.7292 -0.0438 1.1980 0.0291
Car 0.0000 0 2.6079 0.0000 0.0000 1224.0000 370.0000 1.5202 1.5603 3.9297 0.2221 1.6084 0.1755 3.0296 0.0290
Car 0.0000 0 4.2169 207.8871 0.0000 1224.0000 370.0000 1.5088 1.5688 3.6691 -2.1643 1.6335 -0.1443 2.7304 0.0283
Car 0.0000 0 -0.1920 75.7066 0.0000 948.0097 370.0000 1.5763 1.6396 3.5416 -0.2946 1.5666 -0.2759 -1.5988 0.0283
Pedestrian 0.0000 0 1.1978 886.0146 171.8218 928.7176 266.1918 1.5255 0.4749 0.5586 4.9554 1.3869 11.7086 1.5902 0.0277
Car 0.0000 0 2.1184 0.0000 182.9832 19.2667 233.6514 1.4618 1.6360 4.1555 -21.1494 1.5511 22.8037 1.3793 0.0270
Car 0.0000 0 -0.6628 386.4392 0.0000 1224.0000 370.0000 1.5169 1.6411 3.5110 -0.3376 1.6003 0.1167 -1.3137 0.0261
Cyclist 0.0000 0 1.4274 0.0000 0.0000 1224.0000 370.0000 1.8119 0.5352 1.7326 -3.8477 1.6978 -0.2360 -0.1191 0.0255
Cyclist 0.0000 0 0.0966 0.1695 0.0000 1224.0000 370.0000 1.6379 0.4600 1.7527 -1.3626 1.6408 0.3430 -1.0174 0.0250
Car 0.0000 0 2.7392 0.0000 0.0000 1224.0000 370.0000 1.5075 1.5004 3.9134 0.2723 1.6736 0.5736 3.0356 0.0248
Car 0.0000 0 3.0846 0.0000 0.0000 1224.0000 370.0000 1.5144 1.5947 3.8626 -0.0767 1.6131 0.2276 2.9495 0.0237
Cyclist 0.0000 0 0.5568 71.3588 172.2228 184.9505 264.2068 1.6405 0.4919 1.7218 -8.7067 1.4945 12.8720 -0.0248 0.0236
Car 0.0000 0 2.1443 0.0000 185.2162 18.7754 234.0955 1.3985 1.6117 4.1123 -21.1837 1.5666 22.8023 1.4043 0.0230
Car 0.0000 0 0.9930 266.5154 0.0000 1224.0000 370.0000 1.5008 1.6435 3.9447 0.8053 1.7282 0.2463 1.9495 0.0230
Car 0.0000 0 3.0420 0.0000 0.0000 1224.0000 370.0000 1.5718 1.6039 3.8210 -0.0028 1.5640 0.0914 3.0406 0.0228
Car 0.0000 0 -3.3849 0.0000 0.0000 1224.0000 370.0000 1.5078 1.7820 3.6106 9.9387 1.4517 -0.2560 -1.8194 0.0220
Car 0.0000 0 1.8657 0.0000 182.9527 13.2511 233.3344 1.4454 1.6277 4.2413 -20.8212 1.5338 22.7660 1.1335 0.0218
Cyclist 0.0000 0 0.9104 63.0537 170.7652 154.4026 265.4628 1.6636 0.4761 1.6276 -9.0961 1.4942 12.8903 0.3093 0.0216
Pedestrian 0.0000 0 0.9163 0.0000 0.0000 1224.0000 370.0000 2.0091 0.7072 0.8006 -4.3258 1.7601 -0.0962 -0.6006 0.0212
Car 0.0000 0 1.6962 0.0000 181.5735 18.4399 233.1052 1.4978 1.6238 4.2320 -20.3083 1.5374 22.8458 0.9781 0.0211
Car 0.0000 0 0.0065 0.0000 167.4848 12.6537 200.6049 1.5974 1.7083 3.9367 -32.8093 0.9711 36.0408 -0.7257 0.0202
Car 0.0000 0 3.7282 0.0000 173.9300 27.8281 221.3401 1.5455 1.6754 4.3162 -22.7492 1.3328 24.2128 2.9823 0.0196
Pedestrian 0.0000 0 0.8373 0.0000 0.0000 1224.0000 370.0000 2.0028 0.6912 0.7897 -4.3176 1.7575 -0.0870 -0.6773 0.0194
Car 0.0000 0 2.1324 0.0000 180.7057 17.2145 233.3888 1.5435 1.6226 4.1178 -21.3031 1.5524 22.8975 1.3917 0.0194
Car 0.0000 0 -0.1467 0.0000 168.4744 16.6788 200.4428 1.5390 1.6911 3.8103 -32.6410 0.9615 36.0393 -0.8765 0.0193
Pedestrian 0.0000 0 -3.7557 1206.0027 172.8806 1224.0000 370.0000 1.6020 0.4215 0.6057 4.2917 1.5574 4.5382 -3.0308 0.0193
Car 0.0000 0 -2.2841 0.0000 0.0000 1209.1982 370.0000 1.4640 1.6287 3.6551 1.1569 1.6560 0.8022 -1.4834 0.0187
Car 0.0000 0 -2.7381 402.2693 0.0000 1224.0000 370.0000 1.6238 1.7027 3.8521 0.3335 1.5228 -0.2828 -1.2884 0.0187
Car 0.0000 0 -2.7826 0.0000 0.0000 1224.0000 370.0000 1.5974 1.6750 3.9042 5.5732 1.5239 -0.2577 -1.2221 0.0185
Car 0.0000 0 -0.0158 0.0000 167.5210 11.1182 201.2447 1.6278 1.7197 4.0441 -33.0601 1.0027 36.1309 -0.7506 0.0183
Car 0.0000 0 -2.0598 0.0000 0.0000 1224.0000 370.0000 1.5644 1.7814 3.8403 0.8888 1.7490 0.6440 -1.3154 0.0180
Pedestrian 0.0000 0 1.9227 951.7352 171.3297 998.9268 270.5689 1.5417 0.4347 0.7966 5.9367 1.4009 11.4096 2.3928 0.0174
Pedestrian 0.0000 0 1.2979 867.9838 166.6903 909.1715 266.6521 1.6180 0.5038 0.5357 4.6531 1.3961 11.7306 1.6680 0.0174
Car 0.0000 0 -0.0489 0.0000 167.8498 12.3131 201.3219 1.6133 1.6398 3.7430 -32.6936 1.0050 35.9732 -0.7803 0.0172
Cyclist 0.0000 0 1.9221 263.4035 169.0963 335.0922 275.7599 1.6212 0.5020 1.7311 -5.0269 1.4495 11.6174 1.5255 0.0171
Car 0.0000 0 3.4387 0.0000 0.0000 1224.0000 370.0000 1.4516 1.5632 3.7137 -2.0603 1.6659 0.0233 2.0362 0.0171
Car 0.0000 0 3.1659 0.0000 0.0000 1224.0000 370.0000 1.4258 1.5166 3.3581 -1.7462 1.7283 0.2152 1.8956 0.0169
Car 0.0000 0 3.0016 0.0000 0.0000 1224.0000 370.0000 1.5108 1.5376 4.0843 0.0581 1.6330 0.5943 3.0671 0.0168
Car 0.0000 0 3.6650 0.0000 175.9105 25.5170 222.1195 1.5000 1.6401 4.1760 -22.7600 1.3525 24.2073 2.9188 0.0166
Cyclist 0.0000 0 3.0816 0.0000 0.0000 1224.0000 370.0000 1.8291 0.5306 1.6142 -3.8800 1.7144 -0.1402 1.5595 0.0165
Car 0.0000 0 -3.2517 0.0000 0.0000 1224.0000 370.0000 1.4048 1.5227 3.3284 9.6797 1.4813 -0.1173 -1.7007 0.0162
Car 0.0000 0 -0.9065 308.7048 0.0000 1224.0000 370.0000 1.5277 1.6228 3.4177 -0.3292 1.7157 0.2325 -1.4404 0.0161
Car 0.0000 0 -1.2247 563.7170 0.0000 1224.0000 370.0000 1.5221 1.6931 3.9014 0.1837 1.7313 0.9306 -1.0782 0.0161
Car 0.0000 0 0.4649 0.0000 0.0000 1224.0000 370.0000 1.6390 1.6996 3.8597 -2.6575 1.6115 -0.2513 -1.0771 0.0158
Car 0.0000 0 -3.3706 0.0000 0.0000 1224.0000 370.0000 1.5365 1.5912 4.0238 21.0027 0.6971 2.0769 -1.9122 0.0158
Car 0.0000 0 0.0184 0.0000 167.2458 14.1499 200.2773 1.5944 1.6868 4.1247 -32.9017 0.9561 36.1126 -0.7143 0.0156
Car 0.0000 0 3.3640 0.0000 173.7434 21.6365 224.0958 1.5690 1.6842 4.4363 -22.7420 1.3600 23.8747 2.6113 0.0156
Car 0.0000 0 -2.9591 0.0000 0.0000 1224.0000 370.0000 1.3751 1.4771 3.4650 9.6496 1.4095 0.0653 -1.4270 0.0154
Car 0.0000 0 0.0021 0.0000 167.6008 18.5524 200.7434 1.6026 1.7230 4.2614 -32.8868 0.9803 36.2460 -0.7285 0.0153
Pedestrian 0.0000 0 1.5956 959.1756 172.5034 989.8553 271.4404 1.5326 0.4249 0.7794 5.9132 1.4104 11.3915 2.0647 0.0149
Car 0.0000 0 -1.6666 321.8874 0.0000 1224.0000 370.0000 1.5777 1.7174 3.6679 0.2952 1.7298 0.3924 -1.2745 0.0148
Car 0.0000 0 1.3836 623.1400 0.0000 1224.0000 370.0000 1.5369 1.6646 3.6546 0.3095 1.6693 -0.0378 2.2108 0.0144
Car 0.0000 0 -2.9903 0.0000 0.0000 1224.0000 370.0000 1.5189 1.6051 3.8999 20.5872 0.7642 1.9675 -1.5289 0.0144
Car 0.0000 0 0.2487 0.0000 168.3129 6.7652 200.6500 1.5590 1.6110 3.6798 -32.7645 0.9729 35.6564 -0.4881 0.0144
Car 0.0000 0 -2.1004 556.9396 160.3394 606.3462 187.2078 1.9012 1.6827 4.3590 -1.7698 0.4759 52.3182 -2.1321 0.0143
Car 0.0000 0 2.6360 550.6805 165.1529 610.2793 187.5249 1.5516 1.6782 3.9592 -1.7428 0.4885 50.7655 2.6038 0.0141
Cyclist 0.0000 0 0.4247 0.0000 0.0000 1224.0000 370.0000 1.6261 0.5498 1.9441 -1.4081 1.5512 -0.1041 -0.9894 0.0137
Car 0.0000 0 -3.4815 0.0000 0.0000 1224.0000 370.0000 1.5791 1.6478 4.2674 21.3412 0.6904 2.0890 -2.0218 0.0136
Car 0.0000 0 -1.4424 789.9731 144.2294 825.5047 179.0602 2.2147 1.7286 4.5687 13.6940 -0.1006 47.5944 -1.1621 0.0135
Car 0.0000 0 1.4159 0.0000 171.7167 28.3184 204.8947 1.3944 1.5956 3.7722 -27.1925 1.0268 31.5467 0.7113 0.0134
Car 0.0000 0 2.7947 554.7704 165.9362 610.4581 188.3635 1.5762 1.6716 3.6773 -1.6173 0.5539 51.1398 2.7651 0.0134
Car 0.0000 0 0.0575 0.0000 0.0000 1224.0000 370.0000 1.4578 1.5836 4.0117 13.7512 1.1378 0.1447 1.5957 0.0133
Cyclist 0.0000 0 0.4061 87.7876 172.4430 207.9009 265.0221 1.6402 0.4961 1.7960 -8.3588 1.4991 12.9058 -0.1556 0.0133
Cyclist 0.0000 0 2.5636 933.8802 167.4530 1045.4907 270.6419 1.6482 0.4759 1.6184 6.2561 1.4414 11.6005 3.0484 0.0132
Car 0.0000 0 3.2367 0.0000 168.8633 14.9116 201.6156 1.5805 1.6772 4.4167 -33.0812 1.0204 36.1067 2.5012 0.0132
Car 0.0000 0 -1.3532 786.8007 146.7907 827.8837 179.1784 2.0562 1.7340 4.4325 13.6228 -0.0918 47.4378 -1.0734 0.0131
Cyclist 0.0000 0 3.6232 0.0000 0.0000 1224.0000 370.0000 1.9660 0.5135 1.7991 -4.5106 1.7654 0.1775 2.1645 0.0128
Car 0.0000 0 2.2785 0.0000 180.3441 24.2417 233.1532 1.5543 1.6250 4.1191 -21.2909 1.5513 22.8903 1.5379 0.0128
Pedestrian 0.0000 0 -0.6303 493.1984 168.4643 532.9865 254.1914 1.5895 0.4145 0.6286 -1.7928 1.3680 13.4712 -0.7577 0.0127
Car 0.0000 0 2.0266 512.6109 170.6222 588.1335 209.2766 1.5266 1.6148 3.9583 -2.2620 1.1380 30.0556 1.9541 0.0126
Car 0.0000 0 3.3987 0.0000 171.6465 25.6570 223.3307 1.6158 1.6892 4.5704 -22.7457 1.3406 23.9281 2.6471 0.0125
Car 0.0000 0 -1.3092 787.0734 149.6165 829.8540 178.5441 1.8288 1.7039 4.2641 13.6459 -0.1357 47.2665 -1.0281 0.0124
Car 0.0000 0 -2.0704 0.0000 189.7181 130.0215 242.5296 1.5157 1.6880 4.2485 -17.3656 1.8320 22.5002 -2.7193 0.0124
Car 0.0000 0 -2.0903 0.0000 168.7155 33.5383 199.3031 1.5707 1.6862 4.1994 -32.9015 0.9670 37.7995 -2.8006 0.0124
Car 0.0000 0 -0.1137 0.0000 169.2088 17.5422 201.3465 1.5453 1.7323 3.9634 -32.6852 1.0038 36.0499 -0.8439 0.0122
Pedestrian 0.0000 0 1.2331 894.1633 179.2001 935.5809 267.4512 1.3925 0.4314 0.6115 4.9742 1.3736 11.4701 1.6339 0.0122
Car 0.0000 0 -1.9971 0.0000 169.4033 34.2607 199.7406 1.5538 1.6708 4.0687 -32.6603 0.9869 37.8272 -2.7033 0.0119
Car 0.0000 0 0.1435 0.0000 167.6167 13.6843 201.2787 1.6240 1.6900 4.3997 -33.1194 1.0039 36.0369 -0.5935 0.0119
Car 0.0000 0 1.9780 521.9371 172.0896 595.0844 210.1654 1.4961 1.6335 3.9927 -1.9072 1.1672 29.9326 1.9168 0.0118
Car 0.0000 0 -1.2787 0.0000 0.0000 1224.0000 370.0000 1.3420 1.6309 3.8210 9.9868 1.4999 -0.1263 0.2739 0.0118
Car 0.0000 0 0.0742 0.0000 167.8237 11.7320 201.5798 1.6224 1.6799 4.2983 -33.0328 1.0146 35.9620 -0.6626 0.0117
Car 0.0000 0 -1.4938 785.8475 144.7737 818.1020 180.2627 2.2621 1.7435 4.5627 13.2885 -0.0155 47.5391 -1.2210 0.0117
Car 0.0000 0 0.1198 0.0000 169.0498 12.1207 200.2536 1.5009 1.7655 4.0100 -32.8071 0.9516 35.8822 -0.6146 0.0117
Car 0.0000 0 1.9235 515.8375 172.2737 584.2151 210.7883 1.5056 1.6136 3.8871 -2.2539 1.1855 29.7257 1.8504 0.0116
Car 0.0000 0 -1.8579 1171.4164 155.6485 1224.0000 217.9673 1.5921 1.7512 4.1689 17.9844 0.9588 20.3187 -1.1395 0.0116
Car 0.0000 0 0.0714 0.0000 167.9222 12.0384 200.2206 1.5536 1.6836 4.1583 -32.9140 0.9501 35.9500 -0.6637 0.0116
Car 0.0000 0 2.8173 552.9749 165.6278 609.5098 187.4764 1.5357 1.6870 3.7450 -1.7180 0.4917 51.1364 2.7857 0.0116
Car 0.0000 0 -0.0506 0.0000 167.1674 17.7807 200.9602 1.6315 1.7432 4.3477 -33.0664 0.9893 36.2828 -0.7835 0.0114
Car 0.0000 0 1.7948 507.1876 175.2308 568.6924 213.1017 1.4220 1.6386 3.9020 -2.6557 1.2256 28.5862 1.7050 0.0112
Car 0.0000 0 1.8162 508.5453 173.5536 569.9241 210.9814 1.4458 1.6310 3.8891 -2.6754 1.1790 29.3555 1.7281 0.0112
Car 0.0000 0 1.8213 507.3577 174.5491 570.1214 212.0387 1.4269 1.6346 3.8934 -2.6577 1.2019 28.9590 1.7326 0.0112
Car 0.0000 0 1.4021 0.0000 171.1104 28.8461 204.3399 1.3991 1.5805 3.6607 -27.1758 1.0052 31.5464 0.6979 0.0111
Car 0.0000 0 -2.7981 0.0000 0.0000 1224.0000 370.0000 1.5540 1.6505 3.5801 5.8457 1.4900 -0.0449 -1.2734 0.0111
Car 0.0000 0 -2.0787 562.1008 163.7950 608.2112 187.4839 1.6824 1.6607 4.0370 -1.5052 0.4973 52.3709 -2.1055 0.0110
Car 0.0000 0 -3.2629 0.0000 0.0000 1224.0000 370.0000 1.4107 1.6981 3.3826 9.8914 1.4715 -0.2275 -1.7003 0.0109
Pedestrian 0.0000 0 2.2108 1089.5990 177.4829 1220.3552 370.0000 1.5916 0.4268 0.7700 4.1481 1.5715 5.4070 2.8390 0.0108
Cyclist 0.0000 0 1.9750 248.9253 171.8241 325.4206 279.7725 1.5802 0.4817 1.6417 -5.0236 1.4549 11.1674 1.5647 0.0107
Car 0.0000 0 1.8398 518.2095 173.8202 580.8854 211.7050 1.4659 1.6147 3.8882 -2.2522 1.2090 29.4177 1.7660 0.0107
Car 0.0000 0 2.1729 0.0000 179.7974 17.8947 232.6086 1.5375 1.6519 4.2964 -21.3601 1.5186 22.8223 1.4293 0.0107
Cyclist 0.0000 0 0.6907 0.0000 0.0000 1224.0000 370.0000 1.6691 0.5689 1.7168 -1.4577 1.6696 0.4187 -0.4076 0.0105
Pedestrian 0.0000 0 2.0588 1209.0399 170.1120 1224.0000 370.0000 1.6306 0.4576 0.6016 4.2972 1.5700 4.5564 2.7825 0.0105
Car 0.0000 0 -1.6370 782.5624 145.8494 814.8860 179.6789 2.1573 1.7922 4.5628 12.9941 -0.0568 47.6168 -1.3704 0.0105
Car 0.0000 0 -0.5065 557.3920 167.0370 615.0319 189.3299 1.5606 1.6765 3.8403 -1.3441 0.6194 51.1856 -0.5308 0.0105
Car 0.0000 0 -2.0454 562.4486 163.4630 608.4337 187.3113 1.6932 1.6701 4.2104 -1.4902 0.4849 52.4427 -2.0718 0.0104
Car 0.0000 0 -1.3458 0.0000 169.5685 32.8036 200.6200 1.5812 1.6383 3.9846 -32.4403 1.0260 38.1467 -2.0446 0.0104
Car 0.0000 0 -0.3563 582.1993 164.7155 637.8027 186.0939 1.5299 1.6570 3.7481 0.3695 0.4016 52.0118 -0.3474 0.0104
Car 0.0000 0 -1.3941 0.0000 0.0000 1224.0000 370.0000 1.3184 1.6701 3.8034 10.1145 1.4845 -0.2524 0.1712 0.0103
Car 0.0000 0 2.8336 547.5723 165.6391 609.3786 187.3233 1.5232 1.6933 4.1517 -1.9176 0.4806 51.1575 2.7982 0.0102
Car 0.0000 0 2.2283 0.0000 172.7015 75.4551 203.6205 1.6002 1.6051 4.0923 -31.2673 1.1980 38.6484 1.5539 0.0102
Pedestrian 0.0000 0 2.5808 77.4540 170.7392 122.5089 260.7328 1.6451 0.5118 0.4926 -9.5044 1.4683 13.2467 1.9716 0.0101
Car 0.0000 0 0.0302 0.0000 168.8370 22.1725 199.9051 1.5064 1.7475 4.1678 -32.6346 0.9423 36.2848 -0.6961 0.0101
Car 0.0000 0 -1.6384 581.1251 162.2326 608.3455 186.5924 1.7405 1.7390 4.3906 -0.7989 0.4366 52.7715 -1.6516 0.0101
Car 0.0000 0 0.0853 0.0000 0.0000 1224.0000 370.0000 1.4745 1.5466 3.8676 13.6753 1.1652 0.2468 1.6158 0.0100
Car 0.0000 0 -2.8574 0.0000 0.0000 1224.0000 370.0000 1.5997 1.7325 3.7786 5.7842 1.5767 -0.1102 -1.3219 0.0100
Car 0.0000 0 1.3970 0.0000 171.6177 29.0216 204.4977 1.3846 1.5393 3.6861 -27.1495 1.0121 31.5393 0.6931 0.0100
Car 0.0000 0 3.2213 0.0000 169.0379 13.4656 201.4113 1.5575 1.7010 4.4544 -33.1174 1.0075 36.0459 2.4844 0.0099
Car 0.0000 0 -0.1334 0.0000 167.4144 17.8056 200.5736 1.5909 1.6737 3.9436 -32.5923 0.9646 35.9611 -0.8635 0.0098
Car 0.0000 0 -0.9822 0.0000 167.7480 15.7389 200.8980 1.5477 1.7369 4.1098 -31.6909 0.9538 35.1598 -1.7095 0.0097
Car 0.0000 0 -1.5120 585.7993 162.7762 611.9427 186.4458 1.6938 1.6998 4.2021 -0.4111 0.4268 52.7332 -1.5179 0.0096
Car 0.0000 0 1.4431 0.0000 170.9159 34.3136 204.2477 1.4066 1.5551 3.9070 -26.9881 1.0036 31.7277 0.7451 0.0095
Car 0.0000 0 -1.7062 579.9025 163.7514 610.0604 186.8897 1.6508 1.6934 4.2029 -0.7797 0.4572 52.6425 -1.7191 0.0094
Car 0.0000 0 -1.8963 743.7299 152.0918 782.1161 179.2359 2.1544 1.8061 4.3388 13.0439 -0.1076 58.5752 -1.6765 0.0093
Car 0.0000 0 -2.1428 0.0000 168.1022 33.6623 199.6574 1.6196 1.7247 4.4554 -33.0525 0.9847 37.7390 -2.8561 0.0093
Pedestrian 0.0000 0 2.5660 78.1448 172.2484 122.5875 260.4568 1.6160 0.5095 0.4814 -9.5117 1.4664 13.2671 1.9571 0.0092
Car 0.0000 0 -2.9157 0.0000 0.0000 1224.0000 370.0000 1.6268 1.7534 3.9171 5.9133 1.5836 -0.1128 -1.3790 0.0092
Pedestrian 0.0000 0 1.5984 1118.7244 176.7336 1195.7094 370.0000 1.5778 0.4380 0.7314 4.1516 1.5531 5.3923 2.2283 0.0092
Car 0.0000 0 0.0251 0.0000 169.3794 20.6960 200.9174 1.5361 1.7281 4.0188 -32.7072 0.9959 36.3900 -0.7009 0.0090
Car 0.0000 0 -1.7849 578.2895 166.8471 610.5327 188.6426 1.5584 1.6327 3.7751 -0.8173 0.5835 52.5732 -1.7986 0.0090
Cyclist 0.0000 0 -1.3410 64.0637 172.7540 118.6111 267.2097 1.6231 0.4154 1.7130 -9.4698 1.4916 13.0164 -1.9566 0.0090
Car 0.0000 0 -1.4323 783.7639 147.5465 820.5276 179.6632 2.0432 1.7755 4.5036 13.2974 -0.0578 47.5212 -1.1593 0.0089
Car 0.0000 0 -1.3375 0.0000 171.7577 36.4861 203.3068 1.6097 1.6448 4.1081 -32.3790 1.1651 38.2750 -2.0338 0.0088
Cyclist 0.0000 0 -2.3913 836.1695 170.0387 930.7850 271.1309 1.5817 0.3596 1.6704 4.5935 1.4197 11.8858 -2.0298 0.0088
Pedestrian 0.0000 0 -0.6398 69.3734 169.9683 118.1912 260.5516 1.6309 0.5435 0.5084 -9.4779 1.4429 13.0510 -1.2546 0.0088
Car 0.0000 0 -3.0604 551.2770 165.6473 606.9813 187.1928 1.5411 1.7055 3.9289 -1.8487 0.4800 51.5131 -3.0942 0.0087
Car 0.0000 0 0.0603 0.0000 0.0000 1224.0000 370.0000 1.5512 1.5377 3.4491 13.7949 0.9459 0.3997 1.5801 0.0087
Car 0.0000 0 1.8898 0.0000 177.0003 49.6284 221.5822 1.4853 1.5839 4.1982 -22.0081 1.3702 25.7936 1.1913 0.0086
Car 0.0000 0 -2.0332 561.7822 161.6075 608.4630 187.4466 1.8329 1.6972 4.3576 -1.5179 0.4941 52.4720 -2.0602 0.0085
Car 0.0000 0 -0.4990 556.6574 168.9841 617.2015 190.8756 1.5298 1.7062 4.0574 -1.2899 0.7264 51.1558 -0.5223 0.0085
Car 0.0000 0 1.9469 697.3355 163.6638 774.2824 205.1856 1.5271 1.6280 4.0800 5.2572 0.9094 28.1593 2.1312 0.0085
Car 0.0000 0 -2.0835 1152.0411 156.7762 1224.0000 218.3108 1.6071 1.6235 3.8983 17.8735 0.9891 20.5317 -1.3733 0.0085
Car 0.0000 0 -1.6726 777.4631 150.1700 811.1750 178.9392 1.8367 1.7621 4.2470 12.6986 -0.1088 47.6143 -1.4117 0.0084
Car 0.0000 0 1.9725 0.0000 172.8517 52.2572 203.8402 1.5926 1.5950 4.0104 -31.9735 1.2009 38.4801 1.2850 0.0084
Car 0.0000 0 1.4126 0.0000 170.8767 33.6317 204.0759 1.4025 1.5660 3.7397 -27.0410 0.9974 31.6787 0.7128 0.0084
Car 0.0000 0 0.1384 0.0000 167.8150 26.1173 200.2532 1.5889 1.7287 4.3772 -32.8719 0.9690 36.5602 -0.5878 0.0084
Car 0.0000 0 -2.4045 0.0000 168.0848 34.5682 199.8485 1.6383 1.7762 4.5773 -33.1693 0.9994 37.3915 -3.1241 0.0084
Car 0.0000 0 -1.3305 0.0000 171.3488 39.2302 203.2634 1.6328 1.6627 4.1463 -32.3563 1.1660 38.3966 -2.0249 0.0083
Car 0.0000 0 -2.4110 0.0000 166.7819 34.3164 199.6360 1.6928 1.8174 4.8140 -33.2973 0.9874 37.3557 -3.1330 0.0083
Car 0.0000 0 -1.0753 0.0000 169.7108 15.0918 202.1148 1.4950 1.6729 4.2162 -31.3059 0.9987 34.8590 -1.8006 0.0082
Car 0.0000 0 1.4640 0.0000 172.3934 29.2697 205.5264 1.3871 1.5499 3.8457 -26.9618 1.0492 31.4847 0.7627 0.0082
Car 0.0000 0 -2.3795 0.0000 166.9527 33.1780 200.9860 1.7503 1.8510 4.7967 -33.3477 1.0550 37.3774 -3.1019 0.0082
Car 0.0000 0 1.9437 699.3029 164.3405 774.0869 205.0214 1.4949 1.5918 3.9420 5.2715 0.9026 28.0710 2.1291 0.0082
Car 0.0000 0 -0.7590 1144.6156 163.2420 1224.0000 244.2571 1.4976 1.6958 4.2201 13.3422 1.1802 13.9232 -0.0047 0.0081
Car 0.0000 0 2.1820 0.0000 169.4528 17.6734 200.9554 1.4864 1.7010 3.7196 -31.5891 0.9666 35.2993 1.4583 0.0079
Car 0.0000 0 0.0075 550.1999 165.3951 606.6528 187.2885 1.5677 1.7113 4.0443 -1.9210 0.4874 51.5354 -0.0277 0.0079
Car 0.0000 0 -1.5153 781.6044 148.3634 813.3042 179.3140 1.9695 1.8115 4.5227 13.0024 -0.0827 47.6057 -1.2485 0.0078
Car 0.0000 0 2.0846 0.0000 172.9522 62.2283 203.7542 1.5869 1.5827 3.9912 -31.6408 1.1994 38.5210 1.4028 0.0078
Car 0.0000 0 -0.2686 561.5319 169.4458 621.0384 190.9739 1.5260 1.6658 4.0355 -1.0020 0.7437 51.4831 -0.2862 0.0078
Car 0.0000 0 2.1642 0.0000 173.1734 66.4650 204.4532 1.6141 1.6111 4.0769 -31.6219 1.2374 38.5809 1.4834 0.0078
Car 0.0000 0 0.0834 555.2327 165.9085 610.1353 188.0841 1.5882 1.6691 3.8758 -1.5931 0.5445 51.5731 0.0545 0.0077
Pedestrian 0.0000 0 0.7786 1065.3785 205.5131 1193.2598 370.0000 1.3024 0.3520 0.7200 3.8431 1.5051 5.2888 1.3807 0.0077
Car 0.0000 0 0.0617 0.0000 167.9765 19.2830 200.0462 1.5558 1.6699 4.2472 -32.8414 0.9497 36.2674 -0.6680 0.0076
Car 0.0000 0 -1.6706 580.8583 165.7174 608.3727 188.1689 1.6043 1.6543 4.0321 -0.8021 0.5493 52.6161 -1.6839 0.0076
Pedestrian 0.0000 0 2.4895 63.9868 168.5400 113.5114 259.7194 1.6337 0.5475 0.5090 -9.5244 1.4211 12.9876 1.8703 0.0076
Car 0.0000 0 1.8079 0.0000 173.0902 54.4077 207.2115 1.4500 1.5352 3.8626 -26.5015 1.1366 32.1140 1.1247 0.0076
Car 0.0000 0 -2.9477 0.0000 0.0000 1224.0000 370.0000 1.5626 1.6800 4.1469 20.2207 0.7769 1.7784 -1.4791 0.0075
Car 0.0000 0 -0.3569 583.1712 163.3324 638.3340 185.1916 1.5644 1.6611 3.7116 0.4245 0.3371 52.0095 -0.3469 0.0075
Car 0.0000 0 -2.1830 0.0000 166.5951 34.3136 199.6576 1.6975 1.7665 4.7340 -33.2047 0.9850 37.7223 -2.8987 0.0075
Car 0.0000 0 3.2421 0.0000 168.6780 13.9085 200.1255 1.5202 1.6752 4.0059 -32.8155 0.9502 36.0344 2.5096 0.0074
Pedestrian 0.0000 0 0.9024 891.2299 179.8579 939.1135 267.4917 1.3764 0.4198 0.6095 4.9713 1.3680 11.4497 1.3037 0.0074
Car 0.0000 0 -2.9386 0.0000 0.0000 1224.0000 370.0000 1.5781 1.6688 4.1611 20.6060 0.7306 1.7298 -1.4657 0.0074
Car 0.0000 0 -1.9271 569.3801 164.8057 609.9004 187.7100 1.6286 1.6791 4.1111 -1.1786 0.5140 52.4910 -1.9476 0.0074
Car 0.0000 0 2.1949 0.0000 172.7996 71.9907 203.6632 1.5933 1.5927 4.0163 -31.2996 1.1972 38.5415 1.5186 0.0073
Car 0.0000 0 -0.3149 0.0000 168.1423 21.1934 201.3660 1.6042 1.7304 4.4385 -33.2336 1.0090 36.4901 -1.0475 0.0073
Car 0.0000 0 -1.7178 0.0000 0.0000 1224.0000 370.0000 1.3973 1.6845 4.1764 10.6089 1.4213 -0.2290 -0.1545 0.0072
Car 0.0000 0 -1.8824 570.1368 164.1598 609.5487 187.6345 1.6696 1.7159 4.2267 -1.1669 0.5087 52.5601 -1.9026 0.0071
Car 0.0000 0 -1.9737 1156.7970 155.4900 1224.0000 218.0128 1.6217 1.6809 4.0649 17.8872 0.9746 20.5259 -1.2629 0.0071
Car 0.0000 0 -0.3172 0.0000 167.8001 19.5145 200.9318 1.5770 1.6823 3.9427 -32.4211 0.9739 35.7762 -1.0471 0.0071
Car 0.0000 0 -1.9353 569.7354 164.8327 610.2579 188.0211 1.6498 1.6843 4.0210 -1.1503 0.5364 52.4783 -1.9553 0.0071
Car 0.0000 0 0.6980 0.0000 168.1816 37.0419 199.3285 1.6103 1.7502 4.3665 -33.0104 0.9748 37.4640 -0.0182 0.0070
Cyclist 0.0000 0 0.8144 0.0000 0.0000 1224.0000 370.0000 1.6647 0.5352 1.7979 1.4359 1.7181 0.8289 1.7105 0.0069
Car 0.0000 0 0.3828 0.0000 170.5485 90.6647 200.2013 1.5317 1.6389 3.9298 -30.1789 1.0191 37.8541 -0.2843 0.0069
Car 0.0000 0 -0.6688 0.0000 184.6229 28.5085 231.6926 1.4272 1.5539 3.4642 -21.6108 1.5770 23.5927 -1.4020 0.0069
Car 0.0000 0 1.8500 0.0000 176.6929 54.9669 221.1292 1.4980 1.5775 4.1903 -21.9268 1.3712 26.0656 1.1584 0.0068
Car 0.0000 0 1.3736 578.4838 168.9148 608.0547 190.6779 1.5445 1.4943 3.6457 -0.8914 0.7236 52.1114 1.3584 0.0067
Car 0.0000 0 1.8295 0.0000 177.9835 54.2441 221.6810 1.4693 1.5596 4.2588 -21.8796 1.3863 26.0300 1.1383 0.0067
Car 0.0000 0 -0.6933 0.0000 170.2425 36.6044 200.7473 1.5082 1.6831 3.9582 -32.4060 1.0025 37.0429 -1.4060 0.0066
Car 0.0000 0 3.1872 0.0000 0.0000 1224.0000 370.0000 1.6173 1.6833 4.3064 -21.1503 1.6815 2.2327 1.7383 0.0066
Car 0.0000 0 -0.6720 0.0000 111.0900 334.9015 370.0000 2.0754 2.1338 5.4174 -5.7200 1.5907 7.8508 -1.2809 0.0066
Car 0.0000 0 0.5994 0.0000 169.1814 87.8172 199.4391 1.5651 1.6606 3.7990 -30.0036 0.9811 37.5274 -0.0691 0.0066
Car 0.0000 0 1.9518 0.0000 173.1930 48.8394 204.0107 1.5777 1.5839 3.9660 -31.9837 1.2051 38.3226 1.2622 0.0066
Pedestrian 0.0000 0 0.7140 939.8485 169.5261 997.6962 272.0135 1.6242 0.4632 0.7150 5.9252 1.4519 11.6189 1.1763 0.0066
Car 0.0000 0 -1.6364 1205.4208 156.0154 1224.0000 218.9926 1.6155 1.6957 3.8876 18.3236 0.9890 20.1846 -0.9055 0.0066
Car 0.0000 0 1.6237 588.3972 168.0316 611.0040 188.9601 1.4985 1.4814 3.6817 -0.3569 0.6071 52.4956 1.6188 0.0065
Car 0.0000 0 2.2090 0.0000 183.4058 16.8160 232.7161 1.4275 1.6238 4.1515 -21.4303 1.5319 22.8664 1.4646 0.0065
Car 0.0000 0 1.8621 0.0000 176.8097 52.3666 221.0985 1.4900 1.5499 4.1190 -21.9585 1.3674 25.9803 1.1682 0.0064
Car 0.0000 0 0.2926 0.0000 0.0000 1224.0000 370.0000 1.5220 1.6597 4.0068 20.3191 0.8101 1.9986 1.7510 0.0064
Car 0.0000 0 -0.5705 0.0000 168.4831 23.9135 200.3631 1.5230 1.7775 3.8763 -32.2190 0.9503 35.8788 -1.2959 0.0064
Car 0.0000 0 1.9840 700.9775 165.5499 777.2666 205.2645 1.4600 1.5619 3.8330 5.3514 0.9119 28.0093 2.1725 0.0063
Car 0.0000 0 -1.4846 1206.6703 155.4937 1224.0000 219.3796 1.6367 1.7968 4.2109 18.6598 0.9977 20.1969 -0.7450 0.0063
Car 0.0000 0 1.8548 0.0000 176.3982 53.1357 220.5779 1.4905 1.5476 4.0399 -21.9236 1.3537 26.0104 1.1622 0.0063
Car 0.0000 0 -0.6959 0.0000 171.6620 84.2610 203.2175 1.6192 1.6551 4.0570 -30.8759 1.1671 38.4297 -1.3669 0.0063
Car 0.0000 0 0.0451 0.0000 168.4537 18.6960 200.6276 1.5557 1.7557 4.2602 -32.8176 0.9747 36.2111 -0.6850 0.0062
Car 0.0000 0 0.2217 0.0000 0.0000 1224.0000 370.0000 1.6077 1.7779 4.5114 13.7943 0.9800 -0.0755 1.7758 0.0062
Car 0.0000 0 3.3047 0.0000 168.6230 26.5813 201.4031 1.5956 1.8105 4.8672 -33.1196 1.0189 36.4824 2.5737 0.0062
Car 0.0000 0 -1.3647 783.2195 150.5393 824.6975 179.0045 1.8018 1.8002 4.4678 13.3866 -0.1040 47.4008 -1.0893 0.0062
Car 0.0000 0 -1.8002 1182.5505 156.7258 1224.0000 218.9370 1.6172 1.6378 3.9698 18.2572 1.0008 20.5114 -1.0790 0.0062
Car 0.0000 0 -1.6515 0.0000 0.0000 1224.0000 370.0000 1.6221 1.6938 3.9169 20.3165 0.9137 -0.1894 -0.0859 0.0062
Car 0.0000 0 2.6923 0.0000 167.7999 18.7325 200.8144 1.5546 1.7080 4.1764 -32.4050 0.9580 35.5451 1.9594 0.0062
Cyclist 0.0000 0 3.1310 0.0000 0.0000 1224.0000 370.0000 1.7976 0.5515 1.6401 -3.8380 1.6795 -0.2904 1.5704 0.0061
Car 0.0000 0 0.3683 0.0000 0.0000 1224.0000 370.0000 1.5070 1.6352 4.0007 19.9393 0.8220 1.9313 1.8280 0.0061
Car 0.0000 0 -2.9120 0.0000 0.0000 1224.0000 370.0000 1.5989 1.6714 4.1462 21.0695 0.6857 1.6800 -1.4346 0.0061
Car 0.0000 0 0.3218 0.0000 168.6011 97.1851 199.6451 1.5959 1.7189 4.2135 -29.9891 0.9856 37.8587 -0.3423 0.0061
Car 0.0000 0 3.2369 0.0000 168.2169 23.2349 201.3900 1.6036 1.7784 4.9270 -33.1729 1.0113 36.3564 2.5034 0.0061
Car 0.0000 0 -1.3980 0.0000 0.0000 1224.0000 370.0000 1.3593 1.7119 4.0873 10.2184 1.4818 -0.2065 0.1629 0.0061
Car 0.0000 0 -2.8177 0.0000 0.0000 1224.0000 370.0000 1.5769 1.5743 3.2827 13.7659 0.7685 1.6990 -1.3914 0.0060
Car 0.0000 0 -0.4622 0.0000 166.7766 15.8718 201.0159 1.6235 1.7642 4.0101 -32.6111 0.9743 35.7101 -1.1960 0.0060
Car 0.0000 0 1.2632 606.0657 169.0574 678.2962 209.1619 1.5444 1.7004 4.5882 1.4357 1.1053 29.6582 1.3128 0.0060
Car 0.0000 0 -2.2946 0.0000 167.1496 37.9525 200.1854 1.7104 1.7780 4.8306 -33.2935 1.0206 37.7986 -3.0107 0.0059
Car 0.0000 0 -1.6113 785.4467 150.9774 816.9887 179.3678 1.8052 1.8512 4.6230 13.1608 -0.0789 47.6113 -1.3414 0.0059
Car 0.0000 0 -0.6387 0.0000 113.8266 335.8792 370.0000 2.0577 2.0878 5.1630 -5.7940 1.5501 8.1769 -1.2353 0.0059
Car 0.0000 0 2.0956 0.0000 173.4481 61.0398 204.0085 1.5699 1.5732 3.9926 -31.6365 1.2090 38.4107 1.4124 0.0059
Car 0.0000 0 1.3505 1206.9907 156.6736 1224.0000 220.6373 1.5776 1.6100 3.3643 17.8450 0.9915 19.2933 2.0903 0.0059
Car 0.0000 0 -0.7519 1138.8411 164.2029 1224.0000 245.2099 1.4980 1.6917 4.2347 13.2270 1.1983 13.9198 -0.0018 0.0059
Car 0.0000 0 0.3002 0.0000 172.0159 83.4694 201.5064 1.5205 1.6006 3.7168 -30.4343 1.0845 37.8683 -0.3709 0.0059
Car 0.0000 0 1.5653 0.0000 169.5784 27.7773 205.2902 1.5007 1.5979 3.9002 -26.9928 1.0433 31.7113 0.8669 0.0059
Car 0.0000 0 -0.6207 0.0000 167.6716 18.9078 201.0364 1.5745 1.7323 3.9141 -32.1085 0.9705 35.4592 -1.3502 0.0058
Car 0.0000 0 1.5570 0.0000 170.9164 27.5980 205.8256 1.4647 1.5983 3.9423 -26.9932 1.0640 31.6740 0.8580 0.0058
Car 0.0000 0 0.5448 0.0000 0.0000 1224.0000 370.0000 1.4948 1.6358 3.9885 19.1232 0.8191 2.1102 1.9904 0.0058
Car 0.0000 0 -1.5881 0.0000 0.0000 1224.0000 370.0000 1.5934 1.7205 4.0976 20.6383 0.9012 -0.2201 -0.0209 0.0057
Cyclist 0.0000 0 4.3138 0.0000 0.0000 1224.0000 370.0000 1.8518 0.5429 1.7227 -4.3790 1.6992 0.1829 2.8597 0.0057
Car 0.0000 0 2.2190 0.0000 173.8759 71.5360 204.0121 1.5524 1.5454 4.0316 -31.2763 1.2126 38.4540 1.5420 0.0056
Car 0.0000 0 1.7144 0.0000 170.1700 55.7112 204.5149 1.4718 1.5222 3.8029 -26.3866 1.0306 32.3192 1.0364 0.0056
Car 0.0000 0 3.6025 0.0000 172.6063 83.3404 201.2777 1.4771 1.5807 3.6681 -30.2190 1.0718 37.5764 2.9311 0.0056
Car 0.0000 0 0.4494 0.0000 170.9057 31.2244 200.0732 1.4663 1.7152 3.9482 -32.7261 0.9854 36.8936 -0.2701 0.0055
Car 0.0000 0 -1.8095 1182.3936 157.2161 1224.0000 219.1349 1.6117 1.6280 3.9037 18.2543 1.0072 20.5059 -1.0882 0.0054
Car 0.0000 0 1.2289 571.0889 166.5815 607.7068 188.5256 1.5557 1.5561 3.6773 -1.1803 0.5703 52.1168 1.2082 0.0054
Car 0.0000 0 -4.5493 0.0000 0.0000 1224.0000 370.0000 1.6264 1.7272 4.1197 19.4395 0.8491 -0.2231 -2.9823 0.0054
Car 0.0000 0 1.9080 0.0000 170.7665 45.8069 201.3017 1.5631 1.5786 3.8327 -31.9876 1.0663 38.2610 1.2176 0.0054
Car 0.0000 0 0.4668 0.0000 0.0000 1224.0000 370.0000 1.4848 1.6212 3.8923 19.4981 0.8447 2.0289 1.9189 0.0054
Car 0.0000 0 1.8559 0.0000 176.7084 49.3149 219.8543 1.4442 1.5876 4.0439 -21.9554 1.3189 25.8329 1.1593 0.0053
Car 0.0000 0 1.8569 0.0000 179.2588 63.8748 224.3111 1.5181 1.6292 4.2883 -21.6838 1.4779 26.1129 1.1716 0.0053
Car 0.0000 0 0.3027 0.0000 172.3750 33.7829 200.9594 1.4230 1.6891 4.2463 -32.6828 1.0199 36.8251 -0.4170 0.0053
Car 0.0000 0 0.8101 0.0000 170.7544 38.9730 200.7107 1.5428 1.7122 4.1219 -32.6619 1.0423 37.4651 0.0991 0.0053
Car 0.0000 0 1.1701 0.0000 171.4831 33.2070 204.7376 1.3903 1.5962 3.7601 -27.1216 1.0148 31.1054 0.4600 0.0053
Car 0.0000 0 -0.5875 0.0000 99.3707 311.7529 370.0000 2.1012 2.1501 5.5084 -6.1375 1.5474 7.7912 -1.2333 0.0052
Car 0.0000 0 0.5805 0.0000 170.3471 82.0520 199.7723 1.5227 1.6042 3.5830 -30.2055 0.9987 37.5450 -0.0910 0.0052
Car 0.0000 0 2.3229 0.0000 169.9380 2.6417 201.7874 1.5563 1.6255 3.8948 -33.6022 1.0416 36.5030 1.5850 0.0052
Car 0.0000 0 -2.8365 0.0000 0.0000 1224.0000 370.0000 1.6126 1.7414 4.3698 19.9314 0.7885 1.8433 -1.3726 0.0052
Car 0.0000 0 2.0194 0.0000 168.1266 15.7607 199.5760 1.4841 1.6329 3.5287 -31.3306 0.9017 35.2800 1.2995 0.0051
Car 0.0000 0 2.2192 0.0000 172.9293 68.8553 202.3528 1.5133 1.5141 3.8983 -31.2696 1.1253 38.3299 1.5407 0.0051
Car 0.0000 0 1.5441 0.0000 171.8141 29.0188 205.7779 1.4261 1.5378 3.9563 -26.9220 1.0629 31.6739 0.8464 0.0051
Car 0.0000 0 2.0263 0.0000 171.2737 56.7012 201.4580 1.5476 1.5658 3.8589 -31.6353 1.0760 38.3040 1.3419 0.0050
Car 0.0000 0 -0.7174 1135.7850 170.5605 1224.0000 250.2918 1.4600 1.6837 4.2046 13.1142 1.2796 13.8483 0.0309 0.0050
Pedestrian 0.0000 0 1.1105 654.4620 151.6967 706.3855 273.5776 1.7524 0.4521 0.8265 1.0763 1.3399 10.6271 1.2104 0.0050
Car 0.0000 0 1.6967 585.7352 166.5353 613.0923 188.3235 1.5591 1.5477 3.9528 -0.3719 0.5611 52.6432 1.6915 0.0050
Car 0.0000 0 1.4353 1221.2177 157.0977 1224.0000 220.9658 1.5627 1.5857 3.7485 18.0865 0.9917 19.2844 2.1820 0.0050
Car 0.0000 0 2.0100 701.8331 167.9514 781.0186 207.3441 1.4340 1.5710 3.8329 5.3907 0.9787 27.7449 2.2015 0.0049
Car 0.0000 0 -0.4954 0.0000 168.6617 30.4032 199.9451 1.5271 1.6861 4.3367 -32.9058 0.9506 36.8347 -1.2184 0.0049
Car 0.0000 0 3.0044 0.0000 0.0000 1224.0000 370.0000 1.5599 1.6687 3.8009 -30.3898 1.0018 1.5803 1.4979 0.0049
Cyclist 0.0000 0 -0.9635 0.0000 177.4014 21.9294 242.2905 1.4969 0.3984 1.4212 -14.8154 1.4270 17.0322 -1.6684 0.0049
Car 0.0000 0 1.8743 0.0000 178.9765 62.2456 223.5909 1.5034 1.6084 4.1494 -21.6988 1.4536 26.0458 1.1874 0.0049
Pedestrian 0.0000 0 -2.6156 647.4275 157.0413 711.6243 274.5265 1.6995 0.4320 0.8611 1.0730 1.3618 10.6499 -2.5162 0.0049
Car 0.0000 0 1.4595 675.7533 166.5031 727.5687 206.5594 1.5151 1.6153 4.2759 3.8488 0.9872 28.8929 1.5923 0.0049
Car 0.0000 0 1.9091 696.3854 165.7133 762.8549 204.6136 1.4460 1.4943 3.6278 5.0089 0.8979 28.2251 2.0846 0.0049
Car 0.0000 0 1.2487 614.9180 164.6449 684.6512 203.7662 1.5578 1.6860 4.3841 1.8168 0.9280 30.4859 1.3094 0.0048
Car 0.0000 0 1.4821 687.4540 168.1738 733.4952 206.2009 1.4432 1.5125 3.7249 4.2017 0.9769 28.7314 1.6276 0.0048
Car 0.0000 0 3.8240 0.0000 167.0970 35.0432 199.9967 1.6771 1.8279 4.9358 -33.1283 0.9953 37.0513 3.1006 0.0048
Car 0.0000 0 -2.3675 0.0000 165.2016 29.4574 200.3239 1.7861 1.9202 4.8080 -33.2877 1.0095 37.0245 -3.0937 0.0048
Car 0.0000 0 -1.1646 599.3694 164.7339 664.1902 200.3456 1.5398 1.6086 3.8160 1.2811 0.8595 32.6341 -1.1239 0.0048
Car 0.0000 0 -0.6844 1145.5767 167.7934 1224.0000 252.4424 1.5012 1.6957 4.2150 13.1177 1.2775 13.5376 0.0751 0.0048
Car 0.0000 0 1.6870 694.6200 167.4766 743.3049 206.1583 1.4484 1.5203 3.6518 4.6136 0.9623 28.4342 1.8479 0.0047
Car 0.0000 0 1.7917 0.0000 171.9698 56.5438 205.7405 1.4324 1.5406 4.0306 -26.4064 1.0721 32.1334 1.1105 0.0047
Car 0.0000 0 -3.0517 0.0000 0.0000 1224.0000 370.0000 1.5788 1.6445 3.6467 5.9768 1.5591 -0.0587 -1.5236 0.0046
Pedestrian 0.0000 0 -0.1029 743.8198 160.0248 756.6949 182.7194 1.8912 0.7173 0.9893 12.2013 0.1862 59.3227 0.1007 0.0045
Car 0.0000 0 1.6693 624.6638 171.3141 677.0856 210.1678 1.4649 1.7172 4.3216 1.9279 1.1200 28.9250 1.7369 0.0044
Car 0.0000 0 1.6997 0.0000 173.5986 54.7848 208.4319 1.4856 1.5812 3.8090 -26.3296 1.1927 32.1857 1.0207 0.0044
Pedestrian 0.0000 0 -1.3110 1156.9236 146.4749 1192.0057 215.6600 1.7760 0.5509 0.7419 14.9387 0.9042 18.5881 -0.6407 0.0044
Pedestrian 0.0000 0 -2.5526 640.6031 155.0256 709.9819 273.1133 1.7296 0.4851 0.9481 1.0262 1.3581 10.8380 -2.4590 0.0044
Car 0.0000 0 -1.5123 0.0000 0.0000 1224.0000 370.0000 1.6061 1.7512 4.1120 20.6053 0.8967 0.0309 0.0427 0.0044
Car 0.0000 0 1.1456 603.1521 164.5617 683.8639 207.3250 1.6880 1.7535 4.4702 1.5292 1.0604 30.3060 1.1973 0.0044
Car 0.0000 0 0.0614 634.8189 154.0452 707.6555 183.0898 1.6330 1.7546 4.0978 3.8562 0.1470 40.9347 0.1566 0.0044
Car 0.0000 0 -1.4315 625.3296 168.1675 679.7489 207.5843 1.5297 1.6967 4.2864 2.0498 1.0526 29.7080 -1.3615 0.0044
Car 0.0000 0 2.1003 0.0000 169.5314 17.5100 199.7300 1.4527 1.6627 3.2431 -31.6907 0.9265 35.7567 1.3814 0.0044
Car 0.0000 0 -2.4059 0.0000 166.3264 33.6539 200.0118 1.7217 1.8355 4.9694 -33.1923 0.9987 37.0806 -3.1300 0.0043
Car 0.0000 0 1.6293 0.0000 173.2140 35.1155 207.6523 1.4520 1.4942 3.8183 -26.7089 1.1463 31.7863 0.9372 0.0043
Car 0.0000 0 -4.6653 0.0000 0.0000 1224.0000 370.0000 1.6396 1.6445 3.7341 19.9672 0.8151 -0.2452 -3.0970 0.0043
Car 0.0000 0 0.1633 0.0000 184.1133 120.4198 228.1289 1.4637 1.6437 4.0714 -20.0476 1.6041 25.4761 -0.4956 0.0043
Car 0.0000 0 -3.0091 0.0000 0.0000 1224.0000 370.0000 1.5921 1.6434 3.6067 5.9468 1.6177 -0.0711 -1.4791 0.0043
Car 0.0000 0 1.8629 697.8108 165.9011 762.9171 205.2497 1.4473 1.5131 3.7960 5.0101 0.9118 28.0363 2.0396 0.0043
Pedestrian 0.0000 0 -0.2569 743.4233 160.0470 756.4985 182.4932 1.8720 0.7043 0.9261 12.1808 0.1674 59.3406 -0.0537 0.0042
Car 0.0000 0 -1.3010 596.1967 165.1208 652.0264 200.5547 1.5383 1.6222 3.8141 0.9300 0.8721 32.7523 -1.2710 0.0042
Cyclist 0.0000 0 -0.8749 0.0000 162.3890 4.8007 197.8535 1.7619 0.5329 1.8353 -31.6455 0.8635 36.0433 -1.5892 0.0042
Car 0.0000 0 0.3914 671.6007 167.8756 797.6305 211.5926 1.5567 1.8718 4.3755 4.9162 1.1087 27.1417 0.5703 0.0042
Pedestrian 0.0000 0 0.4006 742.5390 158.0954 755.8030 181.6124 1.9624 0.8359 0.8352 12.1670 0.0940 59.5768 0.6028 0.0042
Car 0.0000 0 0.2098 631.9948 154.0185 711.9288 184.1694 1.6862 1.7576 4.3471 3.8895 0.2066 41.0298 0.3055 0.0042
Car 0.0000 0 -1.5957 1211.1545 158.7328 1224.0000 221.1021 1.6227 1.6423 3.8933 18.5522 1.0580 20.4046 -0.8640 0.0041
Car 0.0000 0 -2.1702 0.0000 168.9290 15.4618 202.3264 1.6447 1.8489 4.8139 -33.1010 1.0763 36.2808 -2.9036 0.0041
Car 0.0000 0 0.4331 0.0000 173.3073 41.0853 207.1751 1.4018 1.6128 3.7188 -26.9832 1.1056 30.5535 -0.2834 0.0041
Car 0.0000 0 -1.5569 1211.8162 157.9288 1224.0000 218.3741 1.5804 1.6250 3.8276 18.6774 0.9919 20.4374 -0.8226 0.0041
Car 0.0000 0 -1.5082 629.5060 166.9593 676.3049 206.5498 1.5602 1.7168 4.3115 2.0860 1.0281 30.1100 -1.4380 0.0041
Car 0.0000 0 1.7768 0.0000 172.2921 46.5601 207.7879 1.4931 1.5215 3.8263 -26.5275 1.1493 31.7847 1.0880 0.0040
Car 0.0000 0 -2.1773 0.0000 166.9834 17.1640 201.6317 1.7249 1.9188 4.9462 -33.4558 1.0534 36.6937 -2.9104 0.0040
Car 0.0000 0 1.1952 605.5877 164.3477 684.2097 207.0150 1.6695 1.7552 4.6258 1.5728 1.0390 30.1319 1.2485 0.0040
Car 0.0000 0 -3.1005 680.0549 166.8468 777.0494 206.6384 1.4936 1.5436 3.6404 4.8163 0.9826 27.6737 -2.9283 0.0040
Car 0.0000 0 0.1431 0.0000 171.5418 8.3826 215.8477 1.5433 1.5816 3.8003 -24.8401 1.2328 26.3541 -0.6049 0.0040
Car 0.0000 0 -0.0758 661.8002 151.0552 743.8052 182.2441 1.7580 1.7861 4.5713 5.5881 0.0997 40.8784 0.0610 0.0039
Car 0.0000 0 1.9070 697.2655 166.4458 768.7586 206.7297 1.4688 1.5768 3.8884 5.0857 0.9579 27.8555 2.0874 0.0039
Pedestrian 0.0000 0 0.9656 645.5815 150.5659 709.4724 271.3372 1.7620 0.5155 0.9643 1.0545 1.3269 10.8571 1.0616 0.0038
Car 0.0000 0 0.0475 655.6892 150.0467 731.4258 180.9306 1.7291 1.7671 4.2505 5.1283 0.0255 40.8175 0.1735 0.0038
Car 0.0000 0 -1.1794 1215.7952 156.7405 1224.0000 217.8807 1.5935 1.6629 3.9686 19.3489 0.9758 19.9856 -0.4166 0.0037
Pedestrian 0.0000 0 2.4672 660.3398 151.1246 721.0079 270.5724 1.7671 0.4173 0.8527 1.2721 1.3342 10.8582 2.5824 0.0037
Car 0.0000 0 0.5253 0.0000 182.7441 108.1807 225.0971 1.4472 1.5385 3.5730 -20.1609 1.5322 25.2736 -0.1402 0.0037
Car 0.0000 0 1.7065 727.1106 160.3746 754.1797 181.6336 1.7310 1.7645 3.6214 11.4723 0.0935 59.5632 1.8976 0.0037
Car 0.0000 0 -1.7119 636.3839 163.5580 691.4948 203.1281 1.5965 1.7495 4.6251 2.4665 0.9144 30.8827 -1.6312 0.0037
Car 0.0000 0 -1.6591 657.5286 150.7630 692.8994 182.3904 1.7905 1.7407 4.0051 4.1185 0.1084 42.0339 -1.5602 0.0036
Car 0.0000 0 -0.0189 0.0000 170.3351 20.9943 216.0295 1.5938 1.6729 4.1562 -24.8437 1.2408 26.6958 -0.7606 0.0036
Car 0.0000 0 -1.5153 829.0606 147.6789 865.5139 179.7474 1.7148 1.7358 4.1068 13.7878 -0.0437 40.1368 -1.1850 0.0036
Pedestrian 0.0000 0 1.9838 668.5413 155.3296 713.5851 276.1495 1.7412 0.4196 0.7216 1.2510 1.3802 10.6023 2.0997 0.0036
Car 0.0000 0 -0.0182 0.0000 167.9954 23.4762 213.9552 1.6033 1.6838 4.2168 -24.8069 1.1686 26.7224 -0.7587 0.0035
Car 0.0000 0 0.5522 0.0000 165.9391 38.4456 198.7433 1.6599 1.8868 4.7141 -32.9665 0.9245 37.0959 -0.1682 0.0034
Car 0.0000 0 -0.0277 0.0000 169.6356 20.4862 215.9700 1.6141 1.6847 4.0931 -24.7963 1.2371 26.6539 -0.7693 0.0034
Car 0.0000 0 -1.7429 821.3672 151.6003 864.8261 181.8697 1.6287 1.6619 4.0226 13.4498 0.0751 40.1528 -1.4202 0.0034
Car 0.0000 0 -2.0271 1215.4435 154.8284 1224.0000 219.1711 1.6492 1.6810 4.0084 19.5531 0.9928 20.2821 -1.2663 0.0034
Car 0.0000 0 -2.0008 1154.1925 166.4713 1224.0000 262.5478 1.4523 1.6067 3.9639 11.7501 1.2419 12.8140 -1.2694 0.0034
Car 0.0000 0 -1.9927 1154.6124 166.8473 1224.0000 261.3980 1.4357 1.5719 3.9134 11.7298 1.2301 12.8341 -1.2629 0.0034
Car 0.0000 0 2.5535 0.0000 168.9937 5.9518 201.0400 1.5604 1.6053 3.8590 -33.5971 1.0015 36.4881 1.8155 0.0033
Car 0.0000 0 1.7364 648.2475 165.4556 699.7905 203.9271 1.5452 1.6003 3.8062 3.0103 0.9424 30.4397 1.8358 0.0033
Car 0.0000 0 1.7735 0.0000 171.6427 54.7528 206.3911 1.4752 1.5360 3.8834 -26.3951 1.1006 32.0881 1.0918 0.0033
Car 0.0000 0 -1.7825 806.1036 145.2534 854.9004 178.0829 1.7868 1.8429 4.1832 12.9851 -0.1461 40.9664 -1.4759 0.0033
Car 0.0000 0 -1.7075 487.7619 183.3093 576.3280 242.6339 1.3450 1.7211 4.2479 -2.0628 1.4292 18.5088 -1.8149 0.0033
Car 0.0000 0 -1.5773 1209.4951 158.3022 1224.0000 220.4881 1.6227 1.6191 3.8696 18.5443 1.0450 20.4300 -0.8463 0.0032
Pedestrian 0.0000 0 -0.8236 598.0590 166.4185 617.0007 208.0998 1.8319 0.6917 0.4948 0.0924 1.2145 31.4875 -0.8190 0.0032
Pedestrian 0.0000 0 2.5311 661.8221 154.3297 719.0858 274.4693 1.7414 0.4139 0.7522 1.2355 1.3637 10.6047 2.6455 0.0032
Car 0.0000 0 1.1465 682.7920 164.2403 769.5227 206.2925 1.5166 1.7888 4.1385 4.6184 0.9317 27.7237 1.3116 0.0032
Car 0.0000 0 2.1319 577.1854 169.7389 657.1749 207.7453 1.5534 1.7184 3.8427 0.5775 1.1151 30.9709 2.1521 0.0032
Car 0.0000 0 -1.8718 617.5851 162.6576 688.3625 202.5809 1.5988 1.7271 4.7651 1.9658 0.8858 30.8281 -1.8069 0.0032
Car 0.0000 0 -1.9556 605.1438 166.4093 685.9996 206.3985 1.5760 1.7392 4.9266 1.6109 1.0222 30.4719 -1.9016 0.0032
Car 0.0000 0 -3.0682 0.0000 0.0000 1224.0000 370.0000 1.5934 1.6265 3.2916 6.0160 1.5573 -0.0264 -1.5452 0.0032
Car 0.0000 0 0.0947 646.3391 152.8031 719.6280 182.1202 1.6422 1.7718 4.0625 4.5259 0.0921 40.8839 0.2061 0.0031
Car 0.0000 0 -0.3636 648.6271 150.7292 732.0669 182.2088 1.7802 1.7914 4.5067 4.9708 0.0980 41.3906 -0.2430 0.0031
Car 0.0000 0 -1.3626 1205.1324 159.5101 1224.0000 220.3621 1.5940 1.6561 3.9201 18.9063 1.0457 20.3281 -0.6196 0.0031
Car 0.0000 0 -1.4884 1216.4319 155.0651 1224.0000 217.8884 1.6463 1.6395 4.1100 19.0964 0.9814 20.5193 -0.7451 0.0031
Car 0.0000 0 1.8390 0.0000 166.7353 41.7061 199.3484 1.5668 1.7770 3.8034 -30.4386 0.9069 36.0617 1.1441 0.0031
Car 0.0000 0 -1.8918 598.4562 167.7483 675.9521 209.5676 1.6208 1.7647 5.0681 1.2286 1.1281 30.0776 -1.8497 0.0031
Car 0.0000 0 0.1205 617.7347 172.0343 736.0753 209.0679 1.4810 1.7197 4.7632 3.0186 1.1440 29.6355 0.2227 0.0031
Car 0.0000 0 1.8243 0.0000 172.2224 53.4582 206.1378 1.4370 1.5291 3.7299 -26.4431 1.0878 31.9670 1.1399 0.0030
Car 0.0000 0 -1.2421 1197.1367 160.6942 1224.0000 220.8357 1.5543 1.7450 4.1735 18.8056 1.0440 20.0262 -0.4945 0.0030
Car 0.0000 0 -1.5746 1212.2260 158.6209 1224.0000 221.0920 1.6280 1.6899 4.1004 18.7550 1.0594 20.5109 -0.8401 0.0030
Car 0.0000 0 0.1218 661.3827 149.6810 745.1590 180.5962 1.7108 1.7293 4.5824 5.6430 0.0067 40.5476 0.2610 0.0030
Cyclist 0.0000 0 1.2269 0.0000 0.0000 1224.0000 370.0000 1.8439 0.5111 1.7534 -4.5416 1.6950 0.1296 -0.2429 0.0030
Car 0.0000 0 0.2774 639.9160 155.6780 715.3736 183.1341 1.5215 1.6592 4.0195 4.1752 0.1474 40.6938 0.3808 0.0030
Pedestrian 0.0000 0 1.8221 670.8824 152.5237 711.2178 272.5963 1.7670 0.4393 0.7744 1.2816 1.3570 10.8403 1.9383 0.0030
Car 0.0000 0 1.2192 613.0779 163.7702 686.7522 204.6479 1.6151 1.7046 4.4658 1.8063 0.9556 30.3153 1.2799 0.0030
Car 0.0000 0 3.0564 600.2655 156.1857 681.4687 184.9865 1.6254 1.7305 4.5526 2.0195 0.2546 40.8410 3.1073 0.0030
Car 0.0000 0 -1.7184 657.7320 151.5162 695.7949 182.6962 1.7547 1.6819 3.8601 4.1812 0.1250 41.7528 -1.6173 0.0030
Car 0.0000 0 -1.5560 630.2437 166.0565 673.4003 205.1913 1.5495 1.7093 4.3431 2.0109 0.9791 30.2243 -1.4885 0.0029
Car 0.0000 0 -0.9449 1209.9573 156.4032 1224.0000 221.2889 1.7134 1.7308 4.4473 19.7380 1.0787 19.8941 -0.1698 0.0029
Car 0.0000 0 3.0545 603.3033 155.7902 681.4337 184.6987 1.6322 1.7193 4.3737 2.1085 0.2385 40.8499 3.1076 0.0029
Car 0.0000 0 0.1552 0.0000 169.8118 32.3178 206.5032 1.4815 1.6765 3.7986 -27.0917 1.0514 30.2712 -0.5677 0.0029
Car 0.0000 0 0.0173 0.0000 166.2956 34.4236 208.3456 1.6804 1.7222 4.0132 -27.0064 1.1142 30.2057 -0.7052 0.0028
Car 0.0000 0 2.4372 0.0000 174.1347 100.4902 212.7309 1.4801 1.5601 3.7963 -23.1661 1.2375 29.1254 1.7724 0.0027
Car 0.0000 0 1.2373 660.6500 167.0469 735.8664 207.2457 1.5021 1.6199 4.5427 3.6674 1.0009 28.8044 1.3643 0.0027
Car 0.0000 0 -1.4513 1196.0868 159.5466 1224.0000 223.8166 1.6656 1.7764 4.3495 18.6240 1.1242 20.4181 -0.7180 0.0027
Pedestrian 0.0000 0 1.1893 16.0933 179.8304 57.6839 258.1399 1.5327 0.4515 0.6351 -11.4450 1.5213 14.1881 0.5232 0.0027
Car 0.0000 0 -1.7011 821.0065 149.8387 861.6096 180.5017 1.6600 1.6854 3.9713 13.4295 0.0015 40.3821 -1.3805 0.0027
Car 0.0000 0 4.6630 0.0000 0.0000 1224.0000 370.0000 1.6688 1.6042 4.4708 -3.0987 1.6820 -0.1943 3.1354 0.0027
Car 0.0000 0 -0.0312 0.0000 171.4392 25.6738 216.7544 1.5743 1.7057 4.3163 -24.7585 1.2610 26.6745 -0.7716 0.0027
Pedestrian 0.0000 0 -1.0628 597.0768 167.5078 616.3561 207.7891 1.7720 0.6955 0.5166 0.0577 1.2019 31.4941 -1.0593 0.0027
Car 0.0000 0 1.0442 683.1380 164.5816 789.4595 211.4902 1.6264 1.9195 4.5959 4.8513 1.0760 26.9974 1.2217 0.0027
Car 0.0000 0 -1.5204 665.2565 151.3012 697.4050 182.5903 1.7526 1.6842 3.9723 4.5370 0.1185 41.6949 -1.4109 0.0026
Car 0.0000 0 -1.7086 626.1594 165.5400 679.9308 205.2496 1.5783 1.6862 4.5353 1.9628 0.9852 30.4194 -1.6430 0.0026
Car 0.0000 0 -2.9008 610.6490 154.6657 690.9008 184.6733 1.6897 1.7275 4.3922 2.6761 0.2364 41.2958 -2.8347 0.0026
Car 0.0000 0 -3.1085 615.1588 155.3542 687.9127 183.8028 1.6064 1.6726 4.1227 2.7064 0.1879 40.9601 -3.0410 0.0026
Car 0.0000 0 0.1571 0.0000 171.4706 34.8567 208.2570 1.4843 1.6757 3.9074 -27.0529 1.1214 30.2771 -0.5651 0.0026
Pedestrian 0.0000 0 -1.2057 742.6260 158.7915 755.0523 182.1745 1.9509 0.8050 0.7649 12.1280 0.1409 59.5234 -1.0039 0.0025
Car 0.0000 0 0.8897 0.0000 181.6573 36.0361 233.5873 1.5205 1.5972 3.5690 -19.8860 1.5595 21.8161 0.1595 0.0025
Car 0.0000 0 -1.8845 608.9587 167.5604 683.1747 207.0236 1.5470 1.7228 4.9238 1.6265 1.0412 30.3120 -1.8297 0.0024
Car 0.0000 0 1.0414 682.5792 163.9761 785.0795 209.1267 1.5817 1.8205 4.5301 4.8016 1.0044 27.2042 1.2159 0.0024
Car 0.0000 0 1.0662 688.4295 174.1874 789.4967 217.1392 1.4883 1.9070 4.3014 4.9358 1.2711 26.8362 1.2477 0.0024
Car 0.0000 0 -3.1885 607.5160 155.1620 684.3692 184.2523 1.6476 1.7038 4.3528 2.3202 0.2139 40.9169 -3.1303 0.0024
Car 0.0000 0 0.4351 0.0000 185.8500 105.3202 229.7697 1.4782 1.5645 3.3065 -20.0800 1.6791 25.2072 -0.2298 0.0024
Cyclist 0.0000 0 3.2728 0.0000 0.0000 1224.0000 370.0000 1.8892 0.5981 1.7820 -4.3491 1.7459 0.1318 1.8078 0.0024
Car 0.0000 0 -2.2092 833.7216 179.7814 1004.3610 255.6476 1.4503 1.5384 3.5750 6.6273 1.4382 15.4297 -1.8093 0.0024
Car 0.0000 0 -2.6960 606.4412 154.7856 690.3793 185.4261 1.7203 1.7078 4.6425 2.5232 0.2780 41.5659 -2.6339 0.0024
Car 0.0000 0 0.0453 611.0814 172.8979 721.1331 209.4910 1.4753 1.7254 4.4701 2.5568 1.1703 29.6508 0.1321 0.0024
Car 0.0000 0 -0.6385 594.7761 173.9659 698.7835 212.9178 1.4849 1.6749 4.0144 1.7049 1.2373 28.7465 -0.5782 0.0024
Car 0.0000 0 0.2436 0.0000 173.1055 30.4902 209.2564 1.4573 1.5693 3.8952 -27.1389 1.1607 30.0975 -0.4831 0.0023
Car 0.0000 0 1.6368 630.9578 174.6551 677.2672 210.7218 1.3553 1.6205 3.6663 2.0118 1.1372 28.4916 1.7083 0.0023
Car 0.0000 0 0.8481 0.0000 181.2546 36.6243 233.2952 1.5323 1.6308 4.0119 -20.1783 1.5583 21.8784 0.1121 0.0023
Car 0.0000 0 -1.2885 627.4711 166.4300 694.3936 206.4275 1.5816 1.7258 4.2791 2.4530 1.0267 30.2594 -1.2067 0.0023
Car 0.0000 0 -1.4990 636.3603 165.2477 683.2153 204.9789 1.5882 1.7058 4.3334 2.4120 0.9800 30.5296 -1.4192 0.0023
Cyclist 0.0000 0 3.5986 0.0000 0.0000 1224.0000 370.0000 1.8448 0.5341 1.6901 -4.5282 1.6859 0.0767 2.1175 0.0023
Car 0.0000 0 -1.6414 667.8669 151.2474 701.7136 182.2106 1.7307 1.6934 3.9868 4.6335 0.0970 41.5416 -1.5292 0.0023
Car 0.0000 0 -3.1117 0.0000 0.0000 1224.0000 370.0000 1.5981 1.5094 3.1050 13.6045 0.7286 1.4076 -1.6661 0.0023
Car 0.0000 0 0.4508 0.0000 189.3543 104.8712 232.4932 1.4378 1.5954 3.3781 -20.1195 1.7689 25.1696 -0.2158 0.0023
Car 0.0000 0 1.4236 631.0534 174.4295 684.1669 209.7781 1.3221 1.6086 3.5051 2.0151 1.0966 28.2477 1.4958 0.0022
Car 0.0000 0 -2.8544 618.2527 153.5888 693.1471 183.4711 1.6803 1.7397 4.0336 2.9588 0.1685 41.2772 -2.7814 0.0022
Car 0.0000 0 -1.3282 628.3697 165.7408 691.2512 205.2162 1.5646 1.7056 4.2746 2.4076 0.9811 30.3165 -1.2480 0.0022
Car 0.0000 0 -2.9976 600.6319 155.3685 684.2323 185.0338 1.6759 1.7234 4.6705 2.1996 0.2575 41.2444 -2.9428 0.0022
Car 0.0000 0 -1.2420 1202.2662 160.3928 1224.0000 219.9980 1.5763 1.6159 3.8910 19.0573 1.0461 20.3283 -0.4951 0.0021
Pedestrian 0.0000 0 0.9486 30.5931 174.5765 75.2375 258.3480 1.6438 0.4508 0.5864 -11.1066 1.5292 14.1705 0.2965 0.0021
Car 0.0000 0 -1.6044 677.7838 163.6821 719.2000 202.9952 1.5596 1.6028 3.8495 3.8927 0.8939 30.0378 -1.4751 0.0021
Car 0.0000 0 0.5423 665.3237 166.4138 780.5792 209.4724 1.5491 1.7834 4.0719 4.4999 1.0439 27.4310 0.7049 0.0021
Car 0.0000 0 -1.1792 1203.3384 159.6458 1224.0000 220.6969 1.6067 1.6249 3.8762 19.0636 1.0594 20.1453 -0.4276 0.0021
Car 0.0000 0 0.3903 0.0000 186.0911 103.9363 229.9662 1.4727 1.5531 3.2359 -20.0867 1.6830 25.2159 -0.2746 0.0021
Car 0.0000 0 -0.2164 0.0000 172.9297 37.6203 210.0993 1.4916 1.5202 3.4959 -26.6940 1.1893 30.2256 -0.9328 0.0021
Car 0.0000 0 1.8750 641.2635 164.8374 704.4744 203.5987 1.5569 1.6312 3.8512 2.9709 0.9293 30.4857 1.9730 0.0021
Car 0.0000 0 -1.4027 1202.0552 160.4619 1224.0000 223.8644 1.6434 1.7009 4.0341 18.6851 1.1256 20.2335 -0.6634 0.0021
Car 0.0000 0 1.6096 699.1281 166.7528 742.3061 205.7063 1.4486 1.5612 3.7566 4.6577 0.9389 28.2851 1.7728 0.0021
Car 0.0000 0 -2.8764 603.1456 155.2002 688.2252 185.0085 1.6767 1.7055 4.6806 2.3749 0.2550 41.3197 -2.8174 0.0021
Car 0.0000 0 1.3454 650.5848 166.3396 715.5034 206.2749 1.5470 1.7780 4.2621 3.1542 1.0000 29.6063 1.4522 0.0020
Car 0.0000 0 -1.9425 803.8511 150.9282 860.5836 180.8229 1.6365 1.6931 4.2161 13.0417 0.0191 40.8569 -1.6339 0.0020
Car 0.0000 0 -2.1642 995.3985 174.9869 1213.5642 253.7767 1.4715 1.7933 4.1119 10.4243 1.3701 15.2574 -1.5729 0.0019
Pedestrian 0.0000 0 0.8640 1001.0970 173.4373 1069.1587 292.6791 1.5670 0.4047 0.7447 5.8335 1.4759 9.6891 1.3932 0.0019
Car 0.0000 0 -1.5235 804.1671 150.3907 839.8693 181.6817 1.7010 1.7644 4.4539 12.5703 0.0656 40.8257 -1.2251 0.0019
Car 0.0000 0 1.4588 680.4539 170.0157 727.1314 207.6441 1.4324 1.4758 3.5562 3.9293 1.0348 28.7064 1.5951 0.0019
Car 0.0000 0 -0.2925 0.0000 171.3637 38.3792 210.0411 1.5477 1.5725 3.5038 -26.6681 1.1836 30.1890 -1.0091 0.0019
Car 0.0000 0 -1.2192 624.9962 168.4481 696.1008 207.1952 1.5124 1.6715 4.1076 2.3967 1.0435 29.8085 -1.1380 0.0018
Car 0.0000 0 -3.0448 623.3582 155.5382 694.5359 183.8200 1.5926 1.7144 3.9677 3.1465 0.1883 40.9987 -2.9669 0.0018
Car 0.0000 0 0.2263 0.0000 169.1905 28.6532 207.6032 1.5463 1.6092 3.9873 -27.2952 1.0926 30.1235 -0.5027 0.0018
Car 0.0000 0 -1.2718 541.8441 164.2106 635.3268 218.6243 1.4841 1.7531 3.8607 -0.4226 1.0414 21.3776 -1.2893 0.0018
Pedestrian 0.0000 0 2.0129 660.7219 181.3185 688.2698 246.3786 1.3122 0.3720 0.5400 1.3958 1.3311 14.5913 2.1080 0.0018
Car 0.0000 0 -2.0500 1149.8005 168.0480 1224.0000 261.8423 1.4265 1.5650 3.8382 11.6912 1.2387 12.8012 -1.3206 0.0018
Car 0.0000 0 -0.1301 0.0000 165.5749 37.0642 210.0542 1.7524 1.6977 4.2057 -26.9655 1.1659 29.9953 -0.8553 0.0017
Car 0.0000 0 1.8404 0.0000 169.6199 23.0341 202.6295 1.5690 1.8147 4.1246 -31.3178 1.0533 35.8544 1.1286 0.0017
Car 0.0000 0 -1.6246 665.3186 163.5507 710.7853 203.0722 1.5926 1.7221 4.0786 3.5041 0.9111 30.5746 -1.5099 0.0016
Pedestrian 0.0000 0 0.3638 998.8824 170.2917 1070.4961 293.1317 1.6126 0.3953 0.7492 5.8370 1.4802 9.6925 0.8931 0.0016
Car 0.0000 0 -0.1411 595.1119 174.5807 707.6821 212.1800 1.4959 1.8842 4.4200 1.8351 1.2619 29.2352 -0.0774 0.0016
Car 0.0000 0 -0.5220 0.0000 170.0977 37.3168 210.4692 1.5926 1.5807 3.6705 -26.5439 1.1837 29.8790 -1.2413 0.0016
Car 0.0000 0 -1.8563 654.8749 152.0350 701.6872 183.0950 1.7401 1.7248 3.8452 4.2539 0.1468 41.6536 -1.7533 0.0016
Car 0.0000 0 -1.4423 1199.9479 156.1803 1224.0000 219.8180 1.6712 1.7012 4.3120 18.8696 1.0341 20.6103 -0.7070 0.0015
Pedestrian 0.0000 0 -0.8232 591.6424 167.4151 610.4562 209.3535 1.8438 0.6930 0.4852 -0.1963 1.2700 31.4925 -0.8277 0.0015
Car 0.0000 0 1.8968 521.1853 164.4316 626.8309 224.7846 1.5473 1.8759 3.8315 -0.8037 1.1369 20.2255 1.8595 0.0015
Car 0.0000 0 1.9722 639.3887 165.6662 709.8450 203.9860 1.5429 1.6471 3.8679 3.0529 0.9471 30.5549 2.0726 0.0015
Car 0.0000 0 -1.6172 1155.2529 159.2568 1224.0000 221.3971 1.5394 1.6816 4.5573 16.5329 1.0148 19.8395 -0.9287 0.0015
Car 0.0000 0 1.1034 650.3615 165.9084 739.2747 210.4183 1.5388 1.6847 3.9933 3.2540 1.0359 26.6033 1.2255 0.0015
Car 0.0000 0 0.0478 612.6138 176.5910 734.3848 212.7899 1.4387 1.8169 4.8822 2.8337 1.2848 29.3472 0.1447 0.0015
Car 0.0000 0 1.4145 684.9241 169.3841 739.3607 207.1650 1.4236 1.5872 3.7847 4.2291 1.0063 28.5369 1.5618 0.0015
Car 0.0000 0 0.4507 666.1121 166.0856 789.5052 209.8296 1.5621 1.8249 4.3193 4.6627 1.0489 27.2411 0.6200 0.0014
Car 0.0000 0 -1.7275 674.1506 167.9348 729.0448 207.7744 1.4886 1.6108 3.6404 3.7668 1.0206 28.2518 -1.5946 0.0014
Car 0.0000 0 -1.7248 614.9847 168.4457 673.1572 207.8950 1.5338 1.7352 4.7388 1.5392 1.0666 29.9298 -1.6722 0.0014
Car 0.0000 0 -2.3438 654.6074 168.1180 757.1366 209.7109 1.5163 1.6547 4.0239 3.8723 1.0664 27.8814 -2.2056 0.0014
Pedestrian 0.0000 0 -1.0137 591.1677 166.4236 610.2951 209.7428 1.9064 0.7019 0.4852 -0.2094 1.2884 31.5011 -1.0186 0.0014
Car 0.0000 0 -1.7635 670.8148 169.2340 731.7033 209.4597 1.5098 1.7238 3.7708 3.7740 1.0885 28.4669 -1.6314 0.0014
Car 0.0000 0 -1.4360 1136.5704 162.8597 1224.0000 219.3080 1.4262 1.5865 3.8116 16.1949 0.9821 19.7435 -0.7552 0.0013
Car 0.0000 0 -2.2423 0.0000 182.9744 28.5033 234.5442 1.4947 1.6943 3.4312 -20.0216 1.5762 21.7100 -2.9783 0.0013
Car 0.0000 0 0.6197 612.0060 170.1935 727.9352 212.7809 1.5327 1.6973 4.2967 2.4393 1.1633 27.4834 0.7089 0.0013
Car 0.0000 0 0.3787 658.3947 165.3887 766.8190 207.3743 1.5306 1.6181 3.8329 4.1309 0.9812 27.4357 0.5282 0.0012
Car 0.0000 0 -1.8243 671.6725 167.8074 733.4086 208.1381 1.5047 1.5662 3.6536 3.8034 1.0327 28.2816 -1.6903 0.0012
Car 0.0000 0 0.8504 667.7826 164.9929 788.7991 210.7668 1.6102 1.9533 4.7550 4.6252 1.0662 27.4029 1.0175 0.0012
Car 0.0000 0 0.4885 613.4618 173.1843 709.7433 210.6180 1.3917 1.4726 3.4968 2.1833 1.1212 27.8423 0.5677 0.0012
Car 0.0000 0 1.6305 635.7355 173.3305 684.8950 212.7323 1.4541 1.6905 4.8166 2.2926 1.1910 28.5908 1.7114 0.0012
Car 0.0000 0 0.9820 676.0091 173.6615 789.7324 218.9466 1.5732 1.8612 4.9167 4.7412 1.3371 27.1822 1.1544 0.0011
Cyclist 0.0000 0 -1.2715 0.0000 164.1396 43.7236 252.7604 1.6939 0.3910 1.7231 -12.0119 1.3828 14.3815 -1.9547 0.0011
Car 0.0000 0 -0.0172 602.7887 175.9886 729.2631 213.0405 1.4824 1.7778 5.0723 2.4777 1.3034 29.3416 0.0678 0.0011
Car 0.0000 0 1.7936 541.8940 164.7230 626.2613 223.8554 1.5568 1.7149 3.4276 -0.5493 1.1430 20.4591 1.7690 0.0011
Pedestrian 0.0000 0 -1.4575 778.0254 157.8287 806.2045 230.5486 1.7937 0.6297 0.5589 4.6799 1.2361 17.8086 -1.2031 0.0010
Car 0.0000 0 0.9479 668.4544 162.7101 774.3914 208.6991 1.6400 1.8286 4.4200 4.4026 1.0071 27.5945 1.1061 0.0010
Car 0.0000 0 -0.5100 610.2775 176.5154 715.2249 212.9329 1.4138 1.6092 4.0184 2.3548 1.2606 29.0106 -0.4282 0.0009
Car 0.0000 0 -3.5374 0.0000 0.0000 1224.0000 370.0000 1.5053 1.6017 3.8698 6.0696 1.6493 -0.2933 -1.9699 0.0009
Car 0.0000 0 -2.4475 630.1967 170.1549 746.9267 211.9341 1.5184 1.6063 4.6063 3.1835 1.1440 27.9122 -2.3335 0.0009
Pedestrian 0.0000 0 2.2986 652.3107 167.7668 689.1531 242.4711 1.5329 0.4361 0.6736 1.3458 1.2733 14.8930 2.3886 0.0009
Pedestrian 0.0000 0 -1.5060 778.3880 156.6032 805.9083 230.5737 1.8220 0.6345 0.6163 4.6801 1.2350 17.8033 -1.2516 0.0009
Pedestrian 0.0000 0 -0.4522 598.1846 169.4878 617.4162 208.6793 1.7056 0.7589 0.5758 0.1009 1.2278 31.2326 -0.4472 0.0009
Car 0.0000 0 1.2090 663.5172 172.2225 727.1542 208.7262 1.3814 1.3579 3.6089 3.5680 1.0696 28.6647 1.3333 0.0009
Car 0.0000 0 1.2725 680.3535 166.1404 746.0737 206.8064 1.5051 1.5751 3.6031 4.1945 0.9752 28.0632 1.4210 0.0008
Car 0.0000 0 1.0840 671.9108 163.2225 752.5560 205.6382 1.5595 1.6267 3.6463 4.1377 0.9258 27.9805 1.2310 0.0008
Car 0.0000 0 0.2431 624.4556 172.5221 717.1324 210.0364 1.4082 1.4520 3.3760 2.5694 1.1102 27.7781 0.3361 0.0007
Cyclist 0.0000 0 1.4381 598.7098 170.4283 617.5616 206.7564 1.5628 0.6250 1.6101 0.1086 1.1310 31.2499 1.4433 0.0007
Pedestrian 0.0000 0 -0.4221 597.3974 170.2657 616.7268 208.9283 1.6794 0.7767 0.5856 0.0678 1.2363 31.1813 -0.4183 0.0007
Car 0.0000 0 0.2271 629.5901 172.7613 718.0286 210.2522 1.4043 1.4007 3.2107 2.6768 1.1159 27.6542 0.3243 0.0007
Cyclist 0.0000 0 1.6805 591.7620 169.1690 610.3266 205.6957 1.5726 0.6539 1.5550 -0.1850 1.0863 31.2443 1.6764 0.0007
Car 0.0000 0 1.4882 676.1368 172.3167 717.0337 208.4863 1.3726 1.3549 3.3337 3.6228 1.0636 28.5226 1.6149 0.0006
Pedestrian 0.0000 0 1.1204 67.5784 180.1854 98.6601 238.1540 1.6550 0.5154 0.6107 -15.2061 1.6476 20.5532 0.4924 0.0006
Car 0.0000 0 0.3130 610.3037 174.7307 717.1931 213.1199 1.4274 1.5541 3.8922 2.2793 1.2144 27.7512 0.3957 0.0006
Car 0.0000 0 1.5240 677.3450 169.9364 733.8373 217.5826 1.6406 1.8680 5.0427 3.7038 1.2784 26.9363 1.6608 0.0006
Car 0.0000 0 0.1506 634.4528 172.9701 728.8151 210.7887 1.4206 1.4603 3.4980 2.9965 1.1393 27.7082 0.2588 0.0006
Cyclist 0.0000 0 -1.2479 0.0000 153.2551 23.1050 254.8247 1.9185 0.3921 1.8924 -12.4293 1.4055 14.3017 -1.9505 0.0006
Car 0.0000 0 1.1641 671.8263 166.5381 736.6688 206.4077 1.4890 1.3999 3.1821 3.8624 0.9691 28.1215 1.3008 0.0006
Car 0.0000 0 -2.5778 628.7642 173.4044 751.6548 211.7507 1.4468 1.7182 4.7981 3.3811 1.1806 28.8489 -2.4607 0.0006
Car 0.0000 0 1.2900 631.3658 175.1672 702.6679 213.7839 1.4151 1.6703 4.3708 2.3513 1.2212 28.2117 1.3739 0.0006
Car 0.0000 0 1.0855 665.0428 164.3094 742.5988 206.9789 1.5732 1.4947 3.6720 3.8158 0.9778 28.0450 1.2211 0.0005
Cyclist 0.0000 0 0.4056 663.2769 148.9935 706.2149 186.0521 2.0199 0.8449 2.2281 4.4355 0.3040 39.4525 0.5186 0.0005
Car 0.0000 0 -2.6445 612.9657 174.1030 738.1965 214.7361 1.4859 1.6702 4.6758 2.7019 1.2535 27.8520 -2.5472 0.0005
Car 0.0000 0 0.6788 627.7814 173.8918 724.0247 212.2879 1.4063 1.5405 3.5721 2.7052 1.1658 27.6923 0.7768 0.0005
Car 0.0000 0 0.2418 621.5922 172.5761 724.1959 211.4516 1.4527 1.4832 3.7621 2.6452 1.1581 27.7386 0.3375 0.0005
Car 0.0000 0 0.4967 656.1012 168.6908 756.0246 209.1919 1.4846 1.5838 3.5325 3.8918 1.0532 27.5995 0.6370 0.0005
Pedestrian 0.0000 0 -1.3488 665.5488 160.1876 680.2913 190.0879 1.6560 0.6828 0.7088 3.7976 0.5324 39.5972 -1.2521 0.0005
Pedestrian 0.0000 0 -1.5776 666.1717 158.3367 678.6544 189.7017 1.7532 0.6951 0.6869 3.7924 0.5157 39.8901 -1.4817 0.0004
Car 0.0000 0 1.5529 676.8483 169.3644 713.9133 207.3047 1.4291 1.3888 3.2278 3.5596 1.0112 28.3070 1.6784 0.0004
Pedestrian 0.0000 0 -1.3751 665.6313 160.1949 679.7617 190.1743 1.6612 0.6600 0.7247 3.7871 0.5375 39.6165 -1.2786 0.0004
Pedestrian 0.0000 0 -1.5727 666.4233 158.8721 678.3929 189.6887 1.7239 0.6670 0.6175 3.7935 0.5154 39.8857 -1.4767 0.0004
Car 0.0000 0 1.5702 677.3253 169.7786 713.5793 207.1853 1.4084 1.3581 3.2868 3.5951 1.0062 28.3319 1.6968 0.0004
Cyclist 0.0000 0 1.2982 589.1442 169.6445 614.8399 206.2014 1.5756 0.7525 1.5324 -0.1645 1.1092 31.3077 1.2947 0.0004
Car 0.0000 0 1.9052 523.2203 167.1298 626.3314 225.5268 1.4823 1.7355 3.8548 -0.7755 1.1445 20.0396 1.8690 0.0004
Car 0.0000 0 0.1461 604.3831 176.7755 728.5544 214.7209 1.4668 1.8914 4.8161 2.5133 1.3243 28.8044 0.2339 0.0004
Car 0.0000 0 0.9202 623.5021 173.4790 723.0713 213.1866 1.4414 1.5792 4.3692 2.5730 1.1881 27.9325 1.0127 0.0004
Pedestrian 0.0000 0 -0.4850 589.7411 170.1060 610.2086 209.6622 1.7175 0.7461 0.6268 -0.2442 1.2677 31.1708 -0.4910 0.0004
Car 0.0000 0 1.4500 671.9148 169.3591 718.7042 207.9910 1.4497 1.4635 3.1722 3.5153 1.0331 28.1159 1.5748 0.0004
Pedestrian 0.0000 0 -1.7109 669.9265 154.4212 685.9198 187.2452 1.8342 0.8062 0.7064 4.1004 0.3783 39.8732 -1.6073 0.0003
Car 0.0000 0 1.2834 659.1447 175.6345 717.9973 211.2359 1.3362 1.3431 3.7151 3.2717 1.1551 28.4775 1.3983 0.0003
Cyclist 0.0000 0 0.0446 592.5751 164.6270 636.5181 205.4198 1.7899 0.8712 1.9215 0.4177 1.0949 31.5109 0.0595 0.0003
Pedestrian 0.0000 0 -1.7246 670.0206 154.4167 686.1771 187.4069 1.8422 0.8016 0.7424 4.1096 0.3871 39.8676 -1.6208 0.0003
Car 0.0000 0 0.4444 611.3850 177.1697 750.7068 215.5758 1.4375 1.7875 5.3565 2.9928 1.3144 28.6196 0.5491 0.0003
Cyclist 0.0000 0 1.3440 597.8271 170.9821 621.4194 206.7859 1.5476 0.7210 1.5293 0.1744 1.1376 31.3809 1.3513 0.0003
Pedestrian 0.0000 0 -1.3237 670.4384 156.6139 686.7590 187.7118 1.7233 0.7655 0.6861 4.1189 0.4010 39.6300 -1.2191 0.0003
Car 0.0000 0 1.3706 663.5776 165.8373 719.9359 207.8048 1.5244 1.4697 3.6517 3.2871 0.9933 27.5572 1.4898 0.0003
Car 0.0000 0 1.1736 654.4826 173.6295 725.3614 210.9032 1.3940 1.3769 4.0292 3.3205 1.1385 28.5638 1.2898 0.0003
Car 0.0000 0 0.8915 640.0552 169.5275 721.9742 209.9252 1.4718 1.5093 3.1638 2.8784 1.0736 27.4934 0.9964 0.0003
Car 0.0000 0 0.7540 626.8520 173.3589 727.7739 212.6622 1.4313 1.5821 3.9091 2.7448 1.1728 27.7363 0.8532 0.0003
Pedestrian 0.0000 0 -0.0906 592.7565 170.3759 609.1772 209.9966 1.7199 0.7746 0.6548 -0.2016 1.2819 31.1033 -0.0953 0.0003
Cyclist 0.0000 0 -0.0142 588.6384 167.6728 628.5925 205.2854 1.6545 0.7534 1.7580 0.1362 1.0917 31.4803 -0.0081 0.0003
Cyclist 0.0000 0 0.1576 585.9110 168.6440 625.9974 207.6800 1.7083 0.7017 1.6924 0.0288 1.1909 31.4182 0.1603 0.0003
Cyclist 0.0000 0 1.3480 588.6047 169.8044 611.9243 208.1075 1.6603 0.6836 1.6881 -0.2430 1.1982 31.5430 1.3421 0.0002
Car 0.0000 0 1.3165 654.8702 168.7485 713.5695 208.9719 1.4924 1.4675 3.5143 3.0544 1.0579 28.0744 1.4254 0.0002
Car 0.0000 0 1.4396 665.9382 172.4252 713.3456 210.6373 1.4306 1.4132 3.5798 3.3009 1.1298 28.2656 1.5563 0.0002
Car 0.0000 0 -2.5441 619.0146 173.6824 741.2360 213.5076 1.4558 1.6167 4.7102 2.8713 1.2081 27.9768 -2.4413 0.0002
Car 0.0000 0 1.0667 642.7424 169.9407 716.5250 209.8466 1.4776 1.5100 3.2554 2.8658 1.0881 27.9678 1.1694 0.0002
Cyclist 0.0000 0 -1.2005 0.0000 154.2865 19.2792 256.7261 1.9033 0.4536 1.7436 -12.3356 1.4179 14.0292 -1.9087 0.0001