Pedestrian 0.0000 0 0.5078 133.2702 161.6786 271.1451 346.1999 1.8044 0.6561 1.0396 -4.1476 1.6221 7.2413 0.0079 0.9610
Pedestrian 0.0000 0 0.4728 135.8625 159.9674 274.9921 346.5117 1.8227 0.6315 1.0690 -4.1085 1.6238 7.2318 -0.0236 0.9360
Pedestrian 0.0000 0 0.4347 133.4783 161.4999 268.5068 347.1448 1.7983 0.6774 1.0027 -4.1412 1.6160 7.2151 -0.0660 0.9112
Pedestrian 0.0000 0 0.5452 131.2078 163.2400 268.2167 346.8517 1.7845 0.6251 1.0388 -4.1536 1.6184 7.2011 0.0425 0.9006
Pedestrian 0.0000 0 0.5229 138.5527 159.4743 271.1089 345.5039 1.8124 0.6454 0.9881 -4.1105 1.6093 7.2189 0.0256 0.8530
Pedestrian 0.0000 0 0.5935 133.0357 162.2250 265.5674 346.7505 1.7894 0.6189 0.9983 -4.1631 1.6139 7.2045 0.0900 0.8259
Pedestrian 0.0000 0 0.6192 135.4725 161.6662 272.7677 347.4178 1.7947 0.6218 1.0542 -4.1114 1.6144 7.1984 0.1206 0.6768
Pedestrian 0.0000 0 0.6236 140.9344 161.0809 269.1564 345.6307 1.7859 0.5987 0.9719 -4.1025 1.5996 7.1950 0.1258 0.6423
Car 0.0000 0 -0.8105 0.0000 0.0000 1224.0000 370.0000 1.4694 1.5472 3.8516 1.5641 1.6228 0.4840 0.2854 0.3166
Car 0.0000 0 0.0172 0.0000 0.0000 1224.0000 370.0000 1.4901 1.5416 3.5519 1.6538 1.6237 -0.0305 1.4142 0.2624
Car 0.0000 0 4.4639 0.0000 0.0000 1224.0000 370.0000 1.5315 1.6038 4.3710 -2.5206 1.7099 0.0033 3.0235 0.2567
Car 0.0000 0 -1.8567 0.0000 0.0000 1224.0000 370.0000 1.5059 1.6156 4.2031 -2.4968 1.7071 0.4692 -3.1186 0.2516
Car 0.0000 0 0.2603 0.0000 0.0000 1224.0000 370.0000 1.4567 1.5303 3.6824 1.5896 1.6403 0.1358 1.5514 0.2340
Car 0.0000 0 4.3032 0.0000 0.0000 1224.0000 370.0000 1.5482 1.6401 4.2887 -2.5605 1.7078 0.3869 3.0045 0.2231
Car 0.0000 0 -0.0631 0.0000 0.0000 1224.0000 370.0000 1.5181 1.5331 3.6085 1.6272 1.6099 -0.2484 1.4630 0.2205
Car 0.0000 0 0.2037 0.0000 0.0000 1224.0000 370.0000 1.4678 1.5011 3.4269 1.4971 1.6194 -0.0500 1.5954 0.2173
Car 0.0000 0 4.5068 0.0000 0.0000 1224.0000 370.0000 1.5236 1.5961 4.3173 -2.5018 1.7028 0.0405 3.0820 0.2156
Car 0.0000 0 -4.0749 0.0000 0.0000 1224.0000 370.0000 1.4833 1.5958 3.8675 1.4822 1.6402 0.3761 -2.9435 0.2128
Car 0.0000 0 -0.5846 175.5860 216.3260 1224.0000 370.0000 1.5110 1.6097 3.7050 1.3975 1.6330 1.3737 0.1060 0.2084
Car 0.0000 0 -0.6397 0.0000 0.0000 1224.0000 370.0000 1.4700 1.5650 4.2473 1.4706 1.6429 0.8473 0.2604 0.1969
Car 0.0000 0 0.1489 0.0000 0.0000 1224.0000 370.0000 1.4609 1.4685 3.4655 1.5566 1.6545 0.0027 1.5148 0.1950
Car 0.0000 0 2.8464 193.9731 0.0000 1224.0000 370.0000 1.4661 1.5339 3.8367 -1.6906 1.6561 0.9044 1.9054 0.1929
Car 0.0000 0 2.6339 86.0309 0.0000 1224.0000 370.0000 1.4625 1.5051 3.6982 -1.4333 1.6557 0.6915 1.6810 0.1801
Car 0.0000 0 -0.7693 0.0000 0.0000 1224.0000 370.0000 1.4564 1.5750 4.2458 1.4957 1.6277 0.8259 0.1480 0.1705
Car 0.0000 0 0.0915 0.0000 0.0000 1224.0000 370.0000 1.4980 1.5260 3.4342 1.5285 1.6134 -0.1848 1.5733 0.1619
Car 0.0000 0 3.5074 231.2353 0.0000 1224.0000 370.0000 1.4968 1.5060 3.8453 -1.3179 1.6304 -0.1522 2.0677 0.1610
Car 0.0000 0 4.3630 0.0000 0.0000 1224.0000 370.0000 1.5587 1.6603 4.4489 -2.6271 1.7196 0.0440 2.9326 0.1547
Car 0.0000 0 -0.4256 399.5786 0.0000 1224.0000 370.0000 1.4802 1.5607 3.5828 -0.5848 1.6411 0.2505 -1.2182 0.1513
Car 0.0000 0 0.3072 57.8273 0.0000 1224.0000 370.0000 1.4981 1.5546 3.6708 1.1652 1.6303 -0.1836 1.7601 0.1491
Car 0.0000 0 0.0612 0.0000 0.0000 1224.0000 370.0000 1.4810 1.6051 3.7358 1.8640 1.6225 0.0536 1.4339 0.1433
Car 0.0000 0 3.0212 268.4524 0.0000 1224.0000 370.0000 1.5257 1.6269 4.1088 -1.8743 1.6393 1.0270 2.0766 0.1381
Car 0.0000 0 -4.1845 0.0000 0.0000 1224.0000 370.0000 1.5017 1.5456 3.9404 1.3632 1.6560 0.2890 -3.0343 0.1380
Car 0.0000 0 3.4262 66.0337 0.0000 1224.0000 370.0000 1.5373 1.5517 4.1149 -1.6815 1.6591 -0.1519 1.9587 0.1342
Car 0.0000 0 0.4967 0.0000 0.0000 1224.0000 370.0000 1.4894 1.5412 3.7138 1.2191 1.6509 0.0935 1.7395 0.1270
Car 0.0000 0 2.5279 0.0000 0.0000 1224.0000 370.0000 1.5440 1.6269 4.1615 0.2437 1.5895 0.2299 2.9458 0.1190
Car 0.0000 0 4.4983 0.0000 0.0000 1224.0000 370.0000 1.5620 1.5957 4.2612 -2.2785 1.7115 -0.1491 3.0054 0.1146
Car 0.0000 0 0.7905 0.0000 0.0000 1224.0000 370.0000 1.4573 1.4638 3.4031 1.4641 1.6701 0.5545 1.8228 0.1109
Car 0.0000 0 -0.8001 0.0000 0.0000 670.7009 370.0000 1.5298 1.6180 4.1319 1.3743 1.6088 -0.0682 0.5885 0.1086
Car 0.0000 0 3.6891 0.0000 0.0000 1224.0000 370.0000 1.5190 1.5785 4.2518 -0.2980 1.6134 0.0386 3.0038 0.1082
Car 0.0000 0 4.3091 0.0000 0.0000 1224.0000 370.0000 1.5607 1.6605 4.7184 -2.7005 1.7000 0.0976 2.8945 0.1071
Car 0.0000 0 -0.4849 93.1054 0.0000 1224.0000 370.0000 1.4860 1.5230 3.7338 -1.1680 1.6311 0.4256 -1.4834 0.1032
Car 0.0000 0 0.7650 0.0000 0.0000 1224.0000 370.0000 1.4552 1.5793 3.7728 1.6888 1.6289 0.7018 1.7918 0.1030
Car 0.0000 0 3.3219 241.3209 0.0000 1224.0000 370.0000 1.5063 1.5632 4.2690 -1.9664 1.6410 0.4984 2.1487 0.1024
Car 0.0000 0 2.6751 0.0000 0.0000 1224.0000 370.0000 1.6068 1.6484 4.0936 0.1120 1.5506 0.0719 2.9563 0.1022
Car 0.0000 0 -3.8533 0.0000 0.0000 1224.0000 370.0000 1.5218 1.5679 4.1341 1.3242 1.6689 0.7159 -2.9463 0.1019
Car 0.0000 0 -0.1412 0.0000 0.0000 1224.0000 370.0000 1.5500 1.6098 3.8598 1.9832 1.5893 -0.1520 1.3448 0.1018
Car 0.0000 0 0.2270 270.2882 0.0000 1224.0000 370.0000 1.5395 1.5328 3.5151 -1.1061 1.6114 -0.0265 -1.0794 0.0996
Car 0.0000 0 -0.3089 446.2891 0.0000 1224.0000 370.0000 1.5623 1.6315 3.5757 -0.6158 1.6079 0.2656 -1.1139 0.0977
Car 0.0000 0 0.9413 23.4666 0.0000 1224.0000 370.0000 1.4706 1.4974 3.4708 1.2234 1.6578 0.3688 1.9988 0.0922
Car 0.0000 0 2.7310 0.0000 0.0000 1224.0000 370.0000 1.5086 1.5854 4.0713 0.3061 1.6303 0.6232 3.0458 0.0917
Car 0.0000 0 4.4284 0.0000 0.0000 1224.0000 370.0000 1.5594 1.6217 4.3435 -2.3956 1.7038 -0.1845 2.9170 0.0910
Car 0.0000 0 -0.3275 0.0000 0.0000 1224.0000 370.0000 1.5213 1.5939 3.8009 1.0630 1.6354 1.0356 0.3380 0.0886
Car 0.0000 0 3.2627 146.1399 0.0000 1224.0000 370.0000 1.5015 1.5143 4.0285 -1.6578 1.6514 0.1585 1.9765 0.0875
Car 0.0000 0 -4.0793 0.0000 0.0000 1224.0000 370.0000 1.5269 1.6359 3.9788 0.9182 1.6168 0.2396 -3.0568 0.0875
Car 0.0000 0 -4.0189 0.0000 0.0000 1224.0000 370.0000 1.4955 1.7048 3.8522 1.3060 1.6180 0.2375 -2.8521 0.0864
Car 0.0000 0 2.2983 0.0000 0.0000 1224.0000 370.0000 1.5332 1.6251 4.0930 0.5120 1.6129 0.2221 3.0542 0.0858
Car 0.0000 0 0.4378 0.0000 0.0000 1224.0000 370.0000 1.4787 1.6872 3.9895 1.9294 1.6279 0.5081 1.6033 0.0854
Car 0.0000 0 0.2997 201.6544 0.0000 1224.0000 370.0000 1.5426 1.5744 3.6444 -1.1302 1.6188 -0.1800 -1.1430 0.0853
Car 0.0000 0 2.3298 0.0000 0.0000 1224.0000 370.0000 1.5214 1.6503 4.1376 0.5843 1.6078 0.2611 3.1171 0.0837
Car 0.0000 0 -0.7602 0.0000 0.0000 1224.0000 370.0000 1.4792 1.5611 3.7436 1.7288 1.5857 0.2356 0.4995 0.0829
Car 0.0000 0 2.1872 0.0000 0.0000 1224.0000 370.0000 1.5964 1.6472 4.2395 0.4535 1.5871 0.0796 3.0338 0.0796
Car 0.0000 0 3.0847 0.0000 0.0000 1224.0000 370.0000 1.5433 1.6219 4.0069 -0.0921 1.6059 0.1352 2.8902 0.0790
Car 0.0000 0 -1.5787 238.9469 0.0000 1157.4211 370.0000 1.5412 1.6507 3.8769 0.1562 1.6144 0.6281 -1.4137 0.0777
Car 0.0000 0 -0.7581 599.3613 0.0000 1224.0000 370.0000 1.5026 1.6124 3.7806 -0.3142 1.6215 0.7027 -1.0529 0.0762
Car 0.0000 0 -2.1276 0.0000 0.0000 890.3361 370.0000 1.5170 1.6324 3.6471 0.6311 1.6690 1.1265 -1.7155 0.0759
Car 0.0000 0 -3.0174 0.0000 0.0000 1224.0000 370.0000 1.5116 1.6260 3.4956 1.8220 1.5921 0.1153 -1.6813 0.0742
Car 0.0000 0 -0.8613 0.0000 0.0000 915.4479 370.0000 1.5357 1.5932 3.7547 1.7563 1.5855 -0.1146 0.5926 0.0742
Car 0.0000 0 2.8771 0.0000 0.0000 1224.0000 370.0000 1.5355 1.5954 4.0198 0.0298 1.6168 0.7596 2.9069 0.0737
Car 0.0000 0 2.4618 0.0000 0.0000 1224.0000 370.0000 1.4750 1.5400 3.7793 0.7806 1.6310 0.6746 3.1274 0.0733
Car 0.0000 0 0.4223 0.0000 183.4774 208.1497 253.0347 1.4150 1.5986 3.8594 -11.1997 1.4873 15.6229 -0.1883 0.0691
Car 0.0000 0 1.2132 0.0000 0.0000 1224.0000 370.0000 1.4862 1.5560 4.1935 -2.2502 1.7093 0.5334 0.0077 0.0639
Car 0.0000 0 2.7347 0.0000 0.0000 1224.0000 370.0000 1.5019 1.5959 4.0977 0.2880 1.6339 0.3823 3.1244 0.0628
Car 0.0000 0 0.7430 0.0000 0.0000 1224.0000 370.0000 1.6173 1.6352 4.4612 -0.5308 1.6669 0.0424 -0.2227 0.0615
Car 0.0000 0 4.3987 0.0000 0.0000 1224.0000 370.0000 1.5961 1.6176 4.3521 -2.5744 1.7238 -0.1847 2.8832 0.0612
Car 0.0000 0 4.4302 0.0000 0.0000 1224.0000 370.0000 1.5696 1.6177 4.3429 -2.6796 1.7208 -0.1366 2.9305 0.0605
Car 0.0000 0 2.1735 0.0000 183.8421 68.3926 236.1511 1.4827 1.6880 4.2021 -19.3800 1.6008 22.4881 1.4709 0.0598
Car 0.0000 0 2.3067 0.0000 0.0000 1224.0000 370.0000 1.5130 1.6143 4.2836 0.6324 1.6552 0.2978 3.1027 0.0594
Car 0.0000 0 2.9293 0.0000 0.0000 1224.0000 370.0000 1.5371 1.6106 4.1265 -0.0271 1.5923 0.1506 2.8762 0.0593
Car 0.0000 0 3.3037 0.0000 0.0000 1224.0000 370.0000 1.5727 1.6491 3.8526 -0.1342 1.5940 -0.0621 2.8348 0.0591
Car 0.0000 0 4.2654 0.0000 0.0000 1224.0000 370.0000 1.5484 1.6141 4.2936 -1.4981 1.6756 -0.1395 2.8184 0.0557
Car 0.0000 0 -2.2544 0.0000 0.0000 1224.0000 370.0000 1.4587 1.5086 3.6572 1.6419 1.6149 1.0406 -1.3751 0.0551
Car 0.0000 0 2.1635 0.0000 181.6947 69.5220 233.6556 1.4890 1.7103 4.2602 -19.4159 1.5324 22.5679 1.4617 0.0550
Car 0.0000 0 3.3508 182.7260 0.0000 1224.0000 370.0000 1.5553 1.6379 4.5508 -1.9727 1.6417 0.2361 2.0581 0.0549
Car 0.0000 0 3.2609 0.0000 0.0000 1224.0000 370.0000 1.5780 1.6335 4.0363 -0.1154 1.5647 0.0360 2.9562 0.0514
Car 0.0000 0 -4.0951 0.0000 0.0000 1224.0000 370.0000 1.5495 1.6486 4.2571 0.9305 1.6332 -0.0141 -2.8437 0.0510
Pedestrian 0.0000 0 2.7572 635.7899 168.5146 682.6263 268.8750 1.7343 0.4271 0.7193 0.9135 1.5288 12.5270 2.8299 0.0505
Car 0.0000 0 4.4618 0.0000 0.0000 1224.0000 370.0000 1.5373 1.5982 4.2124 -1.9097 1.6734 0.0823 3.1019 0.0481
Car 0.0000 0 2.1634 0.0000 181.6476 68.1450 233.3989 1.4871 1.6847 4.1823 -19.4327 1.5288 22.5783 1.4614 0.0476
Cyclist 0.0000 0 0.3328 0.0000 0.0000 1224.0000 370.0000 1.6632 0.5567 1.9689 -1.3868 1.5721 -0.0632 -1.0504 0.0463
Car 0.0000 0 -4.3791 0.0000 0.0000 1224.0000 370.0000 1.4293 1.5638 4.2059 16.0908 0.9631 -0.1385 -2.8184 0.0462
Car 0.0000 0 -1.0990 1121.6927 192.6480 1224.0000 370.0000 1.3305 1.4815 3.3771 6.6286 1.4645 6.4578 -0.3234 0.0455
Car 0.0000 0 2.1099 0.0000 181.3122 64.6476 232.3547 1.4626 1.6755 4.2604 -19.4657 1.4926 22.5641 1.4068 0.0455
Car 0.0000 0 -0.9371 538.1563 0.0000 1224.0000 370.0000 1.4838 1.5945 3.6421 -0.2109 1.6248 0.4605 -1.1975 0.0453
Car 0.0000 0 2.6212 0.0000 0.0000 1224.0000 370.0000 1.4904 1.5727 4.1460 0.4760 1.6365 0.6808 3.0658 0.0448
Car 0.0000 0 2.8165 0.0000 0.0000 1224.0000 370.0000 1.5066 1.5914 4.1017 0.1845 1.6406 0.4481 3.0534 0.0446
Car 0.0000 0 -1.1935 552.4510 0.0000 1224.0000 370.0000 1.4984 1.6311 3.8916 0.0195 1.6264 0.9471 -1.1761 0.0440
Car 0.0000 0 -3.7045 0.0000 0.0000 1224.0000 370.0000 1.5104 1.6032 4.1380 0.4088 1.6333 0.3085 -3.1282 0.0439
Cyclist 0.0000 0 1.7866 0.0000 0.0000 1224.0000 370.0000 2.0476 0.6261 1.8960 -4.0946 1.8108 -0.2752 0.2290 0.0434
Pedestrian 0.0000 0 -0.0864 639.6907 170.6768 682.1306 268.4547 1.7026 0.4136 0.7143 0.9400 1.5332 12.5180 -0.0117 0.0417
Car 0.0000 0 -4.2029 0.0000 0.0000 1224.0000 370.0000 1.5724 1.6442 4.2567 0.7135 1.5756 -0.0650 -2.9779 0.0412
Car 0.0000 0 -2.1958 0.0000 0.0000 1224.0000 370.0000 1.4730 1.5376 3.8296 -1.0310 1.6652 0.5428 -3.0661 0.0411
Car 0.0000 0 -1.4975 0.0000 0.0000 1224.0000 370.0000 1.3979 1.6185 3.7540 15.8180 0.8468 0.3097 0.0347 0.0411
Car 0.0000 0 -1.3409 1148.5435 192.4246 1224.0000 370.0000 1.3426 1.5127 3.4725 6.6857 1.4829 6.6365 -0.5739 0.0402
Cyclist 0.0000 0 0.0799 0.0000 0.0000 1224.0000 370.0000 1.6774 0.5166 1.9221 -1.0719 1.5590 -0.0411 -1.2309 0.0395
Car 0.0000 0 1.0758 0.0000 0.0000 1040.2341 370.0000 1.5510 1.6406 3.8523 0.5953 1.7184 0.6608 1.6211 0.0394
Car 0.0000 0 0.6182 0.0000 184.4107 194.2915 251.9844 1.4047 1.5917 3.8800 -11.5046 1.4971 15.5942 -0.0060 0.0386
Car 0.0000 0 2.4630 0.0000 184.5613 80.3522 235.2543 1.4454 1.5873 3.8179 -19.1572 1.5879 22.5059 1.7665 0.0385
Car 0.0000 0 0.8053 341.5771 0.0000 1224.0000 370.0000 1.5292 1.6009 4.1880 0.7531 1.6348 0.0346 1.9341 0.0381
Cyclist 0.0000 0 1.6955 0.0000 0.0000 1224.0000 370.0000 2.0354 0.6283 1.7580 -3.8237 1.8772 -0.2886 0.1351 0.0368
Car 0.0000 0 0.6239 430.8545 0.0000 1224.0000 370.0000 1.5798 1.5931 4.0010 0.8189 1.6138 -0.2360 2.0897 0.0351
Car 0.0000 0 -3.3815 0.0000 0.0000 1224.0000 370.0000 1.5649 1.6337 4.1974 0.9053 1.6719 1.0503 -2.7972 0.0348
Car 0.0000 0 1.9753 1107.5503 190.8595 1224.0000 370.0000 1.3551 1.4484 3.4479 6.6222 1.4761 6.7861 2.7269 0.0345
Car 0.0000 0 2.0128 0.0000 181.9535 55.7844 233.7549 1.4855 1.7288 4.2187 -19.6732 1.5382 22.6590 1.3065 0.0343
Car 0.0000 0 2.2260 0.0000 182.8708 73.2047 234.3345 1.4809 1.6225 4.1114 -19.3385 1.5653 22.6211 1.5273 0.0341
Car 0.0000 0 3.7035 257.3708 0.0000 1224.0000 370.0000 1.5938 1.7153 4.4028 -2.4807 1.7025 0.5045 2.4563 0.0333
Car 0.0000 0 2.2200 0.0000 183.5394 70.7609 234.5383 1.4627 1.5991 4.0480 -19.3479 1.5701 22.5805 1.5202 0.0322
Car 0.0000 0 2.1475 0.0000 180.3867 71.7477 230.8911 1.4736 1.6671 4.2070 -19.4626 1.4719 22.8143 1.4499 0.0316
Car 0.0000 0 1.2463 1180.4794 191.2240 1224.0000 370.0000 1.3707 1.4627 3.4389 6.4928 1.4961 6.2857 2.0245 0.0311
Car 0.0000 0 -0.0150 238.2008 0.0000 1224.0000 370.0000 1.5949 1.6863 3.6909 -0.7272 1.5974 -0.1105 -1.2985 0.0307
Pedestrian 0.0000 0 2.7986 623.8435 172.5489 666.5084 269.5190 1.6812 0.4148 0.6538 0.6658 1.5450 12.5452 2.8520 0.0306
Car 0.0000 0 -2.1644 0.0000 0.0000 1224.0000 370.0000 1.4298 1.4304 3.4113 1.5390 1.6297 1.0719 -1.3284 0.0306
Car 0.0000 0 1.0642 116.6896 0.0000 1166.5358 370.0000 1.5438 1.6036 3.9961 0.6281 1.6869 0.4561 1.7439 0.0305
Car 0.0000 0 -4.3333 0.0000 0.0000 1224.0000 370.0000 1.4379 1.5433 3.8589 15.8356 0.9573 -0.1486 -2.7722 0.0297
Car 0.0000 0 -2.1548 0.0000 0.0000 1224.0000 370.0000 1.4693 1.5246 3.5189 1.1479 1.6423 0.8892 -1.3951 0.0294
Car 0.0000 0 2.0558 0.0000 181.5120 60.8529 233.2135 1.4954 1.7301 4.1866 -19.6578 1.5327 22.7633 1.3521 0.0291
Car 0.0000 0 2.2052 0.0000 184.6105 59.1999 238.7458 1.5005 1.7168 4.1052 -19.3630 1.6424 22.0259 1.4929 0.0290
Car 0.0000 0 2.2109 0.0000 182.3465 73.2855 233.0376 1.4634 1.6330 4.1246 -19.3571 1.5297 22.6666 1.5127 0.0288
Car 0.0000 0 -0.8483 239.6119 0.0000 991.5557 370.0000 1.6309 1.7065 3.9048 -0.2456 1.5774 -0.0362 -1.5507 0.0283
Car 0.0000 0 2.2387 0.0000 185.8527 65.1675 237.5021 1.4545 1.6009 3.9431 -19.3280 1.6402 22.3202 1.5338 0.0279
Pedestrian 0.0000 0 3.0812 625.9451 176.0451 665.5887 269.6794 1.6355 0.3995 0.6779 0.6740 1.5593 12.5469 3.1351 0.0276
Car 0.0000 0 -2.3222 1130.6260 154.8414 1224.0000 215.5058 1.5796 1.6655 3.8758 17.4598 0.9131 20.3820 -1.6199 0.0255
Car 0.0000 0 2.9998 0.0000 0.0000 1224.0000 370.0000 1.4997 1.5728 3.8120 -0.0007 1.6604 0.5113 3.0009 0.0248
Car 0.0000 0 -1.5185 0.0000 0.0000 1224.0000 370.0000 1.4052 1.6633 4.0304 15.9819 0.7450 0.3550 0.0111 0.0246
Car 0.0000 0 -3.2490 0.0000 0.0000 1224.0000 370.0000 1.5365 1.6298 3.9909 0.6480 1.6651 1.1411 -2.8308 0.0244
Car 0.0000 0 2.4647 0.0000 185.6723 74.3808 235.9959 1.4159 1.5441 3.6930 -19.0931 1.5946 22.2512 1.7643 0.0239
Car 0.0000 0 1.2557 1189.7462 193.8496 1224.0000 370.0000 1.3444 1.4195 3.3491 6.4776 1.4978 6.2185 2.0378 0.0230
Cyclist 0.0000 0 -0.2256 162.9210 0.0000 1224.0000 370.0000 1.6786 0.4372 1.7640 -1.0571 1.6551 0.4539 -1.1606 0.0229
Car 0.0000 0 2.0346 0.0000 183.4837 50.2414 236.0751 1.4780 1.7124 4.2000 -19.6564 1.5834 22.3655 1.3223 0.0222
Car 0.0000 0 -2.1038 1149.9878 155.9297 1224.0000 215.9785 1.5696 1.6544 3.8990 17.8687 0.9290 20.5415 -1.3939 0.0221
Car 0.0000 0 -1.3531 0.0000 0.0000 1224.0000 370.0000 1.3741 1.5077 3.5822 15.8158 0.9996 0.0429 0.1959 0.0219
Car 0.0000 0 2.0362 0.0000 179.1424 61.8201 231.2710 1.5104 1.7177 4.4450 -19.7069 1.4727 22.8439 1.3330 0.0215
Car 0.0000 0 -2.0747 1150.2266 155.4833 1224.0000 216.2883 1.5896 1.6701 3.9746 17.8982 0.9372 20.5954 -1.3653 0.0212
Car 0.0000 0 -2.0744 1158.5431 156.4600 1224.0000 216.7424 1.5619 1.6603 3.7487 17.8712 0.9406 20.3216 -1.3592 0.0210
Car 0.0000 0 -4.5264 0.0000 0.0000 1224.0000 370.0000 1.4040 1.5883 4.0169 16.0011 0.9850 0.0569 -2.9780 0.0210
Car 0.0000 0 -4.4568 0.0000 0.0000 1224.0000 370.0000 1.3868 1.4574 3.4341 15.6079 1.0843 -0.0251 -2.9037 0.0205
Car 0.0000 0 -4.3854 0.0000 0.0000 1224.0000 370.0000 1.3935 1.4774 3.5405 15.6736 1.0365 -0.0361 -2.8316 0.0196
Pedestrian 0.0000 0 -3.1435 637.9730 177.4406 681.0004 272.8874 1.6307 0.3784 0.7345 0.9008 1.5801 12.2899 -3.0705 0.0192
Car 0.0000 0 0.5131 0.0000 183.4039 210.9483 252.6234 1.4207 1.5723 3.7807 -11.0493 1.4901 15.5462 -0.0934 0.0188
Car 0.0000 0 3.6731 0.0000 186.1942 124.0007 233.8559 1.4402 1.6660 4.2207 -18.2341 1.6338 22.7362 3.0056 0.0180
Car 0.0000 0 2.2220 0.0000 180.2959 82.3465 230.6927 1.4829 1.6775 4.3933 -19.4495 1.4785 23.0294 1.5292 0.0177
Car 0.0000 0 2.2761 0.0000 182.0558 85.3617 232.6873 1.4825 1.6627 4.1835 -19.2747 1.5392 22.9308 1.5857 0.0169
Car 0.0000 0 -3.1729 0.0000 0.0000 1224.0000 370.0000 1.4314 1.6564 3.4036 9.4638 1.4290 -0.1349 -1.6206 0.0168
Car 0.0000 0 -0.5867 1156.3674 188.8997 1224.0000 370.0000 1.3987 1.5090 3.8887 7.7844 1.4940 6.6526 0.2550 0.0167
Car 0.0000 0 1.0268 0.0000 190.8575 117.2924 239.6648 1.4081 1.6168 4.1864 -17.8272 1.7619 22.5358 0.3660 0.0165
Pedestrian 0.0000 0 1.8084 69.6839 171.5863 110.8191 262.0659 1.6092 0.4718 0.6187 -9.4607 1.4523 12.9451 1.1908 0.0165
Car 0.0000 0 -4.3967 0.0000 0.0000 1224.0000 370.0000 1.3814 1.4350 3.4959 15.3578 1.1139 -0.0214 -2.8442 0.0164
Car 0.0000 0 -1.2412 0.0000 0.0000 1224.0000 370.0000 1.4072 1.5108 3.5583 15.7323 1.0526 -0.1368 0.3192 0.0159
Car 0.0000 0 1.2038 1193.4509 195.8680 1224.0000 370.0000 1.3140 1.3836 3.3988 6.4464 1.4872 6.0532 1.9963 0.0157
Car 0.0000 0 -1.3157 0.0000 0.0000 1224.0000 370.0000 1.3665 1.5010 3.4425 15.7243 1.0698 -0.0252 0.2375 0.0148
Cyclist 0.0000 0 -0.4861 238.0680 0.0000 1224.0000 370.0000 1.6641 0.4358 1.8116 -1.0361 1.7302 0.7801 -1.2388 0.0148
Car 0.0000 0 1.8493 0.0000 179.1372 45.4115 230.7257 1.4922 1.6614 4.2775 -19.7104 1.4544 22.7373 1.1438 0.0146
Car 0.0000 0 2.5459 553.3783 166.0393 608.9810 189.4669 1.6231 1.7214 3.6515 -1.6897 0.6225 50.7479 2.5147 0.0146
Car 0.0000 0 -0.9373 0.0000 182.1855 99.5391 230.6301 1.4723 1.6769 4.0986 -19.2236 1.5353 23.7084 -1.6104 0.0145
Cyclist 0.0000 0 -0.9746 54.1785 173.0581 143.2022 264.6831 1.6025 0.4696 1.6933 -9.4532 1.4740 13.2103 -1.5825 0.0144
Car 0.0000 0 -1.2343 0.0000 0.0000 1224.0000 370.0000 1.3947 1.4848 3.5252 15.6267 1.0931 -0.2155 0.3310 0.0143
Car 0.0000 0 -3.0814 0.0000 0.0000 1224.0000 370.0000 1.4513 1.6337 3.4318 9.6851 1.4601 -0.1904 -1.5229 0.0139
Car 0.0000 0 -4.6064 0.0000 0.0000 1224.0000 370.0000 1.6072 1.6609 3.9324 19.3862 0.6775 -0.1383 -3.0438 0.0137
Car 0.0000 0 2.7558 552.7972 165.7333 610.5682 188.7901 1.6157 1.7303 3.8022 -1.6804 0.5822 51.1014 2.7250 0.0134
Pedestrian 0.0000 0 1.5482 76.1404 172.0733 107.7647 261.7419 1.5907 0.4593 0.6235 -9.4275 1.4428 12.9248 0.9315 0.0134
Pedestrian 0.0000 0 0.6280 39.2026 177.7770 84.2748 255.1922 1.5678 0.4446 0.5863 -11.2109 1.5143 14.5412 -0.0165 0.0134
Car 0.0000 0 2.4876 0.0000 184.5639 84.4960 234.3086 1.4379 1.5801 3.7335 -19.1799 1.5817 22.7544 1.7958 0.0134
Pedestrian 0.0000 0 0.6152 40.5121 176.0954 85.3223 255.1019 1.5999 0.4714 0.5636 -11.1980 1.5124 14.5567 -0.0282 0.0133
Car 0.0000 0 3.7161 34.6031 0.0000 1224.0000 370.0000 1.5952 1.7085 4.2439 -2.5186 1.6698 -0.0113 2.2703 0.0133
Car 0.0000 0 -2.4359 1124.8553 156.4983 1224.0000 217.7027 1.5936 1.6731 3.8381 17.4282 0.9703 20.4353 -1.7358 0.0131
Car 0.0000 0 -0.8622 0.0000 182.4402 94.4804 230.9002 1.4393 1.7088 4.2686 -19.3043 1.5107 23.3224 -1.5452 0.0130
Car 0.0000 0 -2.1570 1146.0770 155.7149 1224.0000 216.4640 1.5944 1.6527 3.8595 17.8400 0.9455 20.5676 -1.4486 0.0130
Car 0.0000 0 -1.7895 1191.2302 155.7106 1224.0000 215.2278 1.5513 1.6038 3.4244 18.2461 0.9068 20.3108 -1.0638 0.0130
Car 0.0000 0 2.6341 549.6473 164.4891 607.4448 187.3866 1.5878 1.7102 3.7915 -1.8829 0.4789 50.7367 2.5990 0.0129
Pedestrian 0.0000 0 -2.4364 978.2565 48.3293 1224.0000 370.0000 1.7384 0.5859 0.9018 1.4161 1.5213 1.6745 -1.8178 0.0129
Car 0.0000 0 -2.3767 1160.1835 186.9899 1224.0000 370.0000 1.4021 1.4801 3.3684 7.4257 1.4824 6.8827 -1.5746 0.0129
Car 0.0000 0 -0.5766 1130.2389 157.0258 1224.0000 217.0683 1.5856 1.7295 4.1151 17.4515 0.9673 19.8088 0.1393 0.0129
Car 0.0000 0 -2.1234 555.1008 161.7100 604.1119 186.7731 1.7707 1.6547 4.2015 -1.9108 0.4445 52.1563 -2.1579 0.0129
Car 0.0000 0 3.7573 0.0000 184.3505 121.1179 231.4512 1.4293 1.6190 4.0896 -18.0680 1.5585 22.5152 3.0896 0.0128
Car 0.0000 0 2.1273 0.0000 187.8159 37.2916 242.1341 1.4256 1.5345 3.7295 -18.9591 1.6654 21.0480 1.4032 0.0127
Car 0.0000 0 2.2945 0.0000 186.5645 47.1777 240.2365 1.4509 1.6324 3.8410 -19.2986 1.6530 21.4626 1.5712 0.0124
Cyclist 0.0000 0 -0.6485 0.0000 0.0000 1224.0000 370.0000 1.7199 0.4389 1.8132 -0.6181 1.6733 0.7800 -1.1574 0.0124
Pedestrian 0.0000 0 1.7485 1097.7833 165.8796 1137.4404 267.8991 1.5951 0.4351 0.5427 8.2206 1.3682 11.3953 2.3619 0.0122
Car 0.0000 0 2.4027 0.0000 175.1663 18.2509 218.9120 1.5129 1.6715 4.1919 -24.8004 1.3300 26.6105 1.6602 0.0120
Car 0.0000 0 1.5580 0.0000 0.0000 1224.0000 370.0000 1.6351 1.6767 3.6389 19.9460 0.6276 -0.1888 3.1234 0.0118
Car 0.0000 0 2.3458 0.0000 185.6584 45.7412 239.9911 1.4638 1.6633 3.7480 -19.2688 1.6349 21.3199 1.6200 0.0117
Car 0.0000 0 -1.2281 0.0000 0.0000 1224.0000 370.0000 1.4011 1.5097 3.5328 15.7100 1.0685 -0.1583 0.3336 0.0117
Car 0.0000 0 -1.8779 0.0000 186.4914 35.2843 233.6466 1.3694 1.6120 3.7243 -20.0342 1.5766 22.6061 -2.5944 0.0116
Car 0.0000 0 -1.2769 0.0000 0.0000 1224.0000 370.0000 1.4263 1.5096 3.4749 15.5482 1.0948 -0.2906 0.2931 0.0115
Car 0.0000 0 3.6233 0.0000 0.0000 1224.0000 370.0000 1.4443 1.5709 3.8356 -7.9213 1.5300 -0.2946 2.0579 0.0113
Car 0.0000 0 2.8812 549.5120 164.5303 607.9123 186.9263 1.5751 1.7205 3.9088 -1.9051 0.4533 51.1143 2.8460 0.0110
Car 0.0000 0 -1.9275 1171.9902 155.0363 1224.0000 216.5419 1.6066 1.6556 3.8885 18.2497 0.9430 20.5754 -1.2080 0.0109
Car 0.0000 0 2.1262 0.0000 170.9363 11.7684 206.3161 1.4148 1.6666 3.8382 -27.6401 1.0339 30.3053 1.3939 0.0109
Car 0.0000 0 1.3220 1215.7236 190.5276 1224.0000 370.0000 1.3936 1.4522 3.3711 6.9080 1.5136 6.5202 2.1137 0.0109
Car 0.0000 0 2.6982 545.1501 165.1198 608.1104 187.4641 1.5497 1.6932 4.1955 -2.0214 0.4843 50.7540 2.6605 0.0108
Pedestrian 0.0000 0 0.1305 638.9037 175.9523 688.4772 272.9546 1.6499 0.3565 0.8202 0.9784 1.5742 12.2806 0.2096 0.0108
Car 0.0000 0 -1.7851 1185.7184 154.2271 1224.0000 214.7932 1.5849 1.6360 3.8260 18.3488 0.8990 20.5670 -1.0627 0.0106
Cyclist 0.0000 0 3.1231 0.0000 0.0000 1224.0000 370.0000 1.7346 0.5616 1.8593 -1.7401 1.6542 0.2647 1.8799 0.0106
Car 0.0000 0 -1.5888 0.0000 0.0000 1224.0000 370.0000 1.5260 1.5619 3.8561 12.0951 1.0665 -0.2379 -0.0237 0.0104
Car 0.0000 0 -1.9040 1172.6064 154.5779 1224.0000 215.8579 1.5980 1.6675 4.0017 18.2688 0.9236 20.5997 -1.1845 0.0103
Car 0.0000 0 2.1850 0.0000 171.1552 11.5631 207.2206 1.4265 1.6161 4.1233 -27.6426 1.0584 30.1053 1.4493 0.0103
Car 0.0000 0 -4.6640 0.0000 0.0000 1224.0000 370.0000 1.6041 1.6425 3.7384 19.6643 0.6339 -0.1964 -3.0984 0.0101
Car 0.0000 0 2.3244 0.0000 168.9663 17.8000 203.8798 1.4295 1.6925 3.6756 -28.0000 0.9587 30.8009 1.5936 0.0100
Car 0.0000 0 -0.5114 555.9550 167.3715 614.1201 189.9544 1.5781 1.7702 3.8295 -1.4291 0.6620 51.1434 -0.5373 0.0100
Car 0.0000 0 -1.5217 0.0000 169.6338 9.3732 205.2347 1.5509 1.6233 4.0829 -28.8929 1.0790 32.9046 -2.2357 0.0099
Car 0.0000 0 -0.3397 581.5314 164.3174 638.0443 185.9608 1.5491 1.6902 3.8130 0.3523 0.3921 52.0200 -0.3311 0.0099
Car 0.0000 0 -0.8937 0.0000 184.3169 104.8843 231.2230 1.4357 1.6120 3.7549 -19.0349 1.5761 23.8300 -1.5595 0.0099
Car 0.0000 0 2.9232 546.1470 165.0877 607.0362 187.0302 1.5445 1.7181 4.1254 -2.0613 0.4609 51.1173 2.8850 0.0099
Cyclist 0.0000 0 0.1746 0.0000 0.0000 1224.0000 370.0000 1.5900 0.4315 1.6840 -8.6336 1.5337 0.7587 -1.2697 0.0098
Car 0.0000 0 -2.1235 0.0000 169.8871 26.1684 205.1559 1.5514 1.7235 4.4445 -29.2067 1.0860 32.5648 -2.8479 0.0097
Car 0.0000 0 -0.8689 0.0000 184.7478 107.5828 233.1901 1.4827 1.6178 3.9622 -19.1646 1.6405 23.9969 -1.5346 0.0095
Car 0.0000 0 1.3372 0.0000 180.4900 36.9106 233.7721 1.5459 1.7990 3.8483 -19.7767 1.5472 22.3607 0.6219 0.0093
Car 0.0000 0 -3.4328 822.0165 172.7531 1039.2849 247.5621 1.4282 1.5735 3.7463 6.4857 1.2820 14.5041 -3.0187 0.0093
Car 0.0000 0 2.0748 0.0000 169.3286 17.8397 203.4661 1.3962 1.6802 3.5407 -27.6404 0.9408 30.8244 1.3509 0.0093
Car 0.0000 0 -0.0796 555.6758 167.3495 612.3043 189.6132 1.5890 1.6920 4.0031 -1.5495 0.6517 51.5130 -0.1076 0.0093
Car 0.0000 0 1.6374 576.7784 167.0305 603.8162 189.5974 1.5963 1.7255 3.9310 -1.0378 0.6448 52.0126 1.6193 0.0092
Car 0.0000 0 -2.3832 0.0000 171.4046 25.1245 205.7363 1.5193 1.7197 4.4362 -29.3289 1.1183 32.2024 -3.1152 0.0092
Car 0.0000 0 1.9769 0.0000 182.9212 20.3676 244.5094 1.5445 1.6499 4.3677 -18.7708 1.6234 20.2428 1.2388 0.0092
Car 0.0000 0 -1.5572 587.1983 161.9904 611.1551 186.3539 1.7442 1.7155 4.1877 -0.3951 0.4204 52.7137 -1.5628 0.0091
Car 0.0000 0 2.1572 0.0000 169.4767 13.8828 205.9622 1.4519 1.6637 4.0658 -27.6338 1.0148 30.2645 1.4243 0.0090
Car 0.0000 0 -1.4334 0.0000 170.5244 18.5700 205.3840 1.5233 1.6345 4.1074 -28.8117 1.0889 33.0605 -2.1437 0.0090
Car 0.0000 0 -2.1032 0.0000 169.6908 24.0912 204.5657 1.5373 1.6677 4.1099 -29.1396 1.0623 32.5927 -2.8261 0.0090
Car 0.0000 0 -2.2005 0.0000 182.4583 35.8297 235.1847 1.5601 1.6848 4.0547 -20.4310 1.6268 22.2494 -2.9345 0.0089
Car 0.0000 0 -2.1258 0.0000 169.2992 23.7285 205.2640 1.5804 1.7373 4.5283 -29.3476 1.0897 32.5421 -2.8530 0.0089
Car 0.0000 0 -1.5757 582.6577 162.6678 606.7734 186.5682 1.7079 1.7236 4.2678 -0.7671 0.4349 52.6684 -1.5884 0.0089
Car 0.0000 0 1.9244 569.4224 168.2421 608.5140 191.6876 1.6285 1.7601 3.3597 -1.1144 0.7784 50.9811 1.9045 0.0088
Car 0.0000 0 2.4324 0.0000 182.5470 35.8364 239.1126 1.5090 1.5885 3.7295 -19.3284 1.5769 20.9477 1.6964 0.0088
Car 0.0000 0 -2.1209 0.0000 169.6288 23.1905 204.7327 1.5445 1.7067 4.3253 -29.2779 1.0677 32.5493 -2.8467 0.0087
Car 0.0000 0 -0.3955 1117.2124 156.9609 1224.0000 213.9271 1.5200 1.6141 4.1738 17.4101 0.8935 20.2630 0.3082 0.0087
Car 0.0000 0 3.6477 0.0000 0.0000 1224.0000 370.0000 1.4665 1.5854 3.9129 -8.2434 1.5074 -0.2445 2.0882 0.0087
Car 0.0000 0 -0.6713 0.0000 175.5252 115.3764 215.0593 1.5535 1.6551 3.9746 -23.2161 1.3595 29.9085 -1.3245 0.0086
Car 0.0000 0 3.6481 0.0000 171.6446 23.8863 206.9572 1.5227 1.7354 4.5689 -29.3496 1.1424 31.8524 2.9104 0.0086
Car 0.0000 0 -2.6074 1113.0984 158.0051 1224.0000 217.6260 1.5371 1.6956 3.9417 17.1954 0.9588 20.3648 -1.9122 0.0086
Car 0.0000 0 3.6538 0.0000 171.5292 20.0160 206.1717 1.4972 1.6817 4.2770 -29.3432 1.1110 31.8503 2.9161 0.0084
Car 0.0000 0 -1.5092 0.0000 168.2664 6.7706 203.5596 1.5239 1.6728 4.1051 -28.8738 0.9972 32.6614 -2.2264 0.0084
Car 0.0000 0 2.3112 0.0000 169.3961 12.1127 206.5511 1.4757 1.6631 4.1736 -27.9004 1.0362 30.1654 1.5719 0.0084
Car 0.0000 0 -2.2749 0.0000 178.4211 23.8130 222.9698 1.5329 1.7069 4.1523 -23.5844 1.4629 25.4339 -3.0146 0.0084
Car 0.0000 0 2.2604 0.0000 182.5298 37.5597 240.0361 1.5266 1.6405 3.9479 -19.1645 1.5940 20.9136 1.5279 0.0083
Car 0.0000 0 -1.6520 581.0260 167.4243 607.1385 189.4949 1.5803 1.6357 3.8621 -0.8388 0.6453 52.6200 -1.6661 0.0083
Pedestrian 0.0000 0 2.7078 618.7340 179.7513 666.1227 275.2506 1.6126 0.3747 0.7298 0.6027 1.6016 12.2450 2.7573 0.0083
Cyclist 0.0000 0 0.7044 0.0000 0.0000 1224.0000 370.0000 1.6576 0.5453 1.7117 1.4549 1.6554 0.7672 1.6336 0.0083
Car 0.0000 0 2.0115 0.0000 183.4103 23.1013 242.2524 1.5133 1.6364 3.9859 -18.9060 1.6082 20.5351 1.2768 0.0082
Car 0.0000 0 -2.1149 0.0000 177.7087 15.6029 222.3755 1.5129 1.7371 4.4469 -23.7584 1.4199 25.3973 -2.8590 0.0082
Car 0.0000 0 -0.8886 0.0000 175.4966 101.9138 214.3567 1.5379 1.6439 3.9565 -23.6090 1.3414 29.9734 -1.5489 0.0081
Car 0.0000 0 -2.8918 547.7122 164.6507 607.0298 186.8255 1.5789 1.7129 4.0271 -1.9928 0.4517 51.6016 -2.9283 0.0080
Car 0.0000 0 1.4312 0.0000 182.5345 34.4937 234.5940 1.5159 1.7278 3.9627 -19.8739 1.5884 22.6925 0.7206 0.0080
Car 0.0000 0 -0.2867 583.4838 162.3105 639.0683 184.8819 1.6176 1.6773 3.7668 0.4570 0.3153 51.9867 -0.2761 0.0080
Car 0.0000 0 -1.1481 0.0000 0.0000 1224.0000 370.0000 1.4762 1.6950 4.2518 9.2962 1.3738 0.8309 0.3006 0.0080
Car 0.0000 0 -1.9914 563.0724 163.6967 606.5415 187.4684 1.6851 1.6782 4.1261 -1.5333 0.4952 52.3372 -2.0187 0.0079
Car 0.0000 0 -1.6593 0.0000 0.0000 1224.0000 370.0000 1.5435 1.5384 3.6590 12.2944 1.0029 -0.2244 -0.0953 0.0079
Car 0.0000 0 1.9922 0.0000 179.2144 20.9077 239.8934 1.5396 1.6784 4.3047 -18.7883 1.5086 20.2416 1.2535 0.0079
Car 0.0000 0 -1.9856 1167.8502 193.0278 1224.0000 370.0000 1.3725 1.5250 3.4246 6.8961 1.5264 6.7144 -1.2088 0.0079
Car 0.0000 0 3.4840 0.0000 171.3195 21.2925 208.3474 1.5651 1.7297 4.6670 -29.3164 1.1785 31.5843 2.7426 0.0078
Car 0.0000 0 -2.9160 0.0000 0.0000 1224.0000 370.0000 1.6377 1.7271 3.7107 20.2356 0.6815 -0.1546 -1.3522 0.0077
Car 0.0000 0 3.6471 0.0000 169.4681 19.0277 205.4251 1.5509 1.7064 4.1844 -29.3062 1.0766 31.8039 2.9093 0.0077
Car 0.0000 0 3.8546 0.0000 170.7975 24.7729 204.8250 1.5056 1.7119 4.3121 -29.3020 1.0778 32.1767 3.1227 0.0077
Car 0.0000 0 -0.0247 0.0000 0.0000 1224.0000 370.0000 1.3430 1.5419 3.1913 9.5450 1.4227 0.0943 1.5038 0.0077
Car 0.0000 0 3.6893 0.0000 0.0000 1224.0000 370.0000 1.4939 1.5636 3.7998 -8.1644 1.4955 -0.1955 2.1359 0.0077
Cyclist 0.0000 0 3.7589 0.0000 0.0000 1224.0000 370.0000 1.6850 0.5938 1.8749 -1.3186 1.7100 0.4931 2.7439 0.0076
Car 0.0000 0 2.3053 0.0000 167.2884 14.6084 205.4018 1.5216 1.7312 4.1490 -27.9168 0.9957 30.2995 1.5679 0.0076
Car 0.0000 0 1.6560 0.0000 179.2435 28.4414 230.3064 1.5179 1.6660 4.4052 -20.2694 1.4821 23.2885 0.9483 0.0075
Car 0.0000 0 -0.6811 0.0000 174.2617 113.6412 213.3571 1.5326 1.6276 3.9397 -23.1943 1.2895 29.8172 -1.3353 0.0075
Car 0.0000 0 2.1367 0.0000 181.9046 27.1414 241.2554 1.5479 1.6061 3.9447 -19.0387 1.5945 20.6132 1.4004 0.0075
Car 0.0000 0 0.3191 0.0000 174.7296 133.1219 212.6939 1.4974 1.7380 4.3018 -22.4091 1.2713 29.3933 -0.3253 0.0074
Car 0.0000 0 -1.3084 0.0000 169.2194 24.6109 203.8067 1.4956 1.7240 3.8606 -28.5213 1.0093 32.6822 -2.0193 0.0074
Cyclist 0.0000 0 -0.9433 46.0223 170.8204 145.2958 263.2323 1.5891 0.4995 1.8231 -9.3981 1.4243 13.0691 -1.5534 0.0074
Car 0.0000 0 -3.2924 1107.0275 157.1462 1224.0000 217.3249 1.5800 1.6623 4.2463 17.1054 0.9684 20.3653 -2.5998 0.0074
Cyclist 0.0000 0 0.4407 26.1320 163.4831 149.6049 259.8212 1.6986 0.5639 1.7488 -9.4399 1.4002 12.8936 -0.1777 0.0074
Pedestrian 0.0000 0 1.3079 79.1795 169.5470 119.5427 265.3388 1.6582 0.4303 0.6795 -9.0726 1.4703 12.6178 0.6982 0.0073
Car 0.0000 0 -1.5551 587.7938 166.0771 610.8633 188.2708 1.5928 1.6534 3.9803 -0.3827 0.5590 52.7377 -1.5605 0.0073
Car 0.0000 0 3.8168 0.0000 169.7094 24.6123 204.4821 1.5336 1.7195 4.2117 -29.2730 1.0592 32.1557 3.0851 0.0073
Car 0.0000 0 -0.0167 0.0000 0.0000 1224.0000 370.0000 1.3325 1.5177 3.1762 9.6626 1.4161 0.0740 1.5145 0.0073
Car 0.0000 0 -1.9837 827.2691 144.2866 895.6273 182.0029 1.8818 1.8065 4.3297 13.4875 0.0764 37.4933 -1.6391 0.0071
Car 0.0000 0 1.4374 0.0000 0.0000 1224.0000 370.0000 1.5038 1.3891 3.8009 -5.3056 1.7288 -0.1762 -0.1041 0.0071
Car 0.0000 0 2.2995 0.0000 168.8001 11.3004 205.9534 1.4858 1.7084 3.9977 -27.9657 1.0194 30.2771 1.5609 0.0071
Car 0.0000 0 -2.9471 0.0000 0.0000 1224.0000 370.0000 1.7400 1.8285 3.8096 20.6677 0.7085 -0.1240 -1.3846 0.0071
Car 0.0000 0 1.8330 0.0000 181.5545 16.5462 243.8600 1.5586 1.7097 4.5193 -18.5493 1.5938 20.1637 1.0988 0.0071
Cyclist 0.0000 0 -0.9961 1181.0886 157.2805 1224.0000 339.1412 1.6318 0.5870 1.8458 6.5477 1.4252 6.8562 -0.2551 0.0070
Cyclist 0.0000 0 0.3985 0.0000 0.0000 1224.0000 370.0000 1.6586 0.5353 1.8583 1.5044 1.6684 0.4299 1.5066 0.0070
Car 0.0000 0 -4.2711 0.0000 0.0000 1224.0000 370.0000 1.4366 1.7276 4.0888 9.1822 1.2238 0.9077 -2.8321 0.0070
Car 0.0000 0 -2.5215 0.0000 0.0000 1224.0000 370.0000 1.4959 1.5310 3.5537 11.7757 0.8673 1.1709 -1.0755 0.0070
Car 0.0000 0 -1.4373 0.0000 0.0000 1224.0000 370.0000 1.7392 1.7175 4.6742 21.4590 0.8483 0.0539 0.1173 0.0069
Cyclist 0.0000 0 0.1354 11.7343 0.0000 1224.0000 370.0000 1.6762 0.4872 1.8887 -1.3880 1.6593 0.2989 -1.0122 0.0068
Car 0.0000 0 1.4557 0.0000 0.0000 1224.0000 370.0000 1.4290 1.5111 3.4774 -29.8744 1.9416 -0.2264 -0.1103 0.0067
Car 0.0000 0 0.6945 0.0000 0.0000 1224.0000 370.0000 1.5477 1.5814 3.6186 12.2940 0.9381 1.8350 2.0929 0.0067
Cyclist 0.0000 0 0.3921 113.9875 160.7124 294.9450 346.6451 1.8051 0.5500 1.5142 -4.0941 1.6147 7.2115 -0.1039 0.0067
Car 0.0000 0 -1.3845 0.0000 0.0000 1224.0000 370.0000 1.6550 1.7042 4.2143 21.1506 0.7088 -0.2221 0.1829 0.0067
Car 0.0000 0 2.2253 0.0000 176.1454 94.7054 214.4955 1.5243 1.6130 3.9886 -23.9764 1.3527 30.1003 1.5596 0.0066
Car 0.0000 0 -1.6088 0.0000 0.0000 1224.0000 370.0000 1.5610 1.7112 3.7055 20.2352 0.6757 -0.1690 -0.0443 0.0065
Car 0.0000 0 1.8618 0.0000 179.5635 18.6569 240.2078 1.5269 1.7183 4.4558 -18.5644 1.5050 20.1786 1.1276 0.0065
Car 0.0000 0 3.5870 0.0000 169.7176 20.0422 204.8557 1.5107 1.6940 4.0729 -29.1836 1.0486 31.7890 2.8512 0.0064
Car 0.0000 0 -1.3991 790.9077 154.9865 828.7009 182.0609 1.7198 1.7457 4.1013 13.6939 0.1005 47.1335 -1.1163 0.0064
Car 0.0000 0 -2.3285 0.0000 186.6305 45.2106 235.8752 1.4648 1.6911 4.3104 -20.4325 1.6685 22.2945 -3.0616 0.0064
Car 0.0000 0 3.7159 0.0000 169.5470 28.4606 203.8507 1.5029 1.7040 4.2202 -29.1339 1.0245 32.1396 2.9863 0.0064
Car 0.0000 0 -2.6116 1112.3090 158.5048 1224.0000 217.5997 1.5310 1.6845 3.8690 17.1721 0.9628 20.4188 -1.9184 0.0064
Car 0.0000 0 -1.5069 789.2463 158.1657 819.0412 183.3968 1.6107 1.6717 3.9101 13.3447 0.1863 47.2544 -1.2316 0.0063
Car 0.0000 0 1.4163 0.0000 181.7463 35.0587 236.5766 1.5881 1.7704 4.2328 -19.8892 1.6331 22.6108 0.7035 0.0063
Car 0.0000 0 1.5394 589.6137 167.8468 611.6915 189.1519 1.5223 1.5194 3.7989 -0.3440 0.6195 52.4401 1.5346 0.0063
Car 0.0000 0 -1.5910 0.0000 0.0000 1224.0000 370.0000 1.5241 1.5626 3.5812 5.5734 1.5094 -0.1591 -0.0483 0.0063
Pedestrian 0.0000 0 -2.9382 620.5870 180.9173 670.6092 275.1194 1.5969 0.3542 0.8121 0.6620 1.6059 12.2579 -2.8841 0.0062
Car 0.0000 0 0.7479 0.0000 0.0000 1224.0000 370.0000 1.5748 1.6099 3.6832 12.1428 0.8388 1.6114 2.1620 0.0062
Car 0.0000 0 3.4990 0.0000 168.6832 15.2613 206.6103 1.6075 1.7561 4.1788 -29.2845 1.1081 31.5589 2.7578 0.0062
Car 0.0000 0 0.8673 1223.5023 158.2739 1224.0000 220.3485 1.4133 1.5767 3.9192 18.2065 0.9089 18.1074 1.6483 0.0062
Car 0.0000 0 3.4980 0.0000 170.4324 18.2129 207.0602 1.5529 1.7404 4.3489 -29.2767 1.1275 31.5933 2.7574 0.0062
Car 0.0000 0 1.6273 684.4126 162.1048 729.6636 200.6012 1.4562 1.6100 3.7776 4.1810 0.7619 28.7520 1.7720 0.0061
Car 0.0000 0 1.7875 0.0000 179.2884 16.7915 240.8373 1.5464 1.7666 4.5173 -18.4601 1.5175 20.1600 1.0557 0.0061
Car 0.0000 0 -1.7646 573.2723 165.4668 605.8713 188.2704 1.6224 1.6808 3.9855 -1.1771 0.5541 52.4236 -1.7851 0.0061
Car 0.0000 0 2.5513 820.6685 172.2177 1023.4245 253.6340 1.4105 1.4521 3.2103 5.8395 1.2687 13.2495 2.9594 0.0061
Car 0.0000 0 -2.0349 561.9741 163.9916 607.0028 187.8780 1.6918 1.6796 4.0787 -1.5536 0.5238 52.2665 -2.0626 0.0061
Car 0.0000 0 -1.6635 0.0000 0.0000 1224.0000 370.0000 1.5233 1.5572 3.7814 12.4115 1.0006 -0.2126 -0.1003 0.0061
Car 0.0000 0 2.4885 0.0000 181.4808 35.1895 239.3120 1.5275 1.6172 3.8698 -19.3444 1.5607 20.7866 1.7484 0.0060
Car 0.0000 0 2.0175 699.1129 162.2553 780.1871 202.2939 1.4650 1.6186 3.8997 5.3552 0.7989 27.9146 2.2068 0.0060
Car 0.0000 0 -1.4858 0.0000 0.0000 1224.0000 370.0000 1.6878 1.6879 4.2241 21.3450 0.7370 -0.0029 0.0713 0.0060
Car 0.0000 0 1.8287 0.0000 177.3566 22.1380 238.1539 1.5276 1.7496 4.6316 -18.4581 1.4503 20.2212 1.0984 0.0060
Car 0.0000 0 -1.7276 1196.8796 156.5785 1224.0000 217.1609 1.5798 1.6466 3.8542 18.5119 0.9576 20.4983 -0.9992 0.0060
Car 0.0000 0 0.7567 0.0000 0.0000 1224.0000 370.0000 1.5906 1.6136 3.7641 11.9120 0.8759 1.4533 2.1808 0.0060
Car 0.0000 0 -2.5787 0.0000 0.0000 1224.0000 370.0000 1.5258 1.5790 3.8185 11.3349 0.8240 0.4149 -1.0717 0.0060
Car 0.0000 0 -1.5356 582.1048 165.5802 606.6813 188.1801 1.6158 1.6800 4.0960 -0.7462 0.5504 52.6116 -1.5479 0.0059
Car 0.0000 0 1.6737 0.0000 179.7230 30.4340 238.7204 1.5239 1.6551 4.0936 -17.8832 1.5054 20.4109 0.9636 0.0059
Car 0.0000 0 -1.5860 0.0000 0.0000 1224.0000 370.0000 1.6022 1.6838 3.8410 20.0797 0.6893 -0.0708 -0.0264 0.0059
Car 0.0000 0 -1.7182 574.9451 165.1683 605.5117 187.9652 1.6228 1.6892 4.0668 -1.1289 0.5327 52.4725 -1.7378 0.0059
Car 0.0000 0 1.6352 0.0000 177.6050 18.3725 235.8179 1.4945 1.6881 4.1299 -18.0780 1.4218 20.2995 0.9172 0.0059
Cyclist 0.0000 0 -2.8134 0.0000 0.0000 1224.0000 370.0000 1.8478 0.4148 1.8710 7.2361 1.4109 0.8525 -1.4022 0.0059
Car 0.0000 0 2.0742 0.0000 178.4835 23.9188 238.4176 1.5596 1.5934 4.0137 -18.9750 1.5087 20.5302 1.3376 0.0059
Car 0.0000 0 3.7624 0.0000 182.3490 113.5797 224.0436 1.4600 1.7230 4.1154 -20.6363 1.5315 25.7934 3.0954 0.0058
Car 0.0000 0 3.4393 0.0000 0.0000 1224.0000 370.0000 1.5224 1.5332 3.5352 -8.2115 1.4829 0.1506 1.9278 0.0058
Car 0.0000 0 3.6387 0.0000 181.7742 112.5138 222.5358 1.4351 1.6125 3.7178 -20.6472 1.4856 26.0584 2.9763 0.0058
Car 0.0000 0 -2.6969 0.0000 0.0000 1224.0000 370.0000 1.5954 1.7539 4.0744 20.5320 0.5844 0.7688 -1.1779 0.0058
Car 0.0000 0 -0.8159 0.0000 189.8638 131.1194 245.3495 1.4876 1.6169 3.8431 -16.7518 1.8019 21.6194 -1.4665 0.0058
Car 0.0000 0 1.8687 0.0000 171.9441 31.4730 205.8866 1.4842 1.5723 3.7254 -28.3586 1.1115 32.9329 1.1644 0.0057
Car 0.0000 0 1.6643 579.1276 169.0258 605.8363 191.4802 1.5824 1.5884 3.9901 -0.8752 0.7751 51.8729 1.6493 0.0057
Car 0.0000 0 3.5222 0.0000 170.9154 22.8090 205.3947 1.4753 1.7252 3.9656 -28.9503 1.0666 31.7406 2.7896 0.0057
Car 0.0000 0 0.3256 0.0000 174.8061 126.8321 212.7163 1.4975 1.6969 4.1464 -22.5827 1.2740 29.3856 -0.3226 0.0057
Car 0.0000 0 -4.6623 0.0000 0.0000 1224.0000 370.0000 1.6021 1.5848 3.4573 19.6505 0.6425 -0.0594 -3.1036 0.0056
Car 0.0000 0 -4.4437 0.0000 0.0000 1224.0000 370.0000 1.4155 1.6593 3.6758 10.4489 1.3987 0.2066 -2.9221 0.0056
Car 0.0000 0 1.9993 304.1374 186.3904 417.6479 242.4702 1.4486 1.6007 4.0165 -7.0555 1.6407 20.7785 1.6782 0.0055
Car 0.0000 0 2.7997 0.0000 0.0000 1224.0000 370.0000 1.5250 1.6582 4.2920 -26.7942 1.7730 1.6957 1.3057 0.0055
Car 0.0000 0 1.9204 0.0000 173.8934 42.2819 208.7267 1.5404 1.5761 3.9625 -28.3566 1.2497 33.3935 1.2229 0.0055
Car 0.0000 0 2.0854 0.0000 177.3869 25.4417 237.8928 1.5677 1.5992 4.1322 -18.9643 1.4886 20.5060 1.3485 0.0055
Car 0.0000 0 2.2313 844.1200 177.2249 1024.5004 253.0750 1.3530 1.5126 3.3800 6.5242 1.2963 14.0621 2.6588 0.0054
Car 0.0000 0 -1.2850 789.5255 155.4360 833.4854 182.0184 1.6859 1.7425 4.0217 13.7674 0.0976 47.0007 -1.0000 0.0054
Car 0.0000 0 1.4894 675.5993 162.2540 725.1689 202.3174 1.5247 1.6606 4.2878 3.8254 0.8318 29.0863 1.6206 0.0054
Car 0.0000 0 1.1408 0.0000 180.9360 51.0734 231.6930 1.4889 1.5520 4.0247 -19.5591 1.5052 22.3057 0.4297 0.0054
Pedestrian 0.0000 0 0.7691 34.5773 180.2587 79.8381 258.0145 1.5742 0.4481 0.5945 -11.3258 1.5709 14.5676 0.1205 0.0054
Car 0.0000 0 1.8733 0.0000 175.3538 53.1205 219.6299 1.5448 1.6359 4.1535 -22.7256 1.3668 26.8960 1.1793 0.0053
Car 0.0000 0 -2.7915 0.0000 0.0000 1224.0000 370.0000 1.3956 1.5386 3.8051 9.5887 1.3611 0.1717 -1.2708 0.0053
Car 0.0000 0 0.7861 0.0000 0.0000 1224.0000 370.0000 1.5561 1.5899 3.6595 11.6383 0.9320 1.2377 2.2250 0.0053
Car 0.0000 0 -0.7824 0.0000 170.6541 26.4730 206.8261 1.5322 1.6878 3.3692 -28.2284 1.1166 31.6818 -1.5035 0.0053
Car 0.0000 0 -1.7480 1204.7839 154.5716 1224.0000 217.7719 1.6375 1.6849 4.2301 18.8982 0.9673 20.5535 -1.0106 0.0052
Car 0.0000 0 -1.7121 1198.8306 156.3756 1224.0000 216.8306 1.5748 1.6528 3.8334 18.5116 0.9480 20.4667 -0.9830 0.0052
Car 0.0000 0 1.1154 683.0591 159.1921 769.8857 201.7443 1.5275 1.7408 3.9859 4.6046 0.7641 27.5342 1.2812 0.0052
Car 0.0000 0 3.8099 0.0000 187.0850 42.4673 237.9128 1.4990 1.6766 4.3095 -20.4870 1.7156 22.0915 3.0709 0.0052
Car 0.0000 0 2.0143 0.0000 177.9074 27.6296 240.3305 1.5804 1.7151 4.5043 -18.7464 1.5164 20.3001 1.2782 0.0052
Car 0.0000 0 2.5647 0.0000 0.0000 1224.0000 370.0000 1.5957 1.8136 4.6277 -24.4197 1.7594 1.6188 1.0748 0.0051
Car 0.0000 0 0.5433 0.0000 174.9364 126.0223 213.0107 1.5055 1.7308 4.1544 -22.3992 1.2870 29.0340 -0.1067 0.0051
Car 0.0000 0 -1.7912 547.9272 159.3714 604.4302 196.4654 1.6111 1.7576 4.1599 -1.4319 0.6949 32.9415 -1.8323 0.0051
Car 0.0000 0 1.9545 0.0000 172.2228 9.0417 226.4232 1.6249 1.7347 4.2888 -21.8552 1.3783 23.5043 1.2140 0.0051
Cyclist 0.0000 0 0.7631 0.0000 0.0000 1224.0000 370.0000 1.6891 0.5610 1.8177 1.1387 1.6631 0.3693 1.7890 0.0051
Car 0.0000 0 4.6765 0.0000 0.0000 1224.0000 370.0000 1.4747 1.6403 3.8131 -30.0054 1.9779 -0.0484 3.1164 0.0051
Car 0.0000 0 1.8888 0.0000 173.6454 38.4353 208.5927 1.5417 1.5752 3.8800 -28.3725 1.2408 33.2801 1.1893 0.0051
Car 0.0000 0 -4.4015 0.0000 0.0000 1224.0000 370.0000 1.3796 1.5383 3.4111 10.5086 1.2938 0.2655 -2.8852 0.0050
Car 0.0000 0 3.4225 0.0000 0.0000 1224.0000 370.0000 1.4895 1.5860 4.0435 -21.4036 1.7679 1.4934 1.9379 0.0050
Car 0.0000 0 3.4089 0.0000 0.0000 1224.0000 370.0000 1.4569 1.6015 4.3023 -21.1235 1.6797 1.8382 1.9416 0.0050
Car 0.0000 0 -1.6566 1204.9893 153.8315 1224.0000 215.7123 1.6153 1.6631 3.8967 18.6143 0.9208 20.5084 -0.9256 0.0050
Car 0.0000 0 -1.6656 0.0000 0.0000 1224.0000 370.0000 1.5388 1.5790 3.6745 12.2553 1.0445 -0.1209 -0.1100 0.0049
Car 0.0000 0 1.8532 0.0000 171.7960 34.6880 205.8926 1.4999 1.5731 3.8145 -28.3730 1.1185 33.1608 1.1520 0.0049
Car 0.0000 0 2.9036 0.0000 0.0000 1224.0000 370.0000 1.5340 1.6900 4.1741 -26.8877 1.7283 1.9191 1.4176 0.0049
Car 0.0000 0 -0.7934 0.0000 190.6517 129.1183 242.7447 1.4405 1.4750 3.1921 -16.7033 1.7804 21.8815 -1.4368 0.0049
Car 0.0000 0 1.6341 0.0000 176.5950 12.2904 237.4176 1.5360 1.7383 4.4734 -18.1676 1.4389 20.1497 0.9100 0.0049
Car 0.0000 0 4.2196 0.0000 0.0000 1224.0000 370.0000 1.4770 1.5337 4.2701 -8.5860 1.4912 -0.1972 2.6652 0.0049
Car 0.0000 0 -1.4171 788.3894 158.3831 822.8867 183.0862 1.5755 1.6494 3.8215 13.4212 0.1663 47.1688 -1.1398 0.0048
Car 0.0000 0 -2.4703 0.0000 0.0000 1224.0000 370.0000 1.4586 1.4895 3.4755 12.0055 0.8235 1.3332 -1.0353 0.0048
Car 0.0000 0 1.9130 0.0000 177.1038 8.4198 226.8017 1.5294 1.6438 3.7149 -21.8616 1.4265 23.7847 1.1782 0.0048
Car 0.0000 0 1.8942 298.8442 188.5422 397.9708 244.2761 1.4422 1.5772 3.8175 -7.4360 1.7018 20.7638 1.5568 0.0048
Car 0.0000 0 1.0373 0.0000 172.4398 33.1796 205.6614 1.4704 1.6144 3.9237 -28.6818 1.1151 32.6790 0.3236 0.0048
Car 0.0000 0 1.7526 0.0000 177.1698 51.7864 219.8577 1.4909 1.6181 4.2653 -22.5466 1.3761 26.9461 1.0634 0.0048
Car 0.0000 0 -1.6711 774.6293 157.1411 808.9092 184.8244 1.7831 1.8059 4.3525 12.5813 0.2799 47.8275 -1.4137 0.0047
Car 0.0000 0 1.7054 0.0000 176.6127 49.7892 219.8296 1.5148 1.6418 4.1524 -22.5407 1.3801 26.9757 1.0168 0.0047
Car 0.0000 0 0.2319 551.4802 161.9625 642.3425 197.6612 1.5894 1.6446 3.9306 -0.3686 0.7655 32.7098 0.2226 0.0047
Car 0.0000 0 1.0524 1207.6198 156.3146 1224.0000 218.9866 1.4615 1.5193 3.9464 17.8622 0.8991 18.5803 1.8112 0.0047
Car 0.0000 0 0.7187 0.0000 0.0000 1224.0000 370.0000 1.6182 1.6272 3.8385 11.6876 0.8924 1.2132 2.1601 0.0047
Car 0.0000 0 -2.4801 0.0000 0.0000 1224.0000 370.0000 1.5715 1.6421 3.7677 11.4705 0.7867 0.8260 -1.0079 0.0047
Car 0.0000 0 1.7099 0.0000 176.5114 49.5340 219.5036 1.5085 1.6243 4.1157 -22.5541 1.3701 26.9828 1.0213 0.0047
Car 0.0000 0 -1.6257 786.0378 158.7765 814.9529 183.4167 1.5826 1.6528 3.9004 13.0901 0.1887 47.4876 -1.3566 0.0047
Car 0.0000 0 1.7224 0.0000 179.4184 53.4567 222.5803 1.5156 1.6005 4.0668 -22.4096 1.4791 26.9800 1.0368 0.0047
Car 0.0000 0 2.1261 0.0000 176.4297 88.3509 214.4196 1.5098 1.5801 3.7545 -23.9829 1.3495 30.0481 1.4594 0.0047
Car 0.0000 0 -4.3191 0.0000 0.0000 1224.0000 370.0000 1.4119 1.6396 3.6944 10.1007 1.3895 0.3388 -2.8123 0.0046
Cyclist 0.0000 0 -0.8700 226.3880 176.6276 302.7863 253.7674 1.5097 0.4085 1.7251 -7.0879 1.4355 14.7186 -1.3086 0.0046
Car 0.0000 0 -1.3514 0.0000 0.0000 1224.0000 370.0000 1.5549 1.7373 3.7895 20.6743 0.6644 -0.2346 0.2164 0.0046
Car 0.0000 0 -2.3605 0.0000 189.0163 130.0693 236.3891 1.4258 1.5645 4.1256 -17.7609 1.7130 22.6803 -3.0164 0.0046
Car 0.0000 0 -1.8297 545.5363 159.4991 604.4710 197.0045 1.6234 1.7547 4.0170 -1.4778 0.7159 32.7784 -1.8724 0.0046
Car 0.0000 0 1.6823 0.0000 177.9534 51.7656 222.5552 1.5636 1.6566 4.2428 -22.4516 1.4759 27.0136 0.9964 0.0046
Car 0.0000 0 -1.5427 0.0000 0.0000 1224.0000 370.0000 1.5861 1.6863 3.6704 20.5269 0.6873 -0.0171 0.0145 0.0045
Car 0.0000 0 -2.6878 0.0000 0.0000 1224.0000 370.0000 1.6194 1.6507 3.8941 20.6647 0.6275 1.2425 -1.1912 0.0045
Car 0.0000 0 3.4475 0.0000 168.6481 16.6520 204.8036 1.5320 1.7433 3.9872 -29.0986 1.0313 31.5800 2.7098 0.0045
Car 0.0000 0 -1.6937 0.0000 0.0000 1224.0000 370.0000 1.5603 1.5722 3.7586 11.8802 1.0562 -0.2511 -0.1277 0.0045
Car 0.0000 0 1.6945 0.0000 179.1343 52.3607 221.8862 1.5073 1.5907 3.9824 -22.4179 1.4607 27.0327 1.0097 0.0044
Car 0.0000 0 -1.6683 0.0000 0.0000 1224.0000 370.0000 1.5179 1.5686 3.6945 12.4822 1.0533 -0.0875 -0.1150 0.0044
Car 0.0000 0 1.4023 786.4556 159.7596 824.6649 184.7847 1.5733 1.7443 4.1376 13.1612 0.2707 46.5975 1.6776 0.0044
Car 0.0000 0 3.5197 0.0000 0.0000 1224.0000 370.0000 1.4470 1.5478 4.1219 -21.0967 1.7268 1.8693 2.0540 0.0043
Car 0.0000 0 1.6380 0.0000 177.2756 51.1649 221.5232 1.5495 1.6497 4.4736 -22.4022 1.4381 27.0573 0.9540 0.0043
Car 0.0000 0 -2.3217 0.0000 0.0000 1224.0000 370.0000 1.5202 1.6765 3.6636 11.4882 0.8216 0.4526 -0.8171 0.0043
Car 0.0000 0 2.0791 0.0000 174.2385 56.7799 208.9178 1.5409 1.5744 3.9283 -28.0088 1.2642 33.4854 1.3890 0.0043
Car 0.0000 0 1.7167 692.4044 162.9095 743.6006 201.1778 1.4374 1.5374 3.5436 4.5808 0.7782 28.4735 1.8763 0.0043
Car 0.0000 0 -1.9019 541.6373 158.5199 606.5065 195.9828 1.5942 1.7135 4.1091 -1.5053 0.6604 32.3092 -1.9461 0.0043
Car 0.0000 0 1.9949 0.0000 175.1285 13.6621 229.1729 1.6089 1.7214 4.3642 -21.6893 1.4505 23.3848 1.2557 0.0043
Car 0.0000 0 3.7463 0.0000 181.0278 116.6087 222.0809 1.4470 1.6524 3.9610 -20.4824 1.4685 25.8784 3.0845 0.0043
Car 0.0000 0 -1.7109 0.0000 0.0000 1224.0000 370.0000 1.5187 1.6141 3.6621 12.1452 1.1744 0.0693 -0.1711 0.0043
Car 0.0000 0 -1.5935 0.0000 0.0000 1224.0000 370.0000 1.5955 1.4596 3.2572 5.4956 1.5532 -0.1987 -0.0439 0.0042
Car 0.0000 0 1.9311 0.0000 175.0697 61.4420 214.3715 1.5436 1.6036 3.8988 -24.7401 1.3318 29.8684 1.2463 0.0042
Cyclist 0.0000 0 -2.0817 1201.4169 181.0162 1224.0000 361.6611 1.5532 0.4273 1.8037 6.6507 1.5607 7.0064 -1.3433 0.0042
Car 0.0000 0 3.2107 0.0000 0.0000 1224.0000 370.0000 1.4326 1.5617 3.9465 -20.8201 1.6132 1.9630 1.7509 0.0042
Car 0.0000 0 2.0541 0.0000 175.6262 75.1773 214.3840 1.5305 1.5862 3.8082 -24.3823 1.3395 29.9363 1.3776 0.0042
Car 0.0000 0 -1.6402 783.1359 157.8417 813.5797 183.0664 1.6209 1.6899 4.0794 12.9719 0.1663 47.5947 -1.3740 0.0042
Car 0.0000 0 1.4821 0.0000 0.0000 1224.0000 370.0000 1.4502 1.6731 3.9703 9.9571 1.2470 0.7335 2.9486 0.0042
Car 0.0000 0 -1.8737 543.2743 158.9224 604.6323 195.0791 1.5566 1.7261 3.9305 -1.5163 0.6291 32.5767 -1.9178 0.0042
Car 0.0000 0 -2.8416 0.0000 0.0000 1224.0000 370.0000 1.6355 1.6012 3.2539 5.9229 1.5795 -0.1270 -1.3024 0.0041
Car 0.0000 0 -1.6290 0.0000 0.0000 1224.0000 370.0000 1.5629 1.6869 3.6045 20.2285 0.6713 -0.0683 -0.0695 0.0041
Car 0.0000 0 -1.4388 602.3810 158.8811 648.9123 194.1339 1.5300 1.6748 3.6543 0.9894 0.5932 32.6199 -1.4069 0.0041
Car 0.0000 0 -2.4060 0.0000 0.0000 1224.0000 370.0000 1.5492 1.6934 3.3415 11.5399 0.8237 0.7220 -0.9243 0.0041
Car 0.0000 0 -1.5395 828.5449 146.7718 863.0471 179.7342 1.7684 1.7344 4.2208 13.7644 -0.0448 40.3156 -1.2110 0.0041
Car 0.0000 0 -1.4079 601.2701 159.4207 649.5626 194.9105 1.5461 1.6590 3.6657 0.9840 0.6293 32.7559 -1.3762 0.0040
Car 0.0000 0 1.0200 0.0000 0.0000 1224.0000 370.0000 1.5572 1.4898 3.9749 -5.4463 1.6194 -0.2631 -0.5381 0.0040
Car 0.0000 0 3.3536 0.0000 169.1905 19.7518 204.4732 1.4904 1.6747 3.8745 -28.8005 1.0141 31.5517 2.6206 0.0040
Car 0.0000 0 -1.6018 562.6911 159.0311 602.7694 197.0090 1.6639 1.7424 4.1261 -1.1165 0.7248 33.0854 -1.6333 0.0040
Car 0.0000 0 -2.9759 0.0000 0.0000 1224.0000 370.0000 1.6110 1.5991 3.3058 6.0227 1.5980 -0.1081 -1.4393 0.0040
Car 0.0000 0 -1.3585 0.0000 0.0000 1224.0000 370.0000 1.6353 1.6814 3.9359 21.0112 0.6898 -0.0727 0.2017 0.0040
Car 0.0000 0 -3.0515 0.0000 0.0000 1224.0000 370.0000 1.5360 1.7072 4.0233 20.3947 0.6557 1.0950 -1.5488 0.0040
Car 0.0000 0 -1.5996 0.0000 0.0000 1224.0000 370.0000 1.6583 1.6670 4.0189 11.6159 0.8035 0.9743 -0.1388 0.0039
Pedestrian 0.0000 0 0.9985 32.8887 179.3199 78.9146 259.5317 1.6159 0.4961 0.6198 -11.3624 1.5937 14.5778 0.3487 0.0039
Car 0.0000 0 -1.7284 0.0000 0.0000 1224.0000 370.0000 1.4323 1.8120 4.2992 10.6333 1.4013 -0.1163 -0.1756 0.0039
Car 0.0000 0 -1.7509 0.0000 0.0000 1224.0000 370.0000 1.5449 1.6396 3.5112 5.3069 1.4202 -0.2136 -0.1994 0.0039
Car 0.0000 0 1.7067 0.0000 179.0542 46.4526 221.6949 1.4950 1.5759 4.0222 -22.5728 1.4458 26.9085 1.0162 0.0039
Car 0.0000 0 3.4267 0.0000 0.0000 1224.0000 370.0000 1.4588 1.5932 4.3071 -21.1818 1.6311 1.8407 1.9593 0.0039
Car 0.0000 0 -1.4979 681.6226 160.7055 728.6704 201.2353 1.5567 1.6323 4.1904 4.2010 0.7979 29.3726 -1.3554 0.0039
Car 0.0000 0 0.6759 0.0000 171.2151 34.1725 204.2069 1.4619 1.6961 4.0984 -28.8412 1.0519 32.2682 -0.0468 0.0039
Car 0.0000 0 -0.6005 0.0000 168.6972 18.7094 205.6143 1.5318 1.6031 3.3480 -28.2194 1.0436 31.1501 -1.3297 0.0039
Car 0.0000 0 -1.7105 605.6827 159.9346 653.6973 194.8448 1.4940 1.6808 3.6778 1.0458 0.6154 32.1710 -1.6763 0.0038
Car 0.0000 0 -2.4307 0.0000 183.3425 118.6875 223.7862 1.4196 1.6898 4.0539 -20.4151 1.5290 25.8926 -3.0906 0.0038
Car 0.0000 0 -0.7548 0.0000 189.5579 129.2425 247.0235 1.5099 1.6697 4.0422 -16.8108 1.8126 21.3705 -1.4125 0.0038
Car 0.0000 0 1.4200 605.1621 161.7072 655.1260 196.8743 1.4693 1.6764 3.7166 1.0383 0.6856 31.4798 1.4546 0.0038
Car 0.0000 0 -1.5836 562.0984 159.1335 602.2467 196.3036 1.6271 1.7590 4.0465 -1.1089 0.6933 33.0062 -1.6149 0.0038
Car 0.0000 0 2.4449 0.0000 0.0000 1224.0000 370.0000 1.5823 1.8083 4.6215 -24.0755 1.7614 1.9946 0.9717 0.0038
Car 0.0000 0 -1.9798 588.4211 159.8888 651.6476 195.1424 1.5224 1.6625 3.4454 0.6143 0.6338 32.4368 -1.9591 0.0038
Car 0.0000 0 2.7912 573.2259 161.2121 686.2731 199.3282 1.4684 1.6671 4.2717 0.9707 0.7268 28.6875 2.8266 0.0038
Car 0.0000 0 -1.7311 0.0000 0.0000 1224.0000 370.0000 1.4726 1.5176 3.7900 12.4893 1.0785 -0.0808 -0.1783 0.0038
Cyclist 0.0000 0 1.6332 589.4266 169.4926 601.9849 193.9605 1.7405 0.7973 1.8063 -0.6594 0.9588 51.2130 1.6221 0.0038
Car 0.0000 0 1.5973 0.0000 0.0000 1224.0000 370.0000 1.3962 1.7204 3.9596 9.1942 1.6062 -0.0146 3.1361 0.0038
Car 0.0000 0 -1.6211 787.6719 159.2392 815.8489 183.5378 1.5591 1.6242 3.7730 13.1473 0.1963 47.3798 -1.3503 0.0037
Car 0.0000 0 -1.1551 465.6177 162.3949 573.3201 224.3148 1.6498 1.7122 3.9280 -2.4465 1.1690 20.9635 -1.2677 0.0037
Car 0.0000 0 -2.4889 1104.8472 162.2493 1224.0000 219.7950 1.4890 1.7085 4.2658 17.1552 1.0184 20.5613 -1.7995 0.0037
Car 0.0000 0 1.9996 0.0000 175.4459 15.8039 227.3165 1.5592 1.7089 4.2360 -21.7057 1.4088 23.5257 1.2629 0.0037
Car 0.0000 0 2.0381 0.0000 174.3807 53.3797 209.1776 1.5401 1.5645 3.9292 -28.0149 1.2708 33.3787 1.3463 0.0037
Car 0.0000 0 2.1440 0.0000 175.7432 85.8180 213.1841 1.4849 1.5228 3.7026 -24.0045 1.2978 29.9523 1.4754 0.0037
Car 0.0000 0 1.8646 0.0000 174.8149 50.5487 219.7159 1.5582 1.5854 4.2125 -22.6959 1.3624 26.7795 1.1691 0.0037
Cyclist 0.0000 0 -0.0025 0.0000 0.0000 1224.0000 370.0000 1.5171 0.3979 1.6405 -9.0486 1.5460 0.7998 -1.4481 0.0037
Car 0.0000 0 -0.1513 638.7242 165.3635 743.5133 202.3834 1.5056 1.6772 4.1543 3.5337 0.8915 29.6563 -0.0322 0.0036
Car 0.0000 0 2.6450 0.0000 0.0000 1224.0000 370.0000 1.6381 1.7901 4.8580 -24.3980 1.7170 2.0378 1.1722 0.0036
Pedestrian 0.0000 0 1.4729 92.1847 177.0412 126.2466 265.0959 1.5610 0.4578 0.6119 -9.1022 1.5013 12.9106 0.8722 0.0036
Car 0.0000 0 -1.7745 1208.3553 150.5371 1224.0000 215.7140 1.6963 1.6866 4.1335 19.1037 0.9180 20.6032 -1.0329 0.0036
Car 0.0000 0 2.0389 0.0000 172.1907 50.8058 206.0286 1.4948 1.5535 3.8062 -28.0078 1.1292 33.2569 1.3455 0.0036
Car 0.0000 0 2.4196 0.0000 0.0000 1224.0000 370.0000 1.6289 1.7839 4.8903 -24.1127 1.7359 2.3414 0.9605 0.0035
Car 0.0000 0 2.2183 0.0000 174.5305 67.9365 208.9959 1.5346 1.5600 3.9598 -27.6833 1.2703 33.4842 1.5338 0.0035
Car 0.0000 0 1.9786 0.0000 173.9031 15.2899 229.4035 1.6565 1.7250 4.3587 -21.6441 1.4611 23.4387 1.2415 0.0035
Car 0.0000 0 2.1579 0.0000 177.8443 39.9598 239.0014 1.5713 1.7070 4.4580 -18.7922 1.5047 20.4904 1.4251 0.0035
Car 0.0000 0 2.3827 0.0000 168.1150 11.4797 208.0951 1.5934 1.7029 4.1454 -28.1399 1.1013 30.3021 1.6414 0.0035
Car 0.0000 0 -3.1375 0.0000 0.0000 1224.0000 370.0000 1.4974 1.5394 3.0830 5.9772 1.5296 -0.1685 -1.5912 0.0034
Car 0.0000 0 1.8065 0.0000 179.0929 44.7942 222.0200 1.4958 1.5534 4.0366 -22.7530 1.4483 26.7850 1.1099 0.0034
Pedestrian 0.0000 0 3.6472 92.3423 176.2141 146.2611 266.9169 1.5834 0.4115 0.6760 -8.6743 1.5102 12.5713 3.0567 0.0034
Car 0.0000 0 -2.5646 0.0000 0.0000 1224.0000 370.0000 1.5056 1.6390 3.0640 11.7478 0.7567 0.7386 -1.0827 0.0034
Car 0.0000 0 1.2196 1165.5966 153.9160 1224.0000 253.8149 1.4953 1.6039 3.9990 11.7611 1.0990 12.7326 1.9546 0.0034
Car 0.0000 0 3.4425 0.0000 0.0000 1224.0000 370.0000 1.4771 1.6432 4.2864 -21.1474 1.7184 2.0880 1.9868 0.0034
Car 0.0000 0 1.4098 0.0000 0.0000 1224.0000 370.0000 1.6037 1.4558 4.1635 -5.5098 1.7517 -0.1054 -0.1199 0.0034
Car 0.0000 0 1.0134 680.9891 157.8564 781.2859 203.6251 1.6148 1.8293 4.2261 4.7216 0.8174 27.2432 1.1849 0.0034
Car 0.0000 0 2.0126 0.0000 170.2790 15.6884 227.4123 1.7043 1.7752 4.4978 -21.8123 1.4010 23.4966 1.2729 0.0034
Car 0.0000 0 1.0153 681.5767 158.2243 784.8467 204.9907 1.6355 1.9004 4.2798 4.7635 0.8580 27.0612 1.1894 0.0033
Car 0.0000 0 1.1156 0.0000 182.8551 35.0657 234.5469 1.5182 1.6571 3.5668 -20.0756 1.5990 22.3406 0.3924 0.0033
Car 0.0000 0 1.9922 0.0000 177.5790 71.9036 237.1081 1.5259 1.7726 4.6473 -17.6469 1.4526 20.5963 1.2932 0.0032
Car 0.0000 0 -0.7437 0.0000 166.4793 13.1380 205.7617 1.5880 1.6535 3.8703 -28.1684 1.0227 30.5795 -1.4811 0.0032
Car 0.0000 0 3.7407 0.0000 183.2654 114.2512 225.2109 1.4587 1.6253 3.9743 -20.4144 1.5643 25.6486 3.0761 0.0032
Car 0.0000 0 1.4491 0.0000 0.0000 1224.0000 370.0000 1.4574 1.5664 3.6172 11.5324 1.2020 0.0055 2.9928 0.0032
Car 0.0000 0 -1.6272 601.1088 160.9047 641.2845 196.1022 1.5366 1.6527 3.5507 0.6807 0.6826 32.6648 -1.6046 0.0032
Car 0.0000 0 -1.5685 0.0000 0.0000 1224.0000 370.0000 1.5912 1.7174 3.7470 11.8520 0.8293 0.8904 -0.0985 0.0032
Car 0.0000 0 -1.3473 560.1538 159.2788 615.2701 196.0318 1.6103 1.7242 4.0217 -0.7573 0.6820 33.1170 -1.3680 0.0032
Car 0.0000 0 -0.6529 1208.9846 161.2892 1224.0000 258.9151 1.4186 1.6454 3.9487 12.4861 1.1411 11.4057 0.1654 0.0032
Car 0.0000 0 -1.6928 818.0385 145.4687 859.7267 179.2242 1.8276 1.7539 4.3244 13.4035 -0.0763 40.7419 -1.3753 0.0031
Car 0.0000 0 2.0095 0.0000 165.6523 16.1303 226.8834 1.8226 1.7635 4.6296 -21.8286 1.3822 23.5133 1.2697 0.0031
Car 0.0000 0 -3.2159 0.0000 0.0000 1224.0000 370.0000 1.5457 1.6297 3.4469 20.4242 0.5111 0.1766 -1.6683 0.0031
Car 0.0000 0 -0.0185 0.0000 0.0000 1224.0000 370.0000 1.6308 1.6287 3.6780 20.1496 0.7027 -0.0559 1.5404 0.0031
Car 0.0000 0 2.2702 0.0000 166.8231 40.1023 232.3426 1.6930 1.7899 4.5297 -19.1048 1.3412 20.5635 1.5311 0.0031
Car 0.0000 0 0.1761 680.3273 160.5820 789.6172 201.3793 1.5097 1.7769 3.9604 5.0762 0.7742 27.6841 0.3572 0.0031
Car 0.0000 0 1.5104 699.8520 161.5373 748.0171 201.3085 1.4623 1.6312 3.9485 4.6237 0.7666 28.0399 1.6739 0.0031
Car 0.0000 0 3.0130 523.3987 160.9604 618.6414 194.7760 1.4687 1.6997 4.1084 -1.5845 0.6215 31.8994 2.9658 0.0031
Car 0.0000 0 -0.7022 1171.3330 154.7140 1224.0000 219.1403 1.6079 1.7140 5.0106 18.1685 0.9659 18.6540 0.0631 0.0031
Car 0.0000 0 2.6774 0.0000 0.0000 1224.0000 370.0000 1.4461 1.7308 4.3870 -24.3013 1.7796 1.4748 1.1820 0.0031
Car 0.0000 0 2.7392 521.7777 158.5123 616.2263 194.2863 1.5115 1.6906 3.8440 -1.6168 0.5840 31.4680 2.6903 0.0030
Car 0.0000 0 3.5663 0.0000 0.0000 1224.0000 370.0000 1.4944 1.6304 4.5005 -21.3167 1.6500 2.1810 2.1141 0.0030
Car 0.0000 0 2.2215 0.0000 171.9817 64.8844 205.5088 1.4912 1.5251 3.8242 -27.6933 1.1138 33.3815 1.5354 0.0030
Car 0.0000 0 -1.3867 1176.0513 160.0620 1224.0000 219.7361 1.4409 1.6424 4.0713 16.9037 0.9490 18.9703 -0.6655 0.0030
Car 0.0000 0 1.5271 639.6478 165.6239 686.5569 207.2458 1.4455 1.5711 3.8781 2.0882 0.9304 26.5164 1.6066 0.0030
Pedestrian 0.0000 0 2.3445 659.3906 163.2296 692.9572 240.3157 1.5898 0.3780 0.6229 1.4628 1.2352 14.9218 2.4420 0.0030
Car 0.0000 0 -0.4444 1222.4248 149.1926 1224.0000 264.9239 1.5215 1.6780 4.3270 12.5584 1.1116 10.9036 0.3986 0.0030
Car 0.0000 0 1.7061 554.8100 160.9164 602.6934 196.6955 1.4948 1.6661 3.4306 -1.1280 0.6781 31.3263 1.6725 0.0030
Car 0.0000 0 -0.5796 0.0000 187.9090 130.7661 248.3633 1.5281 1.7973 4.6248 -16.9497 1.7752 20.9514 -1.2508 0.0030
Car 0.0000 0 1.2775 661.1318 162.8440 730.7502 202.3783 1.4967 1.6272 4.3618 3.6151 0.8298 29.0489 1.4018 0.0030
Car 0.0000 0 0.5468 0.0000 187.3776 109.7932 228.8695 1.4371 1.6238 3.6733 -20.5748 1.7000 25.8449 -0.1180 0.0029
Car 0.0000 0 3.4210 0.0000 0.0000 1224.0000 370.0000 1.4392 1.5698 4.2042 -21.3819 1.7377 1.7174 1.9469 0.0029
Car 0.0000 0 -3.1182 555.6538 161.5205 638.0726 195.7618 1.5253 1.6427 3.6753 -0.3724 0.6813 32.3385 -3.1277 0.0029
Car 0.0000 0 -1.8636 794.3052 145.6489 850.6469 178.9920 1.8251 1.9271 4.4076 12.5494 -0.0910 41.1040 -1.5675 0.0029
Car 0.0000 0 -1.4947 0.0000 0.0000 1224.0000 370.0000 1.6320 1.6922 4.1806 12.2971 0.8746 0.4434 0.0152 0.0029
Car 0.0000 0 -0.0811 0.0000 164.0166 22.3854 203.6333 1.6639 1.7635 3.6677 -28.5789 0.9731 31.6266 -0.8090 0.0029
Cyclist 0.0000 0 1.9000 591.5063 169.5952 607.9919 193.3786 1.6928 0.6614 1.7577 -0.3661 0.9179 51.2589 1.8946 0.0029
Car 0.0000 0 -1.6707 821.8641 150.3643 860.0305 181.4218 1.6823 1.6667 4.0089 13.4283 0.0513 40.4314 -1.3505 0.0029
Car 0.0000 0 -0.6167 1204.1829 163.0836 1224.0000 262.9098 1.4497 1.6768 3.7611 12.3503 1.1984 11.4486 0.1943 0.0029
Car 0.0000 0 -1.8786 803.1893 145.5344 859.1224 178.5268 1.7994 1.8517 4.3232 13.0165 -0.1191 40.9794 -1.5713 0.0029
Car 0.0000 0 -1.6172 928.3173 166.9317 1039.5868 248.5313 1.5381 1.8943 4.7354 8.2681 1.2840 15.8699 -1.1434 0.0029
Car 0.0000 0 0.8831 1065.5966 163.5580 1224.0000 244.9768 1.4686 1.6841 4.4996 12.0843 1.1646 15.0132 1.5522 0.0029
Pedestrian 0.0000 0 0.0589 0.0000 167.3571 14.0325 252.7890 1.6716 0.4357 0.5139 -12.2296 1.4161 14.1581 -0.6407 0.0029
Car 0.0000 0 -1.5931 0.0000 0.0000 1224.0000 370.0000 1.5487 1.6238 3.6225 11.8936 0.7477 0.8133 -0.1164 0.0029
Car 0.0000 0 -2.9583 639.6108 167.9463 746.2398 204.3008 1.4288 1.6450 4.1396 3.6204 0.9369 29.1937 -2.8344 0.0029
Car 0.0000 0 -0.2537 605.6444 166.7181 712.1521 202.3237 1.4137 1.6602 4.1071 2.1735 0.8680 29.2491 -0.1785 0.0029
Cyclist 0.0000 0 -1.4400 0.0000 0.0000 1224.0000 370.0000 1.5844 0.6230 1.5101 9.5341 1.5099 -0.0160 0.1000 0.0029
Car 0.0000 0 2.5538 510.9979 157.2232 609.7567 194.6773 1.5417 1.6999 4.0598 -1.9388 0.5851 31.0013 2.4939 0.0029
Car 0.0000 0 1.8501 0.0000 178.6291 43.9285 223.5774 1.5530 1.5544 4.1896 -22.8006 1.4899 26.6535 1.1501 0.0029
Car 0.0000 0 -1.0587 463.8181 160.8334 578.2961 222.8189 1.6566 1.6459 3.9397 -2.4093 1.1326 21.0261 -1.1692 0.0029
Car 0.0000 0 -1.3959 766.4630 160.3204 803.2081 185.8197 1.6406 1.7414 3.9352 12.1564 0.3436 47.6377 -1.1458 0.0029
Car 0.0000 0 -1.0336 1194.9097 162.4117 1224.0000 254.2289 1.4111 1.6836 3.7698 12.4173 1.1348 12.1405 -0.2484 0.0028
Car 0.0000 0 2.5255 0.0000 0.0000 1224.0000 370.0000 1.5513 1.8201 4.5488 -24.1216 1.7342 1.8428 1.0459 0.0028
Car 0.0000 0 -0.7946 1192.5874 164.2113 1224.0000 256.8642 1.4308 1.6995 4.0618 12.4941 1.1809 11.7804 0.0083 0.0028
Car 0.0000 0 -2.0505 1081.1284 161.7380 1224.0000 242.3607 1.4931 1.7063 4.3489 12.3059 1.1472 15.3839 -1.3843 0.0028
Car 0.0000 0 -0.6956 1201.6309 159.1000 1224.0000 257.4492 1.4738 1.6794 3.7654 12.4353 1.1548 11.6336 0.1111 0.0028
Car 0.0000 0 -1.5205 0.0000 0.0000 1224.0000 370.0000 1.4886 1.8958 4.4418 10.4149 1.1965 0.9205 -0.0672 0.0028
Car 0.0000 0 0.6662 668.5678 159.3292 774.0864 202.7723 1.5760 1.7360 3.8058 4.4618 0.8095 27.6319 0.8264 0.0027
Car 0.0000 0 -0.7305 1201.8484 167.9469 1224.0000 260.0585 1.3946 1.6510 3.7384 12.4195 1.2062 11.6622 0.0743 0.0027
Car 0.0000 0 -1.6693 0.0000 0.0000 1224.0000 370.0000 1.5108 1.5801 3.4130 12.2099 1.0677 -0.0679 -0.1181 0.0027
Car 0.0000 0 2.7992 509.0044 158.4459 611.8496 194.8296 1.5328 1.7162 4.2290 -1.9966 0.6052 31.4008 2.7383 0.0027
Pedestrian 0.0000 0 -0.1072 0.0000 163.3775 14.1994 251.1481 1.7133 0.4526 0.5231 -12.2344 1.3807 14.1418 -0.8075 0.0027
Car 0.0000 0 -0.0657 622.1891 159.0991 698.8504 188.9599 1.6917 1.6817 4.3201 3.1591 0.4807 40.9185 0.0126 0.0027
Car 0.0000 0 0.5926 0.0000 183.5637 109.8640 224.4086 1.4268 1.6682 3.6079 -20.5080 1.5443 25.7984 -0.0713 0.0027
Car 0.0000 0 1.5498 0.0000 0.0000 1224.0000 370.0000 1.4794 1.7256 4.3613 10.0332 1.3108 0.7680 3.0137 0.0027
Car 0.0000 0 2.5631 600.4431 166.5215 710.7862 203.6038 1.4224 1.6909 4.2676 2.0686 0.8877 28.8905 2.6356 0.0027
Car 0.0000 0 -1.6109 560.4854 159.4508 601.9500 196.7256 1.6223 1.7591 4.1031 -1.1819 0.7076 32.8776 -1.6445 0.0027
Car 0.0000 0 -2.9905 0.0000 0.0000 1224.0000 370.0000 1.5288 1.6652 3.9313 20.4560 0.6208 0.7236 -1.4694 0.0026
Car 0.0000 0 -2.6466 212.5741 183.1659 386.2604 237.7884 1.4565 1.6422 4.2395 -8.5917 1.5372 19.9689 -3.0454 0.0026
Car 0.0000 0 -2.9200 0.0000 0.0000 1224.0000 370.0000 1.5402 1.5807 3.1458 5.9929 1.4953 -0.1888 -1.3702 0.0026
Pedestrian 0.0000 0 0.7595 531.9105 174.6196 573.9640 266.7150 1.6412 0.4926 0.5939 -0.9992 1.5380 12.9735 0.6862 0.0026
Car 0.0000 0 -0.5239 1217.5040 147.7915 1224.0000 261.1875 1.5611 1.6872 3.9713 12.4563 1.1125 11.1301 0.3051 0.0026
Car 0.0000 0 -1.3640 560.0923 160.6560 614.6860 198.1026 1.6438 1.7572 4.0607 -0.7734 0.7742 33.1903 -1.3852 0.0026
Car 0.0000 0 -1.6611 558.3718 158.5592 604.2898 194.8303 1.5705 1.7618 4.0373 -1.1750 0.6219 32.7210 -1.6947 0.0026
Car 0.0000 0 -0.8773 1120.3500 162.1524 1224.0000 223.3200 1.5364 1.7335 4.3121 16.4261 1.0771 18.9743 -0.1705 0.0026
Car 0.0000 0 0.1136 628.2683 169.6267 728.2725 203.8676 1.3619 1.6196 3.9700 3.0440 0.9309 29.3374 0.2177 0.0026
Car 0.0000 0 -3.1513 0.0000 0.0000 1224.0000 370.0000 1.4916 1.5315 3.0270 6.0098 1.6263 -0.0797 -1.6195 0.0026
Car 0.0000 0 -3.1670 0.0000 0.0000 1224.0000 370.0000 1.6827 1.7669 5.1196 19.9982 0.9128 1.7243 -1.6968 0.0026
Car 0.0000 0 -1.7862 1150.8783 168.6030 1224.0000 222.1593 1.3065 1.5217 3.6216 16.1502 1.0178 19.2008 -1.0934 0.0025
Car 0.0000 0 -1.5571 599.8077 160.7489 637.7030 196.1884 1.5608 1.6703 3.6682 0.6499 0.6924 32.9964 -1.5357 0.0025
Car 0.0000 0 2.5561 0.0000 183.7172 130.5405 242.8367 1.5111 1.7690 4.6201 -16.8420 1.6186 20.8064 1.8848 0.0025
Car 0.0000 0 -1.3923 561.0601 158.7791 613.6514 196.1617 1.6322 1.7517 4.0697 -0.7719 0.6853 33.0127 -1.4136 0.0025
Car 0.0000 0 1.9678 0.0000 167.9459 10.9440 228.0898 1.8028 1.7616 4.5372 -21.9850 1.4280 23.6212 1.2267 0.0025
Car 0.0000 0 -2.3039 0.0000 182.3695 110.4572 222.7705 1.3937 1.5293 3.8872 -20.2583 1.4658 25.5800 -2.9659 0.0025
Car 0.0000 0 -0.6567 885.2558 172.8724 1103.9250 245.5179 1.3981 1.6663 3.7730 8.0028 1.2529 14.7368 -0.1665 0.0025
Car 0.0000 0 1.7233 553.7128 159.5375 602.2451 196.4225 1.5140 1.6006 3.4650 -1.1431 0.6551 30.8324 1.6885 0.0025
Car 0.0000 0 -0.3418 0.0000 164.3984 19.9478 204.0693 1.6371 1.7884 3.5882 -28.4132 0.9741 31.1763 -1.0740 0.0025
Car 0.0000 0 -3.0108 0.0000 0.0000 1224.0000 370.0000 1.5066 1.5534 3.3002 5.9353 1.4378 -0.0654 -1.4821 0.0025
Car 0.0000 0 -1.5815 777.3777 158.0909 806.9456 185.4217 1.7641 1.8537 4.2868 12.6608 0.3190 47.9386 -1.3231 0.0025
Car 0.0000 0 -0.2166 0.0000 164.7692 21.1776 203.9224 1.6206 1.7710 3.6797 -28.4446 0.9710 31.2723 -0.9478 0.0025
Car 0.0000 0 -0.5264 1219.0422 152.6127 1224.0000 266.2407 1.5564 1.6806 3.9341 12.4062 1.1761 11.0693 0.3033 0.0025
Car 0.0000 0 -0.6245 1205.9143 155.8637 1224.0000 260.4928 1.5191 1.6821 3.7841 12.3885 1.1631 11.4414 0.1884 0.0024
Car 0.0000 0 -1.6498 823.5593 152.5195 860.0595 182.1746 1.6037 1.6472 4.1032 13.4749 0.0920 40.4198 -1.3285 0.0024
Car 0.0000 0 0.2607 561.1226 162.1440 654.1981 197.0209 1.5359 1.6723 3.9768 0.1225 0.7290 32.4613 0.2663 0.0024
Car 0.0000 0 -0.8909 1169.1564 159.5071 1224.0000 213.2414 1.3849 1.6166 3.9340 17.8471 0.8454 19.3141 -0.1515 0.0024
Pedestrian 0.0000 0 -0.0199 0.0000 186.1898 26.6678 266.4890 1.5639 0.4560 0.5403 -11.9876 1.6824 14.1640 -0.7095 0.0024
Car 0.0000 0 -2.0569 840.3867 166.2542 1016.1855 245.9889 1.5524 1.8599 4.0241 6.9641 1.2767 15.8391 -1.6483 0.0024
Car 0.0000 0 0.0125 613.1316 169.3158 720.4070 204.3187 1.4018 1.6043 4.3119 2.5324 0.9554 29.3225 0.0995 0.0024
Cyclist 0.0000 0 0.3158 0.0000 0.0000 1224.0000 370.0000 1.5488 0.3758 1.5609 -6.5794 1.5846 0.4309 -1.1391 0.0024
Car 0.0000 0 3.0401 513.6578 159.7923 611.3653 195.7040 1.5580 1.7479 4.2415 -1.9707 0.6611 31.8711 2.9809 0.0024
Car 0.0000 0 -3.2210 0.0000 0.0000 1224.0000 370.0000 1.5703 1.6584 3.5369 20.2312 0.5857 0.1517 -1.6723 0.0023
Car 0.0000 0 -1.5265 0.0000 0.0000 1224.0000 370.0000 1.6296 1.5685 3.9167 11.4823 0.9503 0.8255 -0.0541 0.0023
Car 0.0000 0 -3.2433 0.0000 0.0000 1224.0000 370.0000 1.7007 1.8291 5.3294 19.6468 0.9669 1.6884 -1.7731 0.0023
Car 0.0000 0 -0.3371 947.9914 172.6529 1191.5764 242.3208 1.5534 1.6967 4.6214 10.9781 1.3801 17.1062 0.2266 0.0023
Car 0.0000 0 -0.7501 0.0000 167.4892 13.2034 205.8402 1.5594 1.6879 3.7274 -28.1891 1.0319 30.6736 -1.4863 0.0023
Car 0.0000 0 -1.8455 1169.8138 164.5207 1224.0000 259.7699 1.4346 1.6733 3.7079 11.6449 1.1956 12.6768 -1.1133 0.0023
Car 0.0000 0 -1.6077 677.7285 161.0971 719.2875 200.2875 1.5571 1.5988 3.8576 3.8989 0.7877 30.0810 -1.4783 0.0023
Car 0.0000 0 -1.4809 767.9320 159.4178 800.7101 185.3556 1.6705 1.7758 4.2408 12.1722 0.3141 47.8266 -1.2315 0.0023
Car 0.0000 0 -0.5921 0.0000 167.8044 16.1649 205.3015 1.5455 1.6192 3.3898 -28.2243 1.0237 30.9781 -1.3241 0.0023
Car 0.0000 0 -3.2489 0.0000 0.0000 1224.0000 370.0000 1.5487 1.6144 3.3233 19.3161 0.6252 0.1966 -1.7037 0.0023
Car 0.0000 0 -1.6753 1141.0323 163.9867 1224.0000 218.7840 1.3828 1.6387 3.6957 16.2057 0.9677 19.8339 -0.9964 0.0022
Car 0.0000 0 -3.3101 0.0000 0.0000 1224.0000 370.0000 1.5032 1.7412 4.0761 20.1711 0.6227 1.1333 -1.8100 0.0022
Car 0.0000 0 -1.4750 0.0000 0.0000 1224.0000 370.0000 1.5716 1.7256 3.6684 12.1536 0.7553 0.7524 0.0088 0.0022
Car 0.0000 0 -3.2169 0.0000 0.0000 1224.0000 370.0000 1.5389 1.8649 4.6457 19.6612 0.6081 1.1690 -1.7205 0.0022
Car 0.0000 0 -2.5357 658.2922 161.7763 767.0484 203.6344 1.5342 1.7339 3.9554 4.1689 0.8494 27.8957 -2.3871 0.0022
Car 0.0000 0 1.0177 0.0000 0.0000 1224.0000 370.0000 1.7215 1.6119 3.9581 11.5656 0.9883 1.5246 2.4314 0.0022
Car 0.0000 0 -1.8072 797.0341 152.1000 847.4016 182.8740 1.6906 1.7890 4.4694 12.5464 0.1318 41.1215 -1.5114 0.0022
Pedestrian 0.0000 0 0.0335 0.0000 159.1604 0.8849 251.5488 1.7687 0.4336 0.4881 -12.2121 1.3618 13.8528 -0.6758 0.0022
Car 0.0000 0 -3.1563 0.0000 0.0000 1224.0000 370.0000 1.4737 1.5295 3.0901 6.0287 1.5491 -0.1119 -1.6190 0.0022
Car 0.0000 0 -2.9941 542.8227 163.3528 624.5767 194.9397 1.4018 1.6837 3.5371 -0.9592 0.6423 32.4220 -3.0214 0.0022
Car 0.0000 0 1.5400 0.0000 0.0000 1224.0000 370.0000 1.5452 1.5624 3.8424 11.9052 1.1943 0.0848 3.0779 0.0022
Car 0.0000 0 -1.0213 1187.2212 167.5773 1224.0000 256.9225 1.3824 1.6829 3.8759 12.3931 1.1841 12.2131 -0.2400 0.0022
Car 0.0000 0 -1.6043 665.8831 159.8668 709.0999 199.6510 1.6007 1.7057 4.0330 3.4773 0.7720 30.5220 -1.4902 0.0022
Car 0.0000 0 1.6242 561.2749 160.5974 603.4353 197.4271 1.5662 1.6935 3.9744 -0.9875 0.7213 32.0707 1.5957 0.0022
Car 0.0000 0 -1.9589 804.4824 152.5997 860.2166 181.6151 1.5895 1.6421 4.0464 13.0397 0.0625 40.8104 -1.6500 0.0021
Car 0.0000 0 -2.0920 1149.4060 160.7294 1224.0000 268.5550 1.5270 1.7617 4.1391 11.4798 1.2487 12.2209 -1.3492 0.0021
Car 0.0000 0 -2.6850 216.7562 185.5957 384.0312 239.9207 1.4458 1.6599 4.0172 -8.5421 1.5979 19.9375 -3.0824 0.0021
Car 0.0000 0 -1.9464 808.3585 153.7258 862.8913 182.3174 1.5536 1.5780 4.0601 13.1247 0.1002 40.4905 -1.6333 0.0021
Car 0.0000 0 -1.8454 1169.6475 161.0180 1224.0000 257.7719 1.4637 1.6663 3.7064 11.6741 1.1707 12.7222 -1.1137 0.0020
Car 0.0000 0 -3.1102 0.0000 0.0000 1224.0000 370.0000 1.5099 1.6558 4.0957 18.9817 0.5496 0.6970 -1.5918 0.0020
Car 0.0000 0 -1.6676 0.0000 0.0000 1224.0000 370.0000 1.5889 1.4430 3.7149 11.8328 0.8456 0.7428 -0.1853 0.0020
Car 0.0000 0 -1.4797 0.0000 0.0000 1224.0000 370.0000 1.5646 1.7099 3.5364 12.0914 0.7908 0.7321 0.0053 0.0020
Car 0.0000 0 0.6567 0.0000 188.3420 111.1796 229.5975 1.4391 1.7575 3.7408 -20.5992 1.7377 25.8907 -0.0078 0.0020
Car 0.0000 0 -1.8340 585.6793 161.6286 640.6807 196.5038 1.5269 1.6530 3.6932 0.3020 0.7021 32.9448 -1.8231 0.0019
Pedestrian 0.0000 0 0.0763 0.0000 176.9606 18.8186 260.2724 1.5951 0.4441 0.5255 -11.9025 1.5289 13.8654 -0.6200 0.0019
Pedestrian 0.0000 0 -0.4682 0.0000 156.4993 3.4565 250.3952 1.7952 0.4683 0.4840 -12.2323 1.3379 13.8258 -1.1793 0.0019
Car 0.0000 0 1.4318 599.8624 165.0561 648.6324 199.0188 1.4189 1.6724 3.6394 0.7772 0.7752 31.4373 1.4581 0.0019
Car 0.0000 0 -1.4616 0.0000 0.0000 1224.0000 370.0000 1.5813 1.7382 3.5371 12.0494 0.8388 0.7944 0.0180 0.0019
Car 0.0000 0 0.6329 0.0000 188.8993 114.9019 229.3790 1.4081 1.8158 3.8019 -20.5599 1.7294 25.9532 -0.0295 0.0019
Car 0.0000 0 -1.5393 776.8692 159.0433 807.1648 186.0294 1.7422 1.8529 4.3139 12.7308 0.3583 47.9729 -1.2798 0.0019
Car 0.0000 0 -2.5313 641.2630 162.8289 760.7562 204.6620 1.5215 1.7042 4.4948 3.6839 0.8803 27.8574 -2.3994 0.0018
Car 0.0000 0 -0.3770 822.1017 172.2003 1035.4487 233.8182 1.5439 1.9052 4.7794 8.3977 1.3376 18.7570 0.0393 0.0018
Car 0.0000 0 1.9955 638.6672 161.8588 709.7055 200.3445 1.5398 1.5993 3.8191 3.0108 0.7954 30.3362 2.0953 0.0018
Car 0.0000 0 0.0796 600.2365 168.1184 718.7791 205.2701 1.4594 1.7214 4.7194 2.2502 0.9745 28.9903 0.1580 0.0018
Car 0.0000 0 0.9999 675.3942 156.6142 773.6827 203.0036 1.6504 1.7767 4.1584 4.5022 0.8022 27.4112 1.1627 0.0018
Car 0.0000 0 1.0604 635.4615 165.9601 722.8633 207.4691 1.4733 1.7695 3.6419 2.7377 0.9587 27.1132 1.1617 0.0018
Car 0.0000 0 1.3898 679.0910 165.7402 732.7090 203.1059 1.4176 1.5126 3.6104 3.9994 0.8591 28.6540 1.5288 0.0018
Car 0.0000 0 0.9483 674.2177 158.9014 781.9476 205.1009 1.6264 1.8723 4.3835 4.6038 0.8676 27.2668 1.1155 0.0018
Car 0.0000 0 -1.7459 672.6226 160.7962 729.5004 202.5242 1.5588 1.6267 3.6623 3.7459 0.8243 28.2722 -1.6137 0.0018
Car 0.0000 0 1.2488 594.8096 164.0710 655.8369 198.0438 1.4282 1.6613 3.6434 0.8273 0.7390 31.7035 1.2766 0.0018
Car 0.0000 0 0.5038 673.2148 159.7265 784.5848 203.6999 1.5752 1.7841 3.8371 4.7057 0.8326 27.2176 0.6749 0.0018
Car 0.0000 0 1.8858 632.5554 162.4673 696.5048 200.6490 1.5159 1.5940 3.8707 2.5850 0.8015 30.1602 1.9722 0.0017
Car 0.0000 0 0.4482 670.7515 162.1331 774.7460 205.0161 1.5511 1.6412 3.6012 4.4914 0.8883 27.2746 0.6114 0.0017
Car 0.0000 0 1.4201 684.0974 163.3572 739.7414 202.1424 1.4577 1.6449 3.8305 4.2099 0.8149 28.4877 1.5671 0.0017
Car 0.0000 0 3.4688 214.9288 180.6495 380.3708 233.6253 1.4092 1.6367 3.9241 -8.5168 1.4151 19.7653 3.0695 0.0017
Car 0.0000 0 -2.5002 0.0000 0.0000 1224.0000 370.0000 1.3772 1.6405 3.0804 9.6485 1.2065 1.2370 -1.0883 0.0017
Car 0.0000 0 1.6543 628.5511 169.2834 676.2416 206.7597 1.3591 1.5720 3.2874 1.8617 0.9539 27.3807 1.7232 0.0017
Car 0.0000 0 0.7641 0.0000 191.6206 115.2817 232.0847 1.4039 1.7176 3.8491 -20.6043 1.8335 26.1599 0.1044 0.0017
Car 0.0000 0 -0.7350 1201.3905 170.2713 1224.0000 260.6478 1.3713 1.7039 3.4605 12.2980 1.2177 11.6837 0.0640 0.0017
Car 0.0000 0 1.0879 675.6532 157.1639 759.6078 200.5142 1.5678 1.6205 3.8629 4.2887 0.7253 27.6552 1.2419 0.0016
Car 0.0000 0 -0.1593 650.0013 168.0159 745.9320 206.6750 1.4550 1.5366 3.4866 3.5336 0.9866 27.4270 -0.0308 0.0016
Car 0.0000 0 -3.2463 0.0000 0.0000 1224.0000 370.0000 1.7119 1.8962 4.9611 18.9101 0.7995 1.9153 -1.7919 0.0016
Cyclist 0.0000 0 -0.6260 0.0000 171.4077 109.4188 260.8713 1.6860 0.4643 2.1771 -11.3757 1.5163 14.4292 -1.2812 0.0016
Car 0.0000 0 -1.8293 670.3439 161.4763 735.6832 203.2901 1.5671 1.6894 3.7451 3.8410 0.8557 28.4569 -1.6947 0.0016
Car 0.0000 0 -0.6677 1210.6631 164.5230 1224.0000 261.2910 1.4160 1.6731 3.4835 12.2642 1.1839 11.4149 0.1413 0.0016
Car 0.0000 0 -0.0368 648.9033 166.7551 747.3275 205.7863 1.4667 1.5450 3.6926 3.5549 0.9517 27.5031 0.0921 0.0016
Car 0.0000 0 -0.9927 1179.1925 162.8054 1224.0000 252.6958 1.3950 1.7296 4.2529 12.5001 1.1220 12.2538 -0.2087 0.0016
Car 0.0000 0 0.5636 233.6396 187.6071 394.6424 243.4944 1.4657 1.6249 3.9618 -8.2083 1.6798 19.9872 0.1811 0.0016
Car 0.0000 0 -3.1629 0.0000 0.0000 1224.0000 370.0000 1.5226 1.5003 3.1926 6.0205 1.6707 -0.1156 -1.6250 0.0016
Car 0.0000 0 -1.6863 0.0000 0.0000 1224.0000 370.0000 1.5013 1.7494 4.2514 10.5092 1.0097 1.1578 -0.2542 0.0015
Cyclist 0.0000 0 -1.1512 0.0000 166.0723 35.7206 258.2352 1.6670 0.4308 2.0823 -11.9647 1.4077 13.8443 -1.8507 0.0015
Car 0.0000 0 -3.1561 0.0000 0.0000 1224.0000 370.0000 1.5115 1.7951 3.9603 20.1299 0.6219 0.6667 -1.6331 0.0014
Car 0.0000 0 -2.6757 649.3885 164.5959 762.5391 203.7672 1.4755 1.6875 4.2076 4.0096 0.8780 28.5206 -2.5357 0.0014
Car 0.0000 0 -1.8934 587.1936 161.4244 644.1101 195.2301 1.4634 1.6753 3.1964 0.4184 0.6391 32.3781 -1.8787 0.0014
Car 0.0000 0 0.7266 0.0000 183.2288 103.0169 224.5121 1.4359 1.6610 3.4378 -20.5153 1.5400 25.6410 0.0595 0.0014
Car 0.0000 0 1.4595 601.0830 165.3208 647.6360 199.4762 1.4206 1.6676 3.5246 0.7799 0.7908 31.2304 1.4861 0.0014
Car 0.0000 0 -2.3818 0.0000 0.0000 1224.0000 370.0000 1.4367 1.7117 3.3602 10.0233 1.1807 1.6455 -1.0035 0.0014
Car 0.0000 0 -2.0306 1148.6639 164.3495 1224.0000 257.9116 1.4060 1.6387 3.6729 11.4890 1.1650 12.6084 -1.3025 0.0014
Car 0.0000 0 -1.7678 879.5958 166.2209 1012.9476 245.4130 1.5241 1.8223 4.2667 7.4161 1.2509 15.8890 -1.3371 0.0014
Car 0.0000 0 0.7979 0.0000 179.8133 51.2058 235.6367 1.6724 1.7768 4.5361 -20.3313 1.6534 22.2118 0.0655 0.0014
Cyclist 0.0000 0 -0.7801 0.0000 170.0420 44.7118 258.6046 1.6746 0.3582 1.6716 -12.2109 1.4785 14.2137 -1.4770 0.0013
Car 0.0000 0 1.5448 564.9882 162.0756 603.5135 197.2137 1.4485 1.5905 3.4488 -0.9730 0.6905 30.9072 1.5156 0.0013
Pedestrian 0.0000 0 1.2303 32.4087 177.4246 75.1845 253.8193 1.5042 0.4867 0.6869 -11.1998 1.4453 14.3084 0.5787 0.0013
Car 0.0000 0 -1.7610 864.8212 168.5234 996.9719 247.6097 1.5146 1.8501 4.1556 7.0212 1.2869 15.7670 -1.3479 0.0013
Car 0.0000 0 0.9388 674.7242 165.1888 787.6695 211.3156 1.6052 1.8633 4.6345 4.6781 1.0739 27.0896 1.1096 0.0013
Car 0.0000 0 -3.2161 0.0000 0.0000 1224.0000 370.0000 1.5292 1.6634 3.7401 20.2685 0.5182 0.4979 -1.6845 0.0013
Car 0.0000 0 2.0494 0.0000 176.5230 20.1375 232.5056 1.6846 1.7451 4.2935 -21.7249 1.5665 23.5692 1.3131 0.0013
Car 0.0000 0 -3.0761 0.0000 0.0000 1224.0000 370.0000 1.5208 1.8016 4.1661 19.2725 0.6199 0.6803 -1.5560 0.0012
Pedestrian 0.0000 0 -0.1755 0.0000 173.0330 18.5621 257.6909 1.6205 0.4571 0.5162 -11.9369 1.4792 13.8739 -0.8729 0.0012
Car 0.0000 0 1.1907 679.2488 159.0390 753.8447 200.7594 1.5232 1.6029 3.7649 4.2789 0.7412 27.8241 1.3435 0.0012
Car 0.0000 0 -1.2712 564.2507 159.9136 627.3674 197.0036 1.6374 1.8167 4.2186 -0.3737 0.7300 33.4893 -1.2803 0.0012
Car 0.0000 0 0.4092 225.7522 188.1236 390.1911 242.0601 1.4405 1.5615 3.9864 -8.3246 1.6659 19.9333 0.0209 0.0012
Car 0.0000 0 -0.0623 837.2945 168.7954 1042.3840 236.0299 1.5923 1.8755 4.6176 8.4972 1.3167 18.4395 0.3646 0.0012
Pedestrian 0.0000 0 0.0934 744.2703 159.8305 754.8439 181.6164 1.8232 0.7316 0.8090 12.2122 0.0946 59.6348 0.2962 0.0012
Car 0.0000 0 -1.9606 848.1462 168.3082 1007.4688 249.8094 1.5739 1.8444 3.7450 6.8436 1.3401 15.5391 -1.5516 0.0012
Car 0.0000 0 0.9851 668.0406 159.7134 759.6512 205.2981 1.6418 1.5931 3.9677 4.1296 0.8947 27.5950 1.1338 0.0011
Pedestrian 0.0000 0 0.0661 743.9254 159.9579 755.0378 181.7163 1.8205 0.7503 0.8705 12.2052 0.1030 59.6309 0.2688 0.0011
Car 0.0000 0 -4.5686 0.0000 0.0000 1224.0000 370.0000 1.5185 1.8687 4.1438 10.3110 1.2787 0.6847 -3.0938 0.0011
Car 0.0000 0 0.3816 230.3475 185.5485 381.9095 238.3179 1.4119 1.4591 3.6303 -8.3269 1.5602 19.8013 -0.0091 0.0011
Car 0.0000 0 -2.9690 0.0000 0.0000 1224.0000 370.0000 1.5515 1.7108 4.1366 19.2641 0.5598 0.6007 -1.4448 0.0011
Car 0.0000 0 1.8932 618.9423 166.6372 696.1215 206.3261 1.4785 1.7176 4.7418 2.2220 0.9636 28.8529 1.9711 0.0011
Car 0.0000 0 0.3815 233.8115 186.1960 388.7298 240.5665 1.4538 1.4702 3.7296 -8.1798 1.6209 19.7967 -0.0030 0.0011
Car 0.0000 0 1.6598 559.3079 164.2572 604.1146 198.5231 1.4206 1.6649 3.4052 -0.9909 0.7487 31.0565 1.6302 0.0011
Car 0.0000 0 -1.6699 589.5223 160.8671 636.1843 197.2940 1.6143 1.7995 4.1531 0.2893 0.7457 33.4777 -1.6595 0.0011
Car 0.0000 0 1.0792 628.3364 166.5843 714.8081 207.1248 1.4575 1.7279 3.8484 2.4796 0.9587 27.5239 1.1698 0.0011
Car 0.0000 0 1.3030 661.3032 164.6458 726.0394 206.9366 1.5062 1.6075 3.3482 3.2846 0.9431 26.9506 1.4246 0.0010
Car 0.0000 0 1.9280 0.0000 180.6669 17.0678 230.8213 1.5139 1.6523 3.8663 -21.3452 1.5215 23.4520 1.1981 0.0010
Car 0.0000 0 -4.4246 0.0000 0.0000 1224.0000 370.0000 1.4574 1.8473 4.5414 10.2766 1.3035 0.6835 -2.9501 0.0010
Car 0.0000 0 -1.3233 566.5214 158.0417 626.0368 196.6836 1.6980 1.8030 4.2887 -0.3500 0.7126 33.3604 -1.3317 0.0010
Pedestrian 0.0000 0 -0.5715 32.5234 172.4320 81.3967 251.4346 1.5601 0.4654 0.6334 -11.1489 1.4024 14.3344 -1.2200 0.0010
Pedestrian 0.0000 0 0.9625 14.7023 184.7597 62.3670 259.6166 1.4773 0.4233 0.7152 -11.4919 1.5669 14.2907 0.2978 0.0010
Car 0.0000 0 1.7155 559.4302 163.4214 606.9921 199.1406 1.4847 1.5631 3.8598 -0.9259 0.7763 31.3932 1.6882 0.0009
Car 0.0000 0 -0.8156 76.5174 162.4660 415.1500 350.9165 1.6428 1.4189 3.3851 -3.7828 1.4873 7.9896 -1.2408 0.0009
Cyclist 0.0000 0 -1.0892 0.0000 174.7357 58.5229 265.5596 1.7238 0.4398 1.9978 -12.0107 1.6161 14.4375 -1.7706 0.0009
Car 0.0000 0 0.2658 224.9225 184.7294 377.5470 237.9970 1.4078 1.4873 3.6656 -8.4425 1.5337 19.8098 -0.1296 0.0009
Car 0.0000 0 0.5031 246.5706 182.7727 406.1391 238.1389 1.4625 1.4850 3.9253 -7.7691 1.5308 19.7551 0.1356 0.0009
Pedestrian 0.0000 0 -0.4203 597.3718 161.4738 616.3443 203.8287 1.8561 0.8020 0.5662 0.0597 1.0238 31.4603 -0.4166 0.0009
Car 0.0000 0 -0.0470 639.5859 170.9135 729.8976 208.1594 1.3998 1.4698 3.3901 3.0229 1.0410 27.4082 0.0634 0.0009
Car 0.0000 0 0.4236 662.4335 162.9198 766.7167 204.4527 1.5147 1.5953 3.6690 4.2056 0.8751 27.4488 0.5757 0.0009
Cyclist 0.0000 0 -2.4490 990.1229 151.7844 1078.8685 252.9541 1.7400 0.3911 1.4629 7.7622 1.2477 12.9095 -1.9167 0.0009
Car 0.0000 0 0.7329 0.0000 189.5508 105.5505 230.2420 1.3899 1.8175 3.6420 -20.5648 1.7326 25.6256 0.0644 0.0008
Cyclist 0.0000 0 0.2119 660.9828 155.3172 699.4327 190.0276 1.9259 0.7101 2.0534 4.2347 0.5300 39.8835 0.3187 0.0008
Car 0.0000 0 -2.5971 639.3584 166.8098 760.6675 205.7651 1.4740 1.7099 4.7020 3.7904 0.9575 28.8849 -2.4663 0.0008
Car 0.0000 0 1.1454 664.5316 167.8770 732.6920 204.0940 1.3712 1.3894 3.5441 3.7003 0.8948 28.6616 1.2742 0.0008
Car 0.0000 0 -1.9678 658.9593 166.2233 738.7598 206.0091 1.4859 1.7473 4.0666 3.6756 0.9542 28.5936 -1.8395 0.0008
Pedestrian 0.0000 0 0.3153 593.8980 152.5287 608.8656 194.9616 1.8650 0.6603 0.4851 -0.1781 0.6371 31.4599 0.3116 0.0008
Pedestrian 0.0000 0 0.3852 592.1885 152.8328 609.9478 194.9730 1.8481 0.6976 0.5692 -0.1917 0.6362 31.4334 0.3811 0.0007
Car 0.0000 0 1.1143 672.8839 160.4871 748.0771 204.1855 1.6084 1.5321 3.5191 4.0666 0.8733 27.9292 1.2591 0.0007
Pedestrian 0.0000 0 -1.5935 666.1833 162.5864 678.0555 194.0093 1.7568 0.6510 0.6893 3.7758 0.7567 39.8932 -1.4981 0.0007
Car 0.0000 0 1.5571 638.4950 169.1482 686.1476 207.1077 1.4009 1.7568 4.4206 2.2376 0.9835 28.3521 1.6368 0.0007
Pedestrian 0.0000 0 -1.5949 666.1686 162.6067 677.9634 193.7613 1.7427 0.6465 0.6613 3.7734 0.7432 39.8980 -1.4996 0.0007
Car 0.0000 0 1.4710 673.8542 165.2677 738.6022 214.9044 1.7050 1.9130 4.9866 3.6977 1.1833 26.8098 1.6082 0.0007
Car 0.0000 0 1.3940 677.6009 163.0030 731.8424 202.4713 1.4772 1.5526 3.4189 3.8893 0.8238 28.1964 1.5314 0.0007
Car 0.0000 0 1.3244 590.2051 168.8125 648.9553 203.0578 1.4060 1.6779 3.8896 0.5506 0.9276 31.1071 1.3438 0.0007
Car 0.0000 0 1.2577 632.3530 169.4798 706.1752 209.2267 1.4365 1.6489 4.2368 2.4046 1.0397 27.7981 1.3448 0.0006
Car 0.0000 0 0.0183 639.3232 169.2756 737.2457 207.7343 1.4427 1.5509 3.6823 3.2151 1.0232 27.5355 0.1350 0.0006
Car 0.0000 0 -2.7554 629.5215 170.2052 751.0914 205.2979 1.3412 1.7196 4.6237 3.4316 0.9492 28.8877 -2.6366 0.0006
Pedestrian 0.0000 0 1.4299 19.6842 182.1374 57.3249 258.2703 1.4883 0.4930 0.8081 -11.5011 1.5241 14.2939 0.7650 0.0006
Pedestrian 0.0000 0 1.5025 965.4020 162.3805 998.2791 256.9395 1.5261 0.4324 0.6427 6.2310 1.2353 11.7872 1.9795 0.0006
Cyclist 0.0000 0 0.0848 665.8592 154.2040 705.1484 189.9637 1.9649 0.8162 2.1170 4.4890 0.5214 39.4552 0.1991 0.0006
Car 0.0000 0 1.6352 668.3535 162.8839 715.3690 206.7525 1.5569 1.5415 3.9309 3.3718 0.9332 27.1625 1.7591 0.0005
Car 0.0000 0 0.9943 633.1568 169.0610 722.7715 209.4057 1.4492 1.7554 3.6225 2.7272 1.0398 27.4045 1.0941 0.0005
Car 0.0000 0 1.1451 652.3541 167.3526 736.4692 206.7953 1.4546 1.5423 4.7069 3.4673 0.9712 28.5457 1.2665 0.0005
Car 0.0000 0 -0.3114 0.0000 176.4311 35.4143 243.8743 1.6955 1.6110 4.8678 -19.6659 1.5948 20.2921 -1.0716 0.0005
Cyclist 0.0000 0 1.4964 588.7183 159.7689 611.0944 200.4804 1.7326 0.8300 2.1260 -0.2608 0.8518 31.1782 1.4899 0.0005
Car 0.0000 0 -2.4389 628.9548 167.9186 751.4059 208.6528 1.4731 1.7320 4.8107 3.2384 1.0197 27.9134 -2.3229 0.0005
Car 0.0000 0 1.4426 674.6168 165.6487 721.4253 203.7846 1.4421 1.4602 3.1172 3.6472 0.8820 28.2899 1.5712 0.0005
Car 0.0000 0 1.4830 676.2881 166.3941 718.5728 203.9753 1.4206 1.3975 3.1703 3.6328 0.8889 28.3340 1.6109 0.0004
Car 0.0000 0 1.2661 659.3008 171.8338 724.2939 208.3312 1.3614 1.4315 4.0626 3.3898 1.0396 28.4967 1.3850 0.0004
Car 0.0000 0 1.4251 672.7782 167.1317 721.3587 206.4464 1.4711 1.4543 3.1844 3.5759 0.9724 28.0572 1.5523 0.0004
Pedestrian 0.0000 0 -1.3792 665.5799 163.7631 680.3286 193.5031 1.6482 0.6986 0.7201 3.8025 0.7220 39.6254 -1.2824 0.0003
Pedestrian 0.0000 0 -1.7032 671.0275 157.9350 685.5565 189.8454 1.7837 0.7325 0.6696 4.1206 0.5238 39.8624 -1.5991 0.0003
Pedestrian 0.0000 0 -1.3311 671.0494 157.6215 687.3983 189.4086 1.7610 0.7768 0.6588 4.1514 0.4949 39.6065 -1.2256 0.0003
Pedestrian 0.0000 0 -1.3425 670.9359 157.7998 687.6181 189.5479 1.7580 0.7952 0.6845 4.1539 0.5024 39.6004 -1.2370 0.0003
Pedestrian 0.0000 0 -1.3797 665.6313 163.7711 680.4594 193.2883 1.6354 0.7068 0.7006 3.8055 0.7099 39.6049 -1.2829 0.0003
Pedestrian 0.0000 0 -1.6966 671.2918 157.8544 685.6926 189.8034 1.7851 0.7265 0.6871 4.1306 0.5212 39.8511 -1.5922 0.0003
Car 0.0000 0 -0.8773 32.3089 153.8370 391.7017 357.1176 1.6840 1.5141 3.4030 -3.9492 1.4649 7.6842 -1.3335 0.0002
Car 0.0000 0 1.2794 651.0975 166.6545 715.6444 207.4131 1.5039 1.5502 3.6353 3.0064 0.9946 28.0126 1.3869 0.0002
Car 0.0000 0 1.3640 661.8199 170.5586 717.0912 209.0931 1.4428 1.4468 3.7793 3.3002 1.0721 28.4154 1.4801 0.0002
Car 0.0000 0 1.1759 651.1270 166.4414 727.0656 209.1645 1.5426 1.7138 3.4616 3.1610 1.0365 27.4249 1.2911 0.0001