Pedestrian 0.0000 0 -2.9275 475.2339 151.4641 583.1216 316.0360 1.8775 0.5848 1.1803 -0.9353 1.5479 8.4161 -3.0324 0.9451
Pedestrian 0.0000 0 -2.9581 476.9276 149.5176 589.1646 315.9376 1.9031 0.5763 1.2462 -0.8882 1.5505 8.4198 -3.0576 0.9358
Pedestrian 0.0000 0 -2.9385 479.8286 150.4491 580.5746 314.7963 1.8763 0.5981 1.0955 -0.9234 1.5349 8.4193 -3.0420 0.8959
Pedestrian 0.0000 0 -2.9615 475.6200 153.7878 582.9103 316.1897 1.8565 0.5823 1.1848 -0.9325 1.5528 8.4126 -3.0662 0.8917
Pedestrian 0.0000 0 -2.9602 479.1460 149.9815 585.8052 315.8510 1.8934 0.5952 1.1746 -0.8939 1.5467 8.4101 -3.0605 0.8875
Pedestrian 0.0000 0 -2.9639 479.5490 152.7180 580.2833 315.9825 1.8684 0.5696 1.1091 -0.9260 1.5521 8.4114 -3.0678 0.8217
Pedestrian 0.0000 0 -2.8982 478.0946 156.8136 585.8978 317.7079 1.8295 0.5401 1.1771 -0.9018 1.5618 8.3853 -2.9996 0.7499
Pedestrian 0.0000 0 1.0795 1006.8096 220.3066 1104.9642 370.0000 1.1555 0.3754 0.6018 3.3421 1.4763 5.3534 1.6134 0.4578
Pedestrian 0.0000 0 1.2380 1014.5262 215.6245 1104.5068 370.0000 1.2036 0.3746 0.6190 3.3618 1.4878 5.3417 1.7753 0.3980
Pedestrian 0.0000 0 2.2908 755.2721 164.7115 802.0182 259.1415 1.6285 0.4695 0.6924 3.0469 1.3578 12.5800 2.5245 0.3124
Car 0.0000 0 3.0693 383.3061 0.0000 1224.0000 370.0000 1.5068 1.5408 3.7346 -0.9191 1.6333 0.2269 2.0401 0.2847
Car 0.0000 0 0.1731 0.0000 0.0000 1224.0000 370.0000 1.4816 1.5462 3.6856 1.3895 1.6148 -0.1611 1.6291 0.2658
Pedestrian 0.0000 0 2.2603 860.4430 166.3942 906.2120 267.1169 1.6420 0.4935 0.5268 4.6253 1.4137 11.8662 2.6246 0.2473
Pedestrian 0.0000 0 1.8416 863.8650 165.7938 903.6593 267.0807 1.6485 0.5051 0.5178 4.6347 1.4108 11.8606 2.2068 0.2434
Car 0.0000 0 4.4105 0.0000 0.0000 1224.0000 370.0000 1.5194 1.6047 4.3170 -2.4046 1.7090 -0.0063 2.9724 0.2246
Car 0.0000 0 -1.8804 0.0000 0.0000 1224.0000 370.0000 1.4935 1.6101 4.1888 -2.3683 1.7048 0.4327 -3.1407 0.2179
Car 0.0000 0 0.0985 0.0000 0.0000 1224.0000 370.0000 1.5003 1.5965 3.6399 1.6111 1.6065 -0.1099 1.5390 0.2160
Car 0.0000 0 -0.3228 396.9587 0.0000 1224.0000 370.0000 1.4782 1.5670 3.5876 -0.6534 1.6360 0.2344 -1.1848 0.2158
Car 0.0000 0 4.4606 0.0000 0.0000 1224.0000 370.0000 1.5074 1.5885 4.2659 -2.3476 1.6976 0.0069 3.0311 0.2047
Car 0.0000 0 -0.2703 0.0000 0.0000 1224.0000 370.0000 1.4925 1.5771 3.6307 2.1085 1.5729 -0.0585 1.1769 0.2041
Car 0.0000 0 -0.9257 0.0000 0.0000 1224.0000 370.0000 1.4734 1.5361 3.4867 1.8428 1.5980 0.1153 0.4129 0.2019
Car 0.0000 0 3.6955 253.7466 0.0000 1224.0000 370.0000 1.5287 1.5493 3.8700 -1.2954 1.6638 -0.3166 2.1316 0.1936
Car 0.0000 0 4.3372 0.0000 0.0000 1224.0000 370.0000 1.5194 1.6286 4.1887 -2.4681 1.7113 0.4070 3.0556 0.1935
Car 0.0000 0 -0.1764 435.0017 0.0000 1224.0000 370.0000 1.5549 1.6297 3.5759 -0.6911 1.6068 0.2101 -1.0871 0.1933
Car 0.0000 0 -0.7435 599.5995 0.0000 1224.0000 370.0000 1.4947 1.5791 3.7065 -0.3316 1.6119 0.7461 -1.0418 0.1884
Car 0.0000 0 -0.8934 0.0000 0.0000 1224.0000 370.0000 1.4853 1.5422 3.6970 1.6971 1.6119 0.1296 0.4181 0.1882
Car 0.0000 0 -0.2427 0.0000 0.0000 1224.0000 370.0000 1.5339 1.6041 3.7540 2.0958 1.5710 -0.1854 1.2637 0.1862
Car 0.0000 0 0.3508 0.0000 0.0000 1224.0000 370.0000 1.4477 1.5636 3.6969 1.4971 1.6029 0.1380 1.6242 0.1796
Car 0.0000 0 3.5011 267.8595 0.0000 1224.0000 370.0000 1.4953 1.5071 3.8287 -1.2634 1.6490 -0.1248 2.0880 0.1696
Car 0.0000 0 -0.1913 0.0000 0.0000 1224.0000 370.0000 1.4444 1.5766 3.7314 1.9978 1.5990 0.0293 1.2062 0.1629
Car 0.0000 0 4.3701 355.8831 0.0000 1224.0000 370.0000 1.5424 1.5958 4.2804 -2.2809 1.7007 -0.2287 2.8423 0.1607
Car 0.0000 0 -0.9669 0.0000 0.0000 1224.0000 370.0000 1.5268 1.5392 3.5887 1.9853 1.6001 -0.1239 0.5052 0.1593
Car 0.0000 0 0.1324 0.0000 0.0000 1224.0000 370.0000 1.4303 1.6244 3.8933 1.9622 1.5997 0.4308 1.3378 0.1591
Car 0.0000 0 0.3319 0.0000 0.0000 1224.0000 370.0000 1.4461 1.4873 3.6157 1.3961 1.6317 0.0047 1.6734 0.1563
Car 0.0000 0 -0.8256 0.0000 0.0000 765.0833 370.0000 1.5353 1.6007 3.9531 1.5874 1.6153 -0.0154 0.5550 0.1545
Car 0.0000 0 2.6244 0.0000 0.0000 1224.0000 370.0000 1.5661 1.6226 4.0837 0.2903 1.6000 0.2740 3.0794 0.1538
Car 0.0000 0 3.8049 0.0000 0.0000 1224.0000 370.0000 1.4971 1.5675 4.2535 -0.4039 1.6054 0.0677 3.0067 0.1520
Car 0.0000 0 0.3781 226.8338 0.0000 1224.0000 370.0000 1.5484 1.5759 3.6278 -1.1570 1.6404 -0.2011 -1.0856 0.1451
Car 0.0000 0 -0.4878 149.2001 0.0000 1224.0000 370.0000 1.4715 1.5296 3.7471 -1.1161 1.6379 0.4709 -1.4382 0.1395
Car 0.0000 0 3.5455 53.5087 0.0000 1224.0000 370.0000 1.5281 1.5585 4.0724 -1.6890 1.6604 -0.2772 2.0036 0.1286
Car 0.0000 0 4.3324 0.0000 0.0000 1224.0000 370.0000 1.5484 1.6762 4.4427 -2.5316 1.7226 -0.0385 2.8752 0.1241
Car 0.0000 0 -4.0370 0.0000 0.0000 1224.0000 370.0000 1.5901 1.6936 4.2726 0.9499 1.6453 0.0953 -2.8797 0.1220
Car 0.0000 0 2.5796 0.0000 0.0000 1224.0000 370.0000 1.6250 1.6459 4.0843 0.2406 1.5667 0.1337 3.0677 0.1216
Car 0.0000 0 0.5542 103.3122 0.0000 1224.0000 370.0000 1.4740 1.5513 3.7397 1.2239 1.6400 -0.0231 1.8860 0.1210
Car 0.0000 0 4.4358 0.0000 0.0000 1224.0000 370.0000 1.5534 1.6004 4.2823 -2.1703 1.7015 -0.1599 2.9417 0.1192
Car 0.0000 0 4.3590 218.3848 0.0000 1224.0000 370.0000 1.5763 1.6112 4.2983 -2.5150 1.7220 -0.2268 2.8281 0.1153
Car 0.0000 0 2.8849 187.3361 0.0000 1224.0000 370.0000 1.4522 1.5382 3.8375 -1.6895 1.6605 0.8273 1.9138 0.1152
Car 0.0000 0 -1.0591 0.0000 0.0000 1224.0000 370.0000 1.4556 1.5395 3.5428 2.0111 1.6134 0.4263 0.1564 0.1122
Car 0.0000 0 2.7921 0.0000 0.0000 1224.0000 370.0000 1.5037 1.5873 4.0051 0.1444 1.6175 0.4341 2.9830 0.1098
Car 0.0000 0 2.6770 87.2104 0.0000 1224.0000 370.0000 1.4411 1.5044 3.7251 -1.3825 1.6565 0.5852 1.6894 0.1083
Car 0.0000 0 3.2976 0.0000 0.0000 1224.0000 370.0000 1.5839 1.6482 4.0419 -0.1217 1.6105 -0.0440 2.8916 0.1076
Car 0.0000 0 -4.0500 0.0000 0.0000 1224.0000 370.0000 1.5888 1.6792 4.3262 0.6108 1.6099 0.1273 -3.1130 0.1076
Car 0.0000 0 -0.6551 0.0000 219.2151 1224.0000 370.0000 1.5208 1.6118 3.9953 1.2251 1.6344 1.1571 0.0379 0.1057
Car 0.0000 0 -4.1846 0.0000 0.0000 1224.0000 370.0000 1.4717 1.5993 3.8090 1.7552 1.6193 0.2615 -2.9339 0.1025
Car 0.0000 0 4.3674 186.0654 0.0000 1224.0000 370.0000 1.5607 1.6329 4.3449 -2.6281 1.7106 -0.1903 2.8487 0.1007
Pedestrian 0.0000 0 -2.9226 533.0448 169.0770 564.7901 265.1151 1.7350 0.5073 0.4862 -1.0744 1.5303 13.0535 -3.0010 0.0994
Car 0.0000 0 2.3305 0.0000 0.0000 1224.0000 370.0000 1.6011 1.6451 4.0862 0.4011 1.5872 0.1038 3.0869 0.0956
Car 0.0000 0 3.0770 0.0000 0.0000 1224.0000 370.0000 1.5266 1.6047 4.0928 -0.0417 1.6089 0.6296 3.0358 0.0936
Car 0.0000 0 0.8290 0.0000 0.0000 1224.0000 370.0000 1.5728 1.6332 4.3373 -0.6228 1.6619 0.0360 -0.2166 0.0935
Car 0.0000 0 3.4457 178.6389 0.0000 1224.0000 370.0000 1.4873 1.5250 3.9409 -1.6418 1.6507 0.0242 2.0852 0.0925
Car 0.0000 0 -0.9822 0.0000 0.0000 1224.0000 370.0000 1.4463 1.5252 3.8152 1.8988 1.6179 0.7858 0.0615 0.0889
Car 0.0000 0 2.9613 0.0000 0.0000 1224.0000 370.0000 1.5056 1.5679 4.1023 -0.0115 1.6367 0.4289 2.9483 0.0886
Car 0.0000 0 -0.9552 490.6339 0.0000 1224.0000 370.0000 1.4853 1.5898 3.5832 -0.2674 1.6167 0.5424 -1.2522 0.0885
Car 0.0000 0 -3.8332 0.0000 0.0000 1224.0000 370.0000 1.5251 1.6419 4.1498 0.5032 1.6278 0.2647 -3.1235 0.0871
Car 0.0000 0 0.6939 0.0000 0.0000 1224.0000 370.0000 1.4344 1.4600 3.3839 1.4223 1.6410 0.4281 1.7802 0.0854
Car 0.0000 0 2.9044 0.0000 0.0000 1224.0000 370.0000 1.5910 1.6295 4.1398 0.0484 1.5708 0.0096 3.0543 0.0847
Car 0.0000 0 -2.1892 0.0000 0.0000 1224.0000 370.0000 1.4435 1.5438 3.9435 -1.0535 1.6446 0.5352 -3.0743 0.0818
Car 0.0000 0 2.4329 0.0000 0.0000 1224.0000 370.0000 1.5361 1.6148 4.0223 0.4658 1.6086 0.2462 3.1205 0.0818
Car 0.0000 0 4.2816 0.0000 0.0000 1224.0000 370.0000 1.5523 1.7057 4.7143 -2.3881 1.7427 0.4433 3.0228 0.0808
Car 0.0000 0 2.7285 0.0000 0.0000 1224.0000 370.0000 1.5464 1.5961 4.1828 0.1697 1.5899 0.2069 3.0415 0.0805
Cyclist 0.0000 0 -2.6135 0.0000 0.0000 1224.0000 370.0000 1.6390 0.4605 1.8041 5.3282 1.4296 0.3982 -1.1758 0.0800
Car 0.0000 0 2.6965 0.0000 0.0000 1224.0000 370.0000 1.5029 1.5738 4.1049 0.2973 1.6219 0.3105 3.1374 0.0789
Car 0.0000 0 4.2125 0.0000 0.0000 1224.0000 370.0000 1.5248 1.5986 4.1266 -1.4853 1.6614 -0.1585 2.7539 0.0782
Pedestrian 0.0000 0 -0.8138 841.1145 165.3853 883.0712 262.0748 1.6769 0.4515 0.5453 4.5307 1.4164 12.5827 -0.4745 0.0774
Car 0.0000 0 3.1038 259.5578 0.0000 1224.0000 370.0000 1.5049 1.6286 4.0647 -1.8940 1.6466 0.8982 2.1076 0.0773
Pedestrian 0.0000 0 0.2547 533.5093 171.1558 567.5682 264.3770 1.6847 0.4711 0.5256 -1.0447 1.5175 13.0516 0.1785 0.0759
Car 0.0000 0 1.2467 0.0000 0.0000 1224.0000 370.0000 1.4698 1.5683 4.1354 -2.1163 1.6955 0.5587 0.0724 0.0752
Pedestrian 0.0000 0 -1.6810 1163.6798 152.5848 1195.2972 221.5360 1.7654 0.5622 0.7188 15.0315 1.0523 18.5522 -1.0067 0.0733
Car 0.0000 0 -4.0773 0.0000 0.0000 1224.0000 370.0000 1.5100 1.5937 4.3262 0.9809 1.6626 0.3154 -3.0821 0.0718
Car 0.0000 0 3.4153 209.4015 0.0000 1224.0000 370.0000 1.5002 1.5649 4.2695 -2.0185 1.6554 0.3323 2.1603 0.0697
Car 0.0000 0 3.0347 0.0000 0.0000 1224.0000 370.0000 1.5460 1.6253 4.1732 -0.0032 1.6094 0.1067 3.0309 0.0692
Car 0.0000 0 4.3162 0.0000 0.0000 1224.0000 370.0000 1.5502 1.6625 4.7573 -2.6464 1.7013 0.0532 2.8883 0.0678
Car 0.0000 0 -0.9585 20.1902 256.1858 1224.0000 370.0000 1.4468 1.5342 3.8204 1.7632 1.6271 0.8319 0.0339 0.0667
Car 0.0000 0 -3.9888 0.0000 0.0000 1224.0000 370.0000 1.4885 1.5558 4.1350 1.3232 1.6530 0.7028 -3.0760 0.0658
Car 0.0000 0 0.9924 0.0000 0.0000 1224.0000 370.0000 1.4527 1.5953 3.8596 1.5615 1.6309 0.7396 1.9672 0.0653
Car 0.0000 0 -1.3967 363.3487 0.0000 1224.0000 370.0000 1.5253 1.6551 3.8914 0.0543 1.6053 0.6810 -1.3403 0.0625
Car 0.0000 0 0.8544 0.0000 0.0000 1224.0000 370.0000 1.4423 1.4958 3.5455 1.2768 1.6249 0.3516 1.9405 0.0624
Car 0.0000 0 2.5028 0.0000 0.0000 1224.0000 370.0000 1.4970 1.5942 4.2872 0.3781 1.6548 0.3486 3.0172 0.0596
Car 0.0000 0 -1.1260 624.9977 0.0000 1224.0000 370.0000 1.5134 1.6325 3.8689 -0.0087 1.6236 0.9482 -1.1307 0.0591
Car 0.0000 0 0.0688 276.9895 0.0000 1224.0000 370.0000 1.5830 1.6693 3.6913 -0.7260 1.6174 -0.1366 -1.2479 0.0577
Car 0.0000 0 -4.1533 0.0000 0.0000 1224.0000 370.0000 1.5106 1.6296 4.2887 0.9675 1.6188 0.1190 -3.0098 0.0567
Cyclist 0.0000 0 1.6662 0.0000 0.0000 1224.0000 370.0000 2.0839 0.6187 1.7588 -3.7960 1.8629 -0.2538 0.1151 0.0562
Car 0.0000 0 -2.1270 0.0000 0.0000 1008.0565 370.0000 1.5307 1.6470 3.7581 0.6813 1.6505 0.8065 -1.5827 0.0546
Car 0.0000 0 0.9164 0.0000 0.0000 1224.0000 370.0000 1.4592 1.5978 3.9598 1.6151 1.6209 0.7385 1.9073 0.0539
Pedestrian 0.0000 0 2.4750 655.5880 183.1185 691.9466 253.4314 1.4224 0.3501 0.6799 1.3853 1.4795 14.6543 2.5689 0.0539
Car 0.0000 0 4.4311 0.0000 0.0000 1224.0000 370.0000 1.5212 1.5864 4.1013 -1.8286 1.6812 0.0555 3.0662 0.0536
Car 0.0000 0 0.8534 0.0000 0.0000 1224.0000 370.0000 1.4426 1.4968 3.5168 1.4754 1.6468 0.6851 1.8262 0.0526
Car 0.0000 0 0.6865 0.0000 0.0000 1224.0000 370.0000 1.5755 1.7451 3.9115 -2.9637 1.6797 0.0046 -0.7724 0.0518
Car 0.0000 0 -2.1556 0.0000 0.0000 907.8024 370.0000 1.4992 1.6435 3.7129 0.7056 1.6467 1.1434 -1.7055 0.0513
Car 0.0000 0 3.3748 165.2059 0.0000 1224.0000 370.0000 1.5291 1.6196 4.4973 -1.9539 1.6518 0.1638 2.0501 0.0482
Car 0.0000 0 -0.3437 0.0000 0.0000 1224.0000 370.0000 1.5125 1.5855 3.7561 2.3850 1.5485 -0.2152 1.1831 0.0471
Cyclist 0.0000 0 1.8643 0.0000 0.0000 1224.0000 370.0000 2.0697 0.6120 1.8859 -4.1459 1.8162 -0.2487 0.3129 0.0460
Pedestrian 0.0000 0 2.3250 833.6183 165.4682 875.9775 264.5973 1.6670 0.4538 0.5253 4.2680 1.4158 12.2083 2.6550 0.0438
Car 0.0000 0 2.3966 0.0000 0.0000 1224.0000 370.0000 1.4746 1.5033 3.8404 0.5873 1.6413 0.6491 2.9417 0.0432
Car 0.0000 0 2.7326 0.0000 0.0000 1224.0000 370.0000 1.4920 1.5546 4.2144 0.3053 1.6094 0.5934 3.0564 0.0427
Car 0.0000 0 3.2136 0.0000 0.0000 1224.0000 370.0000 1.4915 1.5764 3.9881 -0.1499 1.6261 0.5198 3.0401 0.0410
Car 0.0000 0 -0.5968 232.0292 0.0000 988.5058 370.0000 1.6093 1.6679 3.8533 -0.2579 1.5750 -0.1361 -1.5341 0.0401
Pedestrian 0.0000 0 2.6287 655.7321 182.2465 690.6111 252.6246 1.4542 0.3536 0.6414 1.3964 1.4934 14.9115 2.7217 0.0387
Pedestrian 0.0000 0 -3.2722 854.7263 166.5179 892.0539 265.0197 1.6525 0.4593 0.5395 4.5579 1.4196 12.1399 -2.9199 0.0376
Car 0.0000 0 3.3039 0.0000 0.0000 1224.0000 370.0000 1.5284 1.6167 4.1013 -0.2764 1.6464 0.8439 3.0733 0.0357
Pedestrian 0.0000 0 2.7469 852.8812 164.7093 894.5179 264.0591 1.6696 0.4786 0.5208 4.5593 1.4059 12.1275 3.0997 0.0347
Car 0.0000 0 0.8663 0.0000 0.0000 1224.0000 370.0000 1.4658 1.5547 3.5002 1.3442 1.6203 0.5630 1.8558 0.0335
Cyclist 0.0000 0 2.1160 0.0000 0.0000 1224.0000 370.0000 1.9590 0.5952 1.9227 -4.5362 1.7585 -0.3269 0.5459 0.0320
Car 0.0000 0 0.3393 0.0000 0.0000 1224.0000 370.0000 1.4949 1.6732 3.7431 8.0050 1.3739 1.8547 1.6459 0.0320
Car 0.0000 0 3.6970 211.6567 0.0000 1224.0000 370.0000 1.5731 1.7256 4.4174 -2.5199 1.6957 0.3968 2.4061 0.0317
Pedestrian 0.0000 0 0.0176 56.9116 168.6339 96.3993 267.3581 1.7611 0.4998 0.5671 -9.7330 1.5511 12.9755 -0.6125 0.0306
Pedestrian 0.0000 0 -1.4759 830.5669 164.0379 861.9646 261.7109 1.6953 0.4845 0.5620 4.2681 1.4112 12.6217 -1.1557 0.0304
Cyclist 0.0000 0 0.2910 0.0000 0.0000 1224.0000 370.0000 1.6743 0.5690 1.9821 -1.3700 1.6171 -0.0584 -1.0868 0.0300
Car 0.0000 0 0.5049 493.3237 0.0000 1224.0000 370.0000 1.5415 1.6328 4.0097 0.5254 1.6492 -0.3093 2.0503 0.0297
Pedestrian 0.0000 0 -0.0972 55.5419 167.9851 96.8433 266.9200 1.7638 0.5063 0.5659 -9.7530 1.5423 12.9771 -0.7282 0.0294
Pedestrian 0.0000 0 1.8110 660.9943 182.7705 685.4556 253.0842 1.4200 0.3642 0.6451 1.3781 1.4699 14.6618 1.9044 0.0288
Cyclist 0.0000 0 0.4846 0.0000 0.0000 1224.0000 370.0000 1.7086 0.5710 1.9571 1.4274 1.5566 0.0471 1.8029 0.0278
Cyclist 0.0000 0 0.0380 0.0000 0.0000 1224.0000 370.0000 1.6795 0.5239 1.8551 -1.0621 1.5716 0.0082 -1.2277 0.0267
Pedestrian 0.0000 0 -0.0090 534.0533 170.5532 564.4172 266.1734 1.7560 0.5292 0.5570 -1.0922 1.5750 13.2677 -0.0875 0.0246
Car 0.0000 0 1.1182 237.8095 0.0000 1224.0000 370.0000 1.5259 1.6236 3.9917 0.5897 1.6888 0.3593 1.8321 0.0239
Pedestrian 0.0000 0 -0.0287 79.3502 171.3566 115.8600 264.7730 1.6983 0.5038 0.5455 -9.5304 1.5337 13.2139 -0.6404 0.0238
Cyclist 0.0000 0 -0.2418 176.7057 0.0000 1224.0000 370.0000 1.6672 0.4496 1.7439 -1.0339 1.6603 0.4734 -1.1542 0.0226
Car 0.0000 0 -3.1396 0.0000 0.0000 1224.0000 370.0000 1.5229 1.6140 4.1338 0.6069 1.6484 1.1169 -2.7390 0.0223
Pedestrian 0.0000 0 0.8899 1068.5768 206.5979 1185.1698 370.0000 1.2516 0.3520 0.6679 3.8408 1.4622 5.3068 1.4903 0.0216
Pedestrian 0.0000 0 -0.3170 531.4546 169.8770 568.0527 267.0346 1.7753 0.5430 0.5424 -1.0842 1.5829 13.2697 -0.3950 0.0211
Cyclist 0.0000 0 -2.0992 837.7625 162.3229 913.1116 267.4466 1.6858 0.3876 1.7112 4.5844 1.3960 12.2099 -1.7468 0.0211
Pedestrian 0.0000 0 -0.1131 67.4553 170.0753 106.4874 268.1778 1.7480 0.5566 0.5240 -9.5548 1.5639 12.9756 -0.7344 0.0210
Car 0.0000 0 -2.2251 339.8648 0.0000 1121.9691 370.0000 1.6569 1.6870 3.9173 0.1303 1.5478 -0.1841 -1.4674 0.0210
Car 0.0000 0 -3.4125 0.0000 0.0000 1224.0000 370.0000 1.5004 1.6304 3.8833 0.9468 1.6196 1.1253 -2.8318 0.0207
Car 0.0000 0 -1.4539 143.2299 0.0000 1224.0000 370.0000 1.4521 1.6169 3.8495 0.1321 1.6465 1.1471 -1.3625 0.0206
Car 0.0000 0 -2.4887 0.0000 0.0000 1224.0000 370.0000 1.5189 1.4861 3.7361 5.0055 1.4712 -0.3041 -0.9203 0.0202
Cyclist 0.0000 0 -0.1107 0.0000 0.0000 1224.0000 370.0000 1.6091 0.4348 1.6148 -7.0588 1.5847 0.3812 -1.5803 0.0197
Car 0.0000 0 2.7190 0.0000 0.0000 1224.0000 370.0000 1.4819 1.5844 4.1009 0.3118 1.6313 0.6359 3.0354 0.0195
Cyclist 0.0000 0 -1.2536 156.1469 172.4719 208.7032 254.9170 1.5911 0.4169 1.6518 -8.6738 1.4378 14.4912 -1.7815 0.0188
Pedestrian 0.0000 0 -0.1088 40.4700 167.7682 83.8551 269.7200 1.7863 0.4525 0.5794 -9.8326 1.5648 12.7462 -0.7521 0.0187
Pedestrian 0.0000 0 -0.0511 67.3124 170.0680 105.2033 267.8535 1.7413 0.5545 0.5387 -9.5643 1.5571 12.9700 -0.6731 0.0187
Cyclist 0.0000 0 -0.6712 0.0000 0.0000 1224.0000 370.0000 1.7198 0.4552 1.8489 -0.6086 1.6600 0.7981 -1.1667 0.0174
Pedestrian 0.0000 0 2.1699 655.7670 181.6313 688.1024 252.6234 1.4573 0.3744 0.6569 1.3724 1.4834 14.8935 2.2615 0.0174
Car 0.0000 0 3.6964 0.0000 0.0000 1224.0000 370.0000 1.5670 1.7111 4.2110 -2.5532 1.6649 -0.0948 2.2165 0.0173
Car 0.0000 0 -2.1784 1140.8818 155.4247 1224.0000 215.3670 1.5705 1.6096 4.0103 17.7581 0.9151 20.5940 -1.4728 0.0172
Car 0.0000 0 1.6575 0.0000 184.3418 10.9393 241.4329 1.4462 1.5805 4.0606 -18.2766 1.5694 20.2897 0.9337 0.0166
Car 0.0000 0 0.0200 0.0000 0.0000 1224.0000 370.0000 1.3565 1.5501 3.3409 9.6531 1.3645 -0.1583 1.5752 0.0165
Pedestrian 0.0000 0 0.0622 58.1499 170.3103 99.5764 271.8654 1.7809 0.4760 0.5665 -9.5226 1.6039 12.7468 -0.5658 0.0162
Cyclist 0.0000 0 0.4748 33.0924 167.9399 141.8067 264.1487 1.7270 0.3874 1.6208 -9.5359 1.5032 12.9954 -0.1448 0.0160
Pedestrian 0.0000 0 -0.5286 72.2715 169.6233 121.0847 267.8338 1.7850 0.5149 0.5595 -9.5373 1.5890 13.2077 -1.1409 0.0157
Car 0.0000 0 -1.4852 0.0000 0.0000 1224.0000 370.0000 1.5038 1.5702 3.3727 5.4887 1.6180 0.1339 0.0040 0.0157
Pedestrian 0.0000 0 -0.9795 827.3506 166.5778 869.4230 261.9499 1.6571 0.4626 0.5915 4.3100 1.4168 12.6439 -0.6569 0.0157
Cyclist 0.0000 0 0.7482 0.0000 0.0000 1224.0000 370.0000 1.7122 0.5540 1.8320 1.1082 1.6174 0.4072 1.7379 0.0155
Pedestrian 0.0000 0 0.1809 55.4960 171.6888 102.6342 272.0945 1.7603 0.4735 0.6027 -9.5085 1.6074 12.7343 -0.4469 0.0152
Pedestrian 0.0000 0 2.7133 834.8464 170.8879 874.9286 264.5908 1.5892 0.4344 0.5180 4.2735 1.4278 12.2282 3.0432 0.0150
Car 0.0000 0 -2.7951 514.2986 161.0610 614.4221 197.2356 1.5962 1.6990 4.2910 -1.8795 0.7399 32.6229 -2.8502 0.0150
Car 0.0000 0 -2.4034 1124.2275 154.6555 1224.0000 214.9888 1.5733 1.6409 3.9208 17.4356 0.9009 20.4843 -1.7042 0.0147
Car 0.0000 0 -3.1637 0.0000 0.0000 1224.0000 370.0000 1.5212 1.6717 4.0630 0.4737 1.6999 1.1146 -2.8441 0.0140
Car 0.0000 0 -1.6346 581.9261 160.6220 608.2321 185.2625 1.7602 1.6976 4.1510 -0.7680 0.3415 52.6374 -1.6472 0.0139
Car 0.0000 0 -2.6864 0.0000 0.0000 1224.0000 370.0000 1.5039 1.5699 3.4377 5.5403 1.4001 -0.1585 -1.1440 0.0139
Pedestrian 0.0000 0 2.2900 1095.0696 183.4686 1223.6790 370.0000 1.5208 0.4345 0.6934 4.1829 1.5465 5.4139 2.9216 0.0139
Car 0.0000 0 -2.1184 1145.6763 155.4209 1224.0000 215.9975 1.5890 1.6787 3.9786 17.8718 0.9328 20.6399 -1.4108 0.0137
Car 0.0000 0 0.8046 0.0000 0.0000 1224.0000 370.0000 1.5109 1.5367 3.4935 11.8184 0.9212 1.4079 2.2313 0.0137
Car 0.0000 0 -2.4555 1121.1892 157.3475 1224.0000 217.3374 1.5696 1.6393 3.8269 17.3821 0.9654 20.5278 -1.7589 0.0136
Cyclist 0.0000 0 -1.8063 818.2324 165.1339 866.5896 264.0606 1.6855 0.4260 1.7357 4.2671 1.4253 12.9231 -1.4930 0.0134
Car 0.0000 0 -2.6856 520.8797 161.8102 618.2635 197.2239 1.5715 1.7331 4.2072 -1.6740 0.7436 32.9994 -2.7339 0.0132
Cyclist 0.0000 0 -1.2566 170.1719 173.0439 219.9271 252.0235 1.5790 0.4306 1.5812 -8.6823 1.4316 14.9483 -1.7718 0.0132
Car 0.0000 0 -2.8289 520.2761 161.5500 616.7780 197.2505 1.5771 1.6985 4.1194 -1.6800 0.7414 32.5858 -2.8780 0.0131
Cyclist 0.0000 0 0.5195 30.9292 169.1169 136.6327 263.5550 1.7019 0.4007 1.5831 -9.6226 1.4984 13.0178 -0.1036 0.0129
Car 0.0000 0 -2.9713 514.0020 160.6428 612.1998 196.8763 1.5979 1.7070 4.2446 -1.8888 0.7236 32.2650 -3.0273 0.0128
Car 0.0000 0 1.6908 0.0000 182.8099 7.8196 241.3555 1.4704 1.6029 4.2120 -18.3199 1.5449 20.1112 0.9615 0.0128
Car 0.0000 0 1.2903 604.1971 164.5316 663.5667 199.5636 1.4713 1.6678 3.8000 1.2082 0.8021 31.7346 1.3299 0.0127
Car 0.0000 0 -2.9826 522.1767 161.8929 614.7702 197.1133 1.5549 1.6881 4.0026 -1.6454 0.7349 32.2693 -3.0311 0.0126
Car 0.0000 0 2.1934 0.0000 172.8539 12.2231 209.5882 1.4660 1.6506 3.8222 -27.6217 1.1624 30.2030 1.4596 0.0126
Cyclist 0.0000 0 -2.1790 957.0897 159.2370 1039.0476 248.6747 1.6278 0.5065 1.6798 7.5444 1.2424 13.7264 -1.6844 0.0121
Car 0.0000 0 -2.4888 0.0000 0.0000 1224.0000 370.0000 1.5097 1.5654 3.7089 11.3559 0.8408 0.7660 -1.0124 0.0121
Car 0.0000 0 1.1796 0.0000 189.5796 15.9550 238.8345 1.3921 1.5671 3.9504 -20.4571 1.6974 22.1024 0.4416 0.0120
Car 0.0000 0 1.8138 618.4583 165.7603 685.1086 207.7699 1.4780 1.6200 4.0061 1.8414 0.9610 27.0263 1.8829 0.0119
Car 0.0000 0 0.5485 575.3818 165.7637 661.7475 200.1347 1.4699 1.6663 3.5460 0.5775 0.8412 31.8886 0.5683 0.0118
Pedestrian 0.0000 0 -1.7301 820.7872 158.2576 856.8404 255.7543 1.7371 0.5297 0.6180 4.2277 1.3425 12.9380 -1.4198 0.0116
Car 0.0000 0 1.6536 635.6489 167.4507 686.5844 208.3843 1.4455 1.6187 3.9156 2.1850 0.9862 27.0278 1.7352 0.0114
Car 0.0000 0 -1.6566 580.6285 158.1481 609.1056 185.2249 1.9357 1.7613 4.3289 -0.7900 0.3391 52.7833 -1.6697 0.0114
Car 0.0000 0 2.0596 546.1357 163.9753 619.6653 200.6736 1.5272 1.7018 3.7574 -0.9359 0.8410 31.4807 2.0321 0.0112
Car 0.0000 0 2.2100 0.0000 170.2318 13.1047 207.2894 1.4675 1.6230 4.0806 -27.6016 1.0624 30.1039 1.4750 0.0111
Car 0.0000 0 -1.6905 0.0000 181.8979 22.5829 239.1697 1.4576 1.6493 4.2778 -18.0988 1.5030 20.1279 -2.4133 0.0110
Car 0.0000 0 -1.9127 554.6437 163.1380 616.0219 198.3168 1.5728 1.7029 3.9367 -1.0218 0.7980 33.7500 -1.9408 0.0109
Car 0.0000 0 1.3669 0.0000 186.6421 14.6220 237.1242 1.4266 1.6571 4.3261 -20.4582 1.6397 22.4011 0.6355 0.0109
Cyclist 0.0000 0 2.4412 954.3517 163.3145 1042.1219 247.0154 1.6191 0.5665 1.5316 7.7974 1.2883 14.1043 2.9385 0.0106
Car 0.0000 0 -1.6079 610.9427 164.9669 652.2960 198.6607 1.4509 1.7460 3.5535 1.1426 0.7835 32.2188 -1.5709 0.0105
Car 0.0000 0 2.5445 598.7319 169.2407 700.0882 207.5360 1.4423 1.5728 3.8227 1.7735 1.0197 28.2728 2.6083 0.0104
Pedestrian 0.0000 0 -0.4137 66.2835 167.6614 105.7992 258.7843 1.6650 0.5106 0.4307 -9.7555 1.4320 13.2294 -1.0359 0.0103
Car 0.0000 0 2.1235 596.6656 164.8746 683.6618 204.6342 1.4318 1.6024 3.8296 1.4113 0.8706 27.4870 2.1761 0.0102
Car 0.0000 0 -1.5710 609.5971 163.7128 649.5694 197.6765 1.4780 1.7401 3.7881 1.1168 0.7490 32.6879 -1.5353 0.0102
Car 0.0000 0 2.0226 611.1470 170.1092 690.0521 209.8638 1.4357 1.5825 3.7597 1.8219 1.0620 27.5544 2.0897 0.0101
Pedestrian 0.0000 0 1.7110 1115.5219 181.1594 1197.2388 370.0000 1.5287 0.4261 0.6530 4.1816 1.5358 5.4193 2.3420 0.0101
Car 0.0000 0 -3.1851 0.0000 0.0000 1224.0000 370.0000 1.4472 1.4832 3.7097 14.7803 1.1362 -0.2654 -1.6168 0.0101
Car 0.0000 0 1.6111 0.0000 181.2616 8.9684 240.1841 1.4969 1.7190 4.1808 -18.2110 1.5225 20.1755 0.8864 0.0101
Cyclist 0.0000 0 0.6145 0.0000 0.0000 1224.0000 370.0000 1.6607 0.5276 1.7979 1.3910 1.6337 0.4559 1.6763 0.0101
Car 0.0000 0 0.2364 564.5524 167.6524 649.0454 200.8601 1.4476 1.6489 3.5412 0.0853 0.8890 32.0396 0.2408 0.0101
Car 0.0000 0 3.0963 515.7963 159.9155 611.7360 196.5558 1.6002 1.7022 4.2169 -1.9058 0.7027 31.9371 3.0393 0.0100
Car 0.0000 0 2.5111 529.0042 163.2923 621.1970 199.8641 1.5383 1.6443 3.8940 -1.3187 0.8160 31.5896 2.4716 0.0099
Car 0.0000 0 -3.0860 0.0000 0.0000 1224.0000 370.0000 1.4097 1.4534 3.6496 14.7125 1.2088 -0.0234 -1.5341 0.0098
Car 0.0000 0 -2.6157 1108.3314 155.7688 1224.0000 215.3038 1.5376 1.6590 4.0856 17.1807 0.9004 20.4590 -1.9232 0.0096
Car 0.0000 0 -1.6424 633.8878 164.6517 680.6727 203.2195 1.5282 1.6905 3.9140 2.1300 0.9017 29.9687 -1.5704 0.0096
Car 0.0000 0 -1.2639 571.0515 164.2574 632.2055 198.8364 1.5464 1.8048 3.9513 -0.1079 0.8215 33.7698 -1.2652 0.0096
Car 0.0000 0 2.1934 595.2631 163.7659 684.9742 203.9616 1.4623 1.5853 3.8060 1.4143 0.8550 27.6974 2.2457 0.0095
Car 0.0000 0 -1.8160 0.0000 0.0000 1224.0000 370.0000 1.5944 1.6265 3.4904 5.4814 1.5462 0.0277 -0.3077 0.0095
Car 0.0000 0 -1.4052 674.1484 165.0760 728.6271 203.7844 1.5191 1.6558 3.9112 4.1117 0.9153 29.8572 -1.2680 0.0094
Car 0.0000 0 1.5515 650.3541 172.2870 696.2563 212.8207 1.4448 1.6327 3.6911 2.5495 1.1536 27.0988 1.6459 0.0094
Car 0.0000 0 -2.9116 531.0272 164.3156 622.2783 198.8348 1.5200 1.6845 3.8870 -1.2854 0.8088 32.3276 -2.9490 0.0094
Car 0.0000 0 1.5621 0.0000 182.8548 14.6029 240.7795 1.4622 1.6581 4.2411 -18.0368 1.5379 20.1493 0.8416 0.0093
Cyclist 0.0000 0 -0.4402 239.4651 0.0000 1224.0000 370.0000 1.6444 0.4487 1.8339 -1.0354 1.7343 0.7344 -1.2138 0.0093
Car 0.0000 0 0.2125 663.9460 166.5002 769.1187 204.5381 1.4590 1.6658 3.9410 4.4941 0.9235 28.6012 0.3685 0.0093
Car 0.0000 0 3.0404 522.6720 162.2018 616.2878 197.8835 1.5530 1.6799 4.0702 -1.6568 0.7581 31.9041 2.9909 0.0093
Car 0.0000 0 1.3870 601.3318 166.3024 651.5908 200.8006 1.4651 1.6433 3.5222 0.8917 0.8636 31.8890 1.4166 0.0093
Cyclist 0.0000 0 -1.0293 1170.0400 163.7420 1224.0000 350.5597 1.6662 0.6149 1.8923 6.4527 1.5185 6.8717 -0.2966 0.0093
Car 0.0000 0 2.8307 598.1515 168.5440 700.3419 205.7923 1.4427 1.6198 3.8180 1.7464 0.9812 28.6364 2.8927 0.0092
Pedestrian 0.0000 0 -1.7563 969.4852 159.6189 1009.7153 245.1612 1.6339 0.6023 0.5143 7.4763 1.2367 13.8351 -1.2688 0.0092
Car 0.0000 0 -0.6806 641.7544 165.2273 745.0045 203.9469 1.5356 1.7242 4.1739 3.7394 0.9314 29.8691 -0.5556 0.0092
Car 0.0000 0 0.3323 579.9780 165.7238 663.8161 199.0985 1.4431 1.6014 3.4507 0.7526 0.8056 31.9208 0.3575 0.0092
Car 0.0000 0 -1.6121 574.0873 163.3776 613.9669 198.5388 1.5826 1.7422 3.9216 -0.5954 0.8134 33.8273 -1.6277 0.0092
Pedestrian 0.0000 0 -1.7361 968.9684 158.5128 1009.3253 245.1806 1.6534 0.6098 0.5297 7.4651 1.2356 13.8315 -1.2491 0.0092
Car 0.0000 0 -1.8683 603.8648 163.6680 663.7359 198.1007 1.4669 1.6889 3.7439 1.2232 0.7513 32.1421 -1.8287 0.0091
Car 0.0000 0 1.4889 0.0000 181.0966 26.3969 238.6869 1.4738 1.6594 4.2192 -17.9405 1.4942 20.1984 0.7722 0.0091
Car 0.0000 0 -1.2990 604.5154 164.0225 659.3491 197.7308 1.5167 1.6733 3.7520 1.3324 0.7768 33.8516 -1.2582 0.0091
Car 0.0000 0 2.9895 536.1104 164.2926 624.2285 198.7716 1.5028 1.6671 3.7745 -1.1714 0.7978 31.9810 2.9551 0.0091
Car 0.0000 0 1.1718 664.7212 171.6218 738.6845 209.1383 1.3873 1.6656 3.5029 3.7360 1.0605 28.0491 1.3046 0.0090
Cyclist 0.0000 0 -0.5693 957.8447 163.1638 1057.3722 249.0663 1.6356 0.6779 1.5808 7.8241 1.3072 13.8458 -0.0631 0.0090
Car 0.0000 0 1.5289 661.1245 172.2140 708.9177 213.0031 1.4540 1.6528 3.6474 2.9760 1.1601 27.0742 1.6388 0.0089
Car 0.0000 0 1.1472 665.6641 170.6755 739.2184 208.6123 1.3982 1.6230 3.3702 3.7497 1.0376 27.9012 1.2810 0.0088
Car 0.0000 0 1.2483 672.7195 169.0082 742.3691 206.1228 1.3950 1.6864 3.6874 4.0341 0.9646 28.5357 1.3890 0.0088
Car 0.0000 0 0.2068 563.0125 167.2680 647.9008 200.7574 1.4628 1.6429 3.5875 0.0277 0.8863 32.0544 0.2095 0.0088
Car 0.0000 0 -2.0020 0.0000 0.0000 1224.0000 370.0000 1.6028 1.6351 3.4791 5.2955 1.4594 -0.2407 -0.4455 0.0088
Car 0.0000 0 -2.8919 651.2496 169.1638 755.7565 206.6192 1.4374 1.6582 3.9044 3.9689 1.0039 28.6350 -2.7539 0.0087
Car 0.0000 0 -2.9358 508.5551 159.2937 610.7414 195.2340 1.5842 1.6916 4.4079 -2.0541 0.6509 32.3159 -2.9967 0.0087
Car 0.0000 0 2.5850 518.2589 158.6195 619.2669 196.3335 1.5678 1.6589 4.2218 -1.5857 0.6597 31.2698 2.5368 0.0087
Car 0.0000 0 3.0783 582.2066 165.3405 689.6273 202.4039 1.4737 1.6724 4.2828 1.1934 0.8724 28.9880 3.1208 0.0087
Car 0.0000 0 -0.9454 0.0000 190.2665 28.0015 244.6654 1.4287 1.5462 3.4866 -19.2625 1.7459 21.0316 -1.6777 0.0086
Car 0.0000 0 0.8799 665.6231 167.7498 760.3104 206.9499 1.4229 1.6681 3.7206 4.1259 0.9616 27.6842 1.0280 0.0086
Car 0.0000 0 3.1415 511.1084 159.2730 609.6275 195.5821 1.5880 1.6891 4.3188 -2.0226 0.6611 31.8924 3.0807 0.0086
Car 0.0000 0 1.4134 594.2191 168.9003 645.0411 203.1537 1.4321 1.6993 3.6881 0.5709 0.9486 31.4993 1.4332 0.0086
Car 0.0000 0 1.3176 599.8221 166.3662 655.8934 201.4230 1.4556 1.6299 3.5691 0.9294 0.8703 31.2736 1.3489 0.0085
Car 0.0000 0 2.2195 535.3063 161.4997 618.0566 199.1748 1.5783 1.7055 3.8783 -1.2246 0.7838 31.6926 2.1831 0.0085
Car 0.0000 0 -0.1062 585.9043 164.4731 673.2943 198.1165 1.4833 1.7308 3.8096 1.0558 0.7781 32.1673 -0.0718 0.0085
Car 0.0000 0 -3.0212 539.2001 164.8442 625.0538 199.0381 1.5129 1.7314 3.7390 -1.0218 0.8217 32.3099 -3.0506 0.0085
Car 0.0000 0 -1.7890 0.0000 0.0000 1224.0000 370.0000 1.5643 1.5838 3.4864 5.2275 1.4805 -0.1455 -0.2508 0.0084
Car 0.0000 0 2.9379 508.5818 158.9555 612.5795 195.1092 1.5406 1.6750 4.3778 -2.0164 0.6240 31.5051 2.8766 0.0084
Car 0.0000 0 -2.8290 529.4913 164.8820 622.6741 199.3293 1.5267 1.7214 3.9691 -1.3363 0.8360 32.6977 -2.8676 0.0084
Car 0.0000 0 1.5163 650.2108 170.0392 699.0954 210.6463 1.4310 1.6252 3.8911 2.5554 1.0639 26.8883 1.6117 0.0084
Car 0.0000 0 1.6046 0.0000 182.0471 21.5706 239.1226 1.4560 1.6777 3.8148 -17.7772 1.5061 20.1515 0.8913 0.0083
Cyclist 0.0000 0 -1.9970 968.3109 161.9604 1042.8317 248.9648 1.6010 0.6313 1.6402 7.7613 1.2615 13.8478 -1.4942 0.0083
Car 0.0000 0 -1.0539 553.4038 164.2351 625.5201 200.2476 1.5422 1.7256 3.6159 -0.6679 0.8471 32.2742 -1.0726 0.0083
Car 0.0000 0 2.6404 510.4284 158.6661 616.0804 195.8283 1.5404 1.6605 4.3916 -1.8264 0.6369 31.1684 2.5844 0.0083
Car 0.0000 0 2.0915 610.2411 169.6416 690.2538 208.1178 1.4129 1.5609 3.6054 1.8216 1.0157 27.8928 2.1578 0.0083
Car 0.0000 0 1.3580 669.2081 171.6611 729.1398 208.0359 1.3694 1.6675 3.5369 3.6940 1.0381 28.4447 1.4875 0.0083
Car 0.0000 0 1.3412 591.3338 168.7476 645.9847 202.9891 1.4340 1.6618 3.5654 0.5289 0.9433 31.5232 1.3596 0.0083
Car 0.0000 0 0.0131 658.7781 167.0794 756.1407 203.4180 1.4368 1.6507 3.8502 4.1786 0.9077 29.0662 0.1562 0.0083
Car 0.0000 0 -2.0315 0.0000 184.4123 16.4729 233.9642 1.4113 1.6201 3.6998 -20.2553 1.5412 21.7806 -2.7716 0.0083
Car 0.0000 0 -2.9643 0.0000 0.0000 1224.0000 370.0000 1.5383 1.5630 3.2996 5.9994 1.6482 -0.0845 -1.4317 0.0082
Car 0.0000 0 1.7559 630.7787 171.7852 689.0665 210.7099 1.3961 1.6072 3.5913 2.1586 1.0850 27.2973 1.8357 0.0082
Car 0.0000 0 1.2040 666.7535 167.9884 746.5125 209.0543 1.4495 1.6869 3.9951 3.7702 1.0094 27.0885 1.3425 0.0082
Car 0.0000 0 1.2267 597.3254 163.4520 661.8415 200.6482 1.5287 1.6550 3.7657 0.9912 0.8296 31.1001 1.2601 0.0082
Car 0.0000 0 0.6439 582.1113 165.7071 669.3284 199.9431 1.4438 1.5934 3.6719 0.8740 0.8215 31.5809 0.6732 0.0081
Car 0.0000 0 -1.1435 556.1137 163.3347 622.2089 199.5440 1.5447 1.6795 3.5434 -0.6779 0.8139 32.1180 -1.1625 0.0081
Cyclist 0.0000 0 -0.1756 0.0000 0.0000 1224.0000 370.0000 1.5974 0.4487 1.5908 -7.4785 1.5184 0.5236 -1.6319 0.0081
Car 0.0000 0 2.4519 0.0000 184.6554 116.6819 242.8410 1.4922 1.6713 4.1465 -16.8177 1.6281 20.6426 1.7775 0.0080
Car 0.0000 0 -1.3791 674.1704 164.4358 730.1171 202.6670 1.4954 1.6481 3.7115 4.1146 0.8685 29.6731 -1.2410 0.0080
Car 0.0000 0 0.9060 664.7802 168.7605 755.9958 206.5911 1.3904 1.6703 3.6423 4.0715 0.9605 27.9769 1.0507 0.0080
Car 0.0000 0 1.7183 0.0000 180.0287 13.6788 241.3635 1.5514 1.7231 4.1202 -18.2499 1.5411 20.0740 0.9901 0.0080
Car 0.0000 0 -1.7932 602.2501 167.7280 653.9343 199.6567 1.3958 1.6501 3.5393 0.9957 0.8389 32.7989 -1.7613 0.0080
Car 0.0000 0 -0.1831 641.3212 168.6513 743.0103 205.4924 1.4767 1.7148 3.9348 3.5394 1.0033 29.3139 -0.0624 0.0079
Car 0.0000 0 -2.4071 0.0000 0.0000 1224.0000 370.0000 1.4994 1.5255 3.4119 11.3642 0.8175 0.9632 -0.9478 0.0079
Car 0.0000 0 -2.9769 641.9785 169.3140 742.6478 207.7999 1.5045 1.7005 3.8726 3.5780 1.0687 29.0003 -2.8537 0.0079
Car 0.0000 0 0.2171 658.4360 168.0970 758.2144 204.7877 1.4163 1.6402 3.7458 4.1816 0.9390 28.7176 0.3620 0.0079
Car 0.0000 0 -2.9445 648.8965 168.0002 754.2346 206.7094 1.5008 1.7662 3.9981 3.9377 1.0177 28.8955 -2.8087 0.0079
Car 0.0000 0 0.0769 554.4008 167.6731 640.8845 201.7575 1.5020 1.7203 3.8091 -0.3088 0.9382 32.1431 0.0692 0.0079
Car 0.0000 0 1.3960 667.7186 172.7807 723.0403 211.0719 1.4145 1.6030 3.2530 3.4652 1.1309 27.7790 1.5204 0.0079
Car 0.0000 0 -0.0463 551.4979 167.4892 644.8721 201.8292 1.5606 1.8311 4.2638 -0.3725 0.9708 33.1604 -0.0556 0.0078
Car 0.0000 0 1.5644 0.0000 180.2089 10.7977 239.0706 1.5013 1.7188 4.1156 -18.1688 1.4955 20.1346 0.8399 0.0078
Car 0.0000 0 2.4441 540.3448 165.1873 624.1955 200.1787 1.4780 1.6377 3.5203 -1.0036 0.8327 31.6428 2.4146 0.0078
Car 0.0000 0 1.5708 694.2382 166.4041 738.3502 204.3188 1.4280 1.6487 3.7985 4.4757 0.8986 28.6289 1.7260 0.0078
Pedestrian 0.0000 0 -0.9363 78.9579 166.1202 130.5164 270.9630 1.8776 0.5465 0.5566 -9.1954 1.6217 12.9436 -1.5407 0.0078
Car 0.0000 0 1.4642 668.6508 167.9932 725.0366 209.5535 1.4613 1.6951 3.9449 3.3827 1.0231 26.8436 1.5899 0.0078
Car 0.0000 0 -0.0859 577.1189 166.1644 661.5168 199.5759 1.4697 1.6933 3.6932 0.5874 0.8406 32.0633 -0.0659 0.0078
Car 0.0000 0 1.6484 0.0000 179.8349 11.3168 239.2607 1.5241 1.6936 4.0051 -18.2664 1.5086 20.2371 0.9237 0.0078
Car 0.0000 0 1.3969 601.0701 167.1252 651.9099 202.2551 1.4673 1.6612 3.5491 0.8761 0.9102 31.4033 1.4264 0.0077
Car 0.0000 0 -3.1084 615.9525 167.6333 710.3360 205.2746 1.5064 1.6627 3.7952 2.4029 0.9929 29.3355 -3.0258 0.0077
Car 0.0000 0 -4.4020 0.0000 0.0000 1224.0000 370.0000 1.3726 1.4105 3.4633 15.6253 1.0361 -0.1291 -2.8423 0.0077
Car 0.0000 0 1.0811 670.0657 164.6224 760.0824 206.1032 1.4558 1.6500 4.0939 4.0756 0.9001 27.0140 1.2310 0.0077
Car 0.0000 0 -1.5086 675.3755 168.4485 720.2448 204.6148 1.4007 1.6318 3.3273 3.8536 0.9354 29.1680 -1.3769 0.0076
Car 0.0000 0 0.0111 668.3807 163.6613 782.4868 203.8893 1.5381 1.7625 4.3614 4.7707 0.8958 28.2819 0.1782 0.0076
Car 0.0000 0 2.7692 518.1081 160.3142 619.2089 197.1380 1.5583 1.6738 4.1818 -1.6340 0.7055 31.5345 2.7199 0.0076
Car 0.0000 0 1.3916 593.5812 167.3283 645.7017 202.1122 1.4569 1.6769 3.7679 0.5715 0.9067 31.6027 1.4113 0.0076
Car 0.0000 0 -1.6001 637.4883 166.7923 680.2557 204.3855 1.4814 1.6759 3.6448 2.1865 0.9428 29.7160 -1.5257 0.0076
Car 0.0000 0 1.7477 0.0000 181.0833 14.9515 239.6422 1.4716 1.6978 4.3247 -18.3010 1.4916 20.0943 1.0186 0.0076
Car 0.0000 0 -4.4395 0.0000 0.0000 1224.0000 370.0000 1.3653 1.3895 3.4206 15.6075 1.0647 -0.1710 -2.8770 0.0076
Car 0.0000 0 0.0521 554.1064 167.6380 646.2690 200.5444 1.4419 1.7741 4.0568 -0.1955 0.8798 31.9598 0.0479 0.0076
Car 0.0000 0 -3.0899 594.0428 168.0723 694.6213 204.6055 1.4501 1.6245 4.0221 1.6222 0.9583 29.0853 -3.0330 0.0076
Pedestrian 0.0000 0 -3.4471 1206.7367 182.3858 1224.0000 370.0000 1.5798 0.4099 0.5700 4.2807 1.5945 4.5766 -2.7274 0.0076
Car 0.0000 0 -1.8928 612.2344 160.5236 683.3004 202.5087 1.6517 1.7010 4.4209 1.7076 0.8673 30.1662 -1.8350 0.0075
Car 0.0000 0 2.1045 548.8749 164.6743 623.4462 199.9146 1.4911 1.7092 3.7207 -0.8069 0.8230 31.9529 2.0814 0.0075
Car 0.0000 0 2.0820 544.6218 162.6290 617.3840 199.4862 1.5303 1.6294 3.6778 -1.0197 0.7898 31.3589 2.0517 0.0075
Car 0.0000 0 -0.3476 651.9287 166.1428 754.3624 204.0095 1.5117 1.6758 3.8866 4.0363 0.9400 29.4478 -0.2111 0.0075
Car 0.0000 0 -1.3170 0.0000 191.5573 10.9218 246.7749 1.3796 1.5321 3.7645 -18.7695 1.7334 20.4947 -2.0491 0.0075
Car 0.0000 0 -3.1580 588.9937 165.5489 692.7881 201.9766 1.4472 1.6572 4.1291 1.4288 0.8547 28.9844 -3.1074 0.0074
Car 0.0000 0 2.7591 503.1968 158.4351 611.5172 195.4095 1.5365 1.6684 4.4525 -2.0993 0.6210 31.0912 2.6944 0.0074
Car 0.0000 0 -1.2914 0.0000 175.0189 6.6495 238.2392 1.5783 1.6741 4.3216 -18.6589 1.4431 19.9540 -2.0336 0.0074
Car 0.0000 0 2.7150 578.2051 165.0814 693.2444 203.8410 1.4603 1.6605 4.2817 1.2043 0.8809 28.2029 2.7590 0.0074
Car 0.0000 0 1.0342 667.7380 166.6596 760.3395 208.3794 1.4801 1.7029 4.0106 4.0789 0.9906 27.2583 1.1829 0.0074
Car 0.0000 0 -2.8664 0.0000 0.0000 1224.0000 370.0000 1.3423 1.3837 3.0896 9.6365 1.3038 0.0472 -1.3327 0.0073
Car 0.0000 0 2.9321 587.8907 165.9023 694.8088 203.1208 1.4473 1.6466 4.0683 1.4115 0.8812 28.6248 2.9827 0.0073
Car 0.0000 0 -1.8080 618.1320 162.5391 680.3203 203.1975 1.6021 1.6815 4.2279 1.7758 0.8959 30.0850 -1.7478 0.0073
Car 0.0000 0 1.7111 0.0000 180.6806 14.2721 239.8703 1.4898 1.7026 4.3111 -18.2128 1.4971 20.0709 0.9838 0.0073
Car 0.0000 0 -4.4291 0.0000 0.0000 1224.0000 370.0000 1.3670 1.3663 3.5366 15.1777 1.1118 -0.2040 -2.8647 0.0073
Cyclist 0.0000 0 -0.8787 42.2441 165.4955 138.4975 270.2057 1.8128 0.4245 1.7309 -9.5354 1.5547 13.1153 -1.4941 0.0072
Car 0.0000 0 0.3196 665.6235 164.6532 781.8413 205.8902 1.5049 1.6804 4.1411 4.5769 0.9281 27.5054 0.4844 0.0072
Car 0.0000 0 0.9891 666.5198 166.9220 759.9215 208.0900 1.4745 1.7089 3.9020 4.0840 0.9897 27.4482 1.1369 0.0072
Car 0.0000 0 -1.9547 611.8946 165.0269 683.3759 203.6321 1.5052 1.6610 3.8508 1.6877 0.9034 29.6525 -1.8967 0.0072
Car 0.0000 0 2.3400 529.4396 160.7353 618.2860 198.6465 1.5625 1.5763 3.9885 -1.3314 0.7494 31.1474 2.2997 0.0072
Car 0.0000 0 1.1094 664.3758 171.6899 741.9519 210.2601 1.4086 1.6674 3.3816 3.7467 1.0883 27.6851 1.2442 0.0072
Car 0.0000 0 -1.2313 674.1877 163.4962 745.8596 202.7019 1.5181 1.7328 3.9825 4.4348 0.8612 29.5388 -1.0821 0.0072
Car 0.0000 0 0.9209 671.2204 162.9406 775.4290 206.5606 1.5379 1.7274 4.2380 4.4195 0.9203 27.1992 1.0820 0.0072
Car 0.0000 0 -2.8173 0.0000 0.0000 1224.0000 370.0000 1.5696 1.5723 3.3356 5.9140 1.5366 -0.1006 -1.2826 0.0072
Car 0.0000 0 -3.2435 630.0779 167.5916 732.8849 205.8251 1.5420 1.7240 4.0886 3.0931 1.0229 29.3799 -3.1380 0.0072
Car 0.0000 0 1.5400 619.5475 164.6332 662.5287 202.8521 1.4580 1.6273 3.7916 1.3912 0.8542 28.8782 1.5895 0.0072
Car 0.0000 0 1.6586 636.0675 166.5082 689.0784 208.3353 1.4502 1.6388 4.0300 2.2125 0.9666 26.6348 1.7423 0.0072
Car 0.0000 0 4.2199 0.0000 0.0000 1224.0000 370.0000 1.5020 1.5966 4.0607 -8.4589 1.4702 -0.3048 2.6530 0.0071
Car 0.0000 0 0.8975 672.7834 165.9482 769.4478 205.5211 1.4459 1.6809 3.9231 4.4784 0.9157 27.9504 1.0564 0.0071
Car 0.0000 0 1.7931 629.9564 173.0721 688.2532 210.0944 1.3532 1.5720 3.3552 2.1500 1.0833 27.6742 1.8715 0.0071
Car 0.0000 0 -2.8608 0.0000 0.0000 1224.0000 370.0000 1.6205 1.5862 3.3467 5.9673 1.6040 -0.0737 -1.3302 0.0071
Car 0.0000 0 -1.2885 0.0000 180.5444 8.2607 240.8539 1.5219 1.6112 4.0989 -18.6158 1.5248 20.0341 -2.0275 0.0071
Car 0.0000 0 -0.2085 578.3833 167.6363 674.6478 200.8444 1.4572 1.9199 4.0894 0.9258 0.8942 32.3276 -0.1784 0.0071
Car 0.0000 0 1.3961 665.8123 170.7917 726.0063 211.1559 1.4449 1.6812 3.5699 3.3896 1.0989 27.1297 1.5207 0.0071
Car 0.0000 0 2.8823 511.8459 159.1183 614.3634 196.0545 1.5719 1.6589 4.2843 -1.8974 0.6634 31.5409 2.8247 0.0071
Car 0.0000 0 0.3970 663.5938 166.8541 774.7604 205.5496 1.4497 1.7016 4.0451 4.5158 0.9400 28.2738 0.5554 0.0071
Car 0.0000 0 0.4073 664.8235 168.6218 764.9647 206.3638 1.4183 1.6511 3.5888 4.3447 0.9734 28.2175 0.5602 0.0071
Car 0.0000 0 2.5403 525.7131 160.6152 619.9963 198.1581 1.5651 1.6168 3.9468 -1.4072 0.7376 31.3016 2.4977 0.0070
Pedestrian 0.0000 0 -0.0048 72.8165 167.1240 102.7823 257.9204 1.6576 0.5149 0.4463 -9.7291 1.4150 13.2424 -0.6251 0.0070
Car 0.0000 0 0.2142 666.1837 163.5254 786.2361 205.1147 1.5459 1.7548 4.4003 4.7610 0.9164 27.9123 0.3830 0.0070
Car 0.0000 0 -1.1465 673.5137 164.5780 748.5560 203.4205 1.5037 1.6846 3.7661 4.4479 0.8888 29.4049 -0.9961 0.0070
Car 0.0000 0 0.5551 0.0000 177.0570 117.0741 219.4570 1.5083 1.4848 3.5467 -20.3365 1.3873 26.0625 -0.0999 0.0070
Car 0.0000 0 -2.0861 0.0000 184.5327 17.1070 234.6520 1.4343 1.5851 3.6277 -20.2555 1.5675 21.7561 -2.8268 0.0069
Car 0.0000 0 1.1886 0.0000 186.3918 15.8063 236.8623 1.4419 1.5914 3.9091 -20.4685 1.6409 22.1281 0.4510 0.0069
Car 0.0000 0 -1.1954 668.1259 165.4131 740.0253 203.4825 1.4636 1.6760 3.7735 4.1368 0.8851 29.2325 -1.0545 0.0069
Pedestrian 0.0000 0 -3.6615 1200.6520 175.5648 1224.0000 370.0000 1.5974 0.4386 0.5659 4.2705 1.5690 4.5796 -2.9433 0.0069
Car 0.0000 0 0.6433 575.6905 166.3784 660.0854 200.1248 1.4327 1.6234 3.5158 0.5330 0.8347 31.7339 0.6618 0.0068
Car 0.0000 0 2.4083 0.0000 183.2073 112.3258 241.0243 1.4857 1.6454 4.0882 -16.7828 1.5740 20.5139 1.7319 0.0068
Car 0.0000 0 1.1566 0.0000 186.8819 17.9088 237.8276 1.4522 1.5904 3.9487 -20.4178 1.6667 22.0610 0.4188 0.0068
Car 0.0000 0 0.1467 563.9428 168.3523 644.4673 202.3702 1.4863 1.6935 3.4307 -0.0216 0.9570 31.9785 0.1479 0.0068
Car 0.0000 0 1.3355 0.0000 0.0000 1224.0000 370.0000 1.4945 1.4264 3.8015 -5.3379 1.7261 -0.1533 -0.2019 0.0068
Car 0.0000 0 1.6266 0.0000 181.6655 12.2898 239.3223 1.4498 1.6960 4.3105 -18.0610 1.4881 20.0806 0.9037 0.0068
Car 0.0000 0 -1.6596 605.1125 168.0755 649.5355 200.0888 1.3832 1.7276 3.3945 0.9495 0.8479 32.2898 -1.6286 0.0068
Car 0.0000 0 -1.0702 0.0000 173.0562 67.4553 211.3316 1.6959 1.6973 4.2031 -27.6609 1.3675 33.5434 -1.7534 0.0068
Car 0.0000 0 -1.4988 605.0795 165.3724 646.8555 197.8749 1.4622 1.7261 3.7028 1.0357 0.7831 33.7348 -1.4666 0.0068
Car 0.0000 0 1.8896 0.0000 175.5612 59.2748 217.7931 1.4844 1.6058 4.2204 -22.6743 1.3124 27.1051 1.2005 0.0068
Car 0.0000 0 -0.4511 0.0000 0.0000 1224.0000 370.0000 1.4695 1.5770 3.8595 -27.6777 1.5108 0.5173 -1.9899 0.0068
Car 0.0000 0 2.4652 589.7469 165.0592 692.0620 204.5351 1.4561 1.6186 3.8639 1.4249 0.8881 27.8603 2.5176 0.0068
Car 0.0000 0 -0.4117 0.0000 0.0000 1224.0000 370.0000 1.5124 1.6440 4.1239 -27.6827 1.4909 0.4905 -1.9514 0.0068
Car 0.0000 0 2.7554 624.8156 166.0717 732.0750 204.5619 1.5467 1.7007 4.1634 3.0570 0.9684 29.8050 2.8584 0.0068
Car 0.0000 0 -2.1965 0.0000 0.0000 1224.0000 370.0000 1.5240 1.5363 3.9247 11.1818 0.8090 0.5551 -0.7029 0.0067
Car 0.0000 0 2.6575 589.0869 164.2796 694.7412 202.9384 1.4580 1.6178 3.9066 1.4555 0.8477 28.2118 2.7104 0.0067
Car 0.0000 0 -1.2531 670.0496 165.1944 736.8625 204.1474 1.5141 1.6887 3.7033 4.1489 0.9207 29.5119 -1.1131 0.0067
Car 0.0000 0 0.7740 668.0789 165.1613 774.7292 206.3651 1.4860 1.7321 4.0475 4.4424 0.9344 27.6368 0.9334 0.0067
Car 0.0000 0 -1.3372 636.4180 167.8002 694.1589 204.6326 1.4448 1.6656 3.3981 2.5580 0.9482 29.6058 -1.2501 0.0067
Car 0.0000 0 -2.8645 608.8600 166.6998 705.1130 203.9246 1.4753 1.6251 3.6905 2.1497 0.9299 29.4154 -2.7905 0.0067
Car 0.0000 0 -1.1893 676.2574 164.5848 748.5264 202.9784 1.4736 1.6619 3.7749 4.4717 0.8642 29.1799 -1.0370 0.0067
Car 0.0000 0 -3.0478 634.3575 168.6889 731.4163 207.1515 1.5107 1.7487 3.8118 3.2055 1.0483 29.0088 -2.9372 0.0067
Car 0.0000 0 -1.7032 563.5222 162.4859 610.8168 199.0038 1.6142 1.7095 4.0268 -0.9208 0.8194 33.3717 -1.7287 0.0067
Cyclist 0.0000 0 -1.2446 72.7553 174.3235 127.2989 261.9890 1.6078 0.3420 1.6448 -9.8695 1.4961 13.7997 -1.8528 0.0067
Car 0.0000 0 -1.8679 550.7636 162.6531 608.3256 198.0689 1.5620 1.6269 3.9262 -1.2810 0.7763 33.3009 -1.9041 0.0067
Car 0.0000 0 2.9374 579.6569 165.8936 692.7570 203.5357 1.4608 1.6702 4.3212 1.2012 0.8955 28.6043 2.9807 0.0067
Car 0.0000 0 -1.1202 557.9784 163.7429 628.3339 200.5503 1.5979 1.7219 3.9284 -0.4975 0.8719 32.8344 -1.1333 0.0066
Car 0.0000 0 2.4804 542.2371 165.4652 628.8680 199.7995 1.4531 1.6690 3.6220 -0.8609 0.8183 31.7112 2.4554 0.0066
Car 0.0000 0 -0.8935 550.3781 165.2983 631.5774 201.5310 1.5578 1.7155 3.8026 -0.6054 0.9057 32.4219 -0.9102 0.0066
Car 0.0000 0 0.6377 572.5728 166.6087 662.1297 200.6066 1.4398 1.7062 3.7405 0.5063 0.8530 31.7554 0.6553 0.0066
Cyclist 0.0000 0 0.0971 13.6555 0.0000 1224.0000 370.0000 1.6530 0.5037 1.8502 -1.3685 1.6640 0.3260 -1.0289 0.0066
Car 0.0000 0 -3.0450 641.3594 170.2743 749.1990 207.6322 1.4230 1.7078 4.1248 3.6085 1.0350 28.2189 -2.9175 0.0065
Car 0.0000 0 -1.5181 670.8614 165.7712 714.9925 204.2450 1.5187 1.6538 3.8217 3.7555 0.9388 29.9323 -1.3928 0.0065
Car 0.0000 0 -2.7757 527.8049 164.5053 621.4083 198.7487 1.5158 1.6782 3.9930 -1.4144 0.8092 32.7249 -2.8166 0.0065
Car 0.0000 0 0.0838 542.8011 166.2236 633.8837 201.2338 1.5616 1.7307 4.0566 -0.7372 0.9263 32.5249 0.0632 0.0065
Car 0.0000 0 -2.9148 0.0000 0.0000 1224.0000 370.0000 1.3504 1.3076 3.5889 14.3913 1.1745 -0.2324 -1.3489 0.0065
Car 0.0000 0 0.9604 0.0000 187.8970 20.0036 235.9334 1.3804 1.5248 3.6997 -20.3376 1.6222 21.8125 0.2190 0.0065
Car 0.0000 0 0.3252 667.6652 163.1110 792.4233 205.9274 1.5583 1.7507 4.4644 4.8246 0.9269 27.5630 0.4983 0.0065
Car 0.0000 0 -1.9390 1166.9226 156.2278 1224.0000 216.7841 1.5903 1.6457 3.8299 18.1560 0.9545 20.6444 -1.2237 0.0065
Car 0.0000 0 1.2938 668.3486 166.8593 743.3901 208.3755 1.4441 1.7207 4.1580 3.6910 0.9712 26.7684 1.4310 0.0065
Car 0.0000 0 2.5155 0.0000 184.4547 122.4147 244.7030 1.5113 1.8026 4.7102 -16.9498 1.6419 20.5685 1.8355 0.0064
Car 0.0000 0 1.7381 630.9223 170.0107 686.6220 208.9269 1.4771 1.6945 3.5070 2.2217 1.0805 28.7379 1.8161 0.0064
Car 0.0000 0 2.8979 619.7452 170.8154 717.6349 207.0811 1.4312 1.6825 3.7027 2.5536 1.0505 29.0153 2.9865 0.0064
Car 0.0000 0 1.9605 553.9599 165.4167 619.7386 200.9507 1.4854 1.6673 3.6496 -0.7643 0.8563 31.5530 1.9384 0.0064
Car 0.0000 0 -1.5997 636.3244 164.6803 678.6984 203.8072 1.5545 1.6741 3.8784 2.1523 0.9275 30.0600 -1.5272 0.0064
Car 0.0000 0 -1.2570 0.0000 180.6210 11.6044 239.0873 1.4835 1.5976 4.1070 -18.6710 1.4888 20.1438 -1.9949 0.0064
Car 0.0000 0 -1.3655 667.4373 165.9798 724.1889 204.2274 1.4960 1.6451 3.6737 3.8463 0.9295 29.6546 -1.2360 0.0064
Car 0.0000 0 2.1030 522.2073 160.0224 601.6307 197.5035 1.5568 1.6729 4.1214 -1.8624 0.7077 31.5771 2.0466 0.0064
Car 0.0000 0 1.5659 650.5502 168.3828 698.0673 210.3234 1.4557 1.6463 3.9872 2.5649 1.0367 26.5968 1.6627 0.0064
Car 0.0000 0 -1.6773 547.0146 160.9954 591.8408 197.1080 1.5776 1.6725 3.9578 -1.7344 0.7270 32.9683 -1.7274 0.0064
Car 0.0000 0 -2.3809 0.0000 0.0000 1224.0000 370.0000 1.4646 1.4413 3.3515 11.4095 0.8698 1.0533 -0.9288 0.0064
Car 0.0000 0 1.1378 691.4614 165.2068 776.5217 206.7183 1.4868 1.6234 4.2167 4.8949 0.9406 27.5651 1.3133 0.0064
Pedestrian 0.0000 0 -3.0952 778.8445 161.3396 790.1226 187.9535 1.8304 0.8143 0.7229 12.4754 0.5139 49.1178 -2.8463 0.0063
Car 0.0000 0 1.8107 629.9554 172.2083 688.1031 208.8394 1.3566 1.5342 3.3928 2.1747 1.0510 28.0310 1.8891 0.0063
Car 0.0000 0 -0.3043 0.0000 0.0000 1224.0000 370.0000 1.5112 1.5963 4.0963 -27.9994 1.5618 0.1740 -1.8557 0.0063
Car 0.0000 0 4.4138 0.0000 0.0000 1224.0000 370.0000 1.5096 1.6595 4.1496 -8.5234 1.4594 -0.2790 2.8500 0.0063
Car 0.0000 0 -1.4301 637.2080 164.5026 689.8480 203.2432 1.5319 1.6973 3.8807 2.5285 0.9008 30.0344 -1.3452 0.0063
Car 0.0000 0 1.6364 0.0000 182.2527 11.5765 239.1784 1.4279 1.7087 4.2426 -18.1005 1.4846 20.0655 0.9121 0.0063
Car 0.0000 0 -3.1757 611.2141 170.3343 704.1348 205.0956 1.3858 1.6686 3.7057 2.1095 0.9820 29.0881 -3.1023 0.0063
Car 0.0000 0 2.4232 0.0000 183.8521 117.6935 243.6409 1.5160 1.8098 4.5363 -16.9331 1.6264 20.5802 1.7439 0.0063
Car 0.0000 0 1.6187 657.7932 172.9108 706.1222 212.4850 1.4375 1.7024 3.6331 3.0373 1.1633 27.6051 1.7288 0.0063
Car 0.0000 0 -2.3191 0.0000 0.0000 1224.0000 370.0000 1.4415 1.4495 3.3875 11.3950 0.9169 1.1205 -0.8730 0.0063
Car 0.0000 0 -1.0083 554.5729 163.9844 630.4191 200.3120 1.5656 1.7298 3.7919 -0.5310 0.8553 32.5359 -1.0226 0.0063
Car 0.0000 0 1.1480 665.7758 171.1512 744.6171 210.7509 1.4240 1.6728 3.6218 3.7741 1.0893 27.3938 1.2851 0.0063
Car 0.0000 0 0.8695 671.9909 163.8946 774.7880 206.5617 1.5208 1.7056 4.0463 4.4646 0.9305 27.3708 1.0312 0.0063
Car 0.0000 0 1.4370 625.6147 166.2705 679.5349 205.0938 1.4995 1.7221 3.8126 1.8768 0.9514 29.2654 1.5022 0.0063
Car 0.0000 0 -2.8583 593.0793 166.1955 700.8830 204.1393 1.4988 1.6524 4.1809 1.7296 0.9352 29.4050 -2.7983 0.0062
Car 0.0000 0 0.0649 571.8041 168.1027 651.4305 201.4650 1.4689 1.7218 3.5114 0.3227 0.9245 32.1177 0.0767 0.0062
Car 0.0000 0 -1.4505 667.1558 166.2470 717.4520 204.4942 1.5159 1.6644 3.9390 3.7604 0.9525 30.1302 -1.3258 0.0062
Car 0.0000 0 -4.4573 0.0000 0.0000 1224.0000 370.0000 1.4624 1.5725 3.6065 9.6484 1.4190 0.0653 -2.9253 0.0062
Car 0.0000 0 2.0733 612.8922 168.7262 691.6407 207.6591 1.4428 1.6166 3.5432 1.9151 1.0080 28.1240 2.1424 0.0062
Car 0.0000 0 -1.4936 670.7415 165.3123 716.6551 203.2799 1.4939 1.6373 3.7147 3.7709 0.8978 29.7998 -1.3672 0.0061
Car 0.0000 0 1.9736 552.6694 165.2398 620.5023 201.8228 1.5271 1.7167 3.6723 -0.7744 0.8916 31.5342 1.9511 0.0061
Car 0.0000 0 -2.7373 0.0000 0.0000 1224.0000 370.0000 1.5677 1.5877 3.3021 5.7960 1.5415 -0.1664 -1.1921 0.0061
Cyclist 0.0000 0 -0.6052 10.5529 168.6554 125.1869 272.5486 1.7632 0.4500 1.7021 -9.7674 1.5639 12.8728 -1.2407 0.0061
Car 0.0000 0 1.1250 668.8976 163.4485 764.2725 206.8476 1.4906 1.8012 4.4179 4.0567 0.9065 26.6554 1.2761 0.0061
Car 0.0000 0 -2.9294 649.3528 170.6770 754.4152 207.8561 1.4372 1.6117 3.9858 3.9249 1.0590 28.7647 -2.7935 0.0061
Car 0.0000 0 -2.8205 0.0000 0.0000 1224.0000 370.0000 1.6113 1.6389 3.4353 5.9670 1.5955 -0.0271 -1.2977 0.0061
Car 0.0000 0 -1.8590 540.1013 160.5342 598.6849 197.4798 1.5977 1.6628 3.8922 -1.7287 0.7357 32.6823 -1.9094 0.0060
Car 0.0000 0 0.9404 0.0000 0.0000 1224.0000 370.0000 1.5735 1.5601 3.9616 11.3807 0.9043 0.9951 2.3972 0.0060
Car 0.0000 0 -1.5829 0.0000 181.3685 10.6779 240.9294 1.4887 1.6554 4.4860 -17.9989 1.5174 19.9487 -2.3073 0.0060
Car 0.0000 0 1.2118 607.2599 161.8818 680.3381 202.0363 1.5517 1.7178 4.0591 1.5110 0.8338 29.5124 1.2643 0.0060
Car 0.0000 0 1.9981 530.2668 159.1845 606.6837 199.0114 1.5724 1.6080 4.3114 -1.4901 0.7324 30.2105 1.9513 0.0059
Car 0.0000 0 -3.1998 645.9519 171.4573 740.3088 208.5238 1.4004 1.6719 3.5588 3.3635 1.0603 27.6553 -3.0783 0.0059
Car 0.0000 0 -0.4272 0.0000 0.0000 1224.0000 370.0000 1.4643 1.6140 4.0254 -27.6722 1.5852 0.2941 -1.9741 0.0059
Car 0.0000 0 -1.0392 0.0000 173.8764 66.3235 211.1766 1.6510 1.6850 4.1041 -27.6627 1.3593 33.4467 -1.7238 0.0059
Car 0.0000 0 0.9650 0.0000 187.3170 18.6750 236.2138 1.4082 1.5207 3.7105 -20.3903 1.6313 21.8291 0.2226 0.0059
Car 0.0000 0 -1.7953 609.6111 160.8865 672.8761 202.6687 1.6444 1.7290 4.4774 1.4340 0.8740 30.1773 -1.7464 0.0059
Car 0.0000 0 2.4868 507.6913 157.7052 612.5618 195.3871 1.5297 1.6345 4.4868 -1.9114 0.6058 30.7852 2.4274 0.0059
Car 0.0000 0 1.3320 666.8116 173.3955 727.8309 210.2198 1.3640 1.6024 3.4983 3.5632 1.1024 28.0133 1.4588 0.0059
Car 0.0000 0 1.6678 0.0000 178.4498 10.9964 239.3499 1.5355 1.7163 4.4620 -18.2646 1.4854 20.1299 0.9406 0.0059
Car 0.0000 0 -2.4033 0.0000 0.0000 1224.0000 370.0000 1.4883 1.4883 3.3611 11.4409 0.8045 0.9822 -0.9448 0.0059
Car 0.0000 0 -0.0863 664.7897 165.0591 767.7430 202.4225 1.4823 1.7070 4.0380 4.4748 0.8712 29.0315 0.0669 0.0059
Car 0.0000 0 -1.7436 542.4709 161.3060 591.9392 197.5521 1.5569 1.6281 3.8198 -1.8098 0.7339 32.4092 -1.7969 0.0058
Car 0.0000 0 -1.0331 0.0000 179.2962 11.3501 236.5388 1.4783 1.4982 3.6695 -18.9927 1.4488 20.2048 -1.7780 0.0058
Car 0.0000 0 2.9543 631.0773 172.9376 725.5502 209.0610 1.3964 1.7007 3.5062 2.8673 1.1056 28.3253 3.0558 0.0058
Car 0.0000 0 -3.3352 0.0000 0.0000 1224.0000 370.0000 1.4938 1.6138 3.4316 15.2498 1.1294 -0.2664 -1.7667 0.0058
Car 0.0000 0 0.5444 0.0000 176.6113 115.4138 219.0106 1.5036 1.4932 3.5903 -20.3947 1.3672 26.0133 -0.1128 0.0058
Car 0.0000 0 1.5493 662.5618 170.0199 709.2401 210.5879 1.4199 1.6283 3.8065 2.9805 1.0546 26.7110 1.6609 0.0058
Car 0.0000 0 -1.8729 549.3026 161.7277 608.8237 197.8125 1.5777 1.6601 4.0090 -1.2989 0.7584 33.0753 -1.9099 0.0057
Car 0.0000 0 1.4795 597.7706 168.1680 640.9611 202.3396 1.4235 1.5890 3.5162 0.5636 0.9113 31.2590 1.4992 0.0057
Car 0.0000 0 1.5876 0.0000 180.8397 9.6806 238.6528 1.4697 1.6964 4.1312 -18.1027 1.4819 20.1151 0.8644 0.0057
Car 0.0000 0 1.5409 670.4528 169.6561 714.7032 207.8474 1.4540 1.6666 3.9306 3.4996 1.0427 28.9467 1.6617 0.0057
Car 0.0000 0 -2.9907 573.1839 166.7568 656.2737 201.2651 1.5682 1.7509 3.6907 0.4737 0.9451 33.2959 -2.9748 0.0057
Car 0.0000 0 0.5443 0.0000 183.2321 116.2025 224.1338 1.4550 1.5257 3.6628 -20.5691 1.5616 26.2398 -0.1130 0.0057
Car 0.0000 0 1.2202 0.0000 183.3650 16.3287 235.6613 1.5025 1.6283 4.0411 -20.4640 1.6006 22.1503 0.4832 0.0057
Car 0.0000 0 -0.2283 0.0000 0.0000 1224.0000 370.0000 1.5150 1.6184 4.0965 -27.9745 1.4880 0.4112 -1.7712 0.0057
Car 0.0000 0 1.3798 667.6152 172.5619 726.3024 210.6678 1.4071 1.6564 3.4534 3.5333 1.1155 27.8807 1.5062 0.0057
Pedestrian 0.0000 0 0.2926 0.0000 169.0764 28.6776 247.0607 1.6609 0.4829 0.5610 -13.0192 1.4192 15.3845 -0.3978 0.0057
Car 0.0000 0 1.8023 565.0591 169.5385 620.5468 203.4067 1.4266 1.6935 3.6441 -0.5042 0.9663 31.7387 1.7884 0.0057
Car 0.0000 0 -1.0882 548.4952 162.2260 619.5919 199.1534 1.5730 1.7200 3.6672 -0.9077 0.7961 32.1391 -1.1143 0.0056
Car 0.0000 0 1.7428 623.3688 167.4844 679.4061 206.2685 1.4674 1.6593 3.7074 1.9265 0.9765 28.7437 1.8108 0.0056
Car 0.0000 0 1.7711 630.5425 171.4866 686.5741 208.5375 1.3718 1.5690 3.3885 2.1546 1.0396 28.0169 1.8488 0.0056
Cyclist 0.0000 0 -0.9202 47.7065 167.4417 135.6749 266.1030 1.7203 0.3636 1.6914 -9.5598 1.4943 13.1751 -1.5347 0.0056
Car 0.0000 0 -1.2052 0.0000 185.0907 8.1445 239.9001 1.4082 1.4518 3.5045 -18.8748 1.5544 20.3745 -1.9429 0.0056
Car 0.0000 0 -2.5198 606.3655 165.3863 709.1957 203.9524 1.5163 1.6840 4.0993 2.1512 0.9236 29.7537 -2.4466 0.0056
Car 0.0000 0 1.4761 646.3419 174.0760 697.5112 212.1743 1.3874 1.6452 3.4989 2.5151 1.1550 27.4950 1.5680 0.0056
Pedestrian 0.0000 0 1.2577 1205.2562 165.3628 1224.0000 325.3063 1.5702 0.5183 0.5786 6.5918 1.4233 7.3036 1.9721 0.0056
Car 0.0000 0 -1.0173 0.0000 177.0178 13.3488 236.9700 1.5426 1.5212 3.7713 -18.9830 1.4546 20.1836 -1.7624 0.0055
Car 0.0000 0 -2.9550 544.3005 166.6639 632.6061 199.5583 1.5001 1.6809 3.9252 -0.7671 0.8706 33.3910 -2.9759 0.0055
Car 0.0000 0 1.4002 669.1055 172.1630 723.4395 208.7550 1.3731 1.5774 3.4723 3.5644 1.0617 28.2958 1.5259 0.0055
Car 0.0000 0 1.8514 0.0000 178.0746 43.4128 220.9978 1.4965 1.5571 3.7149 -22.7576 1.4134 26.6589 1.1524 0.0055
Car 0.0000 0 2.4518 0.0000 0.0000 1224.0000 370.0000 1.6038 1.6441 4.0246 -26.2653 1.7507 1.6570 0.9578 0.0055
Car 0.0000 0 0.6860 130.1545 188.7952 262.8119 229.2679 1.4262 1.7533 4.1691 -15.3635 1.7544 26.6242 0.1693 0.0055
Car 0.0000 0 0.3297 665.6451 164.8602 778.0255 204.2834 1.4828 1.7141 4.1072 4.6390 0.8961 28.3151 0.4921 0.0055
Car 0.0000 0 -1.3211 744.9275 149.6324 782.4705 180.9853 2.4516 1.9069 4.6277 13.0270 0.0392 57.7765 -1.0987 0.0054
Car 0.0000 0 -0.6395 653.5524 163.7295 761.6283 202.6540 1.5394 1.7764 4.2904 4.3150 0.8777 29.7586 -0.4952 0.0054
Car 0.0000 0 -1.9175 546.4399 161.5270 609.5430 198.4258 1.6037 1.6722 3.9895 -1.3426 0.7806 32.8873 -1.9560 0.0054
Car 0.0000 0 2.1280 0.0000 176.0055 74.0364 210.9834 1.5580 1.5724 3.8268 -27.2126 1.3593 33.4827 1.4519 0.0054
Car 0.0000 0 -1.7826 611.7906 162.3229 672.5161 202.3630 1.5706 1.6785 4.3781 1.4695 0.8591 30.0248 -1.7324 0.0054
Car 0.0000 0 -2.3969 0.0000 0.0000 1224.0000 370.0000 1.4712 1.4409 3.4377 11.4833 0.8427 1.0615 -0.9448 0.0054
Car 0.0000 0 0.1901 541.9985 166.1121 630.5401 200.0926 1.4958 1.6039 3.7991 -0.8425 0.8639 32.2245 0.1660 0.0054
Car 0.0000 0 0.1279 664.6510 165.0795 775.2943 204.1145 1.5038 1.7250 4.2438 4.6563 0.9113 28.6657 0.2890 0.0053
Car 0.0000 0 -2.9784 0.0000 0.0000 1224.0000 370.0000 1.4916 1.5957 3.3611 5.9778 1.6057 -0.1137 -1.4411 0.0053
Car 0.0000 0 -0.3654 0.0000 0.0000 1224.0000 370.0000 1.4803 1.5853 4.2445 -28.0025 1.5485 0.3749 -1.9096 0.0053
Cyclist 0.0000 0 3.7940 0.0000 0.0000 1224.0000 370.0000 1.6679 0.6108 1.8742 -1.3355 1.7293 0.4948 2.7741 0.0053
Car 0.0000 0 -1.5221 543.6122 161.1332 582.9872 197.4950 1.5513 1.5898 3.8727 -1.8583 0.7265 32.1017 -1.5774 0.0053
Car 0.0000 0 -0.2175 0.0000 0.0000 1224.0000 370.0000 1.4743 1.5684 3.7961 -27.9456 1.4960 0.4291 -1.7597 0.0053
Car 0.0000 0 2.3547 0.0000 179.6593 113.6071 239.0062 1.5222 1.7611 4.6289 -16.9484 1.5022 20.5228 1.6738 0.0053
Car 0.0000 0 -4.3199 0.0000 0.0000 1224.0000 370.0000 1.4352 1.4840 3.8900 16.0678 0.9716 -0.2479 -2.7525 0.0052
Car 0.0000 0 2.2311 594.6253 162.7691 686.2656 202.8505 1.4815 1.6444 3.8116 1.4440 0.8277 28.1092 2.2837 0.0052
Car 0.0000 0 1.5430 662.4873 168.3575 710.4102 210.3461 1.4548 1.6548 4.0286 2.9681 1.0357 26.5699 1.6547 0.0052
Car 0.0000 0 -1.4280 655.0679 164.4606 710.8233 204.8406 1.5975 1.7903 4.1567 3.3795 0.9645 30.2044 -1.3159 0.0051
Car 0.0000 0 0.2980 0.0000 171.8842 116.7328 217.5795 1.5675 1.6075 3.6492 -20.1251 1.2735 25.6432 -0.3596 0.0051
Car 0.0000 0 1.2203 0.0000 0.0000 1224.0000 370.0000 1.5261 1.6745 3.9530 10.6698 1.1034 -0.2312 2.7838 0.0051
Car 0.0000 0 0.3212 664.2595 164.5731 781.2508 204.9043 1.4945 1.7426 4.2290 4.6141 0.9058 27.9514 0.4848 0.0051
Car 0.0000 0 -0.3695 659.7601 164.0768 769.8543 202.3780 1.5233 1.7661 4.1709 4.5165 0.8716 29.4268 -0.2170 0.0051
Car 0.0000 0 -2.8374 536.3577 166.3157 633.3129 200.4726 1.5021 1.7522 4.1189 -0.9261 0.8798 32.4957 -2.8637 0.0051
Car 0.0000 0 -1.6165 670.8573 168.3486 714.0264 204.5507 1.4262 1.6260 3.5815 3.5949 0.9490 29.6960 -1.4955 0.0050
Car 0.0000 0 -1.6398 565.9963 162.0915 607.4330 198.6609 1.6074 1.6661 3.9770 -0.9301 0.7997 33.1325 -1.6657 0.0050
Car 0.0000 0 -0.3018 657.4814 165.6882 764.1682 203.3447 1.5049 1.7335 4.0571 4.3410 0.9145 29.4208 -0.1551 0.0050
Car 0.0000 0 -1.7767 614.9689 164.8954 671.1636 203.3055 1.4800 1.5612 3.8268 1.4821 0.8802 29.2484 -1.7248 0.0050
Car 0.0000 0 1.4354 596.5566 167.3276 647.9528 203.1538 1.5112 1.7961 3.9062 0.6917 0.9570 31.8601 1.4587 0.0050
Car 0.0000 0 1.8630 0.0000 178.2226 51.4846 220.6931 1.4873 1.5770 4.0161 -22.7239 1.4091 26.9116 1.1694 0.0050
Car 0.0000 0 1.9489 0.0000 176.2520 50.7813 211.7958 1.5719 1.5897 3.8614 -27.9494 1.3855 33.3455 1.2577 0.0050
Car 0.0000 0 -3.2070 639.3218 171.5976 730.9565 207.0710 1.4024 1.6945 3.6103 3.1902 1.0519 28.8746 -3.0964 0.0050
Car 0.0000 0 -3.0214 0.0000 0.0000 1224.0000 370.0000 1.5977 1.5427 3.2040 6.0241 1.6404 -0.0654 -1.4918 0.0049
Car 0.0000 0 -1.3506 558.3506 162.3194 611.7812 200.0416 1.6394 1.6937 3.7151 -0.8777 0.8507 32.7096 -1.3753 0.0049
Car 0.0000 0 0.5747 0.0000 176.0562 115.4569 217.8210 1.4928 1.4634 3.5539 -20.4442 1.3355 26.1403 -0.0814 0.0048
Pedestrian 0.0000 0 -0.1770 779.4758 162.8711 791.0574 188.3574 1.7577 0.7678 0.6546 12.5358 0.5432 49.1632 0.0729 0.0048
Car 0.0000 0 -0.4312 974.1663 162.2130 1170.0203 244.3567 1.5337 1.4619 2.9168 9.1602 1.1939 14.1181 0.1358 0.0048
Car 0.0000 0 -1.4216 636.6383 164.4039 690.5580 203.5804 1.5521 1.7149 3.9730 2.5430 0.9159 30.1385 -1.3365 0.0048
Car 0.0000 0 1.8795 0.0000 177.7629 49.5073 220.1063 1.4836 1.5564 3.8178 -22.7263 1.3892 26.8296 1.1843 0.0048
Car 0.0000 0 0.2054 0.0000 172.5003 112.1923 217.8045 1.5448 1.5749 3.5885 -20.1799 1.2736 25.5992 -0.4543 0.0048
Car 0.0000 0 1.8557 0.0000 178.4942 46.9991 221.0514 1.4895 1.5484 3.8273 -22.7549 1.4208 26.8056 1.1595 0.0048
Car 0.0000 0 -1.7979 619.3120 164.3010 678.5437 203.2610 1.5328 1.6340 3.9860 1.7606 0.8970 29.9135 -1.7379 0.0047
Car 0.0000 0 2.0168 562.8507 165.4284 626.7704 199.9226 1.4901 1.6329 3.3681 -0.4320 0.8405 32.4088 2.0054 0.0047
Car 0.0000 0 0.0418 562.7486 169.5605 655.5096 201.4254 1.4496 1.6809 4.2375 0.2048 0.9534 33.1055 0.0497 0.0047
Car 0.0000 0 1.8717 641.1619 168.4581 712.4614 208.5371 1.5122 1.7576 4.1063 2.9910 1.0593 28.9049 1.9755 0.0047
Car 0.0000 0 -0.3242 658.1132 164.2653 771.8439 202.8392 1.5392 1.7614 4.3445 4.5189 0.8929 29.4462 -0.1717 0.0047
Car 0.0000 0 0.4124 0.0000 177.2290 123.8560 219.4444 1.5137 1.6132 4.0625 -20.7845 1.3979 26.6189 -0.2430 0.0047
Car 0.0000 0 -0.7119 0.0000 124.0858 313.0831 370.0000 1.9783 1.9998 4.9542 -5.8398 1.5495 8.0379 -1.3198 0.0047
Car 0.0000 0 2.6718 611.1666 172.1789 713.7795 208.4813 1.4019 1.6421 3.8368 2.3149 1.0821 28.7860 2.7530 0.0047
Car 0.0000 0 3.6853 0.0000 170.8020 33.5307 219.0500 1.6449 1.7999 4.4493 -23.6450 1.3158 25.4186 2.9440 0.0047
Car 0.0000 0 -1.2734 0.0000 181.8178 5.7998 239.1053 1.4658 1.4828 3.7744 -18.7361 1.5088 20.2019 -2.0116 0.0046
Car 0.0000 0 -0.5017 0.0000 125.5451 292.7542 370.0000 1.9408 1.9609 4.9081 -6.2723 1.5294 7.9508 -1.1486 0.0046
Cyclist 0.0000 0 0.2057 0.0000 0.0000 1224.0000 370.0000 1.5241 0.3757 1.4761 -6.6570 1.6048 0.4401 -1.2493 0.0046
Car 0.0000 0 0.5212 0.0000 178.2546 113.9930 219.3199 1.4708 1.5053 3.6159 -20.6783 1.3919 26.3121 -0.1372 0.0046
Car 0.0000 0 -1.6442 634.2594 164.0653 680.3690 203.2763 1.5590 1.6595 3.9559 2.1406 0.9071 30.0859 -1.5721 0.0046
Car 0.0000 0 -4.6185 0.0000 0.0000 1224.0000 370.0000 1.3988 1.5130 3.9785 16.2424 0.9876 0.0017 -3.0663 0.0046
Car 0.0000 0 -1.2555 544.5934 161.1322 604.9298 198.4556 1.5940 1.6301 3.8490 -1.3291 0.7683 32.2645 -1.2944 0.0046
Car 0.0000 0 -1.5013 659.3135 164.6769 707.4468 204.0747 1.5611 1.7643 3.9658 3.3792 0.9356 30.1209 -1.3889 0.0046
Car 0.0000 0 -1.6760 604.1459 168.7362 649.5048 202.2858 1.4405 1.6952 3.5331 0.9204 0.9369 32.1792 -1.6459 0.0046
Cyclist 0.0000 0 0.5029 62.8083 163.9365 155.3983 263.5427 1.7925 0.3827 1.3831 -9.1315 1.4961 12.9766 -0.0970 0.0046
Car 0.0000 0 1.7196 636.0532 171.8707 686.3831 207.7692 1.3471 1.5595 3.0910 2.2668 1.0248 28.2096 1.8007 0.0046
Car 0.0000 0 1.5084 489.1811 181.3421 559.3956 243.4637 1.3778 1.4961 4.0075 -2.1655 1.4032 17.8389 1.3915 0.0045
Car 0.0000 0 -1.5705 605.0893 168.0792 643.7357 200.8529 1.4152 1.6694 3.2441 0.8640 0.8803 32.1704 -1.5421 0.0045
Car 0.0000 0 -0.3772 0.0000 0.0000 1224.0000 370.0000 1.4627 1.6808 3.7544 -27.9185 1.6150 0.5519 -1.9150 0.0045
Car 0.0000 0 1.6014 643.6398 172.3573 687.8022 210.6580 1.4108 1.6263 3.6745 2.4313 1.1124 27.9586 1.6889 0.0045
Car 0.0000 0 2.0144 554.2321 166.9487 620.7586 201.1368 1.4435 1.6137 3.5628 -0.7457 0.8728 31.8038 1.9931 0.0045
Car 0.0000 0 0.4792 654.7277 169.7669 758.8351 208.7903 1.4644 1.6477 3.7910 4.0192 1.0632 28.3008 0.6204 0.0045
Car 0.0000 0 -0.3497 542.0917 166.1802 631.7475 200.2108 1.4712 1.6044 3.7321 -0.8412 0.8536 31.9899 -0.3738 0.0045
Cyclist 0.0000 0 -1.5164 535.7946 169.3994 562.4501 267.8055 1.7129 0.4024 1.7019 -1.0674 1.5213 13.1573 -1.5937 0.0045
Car 0.0000 0 1.7912 187.5178 197.1110 257.8404 240.7826 1.4703 1.5934 3.7244 -14.7066 2.1611 27.3313 1.3038 0.0045
Car 0.0000 0 -2.3963 0.0000 175.1037 32.0252 218.3854 1.5221 1.7275 4.1215 -23.6458 1.3339 25.7456 -3.1313 0.0045
Car 0.0000 0 0.5267 664.7843 166.2209 774.2990 206.8906 1.4797 1.6993 3.8929 4.4045 0.9617 27.6092 0.6849 0.0045
Car 0.0000 0 0.0009 592.3798 166.6454 681.6259 199.5196 1.4616 1.8059 3.9754 1.4440 0.8471 32.4259 0.0468 0.0045
Car 0.0000 0 -0.0637 0.0000 0.0000 1224.0000 370.0000 1.5843 1.6895 4.4148 -28.2539 1.4762 0.5010 -1.6037 0.0045
Car 0.0000 0 2.5537 608.1325 171.6650 708.2368 207.6390 1.3771 1.6274 3.7852 2.1513 1.0404 28.6977 2.6295 0.0045
Car 0.0000 0 3.4482 101.4389 188.1207 258.8664 230.1596 1.4545 1.7579 4.7180 -15.7021 1.7548 26.3393 2.9175 0.0045
Car 0.0000 0 2.3117 610.0576 173.0408 703.9780 210.5360 1.4018 1.6205 3.7855 2.1069 1.1245 28.3164 2.3869 0.0044
Car 0.0000 0 -2.7019 525.8205 165.0172 620.7034 199.2183 1.5241 1.7164 4.0955 -1.5028 0.8356 33.0861 -2.7449 0.0044
Car 0.0000 0 -0.5833 648.2476 165.2963 753.5607 203.5622 1.5204 1.7568 4.1063 4.0242 0.9178 29.7697 -0.4485 0.0044
Car 0.0000 0 1.7850 643.9990 171.5175 710.5007 211.3857 1.4562 1.8035 4.0215 2.9155 1.1296 28.0127 1.8893 0.0044
Pedestrian 0.0000 0 0.0427 743.0148 159.4563 755.5004 181.0174 1.7958 0.7484 0.9961 12.1324 0.0443 59.3674 0.2451 0.0044
Car 0.0000 0 -0.7104 949.5883 173.2876 1160.3970 245.4688 1.3863 1.6102 3.4932 9.2036 1.2494 14.6435 -0.1573 0.0044
Car 0.0000 0 2.0454 546.6781 163.9222 615.6488 200.6513 1.5232 1.5136 3.7241 -1.0098 0.8372 31.3244 2.0154 0.0044
Car 0.0000 0 1.2605 583.6431 168.6664 639.6101 202.0695 1.4080 1.5506 3.3470 0.2230 0.9107 31.6261 1.2693 0.0044
Car 0.0000 0 -0.2955 559.5549 169.2789 666.5013 203.7887 1.4930 1.9554 4.4881 0.3230 1.0090 32.1513 -0.2838 0.0044
Car 0.0000 0 -0.0379 0.0000 0.0000 1224.0000 370.0000 1.5351 1.6735 4.1679 -28.2420 1.4925 0.4855 -1.5784 0.0044
Car 0.0000 0 -0.1442 543.9138 169.2272 635.6554 202.1877 1.4826 1.6632 4.0783 -0.7584 0.9770 32.9551 -0.1651 0.0044
Car 0.0000 0 -2.0221 0.0000 0.0000 1224.0000 370.0000 1.4977 1.5673 3.9761 11.1469 1.0348 0.8151 -0.5517 0.0043
Car 0.0000 0 2.1052 0.0000 176.3603 77.4380 218.2380 1.4814 1.6001 4.0736 -22.3587 1.3365 27.1382 1.4236 0.0043
Car 0.0000 0 -1.5370 664.1168 165.7735 708.2374 203.5052 1.4997 1.7374 3.7734 3.4884 0.9159 30.0930 -1.4209 0.0043
Car 0.0000 0 3.7772 0.0000 172.8857 23.6081 219.1747 1.5902 1.7356 4.0111 -23.6727 1.3302 25.3628 3.0343 0.0043
Car 0.0000 0 -1.1981 639.7261 167.1437 710.3610 205.1722 1.4957 1.7318 3.7150 2.9990 0.9719 29.8525 -1.0973 0.0043
Car 0.0000 0 1.8681 626.2874 171.4135 694.6545 210.3065 1.4612 1.6828 3.9366 2.3021 1.1213 28.6979 1.9490 0.0043
Car 0.0000 0 -2.7182 523.5199 164.3154 620.8436 198.9687 1.5447 1.7086 4.2213 -1.5526 0.8247 33.0873 -2.7627 0.0043
Car 0.0000 0 0.3256 652.0077 168.8874 753.3683 207.5950 1.4316 1.6242 3.6005 3.7944 1.0036 27.6751 0.4622 0.0043
Car 0.0000 0 -1.7138 603.5517 167.3865 650.7644 200.5223 1.4235 1.6880 3.2659 0.9359 0.8616 32.0873 -1.6831 0.0043
Car 0.0000 0 1.7799 601.0692 162.9877 658.0104 201.1542 1.4843 1.6025 3.8860 1.0725 0.8047 29.5720 1.8177 0.0043
Car 0.0000 0 0.5339 0.0000 178.3010 113.7795 219.3986 1.4729 1.4990 3.5900 -20.6612 1.3956 26.3019 -0.1243 0.0043
Car 0.0000 0 3.4537 0.0000 0.0000 1224.0000 370.0000 1.6060 1.6335 3.8500 -21.8195 1.8246 0.1088 1.9043 0.0043
Cyclist 0.0000 0 3.1021 0.0000 0.0000 1224.0000 370.0000 1.7150 0.5707 1.8650 -1.7380 1.6640 0.2844 1.8693 0.0043
Car 0.0000 0 2.3176 535.3702 163.9573 619.7758 199.8273 1.4920 1.6053 3.7682 -1.1823 0.8054 31.3560 2.2822 0.0043
Cyclist 0.0000 0 -0.9890 24.9383 173.9005 118.9148 277.9644 1.7242 0.4629 1.6980 -9.4675 1.6165 12.5696 -1.6207 0.0043
Car 0.0000 0 -2.7306 522.5594 164.3174 626.1839 199.2621 1.5741 1.7935 4.5713 -1.4678 0.8466 33.5066 -2.7721 0.0043
Car 0.0000 0 -0.9239 0.0000 170.4262 19.3239 236.9521 1.6821 1.6138 4.1772 -19.0081 1.4290 20.0329 -1.6733 0.0043
Car 0.0000 0 2.6617 0.0000 0.0000 1224.0000 370.0000 1.5850 1.6785 4.1375 -26.2830 1.6802 1.4574 1.1601 0.0042
Car 0.0000 0 0.5097 664.6589 166.3416 770.6176 205.3353 1.4447 1.6694 3.8168 4.4023 0.9216 28.0257 0.6655 0.0042
Car 0.0000 0 -3.0407 0.0000 0.0000 1224.0000 370.0000 1.4607 1.5905 3.4595 5.9520 1.6030 0.1357 -1.5453 0.0042
Car 0.0000 0 3.6992 0.0000 170.0061 20.6987 219.4940 1.6761 1.7555 4.1131 -23.7360 1.3222 25.1923 2.9517 0.0042
Car 0.0000 0 -3.2985 0.0000 0.0000 1224.0000 370.0000 1.4253 1.6171 3.6114 15.2109 1.1252 -0.1109 -1.7403 0.0042
Car 0.0000 0 -0.9245 551.2892 165.8524 629.3979 201.3909 1.5205 1.7319 3.6074 -0.6340 0.8953 32.2131 -0.9421 0.0042
Car 0.0000 0 1.7555 187.8938 197.9212 254.2099 241.0985 1.4440 1.5742 3.6793 -14.7257 2.1658 27.2385 1.2661 0.0042
Car 0.0000 0 3.7866 0.0000 174.6039 26.0141 220.0252 1.5632 1.7398 4.1413 -23.6760 1.3618 25.3956 3.0443 0.0042
Car 0.0000 0 3.6932 0.0000 173.0697 27.7785 218.9058 1.5658 1.7491 3.9231 -23.5091 1.3135 25.3742 2.9540 0.0041
Car 0.0000 0 -0.7618 0.0000 180.5145 116.8886 241.5202 1.5169 1.9305 5.2851 -17.0647 1.5189 20.3155 -1.4510 0.0041
Car 0.0000 0 1.4090 588.8630 170.7404 636.8226 203.4066 1.3708 1.6145 3.3054 0.2777 0.9627 31.4215 1.4195 0.0041
Car 0.0000 0 0.3642 0.0000 176.5759 123.5685 218.4409 1.4922 1.6023 3.9310 -20.6485 1.3538 26.5251 -0.2897 0.0041
Car 0.0000 0 -0.2650 0.0000 0.0000 1224.0000 370.0000 1.4496 1.6852 3.7596 -28.5167 1.5602 1.4652 -1.7715 0.0041
Car 0.0000 0 -1.3898 748.5306 153.1685 782.4108 179.2147 2.0217 1.8771 4.6973 13.1440 -0.1082 57.6565 -1.1650 0.0041
Car 0.0000 0 0.7320 144.3318 195.1558 272.9072 238.1654 1.4921 1.6574 4.2168 -14.9566 2.0734 26.6818 0.2276 0.0041
Car 0.0000 0 -1.0065 0.0000 181.9836 14.3337 238.1833 1.4695 1.4514 3.5162 -19.0671 1.5178 20.4383 -1.7477 0.0041
Car 0.0000 0 1.0483 0.0000 186.6738 22.3344 236.3750 1.4281 1.5304 3.7430 -20.2570 1.6326 21.9370 0.3116 0.0041
Car 0.0000 0 -0.4397 961.9604 167.6674 1141.2852 244.9014 1.4539 1.4000 2.6910 8.7899 1.2140 14.1458 0.1079 0.0041
Car 0.0000 0 0.1167 0.0000 0.0000 1224.0000 370.0000 1.5243 1.6399 4.0275 -28.5157 1.5674 0.0175 -1.4405 0.0041
Cyclist 0.0000 0 -1.0179 0.0000 183.3789 58.2492 251.7365 1.4524 0.4022 1.6027 -13.0781 1.5222 15.9071 -1.6945 0.0041
Car 0.0000 0 -0.3829 552.5370 169.7349 638.0316 203.3896 1.4892 1.6656 3.5976 -0.4725 1.0143 32.7423 -0.3954 0.0040
Car 0.0000 0 0.5330 0.0000 177.0746 113.2303 218.4207 1.4786 1.5042 3.6628 -20.6937 1.3577 26.2587 -0.1268 0.0040
Car 0.0000 0 -1.1491 574.5005 167.1831 635.1557 198.9935 1.4428 1.6567 3.4163 0.0275 0.8402 33.9614 -1.1464 0.0040
Car 0.0000 0 0.5525 665.2703 168.0552 767.3237 207.2943 1.4458 1.6796 3.6297 4.3236 0.9888 27.8637 0.7065 0.0040
Car 0.0000 0 0.6140 666.4733 167.5987 767.0061 207.5284 1.4491 1.6435 3.5606 4.2735 0.9824 27.4834 0.7683 0.0040
Car 0.0000 0 0.7894 0.0000 186.1514 27.0203 234.8039 1.4233 1.5658 3.7569 -20.2969 1.6057 21.7527 0.0476 0.0040
Car 0.0000 0 -1.3272 740.7664 149.3235 778.3928 179.2803 2.3277 1.9594 4.5222 12.6498 -0.1024 57.5962 -1.1103 0.0040
Car 0.0000 0 -3.0001 579.7365 164.1251 691.9366 201.9728 1.5069 1.7450 4.4624 1.2961 0.8564 29.4183 -2.9547 0.0040
Car 0.0000 0 1.6331 642.1688 172.8324 687.7469 210.6661 1.3964 1.5740 3.6230 2.4047 1.1149 28.0001 1.7196 0.0039
Car 0.0000 0 -2.3196 0.0000 174.8036 31.4217 218.5989 1.5340 1.7528 4.0780 -23.6411 1.3360 25.8134 -3.0532 0.0039
Car 0.0000 0 3.6162 0.0000 172.7732 38.3469 218.4921 1.5557 1.6878 4.2062 -23.2962 1.2943 25.4097 2.8822 0.0039
Car 0.0000 0 -2.9095 0.0000 0.0000 1224.0000 370.0000 1.5064 1.6016 3.1414 5.9493 1.6179 -0.1999 -1.3579 0.0039
Car 0.0000 0 -0.1015 0.0000 0.0000 1224.0000 370.0000 1.5365 1.6036 4.0206 -28.2813 1.5405 0.1807 -1.6528 0.0039
Car 0.0000 0 -1.4429 646.1610 163.0919 700.0101 203.3665 1.5979 1.7798 4.1052 2.9605 0.9087 30.2471 -1.3445 0.0039
Car 0.0000 0 -1.6975 555.2048 161.6407 601.2589 199.2957 1.6298 1.6512 3.8007 -1.3095 0.8150 32.6086 -1.7354 0.0039
Car 0.0000 0 2.0709 0.0000 177.8497 70.1177 220.1152 1.4915 1.5565 3.8850 -22.4103 1.3995 26.9978 1.3856 0.0039
Car 0.0000 0 1.4672 484.7935 180.6592 561.8808 242.0826 1.3647 1.5032 4.0776 -2.2011 1.3708 17.8695 1.3485 0.0038
Car 0.0000 0 3.8386 0.0000 175.3126 37.8234 218.2992 1.5120 1.7024 4.0529 -23.4445 1.3310 25.7817 3.1086 0.0038
Car 0.0000 0 0.1202 0.0000 174.9514 115.5916 218.3225 1.4680 1.5770 3.8937 -20.1767 1.2817 25.6036 -0.5394 0.0038
Car 0.0000 0 1.4282 589.8946 170.4278 636.9463 203.5409 1.3874 1.6261 3.3267 0.3027 0.9669 31.3755 1.4395 0.0038
Car 0.0000 0 -0.1650 0.0000 0.0000 1224.0000 370.0000 1.5141 1.6009 4.2147 -28.2726 1.5435 0.4052 -1.7084 0.0038
Car 0.0000 0 0.7920 142.1364 196.1342 262.6385 238.8069 1.4686 1.6743 3.9430 -15.1920 2.0897 26.6678 0.2807 0.0038
Pedestrian 0.0000 0 0.0882 742.5475 159.5589 756.3948 181.1442 1.7961 0.7708 1.0751 12.1473 0.0548 59.3527 0.2908 0.0037
Car 0.0000 0 0.0780 0.0000 0.0000 1224.0000 370.0000 1.5494 1.7200 4.2254 -28.4909 1.4905 0.5947 -1.4589 0.0037
Car 0.0000 0 -2.5432 0.0000 0.0000 1224.0000 370.0000 1.5650 1.6221 3.9246 20.6523 0.6710 1.5384 -1.0609 0.0037
Car 0.0000 0 -1.4932 640.0472 164.3479 687.6306 203.2571 1.5433 1.7174 3.9191 2.5453 0.9041 30.1125 -1.4079 0.0037
Car 0.0000 0 -0.1493 0.0000 0.0000 1224.0000 370.0000 1.4858 1.7455 3.8478 -28.3184 1.5665 0.7184 -1.6817 0.0037
Car 0.0000 0 -0.1260 664.3922 164.6173 772.3741 202.6319 1.5128 1.7418 4.1921 4.5678 0.8822 29.0653 0.0301 0.0037
Car 0.0000 0 -2.0274 0.0000 0.0000 1224.0000 370.0000 1.4749 1.4146 3.6375 12.9670 1.0107 -0.0565 -0.4758 0.0037
Car 0.0000 0 0.3819 0.0000 177.2522 122.5020 218.6007 1.4779 1.5878 3.8599 -20.6672 1.3633 26.5502 -0.2720 0.0037
Pedestrian 0.0000 0 -0.4961 777.7793 161.7924 795.9443 188.2223 1.8050 0.9619 0.8607 12.5648 0.5287 48.8515 -0.2441 0.0037
Car 0.0000 0 -2.0632 0.0000 0.0000 1224.0000 370.0000 1.5462 1.5053 3.7575 11.6874 0.7854 1.3348 -0.6320 0.0037
Car 0.0000 0 3.5997 0.0000 0.0000 1224.0000 370.0000 1.6463 1.6377 3.9056 -21.9168 1.8205 -0.0300 2.0439 0.0037
Car 0.0000 0 -4.4851 0.0000 0.0000 1224.0000 370.0000 1.3763 1.4237 3.6859 16.0138 0.9735 -0.1058 -2.9266 0.0037
Car 0.0000 0 -0.8209 0.0000 180.7303 30.2215 237.3525 1.5221 1.5594 3.6172 -19.2380 1.5310 20.8347 -1.5571 0.0036
Car 0.0000 0 1.9447 553.8832 165.1011 616.9499 199.9162 1.4475 1.5708 3.6382 -0.8245 0.8088 31.3706 1.9206 0.0036
Car 0.0000 0 -2.4402 0.0000 0.0000 1224.0000 370.0000 1.5814 1.5974 3.5418 11.9591 0.7414 1.4921 -1.0188 0.0036
Car 0.0000 0 -0.1576 544.3732 166.0219 636.3237 200.0059 1.5351 1.6678 4.0948 -0.7336 0.8826 33.1154 -0.1777 0.0036
Pedestrian 0.0000 0 0.3641 90.6104 170.7747 136.5758 272.9313 1.8280 0.5510 0.5285 -9.0546 1.6556 12.9757 -0.2320 0.0036
Car 0.0000 0 -0.3251 544.7401 167.4561 634.3809 201.0076 1.4545 1.5799 3.7520 -0.7251 0.8905 32.0261 -0.3457 0.0036
Car 0.0000 0 -0.6179 938.3820 175.2042 1131.1598 244.2988 1.3483 1.4026 3.1962 8.7756 1.2466 14.6269 -0.0854 0.0036
Car 0.0000 0 -0.9174 0.0000 184.7666 19.9594 239.3145 1.4291 1.4314 3.4910 -19.1341 1.5658 20.6001 -1.6565 0.0036
Car 0.0000 0 0.8912 1206.0894 155.9149 1224.0000 224.4180 1.5704 1.5625 4.2818 18.0765 1.0084 18.4057 1.6605 0.0035
Car 0.0000 0 1.3485 0.0000 0.0000 1224.0000 370.0000 1.5707 1.4614 4.2903 -5.4915 1.7262 -0.1892 -0.1963 0.0035
Car 0.0000 0 0.4354 0.0000 182.4969 115.2161 224.5142 1.4668 1.4826 3.7121 -20.4150 1.5447 25.9197 -0.2241 0.0035
Car 0.0000 0 -1.3887 0.0000 0.0000 1224.0000 370.0000 1.3016 1.4648 3.1187 15.7481 1.0961 -0.2080 0.1762 0.0035
Car 0.0000 0 0.3638 0.0000 177.7922 138.4503 219.3875 1.4980 1.6855 4.2459 -20.4765 1.4020 26.8552 -0.2802 0.0034
Car 0.0000 0 -1.7323 598.7742 168.9311 645.0682 199.5495 1.3948 1.6706 3.5915 0.7455 0.8692 34.0966 -1.7088 0.0034
Car 0.0000 0 -1.5831 780.8067 157.3836 806.1824 181.2148 1.6245 1.6782 3.8876 13.3801 0.0500 50.2837 -1.3228 0.0034
Car 0.0000 0 2.2641 191.7288 199.2916 293.4013 242.8276 1.4660 1.5460 3.6097 -13.9613 2.2473 27.4048 1.7990 0.0034
Car 0.0000 0 -2.4301 0.0000 0.0000 1224.0000 370.0000 1.4855 1.5333 3.3232 11.3798 0.8046 0.8301 -0.9591 0.0034
Car 0.0000 0 1.5766 657.0062 173.1562 705.4769 213.7099 1.4673 1.7501 3.8604 2.9565 1.2031 27.5936 1.6839 0.0033
Car 0.0000 0 1.0672 0.0000 0.0000 1224.0000 370.0000 1.4936 1.5926 4.2164 -9.1756 1.4661 -0.0833 -0.4757 0.0033
Car 0.0000 0 -1.8980 599.4313 170.6761 659.3529 202.3195 1.3666 1.7219 3.4567 1.0412 0.9438 32.4335 -1.8644 0.0033
Car 0.0000 0 2.0863 0.0000 175.3477 16.0018 227.2474 1.5611 1.7248 3.8964 -21.6372 1.4077 23.3532 1.3476 0.0033
Car 0.0000 0 -2.2654 0.0000 0.0000 1224.0000 370.0000 1.4811 1.4348 3.6596 11.9631 0.7890 1.5989 -0.8525 0.0033
Car 0.0000 0 1.1555 452.2130 177.3889 576.3800 240.4581 1.4545 1.5971 4.3522 -2.5465 1.3844 18.5750 1.0233 0.0033
Pedestrian 0.0000 0 0.0047 7.4891 168.5805 40.2215 247.5716 1.6773 0.5161 0.5432 -12.6770 1.4258 15.3797 -0.6728 0.0033
Car 0.0000 0 -1.2943 743.8608 146.0616 783.5101 181.8689 2.8031 1.8776 4.9969 13.0792 0.1084 57.9872 -1.0719 0.0032
Car 0.0000 0 -2.7338 409.0714 168.5538 572.5447 228.1742 1.6139 1.6880 4.3698 -3.3134 1.2921 20.4965 -2.8898 0.0032
Car 0.0000 0 -1.8806 598.1554 169.8170 656.8778 202.3835 1.4270 1.7499 3.4692 0.9704 0.9603 32.8842 -1.8495 0.0032
Car 0.0000 0 1.6471 653.9311 175.0440 706.2994 214.2633 1.4188 1.7409 3.9232 2.9802 1.2230 27.6617 1.7549 0.0032
Car 0.0000 0 -2.0620 0.0000 0.0000 1224.0000 370.0000 1.5133 1.5369 3.9204 10.9532 1.1611 -0.1360 -0.5070 0.0031
Car 0.0000 0 0.9985 975.9558 172.6565 1140.5275 237.0005 1.4264 1.6324 3.7437 11.0033 1.2541 17.5556 1.5519 0.0031
Car 0.0000 0 -0.0421 0.0000 0.0000 1224.0000 370.0000 1.5320 1.7324 4.2528 -28.4475 1.5570 0.4100 -1.5855 0.0031
Car 0.0000 0 -1.0054 554.1118 164.9206 627.4655 200.0339 1.5048 1.7508 3.4761 -0.6133 0.8386 32.2352 -1.0224 0.0031
Car 0.0000 0 2.0288 0.0000 177.1513 65.8635 219.9408 1.5062 1.5427 3.7941 -22.4061 1.3899 26.9060 1.3420 0.0031
Car 0.0000 0 1.7727 565.3404 169.7600 618.6604 203.0852 1.3918 1.6842 3.5594 -0.5375 0.9447 31.4290 1.7576 0.0030
Car 0.0000 0 -1.5072 777.7993 155.3873 805.7482 181.1227 1.7677 1.6881 4.0016 13.4387 0.0441 50.7259 -1.2479 0.0030
Car 0.0000 0 0.1073 0.0000 0.0000 1224.0000 370.0000 1.5110 1.7477 4.0815 -28.5218 1.4621 0.5766 -1.4303 0.0030
Cyclist 0.0000 0 -1.0652 50.8273 175.7548 119.5805 268.0040 1.6429 0.3254 1.5490 -9.8416 1.5601 13.3755 -1.6865 0.0030
Car 0.0000 0 2.0883 0.0000 174.7533 17.8830 227.4063 1.5735 1.7178 4.1211 -21.6108 1.4034 23.3240 1.3496 0.0030
Car 0.0000 0 2.9771 375.7455 183.7113 566.6308 244.9597 1.3608 1.6982 4.4053 -3.3411 1.4485 17.4173 2.7926 0.0030
Car 0.0000 0 1.7652 634.8721 173.0323 691.0222 210.4939 1.3960 1.5954 3.4476 2.3465 1.1192 28.2190 1.8490 0.0030
Pedestrian 0.0000 0 0.5630 741.4927 157.5343 756.7990 180.6348 1.9246 0.8452 0.9598 12.1561 0.0124 59.5402 0.7652 0.0030
Car 0.0000 0 2.0028 190.6903 200.8604 274.7005 243.6645 1.4489 1.5322 3.5248 -14.3646 2.2922 27.4305 1.5265 0.0030
Car 0.0000 0 -1.4185 744.1195 147.0128 777.5568 179.9344 2.5669 1.9507 4.8814 12.8102 -0.0472 57.8430 -1.1998 0.0029
Car 0.0000 0 0.8780 968.3782 177.6714 1136.0262 237.9650 1.3543 1.5933 3.6112 11.0119 1.2923 17.7778 1.4262 0.0029
Car 0.0000 0 2.5218 943.9198 170.3507 1144.8566 235.5398 1.4713 1.6954 3.8276 10.3951 1.2439 16.9443 3.0654 0.0029
Car 0.0000 0 2.3741 0.0000 177.1634 96.2850 219.0225 1.4856 1.4889 3.5865 -21.6137 1.3687 26.9654 1.7059 0.0029
Car 0.0000 0 -2.5572 0.0000 0.0000 1224.0000 370.0000 1.5407 1.6487 4.0727 20.6582 0.6342 1.3235 -1.0646 0.0029
Car 0.0000 0 -0.8167 559.6343 166.9444 638.0968 200.7861 1.4923 1.7017 3.5436 -0.2644 0.8960 33.0520 -0.8228 0.0029
Car 0.0000 0 0.3817 0.0000 178.0137 120.3881 219.3371 1.4758 1.6120 3.6841 -20.6321 1.3885 26.5177 -0.2720 0.0028
Car 0.0000 0 2.4384 552.8557 168.9778 639.4016 201.1146 1.3622 1.8052 3.5746 -0.3886 0.8753 31.8171 2.4282 0.0028
Car 0.0000 0 -2.7108 589.9504 163.8515 704.3589 202.8746 1.5435 1.7887 4.4761 1.7341 0.8865 29.8038 -2.6514 0.0028
Car 0.0000 0 -1.2408 638.0270 164.9306 707.3285 203.8361 1.5403 1.7509 3.9552 2.9355 0.9254 30.1502 -1.1429 0.0028
Car 0.0000 0 1.1989 455.7485 175.4954 576.6424 238.8952 1.4745 1.7031 4.3358 -2.5192 1.3597 18.7495 1.0694 0.0028
Car 0.0000 0 0.3974 130.6385 194.5731 272.1540 237.4280 1.4915 1.7252 4.2604 -14.9994 2.0407 26.4179 -0.1124 0.0028
Car 0.0000 0 -1.4780 0.0000 0.0000 1224.0000 370.0000 1.4323 1.7316 3.9435 -31.6411 1.8416 -0.1785 -3.0426 0.0027
Car 0.0000 0 2.0263 0.0000 178.3436 59.8222 221.2517 1.5013 1.5143 3.6796 -22.4368 1.4274 26.7002 1.3351 0.0027
Car 0.0000 0 1.2449 574.8562 166.9434 635.2778 202.5585 1.5185 1.6843 3.5690 -0.0764 0.9420 32.1013 1.2444 0.0027
Car 0.0000 0 -0.4247 911.4030 170.3188 1106.3877 243.4637 1.4133 1.3363 3.1943 8.1055 1.2182 14.4485 0.0789 0.0027
Car 0.0000 0 -0.8237 0.0000 179.4662 25.4232 235.2212 1.4982 1.4869 3.5171 -19.2475 1.4720 20.7598 -1.5619 0.0027
Car 0.0000 0 1.9966 0.0000 178.1875 62.6648 221.5338 1.5201 1.5316 3.8541 -22.4410 1.4406 26.8506 1.3080 0.0026
Car 0.0000 0 2.9098 365.8005 183.3725 561.0838 245.4437 1.3362 1.6448 4.3506 -3.4253 1.4136 17.0142 2.7165 0.0026
Car 0.0000 0 -2.7517 0.0000 0.0000 1224.0000 370.0000 1.5206 1.6473 4.2802 20.3311 0.6808 1.5671 -1.2722 0.0026
Car 0.0000 0 -0.5400 936.9787 174.6227 1161.9518 241.5441 1.5199 1.7755 4.2722 10.4800 1.3880 16.9559 0.0069 0.0026
Car 0.0000 0 2.2022 0.0000 177.5382 83.8430 219.9689 1.5088 1.5224 3.8116 -22.0867 1.4050 27.0763 1.5254 0.0026
Pedestrian 0.0000 0 -0.6504 1122.2892 144.2573 1196.9495 252.5561 1.7545 0.5306 0.8206 9.1341 1.1690 11.7150 0.0005 0.0026
Car 0.0000 0 0.4192 0.0000 182.6736 125.5236 224.9268 1.5029 1.6951 3.9582 -20.6365 1.5900 26.5579 -0.2339 0.0026
Car 0.0000 0 0.5236 127.8301 195.8756 267.7622 239.5769 1.5338 1.7754 4.2031 -15.1223 2.1283 26.3562 0.0093 0.0026
Car 0.0000 0 -1.2030 639.0836 165.5737 709.3815 203.7421 1.5172 1.7506 3.7526 2.9971 0.9254 30.1701 -1.1032 0.0026
Car 0.0000 0 1.3156 464.7041 179.7276 567.7442 241.9546 1.4130 1.6132 4.2273 -2.4573 1.3971 18.3124 1.1863 0.0025
Car 0.0000 0 -3.4226 857.1014 180.7684 1050.9934 255.0419 1.4361 1.5188 3.3107 7.0729 1.4437 14.6880 -2.9806 0.0025
Car 0.0000 0 0.3355 0.0000 176.7114 124.6178 219.0550 1.5091 1.6527 3.8326 -20.5860 1.3756 26.5751 -0.3160 0.0025
Car 0.0000 0 -0.1608 0.0000 0.0000 1224.0000 370.0000 1.4913 1.6090 3.8481 -28.6662 1.6824 1.7492 -1.6579 0.0025
Car 0.0000 0 4.0384 0.0000 0.0000 1224.0000 370.0000 1.5353 1.7549 3.8229 -29.6629 1.5970 1.1121 2.5175 0.0025
Car 0.0000 0 -0.3203 552.9062 168.1543 639.1663 202.3399 1.5083 1.7181 3.6197 -0.4449 0.9651 32.5927 -0.3320 0.0025
Car 0.0000 0 -0.6715 958.1408 167.9478 1155.5514 245.1792 1.4702 1.5250 3.1277 9.0802 1.2329 14.3946 -0.1170 0.0025
Car 0.0000 0 -1.7923 583.1146 168.2487 633.4916 200.8872 1.4013 1.6281 3.1511 0.0825 0.8768 32.0648 -1.7879 0.0025
Car 0.0000 0 4.1901 0.0000 0.0000 1224.0000 370.0000 1.5262 1.7860 3.8851 -29.7560 1.7052 1.2337 2.6731 0.0024
Car 0.0000 0 -3.4347 856.6400 180.7122 1052.4354 255.1435 1.4395 1.5257 3.3362 7.0782 1.4458 14.6775 -2.9922 0.0024
Pedestrian 0.0000 0 -0.2660 742.1480 158.4769 755.4880 180.7505 1.8630 0.7902 0.9257 12.1291 0.0222 59.5589 -0.0643 0.0023
Car 0.0000 0 -0.5778 953.3096 170.9893 1148.3867 244.3841 1.4182 1.3989 3.1097 8.9531 1.2360 14.4023 -0.0298 0.0023
Car 0.0000 0 2.1976 0.0000 178.1143 78.0755 220.3192 1.4951 1.4702 3.6987 -22.1350 1.4121 26.9279 1.5171 0.0023
Car 0.0000 0 -3.6712 939.4421 170.0259 1150.2135 236.5463 1.5093 1.6945 3.9766 10.3542 1.2733 16.9111 -3.1285 0.0023
Cyclist 0.0000 0 -1.9672 1035.2693 168.7682 1095.9755 258.4174 1.5089 0.3983 1.3536 8.1351 1.3131 12.5961 -1.4035 0.0023
Car 0.0000 0 0.9532 987.0637 170.4133 1178.1969 239.3097 1.4920 1.7058 4.2711 11.4881 1.2752 17.4766 1.5280 0.0023
Car 0.0000 0 0.2328 0.0000 0.0000 1224.0000 370.0000 1.5772 1.7284 4.4406 -28.7807 1.5490 0.0404 -1.3238 0.0023
Car 0.0000 0 0.2147 0.0000 0.0000 1224.0000 370.0000 1.5523 1.8579 4.4248 -28.8585 1.4411 0.5385 -1.3246 0.0023
Car 0.0000 0 2.1679 0.0000 176.3360 78.7769 218.7426 1.5027 1.5016 3.7193 -22.1157 1.3567 26.9644 1.4885 0.0023
Car 0.0000 0 1.7112 568.3062 170.0137 617.1655 203.2128 1.3872 1.6867 3.5238 -0.5076 0.9505 31.3934 1.6971 0.0023
Car 0.0000 0 2.9979 0.0000 0.0000 1224.0000 370.0000 1.5009 1.6302 3.8164 -30.4946 1.7179 1.3955 1.4850 0.0022
Car 0.0000 0 3.0492 0.0000 0.0000 1224.0000 370.0000 1.4948 1.6524 3.7772 -30.4761 1.7049 1.5585 1.5417 0.0022
Car 0.0000 0 -2.8269 0.0000 0.0000 1224.0000 370.0000 1.5165 1.6505 3.8446 20.3697 0.6651 0.9729 -1.3182 0.0022
Car 0.0000 0 -1.8959 0.0000 0.0000 1224.0000 370.0000 1.4754 1.4915 3.8075 12.5753 1.0003 -0.1954 -0.3339 0.0022
Car 0.0000 0 -0.5474 934.0840 175.0305 1116.9105 232.7539 1.4555 1.7846 3.7998 11.0126 1.3192 18.7576 -0.0223 0.0022
Car 0.0000 0 -0.5896 961.9262 165.8238 1182.0021 243.5936 1.4921 1.5735 3.4542 9.3450 1.2121 14.3844 -0.0218 0.0022
Car 0.0000 0 -1.4947 0.0000 0.0000 1224.0000 370.0000 1.5214 1.7083 3.9430 20.6602 0.6963 -0.0475 0.0641 0.0022
Car 0.0000 0 2.8917 366.8706 183.4100 556.4917 245.0935 1.3277 1.6505 4.1998 -3.4676 1.4062 17.0189 2.6962 0.0022
Car 0.0000 0 -4.6490 0.0000 0.0000 1224.0000 370.0000 1.5588 1.6015 3.6150 20.0035 0.6607 -0.2714 -3.0795 0.0022
Car 0.0000 0 2.2009 0.0000 178.2713 74.3158 219.5821 1.4651 1.4778 3.4867 -22.1622 1.3876 26.8502 1.5185 0.0022
Car 0.0000 0 4.1914 0.0000 0.0000 1224.0000 370.0000 1.5297 1.7422 3.6900 -29.5094 1.6020 1.0943 2.6702 0.0022
Car 0.0000 0 1.5603 488.9869 177.5251 560.3536 239.3435 1.4074 1.6247 4.3876 -2.1433 1.3413 18.3688 1.4480 0.0021
Car 0.0000 0 1.5782 487.5413 180.9324 555.1709 240.7008 1.3595 1.5386 4.0144 -2.1663 1.3735 18.1855 1.4635 0.0021
Car 0.0000 0 1.1670 976.3913 179.2813 1114.6091 239.7795 1.3348 1.5011 3.7831 10.7197 1.3095 17.5718 1.7084 0.0021
Car 0.0000 0 -0.5328 954.1179 172.2775 1130.5631 243.7712 1.3931 1.3155 2.7866 8.8098 1.2345 14.4398 0.0069 0.0021
Car 0.0000 0 -0.0277 0.0000 0.0000 1224.0000 370.0000 1.4869 1.7010 3.7172 -28.6583 1.5461 1.7269 -1.5254 0.0021
Car 0.0000 0 -3.4599 860.5660 178.7669 1071.7448 254.5793 1.4606 1.4962 3.5907 7.2726 1.4288 14.6024 -3.0048 0.0021
Car 0.0000 0 1.1243 923.4249 172.1630 1068.8602 239.6184 1.4659 1.5950 3.7579 9.3225 1.2863 17.2708 1.6132 0.0021
Car 0.0000 0 -1.7127 768.9644 154.3474 802.5192 181.6074 1.8868 1.7418 4.4064 13.0459 0.0780 51.2181 -1.4629 0.0020
Car 0.0000 0 0.3654 0.0000 0.0000 1224.0000 370.0000 1.5830 1.7953 4.1166 -29.0623 1.5428 1.8574 -1.1289 0.0020
Car 0.0000 0 2.9050 372.2972 182.8476 574.8644 246.3288 1.4045 1.7210 4.6583 -3.2682 1.4699 17.4945 2.7253 0.0020
Car 0.0000 0 -1.8716 0.0000 0.0000 1224.0000 370.0000 1.5393 1.4560 3.5198 12.7591 0.9150 -0.0834 -0.3183 0.0020
Car 0.0000 0 -0.6376 947.7288 172.8200 1187.5009 247.0207 1.4381 1.7968 3.8921 9.4783 1.2909 14.7393 -0.0743 0.0020
Car 0.0000 0 2.8717 361.4830 179.1059 578.5522 245.1728 1.4619 1.7454 5.0033 -3.3357 1.4326 17.5196 2.6886 0.0020
Car 0.0000 0 0.3833 0.0000 0.0000 1224.0000 370.0000 1.5626 1.8220 4.0617 -29.0053 1.4017 0.8948 -1.1439 0.0020
Car 0.0000 0 2.5547 940.6353 168.2844 1148.8406 236.6388 1.5443 1.6375 3.9913 10.3511 1.2699 16.8735 3.0982 0.0020
Car 0.0000 0 1.2998 987.1465 176.4609 1107.0616 238.7179 1.3632 1.5311 3.6790 10.7118 1.2764 17.4548 1.8437 0.0019
Car 0.0000 0 -3.4340 0.0000 0.0000 1224.0000 370.0000 1.5709 1.5928 3.6374 6.1242 1.7294 -0.2871 -1.8675 0.0019
Car 0.0000 0 1.5074 489.0196 175.1907 565.3983 237.2448 1.4197 1.6826 4.6291 -2.1980 1.2998 18.5973 1.3935 0.0019
Pedestrian 0.0000 0 -3.6936 1143.0807 151.9247 1208.1722 253.8661 1.6391 0.5099 0.6649 9.3509 1.1813 11.6542 -3.0290 0.0019
Car 0.0000 0 -3.6401 1215.3844 157.2803 1224.0000 220.5826 1.5249 1.5248 3.9865 18.6023 0.9672 18.3238 -2.8542 0.0019
Car 0.0000 0 4.3415 0.0000 0.0000 1224.0000 370.0000 1.5346 1.6574 3.9723 -29.1517 1.4517 1.0288 2.8187 0.0019
Car 0.0000 0 0.9919 975.2211 170.6720 1148.3920 237.2045 1.4560 1.7085 3.8562 10.9833 1.2425 17.4153 1.5480 0.0018
Car 0.0000 0 1.8558 475.4336 182.0661 585.7484 243.5435 1.3920 1.6057 4.6374 -1.8239 1.4400 18.5561 1.7612 0.0018
Car 0.0000 0 1.8121 586.7213 169.0316 642.2040 203.1521 1.4113 1.6500 3.5021 0.4551 0.9384 31.1438 1.8284 0.0018
Car 0.0000 0 1.2979 968.2222 174.8189 1113.1067 247.1999 1.4934 1.7788 4.3163 10.1393 1.3778 16.8977 1.8317 0.0018
Car 0.0000 0 1.0490 931.3654 177.6764 1100.1661 247.3828 1.4785 1.7405 3.8961 9.5817 1.4202 16.9518 1.5570 0.0018
Car 0.0000 0 0.4854 0.0000 168.2002 109.6464 217.2843 1.6470 1.7280 3.9620 -20.1378 1.2358 24.9349 -0.1859 0.0018
Car 0.0000 0 -2.2013 910.2193 179.4713 1072.0560 247.6368 1.2945 1.4717 3.0596 8.0166 1.2766 15.0433 -1.7187 0.0018
Car 0.0000 0 1.2368 934.4020 176.8474 1068.3818 245.0044 1.4534 1.6158 3.7894 9.3459 1.3771 17.0716 1.7315 0.0017
Car 0.0000 0 2.8153 356.2728 180.7697 559.2314 245.6179 1.3964 1.6675 4.5084 -3.5390 1.4052 17.0863 2.6165 0.0017
Cyclist 0.0000 0 1.8157 588.0659 162.2439 613.3132 200.7724 1.6610 0.6558 2.0173 -0.1957 0.8754 31.5341 1.8114 0.0017
Car 0.0000 0 0.3280 0.0000 0.0000 1224.0000 370.0000 1.5191 1.7440 3.9592 -29.0472 1.5269 1.4667 -1.1796 0.0017
Car 0.0000 0 2.3497 942.2469 172.2109 1117.0375 235.5372 1.4300 1.4681 3.7078 10.2346 1.2444 17.1475 2.8813 0.0017
Car 0.0000 0 -0.7866 0.0000 174.8917 25.2978 235.9855 1.6378 1.5383 3.4575 -19.2492 1.4890 20.7105 -1.5260 0.0016
Car 0.0000 0 -0.6344 931.3231 178.0753 1108.4286 244.8795 1.3152 1.2851 3.0168 8.5454 1.2691 14.7278 -0.1163 0.0016
Car 0.0000 0 1.2133 977.1555 177.7538 1108.3535 241.3680 1.4137 1.4675 3.9345 10.7790 1.3543 17.7751 1.7521 0.0016
Car 0.0000 0 2.3431 934.2715 170.4416 1129.2646 237.1915 1.4848 1.5933 4.1549 10.2161 1.2627 17.0356 2.8768 0.0016
Car 0.0000 0 2.2190 947.0726 173.4352 1117.2833 237.7460 1.4249 1.5383 3.8338 10.2954 1.2700 17.0966 2.7544 0.0016
Car 0.0000 0 -0.9858 561.3634 168.8577 637.4642 202.9415 1.4576 1.7311 3.6644 -0.2164 0.9612 32.2387 -0.9906 0.0016
Pedestrian 0.0000 0 -3.3590 1143.5691 143.7531 1206.7968 251.4675 1.7201 0.5334 0.7089 9.3597 1.1349 11.6795 -2.6949 0.0016
Car 0.0000 0 1.7846 480.4655 182.2816 577.2208 243.4371 1.3835 1.5731 4.4152 -1.8759 1.4373 18.4070 1.6865 0.0016
Car 0.0000 0 0.7866 1073.9413 170.5907 1224.0000 241.4025 1.4217 1.6261 4.3999 13.3318 1.2244 16.4677 1.4593 0.0015
Car 0.0000 0 4.2473 0.0000 0.0000 1224.0000 370.0000 1.5074 1.6458 3.9284 -29.3345 1.4700 1.1620 2.7288 0.0015
Cyclist 0.0000 0 -1.3194 0.0000 176.4732 35.1288 250.9532 1.4902 0.3727 1.6055 -12.5725 1.4113 14.9485 -2.0064 0.0015
Car 0.0000 0 -0.2534 929.1623 178.7561 1126.2734 239.8815 1.4757 1.7316 4.0995 10.8022 1.4352 18.4463 0.2705 0.0015
Car 0.0000 0 -0.1825 920.4244 180.0489 1113.1082 239.9182 1.4380 1.6079 4.0953 10.4887 1.4288 18.4011 0.3297 0.0014
Car 0.0000 0 -0.9203 912.5544 171.9672 1137.9698 251.4306 1.5578 1.7980 4.7340 9.2425 1.3922 15.5922 -0.3926 0.0014
Car 0.0000 0 -0.6586 938.5393 174.2284 1156.3602 238.4495 1.4560 1.8294 4.2736 10.6079 1.3154 17.1728 -0.1118 0.0014
Car 0.0000 0 -0.1453 942.7328 177.7807 1137.3820 238.9164 1.4512 1.7016 4.0778 11.0368 1.3882 18.3409 0.3904 0.0014
Pedestrian 0.0000 0 -2.5411 641.7841 149.7898 707.7549 271.9133 1.7868 0.4396 0.9136 1.0141 1.3391 10.8007 -2.4483 0.0013
Car 0.0000 0 1.5905 497.0335 183.5038 561.1854 244.1709 1.3684 1.4637 4.1239 -1.9483 1.4566 18.2681 1.4878 0.0013
Car 0.0000 0 3.8118 0.0000 0.0000 1224.0000 370.0000 1.4902 1.6555 4.0326 -29.6267 1.5691 1.5682 2.3064 0.0013
Car 0.0000 0 -0.9788 942.1053 177.3684 1125.8171 252.2915 1.4521 1.6074 3.7056 9.2038 1.3930 15.2182 -0.4425 0.0013
Pedestrian 0.0000 0 -1.5012 665.8478 160.9917 678.9841 193.2805 1.8053 0.6900 0.7276 3.8032 0.7160 39.9425 -1.4052 0.0013
Car 0.0000 0 1.5975 989.3154 177.5994 1081.6063 247.5819 1.4510 1.6842 4.4352 10.3195 1.3925 16.9786 2.1369 0.0013
Pedestrian 0.0000 0 -1.5722 666.2399 160.9780 678.5868 193.2002 1.8020 0.6878 0.7674 3.7999 0.7116 39.9501 -1.4763 0.0013
Pedestrian 0.0000 0 -2.8117 1144.2850 154.1326 1208.3414 261.8986 1.6627 0.4881 0.6801 9.1001 1.2576 11.3223 -2.1467 0.0013
Cyclist 0.0000 0 -2.0979 1017.8282 166.1079 1087.9905 256.0367 1.5740 0.4115 1.4456 8.2210 1.3237 13.0979 -1.5466 0.0013
Car 0.0000 0 1.2107 934.1013 173.4944 1082.9686 243.7357 1.5021 1.7782 4.0606 9.5855 1.3539 17.2506 1.7117 0.0013
Pedestrian 0.0000 0 -1.4379 776.2093 176.2756 802.1273 241.4594 1.6069 0.5621 0.5822 4.6035 1.5044 17.8004 -1.1875 0.0013
Car 0.0000 0 2.5979 927.1144 180.2386 1119.6516 236.6869 1.3479 1.4207 3.9804 10.3068 1.3433 17.6304 3.1207 0.0013
Pedestrian 0.0000 0 -1.4549 775.7860 174.6026 802.4142 241.4146 1.6455 0.5846 0.6152 4.6024 1.5019 17.8009 -1.2046 0.0012
Car 0.0000 0 2.2255 1126.4457 162.0701 1224.0000 220.9213 1.4875 1.6480 4.3421 16.6283 1.0233 19.1187 2.9347 0.0012
Car 0.0000 0 1.1798 962.8322 169.3916 1153.5352 254.6459 1.5833 1.8178 4.6172 9.6011 1.3786 15.5468 1.7255 0.0012
Car 0.0000 0 -3.8203 1194.8900 154.3582 1224.0000 213.1431 1.5087 1.4572 4.0956 18.5918 0.8394 19.0469 -3.0537 0.0012
Car 0.0000 0 -2.9085 0.0000 0.0000 1224.0000 370.0000 1.4901 1.6514 3.8311 19.9134 0.6289 0.8777 -1.3965 0.0012
Car 0.0000 0 -0.0448 0.0000 0.0000 1224.0000 370.0000 1.4668 1.7084 3.7424 -28.6285 1.5505 0.9544 -1.5694 0.0012
Car 0.0000 0 1.5010 991.1115 179.8991 1084.8833 246.5095 1.4092 1.5913 4.2174 10.3462 1.3981 17.1945 2.0361 0.0012
Pedestrian 0.0000 0 0.9064 641.3102 150.6871 699.7958 269.3775 1.7498 0.4580 0.8683 0.9556 1.3119 10.9075 0.9932 0.0011
Car 0.0000 0 -0.4017 897.6472 178.4547 1102.2573 236.8247 1.4368 1.5984 4.3747 10.0999 1.3880 18.4011 0.0946 0.0011
Pedestrian 0.0000 0 -3.2022 649.9218 155.3323 708.3071 274.2498 1.7502 0.3899 0.8472 1.0575 1.3815 10.6120 -3.1040 0.0011
Car 0.0000 0 2.3608 886.8156 171.3000 1113.5533 240.0139 1.5446 1.7246 5.1918 9.6911 1.3394 17.4340 2.8621 0.0011
Car 0.0000 0 -0.3842 916.3208 180.6915 1107.9688 237.6210 1.4011 1.5462 4.0429 10.4367 1.4080 18.4229 0.1254 0.0011
Car 0.0000 0 -1.8577 929.3188 178.5353 1058.2040 252.7086 1.4330 1.5558 3.2522 8.2722 1.3967 15.4032 -1.3718 0.0011
Car 0.0000 0 1.2594 941.1460 177.6909 1084.6086 248.2161 1.4904 1.7899 4.0440 9.6066 1.4326 17.0936 1.7651 0.0011
Car 0.0000 0 1.5696 989.8102 173.0537 1086.7163 246.4473 1.5300 1.7747 4.2862 10.3359 1.3764 17.0292 2.1085 0.0011
Car 0.0000 0 1.7406 566.0992 168.4708 619.8193 203.2646 1.4486 1.7765 3.7173 -0.4901 0.9492 31.4054 1.7270 0.0010
Car 0.0000 0 1.2531 985.8343 172.8983 1122.2777 239.3524 1.4332 1.6655 3.7724 10.7385 1.2709 17.2709 1.8027 0.0010
Cyclist 0.0000 0 -2.3212 1112.5280 138.2664 1224.0000 256.1695 1.7894 0.4862 1.9748 9.3984 1.1501 11.7306 -1.6572 0.0010
Car 0.0000 0 0.1350 962.2751 177.3011 1166.8801 240.8606 1.4010 1.6693 4.0794 11.2638 1.3321 17.5322 0.6995 0.0010
Car 0.0000 0 0.0755 951.2997 176.6844 1143.1698 238.5396 1.4116 1.7352 3.9856 11.1304 1.3262 17.9986 0.6231 0.0010
Car 0.0000 0 -1.4843 943.1171 170.8223 1044.1997 249.0437 1.4968 1.6496 3.7728 8.5920 1.3133 15.5533 -0.9866 0.0010
Car 0.0000 0 1.3359 0.0000 0.0000 1224.0000 370.0000 1.4828 1.6481 3.9181 -29.2595 1.5606 1.0692 -0.1857 0.0010
Car 0.0000 0 1.2919 932.1395 177.1809 1057.4417 243.0419 1.4330 1.6245 3.9828 9.4225 1.3624 17.4953 1.7800 0.0009
Pedestrian 0.0000 0 -1.3537 1165.8801 153.3558 1219.2979 258.5142 1.6387 0.5243 0.7552 9.4780 1.2173 11.4534 -0.6743 0.0009
Car 0.0000 0 -2.0639 869.4883 173.0946 1029.6735 244.9677 1.4432 1.7321 3.5801 7.5779 1.2961 16.0293 -1.6282 0.0009
Car 0.0000 0 -1.7045 924.5358 172.0796 1035.1200 250.0991 1.5302 1.6690 3.5691 8.1977 1.3667 15.8230 -1.2331 0.0009
Car 0.0000 0 -0.4557 925.0357 182.8736 1146.4823 241.4465 1.3894 1.8267 4.4519 10.7238 1.4549 17.9362 0.0770 0.0009
Pedestrian 0.0000 0 2.2617 669.0433 150.9615 721.0969 278.8755 1.8495 0.4170 0.7159 1.3098 1.4241 10.6159 2.3827 0.0009
Pedestrian 0.0000 0 2.7246 665.1862 151.6402 723.9517 278.2537 1.8450 0.4034 0.7775 1.2941 1.4261 10.6046 2.8442 0.0009
Car 0.0000 0 -2.0574 893.1271 176.2095 1047.2809 249.0478 1.4632 1.6274 3.4356 8.0100 1.3786 15.9374 -1.5980 0.0009
Pedestrian 0.0000 0 -1.1567 1161.1927 148.3045 1224.0000 255.8741 1.6753 0.5303 0.8228 9.4744 1.1755 11.4308 -0.4766 0.0008
Car 0.0000 0 -0.8459 932.5410 180.1109 1126.4174 254.3758 1.4617 1.7263 3.4930 9.0950 1.4557 15.2754 -0.3164 0.0008
Car 0.0000 0 -1.7183 921.3644 169.7613 1037.7313 249.7097 1.5595 1.7101 3.7413 8.1815 1.3517 15.8325 -1.2478 0.0007
Pedestrian 0.0000 0 -0.8838 663.8627 160.2081 684.0239 192.0264 1.7574 0.6982 0.9219 3.8559 0.6380 39.6200 -0.7858 0.0007
Car 0.0000 0 -1.6431 922.2269 175.7711 1024.6636 252.2541 1.4947 1.7001 4.0968 8.1560 1.4039 16.0308 -1.1788 0.0007
Car 0.0000 0 2.3406 905.4492 176.3909 1108.5734 239.5930 1.4434 1.5414 4.7403 9.9432 1.3512 17.5632 2.8496 0.0007
Car 0.0000 0 -2.1491 905.7141 182.0777 1055.4629 251.1715 1.3516 1.4781 2.9698 8.0224 1.3912 15.4521 -1.6770 0.0007
Pedestrian 0.0000 0 2.4517 666.2308 151.0253 727.0386 270.3600 1.7711 0.3881 0.8867 1.3690 1.3353 10.8905 2.5750 0.0006
Car 0.0000 0 -0.3677 0.0000 0.0000 1224.0000 370.0000 1.5985 1.4633 3.7737 -6.2850 1.5100 1.6479 -1.6327 0.0006
Pedestrian 0.0000 0 -0.9148 664.1152 160.0701 684.4542 192.1602 1.7710 0.7209 0.9223 3.8731 0.6449 39.5989 -0.8162 0.0006
Car 0.0000 0 -1.5486 940.2486 163.9787 1047.3319 247.8483 1.6015 1.8516 4.3835 8.6804 1.2877 15.8595 -1.0545 0.0006
Car 0.0000 0 -2.0968 853.3353 169.3365 1039.5535 247.6584 1.5613 1.8440 4.4343 7.5976 1.3404 16.3862 -1.6683 0.0006
Car 0.0000 0 -2.0419 880.4852 172.4164 1045.9121 248.5974 1.5277 1.6922 3.9972 7.9339 1.3673 16.1907 -1.5924 0.0006
Car 0.0000 0 -2.1321 866.5092 171.9716 1057.5436 251.1772 1.5631 1.8330 4.3093 7.8655 1.3964 16.1941 -1.6860 0.0005
Pedestrian 0.0000 0 1.9929 673.4395 154.0972 718.9545 275.0347 1.7858 0.4018 0.8114 1.3664 1.3976 10.8868 2.1160 0.0004
Cyclist 0.0000 0 -1.2209 44.2927 160.6901 100.5712 258.5619 1.7526 0.3452 1.5031 -10.1292 1.3995 13.4263 -1.8540 0.0003
Cyclist 0.0000 0 -0.9375 0.0000 161.9480 61.1251 249.3086 1.7093 0.4053 1.9342 -12.3377 1.3479 14.8049 -1.6199 0.0003
Cyclist 0.0000 0 -1.3421 52.9786 166.7226 97.8713 267.0283 1.8200 0.3134 1.6397 -10.2367 1.5717 13.6398 -1.9730 0.0002
Cyclist 0.0000 0 -1.1307 0.0000 167.8035 57.7798 262.8484 1.7754 0.3983 2.2672 -11.9614 1.5399 14.3510 -1.8129 0.0002
Cyclist 0.0000 0 0.2560 0.0000 0.0000 1224.0000 370.0000 1.7079 0.6340 1.9568 19.4069 0.6319 0.3590 1.7930 0.0002
Cyclist 0.0000 0 -0.9014 0.0000 157.9801 50.0714 260.6018 1.9092 0.3824 2.2329 -12.2842 1.4919 14.2707 -1.5993 0.0001