Car 0.0000 0 1.6956 363.6504 173.2453 469.4420 263.2186 1.6590 1.6626 4.0196 -4.0313 1.6689 15.4191 1.4433 0.9998
Car 0.0000 0 1.6999 362.7512 173.3724 469.2156 263.1020 1.6496 1.6566 3.9868 -4.0297 1.6625 15.3665 1.4470 0.9998
Car 0.0000 0 1.6940 364.5389 173.6761 470.4692 263.8551 1.6576 1.6661 4.0640 -4.0094 1.6780 15.4204 1.4431 0.9998
Car 0.0000 0 1.6915 363.7758 173.9199 468.7838 263.5824 1.6453 1.6579 4.0143 -4.0295 1.6715 15.3864 1.4388 0.9998
Car 0.0000 0 1.7015 361.6659 173.9010 469.1738 263.0774 1.6386 1.6743 3.9870 -4.0452 1.6643 15.3855 1.4479 0.9997
Car 0.0000 0 1.6894 363.5703 173.9791 467.9827 263.7778 1.6469 1.6506 4.0487 -4.0435 1.6746 15.4003 1.4361 0.9997
Car 0.0000 0 1.6727 363.6552 173.3345 466.4853 264.0330 1.6689 1.6823 4.1086 -4.0727 1.6810 15.4549 1.4185 0.9996
Car 0.0000 0 1.6965 361.1892 173.2752 468.4272 262.7492 1.6419 1.6787 4.0143 -4.0494 1.6525 15.3560 1.4422 0.9992
Car 0.0000 0 1.7036 364.3086 172.7057 470.4836 262.1637 1.6541 1.6527 3.8925 -4.0044 1.6517 15.3692 1.4522 0.9953
Car 0.0000 0 1.6828 365.1126 173.2010 468.8636 264.3388 1.6773 1.6639 4.0674 -4.0236 1.6861 15.4226 1.4311 0.9952
Car 0.0000 0 1.6870 365.1339 174.0827 469.0654 263.2202 1.6391 1.6605 3.9924 -4.0213 1.6693 15.4132 1.4352 0.9497
Car 0.0000 0 1.6874 364.6759 174.0507 467.9237 261.2076 1.6133 1.6606 3.9237 -4.0559 1.6427 15.4659 1.4344 0.8731
Car 0.0000 0 1.6977 362.9322 173.8723 469.9144 263.0513 1.6387 1.6833 3.9240 -4.0184 1.6636 15.3544 1.4452 0.8083
Car 0.0000 0 1.6962 362.8838 174.1253 469.9109 262.8257 1.6267 1.6880 3.9198 -4.0149 1.6577 15.3394 1.4437 0.7827
Car 0.0000 0 1.5508 435.5347 178.3070 477.0973 215.8050 1.4525 1.6213 4.0842 -6.6318 1.7017 30.7513 1.3397 0.7670
Car 0.0000 0 1.5504 434.9034 177.8380 476.9345 215.7605 1.4724 1.6395 4.0382 -6.6447 1.6999 30.7317 1.3388 0.7617
Car 0.0000 0 1.5599 434.8432 177.5856 476.7034 215.1585 1.4631 1.6347 3.9418 -6.6286 1.6788 30.7270 1.3487 0.7580
Car 0.0000 0 1.7062 363.0289 173.7816 470.7861 263.1695 1.6450 1.6615 4.0257 -4.0198 1.6678 15.4145 1.4546 0.7574
Car 0.0000 0 1.5670 434.3201 177.8624 476.2653 215.2834 1.4522 1.6340 3.9875 -6.6256 1.6803 30.6882 1.3557 0.7572
Car 0.0000 0 1.5834 433.8102 177.7584 475.4594 215.1543 1.4487 1.6180 3.9980 -6.6047 1.6717 30.6248 1.3724 0.7230
Car 0.0000 0 1.5180 432.3738 177.2422 476.2386 215.0900 1.4741 1.6113 3.9160 -6.7145 1.6739 30.6880 1.3039 0.6406
Car 0.0000 0 1.5253 432.7321 177.6424 476.6825 215.6447 1.4741 1.6368 4.0991 -6.7093 1.6930 30.7294 1.3117 0.6330
Car 0.0000 0 1.5137 432.2733 177.3066 476.7460 215.5167 1.4872 1.6174 4.0067 -6.7161 1.6904 30.7271 1.2999 0.6231
Car 0.0000 0 1.5196 431.9865 177.0989 475.9411 215.1305 1.4811 1.6181 4.0213 -6.7398 1.6749 30.7300 1.3051 0.6008
Car 0.0000 0 -2.0174 0.0000 0.0000 870.3791 375.0000 1.4732 1.5984 3.8209 0.4260 1.6871 0.9165 -1.6899 0.5926
Car 0.0000 0 -1.5184 432.1002 178.7820 476.0645 215.7740 1.4378 1.6249 3.8869 -6.6230 1.7076 30.7450 -1.7292 0.5916
Car 0.0000 0 -2.2678 0.0000 0.0000 821.6727 375.0000 1.4672 1.5853 3.9011 0.5298 1.6890 0.8106 -1.8313 0.5880
Car 0.0000 0 -1.9843 0.0000 0.0000 888.9875 375.0000 1.5190 1.6351 3.9797 0.3967 1.7081 0.8127 -1.6522 0.5701
Car 0.0000 0 0.9714 0.0000 0.0000 831.4041 375.0000 1.4575 1.5802 3.7781 0.4820 1.7234 0.8881 1.3475 0.5690
Car 0.0000 0 -1.9356 0.0000 0.0000 910.1110 375.0000 1.4980 1.6447 3.9127 0.3664 1.7244 0.7755 -1.6185 0.5434
Car 0.0000 0 -1.7882 0.0000 0.0000 935.6557 375.0000 1.4798 1.6411 3.8524 0.2591 1.6786 0.7370 -1.5557 0.5378
Car 0.0000 0 1.5864 431.2305 177.1474 473.9931 215.7451 1.4825 1.6431 4.1944 -6.6380 1.6771 30.4222 1.3729 0.5333
Car 0.0000 0 1.5054 429.7204 177.0316 475.7216 214.9622 1.4737 1.6417 4.0515 -6.7850 1.6644 30.6845 1.2891 0.5244
Car 0.0000 0 -2.1331 0.0000 0.0000 886.0582 375.0000 1.4784 1.6235 3.8127 0.4245 1.6691 0.6325 -1.7162 0.5189
Car 0.0000 0 -1.4708 189.5112 0.0000 1242.0000 375.0000 1.5176 1.6271 3.7656 0.1041 1.6797 0.8953 -1.3966 0.5157
Car 0.0000 0 -1.6320 210.8792 0.0000 1107.4136 375.0000 1.5266 1.6513 3.8566 0.1948 1.6677 0.5776 -1.4286 0.5056
Car 0.0000 0 1.6606 435.1293 177.4180 481.5206 214.8291 1.4523 1.5748 3.8594 -6.3899 1.6584 30.5056 1.4554 0.4974
Car 0.0000 0 1.6573 435.0161 177.8530 482.0611 215.1067 1.4481 1.6153 3.9539 -6.4094 1.6751 30.6545 1.4525 0.4893
Car 0.0000 0 1.6490 435.1071 177.6094 481.8905 215.2506 1.4678 1.6416 3.9273 -6.4220 1.6841 30.7038 1.4440 0.4772
Car 0.0000 0 1.6304 437.5359 177.5516 482.6163 215.3521 1.4755 1.6431 3.9690 -6.3682 1.6897 30.7609 1.4275 0.4681
Car 0.0000 0 0.9801 0.0000 0.0000 839.0559 375.0000 1.4452 1.5982 3.8273 0.4726 1.7208 0.8449 1.3621 0.4615
Car 0.0000 0 1.6087 440.0314 177.7894 482.5069 215.3323 1.4646 1.6210 4.0158 -6.3311 1.6902 30.8141 1.4073 0.4367
Car 0.0000 0 1.4660 425.6176 176.7159 475.3524 215.4448 1.5072 1.6378 4.1233 -6.8947 1.6840 30.7345 1.2467 0.4314
Car 0.0000 0 1.5025 428.3471 177.0263 475.4506 215.4736 1.4788 1.6589 4.0150 -6.7537 1.6674 30.3790 1.2852 0.4275
Car 0.0000 0 -2.7700 0.0000 0.0000 1242.0000 375.0000 1.5112 1.6563 4.1842 0.2230 1.7465 0.8476 -2.5907 0.4225
Car 0.0000 0 1.4288 423.2615 176.9962 476.9384 215.9411 1.5148 1.6501 4.2001 -6.9289 1.7049 30.7976 1.2089 0.4189
Car 0.0000 0 -1.3286 396.5316 0.0000 1242.0000 375.0000 1.5095 1.6329 3.8455 0.0230 1.6972 0.7073 -1.3216 0.4093
Car 0.0000 0 1.2381 471.5975 177.9981 515.2894 203.7091 1.5694 1.6908 3.6729 -7.6390 1.9183 46.8651 1.0770 0.3928
Car 0.0000 0 1.1074 470.9177 177.6660 521.0016 203.8690 1.6039 1.6808 3.8313 -7.4912 1.9311 46.9622 0.9497 0.3837
Car 0.0000 0 1.5786 430.6413 176.9821 474.8039 216.2337 1.4843 1.6722 4.5151 -6.5934 1.6709 30.1642 1.3647 0.3808
Car 0.0000 0 -2.1686 0.0000 0.0000 969.5855 375.0000 1.5142 1.6541 3.7494 0.4311 1.6718 0.4278 -1.6443 0.3786
Car 0.0000 0 1.4265 422.1618 176.6627 475.8226 215.5730 1.5105 1.6360 4.1686 -6.9503 1.6847 30.6846 1.2051 0.3704
Car 0.0000 0 1.1425 471.2746 178.0149 517.9731 203.2581 1.5474 1.6396 3.6321 -7.5807 1.8980 46.9966 0.9830 0.3667
Car 0.0000 0 -2.7988 0.0000 0.0000 1242.0000 375.0000 1.5377 1.6658 4.2675 0.2757 1.7491 0.8241 -2.5706 0.3664
Car 0.0000 0 -1.5170 428.4850 178.2424 473.4986 215.3042 1.4471 1.6637 4.0170 -6.7855 1.6941 30.9018 -1.7319 0.3618
Car 0.0000 0 1.1812 470.7998 177.7578 516.8539 203.6839 1.5858 1.6859 3.6638 -7.6171 1.9184 46.8899 1.0206 0.3541
Car 0.0000 0 1.6374 431.8229 176.7014 479.8091 215.7088 1.4868 1.6707 4.4043 -6.4298 1.6607 30.2508 1.4293 0.3506
Car 0.0000 0 1.3466 418.9570 176.7731 480.7560 215.8005 1.5190 1.6735 4.2010 -6.9413 1.6989 30.7905 1.1262 0.3461
Car 0.0000 0 -1.0446 622.7963 0.0000 1242.0000 375.0000 1.5210 1.6308 3.9614 -0.0732 1.6145 0.5378 -1.1510 0.3170
Car 0.0000 0 -1.4772 54.7438 0.0000 1242.0000 375.0000 1.5022 1.6990 3.7408 0.1424 1.6665 1.0907 -1.3857 0.3166
Car 0.0000 0 -1.0673 626.9679 0.0000 1242.0000 375.0000 1.5046 1.6290 3.9403 -0.0558 1.6492 0.5695 -1.1501 0.3133
Car 0.0000 0 1.7599 437.9464 177.6962 491.6186 214.7234 1.4467 1.5439 3.7698 -6.1248 1.6650 30.5739 1.5633 0.2942
Car 0.0000 0 1.2509 470.7342 176.5992 512.6578 202.6263 1.6071 1.6747 3.5124 -7.7806 1.8619 47.0552 1.0875 0.2857
Car 0.0000 0 -0.5394 654.2570 0.0000 1242.0000 375.0000 1.5566 1.6242 3.9509 -0.3762 1.6249 0.6025 -0.9528 0.2816
Car 0.0000 0 1.6043 431.1712 177.5595 475.6301 216.8535 1.4694 1.6435 4.4592 -6.4551 1.6799 29.8799 1.3929 0.2745
Car 0.0000 0 -0.5763 662.8930 0.0000 1242.0000 375.0000 1.5485 1.6318 4.0561 -0.3356 1.5942 0.5559 -0.9694 0.2720
Car 0.0000 0 1.6148 440.8329 177.5984 486.3617 216.1516 1.4605 1.6680 4.4972 -6.1075 1.6753 30.2591 1.4169 0.2631
Car 0.0000 0 0.9835 402.5320 177.3549 492.2038 216.2613 1.5209 1.6645 4.2156 -7.0220 1.7258 30.7349 0.7603 0.2581
Car 0.0000 0 1.7531 437.9306 177.2547 492.9337 214.8372 1.4769 1.6021 3.9864 -6.1411 1.6774 30.8239 1.5576 0.2528
Car 0.0000 0 -0.6268 606.8879 0.0000 1242.0000 375.0000 1.5302 1.6106 3.7467 -0.3870 1.6867 0.7129 -1.0087 0.2500
Car 0.0000 0 1.5164 442.3397 177.8922 486.5141 215.2920 1.4574 1.6246 4.0953 -6.3282 1.6888 30.8906 1.3156 0.2470
Car 0.0000 0 -2.1984 408.8604 178.0937 499.7418 216.3319 1.4947 1.6915 4.1089 -6.7234 1.7329 30.7491 -2.4124 0.2336
Car 0.0000 0 1.2354 468.9083 177.2783 510.9025 202.4659 1.5614 1.6650 3.4672 -7.9402 1.8637 47.3208 1.0697 0.2329
Car 0.0000 0 -0.0799 0.0000 0.0000 1242.0000 375.0000 1.5606 1.6693 4.2641 -0.6924 1.6657 0.8157 -0.6494 0.2198
Car 0.0000 0 1.1801 472.2016 176.9209 519.4869 203.2357 1.6092 1.6728 3.8928 -7.4864 1.8855 46.8652 1.0222 0.2154
Car 0.0000 0 -3.1415 0.0000 0.0000 1242.0000 375.0000 1.4902 1.6047 4.0741 0.7209 1.6907 0.7440 -2.5435 0.2114
Car 0.0000 0 1.0742 412.3790 177.9106 493.1768 216.2213 1.4906 1.6531 3.9784 -6.7757 1.7202 30.6565 0.8580 0.2113
Car 0.0000 0 1.7344 438.5123 177.2385 491.6544 214.7800 1.4713 1.5916 3.9560 -6.1432 1.6707 30.7467 1.5384 0.2061
Car 0.0000 0 1.4687 430.6431 177.7781 482.3661 217.3832 1.4667 1.6360 4.2746 -6.3969 1.6844 29.5710 1.2570 0.2058
Car 0.0000 0 -2.5755 0.0000 0.0000 830.2452 375.0000 1.4783 1.5598 3.6741 0.7432 1.6875 0.7302 -1.9565 0.2039
Car 0.0000 0 0.9666 403.6205 177.8673 493.9181 216.1820 1.4968 1.6822 4.1660 -6.9621 1.7250 30.7478 0.7453 0.1948
Car 0.0000 0 1.7216 439.7037 177.3990 492.0429 215.0147 1.4769 1.6091 3.9774 -6.1281 1.6843 30.8381 1.5266 0.1943
Car 0.0000 0 -1.1487 437.5046 177.3033 515.0149 215.7926 1.4997 1.6456 4.2904 -5.6711 1.7048 30.9186 -1.3290 0.1931
Car 0.0000 0 -0.2076 613.2217 0.0000 1242.0000 375.0000 1.5732 1.6279 4.0727 -0.6590 1.6240 0.5110 -0.9075 0.1906
Car 0.0000 0 -2.4483 0.0000 0.0000 867.7567 375.0000 1.4731 1.5999 3.6545 0.6661 1.6821 0.6971 -1.8662 0.1906
Car 0.0000 0 0.9734 470.1539 177.3591 524.0420 202.6923 1.5613 1.6983 3.6739 -7.4250 1.8675 47.0692 0.8174 0.1904
Car 0.0000 0 1.5117 428.1028 177.5341 477.1290 217.4758 1.4814 1.6971 4.5661 -6.5993 1.6905 29.7551 1.2948 0.1868
Car 0.0000 0 1.6096 438.4004 178.5141 483.9034 217.3045 1.4339 1.6537 4.6567 -6.1149 1.6871 29.8091 1.4086 0.1866
Car 0.0000 0 0.2261 0.0000 0.0000 1242.0000 375.0000 1.4829 1.6364 4.0411 0.4944 1.7283 0.9785 0.5861 0.1856
Car 0.0000 0 -1.7887 416.4409 176.8144 476.4347 215.7031 1.5056 1.6362 4.0324 -7.0277 1.6856 30.5476 -2.0134 0.1825
Car 0.0000 0 1.0265 404.0056 176.9454 489.1848 215.6218 1.5102 1.6399 4.0954 -7.0353 1.6959 30.6457 0.8022 0.1802
Car 0.0000 0 0.8976 406.4520 178.2478 496.7326 216.3434 1.4836 1.6490 3.9057 -6.7736 1.7259 30.4954 0.6804 0.1764
Car 0.0000 0 -0.6423 623.7552 0.0000 1242.0000 375.0000 1.5730 1.6563 3.8162 -0.3803 1.6953 0.8422 -0.9789 0.1727
Car 0.0000 0 -0.9167 436.0724 176.7337 527.9517 214.8626 1.5091 1.6536 4.2867 -5.4971 1.6901 31.3022 -1.0896 0.1680
Car 0.0000 0 1.4118 471.1364 177.3732 504.6147 202.8328 1.5900 1.6418 3.5094 -8.1316 1.9010 47.6672 1.2434 0.1676
Car 0.0000 0 -1.6094 450.6523 176.8718 491.4915 214.0224 1.4788 1.5792 3.8728 -6.1029 1.6646 31.2309 -1.8013 0.1663
Cyclist 0.0000 0 -1.8510 472.7303 175.4184 485.1495 202.2425 1.7118 0.3414 1.6902 -8.5808 1.8823 47.0341 -2.0308 0.1648
Car 0.0000 0 -0.3769 197.3058 0.0000 1242.0000 375.0000 1.5212 1.7267 4.2305 -1.5619 1.6392 0.8740 -1.3121 0.1604
Car 0.0000 0 1.1729 471.0056 176.8541 517.2180 203.1094 1.6109 1.6266 3.7771 -7.6049 1.8826 46.9189 1.0127 0.1551
Car 0.0000 0 -2.5083 0.0000 0.0000 820.9262 375.0000 1.5131 1.6176 3.8507 0.8044 1.7177 0.9767 -1.9521 0.1529
Car 0.0000 0 -0.0640 561.5653 0.0000 1242.0000 375.0000 1.5464 1.6533 3.9639 -0.9250 1.6437 0.6491 -0.8503 0.1528
Car 0.0000 0 0.9806 403.7896 177.5031 489.5054 215.6749 1.4868 1.6378 3.8999 -6.9925 1.6962 30.5064 0.7567 0.1525
Car 0.0000 0 -3.2579 0.0000 0.0000 1242.0000 375.0000 1.4977 1.6314 3.9195 0.6555 1.7190 0.5946 -2.6328 0.1466
Car 0.0000 0 0.7918 471.3984 179.0780 531.6085 203.6760 1.5142 1.6556 3.8593 -7.1421 1.9370 47.1515 0.6419 0.1431
Car 0.0000 0 -0.1932 205.1113 0.0000 1242.0000 375.0000 1.5520 1.7376 4.3160 -1.7332 1.6321 0.7760 -1.2167 0.1430
Car 0.0000 0 1.0317 406.5029 177.5771 490.2221 215.6481 1.4819 1.6354 4.0054 -6.9473 1.6957 30.5963 0.8099 0.1418
Car 0.0000 0 1.2661 472.0901 178.4958 514.2868 203.7582 1.5530 1.6635 3.8086 -7.7366 1.9399 47.3553 1.1047 0.1410
Car 0.0000 0 1.7293 440.8396 177.5532 493.5392 215.1514 1.4777 1.6024 3.9474 -6.0755 1.6920 30.8550 1.5361 0.1406
Car 0.0000 0 1.0164 470.9153 177.6817 524.6236 203.0464 1.5641 1.6957 3.8604 -7.4185 1.8942 47.2740 0.8612 0.1380
Car 0.0000 0 -0.2309 726.7420 0.0000 1242.0000 375.0000 1.5728 1.6557 4.1807 -0.5784 1.7061 0.7574 -0.7470 0.1336
Car 0.0000 0 1.7831 441.7594 176.7238 499.8221 214.6224 1.4849 1.5999 4.0795 -5.8925 1.6612 30.7470 1.5948 0.1294
Car 0.0000 0 -0.2479 236.7132 0.0000 1242.0000 375.0000 1.5470 1.6771 4.1430 -1.5111 1.6209 0.7407 -1.2250 0.1244
Cyclist 0.0000 0 -1.3256 255.6774 0.0000 1242.0000 375.0000 1.7853 0.5625 1.8041 -0.1046 1.6957 0.6687 -1.4508 0.1230
Pedestrian 0.0000 0 -3.0284 972.4761 215.1315 1060.8796 375.0000 1.5781 0.6675 0.6324 3.5806 1.9825 6.4387 -2.5419 0.1201
Pedestrian 0.0000 0 0.4540 990.8497 209.5908 1111.0215 375.0000 1.5876 0.6317 0.6857 3.7410 1.9285 6.2250 0.9728 0.1193
Car 0.0000 0 -3.5029 0.0000 0.0000 1242.0000 375.0000 1.4934 1.6271 3.8201 0.8653 1.7127 0.5984 -2.7407 0.1173
Pedestrian 0.0000 0 1.1322 709.6396 133.9031 1196.0201 375.0000 1.7547 0.5864 0.9707 0.5988 1.6920 1.6901 1.4183 0.1146
Car 0.0000 0 -1.1550 438.7001 177.5863 508.4568 214.6400 1.4720 1.5682 3.7737 -5.8587 1.6902 31.1920 -1.3396 0.1141
Car 0.0000 0 1.0464 402.6467 177.1245 485.4396 215.4064 1.4882 1.6278 3.9906 -7.1108 1.6810 30.5090 0.8189 0.1140
Car 0.0000 0 -3.0842 0.0000 0.0000 1242.0000 375.0000 1.5094 1.6752 4.2199 0.3774 1.7666 0.7334 -2.7459 0.1114
Car 0.0000 0 -0.0348 590.6133 0.0000 1242.0000 375.0000 1.5630 1.6226 3.9677 -0.8555 1.6260 0.5540 -0.8360 0.1109
Car 0.0000 0 1.3031 470.0569 175.8302 510.6197 202.6160 1.6557 1.7050 3.6336 -7.8709 1.8584 47.0505 1.1379 0.1106
Pedestrian 0.0000 0 -2.9626 999.4023 204.6982 1104.7903 375.0000 1.6051 0.6427 0.6871 3.7617 1.9009 6.2253 -2.4414 0.1095
Car 0.0000 0 1.8069 440.8922 176.0698 500.7436 214.3319 1.5140 1.6258 3.9832 -5.9243 1.6612 30.9167 1.6187 0.1091
Car 0.0000 0 1.6183 447.2335 177.3843 489.5655 215.1303 1.4827 1.5898 3.9243 -6.0431 1.6899 30.8891 1.4262 0.1079
Car 0.0000 0 -1.5523 378.6456 174.8300 466.2014 255.4642 1.6480 1.7704 4.5359 -4.4774 1.7023 17.2731 -1.8029 0.1062
Car 0.0000 0 -2.1120 998.5317 143.1043 1242.0000 367.7572 2.0521 1.7476 4.3345 6.5903 1.7807 8.8209 -1.4872 0.1046
Car 0.0000 0 -2.6618 0.0000 0.0000 1242.0000 375.0000 1.5089 1.6349 4.1583 0.1486 1.7300 1.0692 -2.5650 0.1021
Car 0.0000 0 0.7656 399.4288 177.9060 495.6937 216.1239 1.4863 1.6260 3.8899 -6.8637 1.7101 30.2095 0.5437 0.1015
Car 0.0000 0 -3.1188 0.0000 0.0000 1242.0000 375.0000 1.4910 1.6723 4.2161 0.3959 1.7466 0.6629 -2.7404 0.0991
Car 0.0000 0 -2.1555 975.7111 135.1492 1242.0000 365.6455 2.1073 1.7362 4.3498 6.3327 1.7630 8.7883 -1.5479 0.0977
Car 0.0000 0 -0.9466 438.7281 177.4847 521.2795 214.6206 1.4821 1.5785 3.8514 -5.6169 1.6973 31.3902 -1.1227 0.0944
Pedestrian 0.0000 0 -3.5910 0.0000 0.0000 1242.0000 375.0000 1.9302 0.7161 0.6297 7.8631 1.6542 -0.2510 -2.0254 0.0930
Car 0.0000 0 -1.9619 401.1296 176.7389 476.6121 215.6826 1.4913 1.6347 4.0783 -7.2625 1.6657 30.1850 -2.1965 0.0908
Car 0.0000 0 -2.1077 1004.1594 143.5605 1242.0000 374.3167 2.0844 1.7845 4.1470 6.5490 1.8202 8.6624 -1.4777 0.0907
Cyclist 0.0000 0 1.2275 0.0000 0.0000 770.2779 375.0000 1.7507 0.5467 1.9690 0.2513 1.6969 0.9238 1.4188 0.0897
Car 0.0000 0 0.4375 403.7509 176.9520 506.1838 214.7733 1.4964 1.6759 3.8232 -6.4735 1.6745 30.0602 0.2267 0.0892
Car 0.0000 0 0.9238 469.9476 177.2071 525.6459 202.5615 1.5654 1.6874 3.7230 -7.3824 1.8614 47.1001 0.7688 0.0869
Car 0.0000 0 0.3537 410.2292 177.5440 513.2119 214.5930 1.4716 1.6390 3.8726 -6.1787 1.6745 30.0405 0.1521 0.0850
Car 0.0000 0 -2.1686 973.3072 140.9506 1242.0000 365.8582 2.0919 1.8106 4.0292 6.2523 1.7955 8.7290 -1.5639 0.0796
Pedestrian 0.0000 0 1.6804 983.6553 195.7784 1076.8771 375.0000 1.6839 0.6714 0.6755 3.7318 1.9055 6.4908 2.1811 0.0787
Cyclist 0.0000 0 -2.4768 0.0000 0.0000 1242.0000 375.0000 1.7468 0.5568 1.8104 0.5887 1.6767 0.0876 -1.4894 0.0786
Cyclist 0.0000 0 -1.8683 471.1705 174.6803 484.5046 201.7194 1.7207 0.3664 1.7077 -8.6229 1.8418 46.8696 -2.0497 0.0778
Cyclist 0.0000 0 1.7143 463.8349 174.7813 481.4993 214.9446 1.6533 0.4709 1.9215 -5.8848 1.7384 30.7625 1.5263 0.0777
Cyclist 0.0000 0 -1.8672 475.0400 176.6292 487.5381 202.2110 1.6215 0.3350 1.6302 -8.3805 1.8708 46.7703 -2.0439 0.0776
Car 0.0000 0 3.2984 790.5269 0.0000 1242.0000 375.0000 1.5716 1.6736 4.8738 -0.8752 1.6959 0.6156 2.5213 0.0775
Car 0.0000 0 3.3877 0.0000 0.0000 1242.0000 375.0000 1.5207 1.6790 4.1365 -0.4281 1.7183 0.9846 3.0524 0.0767
Car 0.0000 0 1.1995 400.6647 175.7709 475.1424 215.0601 1.5267 1.6565 4.1803 -7.3924 1.6594 30.5489 0.9636 0.0765
Pedestrian 0.0000 0 1.3648 985.3596 194.4019 1084.3405 375.0000 1.6999 0.6298 0.6589 3.7371 1.9062 6.4864 1.8664 0.0760
Car 0.0000 0 3.2565 407.6375 177.6844 506.2864 213.7495 1.4592 1.6483 3.9095 -6.4338 1.6702 30.4589 3.0497 0.0759
Car 0.0000 0 1.8613 439.6057 175.9698 504.4732 214.5065 1.5246 1.6414 4.0381 -5.8777 1.6678 30.9756 1.6749 0.0757
Cyclist 0.0000 0 -1.9175 0.0000 0.0000 799.8339 375.0000 1.7574 0.5326 1.8283 0.2036 1.7229 0.5849 -1.7068 0.0747
Car 0.0000 0 1.8430 439.8245 176.2815 502.3447 214.3140 1.5011 1.6122 3.9820 -5.9071 1.6580 30.8975 1.6552 0.0743
Car 0.0000 0 -2.9613 0.0000 0.0000 1242.0000 375.0000 1.4699 1.6520 3.8092 0.5499 1.7102 1.0752 -2.5889 0.0738
Car 0.0000 0 3.0842 0.0000 0.0000 1242.0000 375.0000 1.5509 1.6769 4.1808 -0.6049 1.7524 0.9877 2.6318 0.0711
Car 0.0000 0 -3.9529 0.0000 0.0000 1242.0000 375.0000 1.5402 1.6258 3.6928 1.4174 1.7618 0.2808 -2.7701 0.0699
Cyclist 0.0000 0 -2.8824 0.0000 0.0000 1242.0000 375.0000 1.7336 0.5368 1.7919 0.9811 1.6841 -0.0036 -1.6007 0.0687
Car 0.0000 0 1.5653 438.9228 178.8627 483.0704 218.4778 1.4405 1.6220 4.1108 -6.0550 1.7011 29.0735 1.3613 0.0663
Car 0.0000 0 -0.9261 435.8108 176.0812 526.2551 214.5789 1.5201 1.6389 4.2007 -5.5073 1.6696 31.1067 -1.1004 0.0659
Car 0.0000 0 0.0189 393.5961 0.0000 1242.0000 375.0000 1.5575 1.6814 4.2618 -1.2221 1.6380 0.4110 -1.0366 0.0654
Car 0.0000 0 0.1808 867.6042 0.0000 1242.0000 375.0000 1.5988 1.6333 4.4581 -0.6555 1.6519 0.4217 -0.5752 0.0643
Car 0.0000 0 -2.1242 1019.1628 142.1635 1242.0000 374.2726 2.0904 1.8035 4.3006 6.8502 1.8144 8.7219 -1.4757 0.0639
Car 0.0000 0 2.4690 908.6074 125.6169 1242.0000 356.2241 2.1306 1.8322 4.4782 5.7439 1.6945 7.6913 3.0913 0.0636
Car 0.0000 0 -0.5525 0.0000 0.0000 742.0590 375.0000 1.5411 1.6419 4.0473 1.2555 1.7436 0.0630 0.7397 0.0629
Car 0.0000 0 -3.6938 0.0000 0.0000 1242.0000 375.0000 1.4992 1.6858 3.7825 0.8351 1.7197 0.4037 -2.8266 0.0628
Car 0.0000 0 2.4828 906.3657 123.4049 1242.0000 359.5642 2.1895 1.8493 4.6367 5.7986 1.7314 7.6842 3.1100 0.0622
Car 0.0000 0 1.6827 475.4048 178.6140 507.4436 202.7997 1.5230 1.6850 4.0159 -7.9486 1.9266 48.4574 1.5206 0.0619
Car 0.0000 0 -2.8515 380.2169 177.3403 499.0337 214.3435 1.5313 1.7303 4.6865 -7.3265 1.7313 31.1042 -3.0814 0.0613
Car 0.0000 0 -0.8077 440.5985 177.0705 536.2308 215.1344 1.5297 1.6503 4.2685 -5.2994 1.7285 31.7164 -0.9724 0.0601
Car 0.0000 0 1.5271 422.5253 176.7292 471.4132 217.6508 1.5340 1.7717 4.4185 -6.8526 1.7074 29.8570 1.3030 0.0599
Car 0.0000 0 3.0313 423.9136 177.4872 520.2349 214.1447 1.4793 1.6233 3.8834 -5.9435 1.6861 30.8045 2.8418 0.0597
Cyclist 0.0000 0 -1.9370 51.0139 0.0000 1007.4969 375.0000 1.7419 0.5518 1.7817 0.2318 1.6884 0.2114 -1.5308 0.0592
Car 0.0000 0 -3.7293 921.0524 128.7086 1242.0000 361.8940 2.1025 1.7718 4.4686 5.7967 1.7048 7.5005 -3.0911 0.0589
Car 0.0000 0 -0.0032 269.7032 0.0000 1242.0000 375.0000 1.5467 1.6999 4.4372 -1.6748 1.6623 0.5641 -1.1062 0.0588
Car 0.0000 0 -2.1617 977.0897 135.0099 1242.0000 369.1858 2.1543 1.7759 4.1506 6.3023 1.8065 8.7256 -1.5532 0.0587
Car 0.0000 0 1.0777 478.2567 179.1664 530.5067 204.1448 1.5296 1.6841 4.0278 -7.0057 1.9629 47.3704 0.9313 0.0581
Car 0.0000 0 -2.0396 393.1751 176.5259 474.3609 215.6746 1.5136 1.6471 4.0839 -7.5168 1.6791 30.3707 -2.2806 0.0578
Car 0.0000 0 -0.5571 900.1306 143.3141 1242.0000 370.4907 2.0660 1.7346 4.4002 5.5271 1.7978 7.5472 0.0555 0.0573
Car 0.0000 0 -2.0791 844.1375 112.5852 1218.1324 362.3614 2.3092 1.8140 4.6065 4.6229 1.7524 9.0127 -1.6196 0.0567
Car 0.0000 0 -3.7178 0.0000 0.0000 1242.0000 375.0000 1.5164 1.6692 3.7613 1.0654 1.7233 0.3235 -2.6769 0.0566
Car 0.0000 0 2.6938 0.0000 0.0000 1242.0000 375.0000 1.4772 1.6452 4.1626 0.1435 1.7370 0.2878 2.9098 0.0556
Car 0.0000 0 3.3080 409.7897 177.7510 511.7943 213.4485 1.4672 1.7394 4.0383 -6.3550 1.6833 30.8518 3.1061 0.0554
Car 0.0000 0 -2.8709 0.0000 0.0000 956.1123 375.0000 1.4913 1.6265 3.5741 0.7857 1.6778 0.2290 -1.8939 0.0550
Car 0.0000 0 -2.3472 391.2339 176.0575 492.9319 215.5592 1.5560 1.6712 4.2857 -7.1880 1.7004 30.5732 -2.5767 0.0545
Car 0.0000 0 0.8503 395.3517 177.4464 489.2744 215.4001 1.4702 1.6241 3.9504 -7.0914 1.6743 30.1957 0.6212 0.0530
Car 0.0000 0 -2.4945 382.6083 174.4961 492.9079 215.5065 1.6364 1.6931 4.4205 -7.3509 1.7101 30.5829 -2.7289 0.0526
Car 0.0000 0 -3.5834 875.5257 113.1250 1242.0000 351.2411 2.1579 1.7917 4.5472 5.3665 1.6170 7.7514 -2.9964 0.0525
Car 0.0000 0 1.7946 471.7139 178.3332 507.6806 201.8480 1.5061 1.5844 3.9257 -8.1776 1.8949 49.1509 1.6302 0.0512
Pedestrian 0.0000 0 1.2725 0.0000 0.0000 1242.0000 375.0000 1.9755 0.6229 0.6976 23.4981 1.5162 0.0208 2.8299 0.0512
Pedestrian 0.0000 0 -2.0182 473.6254 171.2694 489.4346 201.6353 1.9189 0.6728 0.8988 -8.2519 1.8191 46.1550 -2.1946 0.0503
Car 0.0000 0 0.3757 470.4330 179.4285 538.3409 203.4450 1.5286 1.6822 4.1341 -7.0286 1.9773 47.9186 0.2305 0.0502
Car 0.0000 0 3.2828 410.0390 177.9630 513.2711 213.4507 1.4630 1.7592 4.1416 -6.3499 1.6902 31.0321 3.0822 0.0498
Car 0.0000 0 1.4616 483.2476 178.5506 516.6257 203.7156 1.5539 1.7509 3.9787 -7.3421 1.9476 47.6709 1.3092 0.0490
Pedestrian 0.0000 0 -2.5410 469.5729 172.1182 487.1475 202.3051 1.9199 0.6749 0.8849 -8.4913 1.8734 46.3753 -2.7215 0.0488
Pedestrian 0.0000 0 0.7570 0.0000 0.0000 1242.0000 375.0000 1.9804 0.6230 0.6718 23.5223 1.5178 0.0040 2.3151 0.0483
Cyclist 0.0000 0 1.5773 439.2745 173.0908 451.6385 214.7760 1.6943 0.4911 1.8336 -6.9416 1.7049 30.2832 1.3534 0.0482
Car 0.0000 0 0.7686 467.4818 177.3199 528.4619 202.1103 1.5429 1.6947 3.8615 -7.4022 1.8476 47.3590 0.6140 0.0470
Car 0.0000 0 -1.3759 1124.0369 0.0000 1242.0000 375.0000 1.5599 1.6526 4.1575 0.3445 1.7237 -0.0645 -0.4091 0.0462
Car 0.0000 0 0.1274 417.1742 178.2869 517.2794 214.7233 1.4712 1.6286 3.9557 -5.9828 1.7072 30.3544 -0.0660 0.0454
Car 0.0000 0 -3.7015 920.5889 122.9024 1242.0000 363.8611 2.1556 1.8078 4.6748 5.9227 1.7091 7.5521 -3.0562 0.0454
Car 0.0000 0 -0.8135 0.0000 0.0000 769.0878 375.0000 1.5364 1.6225 3.9749 1.5800 1.7807 0.0173 0.5620 0.0452
Car 0.0000 0 -3.8457 0.0000 0.0000 1242.0000 375.0000 1.5465 1.6399 3.9509 1.2811 1.7290 0.6014 -2.8896 0.0451
Cyclist 0.0000 0 -2.1242 980.2151 199.5722 1181.3722 375.0000 1.6411 0.5351 1.7439 3.8016 1.8997 6.0947 -1.5895 0.0446
Car 0.0000 0 -3.8042 957.8693 124.1252 1242.0000 360.3537 2.1559 1.8451 4.8053 6.4439 1.7116 7.5604 -3.1184 0.0445
Car 0.0000 0 1.4012 469.0527 175.7251 502.1621 201.8696 1.6499 1.6221 3.3013 -8.2942 1.8476 47.7589 1.2298 0.0444
Car 0.0000 0 1.3338 461.2859 177.9374 499.2794 202.1004 1.5447 1.6201 4.1514 -8.9323 1.9080 49.2864 1.1551 0.0441
Car 0.0000 0 0.5600 467.7536 177.7948 531.1229 202.1456 1.5396 1.6518 3.8580 -7.3496 1.8775 47.7593 0.4077 0.0440
Pedestrian 0.0000 0 0.5242 955.7629 212.0718 1071.8986 375.0000 1.5810 0.6922 0.6517 3.5337 1.9557 6.4240 1.0061 0.0438
Pedestrian 0.0000 0 -1.6446 475.5943 174.2241 486.9189 202.9386 1.8232 0.6578 0.8053 -8.3006 1.9124 46.3274 -1.8213 0.0433
Car 0.0000 0 -3.7158 916.6932 126.5325 1242.0000 361.2192 2.1094 1.7943 4.3939 5.7119 1.6934 7.5029 -3.0849 0.0430
Pedestrian 0.0000 0 -3.6845 1055.2362 127.0091 1212.1827 362.2327 2.1785 0.7376 1.0066 5.0391 1.7542 7.0757 -3.0863 0.0427
Car 0.0000 0 -3.6945 892.2698 123.8060 1242.0000 352.9824 2.0801 1.7917 4.3699 5.4312 1.6353 7.5530 -3.0903 0.0426
Pedestrian 0.0000 0 1.0361 469.9562 172.1498 487.0179 202.0453 1.8973 0.6883 0.9546 -8.4864 1.8530 46.3756 0.8557 0.0425
Car 0.0000 0 0.4097 471.6182 180.1653 542.9107 204.0206 1.5102 1.6739 4.3836 -6.8422 2.0102 47.9155 0.2682 0.0420
Car 0.0000 0 2.3843 929.8013 120.6893 1242.0000 358.7171 2.1612 1.8616 4.6625 6.0880 1.6879 7.7281 3.0322 0.0414
Car 0.0000 0 -1.7211 363.6146 178.2574 455.9843 243.7896 1.4916 1.7152 4.2952 -5.4543 1.6524 19.1114 -1.9960 0.0412
Car 0.0000 0 3.1681 423.8934 178.0855 519.4117 213.6183 1.4605 1.6690 3.9428 -5.9666 1.6949 31.1325 2.9799 0.0407
Car 0.0000 0 1.3586 424.2867 176.8768 488.9523 219.0342 1.5322 1.7013 4.0636 -6.2414 1.7056 28.8429 1.1469 0.0406
Car 0.0000 0 0.5348 469.9080 177.8967 536.0018 202.3304 1.5443 1.6857 4.0334 -7.1186 1.8894 47.7794 0.3873 0.0388
Cyclist 0.0000 0 -1.8553 469.3742 174.7755 485.3038 202.1860 1.7310 0.5150 1.8427 -8.6135 1.8580 46.6325 -2.0373 0.0380
Car 0.0000 0 -0.8008 442.0988 177.0642 536.0276 214.9175 1.5261 1.6340 4.1675 -5.2812 1.7244 31.7490 -0.9648 0.0377
Pedestrian 0.0000 0 -2.7958 0.0000 0.0000 1242.0000 375.0000 1.9568 0.6867 0.5049 26.4118 1.8822 0.1875 -1.2434 0.0367
Pedestrian 0.0000 0 1.2509 1089.7312 117.7086 1213.6693 360.4721 2.2618 0.6961 1.0225 5.3840 1.7483 7.3100 1.8656 0.0366
Car 0.0000 0 1.6518 471.2727 178.8560 499.2294 201.8790 1.4712 1.5654 3.9284 -8.4954 1.8976 49.1884 1.4812 0.0365
Car 0.0000 0 1.4097 464.9492 178.0822 497.5876 201.6765 1.5103 1.5761 3.9437 -8.8524 1.8829 49.2450 1.2324 0.0362
Pedestrian 0.0000 0 -1.9756 0.0000 0.0000 1242.0000 375.0000 1.7957 0.5951 0.6923 0.2239 1.6215 0.0850 -1.4676 0.0360
Car 0.0000 0 0.2401 397.9396 178.1717 504.6627 214.0092 1.4948 1.7429 4.2272 -6.8633 1.7326 31.2916 0.0255 0.0359
Cyclist 0.0000 0 -1.9357 473.3041 177.0988 489.1847 202.7122 1.6080 0.4431 1.6542 -8.3167 1.8861 46.3903 -2.1125 0.0358
Car 0.0000 0 0.7312 469.4586 177.6820 530.4836 202.2596 1.5333 1.6817 3.8197 -7.2811 1.8629 47.4476 0.5794 0.0358
Car 0.0000 0 -2.9293 0.0000 0.0000 1152.1831 375.0000 1.5180 1.6476 3.6238 0.8379 1.6857 0.0158 -1.7155 0.0352
Car 0.0000 0 3.1315 0.0000 0.0000 1242.0000 375.0000 1.4964 1.6386 4.1249 -0.5283 1.7326 0.6461 2.6049 0.0350
Car 0.0000 0 1.2969 483.7094 178.9064 527.3383 204.0539 1.5442 1.7600 4.2697 -6.9892 1.9642 47.7221 1.1518 0.0348
Pedestrian 0.0000 0 -2.0775 0.0000 0.0000 1242.0000 375.0000 1.9771 0.6602 0.6807 23.5242 1.4739 -0.2275 -0.5095 0.0348
Car 0.0000 0 1.7200 472.0842 177.0960 504.5129 201.3119 1.5516 1.6048 3.8949 -8.2306 1.8509 48.8777 1.5536 0.0347
Car 0.0000 0 1.5607 424.7152 178.1132 471.0470 218.5138 1.4765 1.6990 3.9309 -6.5802 1.7038 29.0243 1.3393 0.0342
Car 0.0000 0 1.3443 409.2767 174.7102 471.5855 214.2151 1.5535 1.6855 4.1933 -7.3533 1.6390 30.8352 1.1117 0.0342
Car 0.0000 0 -0.5763 878.4097 138.2408 1242.0000 359.5039 2.0271 1.7382 4.7056 5.4273 1.7103 7.5422 0.0280 0.0330
Car 0.0000 0 0.5924 471.4796 179.4450 541.2599 203.6307 1.5072 1.6694 4.3672 -6.8756 1.9578 47.5892 0.4493 0.0329
Car 0.0000 0 -0.1182 1198.0831 0.0000 1242.0000 375.0000 1.5355 1.5883 4.1764 -0.0362 1.6424 -0.1509 -0.4730 0.0326
Pedestrian 0.0000 0 -2.2944 0.0000 0.0000 1242.0000 375.0000 1.9820 0.6748 0.6553 23.5316 1.4720 -0.2262 -0.7264 0.0326
Pedestrian 0.0000 0 0.9058 473.0162 172.4086 489.9421 201.5561 1.8405 0.6648 0.8776 -8.2437 1.8127 46.0980 0.7295 0.0320
Car 0.0000 0 1.2644 458.3164 177.1840 501.2390 201.9259 1.5873 1.6520 4.3504 -8.9924 1.8980 49.4044 1.0849 0.0318
Car 0.0000 0 1.7991 479.1624 178.5879 518.6080 203.0973 1.5367 1.7133 4.1748 -7.4273 1.9387 48.3887 1.6472 0.0316
Car 0.0000 0 -1.6734 419.4271 175.6406 471.9796 216.4310 1.6193 1.7829 4.2779 -7.2249 1.7494 31.2697 -1.8990 0.0315
Cyclist 0.0000 0 -1.9243 0.0000 0.0000 948.3671 375.0000 1.7353 0.5550 2.0558 0.5629 1.7038 1.0020 -1.5242 0.0312
Car 0.0000 0 1.1366 451.6834 177.0665 499.1740 201.8377 1.5947 1.6536 4.0053 -9.2585 1.8951 49.2764 0.9515 0.0309
Car 0.0000 0 1.5081 471.5323 178.7499 499.2299 202.4272 1.5124 1.6089 4.0711 -8.5849 1.9336 49.3319 1.3363 0.0302
Car 0.0000 0 2.2138 428.2780 178.4164 484.3126 202.9362 1.4901 1.5974 3.8004 -9.9562 1.8675 46.8409 2.0052 0.0302
Pedestrian 0.0000 0 1.9990 1100.1736 124.8684 1242.0000 369.7764 2.1829 0.7698 1.0068 5.3975 1.7556 7.0095 2.6340 0.0302
Car 0.0000 0 1.1277 484.7507 179.2425 536.6250 203.9762 1.5072 1.7105 4.2527 -6.5986 1.9469 47.3724 0.9896 0.0299
Car 0.0000 0 -2.7270 0.0000 0.0000 1242.0000 375.0000 1.5175 1.6451 3.6483 1.3614 1.7107 0.1902 -1.4998 0.0298
Car 0.0000 0 2.6562 420.0218 178.6307 483.6259 202.9616 1.5016 1.6012 3.7525 -10.3555 1.8945 47.2135 2.4411 0.0298
Car 0.0000 0 -3.7621 916.1076 139.8915 1242.0000 364.4707 2.0396 1.7377 4.3828 5.6637 1.7406 7.4411 -3.1314 0.0295
Car 0.0000 0 -1.4831 364.1532 178.0028 437.9585 236.5136 1.4786 1.6780 3.8950 -5.9266 1.6412 20.6659 -1.7595 0.0292
Car 0.0000 0 -3.5094 0.0000 0.0000 1242.0000 375.0000 1.4862 1.6386 4.2236 1.1848 1.6425 0.8001 -2.6891 0.0291
Pedestrian 0.0000 0 -2.4701 465.5436 172.6593 487.0141 213.5381 1.7604 0.6257 0.6805 -5.8782 1.7524 31.5053 -2.6535 0.0290
Car 0.0000 0 -0.8135 441.2202 178.1344 524.9351 214.0201 1.4496 1.5289 3.6473 -5.5462 1.6959 31.6589 -0.9859 0.0290
Car 0.0000 0 0.0648 442.4917 178.3353 512.1868 201.9223 1.5396 1.6573 4.5272 -8.9289 1.9180 48.6825 -0.1160 0.0288
Car 0.0000 0 1.7343 472.8061 178.0306 506.1716 202.0726 1.5476 1.6190 4.0006 -8.2191 1.9161 49.3068 1.5696 0.0287
Car 0.0000 0 -1.0511 0.0000 0.0000 1242.0000 375.0000 1.5409 1.7363 4.0699 1.1759 1.7303 0.1142 0.1833 0.0285
Car 0.0000 0 1.5697 468.5244 177.2568 491.9836 201.5063 1.5696 1.5206 3.5111 -8.8854 1.8818 49.2393 1.3917 0.0285
Cyclist 0.0000 0 1.0668 1099.6588 161.3025 1242.0000 375.0000 2.0132 0.6677 2.0949 5.8420 1.9134 7.3415 1.7183 0.0284
Car 0.0000 0 0.1650 409.8753 179.2770 517.4919 213.5275 1.4274 1.6976 4.3600 -6.3263 1.7149 31.3324 -0.0331 0.0284
Car 0.0000 0 0.3845 409.6391 177.6364 511.9009 213.4496 1.4861 1.7643 4.0025 -6.5192 1.7033 31.4949 0.1816 0.0283
Pedestrian 0.0000 0 0.1056 475.2088 174.3738 488.3347 202.9740 1.8203 0.6793 0.7629 -8.2616 1.9191 46.3261 -0.0703 0.0283
Car 0.0000 0 1.1386 450.9062 176.0554 499.8659 202.0873 1.6816 1.6917 4.1808 -9.2765 1.9106 49.3399 0.9533 0.0281
Car 0.0000 0 1.9293 469.1004 178.5218 511.0976 201.8236 1.4836 1.5870 3.7681 -8.1094 1.8840 48.9141 1.7655 0.0281
Car 0.0000 0 -2.3311 547.9645 166.4460 635.1024 207.4923 1.9813 1.7262 4.6704 -1.0487 1.6723 37.0833 -2.3597 0.0280
Car 0.0000 0 -2.1040 551.0560 163.8051 628.0007 210.1429 2.2098 1.8560 4.5556 -1.1584 1.7786 36.8267 -2.1358 0.0279
Pedestrian 0.0000 0 2.5379 1039.5201 104.9612 1203.6257 346.8773 2.3233 0.7598 1.1260 5.0908 1.6716 7.3151 3.1262 0.0278
Car 0.0000 0 0.5204 397.9935 176.6584 502.4217 215.0259 1.4861 1.6536 3.8714 -6.5785 1.6497 29.5826 0.3030 0.0278
Car 0.0000 0 -2.7758 0.0000 0.0000 1100.4609 375.0000 1.4830 1.6076 3.4755 1.3479 1.6878 0.6693 -1.8296 0.0278
Car 0.0000 0 0.6446 470.5999 179.1217 535.0342 203.1095 1.4961 1.6621 4.0061 -7.1068 1.9243 47.5645 0.4967 0.0276
Pedestrian 0.0000 0 -2.0727 0.0000 0.0000 1242.0000 375.0000 1.9639 0.7295 0.5353 26.4245 1.8607 0.1626 -0.5194 0.0273
Pedestrian 0.0000 0 1.8921 475.6042 172.8455 489.6238 201.7263 1.8530 0.7406 0.6021 -8.2641 1.8528 46.6423 1.7173 0.0272
Pedestrian 0.0000 0 1.3116 468.5196 171.2584 487.0741 212.7441 1.7850 0.6446 0.6752 -5.8122 1.7167 31.4854 1.1301 0.0271
Cyclist 0.0000 0 -2.1218 0.0000 0.0000 1122.7188 375.0000 1.7386 0.5358 1.9542 0.5884 1.7010 0.4676 -1.4753 0.0270
Car 0.0000 0 1.7461 470.5629 177.4636 502.6499 201.4305 1.5457 1.5383 3.6471 -8.3806 1.8712 49.0642 1.5774 0.0268
Car 0.0000 0 1.6208 471.9694 176.7753 498.0456 202.2359 1.6265 1.5602 3.2768 -8.3740 1.8990 48.3421 1.4498 0.0267
Car 0.0000 0 -1.9979 557.2759 161.8334 630.8042 210.9984 2.3046 1.8612 4.8235 -0.9324 1.7884 36.3949 -2.0239 0.0265
Car 0.0000 0 -2.7149 0.0000 0.0000 1242.0000 375.0000 1.4985 1.5905 3.4409 1.3240 1.6918 0.3906 -1.6244 0.0265
Pedestrian 0.0000 0 -3.2633 698.8420 143.3961 1206.4233 375.0000 1.7437 0.6031 0.9386 0.6429 1.6893 1.7203 -2.9611 0.0264
Pedestrian 0.0000 0 -3.6366 1073.1825 106.1919 1233.7789 349.2264 2.3131 0.7424 1.0696 5.3953 1.6790 7.2978 -3.0200 0.0264
Car 0.0000 0 -4.0449 0.0000 0.0000 1242.0000 375.0000 1.5937 1.6247 4.0584 1.8855 1.7074 0.1884 -2.7253 0.0262
Car 0.0000 0 1.2309 454.2520 176.7132 495.1176 201.5210 1.6004 1.5839 3.7217 -9.2870 1.8745 49.1759 1.0448 0.0257
Car 0.0000 0 -2.0104 553.0721 163.4550 625.9646 210.0278 2.2017 1.8693 4.6806 -1.1609 1.7578 36.6177 -2.0424 0.0255
Car 0.0000 0 -0.6104 876.4415 130.5611 1242.0000 361.6642 2.1366 1.8377 4.9080 5.5421 1.7460 7.5893 0.0010 0.0254
Car 0.0000 0 -3.7424 0.0000 0.0000 1242.0000 375.0000 1.5081 1.6778 4.1955 0.6277 1.6915 0.3592 -2.9872 0.0251
Car 0.0000 0 2.0487 439.9175 174.1525 519.3228 212.9433 1.5471 1.6606 4.1132 -5.5725 1.6075 31.1330 1.8726 0.0249
Car 0.0000 0 0.2594 395.6346 177.4578 503.9317 214.3561 1.5527 1.7243 4.3258 -6.9895 1.7605 31.5518 0.0427 0.0248
Car 0.0000 0 -1.3879 0.0000 0.0000 1242.0000 375.0000 1.5284 1.6607 4.2452 0.7982 1.6676 0.0080 -0.1815 0.0244
Car 0.0000 0 -2.5094 407.8653 179.5790 508.8075 214.2082 1.4112 1.6890 4.1346 -6.7001 1.7217 31.6525 -2.7167 0.0243
Car 0.0000 0 -1.9051 899.9110 128.0027 1229.2755 374.4903 2.1178 1.8164 3.9379 4.6912 1.7328 8.2877 -1.4063 0.0236
Car 0.0000 0 -1.8321 358.9250 178.4747 474.9828 250.2697 1.5769 1.7716 4.4744 -5.1441 1.7407 18.5963 -2.0989 0.0235
Car 0.0000 0 1.7261 407.8676 176.5123 467.8812 217.1596 1.4986 1.7180 4.2169 -6.9079 1.6578 29.1561 1.4950 0.0233
Car 0.0000 0 -2.5773 374.9453 175.0255 488.7466 214.5652 1.5874 1.7341 4.4604 -7.6038 1.6847 30.6634 -2.8188 0.0229
Car 0.0000 0 -2.2269 1027.6637 134.8783 1242.0000 355.4464 2.0617 1.8326 4.3181 7.2553 1.7071 8.9102 -1.5604 0.0228
Pedestrian 0.0000 0 -2.4204 468.6680 175.0840 482.3912 202.6764 1.8133 0.7041 0.5747 -8.9635 1.9632 47.9374 -2.6047 0.0225
Car 0.0000 0 -1.9715 877.2175 119.8998 1228.8708 365.6331 2.1694 1.8606 4.1694 4.6548 1.7022 8.5223 -1.4871 0.0222
Cyclist 0.0000 0 -3.3470 915.2188 215.0391 1135.4082 375.0000 1.5590 0.6104 1.6010 3.5678 1.9655 6.4293 -2.8614 0.0218
Car 0.0000 0 -0.9309 438.8727 178.8065 516.0977 213.4737 1.4006 1.5252 3.5431 -5.8026 1.6787 31.7358 -1.1107 0.0218
Car 0.0000 0 2.9095 419.8469 178.3948 483.3183 202.6084 1.5198 1.6688 3.8072 -10.4757 1.8977 47.5847 2.6936 0.0217
Car 0.0000 0 0.7151 1085.2960 0.0000 1242.0000 375.0000 1.6326 1.6107 4.4705 -0.6187 1.6460 -0.0157 -0.4475 0.0215
Car 0.0000 0 -2.0977 965.2416 130.7588 1242.0000 366.6738 2.1274 1.6954 3.2956 5.5737 1.7482 8.1941 -1.5181 0.0213
Car 0.0000 0 0.4654 388.7079 176.4375 494.8541 215.0239 1.5035 1.6283 3.9286 -6.9186 1.6571 29.5977 0.2373 0.0212
Pedestrian 0.0000 0 -1.8283 0.0000 0.0000 1242.0000 375.0000 1.9574 0.7418 0.4901 26.6374 2.1330 0.1855 -0.2758 0.0212
Car 0.0000 0 -2.2356 971.8174 138.7075 1242.0000 373.7829 2.1275 1.8619 3.9398 6.2268 1.8189 8.5434 -1.6231 0.0211
Car 0.0000 0 3.3920 0.0000 0.0000 1242.0000 375.0000 1.4899 1.6338 4.1764 -0.3227 1.6759 0.2128 2.7999 0.0208
Car 0.0000 0 1.8481 403.5605 176.0197 474.9630 219.0034 1.5465 1.6467 4.1652 -6.6603 1.6808 28.3905 1.6193 0.0208
Car 0.0000 0 -3.7238 0.0000 0.0000 1242.0000 375.0000 1.5564 1.6573 3.9745 1.4619 1.7540 1.0241 -2.8916 0.0208
Cyclist 0.0000 0 -2.1230 1115.5271 159.0176 1242.0000 375.0000 1.9581 0.6757 2.1685 6.2873 1.8335 7.6342 -1.4539 0.0206
Pedestrian 0.0000 0 -3.4258 999.8832 107.1356 1156.2628 341.6956 2.2097 0.7670 1.1491 4.6347 1.5910 7.3137 -2.8800 0.0205
Car 0.0000 0 1.6144 449.1163 176.6515 477.8011 201.6053 1.5856 1.7206 3.9530 -9.8529 1.8526 48.5665 1.4149 0.0201
Car 0.0000 0 1.1338 484.7009 179.0594 536.7140 203.7603 1.5190 1.7220 4.3704 -6.6618 1.9505 47.8270 0.9957 0.0199
Car 0.0000 0 -2.1942 990.5857 144.1303 1242.0000 373.9471 2.1076 1.8557 3.9883 6.4651 1.8445 8.6114 -1.5676 0.0197
Cyclist 0.0000 0 2.9703 0.0000 0.0000 1242.0000 375.0000 1.8184 0.5471 1.8256 -0.9835 1.5804 0.1492 1.8133 0.0196
Car 0.0000 0 1.4980 490.4225 179.3345 521.6960 203.7809 1.5067 1.7330 4.5271 -7.0087 1.9609 48.1348 1.3538 0.0193
Car 0.0000 0 -2.4194 382.3201 176.7481 488.2778 216.3500 1.5515 1.6882 4.2855 -7.4094 1.7251 30.3524 -2.6573 0.0191
Car 0.0000 0 0.2424 400.0872 180.5738 502.6739 214.7927 1.4279 1.7283 4.0702 -6.8958 1.7745 31.4414 0.0278 0.0190
Cyclist 0.0000 0 -1.8993 476.7426 174.9845 490.5184 201.6651 1.7039 0.3543 1.6991 -8.2764 1.8456 47.0399 -2.0729 0.0190
Car 0.0000 0 -1.2318 0.0000 0.0000 1242.0000 375.0000 1.5559 1.6954 3.6172 18.3888 2.0581 0.5289 0.2939 0.0190
Car 0.0000 0 -2.0031 863.0890 120.0072 1202.6249 354.1024 2.2154 1.8814 4.1572 4.6880 1.7157 8.9371 -1.5346 0.0188
Cyclist 0.0000 0 -1.8983 472.9760 175.1539 485.3915 201.0199 1.6700 0.3432 1.4844 -8.6378 1.8239 47.4434 -2.0778 0.0187
Car 0.0000 0 1.2794 489.1421 179.7216 532.7469 203.8294 1.4852 1.6624 4.4754 -6.6969 1.9669 48.1853 1.1417 0.0186
Car 0.0000 0 -3.0151 0.0000 0.0000 944.0252 375.0000 1.5629 1.6674 3.6639 1.4590 1.7129 0.8223 -2.1016 0.0185
Car 0.0000 0 3.3226 776.2283 0.0000 1242.0000 375.0000 1.5181 1.6235 4.2559 -0.6606 1.6589 0.2786 2.4510 0.0185
Car 0.0000 0 2.0235 434.2935 178.3232 483.7453 203.6658 1.5511 1.6750 3.7732 -9.8259 1.9237 47.0727 1.8185 0.0185
Car 0.0000 0 -2.1590 0.0000 0.0000 1242.0000 375.0000 1.5729 1.5124 3.2312 3.2492 1.8012 -0.0897 -0.6509 0.0184
Car 0.0000 0 -2.9787 0.0000 0.0000 1242.0000 375.0000 1.5422 1.6433 3.6309 1.7829 1.7522 0.1436 -1.6495 0.0183
Car 0.0000 0 -2.6153 397.8406 179.4339 492.9532 214.6057 1.4526 1.6407 3.7507 -7.2447 1.7538 31.6413 -2.8390 0.0182
Cyclist 0.0000 0 -1.9627 459.7055 175.6338 477.6691 202.2827 1.7383 0.5297 1.7961 -9.4677 1.9276 48.1455 -2.1562 0.0181
Pedestrian 0.0000 0 -0.1895 475.3223 172.3734 487.1761 201.4191 1.8603 0.7603 0.6225 -8.3626 1.8298 46.6753 -0.3662 0.0180
Car 0.0000 0 2.0209 469.2774 179.0517 517.6461 203.0281 1.5166 1.6323 4.0658 -7.8784 1.9561 48.9459 1.8617 0.0179
Cyclist 0.0000 0 -2.5672 0.0000 0.0000 1207.0736 375.0000 1.6882 0.5321 1.8823 0.9280 1.6411 0.4362 -1.6687 0.0177
Car 0.0000 0 -1.4095 353.4017 177.6042 446.2193 239.1378 1.5062 1.7869 4.4985 -5.8278 1.6560 20.3562 -1.6855 0.0177
Car 0.0000 0 1.8834 471.6414 177.9578 514.1867 202.6396 1.5791 1.6717 4.1427 -7.9630 1.9431 49.2346 1.7235 0.0177
Car 0.0000 0 -2.0390 553.9956 161.5417 630.3496 211.0047 2.3257 1.8451 4.8748 -1.0297 1.7941 36.5051 -2.0676 0.0175
Car 0.0000 0 1.8871 457.7750 176.0626 495.7695 201.3924 1.6423 1.5535 3.4152 -9.0417 1.8687 49.0298 1.7053 0.0174
Cyclist 0.0000 0 -2.7377 0.0000 0.0000 1242.0000 375.0000 1.6619 0.5684 1.8214 1.3929 1.6329 0.3474 -1.6005 0.0174
Car 0.0000 0 -2.3156 391.1484 177.1598 486.6299 215.9902 1.5033 1.6341 3.9442 -7.2093 1.6939 30.1043 -2.5491 0.0174
Car 0.0000 0 -1.5101 362.0746 176.8633 434.8631 236.9802 1.4754 1.6902 3.9447 -5.8333 1.5991 20.0952 -1.7896 0.0173
Cyclist 0.0000 0 1.1778 1064.7185 134.4496 1242.0000 375.0000 2.1460 0.7049 2.1683 5.3685 1.8181 7.2989 1.7917 0.0170
Car 0.0000 0 -2.1030 551.3174 160.6909 629.2064 211.2994 2.4135 1.8160 4.7366 -1.1286 1.8338 36.8946 -2.1339 0.0169
Car 0.0000 0 -0.5521 441.1895 179.4517 528.3203 214.2842 1.4206 1.5656 3.4833 -5.5305 1.7279 31.8224 -0.7233 0.0168
Car 0.0000 0 1.9397 455.8960 176.4925 497.7395 202.7973 1.6808 1.5913 3.5566 -8.9403 1.9354 48.5203 1.7580 0.0167
Car 0.0000 0 -1.6178 365.2903 178.2290 441.4465 242.2253 1.5115 1.7876 4.2825 -5.7943 1.6762 19.7433 -1.9002 0.0166
Pedestrian 0.0000 0 -1.7452 0.0000 0.0000 1242.0000 375.0000 1.9978 0.7119 0.4533 26.6996 2.1333 0.2088 -0.1935 0.0165
Cyclist 0.0000 0 -2.9839 0.0000 0.0000 1242.0000 375.0000 1.7615 0.5396 1.8258 1.8135 1.7288 0.4548 -1.8066 0.0165
Car 0.0000 0 -4.1532 0.0000 0.0000 985.0968 375.0000 1.5924 1.5929 3.8342 2.0202 1.6994 -0.1462 -2.6545 0.0162
Car 0.0000 0 1.3639 454.7240 176.6230 489.2117 201.3899 1.5943 1.6073 3.5170 -9.4292 1.8606 48.9662 1.1743 0.0161
Pedestrian 0.0000 0 1.1216 1035.4633 104.1986 1176.2534 359.7081 2.4012 0.7477 1.1376 4.9644 1.7563 7.3883 1.6938 0.0161
Car 0.0000 0 0.5970 1159.6934 0.0000 1242.0000 375.0000 1.5688 1.5806 4.3181 -0.3389 1.6007 -0.1080 -0.4997 0.0159
Car 0.0000 0 -1.6136 439.1325 180.4515 477.9274 214.0130 1.3849 1.5585 3.2965 -6.8742 1.7450 32.3725 -1.8217 0.0159
Cyclist 0.0000 0 1.7348 455.0609 176.6295 474.5890 216.5224 1.6314 0.4825 2.0871 -6.2154 1.7982 30.7550 1.5365 0.0158
Car 0.0000 0 -1.7113 434.9128 179.9760 481.4974 213.9712 1.3937 1.5899 3.2067 -6.8340 1.7285 32.1012 -1.9199 0.0157
Car 0.0000 0 1.7438 480.4293 178.3799 516.3300 202.2745 1.5233 1.7316 4.0890 -7.5619 1.9148 49.0117 1.5911 0.0157
Car 0.0000 0 -2.0802 549.9139 163.4156 624.9817 210.1241 2.2476 1.8679 4.5536 -1.2746 1.7938 37.1491 -2.1148 0.0157
Car 0.0000 0 -1.7180 378.7175 179.9514 468.1172 249.3294 1.5523 1.6615 4.0188 -4.9946 1.7586 18.7607 -1.9753 0.0156
Car 0.0000 0 2.0178 385.4723 176.7638 476.1625 219.4431 1.5247 1.6809 4.5378 -7.0184 1.6931 28.6062 1.7789 0.0156
Pedestrian 0.0000 0 1.6307 365.1066 157.9894 381.3732 210.3858 1.9281 0.5244 0.9332 -8.9197 1.3815 27.0662 1.3149 0.0155
Car 0.0000 0 -1.9974 549.6034 166.3893 615.1004 209.5048 2.1018 1.8083 4.2062 -1.5390 1.7870 37.4561 -2.0387 0.0155
Car 0.0000 0 1.9617 470.5368 178.0434 516.3571 202.5964 1.5630 1.6412 4.0818 -7.8922 1.9316 49.0234 1.8025 0.0154
Car 0.0000 0 0.6740 385.6379 177.6730 491.3471 216.9261 1.4719 1.6512 3.9790 -6.9531 1.6769 29.0408 0.4406 0.0151
Pedestrian 0.0000 0 -2.1599 359.2288 156.3817 387.0083 209.5043 1.9598 0.5288 0.9961 -8.9536 1.3525 27.1322 -2.4760 0.0151
Car 0.0000 0 1.4050 470.7705 175.3802 505.3984 203.0373 1.7093 1.6594 3.4946 -7.9831 1.8804 46.8634 1.2368 0.0149
Car 0.0000 0 -1.8056 0.0000 0.0000 1242.0000 375.0000 1.4347 1.4350 3.5169 4.6798 1.7797 0.7724 -0.4593 0.0148
Car 0.0000 0 1.7255 480.8952 177.9795 514.9052 201.8545 1.5316 1.6980 3.9558 -7.6142 1.8949 49.1140 1.5721 0.0148
Car 0.0000 0 1.3699 488.1170 178.6418 525.5557 202.8022 1.5128 1.6551 4.3538 -7.0282 1.9219 48.6210 1.2267 0.0147
Car 0.0000 0 1.2468 489.0555 178.8226 533.2821 202.6071 1.4877 1.6249 4.4204 -6.7430 1.9098 48.6442 1.1094 0.0147
Car 0.0000 0 -2.0392 560.8303 161.2646 635.3711 211.5442 2.3645 1.8312 4.6833 -0.7230 1.8198 36.4257 -2.0594 0.0146
Car 0.0000 0 0.1082 0.0000 0.0000 1242.0000 375.0000 1.4124 1.6094 3.7004 18.1034 2.2289 1.8158 1.5624 0.0144
Cyclist 0.0000 0 1.0140 1114.5121 169.4083 1242.0000 375.0000 2.0306 0.6328 1.9233 5.8429 2.0016 7.1398 1.6784 0.0143
Pedestrian 0.0000 0 1.0847 1013.9096 120.1874 1154.3701 365.9825 2.2134 0.7024 1.0883 4.5308 1.7395 7.0604 1.6352 0.0142
Car 0.0000 0 -1.1183 0.0000 0.0000 1242.0000 375.0000 1.5124 1.6433 3.5757 18.3865 2.0689 0.6957 0.3984 0.0141
Car 0.0000 0 -1.5068 432.1098 178.9713 473.1516 213.6200 1.4389 1.5833 3.4042 -7.0556 1.7292 32.3984 -1.7200 0.0140
Car 0.0000 0 1.8076 469.7830 176.4588 503.9320 201.2326 1.5993 1.5034 3.4937 -8.3348 1.8529 48.8925 1.6393 0.0139
Car 0.0000 0 -2.1208 549.2723 165.7881 622.9152 209.9641 2.1353 1.7815 4.3297 -1.3357 1.7942 37.1706 -2.1570 0.0139
Cyclist 0.0000 0 -1.4628 471.7463 176.4636 480.1122 202.3875 1.6896 0.3652 1.7317 -8.9716 1.9352 48.1440 -1.6464 0.0138
Car 0.0000 0 -2.0324 843.8829 120.9309 1203.8610 365.5253 2.2726 1.8581 4.5032 4.5272 1.7906 8.9605 -1.5790 0.0138
Cyclist 0.0000 0 -1.8408 473.8919 174.8440 489.4540 201.9586 1.6968 0.5119 1.8256 -8.2602 1.8272 46.2203 -2.0170 0.0138
Car 0.0000 0 1.3300 488.1102 177.9039 526.5671 201.8930 1.5163 1.6108 4.2148 -7.0190 1.8740 48.8085 1.1875 0.0137
Car 0.0000 0 -3.5982 817.5322 110.1422 1242.0000 350.6138 2.2232 1.7518 5.0436 4.9296 1.6438 7.7690 -3.0508 0.0137
Car 0.0000 0 1.3695 490.1462 176.6033 525.9041 201.2221 1.5785 1.6101 4.1439 -7.0194 1.8458 49.1582 1.2280 0.0136
Car 0.0000 0 -2.1004 552.0963 161.1590 630.4268 210.9646 2.3614 1.8118 4.7640 -1.0743 1.8072 36.7063 -2.1300 0.0136
Car 0.0000 0 1.4002 379.6751 169.2162 412.7118 191.0895 1.5849 1.7049 4.1979 -16.2221 1.3216 54.5365 1.1122 0.0135
Car 0.0000 0 1.3947 494.7679 177.6933 529.3557 201.9500 1.5367 1.5956 4.2479 -6.7073 1.8801 48.8772 1.2586 0.0132
Car 0.0000 0 -2.0140 550.6063 167.3174 618.3644 210.8685 2.1195 1.8324 4.3083 -1.4309 1.8504 37.4452 -2.0525 0.0132
Car 0.0000 0 1.4571 425.6180 176.2141 466.5535 207.1493 1.4971 1.6214 4.0790 -8.6230 1.6827 37.5859 1.2327 0.0132
Car 0.0000 0 1.4900 428.2449 175.8851 466.6328 206.7618 1.5092 1.6307 4.1889 -8.6334 1.6784 37.9470 1.2674 0.0131
Car 0.0000 0 -1.4778 361.2109 183.1921 448.3834 248.4305 1.4970 1.8543 4.3222 -5.4762 1.8106 19.5708 -1.7477 0.0130
Car 0.0000 0 -1.3061 353.4012 176.2301 449.6834 234.2408 1.5112 1.6961 3.9670 -5.9868 1.6192 21.0168 -1.5808 0.0129
Cyclist 0.0000 0 1.2455 994.3791 133.1300 1156.5111 375.0000 2.1580 0.7039 2.0780 4.5856 1.8118 7.3814 1.7823 0.0129
Car 0.0000 0 -4.1608 0.0000 0.0000 1242.0000 375.0000 1.6073 1.6513 3.9508 2.1412 1.6543 0.6082 -2.9901 0.0129
Car 0.0000 0 -2.7743 380.0578 176.7774 484.3130 213.5311 1.5463 1.6969 4.1120 -7.8093 1.7250 31.6919 -3.0144 0.0129
Car 0.0000 0 0.3422 381.3033 176.8980 490.8361 214.8111 1.4944 1.6475 4.0663 -7.1552 1.6671 29.6963 0.1073 0.0128
Car 0.0000 0 1.4861 430.7807 175.7428 469.6489 206.6868 1.5397 1.6667 4.3190 -8.6427 1.7040 38.6410 1.2672 0.0128
Car 0.0000 0 -1.4726 431.0632 177.9693 475.1190 212.7659 1.4536 1.6098 3.3567 -7.0362 1.6963 32.4155 -1.6851 0.0127
Car 0.0000 0 -2.4550 400.9520 178.5005 492.7879 214.3165 1.4836 1.6639 3.7686 -7.2760 1.7466 31.9734 -2.6775 0.0127
Car 0.0000 0 -2.4978 0.0000 0.0000 1242.0000 375.0000 1.4529 1.4835 3.5472 4.5451 1.7671 0.3183 -1.0610 0.0127
Car 0.0000 0 -2.4753 379.3040 176.5446 486.6205 216.5140 1.5711 1.6645 4.2589 -7.4850 1.7348 30.2981 -2.7159 0.0126
Car 0.0000 0 1.4908 429.1081 175.7434 468.0441 206.9925 1.5370 1.6661 4.3306 -8.6390 1.6997 38.2293 1.2697 0.0126
Car 0.0000 0 0.1080 92.3731 0.0000 1242.0000 375.0000 1.5702 1.7608 4.5024 -1.9631 1.6439 0.2424 -1.2001 0.0126
Car 0.0000 0 1.0974 448.6062 174.9537 499.8260 201.7876 1.7372 1.6420 4.3249 -9.3446 1.8874 49.2679 0.9106 0.0125
Car 0.0000 0 -2.2459 943.5196 138.1684 1242.0000 375.0000 2.1591 1.8412 3.9774 5.8614 1.8487 8.5253 -1.6608 0.0123
Car 0.0000 0 -1.6265 438.1998 179.6909 477.9359 213.4331 1.3917 1.5542 3.2583 -6.8699 1.7146 32.2530 -1.8351 0.0123
Car 0.0000 0 -1.4628 430.2263 178.3970 474.9948 212.9230 1.4333 1.5911 3.4882 -7.0412 1.6961 32.3516 -1.6758 0.0122
Car 0.0000 0 1.3134 440.2591 176.4660 480.2412 201.4287 1.5882 1.7026 3.8847 -10.1623 1.8427 48.6358 1.1082 0.0122
Car 0.0000 0 -2.1478 556.6799 160.9094 635.8127 211.2239 2.3918 1.8226 4.5548 -0.8118 1.8244 36.6915 -2.1703 0.0121
Car 0.0000 0 -2.0386 553.5330 161.2782 626.1365 211.4955 2.4130 1.8287 4.6353 -1.1556 1.8572 37.1412 -2.0701 0.0121
Car 0.0000 0 3.3057 382.2584 176.9918 487.5126 213.7460 1.5381 1.6715 4.2343 -7.5900 1.7242 31.3993 3.0700 0.0121
Car 0.0000 0 1.4990 446.0126 176.6276 480.7790 205.1448 1.4833 1.6131 3.9698 -8.2487 1.7052 40.2202 1.2976 0.0120
Car 0.0000 0 -2.4221 408.8001 179.1291 499.8706 214.3234 1.4420 1.6415 3.7736 -6.9088 1.7329 31.7757 -2.6350 0.0120
Pedestrian 0.0000 0 2.0425 362.4997 159.1537 389.6159 211.4342 1.9426 0.5404 1.0948 -8.9155 1.4339 27.3907 1.7303 0.0120
Car 0.0000 0 -2.0232 547.0731 168.2776 614.1315 208.9598 1.9885 1.8337 4.1782 -1.6315 1.7651 37.5381 -2.0669 0.0117
Car 0.0000 0 1.5801 448.6411 177.2228 478.8940 204.9921 1.4577 1.5896 3.9056 -8.2405 1.7164 40.5914 1.3807 0.0116
Car 0.0000 0 -1.4236 423.5215 177.2524 473.0655 214.0011 1.5264 1.6332 3.7301 -7.2237 1.7356 32.3448 -1.6420 0.0115
Pedestrian 0.0000 0 -0.3991 0.0000 0.0000 1242.0000 375.0000 1.9206 0.5757 0.9532 -1.8125 1.6562 0.1524 -1.7325 0.0115
Car 0.0000 0 -2.6049 373.8789 175.7289 487.6438 215.6213 1.5855 1.6859 4.3981 -7.5622 1.7125 30.3267 -2.8477 0.0115
Car 0.0000 0 1.4782 424.6666 176.3212 464.0296 207.1384 1.4771 1.6132 3.9614 -8.6214 1.6664 37.1948 1.2517 0.0114
Car 0.0000 0 1.6629 427.5564 177.9171 464.6437 207.0369 1.4920 1.6260 4.0648 -9.0281 1.7868 39.8254 1.4410 0.0113
Cyclist 0.0000 0 3.0470 0.0000 0.0000 1242.0000 375.0000 1.8768 0.5587 1.7612 -1.4159 1.6621 0.1206 1.7555 0.0113
Car 0.0000 0 1.8158 399.4368 178.1520 448.5314 207.4170 1.4413 1.5973 3.9822 -9.8305 1.7372 38.2505 1.5656 0.0112
Car 0.0000 0 1.8410 402.9986 178.4239 452.5438 207.2579 1.4499 1.5921 3.9795 -9.8348 1.7673 39.0635 1.5956 0.0112
Car 0.0000 0 1.7421 428.6287 178.0906 470.1122 206.2389 1.4766 1.6186 4.0085 -9.0259 1.7868 40.6471 1.5245 0.0112
Car 0.0000 0 1.8410 394.6279 178.7388 443.0862 206.9144 1.4610 1.5991 4.0039 -10.6354 1.8062 40.2638 1.5840 0.0112
Car 0.0000 0 1.6617 413.0674 177.5659 447.5768 204.3609 1.4809 1.6210 4.0317 -10.6254 1.7741 42.7335 1.4191 0.0112
Pedestrian 0.0000 0 1.6867 0.0000 0.0000 1242.0000 375.0000 1.8927 0.6045 0.7599 -1.3221 1.6431 0.1227 0.4150 0.0112
Car 0.0000 0 1.5773 419.6279 177.6509 448.6597 203.5158 1.4547 1.6251 4.0384 -10.6250 1.7587 43.5270 1.3389 0.0112
Car 0.0000 0 1.8352 405.2793 178.6156 454.0365 207.1797 1.4507 1.5960 3.9903 -9.8335 1.7823 39.4649 1.5922 0.0112
Car 0.0000 0 1.8176 400.0779 177.3737 451.2949 208.0012 1.4644 1.6177 3.9989 -9.4404 1.7096 37.0862 1.5697 0.0112
Car 0.0000 0 1.5038 422.4575 177.2303 455.2741 203.8753 1.4736 1.6239 4.0044 -10.2149 1.7464 42.7628 1.2704 0.0112
Car 0.0000 0 1.8638 374.6610 178.8704 425.6796 207.0702 1.4306 1.5909 3.9839 -11.4407 1.7766 39.4561 1.5831 0.0112
Car 0.0000 0 1.8555 380.3252 179.3470 432.8098 208.9243 1.4335 1.5887 3.9869 -10.6367 1.7925 37.8493 1.5830 0.0112
Car 0.0000 0 1.8569 379.9957 179.4825 430.9149 207.9871 1.4271 1.5866 3.9851 -11.0382 1.8047 39.0548 1.5828 0.0112
Car 0.0000 0 1.8746 364.1288 179.6398 418.2579 209.2464 1.4333 1.5918 3.9862 -11.4403 1.8084 37.8472 1.5826 0.0112
Car 0.0000 0 1.8274 407.6125 178.9069 455.4147 207.4706 1.4646 1.5951 4.0071 -9.8318 1.8164 39.8656 1.5868 0.0112
Car 0.0000 0 1.8542 382.4417 179.2875 432.6646 207.4941 1.4286 1.5889 3.9839 -11.0380 1.7986 39.4560 1.5828 0.0112
Car 0.0000 0 1.8591 379.5162 178.6375 429.2773 206.5399 1.4473 1.5960 3.9943 -11.4402 1.7865 40.2620 1.5836 0.0112
Car 0.0000 0 1.8524 384.7350 179.1316 434.5022 207.5034 1.4534 1.5953 4.0014 -11.0376 1.8181 39.8610 1.5836 0.0112
Car 0.0000 0 1.6010 417.1431 177.6810 447.1581 203.8478 1.4584 1.6191 4.0203 -10.6216 1.7616 43.1333 1.3606 0.0112
Car 0.0000 0 1.8157 412.9714 177.8748 460.6927 207.1024 1.4880 1.6083 4.0087 -9.4352 1.7768 39.4367 1.5820 0.0112
Car 0.0000 0 1.8434 392.4281 178.9517 441.4259 207.3712 1.4569 1.5913 4.0042 -10.6353 1.8112 39.8627 1.5839 0.0112
Car 0.0000 0 1.8499 387.0770 178.9924 436.1930 207.1089 1.4565 1.5978 4.0015 -11.0372 1.8165 40.2625 1.5836 0.0112
Car 0.0000 0 1.8499 385.4029 179.3472 436.2557 208.0690 1.4232 1.5861 3.9802 -10.6367 1.7894 38.6526 1.5827 0.0112
Car 0.0000 0 1.8367 398.9799 178.4938 446.2657 206.3512 1.4763 1.6031 4.0130 -10.6355 1.8135 41.0696 1.5845 0.0112
Car 0.0000 0 1.4269 408.0349 176.8048 452.8982 208.9952 1.4828 1.6099 3.9569 -9.0171 1.6914 35.8935 1.1821 0.0112
Car 0.0000 0 1.4614 411.3028 176.8244 453.0419 208.6914 1.4854 1.6122 3.9474 -9.0282 1.6972 36.2916 1.2189 0.0112
Car 0.0000 0 1.8225 409.7586 178.6944 456.8463 206.9874 1.4674 1.6009 4.0073 -9.8315 1.8100 40.2655 1.5842 0.0112
Car 0.0000 0 1.8477 387.8541 179.2792 437.9761 207.8475 1.4315 1.5823 3.9887 -10.6360 1.7975 39.0566 1.5832 0.0112
Car 0.0000 0 1.6040 401.8340 176.8620 438.4628 209.4340 1.4987 1.6234 4.0282 -9.4216 1.7102 35.8669 1.3485 0.0112
Car 0.0000 0 1.7672 389.2136 177.1937 438.3382 209.1636 1.4887 1.6167 4.0426 -9.8205 1.7194 36.2286 1.5039 0.0112
Car 0.0000 0 1.8357 397.8542 179.1426 446.7458 207.6041 1.4425 1.5937 3.9918 -10.2338 1.8043 39.4583 1.5832 0.0112
Car 0.0000 0 1.8210 408.3883 177.4069 457.8197 207.1610 1.4843 1.6235 4.0095 -9.4374 1.7411 38.6222 1.5825 0.0112
Car 0.0000 0 1.8413 400.6548 177.8419 450.8760 206.8748 1.4471 1.5989 3.9740 -9.8385 1.7286 38.6552 1.5933 0.0112
Pedestrian 0.0000 0 -0.4272 0.0000 0.0000 1242.0000 375.0000 1.9282 0.5962 0.8671 -1.3641 1.6627 0.1315 -1.7015 0.0112
Car 0.0000 0 1.6991 428.2088 177.9185 467.4402 206.5865 1.4872 1.6291 4.0338 -9.0252 1.7847 40.2464 1.4795 0.0112
Car 0.0000 0 1.8159 410.7908 178.1033 459.1235 207.5696 1.4828 1.6131 4.0053 -9.4388 1.7817 39.0317 1.5798 0.0112
Car 0.0000 0 1.8452 390.1501 179.0050 439.7007 207.2952 1.4345 1.5902 3.9875 -10.6361 1.7883 39.4577 1.5832 0.0112
Car 0.0000 0 1.8731 402.7215 177.2432 456.6341 207.4953 1.4777 1.6218 4.0085 -9.4324 1.7210 37.8849 1.6303 0.0112
Car 0.0000 0 1.8381 405.7206 177.3989 456.9478 207.5460 1.4873 1.6283 4.0125 -9.4338 1.7413 38.2324 1.5974 0.0112
Car 0.0000 0 1.7786 394.4794 177.5756 442.5822 207.6370 1.4328 1.5951 3.9836 -9.8029 1.6889 37.0535 1.5213 0.0112
Car 0.0000 0 1.7891 396.5070 178.1426 444.7598 207.9620 1.4350 1.5938 3.9797 -9.7998 1.7247 37.4534 1.5345 0.0112
Pedestrian 0.0000 0 1.5676 0.0000 0.0000 1242.0000 375.0000 1.8861 0.5974 0.8407 -1.7831 1.6369 0.1251 0.2235 0.0112
Car 0.0000 0 1.8723 400.6014 177.6884 454.9280 208.0455 1.4647 1.6185 3.9994 -9.4362 1.7300 37.5032 1.6270 0.0112
Car 0.0000 0 1.7929 398.3431 177.7581 446.4539 207.4178 1.4460 1.6005 3.9813 -9.8124 1.7173 37.8541 1.5406 0.0112
Car 0.0000 0 1.7626 392.4015 177.6336 439.9835 208.1361 1.4352 1.5945 4.0024 -9.8122 1.6918 36.6399 1.5024 0.0112
Car 0.0000 0 1.7054 402.0906 177.3292 445.6106 208.4622 1.4671 1.6158 3.9938 -9.4369 1.7078 36.6733 1.4549 0.0112
Car 0.0000 0 -2.3608 0.0000 0.0000 1242.0000 375.0000 1.5507 1.4625 3.2694 3.8501 1.7907 -0.2239 -0.8079 0.0112
Car 0.0000 0 -1.7364 424.9376 178.0537 474.6567 213.4420 1.4657 1.6172 3.5034 -7.2743 1.7132 32.3746 -1.9561 0.0112
Car 0.0000 0 1.5951 438.8544 177.0837 470.6333 205.6832 1.4876 1.6351 4.0086 -8.6558 1.7366 40.2774 1.3844 0.0111
Car 0.0000 0 1.5053 415.2079 176.8981 452.9922 207.9866 1.4660 1.6063 3.9748 -9.0320 1.6841 36.7150 1.2654 0.0110
Pedestrian 0.0000 0 0.3461 1001.2258 108.2755 1161.3390 367.8329 2.3073 0.7587 1.1376 4.5558 1.7336 7.0926 0.8972 0.0110
Car 0.0000 0 1.6757 422.8405 177.1584 461.9377 207.1068 1.5061 1.6365 4.0925 -9.0444 1.7520 39.0255 1.4491 0.0110
Car 0.0000 0 -1.7834 372.4348 177.9954 477.9337 252.0847 1.6165 1.7086 4.3122 -4.8670 1.7642 18.3699 -2.0395 0.0110
Car 0.0000 0 1.6856 437.2393 177.5345 474.8164 205.4725 1.4682 1.6250 3.9607 -8.6568 1.7456 40.6502 1.4767 0.0110
Car 0.0000 0 1.6725 399.7076 177.9745 454.7946 220.5299 1.4135 1.5604 3.9623 -6.6858 1.6169 26.5346 1.4276 0.0110
Car 0.0000 0 1.6523 425.9071 177.3172 462.6694 206.7704 1.4955 1.6269 4.0852 -9.0349 1.7529 39.4180 1.4281 0.0109
Pedestrian 0.0000 0 -2.5370 361.6172 160.6997 391.9640 211.2766 1.8685 0.6095 0.8963 -8.7917 1.4198 27.0748 -2.8484 0.0109
Car 0.0000 0 1.7552 414.6251 176.6952 460.4941 206.9858 1.4830 1.6211 4.0718 -9.0341 1.6962 37.9206 1.5225 0.0108
Car 0.0000 0 1.8707 397.3126 177.3474 456.3891 211.0445 1.4778 1.6086 3.9668 -8.6425 1.7038 34.2044 1.6246 0.0108
Car 0.0000 0 1.6185 416.2295 176.9212 452.3113 207.5813 1.4652 1.6123 4.0074 -9.0351 1.6870 37.1600 1.3813 0.0107
Car 0.0000 0 1.7038 414.9574 177.0066 457.1541 207.3473 1.4683 1.6121 4.0253 -9.0337 1.6969 37.5698 1.4691 0.0107
Car 0.0000 0 1.4606 428.1248 177.1932 463.4171 203.4075 1.4495 1.6067 3.9794 -9.8035 1.7198 42.7467 1.2362 0.0107
Car 0.0000 0 -2.8837 0.0000 0.0000 1216.3058 375.0000 1.5679 1.7346 3.6699 1.8597 1.6797 0.7408 -1.8230 0.0107
Car 0.0000 0 1.5164 433.1974 177.3276 464.2713 202.7375 1.4316 1.6094 4.0550 -9.8121 1.7157 43.5830 1.2959 0.0106
Cyclist 0.0000 0 -1.9227 1023.1998 141.7972 1179.2628 367.9615 2.0627 0.6775 1.9414 5.0094 1.7798 7.5983 -1.3587 0.0105
Car 0.0000 0 1.7269 418.5701 176.5073 462.0959 206.7487 1.5083 1.6435 4.1133 -9.0513 1.7149 38.6059 1.4977 0.0105
Pedestrian 0.0000 0 3.1419 0.0000 0.0000 1242.0000 375.0000 1.9747 0.6832 0.9300 -2.2249 1.7076 -0.2810 1.5753 0.0105
Car 0.0000 0 1.3240 427.7262 176.6064 478.6013 207.5295 1.4906 1.6395 4.0392 -8.2348 1.6972 37.4783 1.1088 0.0105
Car 0.0000 0 -2.8578 0.0000 0.0000 1206.3872 375.0000 1.5132 1.6432 3.4537 1.7208 1.7826 0.7171 -1.8217 0.0104
Pedestrian 0.0000 0 3.0618 365.1545 166.6064 389.5129 213.4477 1.7992 0.5773 0.8614 -9.1201 1.5596 28.1425 2.7508 0.0104
Car 0.0000 0 -1.2855 355.0498 176.8358 454.9725 234.7557 1.5172 1.7040 4.1941 -5.9541 1.6468 21.2978 -1.5554 0.0104
Car 0.0000 0 1.7380 416.4619 176.5773 461.0462 207.0500 1.5033 1.6315 4.1097 -9.0405 1.7117 38.2091 1.5069 0.0104
Car 0.0000 0 -0.9355 0.0000 0.0000 1242.0000 375.0000 1.5367 1.5607 3.9978 18.5676 2.1721 1.1007 0.5599 0.0103
Car 0.0000 0 -1.6253 414.5779 176.3329 459.7978 216.0215 1.5964 1.7006 4.0178 -7.6546 1.7594 31.5682 -1.8617 0.0103
Car 0.0000 0 -0.3563 446.3282 177.9211 530.4673 212.8836 1.4620 1.5157 3.3753 -5.4401 1.6983 32.1028 -0.5233 0.0102
Car 0.0000 0 1.9491 392.8262 176.9964 473.4915 219.2638 1.4517 1.5957 3.9762 -6.6232 1.6206 27.2678 1.7126 0.0102
Car 0.0000 0 -1.1770 348.5933 179.2763 467.3689 238.3044 1.4798 1.7240 4.4149 -5.7246 1.6866 20.8862 -1.4419 0.0102
Car 0.0000 0 1.9737 379.7354 178.5775 464.6382 220.2243 1.4105 1.6010 4.1101 -7.0062 1.6436 27.1790 1.7233 0.0101
Car 0.0000 0 -2.0286 842.9837 113.1442 1210.6490 367.7023 2.3590 1.8911 4.6527 4.5623 1.8060 9.0135 -1.5743 0.0101
Car 0.0000 0 -2.0346 548.9094 164.0136 621.9561 210.6449 2.2529 1.9283 4.5575 -1.3855 1.8262 37.3186 -2.0720 0.0100
Car 0.0000 0 1.8590 405.3324 176.5807 463.9434 210.5950 1.4944 1.6195 4.0126 -8.2700 1.6820 34.1922 1.6230 0.0099
Car 0.0000 0 1.7757 429.0889 177.7801 472.2253 205.5342 1.4740 1.6159 3.9817 -9.0361 1.7682 41.0277 1.5598 0.0099
Car 0.0000 0 -1.8384 365.7600 175.9577 484.5495 250.4040 1.6283 1.7694 4.5455 -4.8860 1.7181 18.3899 -2.0951 0.0099
Car 0.0000 0 -2.8615 0.0000 0.0000 1199.6846 375.0000 1.5277 1.7123 3.6952 1.9050 1.6865 0.8336 -1.8277 0.0099
Car 0.0000 0 -3.1308 0.0000 0.0000 1242.0000 375.0000 1.4113 1.7516 3.8082 18.5682 2.2065 1.5301 -1.6584 0.0098
Cyclist 0.0000 0 -3.0489 0.0000 0.0000 1242.0000 375.0000 1.9060 0.5696 1.9086 7.8748 1.7778 0.3986 -1.5659 0.0098
Car 0.0000 0 -2.0590 837.1826 111.2306 1212.6217 371.2478 2.3907 1.8362 4.7490 4.5361 1.8245 9.0384 -1.6081 0.0097
Car 0.0000 0 -2.5552 0.0000 0.0000 1242.0000 375.0000 1.4940 1.4661 3.6354 4.1715 1.8172 -0.2558 -0.9933 0.0097
Car 0.0000 0 1.2910 445.9802 176.2466 484.8920 201.1466 1.5980 1.6394 3.6337 -9.8485 1.8374 48.8363 1.0926 0.0097
Pedestrian 0.0000 0 -2.3600 356.6417 157.5387 389.8888 210.0246 1.9551 0.5693 1.1248 -9.0279 1.3850 27.3820 -2.6759 0.0096
Car 0.0000 0 3.3499 373.3415 175.3759 481.2419 213.4574 1.6032 1.7044 4.2960 -7.9298 1.7166 31.4276 3.1043 0.0096
Car 0.0000 0 -1.4125 425.6900 176.2860 476.0898 212.7100 1.5268 1.6707 3.5253 -7.1199 1.6898 32.3892 -1.6276 0.0096
Car 0.0000 0 1.7390 567.9964 165.2578 594.3116 184.6672 1.6546 1.6586 4.0982 -2.5304 1.0074 63.6450 1.6992 0.0095
Car 0.0000 0 1.6385 421.9709 176.3179 463.5275 210.4431 1.4916 1.6318 4.2139 -7.9018 1.6667 34.1929 1.4127 0.0095
Car 0.0000 0 -2.2859 412.6017 177.5214 503.3806 213.6767 1.4768 1.6894 4.0304 -6.7841 1.6954 31.8458 -2.4946 0.0094
Pedestrian 0.0000 0 2.3556 361.5309 159.0085 394.5686 211.5304 1.9426 0.5685 1.1154 -8.8148 1.4308 27.3097 2.0459 0.0094
Car 0.0000 0 -1.7896 356.2123 171.6093 388.0688 191.4250 1.6239 1.7053 4.1821 -20.2815 1.5223 61.3616 -2.1078 0.0093
Car 0.0000 0 -1.3239 352.4452 178.4887 456.5449 238.0027 1.4875 1.7861 4.5952 -5.8012 1.6683 20.7868 -1.5933 0.0093
Car 0.0000 0 1.7900 434.9907 177.3409 479.0808 204.7949 1.4605 1.6235 3.9810 -8.6744 1.7285 41.0362 1.5826 0.0092
Cyclist 0.0000 0 1.1297 994.1207 147.2403 1179.0875 375.0000 2.1566 0.6578 2.0674 4.5594 1.9393 7.1899 1.6750 0.0092
Car 0.0000 0 -2.3233 554.6364 161.8869 637.4460 209.2608 2.2909 1.7893 4.3003 -0.8063 1.7609 37.0513 -2.3455 0.0092
Car 0.0000 0 1.6744 423.1791 177.7567 472.7648 219.9322 1.5026 1.4987 3.7518 -6.2877 1.7072 28.1059 1.4559 0.0091
Car 0.0000 0 1.8808 441.4084 177.8091 489.9857 205.1434 1.4632 1.5965 3.9750 -8.2587 1.7624 41.4362 1.6849 0.0091
Car 0.0000 0 1.7768 442.5977 177.0468 485.4918 204.4636 1.4581 1.6025 3.9941 -8.2669 1.7082 40.9856 1.5786 0.0090
Car 0.0000 0 1.7727 566.8037 166.5958 594.6149 185.2932 1.5826 1.6467 4.1091 -2.5517 1.0533 63.2321 1.7322 0.0090
Car 0.0000 0 -1.4474 570.2395 163.4630 593.9230 181.6983 1.6176 1.6838 4.0527 -2.5451 0.7849 66.0950 -1.4859 0.0090
Car 0.0000 0 1.8565 434.6541 177.7635 483.0488 205.1107 1.4630 1.6295 4.1002 -8.6549 1.7599 41.4648 1.6516 0.0089
Car 0.0000 0 -1.6207 386.1220 183.9561 457.9913 249.8753 1.4976 1.6439 3.9487 -5.1413 1.8268 19.2385 -1.8791 0.0089
Car 0.0000 0 -2.3597 371.4342 176.0068 476.1247 215.2436 1.5108 1.6582 4.2641 -7.7747 1.6495 29.8592 -2.6127 0.0088
Car 0.0000 0 -3.2569 0.0000 0.0000 1242.0000 375.0000 1.6245 1.6148 3.7658 2.1300 1.6728 0.2982 -1.9578 0.0088
Car 0.0000 0 0.6746 746.1600 0.0000 1242.0000 375.0000 1.5769 1.6360 5.0550 -1.2969 1.7036 0.1321 -0.5848 0.0087
Car 0.0000 0 -1.9362 1022.7220 177.6474 1242.0000 375.0000 1.8521 1.6411 3.0646 5.5512 1.9128 7.4021 -1.3130 0.0086
Car 0.0000 0 2.0625 383.9536 179.3556 473.0856 220.9182 1.4504 1.5963 4.1192 -6.9888 1.7233 28.0554 1.8201 0.0086
Car 0.0000 0 -0.9192 0.0000 0.0000 1242.0000 375.0000 1.4498 1.4912 3.6668 18.3545 2.2248 0.9783 0.5820 0.0086
Car 0.0000 0 -2.5858 0.0000 0.0000 1242.0000 375.0000 1.4776 1.4237 3.5216 4.6674 1.8027 -0.0076 -1.0763 0.0085
Pedestrian 0.0000 0 -1.9683 0.0000 0.0000 1242.0000 375.0000 1.8333 0.6554 0.6290 28.3082 1.9078 0.2294 -0.4162 0.0085
Car 0.0000 0 -0.3908 444.6414 177.9457 525.4249 213.4722 1.4767 1.5300 3.1778 -5.5567 1.7129 31.9123 -0.5623 0.0085
Car 0.0000 0 -1.3884 568.9243 163.0620 595.2390 181.5418 1.6286 1.6799 4.1085 -2.5285 0.7660 65.7369 -1.4269 0.0085
Car 0.0000 0 -0.3420 443.3386 177.2556 528.7986 213.5468 1.5130 1.6129 3.3894 -5.5268 1.7179 31.9842 -0.5122 0.0085
Car 0.0000 0 -2.5694 0.0000 0.0000 1242.0000 375.0000 1.4748 1.4396 3.4559 4.3474 1.8331 -0.0942 -1.0445 0.0084
Pedestrian 0.0000 0 3.4069 360.3120 165.8992 382.8023 212.3749 1.7958 0.6458 0.6899 -9.3630 1.5274 28.2170 3.0889 0.0083
Car 0.0000 0 -1.1529 0.0000 0.0000 1242.0000 375.0000 1.5083 1.6215 3.7909 18.7496 2.0686 0.6320 0.3683 0.0083
Car 0.0000 0 0.1073 0.0000 0.0000 1242.0000 375.0000 1.3649 1.4959 3.3123 17.9447 2.1729 1.4242 1.5822 0.0082
Car 0.0000 0 -1.9949 849.4278 124.2721 1230.6501 375.0000 2.2466 2.0179 4.4796 4.4818 1.8198 8.6186 -1.5306 0.0082
Car 0.0000 0 -1.4925 564.2946 170.3062 604.0681 208.3885 1.9183 1.7870 4.4171 -1.3574 1.7903 38.5870 -1.5279 0.0081
Car 0.0000 0 -1.3535 353.0851 181.5768 459.8737 246.1965 1.5225 1.8539 4.6808 -5.5201 1.7938 20.0237 -1.6198 0.0081
Car 0.0000 0 -1.9975 546.3979 168.8902 609.5547 209.5148 2.0067 1.7468 4.1358 -1.7810 1.8112 37.8766 -2.0447 0.0081
Car 0.0000 0 -1.9704 563.7048 161.7779 635.3424 211.9288 2.3274 1.8599 4.7469 -0.6499 1.8137 36.0288 -1.9889 0.0081
Car 0.0000 0 -1.4290 570.2524 163.3270 594.8573 181.8615 1.6260 1.6666 4.1151 -2.4753 0.7906 65.4282 -1.4669 0.0080
Pedestrian 0.0000 0 1.9953 0.0000 0.0000 1242.0000 375.0000 1.9460 0.6922 0.8831 -2.1712 1.6986 -0.2618 0.4375 0.0080
Car 0.0000 0 -3.9718 0.0000 0.0000 1242.0000 375.0000 1.5261 1.5004 3.7595 19.7759 2.0819 1.3406 -2.4838 0.0080
Car 0.0000 0 1.8247 381.9334 179.1563 454.6750 221.1228 1.3966 1.6120 4.0856 -7.0260 1.6477 26.6667 1.5691 0.0080
Car 0.0000 0 0.9453 0.0000 0.0000 1242.0000 375.0000 1.4386 1.3574 3.3883 4.7057 1.8082 -0.0533 2.4650 0.0080
Car 0.0000 0 -1.4929 571.2883 162.9370 593.2299 181.9914 1.6626 1.6631 4.1193 -2.4902 0.7976 65.0456 -1.5312 0.0079
Car 0.0000 0 1.5534 501.0847 173.3916 526.3986 200.0841 1.7381 1.6344 4.1620 -6.6341 1.7767 49.2478 1.4199 0.0078
Car 0.0000 0 0.1461 0.0000 0.0000 1242.0000 375.0000 1.4013 1.5175 3.4608 17.4954 2.1721 1.2734 1.6271 0.0078
Car 0.0000 0 1.9602 367.4611 177.9081 436.8028 212.3052 1.4372 1.5859 4.1193 -9.4268 1.6830 32.9075 1.6830 0.0078
Car 0.0000 0 3.3442 377.7415 176.3083 482.8056 214.1680 1.5835 1.6463 4.1686 -7.7586 1.7378 31.2460 3.1023 0.0077
Pedestrian 0.0000 0 3.1849 362.0436 159.6746 392.3759 210.7846 1.9073 0.5695 1.0700 -8.8558 1.4158 27.3392 2.8741 0.0077
Car 0.0000 0 -1.9429 544.3983 170.5575 606.9484 210.1803 1.9640 1.7500 4.5800 -1.9294 1.8505 38.2094 -1.9936 0.0077
Car 0.0000 0 -3.1827 0.0000 0.0000 1242.0000 375.0000 1.6144 1.6480 3.9147 2.1010 1.7127 0.0571 -1.7775 0.0075
Car 0.0000 0 1.3695 430.4942 176.3120 478.1508 207.5565 1.5189 1.6381 4.1455 -8.2434 1.7111 37.7937 1.1558 0.0073
Car 0.0000 0 -0.8852 0.0000 0.0000 1242.0000 375.0000 1.4775 1.5295 4.2409 18.3501 2.2176 1.0704 0.6109 0.0073
Car 0.0000 0 -2.1299 0.0000 0.0000 1242.0000 375.0000 1.4729 1.3717 3.4080 3.7535 1.8571 -0.0844 -0.6149 0.0073
Car 0.0000 0 -2.8091 372.6073 176.0072 482.0056 213.1373 1.5712 1.7489 4.3368 -8.0331 1.7151 31.7688 -3.0552 0.0072
Car 0.0000 0 -2.5993 0.0000 0.0000 1045.8881 375.0000 1.5151 1.7587 3.7344 1.3919 1.8520 1.0648 -1.8078 0.0072
Cyclist 0.0000 0 -1.9919 1237.4429 174.2252 1242.0000 375.0000 1.9812 0.6569 1.9071 7.4765 1.9980 7.6502 -1.2383 0.0071
Car 0.0000 0 -1.9274 882.4681 128.8342 1199.1545 363.9086 2.1758 1.8037 4.1607 4.7541 1.7687 8.8500 -1.4494 0.0070
Car 0.0000 0 -1.2133 348.2349 176.2847 460.5748 235.1882 1.5426 1.7628 4.3749 -5.9850 1.6555 21.4119 -1.4832 0.0070
Car 0.0000 0 -1.8258 567.1612 160.9222 629.3135 211.7916 2.3433 1.9163 4.7992 -0.7100 1.7941 35.8053 -1.8461 0.0070
Pedestrian 0.0000 0 0.0570 366.6371 165.9536 391.9396 212.5411 1.7949 0.5863 0.9097 -9.0514 1.5294 28.1935 -0.2513 0.0070
Car 0.0000 0 -2.5826 371.2930 178.5000 484.0632 216.9212 1.4943 1.6728 4.3071 -7.5983 1.7404 29.9446 -2.8294 0.0070
Car 0.0000 0 -1.8213 564.6698 162.9416 622.9950 210.2191 2.2982 1.8859 4.8357 -0.9643 1.8167 37.6545 -1.8472 0.0068
Car 0.0000 0 3.3047 376.0576 176.8285 476.4345 213.3585 1.5215 1.6773 3.9954 -7.9353 1.6996 31.2704 3.0577 0.0068
Car 0.0000 0 -2.5948 1239.0487 151.3054 1242.0000 355.1966 1.8961 1.7375 4.2682 10.6785 1.6961 8.9565 -1.7386 0.0068
Cyclist 0.0000 0 -3.5089 927.0598 195.1782 1162.8983 375.0000 1.7134 0.6425 1.6946 3.7737 1.9275 6.4678 -3.0021 0.0067
Car 0.0000 0 -1.5877 419.9237 174.7721 460.7277 212.9228 1.5701 1.6580 3.9112 -7.5972 1.6611 32.0023 -1.8193 0.0066
Cyclist 0.0000 0 -2.6275 0.0000 0.0000 1242.0000 375.0000 1.7452 0.5528 1.9473 1.4930 1.7261 0.8347 -1.7082 0.0066
Car 0.0000 0 2.1087 369.5023 179.6870 461.5866 220.2199 1.4089 1.5689 4.0853 -7.4759 1.6950 27.9921 1.8496 0.0066
Pedestrian 0.0000 0 2.0558 363.7348 163.0707 389.6442 211.8575 1.7968 0.6264 0.7911 -8.7737 1.4369 27.0153 1.7443 0.0066
Car 0.0000 0 1.9118 361.2794 177.4024 426.5673 211.0868 1.4153 1.5862 4.0408 -9.8125 1.6362 32.9295 1.6241 0.0066
Car 0.0000 0 -1.8685 553.7021 167.1523 616.0320 211.2377 2.1504 1.9234 4.7931 -1.4366 1.8727 37.7727 -1.9069 0.0065
Pedestrian 0.0000 0 -1.2539 0.0000 0.0000 1242.0000 375.0000 2.0520 0.6899 0.5304 29.4979 2.1861 0.3968 0.2932 0.0065
Pedestrian 0.0000 0 1.2216 0.0000 0.0000 1242.0000 375.0000 2.0891 0.6683 0.6765 29.3224 2.1167 0.4232 2.7677 0.0065
Pedestrian 0.0000 0 -4.3159 0.0000 0.0000 1242.0000 375.0000 2.1160 0.6616 0.6173 29.3951 2.1315 0.3777 -2.7682 0.0065
Car 0.0000 0 2.2201 366.6241 175.1105 449.5848 211.3570 1.5136 1.5878 3.8470 -9.0397 1.6220 32.4671 1.9503 0.0064
Car 0.0000 0 1.8241 364.3893 178.5345 459.7774 233.0130 1.4711 1.7095 4.6366 -6.0076 1.6653 22.2907 1.5633 0.0064
Car 0.0000 0 -1.9659 542.1105 170.1843 594.5602 200.6908 1.7047 1.6793 3.9594 -2.5374 1.5559 42.4649 -2.0257 0.0064
Car 0.0000 0 1.9305 361.3404 178.3562 462.1334 229.0877 1.4439 1.6998 4.3248 -6.2915 1.6387 23.2538 1.6687 0.0064
Car 0.0000 0 -1.5454 421.9312 174.1902 465.0358 214.1497 1.6483 1.7519 4.0517 -7.3799 1.7120 32.0639 -1.7703 0.0064
Car 0.0000 0 2.1976 374.1849 178.7227 476.6292 221.3183 1.4608 1.6539 4.1769 -6.9909 1.7040 27.6079 1.9514 0.0064
Pedestrian 0.0000 0 0.2782 360.2458 164.7501 385.8869 211.7818 1.8173 0.6582 0.8030 -9.3045 1.5045 28.2213 -0.0379 0.0064
Car 0.0000 0 -1.9572 541.2827 171.1635 594.4620 201.8703 1.7156 1.6967 4.1106 -2.5720 1.6215 42.5296 -2.0177 0.0063
Car 0.0000 0 -1.9520 541.6865 170.0884 594.1037 201.3369 1.7466 1.6952 4.0359 -2.5680 1.5924 42.5136 -2.0124 0.0062
Car 0.0000 0 2.0173 364.8791 176.7520 436.6410 212.1812 1.4809 1.5712 3.9325 -9.4282 1.6690 32.6818 1.7382 0.0062
Cyclist 0.0000 0 -1.9694 1088.6282 136.1211 1242.0000 375.0000 2.1526 0.6688 1.8228 5.4863 1.8348 7.2108 -1.3397 0.0062
Pedestrian 0.0000 0 1.2904 0.0000 0.0000 1242.0000 375.0000 1.9231 0.6261 0.5781 28.0180 1.9603 0.3813 2.8369 0.0062
Car 0.0000 0 0.0103 0.0000 0.0000 1242.0000 375.0000 1.4157 1.4483 3.3287 18.3059 2.2654 1.3357 1.4918 0.0062
Car 0.0000 0 -2.1542 528.6577 172.1728 594.4414 202.9723 1.7190 1.7498 4.3603 -2.9448 1.6814 42.5326 -2.2233 0.0061
Car 0.0000 0 1.7280 352.7465 177.0987 403.1541 210.7119 1.4094 1.5638 4.0631 -10.5516 1.6159 32.9137 1.4198 0.0061
Car 0.0000 0 -2.1224 543.9119 169.4605 615.4139 208.0535 1.9008 1.7244 4.3226 -1.6911 1.7340 37.8067 -2.1673 0.0061
Car 0.0000 0 -1.9187 541.9135 169.8932 595.2490 201.6984 1.7741 1.7259 4.4375 -2.5433 1.6093 42.6233 -1.9783 0.0061
Car 0.0000 0 -1.2641 562.3562 158.8309 594.2220 180.5006 1.9217 1.7412 4.1850 -2.8907 0.6785 66.2312 -1.3077 0.0061
Car 0.0000 0 1.9455 360.3471 176.5981 424.8072 211.7382 1.4785 1.5266 3.7422 -9.8124 1.6585 32.6950 1.6558 0.0060
Car 0.0000 0 -3.0480 0.0000 0.0000 1200.9420 375.0000 1.5149 1.6955 3.8180 2.1539 1.5609 0.7568 -1.9322 0.0060
Car 0.0000 0 -1.3594 355.7479 181.7352 461.0473 244.9837 1.5019 1.8542 4.7540 -5.5250 1.7812 20.2340 -1.6232 0.0060
Pedestrian 0.0000 0 1.5608 978.4813 192.2076 1082.7000 375.0000 1.8077 0.8098 0.8501 3.9107 2.0073 6.8590 2.0589 0.0060
Car 0.0000 0 1.6633 386.2784 177.9227 454.3028 229.3616 1.4420 1.6694 4.5986 -6.0068 1.6215 23.1004 1.4112 0.0060
Car 0.0000 0 2.0069 390.4631 177.0573 476.5306 220.5407 1.5027 1.6217 4.0380 -6.6591 1.6757 27.4865 1.7709 0.0060
Car 0.0000 0 1.4138 431.8077 175.3801 476.8580 206.6723 1.4814 1.6263 4.0005 -7.9971 1.6177 36.6642 1.2002 0.0059
Car 0.0000 0 1.5262 405.2618 177.3631 467.7136 231.8257 1.5205 1.7146 4.6076 -5.6623 1.6799 22.9984 1.2869 0.0059
Car 0.0000 0 -1.7778 379.6229 167.2327 413.4807 190.0679 1.6675 1.6632 4.0895 -16.2953 1.2574 54.8814 -2.0654 0.0059
Car 0.0000 0 -2.1516 529.8291 171.7971 595.9666 202.2091 1.6967 1.7347 4.4357 -2.8684 1.6381 42.5442 -2.2190 0.0059
Car 0.0000 0 -2.6583 360.6173 175.8959 475.9039 214.9291 1.5014 1.6435 4.2353 -7.7818 1.6303 29.2221 -2.9167 0.0058
Car 0.0000 0 -1.1640 349.5471 180.2385 471.0268 237.9516 1.4557 1.7555 4.5457 -5.7317 1.6972 21.1809 -1.4257 0.0057
Car 0.0000 0 -1.7734 552.3526 171.5084 593.3428 201.0627 1.6582 1.6479 3.9429 -2.2755 1.5830 42.5955 -1.8269 0.0057
Car 0.0000 0 1.7311 376.2281 178.5736 460.5916 234.6936 1.4753 1.7125 4.7631 -5.7233 1.6689 21.9159 1.4781 0.0056
Car 0.0000 0 1.8221 385.5378 176.5125 460.4514 220.7036 1.4369 1.6012 4.1777 -6.6478 1.5792 25.8950 1.5728 0.0056
Car 0.0000 0 -2.1235 530.1096 171.6562 594.0375 202.7413 1.7368 1.7427 4.3316 -2.9179 1.6703 42.5808 -2.1919 0.0056
Pedestrian 0.0000 0 -2.5732 1129.3628 196.4532 1242.0000 375.0000 1.7177 0.5917 0.8646 1.5195 1.7767 1.2980 -1.8160 0.0056
Car 0.0000 0 -2.5143 359.8448 177.3141 475.1640 216.5970 1.5001 1.6460 4.4284 -7.9064 1.6923 29.4685 -2.7746 0.0055
Car 0.0000 0 0.1276 0.0000 0.0000 1242.0000 375.0000 1.3917 1.4371 3.2431 17.2181 2.1263 1.2264 1.6100 0.0055
Pedestrian 0.0000 0 1.4096 0.0000 0.0000 1242.0000 375.0000 1.8463 0.6510 0.6439 28.2818 1.8819 0.1785 2.9635 0.0055
Car 0.0000 0 -2.4367 0.0000 0.0000 1242.0000 375.0000 1.4418 1.4073 3.4646 4.4863 1.8399 -0.2628 -0.8727 0.0055
Car 0.0000 0 -1.4821 560.7014 169.3002 595.2438 199.7196 1.7039 1.6940 3.8531 -1.8698 1.5052 42.3748 -1.5264 0.0055
Car 0.0000 0 -2.1281 530.5909 172.0799 593.1788 202.1845 1.6786 1.7154 4.1776 -2.9148 1.6358 42.4254 -2.1967 0.0054
Car 0.0000 0 3.1442 373.4657 177.7565 482.8144 217.0036 1.4957 1.6008 4.1620 -7.3343 1.7024 29.0916 2.8989 0.0054
Car 0.0000 0 -2.6016 366.3300 178.7697 481.4724 216.9737 1.4843 1.6323 4.4055 -7.7356 1.7412 29.8765 -2.8532 0.0054
Car 0.0000 0 0.1020 418.8022 177.7300 513.9479 213.1736 1.5044 1.6312 3.9786 -6.3238 1.7271 31.8938 -0.0926 0.0054
Car 0.0000 0 -1.2114 0.0000 0.0000 1242.0000 375.0000 1.5839 1.7031 3.9547 19.1778 2.0173 0.6120 0.3119 0.0054
Car 0.0000 0 0.7054 0.0000 0.0000 1242.0000 375.0000 1.5128 1.6442 3.4180 15.0434 1.7669 -0.0858 2.2623 0.0053
Car 0.0000 0 -2.7593 372.8102 173.7043 483.5436 211.4890 1.5769 1.7534 4.3206 -7.8912 1.6155 31.3253 -3.0045 0.0053
Cyclist 0.0000 0 -2.1469 1034.6276 144.4003 1233.5427 375.0000 2.1198 0.6650 1.8504 5.0578 1.8723 7.2135 -1.5558 0.0052
Car 0.0000 0 1.7702 390.7258 178.1304 456.9313 220.4914 1.3896 1.5620 3.9628 -6.7087 1.5962 26.1865 1.5214 0.0051
Car 0.0000 0 -1.7765 552.0149 170.3581 592.8663 200.8721 1.7084 1.6481 3.8092 -2.2898 1.5691 42.4476 -1.8305 0.0051
Car 0.0000 0 -2.4793 393.5939 177.2665 476.1680 206.8388 1.4548 1.6661 3.9967 -9.1542 1.6945 37.5479 -2.7172 0.0051
Car 0.0000 0 -1.0045 0.0000 0.0000 1242.0000 375.0000 1.4590 1.5817 3.9695 18.9296 2.2115 0.9722 0.4991 0.0051
Car 0.0000 0 1.8256 357.2126 177.7269 414.9529 210.9019 1.3942 1.5539 3.9917 -10.1828 1.6307 32.9431 1.5277 0.0051
Car 0.0000 0 -2.8530 373.2606 174.7487 481.9005 212.7239 1.6019 1.7337 4.2805 -7.9439 1.6875 31.4882 -3.0985 0.0050
Pedestrian 0.0000 0 1.3924 975.6364 191.5289 1089.4722 375.0000 1.8252 0.7633 0.8800 3.9023 2.0163 6.8282 1.8914 0.0050
Car 0.0000 0 -0.5321 434.6111 177.5350 538.2828 215.0954 1.5297 1.7774 4.2006 -5.4588 1.7504 31.9235 -0.7006 0.0050
Car 0.0000 0 -1.3405 361.5340 182.2953 465.3999 243.3356 1.4831 1.8138 4.6807 -5.4956 1.7843 20.6248 -1.5983 0.0050
Pedestrian 0.0000 0 3.2171 361.5111 164.7637 386.2287 216.3910 1.8802 0.6475 0.8222 -8.7709 1.5859 26.6868 2.9021 0.0049
Car 0.0000 0 1.8850 377.1151 179.3716 456.6086 221.6352 1.3815 1.6183 4.0305 -6.9694 1.6378 26.2749 1.6277 0.0049
Car 0.0000 0 1.4186 434.1050 175.6024 476.9489 206.4208 1.4805 1.5852 3.8416 -8.0270 1.6302 37.1077 1.2067 0.0049
Car 0.0000 0 1.9524 373.9081 178.5514 459.4674 221.9382 1.4093 1.6034 3.9886 -6.9149 1.6319 26.0590 1.6951 0.0049
Car 0.0000 0 -1.2133 562.1910 159.2388 597.2217 182.0780 1.9932 1.8095 4.2033 -2.7177 0.8053 65.2442 -1.2549 0.0048
Car 0.0000 0 0.1868 0.0000 0.0000 1242.0000 375.0000 1.5450 1.5507 3.4486 18.1070 2.0220 0.9897 1.6865 0.0048
Pedestrian 0.0000 0 0.1140 354.5822 165.9623 386.7765 213.2354 1.8017 0.5648 1.1240 -9.2847 1.5394 27.8873 -0.2049 0.0048
Pedestrian 0.0000 0 -1.9192 371.2971 163.3721 396.3663 212.4001 1.8507 0.6185 0.9998 -8.7672 1.4931 27.8187 -2.2222 0.0047
Car 0.0000 0 1.7195 371.2248 177.7939 459.2178 238.9739 1.5363 1.7540 4.7718 -5.5611 1.6972 20.9808 1.4630 0.0047
Car 0.0000 0 -1.8277 551.4423 169.9209 595.4628 200.7564 1.7218 1.6732 3.7499 -2.2248 1.5584 42.3280 -1.8803 0.0047
Car 0.0000 0 0.0837 0.0000 0.0000 1242.0000 375.0000 1.5073 1.6256 3.2755 18.5886 2.2149 1.4209 1.5620 0.0046
Car 0.0000 0 1.7731 371.7129 178.8321 457.7270 230.7725 1.4326 1.7033 4.6431 -6.0784 1.6415 22.8077 1.5150 0.0046
Car 0.0000 0 1.3548 449.6604 177.0391 484.6617 201.5533 1.5810 1.5757 3.7371 -9.8143 1.8788 49.2519 1.1587 0.0045
Car 0.0000 0 1.1868 440.3575 176.5501 485.4867 201.7616 1.6131 1.6231 3.9708 -10.0325 1.8746 48.8826 0.9850 0.0045
Car 0.0000 0 1.5226 439.0427 175.9684 474.1917 206.4709 1.4708 1.5853 3.9269 -8.0123 1.6414 37.3198 1.3122 0.0045
Car 0.0000 0 1.7542 349.2596 176.6853 400.7918 211.7415 1.4708 1.5506 3.7634 -10.6082 1.6551 32.6648 1.4422 0.0044
Car 0.0000 0 -2.8536 0.0000 0.0000 1242.0000 375.0000 1.5367 1.5270 3.5208 17.7460 1.9129 0.7875 -1.3439 0.0044
Pedestrian 0.0000 0 1.5734 377.8179 167.0027 393.3077 212.6871 1.7305 0.5621 0.7744 -8.6832 1.5092 27.7816 1.2728 0.0044
Car 0.0000 0 0.0733 0.0000 0.0000 1242.0000 375.0000 1.5246 1.5769 3.4911 19.6655 1.9404 -0.0689 1.6325 0.0044
Pedestrian 0.0000 0 -2.2446 0.0000 0.0000 1242.0000 375.0000 1.8469 0.6148 0.7026 29.2461 2.0381 0.2483 -0.6926 0.0044
Car 0.0000 0 -4.0767 0.0000 0.0000 1242.0000 375.0000 1.6020 1.5575 3.7830 18.0705 2.0908 0.8968 -2.5721 0.0044
Car 0.0000 0 -1.0627 384.7662 174.8998 461.8409 212.9444 1.5468 1.5925 3.8498 -8.1341 1.6426 31.6191 -1.3129 0.0043
Car 0.0000 0 -2.2026 0.0000 0.0000 1242.0000 375.0000 1.4386 1.3202 3.4651 4.1945 1.8735 0.0183 -0.7063 0.0043
Car 0.0000 0 -2.3805 399.5253 175.6481 478.8989 206.4131 1.5141 1.7000 3.9313 -8.9389 1.6665 37.5462 -2.6130 0.0043
Car 0.0000 0 -1.1118 560.6750 158.4730 598.7336 181.1430 1.9894 1.7692 4.2268 -2.7331 0.7278 65.6075 -1.1535 0.0043
Car 0.0000 0 1.8765 354.6076 176.6526 413.4294 211.2613 1.4624 1.5161 3.6295 -10.2098 1.6446 32.7045 1.5758 0.0043
Car 0.0000 0 1.5678 441.1785 175.7977 473.5169 206.0677 1.4758 1.5680 3.9840 -8.0169 1.6386 37.6997 1.3594 0.0043
Car 0.0000 0 1.7010 372.2455 176.1141 459.5414 239.3547 1.5894 1.7863 5.0057 -5.5385 1.6964 20.9939 1.4456 0.0042
Car 0.0000 0 -0.1892 0.0000 0.0000 1242.0000 375.0000 1.5443 1.6897 4.4012 20.2995 1.7847 -0.2372 1.3787 0.0041
Car 0.0000 0 2.1981 367.2143 175.0494 448.3011 211.3792 1.5118 1.5816 3.7678 -9.0137 1.6167 32.3108 1.9278 0.0041
Car 0.0000 0 0.1692 0.0000 0.0000 1242.0000 375.0000 1.5672 1.7303 3.7304 18.7338 2.1843 1.2157 1.6592 0.0041
Car 0.0000 0 -0.3731 0.0000 0.0000 1242.0000 375.0000 1.5627 1.6673 3.9695 20.4298 1.8808 0.1604 1.1753 0.0041
Pedestrian 0.0000 0 -1.6427 0.0000 162.2195 4.0955 340.3701 1.7177 0.5436 0.7691 -6.6852 1.6155 7.4182 -2.3585 0.0041
Cyclist 0.0000 0 2.2741 354.2141 164.4446 401.3155 212.6709 1.7657 0.6194 1.9020 -8.8422 1.4582 27.4124 1.9646 0.0041
Cyclist 0.0000 0 -2.1302 553.3328 171.5186 577.2609 202.7949 1.7418 0.4585 1.8243 -2.5886 1.6678 41.0545 -2.1932 0.0040
Pedestrian 0.0000 0 2.2469 353.6730 165.3823 382.2748 213.0167 1.7991 0.5771 0.9499 -9.3601 1.5173 27.7946 1.9246 0.0040
Car 0.0000 0 0.0851 0.0000 0.0000 1242.0000 375.0000 1.5739 1.5256 3.4515 18.7085 2.0076 0.3226 1.6227 0.0040
Car 0.0000 0 1.5005 346.2480 176.7932 387.8591 211.4408 1.4450 1.5259 3.5760 -11.0148 1.6333 32.4757 1.1756 0.0039
Car 0.0000 0 1.7156 389.5824 175.7386 455.2522 220.9700 1.4491 1.6340 4.3598 -6.6121 1.5611 25.6552 1.4654 0.0039
Car 0.0000 0 -1.1836 348.3392 178.9284 472.8141 237.5431 1.4891 1.8240 4.8567 -5.7576 1.6907 21.3755 -1.4441 0.0039
Car 0.0000 0 2.1131 364.0524 175.5571 436.5785 210.6803 1.4763 1.5035 3.5834 -9.4220 1.6058 32.5471 1.8331 0.0039
Car 0.0000 0 0.5078 0.0000 0.0000 1242.0000 375.0000 1.4553 1.6977 3.8382 38.7877 1.5146 2.0220 2.0188 0.0039
Pedestrian 0.0000 0 -0.1054 363.9813 165.3680 395.1783 213.0822 1.8097 0.5479 1.0954 -8.9331 1.5261 27.8342 -0.4135 0.0038
Car 0.0000 0 0.7944 0.0000 0.0000 1242.0000 375.0000 1.5904 1.6579 3.7296 15.2725 2.0108 0.5591 2.3091 0.0038
Pedestrian 0.0000 0 2.9124 357.5161 163.7516 391.1451 212.3925 1.8301 0.5678 1.1273 -9.0833 1.4880 27.6792 2.5978 0.0038
Cyclist 0.0000 0 1.1457 941.3161 207.2716 1105.5903 375.0000 1.6185 0.5725 1.7169 3.5613 1.9698 6.4832 1.6272 0.0038
Car 0.0000 0 1.4550 376.4775 177.3990 433.6663 218.2296 1.5437 1.8232 4.0673 -8.6236 1.7471 30.0010 1.1770 0.0038
Pedestrian 0.0000 0 -2.6205 0.0000 0.0000 1242.0000 375.0000 1.8730 0.6303 0.6425 27.9924 1.8255 0.2076 -1.0678 0.0038
Cyclist 0.0000 0 -3.2935 0.0000 0.0000 1242.0000 375.0000 1.8172 0.4933 1.3027 5.4235 1.8753 -0.1505 -1.7492 0.0037
Car 0.0000 0 0.1534 0.0000 0.0000 1242.0000 375.0000 1.6233 1.5831 3.7632 20.0330 1.9358 0.4850 1.6851 0.0037
Car 0.0000 0 1.4393 378.7635 176.4486 436.7663 217.5214 1.5752 1.8205 4.0678 -8.5917 1.7375 30.2868 1.1648 0.0037
Car 0.0000 0 -2.0445 541.1791 170.4488 595.4089 200.6536 1.6832 1.7118 3.5871 -2.5144 1.5496 42.1862 -2.1041 0.0036
Pedestrian 0.0000 0 -2.0211 0.0000 0.0000 1242.0000 375.0000 1.8551 0.6002 0.7298 29.2250 2.0342 0.2214 -0.4681 0.0036
Car 0.0000 0 1.1348 445.4244 177.5785 493.3683 203.1565 1.6485 1.6723 4.0327 -9.6956 1.9863 49.4062 0.9416 0.0036
Car 0.0000 0 -2.8621 366.2814 178.6841 485.0007 216.4643 1.4919 1.6454 4.4471 -7.5585 1.7391 29.6582 -3.1099 0.0035
Car 0.0000 0 2.2371 364.6745 175.6641 452.6726 211.4445 1.4727 1.6309 4.0406 -8.9354 1.6070 32.2152 1.9682 0.0035
Car 0.0000 0 1.6424 386.6107 177.7884 454.8283 232.3683 1.4683 1.6883 4.6882 -5.7833 1.6381 22.3100 1.3911 0.0035
Pedestrian 0.0000 0 -0.0587 365.1042 166.5942 382.5514 211.6923 1.7620 0.6411 0.6212 -9.4070 1.5178 28.6005 -0.3740 0.0035
Car 0.0000 0 -2.7929 371.9683 173.1855 483.8797 211.2984 1.6074 1.7525 4.4119 -7.9520 1.6228 31.5467 -3.0383 0.0035
Car 0.0000 0 -1.8219 741.2291 153.7292 905.4606 285.4811 2.1508 1.8736 4.6428 3.8552 1.8389 14.1058 -1.5615 0.0034
Car 0.0000 0 0.2250 0.0000 0.0000 1242.0000 375.0000 1.6062 1.6741 3.8938 20.3558 1.9285 1.4153 1.7118 0.0034
Car 0.0000 0 2.9400 0.0000 0.0000 1242.0000 375.0000 1.5035 1.5644 3.9220 -11.9634 1.2642 1.1866 1.4913 0.0034
Car 0.0000 0 1.7639 348.6386 176.5666 398.9731 210.9795 1.4462 1.5046 3.5189 -10.6330 1.6235 32.5533 1.4503 0.0034
Pedestrian 0.0000 0 -2.4529 0.0000 0.0000 1242.0000 375.0000 1.9065 0.6292 0.6806 27.9631 1.8193 0.1745 -0.8991 0.0033
Car 0.0000 0 -0.0705 0.0000 0.0000 1242.0000 375.0000 1.5370 1.6727 4.0705 19.8935 1.8209 -0.1685 1.4938 0.0033
Car 0.0000 0 0.0796 0.0000 0.0000 1242.0000 375.0000 1.4875 1.4614 3.1584 18.4814 2.1060 0.3662 1.6144 0.0033
Car 0.0000 0 3.1812 372.5075 178.5925 484.6289 217.9281 1.5203 1.6924 4.3290 -7.3956 1.7656 29.5224 2.9374 0.0033
Car 0.0000 0 -0.5067 440.2246 174.1277 538.7081 213.2406 1.6300 1.7165 3.9913 -5.3648 1.6904 32.1040 -0.6714 0.0032
Car 0.0000 0 0.1600 0.0000 0.0000 1242.0000 375.0000 1.4830 1.4200 3.3871 19.3403 2.0365 0.1469 1.7077 0.0032
Car 0.0000 0 0.8880 0.0000 0.0000 1242.0000 375.0000 1.4326 1.6642 3.8475 -12.0751 1.3138 -0.1526 -0.6719 0.0032
Car 0.0000 0 2.0221 358.2918 175.6395 424.7694 210.5661 1.4724 1.4788 3.5216 -9.8268 1.6056 32.5667 1.7310 0.0032
Car 0.0000 0 1.4332 414.9975 171.1886 444.6573 193.0307 1.7316 1.8344 4.0078 -14.8883 1.5999 59.4012 1.1884 0.0032
Car 0.0000 0 -0.1061 0.0000 0.0000 1242.0000 375.0000 1.5929 1.6699 3.6975 20.0643 1.9198 -0.0463 1.4522 0.0031
Car 0.0000 0 0.5810 0.0000 0.0000 1242.0000 375.0000 1.5288 1.7581 4.0953 38.6222 1.6235 1.8846 2.0953 0.0031
Car 0.0000 0 2.1276 361.7109 173.8761 436.7799 210.0803 1.5238 1.5346 3.6570 -9.4371 1.5729 32.4452 1.8464 0.0031
Car 0.0000 0 -1.8952 536.1835 155.1709 567.6992 181.1056 2.2912 1.6257 4.1637 -5.3632 0.7293 65.9745 -1.9762 0.0031
Car 0.0000 0 -1.8331 738.7614 155.2959 914.0032 289.1836 2.1353 1.9248 4.8497 3.8325 1.8556 13.9298 -1.5712 0.0030
Car 0.0000 0 0.4559 0.0000 0.0000 1242.0000 375.0000 1.5511 1.5457 3.5988 18.2859 1.8195 -0.1787 2.0203 0.0030
Cyclist 0.0000 0 1.1053 956.4554 199.1440 1128.2803 375.0000 1.6803 0.5774 1.7249 3.7712 1.9514 6.5572 1.6063 0.0029
Car 0.0000 0 -1.9854 847.9500 122.1902 1199.5889 370.9144 2.3268 1.9371 4.5645 4.5809 1.8532 9.0654 -1.5318 0.0029
Car 0.0000 0 -2.2518 0.0000 0.0000 1242.0000 375.0000 1.6718 1.5348 3.3123 7.2178 1.6145 -0.1988 -0.6938 0.0028
Pedestrian 0.0000 0 -1.8801 0.0000 0.0000 1242.0000 375.0000 1.9161 0.5943 0.5435 29.4055 2.0272 0.2513 -0.3281 0.0028
Car 0.0000 0 3.3066 356.5580 176.4743 473.5372 212.3716 1.5214 1.7119 4.7716 -8.5662 1.6871 31.8761 3.0457 0.0028
Car 0.0000 0 -1.9168 534.1497 154.6705 567.0361 180.5981 2.2910 1.6319 4.3073 -5.4949 0.6846 66.0508 -1.9997 0.0028
Car 0.0000 0 -4.1616 0.0000 0.0000 1242.0000 375.0000 1.5472 1.4738 3.8471 20.0657 1.9814 1.2584 -2.6683 0.0027
Car 0.0000 0 1.1331 445.5584 176.1583 494.5026 202.1605 1.6833 1.7142 4.0927 -9.6547 1.9198 49.4131 0.9408 0.0027
Cyclist 0.0000 0 -3.4427 491.7779 214.6694 1242.0000 375.0000 1.7015 0.6272 1.9781 0.8264 1.7904 0.9540 -2.8665 0.0027
Car 0.0000 0 2.1760 360.7740 173.8067 441.0778 209.7487 1.5057 1.5694 3.8082 -9.3391 1.5515 32.3874 1.8971 0.0027
Car 0.0000 0 -4.2259 0.0000 0.0000 1242.0000 375.0000 1.6144 1.4435 4.0694 17.3484 2.3093 1.4091 -2.7535 0.0027
Car 0.0000 0 0.9800 0.0000 0.0000 1242.0000 375.0000 1.3198 1.6341 3.3906 -12.0786 1.5217 -0.1404 -0.5787 0.0027
Car 0.0000 0 1.4556 375.3027 178.0515 434.2231 218.9795 1.5200 1.8523 4.2060 -8.5481 1.7507 29.6747 1.1770 0.0027
Car 0.0000 0 1.5199 399.3997 178.1494 460.8707 231.3213 1.4691 1.6428 4.4775 -5.8083 1.6542 22.7889 1.2725 0.0026
Car 0.0000 0 1.9924 350.1700 175.7571 415.1637 210.2207 1.4553 1.4690 3.5626 -10.2472 1.5945 32.6347 1.6901 0.0026
Car 0.0000 0 2.9137 0.0000 0.0000 1242.0000 375.0000 1.5333 1.6312 3.8544 -11.9042 1.1943 0.9391 1.4451 0.0026
Car 0.0000 0 0.2603 0.0000 0.0000 1242.0000 375.0000 1.6621 1.6298 3.9444 19.8717 1.9181 1.1097 1.7603 0.0026
Pedestrian 0.0000 0 2.2520 0.0000 164.3572 18.8364 345.1270 1.7411 0.5289 0.7556 -6.6338 1.6596 7.3337 1.5346 0.0026
Car 0.0000 0 -1.4579 891.9198 202.9543 1129.7474 375.0000 1.5209 1.4721 3.7303 3.7667 1.8785 6.6089 -0.9604 0.0026
Car 0.0000 0 1.2680 411.4541 169.4239 448.9668 192.2693 1.7983 1.8339 4.1094 -14.7651 1.5286 59.0244 1.0237 0.0026
Car 0.0000 0 2.1165 354.5917 174.0582 426.9495 209.3396 1.4880 1.4619 3.5878 -9.8313 1.5458 32.4791 1.8245 0.0025
Car 0.0000 0 1.6175 0.0000 0.0000 1242.0000 375.0000 1.4243 1.6691 4.1174 -7.6937 1.6461 0.6042 0.1620 0.0025
Car 0.0000 0 2.0417 343.9627 173.1623 412.6986 209.1781 1.5184 1.5054 3.4870 -10.3330 1.5334 32.2915 1.7341 0.0025
Car 0.0000 0 2.0830 355.3532 174.4091 426.1176 209.9940 1.4998 1.4683 3.5995 -9.8363 1.5743 32.4917 1.7909 0.0025
Car 0.0000 0 -1.3859 375.1664 175.8033 460.7716 227.9390 1.4822 1.7632 4.9910 -6.1090 1.5884 23.3484 -1.6395 0.0025
Car 0.0000 0 2.9813 0.0000 0.0000 1242.0000 375.0000 1.3947 1.7140 4.0040 -7.4476 1.6943 0.0962 1.4621 0.0025
Car 0.0000 0 0.0607 0.0000 0.0000 1242.0000 375.0000 1.5141 1.6451 3.9369 19.5269 1.8510 -0.1925 1.6261 0.0025
Car 0.0000 0 0.0263 0.0000 0.0000 1242.0000 375.0000 1.3954 1.3683 3.1317 16.9990 2.1107 1.6105 1.4851 0.0024
Pedestrian 0.0000 0 -1.8494 0.0000 0.0000 1242.0000 375.0000 1.9014 0.5744 0.5773 29.4052 2.0458 0.2220 -0.2965 0.0024
Car 0.0000 0 2.9584 0.0000 0.0000 1242.0000 375.0000 1.3789 1.7372 4.1821 -7.5022 1.7327 0.2009 1.4527 0.0024
Car 0.0000 0 -2.8497 364.3871 178.1638 480.5656 216.0172 1.4759 1.6179 4.2779 -7.5925 1.6982 29.2735 -3.1017 0.0024
Car 0.0000 0 2.1079 344.9997 174.1885 417.9160 209.8329 1.4993 1.4532 3.6574 -10.2344 1.5632 32.4391 1.8043 0.0023
Car 0.0000 0 1.8440 361.8147 171.4968 420.7051 208.8033 1.5644 1.5361 3.8035 -9.7151 1.5078 32.1689 1.5526 0.0023
Car 0.0000 0 2.9682 0.0000 0.0000 1242.0000 375.0000 1.3783 1.7531 4.1072 -7.4494 1.7176 0.2383 1.4679 0.0023
Car 0.0000 0 -0.4110 0.0000 0.0000 1242.0000 375.0000 1.6352 1.7742 4.3824 39.9465 1.6344 2.2379 1.0964 0.0023
Car 0.0000 0 0.2308 0.0000 0.0000 1242.0000 375.0000 1.4570 1.4743 3.3155 16.8286 2.0496 0.9939 1.7249 0.0023
Cyclist 0.0000 0 -2.3864 0.0000 0.0000 1028.1664 375.0000 1.6764 0.5249 1.9481 0.9029 1.7492 0.8450 -1.7240 0.0023
Car 0.0000 0 0.9784 0.0000 0.0000 1242.0000 375.0000 1.4519 1.7137 3.9748 -12.2197 1.3301 0.1350 -0.5582 0.0022
Car 0.0000 0 1.4499 435.3196 169.3674 467.2561 194.4413 1.8125 1.8462 4.3067 -12.0520 1.5609 54.4935 1.2330 0.0021
Car 0.0000 0 1.2017 447.3272 173.9559 492.0286 201.0423 1.7761 1.6557 4.0788 -9.7261 1.8556 49.6523 1.0089 0.0021
Car 0.0000 0 1.6521 340.3796 175.7205 383.6061 211.3156 1.4812 1.5264 3.7427 -11.0989 1.6180 32.3454 1.3237 0.0021
Car 0.0000 0 -0.0112 0.0000 0.0000 1242.0000 375.0000 1.5509 1.5667 4.1635 19.0102 2.2267 0.4821 1.5184 0.0021
Car 0.0000 0 2.0858 345.7475 174.7257 417.7964 209.9552 1.4865 1.4700 3.6949 -10.2738 1.5766 32.6121 1.7826 0.0021
Car 0.0000 0 -0.5629 0.0000 0.0000 1242.0000 375.0000 1.6489 1.7329 4.0114 39.9168 1.5135 2.0678 0.9487 0.0021
Cyclist 0.0000 0 0.0489 0.0000 0.0000 1242.0000 375.0000 1.7118 0.6529 1.5650 29.2788 1.8804 0.1083 1.6058 0.0021
Car 0.0000 0 1.6224 340.5230 175.2951 381.2245 211.4904 1.5004 1.5189 3.7112 -11.0921 1.6164 32.1695 1.2925 0.0021
Car 0.0000 0 1.1773 445.2292 174.0275 490.2665 200.1593 1.7140 1.6545 3.9300 -9.8466 1.7985 49.6059 0.9821 0.0021
Car 0.0000 0 0.9878 0.0000 0.0000 1242.0000 375.0000 1.3427 1.5853 3.3324 -11.8689 1.5251 -0.0177 -0.5604 0.0021
Car 0.0000 0 -1.8228 540.4523 154.7292 570.2727 180.6875 2.2829 1.6962 4.2594 -5.0340 0.6893 65.7408 -1.8991 0.0020
Car 0.0000 0 1.8690 341.2216 174.4361 399.6454 210.0607 1.4970 1.4691 3.6508 -10.6977 1.5723 32.3205 1.5514 0.0020
Car 0.0000 0 1.8414 342.8426 175.1591 399.2274 210.1449 1.4738 1.4800 3.6585 -10.7317 1.5840 32.4996 1.5245 0.0020
Car 0.0000 0 3.1549 0.0000 0.0000 1242.0000 375.0000 1.3898 1.6695 3.8299 -7.5345 1.7192 0.1630 1.6439 0.0020
Car 0.0000 0 3.2926 0.0000 0.0000 1242.0000 375.0000 1.4381 1.5714 3.8916 -12.4229 1.3437 1.1403 1.8359 0.0020
Car 0.0000 0 3.0322 0.0000 0.0000 1242.0000 375.0000 1.4447 1.6096 4.1139 -7.7168 1.7263 0.1149 1.5136 0.0019
Cyclist 0.0000 0 -0.0495 0.0000 0.0000 1242.0000 375.0000 1.7489 0.6845 1.6491 29.4339 1.8586 0.1067 1.5075 0.0019
Car 0.0000 0 2.5114 0.0000 0.0000 1242.0000 375.0000 1.4729 1.7368 3.5042 -11.7259 1.4570 1.4714 1.0891 0.0019
Car 0.0000 0 1.0500 0.0000 0.0000 1242.0000 375.0000 1.4985 1.7456 3.7976 -9.7122 1.4656 -0.2427 -0.5163 0.0019
Cyclist 0.0000 0 -2.6555 0.0000 0.0000 1242.0000 375.0000 2.0429 0.5729 1.9461 8.1342 1.7548 0.6215 -1.1969 0.0019
Car 0.0000 0 -1.8246 540.9754 157.3474 568.9193 180.7653 2.0712 1.6566 3.7254 -5.0727 0.7001 65.8457 -1.9014 0.0019
Car 0.0000 0 -2.8676 363.0178 179.2684 484.3408 217.7338 1.5125 1.7073 4.5226 -7.6132 1.7839 29.5785 -3.1178 0.0018
Car 0.0000 0 3.3780 367.7732 178.6436 478.8857 216.6571 1.4828 1.6344 4.0910 -7.5438 1.7246 29.2457 3.1273 0.0018
Cyclist 0.0000 0 0.0484 0.0000 0.0000 1242.0000 375.0000 1.8317 0.5760 1.7117 29.4111 2.0771 0.2712 1.5997 0.0018
Car 0.0000 0 2.9419 0.0000 0.0000 1242.0000 375.0000 1.4716 1.6341 3.6458 -7.6201 1.6964 0.4455 1.4670 0.0018
Car 0.0000 0 0.3725 0.0000 0.0000 1242.0000 375.0000 1.5566 1.4636 2.8884 14.7084 2.0581 -0.2623 1.9409 0.0018
Car 0.0000 0 4.3556 0.0000 0.0000 1242.0000 375.0000 1.4332 1.6716 3.7990 -12.9422 1.3346 0.0470 2.8103 0.0018
Car 0.0000 0 2.9954 0.0000 0.0000 1242.0000 375.0000 1.3994 1.6258 3.2885 -7.5875 1.6836 0.3689 1.5109 0.0018
Car 0.0000 0 -1.6008 401.0004 174.0700 454.8543 221.6226 1.5096 1.6849 4.7069 -6.5569 1.5572 25.5253 -1.8502 0.0018
Car 0.0000 0 3.2738 0.0000 0.0000 1242.0000 375.0000 1.4089 1.7687 4.3905 -6.6912 1.8237 0.3451 1.7975 0.0018
Car 0.0000 0 1.0770 444.4760 175.8663 494.9019 201.9859 1.6984 1.6822 4.0317 -9.6896 1.9141 49.4886 0.8843 0.0017
Car 0.0000 0 1.5135 547.0138 159.6518 569.2368 183.4809 2.0992 1.8118 3.4130 -4.7442 0.9365 65.3704 1.4411 0.0017
Car 0.0000 0 -3.8981 0.0000 0.0000 1242.0000 375.0000 1.6083 1.7642 4.5463 22.0824 2.0411 2.1115 -2.4361 0.0017
Car 0.0000 0 1.5441 434.3840 169.3667 460.4289 193.3834 1.7649 1.8361 3.8124 -12.4711 1.5090 55.0939 1.3222 0.0017
Pedestrian 0.0000 0 -0.5717 1074.1105 247.9435 1242.0000 375.0000 1.7006 0.5910 0.8217 1.4123 1.8792 1.3640 0.1279 0.0017
Car 0.0000 0 -2.1616 0.0000 0.0000 1242.0000 375.0000 1.5269 1.4616 3.0803 13.7225 1.8679 -0.2942 -0.5909 0.0016
Car 0.0000 0 1.9535 332.0634 174.2243 398.5683 210.4284 1.5055 1.5144 3.7080 -10.8235 1.5703 32.0409 1.6299 0.0016
Car 0.0000 0 1.2007 0.0000 0.0000 1242.0000 375.0000 1.3983 1.5617 3.6053 -7.1500 1.6823 0.8403 -0.2138 0.0016
Car 0.0000 0 1.3891 0.0000 0.0000 1242.0000 375.0000 1.4516 1.5756 4.0574 -7.3042 1.7418 0.3897 -0.0891 0.0016
Car 0.0000 0 4.4949 0.0000 0.0000 1242.0000 375.0000 1.5398 1.8599 4.1619 -7.8621 1.8373 0.6240 3.0396 0.0016
Cyclist 0.0000 0 0.0496 0.0000 0.0000 1242.0000 375.0000 1.7500 0.5797 1.5782 29.3325 2.0577 0.2482 1.6016 0.0016
Car 0.0000 0 3.7671 0.0000 0.0000 1242.0000 375.0000 1.4132 1.6665 4.1811 -12.9573 1.3109 1.5158 2.3342 0.0015
Car 0.0000 0 2.2907 0.0000 0.0000 1242.0000 375.0000 1.4954 1.8421 3.9083 -11.4582 1.4806 1.3986 0.8657 0.0015
Car 0.0000 0 1.0404 0.0000 0.0000 1242.0000 375.0000 1.4540 1.6629 3.7995 -7.2416 1.6836 1.0976 -0.3416 0.0015
Car 0.0000 0 -1.9494 536.1243 156.5743 569.2073 181.4473 2.1982 1.6284 4.0503 -5.2929 0.7598 65.9407 -2.0294 0.0015
Car 0.0000 0 3.7399 0.0000 0.0000 1242.0000 375.0000 1.4481 1.6608 3.9856 -12.9725 1.2909 1.1147 2.2763 0.0014
Car 0.0000 0 3.4504 0.0000 0.0000 1242.0000 375.0000 1.3743 1.5492 3.9379 -12.3955 1.3789 1.5016 2.0226 0.0014
Car 0.0000 0 0.1584 0.0000 0.0000 1242.0000 375.0000 1.6508 1.5755 4.8978 29.3246 2.0182 0.0899 1.7159 0.0013
Car 0.0000 0 3.1479 368.6579 180.7954 473.2198 218.8903 1.4242 1.5657 3.9223 -7.5304 1.7545 28.7313 2.8934 0.0013
Car 0.0000 0 4.3479 0.0000 0.0000 1242.0000 375.0000 1.4037 1.6042 3.6900 -7.7132 1.7937 0.8238 2.9202 0.0013
Car 0.0000 0 3.1263 366.5967 180.2103 475.8871 219.3336 1.4619 1.6018 4.1047 -7.5408 1.7691 28.7733 2.8718 0.0012
Car 0.0000 0 0.9831 0.0000 0.0000 1242.0000 375.0000 1.3803 1.5273 3.4919 -7.1550 1.7016 1.3066 -0.3688 0.0012
Car 0.0000 0 2.1844 0.0000 0.0000 1242.0000 375.0000 1.4549 1.5810 3.5974 -11.3650 1.4094 1.4801 0.7675 0.0012
Car 0.0000 0 1.2524 445.9063 176.7636 486.7760 202.0006 1.6364 1.6002 3.9247 -9.9301 1.9166 49.5364 1.0552 0.0012
Car 0.0000 0 2.7952 0.0000 0.0000 1242.0000 375.0000 1.4539 1.5696 3.8916 -7.7494 1.7215 0.2448 1.2930 0.0012
Pedestrian 0.0000 0 -2.4020 3.9584 169.0507 98.4739 319.0706 1.7313 0.5510 0.7092 -6.7250 1.6877 8.6310 -3.0493 0.0012
Car 0.0000 0 3.1185 371.9535 180.1967 478.0772 219.2984 1.4823 1.6430 4.0478 -7.5049 1.7933 29.1881 2.8686 0.0012
Car 0.0000 0 3.0023 0.0000 0.0000 1242.0000 375.0000 1.4213 1.6173 4.1067 -7.5388 1.7031 0.2640 1.5046 0.0012
Car 0.0000 0 1.5719 0.0000 0.0000 1242.0000 375.0000 1.3743 1.6424 3.8795 -7.4131 1.6859 0.3189 0.0827 0.0012
Car 0.0000 0 -0.0650 0.0000 0.0000 1242.0000 375.0000 1.3628 1.4351 3.6795 -7.7448 1.6914 1.2830 -1.4360 0.0012
Car 0.0000 0 3.0460 0.0000 0.0000 1242.0000 375.0000 1.3696 1.7780 4.1896 -6.9188 1.8433 0.0490 1.5241 0.0012
Car 0.0000 0 2.7573 0.0000 0.0000 1242.0000 375.0000 1.5210 1.5254 4.1855 -7.8487 1.7451 -0.0516 1.2167 0.0011
Pedestrian 0.0000 0 3.3040 392.4237 165.5004 404.0609 188.1872 1.9885 0.6323 0.8941 -18.6868 1.3443 63.6086 3.0191 0.0011
Car 0.0000 0 2.7052 0.0000 0.0000 1242.0000 375.0000 1.5197 1.7489 3.9154 -11.6073 1.2520 1.4271 1.2806 0.0011
Car 0.0000 0 1.2300 0.0000 0.0000 1242.0000 375.0000 1.6723 2.1436 4.5299 -9.7703 1.6251 -0.1366 -0.3254 0.0011
Car 0.0000 0 -1.6568 0.0000 0.0000 1242.0000 375.0000 1.5121 1.7177 4.3286 -7.5899 1.8405 0.4393 -3.1320 0.0011
Cyclist 0.0000 0 -2.9982 0.0000 0.0000 1242.0000 375.0000 1.8015 0.5080 1.6210 14.7265 2.0802 0.4999 -1.4816 0.0011
Car 0.0000 0 3.0723 364.9851 179.1792 481.3018 219.3081 1.4963 1.6478 4.3911 -7.5158 1.7625 28.8441 2.8192 0.0010
Car 0.0000 0 1.0093 0.0000 0.0000 1242.0000 375.0000 1.6192 1.9444 4.2607 -9.5827 1.6294 -0.1615 -0.5483 0.0010
Car 0.0000 0 1.9830 0.0000 0.0000 1242.0000 375.0000 1.4550 1.7343 4.1499 -11.4285 1.5509 1.5799 0.5739 0.0010
Car 0.0000 0 -2.1331 816.2150 141.0151 1223.6722 375.0000 2.0949 1.8658 4.9051 4.4075 1.8102 9.0044 -1.6921 0.0010
Car 0.0000 0 2.9678 0.0000 0.0000 1242.0000 375.0000 1.3741 1.5921 3.3697 -11.9412 1.3884 1.6201 1.5550 0.0009
Car 0.0000 0 1.2455 447.4242 175.8758 489.4189 202.1817 1.7103 1.6398 3.9780 -9.7875 1.9270 49.5314 1.0510 0.0009
Car 0.0000 0 1.1993 0.0000 0.0000 1242.0000 375.0000 1.6042 1.6903 5.1277 -9.2968 1.6319 0.3791 -0.3000 0.0009
Car 0.0000 0 3.1944 0.0000 0.0000 1242.0000 375.0000 1.4759 1.6302 3.8803 -12.3378 1.2769 0.7917 1.7104 0.0009
Car 0.0000 0 -0.3934 0.0000 0.0000 1242.0000 375.0000 1.6402 1.8741 4.5846 39.9636 1.6017 2.3067 1.1122 0.0009
Car 0.0000 0 2.4907 0.0000 0.0000 1242.0000 375.0000 1.4418 1.7483 3.6394 -11.7141 1.5067 1.6554 1.0840 0.0009
Car 0.0000 0 1.8637 0.0000 0.0000 1242.0000 375.0000 1.5580 1.9003 4.5137 -11.8330 1.5157 1.1998 0.4177 0.0009
Pedestrian 0.0000 0 -2.4804 101.9960 167.3806 171.3494 294.6963 1.6178 0.4829 0.5852 -6.2334 1.5486 9.4327 -3.0517 0.0009
Car 0.0000 0 -1.2605 0.0000 0.0000 1242.0000 375.0000 1.5267 1.5695 3.6943 20.6475 1.8812 0.6491 0.2645 0.0008
Pedestrian 0.0000 0 0.9468 907.6131 220.6659 1242.0000 375.0000 1.7032 0.5565 0.8056 0.9553 1.8194 1.3165 1.4746 0.0008
Car 0.0000 0 1.4084 542.3505 156.6965 569.8048 182.4467 2.2779 1.8995 3.8500 -4.9776 0.8490 65.9213 1.3331 0.0008
Car 0.0000 0 1.7548 0.0000 0.0000 1242.0000 375.0000 1.4160 1.7965 4.2978 -7.3740 1.7315 -0.1254 0.2061 0.0008
Pedestrian 0.0000 0 0.7767 1005.1017 252.9398 1242.0000 375.0000 1.6747 0.5641 0.6095 0.9385 1.8209 0.9656 1.4088 0.0007
Car 0.0000 0 1.1911 0.0000 0.0000 1242.0000 375.0000 1.5555 1.7569 4.9682 -9.4871 1.6180 0.0005 -0.3493 0.0007
Car 0.0000 0 2.1043 0.0000 0.0000 1242.0000 375.0000 1.4554 1.6914 3.9903 -11.6750 1.5682 1.7005 0.7019 0.0007
Car 0.0000 0 1.9899 544.1852 159.3047 581.7803 183.1415 2.1003 1.8335 4.3077 -4.2704 0.9068 65.9122 1.9253 0.0007
Car 0.0000 0 2.6636 0.0000 0.0000 1242.0000 375.0000 1.3933 1.6784 3.5315 -11.7505 1.5709 1.8312 1.2709 0.0007
Car 0.0000 0 1.0552 0.0000 0.0000 1242.0000 375.0000 1.5113 1.8108 4.6541 -9.7091 1.6298 -0.1597 -0.5024 0.0007
Car 0.0000 0 1.0305 0.0000 0.0000 1242.0000 375.0000 1.4754 1.7603 4.4827 -9.6509 1.6063 -0.0344 -0.5142 0.0006
Pedestrian 0.0000 0 2.6889 391.4854 165.7730 403.9158 188.7694 2.0101 0.6036 0.8753 -18.7297 1.3915 63.5844 2.4033 0.0006
Car 0.0000 0 -1.0196 0.0000 0.0000 1242.0000 375.0000 1.6386 1.7257 4.3129 21.0554 1.9642 1.5263 0.4647 0.0006
Pedestrian 0.0000 0 2.8699 120.0457 152.1411 193.2507 286.4709 1.7453 0.5816 0.7183 -6.2306 1.4766 9.8332 2.3170 0.0006
Pedestrian 0.0000 0 -2.3649 388.8302 166.1046 403.7187 188.8887 1.9821 0.6079 1.1590 -18.7741 1.3953 63.3071 -2.6523 0.0006
Pedestrian 0.0000 0 2.1429 390.5614 165.0795 403.9051 188.5178 2.0353 0.6133 1.1211 -18.6769 1.3605 63.2768 1.8568 0.0006
Car 0.0000 0 -1.1165 0.0000 0.0000 1242.0000 375.0000 1.5470 1.5929 4.0024 20.9284 1.8628 0.6965 0.4068 0.0006
Car 0.0000 0 3.3980 0.0000 0.0000 1242.0000 375.0000 1.3634 1.6628 4.2118 -13.0085 1.4221 1.8415 1.9891 0.0006
Car 0.0000 0 4.3786 0.0000 0.0000 1242.0000 375.0000 1.5190 1.6992 4.5529 -8.1811 1.7797 0.5235 2.9066 0.0005
Car 0.0000 0 1.8077 0.0000 0.0000 1242.0000 375.0000 1.5811 1.9063 3.9961 -7.4860 1.6812 0.0805 0.2861 0.0005
Car 0.0000 0 1.5506 548.5790 157.7988 570.2040 183.2847 2.2486 1.8823 3.6778 -4.6455 0.9206 65.5736 1.4800 0.0005
Pedestrian 0.0000 0 3.3771 120.6193 162.5178 188.9460 289.4160 1.6672 0.5464 0.6767 -6.2478 1.5318 9.8423 2.8233 0.0005
Pedestrian 0.0000 0 -3.7299 1018.2131 263.6069 1242.0000 375.0000 1.6883 0.5898 0.6649 0.9660 1.8472 0.9412 -3.0745 0.0004
Car 0.0000 0 -1.0822 0.0000 0.0000 1242.0000 375.0000 1.6195 1.5494 3.9104 20.9508 1.8520 1.0308 0.4252 0.0004
Car 0.0000 0 0.8583 0.0000 0.0000 1242.0000 375.0000 1.6219 1.9004 4.3899 -9.5586 1.7149 -0.0037 -0.6828 0.0004
Car 0.0000 0 2.3904 0.0000 0.0000 1242.0000 375.0000 1.4758 1.8796 3.8392 -11.5530 1.5787 1.6801 0.9880 0.0004
Car 0.0000 0 -1.7810 0.0000 0.0000 1242.0000 375.0000 1.7447 1.7150 3.3948 7.3397 1.6814 0.2278 -0.2810 0.0003
Car 0.0000 0 -1.8587 0.0000 0.0000 1242.0000 375.0000 1.7400 1.7547 3.1799 8.2165 1.6700 0.1436 -0.3410 0.0003
Car 0.0000 0 0.8392 0.0000 0.0000 1242.0000 375.0000 1.6869 1.9018 4.6308 -9.4274 1.7749 0.1301 -0.6872 0.0003
Cyclist 0.0000 0 -2.8422 0.0000 0.0000 1242.0000 375.0000 1.9189 0.5231 1.7135 8.5528 1.7315 0.8363 -1.4029 0.0002
Car 0.0000 0 -1.4116 0.0000 0.0000 1242.0000 375.0000 1.6786 1.6149 4.0815 20.8236 1.8117 0.8371 0.1047 0.0002
Cyclist 0.0000 0 -2.9639 0.0000 0.0000 1242.0000 375.0000 1.9002 0.4530 1.8172 10.7253 2.0173 0.6253 -1.4790 0.0001