Pedestrian 0.0000 0 0.8513 110.8743 142.1838 219.1967 312.1142 1.9711 0.5860 1.0460 -5.4161 1.5283 8.6347 0.3093 0.8832
Pedestrian 0.0000 0 0.9080 109.6904 142.8322 217.5116 312.0646 1.9599 0.6079 1.0530 -5.4482 1.5253 8.6550 0.3644 0.8284
Pedestrian 0.0000 0 0.8618 112.5184 142.2614 217.3506 310.9760 1.9597 0.6013 0.9804 -5.4246 1.5172 8.6472 0.3197 0.8203
Pedestrian 0.0000 0 0.8754 111.9727 143.8790 215.0978 311.0621 1.9433 0.5802 0.9850 -5.4439 1.5193 8.6484 0.3318 0.7877
Pedestrian 0.0000 0 0.8425 111.4233 141.8704 221.9848 311.2702 1.9637 0.5846 1.0785 -5.3932 1.5176 8.6307 0.3022 0.7228
Pedestrian 0.0000 0 0.8482 112.9586 143.0661 221.2312 310.8459 1.9453 0.5837 1.0471 -5.3880 1.5130 8.6298 0.3082 0.6722
Car 0.0000 0 -1.0333 0.0000 0.0000 1081.8867 370.0000 1.5479 1.5398 3.4791 2.0720 1.6010 -0.1268 0.4443 0.3939
Car 0.0000 0 4.4051 0.0000 0.0000 1224.0000 370.0000 1.5329 1.6087 4.1435 -2.7688 1.6871 -0.0120 2.9478 0.3901
Car 0.0000 0 -1.0060 0.0000 0.0000 1009.3144 370.0000 1.5619 1.5694 3.5728 2.0051 1.6114 -0.0930 0.4520 0.3669
Pedestrian 0.0000 0 0.9068 129.6951 144.8569 224.0613 307.7415 1.9110 0.5368 0.9387 -5.3224 1.4945 8.7123 0.3763 0.3401
Car 0.0000 0 -1.0933 0.0000 0.0000 1224.0000 370.0000 1.4776 1.5279 3.3913 2.0833 1.5829 0.0682 0.2931 0.3229
Car 0.0000 0 0.4447 4.4768 0.0000 1224.0000 370.0000 1.4511 1.5511 3.6713 1.3185 1.6224 -0.0441 1.8083 0.3097
Car 0.0000 0 4.4111 0.0000 0.0000 1224.0000 370.0000 1.6169 1.6077 4.3539 -2.5524 1.6807 -0.1419 2.9129 0.2947
Car 0.0000 0 4.3981 0.0000 0.0000 1224.0000 370.0000 1.5421 1.5860 4.1276 -2.6315 1.6935 0.0013 2.9516 0.2935
Car 0.0000 0 -1.0689 0.0000 0.0000 1046.4465 370.0000 1.5387 1.4998 3.7151 2.1935 1.5584 -0.0875 0.3962 0.2754
Car 0.0000 0 0.3067 91.4809 0.0000 1224.0000 370.0000 1.5052 1.5802 3.7036 1.2617 1.6292 -0.2538 1.8238 0.2473
Car 0.0000 0 -1.0671 0.0000 0.0000 1050.2021 370.0000 1.5155 1.4933 3.4811 2.0773 1.5759 -0.0742 0.3857 0.2463
Car 0.0000 0 4.3563 133.0652 0.0000 1224.0000 370.0000 1.6027 1.6098 4.3117 -2.7030 1.6779 -0.1785 2.8406 0.2317
Car 0.0000 0 -0.9901 0.0000 0.0000 1224.0000 370.0000 1.5052 1.5736 3.4612 2.0141 1.6176 0.0639 0.3923 0.2233
Car 0.0000 0 -0.9833 0.0000 0.0000 1224.0000 370.0000 1.4869 1.5531 3.3327 1.9730 1.6031 0.1018 0.3768 0.2157
Car 0.0000 0 -4.2226 0.0000 0.0000 1224.0000 370.0000 1.5205 1.6604 3.8010 1.4174 1.6169 0.1827 -2.9932 0.2125
Car 0.0000 0 4.3551 0.0000 0.0000 1224.0000 370.0000 1.5535 1.6308 4.1133 -2.2910 1.6629 -0.0619 2.8996 0.2089
Car 0.0000 0 -0.2480 0.0000 0.0000 1224.0000 370.0000 1.4399 1.5904 3.6140 2.0200 1.5899 -0.0835 1.2060 0.1786
Car 0.0000 0 -1.1102 0.0000 0.0000 1224.0000 370.0000 1.5999 1.6396 3.9293 1.4406 1.6249 0.0455 0.2115 0.1776
Car 0.0000 0 4.3933 0.0000 0.0000 1224.0000 370.0000 1.5686 1.6252 4.3147 -2.8845 1.6888 0.0573 2.9553 0.1722
Car 0.0000 0 0.5581 25.6718 0.0000 1224.0000 370.0000 1.5036 1.5739 3.6246 1.1659 1.6141 0.0538 1.8176 0.1703
Car 0.0000 0 -1.0902 0.0000 0.0000 1224.0000 370.0000 1.4643 1.5713 3.4224 2.2305 1.6048 0.3293 0.1975 0.1672
Car 0.0000 0 4.3216 0.0000 0.0000 1224.0000 370.0000 1.5988 1.6262 4.1559 -2.1479 1.6688 -0.1283 2.8430 0.1661
Car 0.0000 0 2.7666 0.0000 0.0000 1224.0000 370.0000 1.5871 1.6148 4.2395 0.1788 1.5819 0.2052 3.0962 0.1606
Car 0.0000 0 4.3610 0.0000 0.0000 1224.0000 370.0000 1.5237 1.6222 4.1547 -2.6409 1.7019 0.2840 3.0178 0.1605
Car 0.0000 0 4.2946 0.0000 0.0000 1224.0000 370.0000 1.5435 1.6422 4.4130 -3.1200 1.6614 0.1099 2.8634 0.1533
Car 0.0000 0 -4.1214 0.0000 0.0000 1224.0000 370.0000 1.4773 1.6413 3.9591 1.4187 1.6205 0.3591 -2.9974 0.1464
Car 0.0000 0 2.8114 0.0000 0.0000 1224.0000 370.0000 1.5989 1.6175 4.2216 0.1334 1.5769 0.1780 3.0752 0.1456
Car 0.0000 0 0.8535 617.4041 0.0000 1224.0000 370.0000 1.6097 1.6841 4.0088 -1.3986 1.6786 -0.0043 -0.4914 0.1449
Car 0.0000 0 4.3302 0.0000 0.0000 1224.0000 370.0000 1.5331 1.6488 4.1246 -2.7575 1.7126 0.3306 2.9938 0.1426
Car 0.0000 0 2.9532 0.0000 0.0000 1224.0000 370.0000 1.6431 1.6459 4.2775 0.0610 1.5696 0.0567 3.1173 0.1370
Car 0.0000 0 -4.2729 0.0000 0.0000 1224.0000 370.0000 1.4553 1.6416 3.7952 1.9298 1.6157 0.2519 -2.9903 0.1355
Car 0.0000 0 0.6653 0.0000 0.0000 1224.0000 370.0000 1.4631 1.5291 3.4499 1.2050 1.6178 0.2640 1.7841 0.1287
Car 0.0000 0 3.7981 0.0000 0.0000 1224.0000 370.0000 1.5429 1.6079 4.1533 -0.3281 1.6489 0.0743 3.1106 0.1272
Car 0.0000 0 3.8361 0.0000 0.0000 1224.0000 370.0000 1.6106 1.6615 3.9765 -0.3029 1.6288 0.0140 3.1076 0.1240
Car 0.0000 0 4.3358 0.0000 0.0000 1224.0000 370.0000 1.4986 1.6182 3.9439 -2.2072 1.6911 0.1690 2.9860 0.1224
Car 0.0000 0 0.2452 133.4833 0.0000 1224.0000 370.0000 1.5328 1.5889 3.8165 1.1261 1.6357 -0.2929 1.7903 0.1220
Car 0.0000 0 -4.0102 0.0000 0.0000 1224.0000 370.0000 1.6285 1.6957 4.5403 0.6159 1.6083 0.0927 -3.0317 0.1168
Car 0.0000 0 4.3938 0.0000 0.0000 1224.0000 370.0000 1.6180 1.6078 4.4441 -2.8394 1.6845 -0.1448 2.8874 0.1152
Car 0.0000 0 2.6318 0.0000 0.0000 1224.0000 370.0000 1.6529 1.6839 4.5020 0.2011 1.5792 0.0445 3.1359 0.1134
Car 0.0000 0 0.1491 0.0000 0.0000 1224.0000 370.0000 1.5304 1.6065 4.2807 -0.1170 1.6094 0.2262 -0.0574 0.1104
Car 0.0000 0 4.3907 0.0000 0.0000 1224.0000 370.0000 1.5898 1.5953 4.3463 -3.0060 1.6629 -0.1219 2.8885 0.1062
Car 0.0000 0 3.7373 0.0000 0.0000 1224.0000 370.0000 1.4789 1.5932 4.1182 -0.4714 1.6247 0.2713 3.0696 0.1030
Car 0.0000 0 -2.9588 0.0000 0.0000 1224.0000 370.0000 1.5852 1.5929 4.0843 -0.0782 1.5859 0.1354 -3.1234 0.0997
Car 0.0000 0 0.5105 0.0000 0.0000 1224.0000 370.0000 1.4371 1.6019 3.6768 1.6833 1.6021 0.2275 1.7665 0.0985
Car 0.0000 0 1.4283 0.0000 0.0000 1224.0000 370.0000 1.5740 1.6653 3.8975 -0.7937 1.6753 -0.0415 0.2004 0.0984
Car 0.0000 0 -2.7893 0.0000 0.0000 1224.0000 370.0000 1.5464 1.6537 3.5615 1.7827 1.5984 -0.1252 -1.3278 0.0943
Car 0.0000 0 -2.6724 0.0000 0.0000 1224.0000 370.0000 1.5112 1.6904 3.5058 1.6053 1.6075 0.1533 -1.3887 0.0883
Car 0.0000 0 3.3743 0.0000 0.0000 1224.0000 370.0000 1.4681 1.5610 3.7744 -1.6131 1.6755 -0.2627 1.8427 0.0861
Car 0.0000 0 -3.8577 0.0000 0.0000 1224.0000 370.0000 1.5712 1.6448 4.2163 0.4768 1.6453 0.2053 -3.1220 0.0851
Car 0.0000 0 -1.9771 761.7270 154.1978 810.8085 180.9537 1.7213 1.6994 4.1395 12.1549 0.0305 47.6595 -1.7272 0.0839
Car 0.0000 0 3.2716 0.0000 0.0000 1224.0000 370.0000 1.4813 1.5568 3.7584 -1.7439 1.6851 -0.2537 1.7423 0.0831
Car 0.0000 0 4.0943 648.9838 0.0000 1224.0000 370.0000 1.5320 1.6252 4.0464 -1.5159 1.6615 0.0170 2.7461 0.0829
Car 0.0000 0 -1.9284 763.0569 152.9672 809.6378 180.0445 1.7411 1.6931 4.1404 12.1674 -0.0308 47.6808 -1.6782 0.0757
Car 0.0000 0 2.7303 0.0000 0.0000 1224.0000 370.0000 1.5075 1.5946 4.0477 0.2559 1.6262 0.3162 3.1132 0.0745
Car 0.0000 0 -3.1171 0.0000 0.0000 1224.0000 370.0000 1.5514 1.6561 3.5768 2.0678 1.5986 -0.0194 -1.6908 0.0739
Car 0.0000 0 3.3266 0.0000 0.0000 1224.0000 370.0000 1.5548 1.6185 4.1654 -0.1186 1.6240 0.1396 3.0789 0.0738
Car 0.0000 0 -2.9454 0.0000 0.0000 1224.0000 370.0000 1.5235 1.6350 3.4266 2.0908 1.6088 0.0956 -1.5709 0.0723
Car 0.0000 0 -0.3658 0.0000 0.0000 1224.0000 370.0000 1.5456 1.6018 3.7753 2.3721 1.5966 -0.1711 1.1424 0.0712
Car 0.0000 0 3.1727 0.0000 0.0000 1224.0000 370.0000 1.5066 1.5916 4.1757 -0.1299 1.5969 0.2998 2.9705 0.0697
Car 0.0000 0 0.6820 0.0000 0.0000 1224.0000 370.0000 1.4449 1.5177 3.4632 1.4439 1.6245 0.3592 1.8128 0.0693
Car 0.0000 0 0.0657 99.9143 0.0000 1224.0000 370.0000 1.5234 1.6527 3.5115 -1.2518 1.6362 0.0200 -1.2355 0.0675
Car 0.0000 0 -1.8049 771.6977 157.2045 810.4536 182.7962 1.6514 1.6579 3.8894 12.4711 0.1495 47.5817 -1.5484 0.0674
Pedestrian 0.0000 0 -1.3811 997.5096 159.5890 1026.2676 228.2883 1.6957 0.5712 0.3571 10.1896 1.1812 17.7681 -0.8665 0.0660
Car 0.0000 0 -0.3382 0.0000 0.0000 1224.0000 370.0000 1.5126 1.6025 3.6418 2.3737 1.5808 -0.1155 1.1467 0.0645
Car 0.0000 0 0.8808 0.0000 0.0000 1224.0000 370.0000 1.4917 1.5824 3.5614 1.2684 1.6610 0.4639 1.8977 0.0631
Car 0.0000 0 2.9363 0.0000 0.0000 1224.0000 370.0000 1.4663 1.5664 3.6507 -1.8549 1.6585 0.3164 1.6994 0.0621
Car 0.0000 0 -1.7392 768.5397 156.9082 803.3418 182.5808 1.6548 1.6285 3.9170 12.1310 0.1355 47.5872 -1.4893 0.0614
Pedestrian 0.0000 0 -1.3379 995.9526 160.6253 1026.3518 228.2474 1.6668 0.5893 0.3942 10.1707 1.1785 17.7677 -0.8240 0.0607
Car 0.0000 0 4.2725 0.0000 0.0000 1224.0000 370.0000 1.4461 1.5683 3.9064 -1.4352 1.6503 0.1848 3.0437 0.0604
Car 0.0000 0 0.8333 0.0000 0.0000 1224.0000 370.0000 1.4597 1.5210 3.5868 1.4572 1.6725 0.5410 1.8703 0.0592
Car 0.0000 0 -1.7355 773.6503 153.0410 809.8305 180.2606 1.7515 1.6916 4.1608 12.5408 -0.0156 47.6805 -1.4780 0.0583
Car 0.0000 0 -2.9367 741.0666 156.9130 806.4030 181.9886 1.6103 1.6543 3.9702 11.2118 0.0969 46.9920 -2.7022 0.0565
Car 0.0000 0 3.0271 0.0000 0.0000 1224.0000 370.0000 1.4748 1.6579 3.7831 -1.3085 1.6643 -0.0454 1.6672 0.0556
Car 0.0000 0 3.3230 0.0000 0.0000 1224.0000 370.0000 1.6259 1.6521 4.1348 -0.0747 1.5639 0.0350 3.1233 0.0545
Car 0.0000 0 -2.8704 745.6367 156.8663 809.5399 182.0794 1.6165 1.6327 3.8268 11.4582 0.1026 46.9751 -2.6308 0.0541
Car 0.0000 0 -1.7705 773.3979 154.7552 811.8171 181.2760 1.7080 1.7100 4.1235 12.5863 0.0513 47.6404 -1.5120 0.0528
Car 0.0000 0 4.2130 0.0000 0.0000 1224.0000 370.0000 1.5050 1.6417 3.9189 -2.4922 1.7542 0.8117 3.0709 0.0517
Car 0.0000 0 -2.6861 740.4892 156.7036 811.3206 182.5488 1.6579 1.6812 4.3114 11.4166 0.1328 47.3730 -2.4493 0.0492
Car 0.0000 0 2.0341 0.0000 0.0000 1224.0000 370.0000 1.4773 1.5894 3.6386 2.0638 1.6243 0.8075 3.1052 0.0471
Pedestrian 0.0000 0 -3.3776 844.0012 162.2851 883.9510 259.8803 1.7046 0.4520 0.5754 4.5654 1.3881 12.5993 -3.0362 0.0455
Car 0.0000 0 0.0558 0.0000 0.0000 1224.0000 370.0000 1.5529 1.6672 3.5491 -1.1771 1.6298 -0.2334 -1.4369 0.0445
Car 0.0000 0 -2.9361 0.0000 0.0000 1224.0000 370.0000 1.4605 1.6517 3.6315 1.9612 1.6148 0.4956 -1.7593 0.0437
Car 0.0000 0 -2.7071 747.3696 157.3019 813.4390 182.2754 1.6045 1.6149 3.9784 11.7072 0.1154 47.2987 -2.4642 0.0433
Car 0.0000 0 -1.6404 782.2164 154.5375 813.0491 180.7485 1.6825 1.7129 4.0799 12.9101 0.0173 47.5497 -1.3751 0.0409
Car 0.0000 0 3.2270 0.0000 0.0000 1224.0000 370.0000 1.4854 1.5826 4.0581 -0.1575 1.6074 0.3453 2.9987 0.0401
Car 0.0000 0 -2.4556 0.0000 0.0000 1224.0000 370.0000 1.4582 1.5865 3.7171 1.6650 1.6309 0.7252 -1.4452 0.0394
Car 0.0000 0 -1.5747 783.2281 152.2853 810.5613 179.8457 1.7640 1.7000 4.1759 12.9043 -0.0448 47.5935 -1.3097 0.0394
Car 0.0000 0 -1.7915 766.7533 156.4809 805.8195 182.1858 1.6572 1.6872 4.0942 12.1631 0.1100 47.6507 -1.5413 0.0394
Car 0.0000 0 -1.5606 782.9669 151.0560 810.6685 179.9152 1.8509 1.7265 4.2096 12.9581 -0.0400 47.6940 -1.2951 0.0391
Car 0.0000 0 3.5529 0.0000 0.0000 1224.0000 370.0000 1.5095 1.6730 3.8540 -2.7284 1.6992 0.3204 2.2154 0.0385
Car 0.0000 0 3.2144 0.0000 0.0000 1224.0000 370.0000 1.4738 1.5681 4.2191 -0.0754 1.6258 0.2338 3.0828 0.0385
Car 0.0000 0 -2.0283 0.0000 0.0000 1224.0000 370.0000 1.4653 1.6062 3.7090 -2.1100 1.7603 0.7664 -3.1211 0.0385
Pedestrian 0.0000 0 -1.3513 791.2661 159.4788 805.1945 187.9044 1.8181 0.7502 0.6242 12.4819 0.4749 45.6680 -1.0845 0.0383
Car 0.0000 0 -1.8381 761.3334 156.0196 802.1459 181.8488 1.6640 1.6811 3.9094 11.8249 0.0882 47.5189 -1.5939 0.0376
Car 0.0000 0 3.6663 0.0000 0.0000 1224.0000 370.0000 1.5497 1.6292 4.0557 -2.7913 1.6960 0.0828 2.2416 0.0360
Pedestrian 0.0000 0 -0.4800 841.8994 160.1215 884.3655 259.5365 1.7352 0.4711 0.5548 4.5549 1.3812 12.6079 -0.1396 0.0338
Car 0.0000 0 -1.6153 783.7756 155.4696 812.8256 181.1776 1.6495 1.6967 4.0648 12.9523 0.0448 47.5298 -1.3491 0.0336
Car 0.0000 0 -1.8060 772.9635 156.4958 812.9453 182.2605 1.6600 1.6877 4.0882 12.6014 0.1148 47.6132 -1.5471 0.0336
Car 0.0000 0 -2.6667 738.1709 155.6583 809.8016 181.7430 1.6702 1.7102 4.3635 11.2766 0.0809 47.3364 -2.4324 0.0330
Car 0.0000 0 -0.0014 747.0862 157.2031 813.5108 182.6583 1.6382 1.6972 4.1937 11.5847 0.1402 46.8243 0.2414 0.0319
Car 0.0000 0 -0.3491 0.0000 0.0000 1224.0000 370.0000 1.5096 1.5056 4.0381 0.0522 1.6495 0.6706 -0.2947 0.0318
Cyclist 0.0000 0 -0.3797 0.0000 0.0000 1224.0000 370.0000 1.7283 0.5501 1.8768 -1.1076 1.5864 0.3022 -1.4339 0.0310
Cyclist 0.0000 0 2.8024 0.0000 0.0000 1224.0000 370.0000 1.7620 0.5795 2.0230 -1.0678 1.5907 -0.1199 1.4221 0.0308
Car 0.0000 0 3.6730 0.0000 0.0000 1224.0000 370.0000 1.5918 1.6379 4.1863 -2.6898 1.6538 -0.3015 2.1120 0.0302
Car 0.0000 0 -2.2947 0.0000 0.0000 1224.0000 370.0000 1.4664 1.5412 3.8020 1.6296 1.6596 0.8086 -1.3294 0.0300
Car 0.0000 0 3.2862 0.0000 0.0000 1224.0000 370.0000 1.4677 1.6167 3.6214 -2.3071 1.7017 0.4093 2.0245 0.0291
Cyclist 0.0000 0 3.1520 0.0000 0.0000 1224.0000 370.0000 1.6523 0.5750 1.7537 -1.7188 1.6840 0.2552 1.9075 0.0288
Car 0.0000 0 -0.6630 768.7681 157.6381 834.4867 182.8221 1.6273 1.6294 4.0926 13.1343 0.1514 47.2166 -0.3916 0.0279
Car 0.0000 0 3.2059 0.0000 0.0000 1224.0000 370.0000 1.4708 1.5607 3.6931 -2.2052 1.7008 0.1270 1.8380 0.0267
Car 0.0000 0 2.7740 13.2154 0.0000 1224.0000 370.0000 1.4287 1.5153 3.3956 -1.4672 1.6882 0.4964 1.7143 0.0261
Car 0.0000 0 -2.9473 0.0000 0.0000 1224.0000 370.0000 1.5247 1.5929 4.1884 -0.1781 1.6439 0.6853 -3.1200 0.0257
Car 0.0000 0 -1.4219 783.2570 151.5336 819.3317 180.3524 1.8432 1.7339 4.1887 13.2313 -0.0091 47.5062 -1.1502 0.0248
Cyclist 0.0000 0 3.1188 0.0000 0.0000 1224.0000 370.0000 1.7562 0.5699 1.9976 -1.4430 1.6214 -0.0027 1.7687 0.0245
Car 0.0000 0 0.4423 0.0000 0.0000 1224.0000 370.0000 1.3913 1.4650 3.3752 14.7495 1.1341 0.4833 1.9599 0.0240
Pedestrian 0.0000 0 -1.1185 827.7177 160.9910 867.6687 259.4348 1.6987 0.4872 0.5395 4.2690 1.3637 12.5589 -0.7967 0.0238
Cyclist 0.0000 0 3.2752 0.0000 0.0000 1224.0000 370.0000 1.6728 0.5868 1.8088 -2.1647 1.6603 0.2273 1.9552 0.0236
Car 0.0000 0 -1.6986 782.8160 156.7645 816.0539 182.0759 1.6235 1.6523 3.9420 12.9923 0.1024 47.4133 -1.4310 0.0232
Pedestrian 0.0000 0 -1.9534 983.5259 156.2738 1014.7294 225.3938 1.7138 0.5730 0.4059 9.8607 1.1147 17.7610 -1.4525 0.0226
Car 0.0000 0 -1.4956 785.8218 152.6589 817.2714 180.8469 1.8020 1.7241 4.1993 13.2335 0.0235 47.4619 -1.2236 0.0224
Pedestrian 0.0000 0 1.0616 200.2518 149.8228 270.2533 301.9806 1.9167 0.4515 0.8849 -4.9358 1.5319 9.3355 0.5910 0.0223
Car 0.0000 0 -0.1584 755.9175 157.8375 823.6630 182.6763 1.6044 1.6687 4.1140 12.1559 0.1419 46.6941 0.0965 0.0221
Car 0.0000 0 -2.2664 0.0000 0.0000 1224.0000 370.0000 1.4745 1.6063 4.0162 -0.7860 1.6663 0.6366 -2.9508 0.0221
Pedestrian 0.0000 0 1.2861 214.4973 157.3628 273.3877 304.0127 1.7726 0.4403 0.9075 -4.6670 1.4946 9.0238 0.8249 0.0220
Pedestrian 0.0000 0 -1.2118 790.9615 159.6163 805.5576 187.9411 1.8119 0.7374 0.6255 12.4904 0.4773 45.6942 -0.9450 0.0213
Car 0.0000 0 0.8439 303.3174 0.0000 1224.0000 370.0000 1.5078 1.6159 3.8193 0.6428 1.6734 0.0448 1.8961 0.0212
Car 0.0000 0 0.4360 0.0000 0.0000 1224.0000 370.0000 1.3553 1.4693 3.4538 14.6552 1.2101 0.2413 1.9697 0.0209
Car 0.0000 0 2.5228 0.0000 0.0000 1224.0000 370.0000 1.4672 1.5097 3.7415 0.6460 1.6781 0.6758 3.0983 0.0202
Car 0.0000 0 0.5022 0.0000 0.0000 1224.0000 370.0000 1.3617 1.4532 3.3611 14.7108 1.0949 0.2204 2.0375 0.0201
Cyclist 0.0000 0 1.2763 993.9120 162.3042 1048.9177 231.2264 1.6128 0.6820 1.7316 10.2128 1.1886 17.4607 1.7993 0.0198
Car 0.0000 0 -1.5005 785.6777 151.2778 816.9567 180.1788 1.8539 1.7362 4.3177 13.2937 -0.0215 47.7286 -1.2287 0.0198
Pedestrian 0.0000 0 -1.0796 1000.9376 160.9072 1034.4843 230.3631 1.6885 0.5939 0.4152 10.2032 1.2138 17.5452 -0.5590 0.0195
Car 0.0000 0 2.7724 48.1569 0.0000 1224.0000 370.0000 1.4661 1.5205 3.2919 -1.5123 1.7427 0.6273 1.7640 0.0191
Car 0.0000 0 -1.4934 787.7815 154.6475 818.8990 180.9465 1.6816 1.6967 4.1301 13.3456 0.0299 47.4366 -1.2190 0.0190
Car 0.0000 0 -2.6751 0.0000 0.0000 1224.0000 370.0000 1.5760 1.6294 3.8164 5.6014 1.5189 -0.1625 -1.1316 0.0189
Car 0.0000 0 -0.4715 93.5639 0.0000 1224.0000 370.0000 1.4400 1.5825 3.5642 -1.1815 1.6889 0.4707 -1.4490 0.0187
Car 0.0000 0 -2.3569 1123.1599 154.0695 1224.0000 217.0069 1.6391 1.7180 4.0150 17.4249 0.9523 20.4833 -1.6581 0.0187
Car 0.0000 0 -2.6069 1115.8881 153.2968 1224.0000 217.0090 1.6283 1.6871 3.8604 17.0928 0.9347 20.1662 -1.9099 0.0185
Car 0.0000 0 -2.4794 1126.4580 155.1192 1224.0000 217.2293 1.6099 1.6647 3.6403 17.3021 0.9536 20.2753 -1.7790 0.0183
Car 0.0000 0 -2.2193 1143.1051 155.2556 1224.0000 216.9230 1.6133 1.6370 3.8083 17.7171 0.9544 20.4416 -1.5113 0.0183
Car 0.0000 0 -1.5507 791.1308 155.8206 818.0308 181.0555 1.6140 1.6560 3.9671 13.4010 0.0369 47.3551 -1.2749 0.0183
Car 0.0000 0 -2.8633 0.0000 0.0000 1224.0000 370.0000 1.5169 1.6085 4.2513 -0.1623 1.6359 0.6101 -3.0332 0.0182
Car 0.0000 0 -0.9638 0.0000 0.0000 1224.0000 370.0000 1.4434 1.5627 3.6980 9.6774 1.5286 0.2978 0.5444 0.0180
Car 0.0000 0 -0.3907 0.0000 0.0000 1013.2325 370.0000 1.5894 1.6459 3.5149 -0.7170 1.5752 -0.1632 -1.7389 0.0180
Car 0.0000 0 -2.1064 1185.2124 153.3271 1224.0000 217.2550 1.5877 1.5517 3.3556 17.7553 0.9144 19.3533 -1.3706 0.0179
Car 0.0000 0 -2.6840 1120.1863 154.7255 1224.0000 217.4300 1.5901 1.6859 3.7843 17.0887 0.9381 19.9963 -1.9831 0.0178
Pedestrian 0.0000 0 -1.8407 232.4917 163.6344 285.1519 298.5033 1.6997 0.4181 0.8667 -4.6453 1.4888 9.3697 -2.2858 0.0178
Car 0.0000 0 -1.5001 791.3848 149.8126 822.9719 180.3401 1.9472 1.7391 4.2983 13.6054 -0.0100 47.4367 -1.2207 0.0177
Cyclist 0.0000 0 -2.0551 840.3834 161.6330 911.9026 266.6880 1.6851 0.3777 1.7193 4.5989 1.3841 12.2129 -1.7017 0.0176
Car 0.0000 0 -2.8491 0.0000 0.0000 1224.0000 370.0000 1.5244 1.6115 4.2215 -0.1674 1.6284 0.6176 -3.0228 0.0176
Cyclist 0.0000 0 1.5545 988.8325 160.9593 1020.6239 230.3532 1.6230 0.6389 1.6558 9.7890 1.1675 17.4120 2.0606 0.0174
Car 0.0000 0 -0.8309 774.4249 156.1844 839.9234 181.6231 1.6314 1.7295 4.3434 13.5214 0.0734 47.2143 -0.5519 0.0174
Car 0.0000 0 3.3670 0.0000 167.2007 33.0776 200.2841 1.4452 1.6486 4.2724 -29.3062 0.8657 32.6290 2.6419 0.0174
Car 0.0000 0 3.3135 0.0000 166.8499 28.9901 199.9017 1.4414 1.6199 4.0380 -29.2789 0.8476 32.5792 2.5881 0.0171
Cyclist 0.0000 0 0.6273 0.0000 0.0000 1224.0000 370.0000 1.6842 0.5713 1.9812 1.1440 1.5970 0.2850 1.7110 0.0169
Pedestrian 0.0000 0 -0.6826 1000.7977 162.1083 1036.7574 230.8480 1.6674 0.6288 0.4761 10.1963 1.2229 17.4944 -0.1611 0.0169
Car 0.0000 0 -2.5315 0.0000 0.0000 1224.0000 370.0000 1.5351 1.6297 3.8699 5.6182 1.4964 -0.1615 -0.9881 0.0169
Car 0.0000 0 3.0050 0.0000 165.3858 24.9830 200.6887 1.4998 1.6510 4.0296 -29.1116 0.8592 32.1033 2.2753 0.0166
Car 0.0000 0 -2.4000 1124.6652 154.1647 1224.0000 216.7097 1.6248 1.6903 3.8697 17.3762 0.9422 20.3901 -1.7003 0.0165
Car 0.0000 0 3.2395 0.0000 165.0843 24.5499 199.9045 1.4917 1.6876 4.4243 -29.4324 0.8328 32.2757 2.5070 0.0164
Car 0.0000 0 -3.3350 0.0000 0.0000 1224.0000 370.0000 1.4752 1.6108 3.5341 9.5843 1.5454 -0.1784 -1.7778 0.0164
Car 0.0000 0 3.1708 0.0000 165.0410 25.8198 199.7859 1.4876 1.6529 4.2542 -29.2197 0.8272 32.2702 2.4417 0.0164
Car 0.0000 0 3.3737 0.0000 166.7389 31.8774 199.8065 1.4423 1.6792 4.4002 -29.4423 0.8435 32.6179 2.6461 0.0162
Car 0.0000 0 -0.5662 0.0000 0.0000 1135.4161 370.0000 1.4604 1.5699 3.2291 -0.8133 1.6219 0.0240 -1.7310 0.0162
Car 0.0000 0 3.6737 0.0000 170.7701 46.8820 201.6787 1.4060 1.6909 4.3082 -29.2964 0.9648 33.3782 2.9600 0.0162
Car 0.0000 0 3.1707 0.0000 165.1377 25.9193 199.5683 1.4771 1.6314 4.1646 -29.1740 0.8195 32.2923 2.4428 0.0160
Car 0.0000 0 3.5532 0.0000 168.0126 37.7977 199.8544 1.4192 1.7034 4.3846 -29.5004 0.8641 32.9908 2.8302 0.0158
Car 0.0000 0 -0.3718 774.5279 157.3870 841.0754 181.5414 1.5633 1.6641 3.8909 13.3845 0.0687 46.7642 -0.0930 0.0157
Car 0.0000 0 -2.3683 1123.4996 154.0601 1224.0000 216.5890 1.6300 1.6811 3.9930 17.4317 0.9423 20.4955 -1.6696 0.0154
Car 0.0000 0 -1.4124 790.6057 151.4882 826.8840 180.2419 1.8287 1.6959 4.1552 13.6555 -0.0168 47.2449 -1.1310 0.0154
Car 0.0000 0 -2.1373 1143.8667 154.0171 1224.0000 216.5313 1.6368 1.7091 3.9539 17.8130 0.9450 20.5848 -1.4300 0.0154
Pedestrian 0.0000 0 -2.1199 0.0000 0.0000 1224.0000 370.0000 1.7641 0.6978 0.7291 3.7641 1.6134 -0.2262 -0.5734 0.0153
Car 0.0000 0 -0.3726 751.1452 158.0974 822.0195 183.4941 1.6276 1.6617 4.1850 11.8856 0.1932 46.3874 -0.1216 0.0152
Car 0.0000 0 -2.3827 0.0000 170.5012 51.0155 201.1010 1.4202 1.6731 4.3072 -29.2301 0.9576 33.7572 -3.0898 0.0152
Car 0.0000 0 2.8008 0.0000 166.1974 28.6485 200.6054 1.4446 1.6038 3.9818 -28.7216 0.8456 31.8114 2.0733 0.0151
Car 0.0000 0 -0.7706 777.7560 154.2015 848.3468 179.7719 1.6358 1.7679 4.5826 13.8997 -0.0492 47.1813 -0.4841 0.0150
Car 0.0000 0 -0.5175 777.3987 155.7558 846.9785 180.7207 1.6081 1.7143 4.1146 13.7121 0.0156 46.8478 -0.2327 0.0147
Car 0.0000 0 3.7011 0.0000 168.6575 43.9793 200.1003 1.4290 1.7356 4.4541 -29.4919 0.8922 33.3365 2.9834 0.0147
Car 0.0000 0 3.0341 0.0000 165.2498 27.9026 200.5426 1.5049 1.6414 4.1348 -29.1235 0.8561 32.2278 2.3060 0.0146
Car 0.0000 0 3.4537 0.0000 168.1741 37.4651 200.3392 1.4285 1.6665 4.0024 -29.2279 0.8825 32.9525 2.7348 0.0146
Car 0.0000 0 0.2329 0.0000 0.0000 1224.0000 370.0000 1.3367 1.4503 3.4118 14.4861 1.1359 -0.0829 1.7885 0.0144
Car 0.0000 0 -2.3515 0.0000 168.0698 47.7512 199.4803 1.4528 1.7130 4.4960 -29.4436 0.8793 33.7280 -3.0627 0.0143
Pedestrian 0.0000 0 2.1584 838.7134 167.1748 878.9062 259.8866 1.6505 0.4823 0.5272 4.5999 1.4149 12.9335 2.4941 0.0143
Pedestrian 0.0000 0 -0.3259 829.6349 163.2659 869.5201 259.0397 1.6704 0.4619 0.5477 4.2951 1.3715 12.5582 -0.0024 0.0142
Car 0.0000 0 -2.1450 1143.5834 154.0244 1224.0000 216.0982 1.6276 1.6826 3.9527 17.8169 0.9350 20.6040 -1.4381 0.0142
Car 0.0000 0 -0.5304 136.8454 0.0000 1224.0000 370.0000 1.4439 1.5482 3.4620 -1.2407 1.7348 0.6947 -1.4129 0.0142
Car 0.0000 0 -2.1669 333.4478 0.0000 1224.0000 370.0000 1.5710 1.6279 3.7024 0.2489 1.5501 -0.0683 -1.3900 0.0142
Pedestrian 0.0000 0 -0.8824 786.5859 157.6488 802.3754 186.5475 1.8477 0.7080 0.6905 12.2439 0.3880 45.6910 -0.6205 0.0139
Car 0.0000 0 -2.9593 308.0381 0.0000 1182.8076 370.0000 1.6343 1.6440 3.8396 0.2313 1.5211 -0.3004 -1.4885 0.0137
Car 0.0000 0 0.3508 0.0000 0.0000 1224.0000 370.0000 1.4362 1.5265 3.5016 14.5899 1.2139 -0.0810 1.9064 0.0137
Car 0.0000 0 -3.2907 0.0000 0.0000 1224.0000 370.0000 1.4019 1.6527 3.5264 9.7687 1.5300 -0.1641 -1.7347 0.0136
Car 0.0000 0 0.7785 0.0000 258.8042 1224.0000 370.0000 1.5469 1.6569 4.1975 -1.5190 1.7726 1.1334 -0.0268 0.0136
Car 0.0000 0 -0.6309 1142.9564 154.7134 1224.0000 216.9550 1.6476 1.7005 3.7495 17.5418 0.9666 19.7259 0.0896 0.0135
Car 0.0000 0 3.6848 0.0000 170.2713 45.8233 201.1667 1.4070 1.6843 4.0478 -29.1858 0.9426 33.3652 2.9727 0.0135
Car 0.0000 0 -2.0823 0.0000 167.8324 50.2883 200.2484 1.4948 1.6864 4.2781 -29.1325 0.9121 34.1402 -2.7822 0.0135
Pedestrian 0.0000 0 -0.1952 986.9658 153.3108 1013.1174 223.1912 1.7211 0.6061 0.4604 9.8856 1.0530 17.7671 0.3067 0.0135
Car 0.0000 0 -3.1189 0.0000 0.0000 1224.0000 370.0000 1.4193 1.6423 3.2808 9.8742 1.5086 -0.1053 -1.5686 0.0134
Car 0.0000 0 -2.3083 0.0000 169.6616 48.5595 200.6096 1.4292 1.6884 4.1336 -29.1886 0.9302 33.7467 -3.0149 0.0133
Car 0.0000 0 -1.3492 791.2581 153.6106 830.9016 180.4351 1.7071 1.6893 4.0618 13.7946 -0.0032 47.1891 -1.0647 0.0132
Pedestrian 0.0000 0 -1.0080 837.9481 166.8561 879.4932 260.9679 1.6712 0.4965 0.5559 4.5929 1.4305 12.9176 -0.6724 0.0130
Pedestrian 0.0000 0 -0.9013 786.7864 157.4827 802.7334 186.4305 1.8492 0.6998 0.7183 12.2532 0.3802 45.6577 -0.6390 0.0130
Car 0.0000 0 -1.4111 0.0000 0.0000 1224.0000 370.0000 1.4641 1.7238 4.0124 9.7182 1.4334 0.7273 0.0535 0.0130
Car 0.0000 0 -3.5369 1122.5792 154.4020 1224.0000 217.1660 1.6477 1.6742 3.8558 17.1630 0.9642 19.9408 -2.8325 0.0128
Car 0.0000 0 2.3582 0.0000 181.3746 111.0995 239.2665 1.4970 1.6902 4.2688 -16.8854 1.5267 20.5580 1.6799 0.0127
Car 0.0000 0 1.6792 0.0000 0.0000 1224.0000 370.0000 1.4182 1.5178 3.6625 9.2954 1.4415 0.7290 3.1388 0.0126
Car 0.0000 0 -0.7106 0.0000 0.0000 1224.0000 370.0000 1.4831 1.6251 3.3410 -0.8529 1.6877 0.2685 -1.6732 0.0126
Car 0.0000 0 -2.2799 0.0000 169.3333 50.2773 201.1363 1.4680 1.6703 4.1411 -29.0920 0.9540 33.7816 -2.9843 0.0125
Car 0.0000 0 -1.8879 1176.5795 155.1758 1224.0000 216.3206 1.6025 1.6062 3.7500 18.2514 0.9404 20.5657 -1.1681 0.0124
Car 0.0000 0 -2.2003 1155.3778 152.8797 1224.0000 216.5036 1.6433 1.6641 3.6064 17.7647 0.9315 20.1261 -1.4833 0.0122
Pedestrian 0.0000 0 1.5152 0.0000 0.0000 1224.0000 370.0000 1.7379 0.6102 0.6700 3.7743 1.6391 0.0764 2.9820 0.0121
Car 0.0000 0 0.4467 0.0000 0.0000 1224.0000 370.0000 1.3738 1.5564 3.5338 15.2048 1.0397 1.4002 1.9061 0.0121
Cyclist 0.0000 0 3.0756 0.0000 0.0000 1224.0000 370.0000 1.6421 0.5646 1.7756 -1.4580 1.6936 0.3744 1.9527 0.0121
Car 0.0000 0 -1.6721 267.0819 0.0000 1022.2390 370.0000 1.4681 1.5856 3.7007 0.1467 1.5863 0.3253 -1.4466 0.0120
Car 0.0000 0 -1.1051 1188.0907 151.1009 1224.0000 215.0943 1.6439 1.7313 4.0003 18.4584 0.8903 19.6702 -0.3579 0.0119
Car 0.0000 0 -3.2730 0.0000 0.0000 1224.0000 370.0000 1.4266 1.6775 3.4050 10.0121 1.4704 -0.1926 -1.7137 0.0118
Car 0.0000 0 -2.5213 1108.5271 154.6966 1224.0000 216.9044 1.6029 1.6580 4.1768 17.1537 0.9396 20.4445 -1.8292 0.0116
Car 0.0000 0 -2.7976 0.0000 0.0000 1224.0000 370.0000 1.6248 1.6846 3.9851 5.6709 1.5871 0.0193 -1.2856 0.0115
Pedestrian 0.0000 0 -2.0945 0.0000 0.0000 1224.0000 370.0000 1.8076 0.7229 0.7006 3.7683 1.6208 -0.2187 -0.5499 0.0114
Car 0.0000 0 -1.9556 0.0000 0.0000 895.0347 370.0000 1.4640 1.6003 3.8490 -1.6261 1.7389 0.7248 -2.9526 0.0114
Car 0.0000 0 1.6194 882.3071 179.8770 976.5540 259.0222 1.3490 1.5021 3.4953 6.4156 1.3401 13.9445 2.0436 0.0113
Car 0.0000 0 0.4210 0.0000 0.0000 1224.0000 370.0000 1.3674 1.4495 3.6739 14.4057 1.2677 -0.1234 1.9794 0.0113
Car 0.0000 0 1.3381 648.2791 170.8846 710.0439 209.0324 1.4750 1.6539 4.0526 2.9843 1.1047 29.4503 1.4397 0.0113
Car 0.0000 0 1.3539 648.3630 170.6849 707.8808 208.6283 1.4859 1.6512 4.0296 2.9785 1.1031 29.7815 1.4543 0.0113
Car 0.0000 0 1.4514 665.6154 173.8079 717.4286 212.2314 1.4448 1.6014 3.9640 3.3999 1.1946 28.5631 1.5703 0.0112
Car 0.0000 0 1.3624 659.0873 173.0393 717.0791 210.1969 1.4545 1.6156 3.9978 3.3946 1.1639 29.7373 1.4765 0.0112
Car 0.0000 0 1.4111 663.0861 173.6226 717.9716 211.5145 1.4442 1.6064 3.9650 3.4052 1.1836 28.9582 1.5286 0.0112
Car 0.0000 0 1.3774 660.7902 173.6734 717.9872 211.0166 1.4427 1.6095 3.9720 3.4042 1.1805 29.3536 1.4933 0.0112
Car 0.0000 0 1.4609 521.8915 171.1342 569.3458 207.4876 1.4654 1.6218 3.9085 -2.6476 1.0893 30.5691 1.3772 0.0112
Car 0.0000 0 -3.2918 0.0000 0.0000 1224.0000 370.0000 1.4383 1.6320 3.6677 9.6371 1.5708 -0.0199 -1.7510 0.0112
Car 0.0000 0 -3.3576 0.0000 0.0000 1224.0000 370.0000 1.4038 1.6612 3.5698 9.7654 1.5149 -0.1340 -1.8047 0.0110
Car 0.0000 0 -2.5846 1129.8783 155.7987 1224.0000 218.5722 1.5906 1.6786 3.7106 17.2536 0.9663 19.9332 -1.8774 0.0110
Car 0.0000 0 1.3580 639.5507 170.6570 698.9706 208.6878 1.4919 1.6646 4.0604 2.6113 1.1072 29.8487 1.4461 0.0109
Car 0.0000 0 0.4725 0.0000 0.0000 1224.0000 370.0000 1.3974 1.5506 3.4755 15.1609 1.0400 1.1150 1.9501 0.0109
Car 0.0000 0 1.3399 648.6604 170.8932 711.2067 209.6445 1.4779 1.6515 4.0922 2.9764 1.1130 29.0956 1.4425 0.0109
Car 0.0000 0 -3.0536 0.0000 0.0000 1224.0000 370.0000 1.3955 1.5734 3.5812 9.6636 1.4457 0.0470 -1.5196 0.0109
Car 0.0000 0 -0.7549 775.6887 155.7058 844.0013 181.4145 1.6501 1.7549 4.3571 13.6722 0.0600 47.1486 -0.4726 0.0108
Car 0.0000 0 -1.0916 1195.2467 152.7094 1224.0000 214.9268 1.6180 1.6846 4.0379 18.8257 0.8969 19.8481 -0.3390 0.0108
Car 0.0000 0 -2.4502 1113.4136 153.6434 1224.0000 216.0625 1.6192 1.6795 4.0091 17.1875 0.9241 20.4625 -1.7576 0.0107
Car 0.0000 0 -2.2691 1175.6799 154.1524 1224.0000 216.9827 1.5322 1.7102 3.7026 17.7039 0.8913 19.1226 -1.5289 0.0106
Car 0.0000 0 -0.7589 777.1696 154.5989 845.7101 180.0178 1.6283 1.7579 4.3786 13.7756 -0.0321 47.1370 -0.4745 0.0105
Car 0.0000 0 -1.9241 0.0000 0.0000 1224.0000 370.0000 1.5937 1.6550 3.7413 5.3503 1.5571 -0.1887 -0.3769 0.0102
Car 0.0000 0 1.3664 640.6465 170.9989 700.3648 209.3302 1.4855 1.6662 4.1310 2.6328 1.1188 29.5430 1.4561 0.0102
Car 0.0000 0 -2.5129 1114.7089 153.7237 1224.0000 216.6068 1.6171 1.6857 3.9700 17.1530 0.9301 20.3078 -1.8176 0.0102
Car 0.0000 0 -4.5446 0.0000 0.0000 1224.0000 370.0000 1.4217 1.5977 3.6637 9.9386 1.4087 0.6959 -3.0745 0.0097
Car 0.0000 0 -1.0930 194.5632 0.0000 1164.3367 370.0000 1.5242 1.6834 3.7412 -0.4560 1.6876 0.4587 -1.6194 0.0097
Car 0.0000 0 0.8041 0.0000 167.6334 118.0082 207.9083 1.6342 1.7066 4.4300 -23.2611 1.1136 29.8579 0.1492 0.0097
Cyclist 0.0000 0 0.6774 0.0000 0.0000 1224.0000 370.0000 1.6477 0.5701 1.9303 1.3968 1.6127 0.3686 1.7898 0.0096
Car 0.0000 0 1.8452 0.0000 167.0033 7.4454 197.1205 1.4679 1.6057 3.7068 -32.4693 0.8115 36.4739 1.1241 0.0096
Car 0.0000 0 -0.6595 0.0000 0.0000 868.5936 370.0000 1.5597 1.6126 3.4000 -0.2444 1.5498 -0.1866 -1.7134 0.0096
Cyclist 0.0000 0 0.9772 985.6741 164.4300 1049.7302 230.2433 1.5750 0.6322 1.5220 10.2623 1.1920 17.6978 1.4966 0.0095
Car 0.0000 0 2.3321 0.0000 184.6921 114.6037 242.0028 1.4841 1.6150 4.0231 -16.7062 1.6206 20.6842 1.6618 0.0095
Car 0.0000 0 1.3388 639.8632 170.8495 702.7145 209.6002 1.4818 1.6590 4.1531 2.6298 1.1143 29.2048 1.4293 0.0093
Car 0.0000 0 0.7650 0.0000 168.8888 114.1015 207.4897 1.5740 1.6576 4.1694 -23.3440 1.1020 29.8755 0.1087 0.0093
Car 0.0000 0 1.0911 0.0000 0.0000 1061.3988 370.0000 1.4796 1.6565 3.5776 0.6617 1.7384 0.7989 1.6250 0.0093
Car 0.0000 0 -2.5919 0.0000 0.0000 1224.0000 370.0000 1.3443 1.4890 3.3242 14.8828 1.1628 0.3831 -1.0671 0.0091
Cyclist 0.0000 0 -0.4506 0.0000 0.0000 1224.0000 370.0000 1.6883 0.4891 1.6592 -1.0564 1.6937 0.7514 -1.2260 0.0091
Pedestrian 0.0000 0 0.0167 0.0000 0.0000 1224.0000 370.0000 1.6264 0.5241 0.5262 -6.6813 1.5278 0.1435 -1.4826 0.0090
Car 0.0000 0 0.8068 0.0000 169.4039 119.7270 209.0420 1.6065 1.7331 4.4692 -23.2045 1.1583 29.8475 0.1529 0.0090
Pedestrian 0.0000 0 -1.6086 791.7120 159.2728 802.7951 187.2068 1.7959 0.6693 0.6202 12.4586 0.4325 45.8281 -1.3432 0.0090
Car 0.0000 0 2.0117 0.0000 170.1713 70.3150 202.7127 1.5036 1.6084 4.1110 -28.3280 1.0278 34.8518 1.3355 0.0088
Car 0.0000 0 -1.0185 0.0000 167.9800 87.6328 201.8855 1.5753 1.7105 4.4225 -28.0049 0.9951 35.1405 -1.6852 0.0088
Car 0.0000 0 -1.4196 1200.9911 151.6941 1224.0000 214.9397 1.6365 1.6614 4.2477 18.6454 0.8927 20.2736 -0.6822 0.0088
Car 0.0000 0 1.7125 0.0000 164.5900 57.6259 201.1729 1.5436 1.6162 4.1756 -26.1580 0.8738 32.0359 1.0346 0.0087
Car 0.0000 0 -2.9157 0.0000 0.0000 1224.0000 370.0000 1.5900 1.6906 3.8726 5.7372 1.6124 0.0020 -1.4000 0.0087
Car 0.0000 0 -1.0855 0.0000 165.2487 12.2493 199.1171 1.5611 1.7609 4.1409 -31.4161 0.8596 34.8067 -1.8133 0.0087
Pedestrian 0.0000 0 0.0508 0.0000 0.0000 1224.0000 370.0000 1.6129 0.5006 0.5295 -7.0457 1.5818 0.1435 -1.4522 0.0087
Pedestrian 0.0000 0 -1.6382 788.2700 158.9976 800.4276 187.3640 1.8256 0.7264 0.5304 12.2708 0.4431 45.8295 -1.3766 0.0087
Car 0.0000 0 -1.0566 0.0000 0.0000 1224.0000 370.0000 1.5250 1.5885 3.8523 16.3187 0.7488 1.3133 0.4156 0.0086
Car 0.0000 0 2.2232 0.0000 184.4826 111.5367 240.7267 1.4814 1.5597 3.6571 -16.5332 1.6101 20.7160 1.5588 0.0086
Car 0.0000 0 2.1910 0.0000 170.5987 82.8455 203.4831 1.5301 1.5704 3.9743 -27.9825 1.0708 34.9162 1.5216 0.0085
Car 0.0000 0 -1.0505 0.2216 0.0000 920.9340 370.0000 1.5315 1.6030 3.4677 -0.3752 1.5422 0.1107 -1.7585 0.0085
Pedestrian 0.0000 0 -1.5475 791.8530 159.2321 802.9561 187.3366 1.8063 0.6810 0.6044 12.4716 0.4407 45.8235 -1.2818 0.0085
Car 0.0000 0 -1.1320 0.0000 0.0000 1224.0000 370.0000 1.3887 1.6140 3.8387 10.5699 1.3853 -0.2916 0.4373 0.0085
Car 0.0000 0 1.3452 640.5349 170.4921 702.8558 209.7610 1.4828 1.6382 4.1072 2.6129 1.1064 28.8385 1.4363 0.0084
Car 0.0000 0 0.6569 0.0000 167.3977 126.7435 205.2620 1.5750 1.6729 4.3530 -23.2292 1.0315 30.2618 0.0092 0.0083
Car 0.0000 0 -0.5002 1124.7999 153.7645 1224.0000 213.4503 1.6076 1.6022 4.0993 17.5844 0.8891 20.2480 0.2088 0.0083
Car 0.0000 0 -1.3597 797.2083 150.7735 836.8480 180.2454 1.8751 1.7232 4.0631 14.1987 -0.0165 47.2130 -1.0676 0.0082
Car 0.0000 0 1.6234 881.9136 182.5152 974.8135 259.8265 1.3057 1.4800 3.5144 6.4006 1.3525 13.9361 2.0470 0.0082
Car 0.0000 0 1.7994 0.0000 168.2074 51.5683 202.2771 1.5627 1.6544 4.1382 -28.7041 1.0003 34.6467 1.1139 0.0081
Pedestrian 0.0000 0 -1.6902 788.1526 159.1469 800.6450 187.2308 1.8078 0.7206 0.5546 12.2754 0.4346 45.8349 -1.4285 0.0081
Car 0.0000 0 -0.8389 0.0000 0.0000 1224.0000 370.0000 1.4489 1.5745 3.5082 16.0222 0.8934 1.3949 0.6264 0.0081
Car 0.0000 0 -3.3264 1108.3776 153.5795 1224.0000 217.2278 1.6665 1.6570 4.2729 17.1233 0.9633 20.2747 -2.6312 0.0080
Car 0.0000 0 -0.8120 170.2361 0.0000 1224.0000 370.0000 1.4669 1.5734 3.2335 -0.7830 1.7075 0.6158 -1.5056 0.0080
Car 0.0000 0 2.5112 0.0000 176.7874 110.3671 216.1615 1.4684 1.5903 3.8976 -22.3920 1.3315 28.4563 1.8517 0.0079
Car 0.0000 0 -0.9916 0.0000 164.6077 10.1131 198.8366 1.5611 1.6990 4.1752 -31.3552 0.8377 34.4342 -1.7237 0.0079
Car 0.0000 0 1.5375 626.5344 172.0176 667.8167 209.5771 1.5028 1.6210 4.2438 1.7318 1.1649 30.4265 1.5955 0.0079
Pedestrian 0.0000 0 1.1209 969.9095 163.4699 1010.3197 240.6236 1.4755 0.5036 0.5424 7.4675 1.1515 13.7978 1.6092 0.0078
Car 0.0000 0 0.5801 4.5332 166.7311 114.4769 199.4989 1.5270 1.6532 3.9172 -26.1028 0.8868 33.9040 -0.0696 0.0078
Car 0.0000 0 -0.1970 782.6241 154.7840 853.8672 179.9577 1.6122 1.7431 4.2124 13.9385 -0.0351 46.3891 0.0949 0.0078
Car 0.0000 0 1.9155 0.0000 167.4177 13.6039 198.2141 1.4949 1.7242 3.7706 -32.2924 0.8613 36.3864 1.1958 0.0075
Car 0.0000 0 0.7233 0.0000 166.3426 127.4694 205.7240 1.6275 1.7151 4.4429 -23.1896 1.0439 30.2379 0.0760 0.0074
Car 0.0000 0 -0.7878 0.0000 165.3590 7.6209 201.4888 1.6370 1.6894 4.3667 -31.7028 0.9524 34.2480 -1.5281 0.0074
Car 0.0000 0 -1.0105 0.0000 0.0000 1224.0000 370.0000 1.4117 1.6522 4.1520 10.3354 1.4391 -0.2862 0.5582 0.0073
Car 0.0000 0 0.7339 0.0000 167.5140 126.4401 206.5815 1.6123 1.7358 4.4132 -23.2142 1.0779 30.2294 0.0859 0.0073
Car 0.0000 0 2.3927 1141.7478 155.3839 1224.0000 214.5476 1.5601 1.5911 3.7111 17.2069 0.8994 19.4943 3.1095 0.0073
Car 0.0000 0 -4.5754 0.0000 0.0000 1224.0000 370.0000 1.3993 1.5463 3.6454 9.5022 1.4901 0.6534 -3.1055 0.0073
Car 0.0000 0 1.9677 0.0000 170.0410 65.1700 202.5586 1.5004 1.5801 3.9309 -28.3521 1.0193 34.7265 1.2893 0.0073
Car 0.0000 0 -1.0446 0.0000 0.0000 1224.0000 370.0000 1.3674 1.6478 3.5311 10.2810 1.4330 0.1975 0.4770 0.0073
Car 0.0000 0 -1.9132 1171.7743 153.2756 1224.0000 215.5181 1.6264 1.6698 3.8956 18.2350 0.9166 20.5881 -1.1944 0.0072
Car 0.0000 0 -1.3740 750.4742 150.7968 783.6252 178.4134 2.1492 1.7911 4.5212 13.3063 -0.1766 57.8154 -1.1472 0.0072
Car 0.0000 0 1.9418 0.0000 170.3321 61.3537 202.7780 1.4913 1.5704 3.8819 -28.3669 1.0254 34.5801 1.2611 0.0072
Car 0.0000 0 -4.6051 0.0000 0.0000 1224.0000 370.0000 1.4370 1.6066 3.7290 9.4348 1.4089 0.6843 -3.1392 0.0071
Car 0.0000 0 2.3311 0.0000 184.3735 110.8907 240.1553 1.4462 1.6095 3.8731 -16.7036 1.5716 20.6029 1.6591 0.0071
Car 0.0000 0 -1.4001 861.5491 179.9420 983.0241 262.9910 1.4172 1.5948 3.8513 6.3891 1.4094 14.1049 -0.9815 0.0071
Car 0.0000 0 -0.0909 0.0000 0.0000 1224.0000 370.0000 1.4356 1.6695 3.7083 -30.0531 1.7467 -0.1425 -1.6541 0.0071
Car 0.0000 0 0.2946 3.1140 168.1324 118.2023 200.8177 1.5148 1.6878 4.1068 -26.2778 0.9431 34.2655 -0.3533 0.0071
Car 0.0000 0 2.1557 0.0000 170.7006 79.5797 203.4415 1.5193 1.5666 3.9216 -28.0090 1.0660 34.8254 1.4846 0.0071
Car 0.0000 0 1.9030 0.0000 170.4723 58.7167 203.0757 1.4959 1.5896 3.8476 -28.3794 1.0373 34.5161 1.2212 0.0070
Car 0.0000 0 2.2952 0.0000 170.4609 93.6858 203.5417 1.5416 1.5756 4.0073 -27.6428 1.0752 34.9925 1.6328 0.0070
Car 0.0000 0 -4.5247 0.0000 0.0000 1224.0000 370.0000 1.3996 1.6625 3.6874 9.4423 1.3944 0.7097 -3.0614 0.0070
Car 0.0000 0 -0.6138 454.9450 0.0000 1224.0000 370.0000 1.4943 1.6002 3.6843 -0.7936 1.7684 1.0968 -1.1225 0.0069
Car 0.0000 0 -1.3744 660.1657 149.1914 702.1232 180.7613 1.7729 1.7187 4.0029 4.5523 0.0161 41.8680 -1.2649 0.0069
Car 0.0000 0 0.0335 638.9014 152.8625 709.7911 181.3681 1.6042 1.7396 3.9985 4.0219 0.0502 40.9114 0.1327 0.0069
Car 0.0000 0 1.7187 0.0000 164.8471 58.1909 201.1464 1.5304 1.6306 4.1809 -26.1433 0.8719 32.0202 1.0407 0.0069
Car 0.0000 0 -1.4286 661.0497 150.3303 698.9020 181.1761 1.7326 1.6897 3.8781 4.4713 0.0394 41.7971 -1.3209 0.0068
Cyclist 0.0000 0 -1.6345 851.1885 162.3103 884.3391 264.3690 1.6838 0.4214 1.7397 4.6024 1.3854 12.5544 -1.2895 0.0068
Car 0.0000 0 -0.8060 0.0000 0.0000 1224.0000 370.0000 1.4322 1.7237 3.4527 15.8366 0.9670 1.4078 0.6573 0.0067
Car 0.0000 0 -3.4835 0.0000 0.0000 1224.0000 370.0000 1.5181 1.5873 3.5146 0.9200 1.7877 1.1378 -2.9205 0.0067
Car 0.0000 0 -0.4345 0.0000 0.0000 1224.0000 370.0000 1.4386 1.6238 3.5404 -29.6039 1.7149 -0.3271 -2.0038 0.0067
Car 0.0000 0 -4.0384 0.0000 0.0000 1224.0000 370.0000 1.4217 1.5478 3.7350 9.5191 1.5044 0.2598 -2.5273 0.0067
Car 0.0000 0 2.3814 0.0000 166.6781 16.5778 199.0020 1.5361 1.8143 3.6697 -32.0737 0.8807 35.4988 1.6530 0.0067
Car 0.0000 0 0.2883 2.7790 166.9176 122.6850 200.7107 1.5637 1.7306 4.2979 -26.1740 0.9367 34.2746 -0.3575 0.0067
Car 0.0000 0 -0.6316 0.0000 95.7864 243.8049 370.0000 2.0670 2.0655 5.2383 -6.5448 1.5316 7.2630 -1.3416 0.0066
Car 0.0000 0 2.3286 0.0000 184.2547 110.5169 239.8280 1.4447 1.5909 3.8251 -16.6953 1.5663 20.6166 1.6572 0.0066
Car 0.0000 0 0.1190 630.1726 152.8104 707.0601 181.6070 1.6154 1.7668 4.2568 3.7020 0.0635 40.9666 0.2104 0.0066
Car 0.0000 0 -0.2171 781.7589 154.1223 858.0333 179.7505 1.6439 1.7330 4.5242 14.0626 -0.0490 46.4482 0.0769 0.0066
Car 0.0000 0 -1.8941 1171.7408 151.7416 1224.0000 215.2644 1.6577 1.6675 3.9917 18.2284 0.9088 20.6094 -1.1760 0.0066
Car 0.0000 0 2.3306 0.0000 182.8355 110.3516 238.2529 1.4408 1.5574 3.8982 -16.6727 1.5169 20.5561 1.6584 0.0065
Car 0.0000 0 -4.3581 0.0000 0.0000 1224.0000 370.0000 1.3992 1.6495 3.8268 9.7179 1.4519 0.6617 -2.8868 0.0065
Car 0.0000 0 -2.4766 609.8387 152.9578 692.5204 182.8030 1.6663 1.7880 4.7839 2.6654 0.1300 41.7317 -2.4114 0.0065
Car 0.0000 0 2.1570 0.0000 171.3864 78.0267 204.1246 1.5126 1.5743 3.9366 -27.9990 1.0930 34.6917 1.4843 0.0064
Car 0.0000 0 -2.7352 599.8481 154.4883 683.7185 183.3524 1.6175 1.7513 4.5881 2.1346 0.1612 41.4189 -2.6822 0.0064
Pedestrian 0.0000 0 -1.5472 776.3192 161.6924 801.7763 232.0356 1.7337 0.6093 0.5098 4.5871 1.2718 17.7494 -1.2968 0.0064
Car 0.0000 0 -1.7122 1194.3799 154.1624 1224.0000 215.8907 1.6043 1.6269 3.3359 18.1145 0.9214 20.2112 -0.9877 0.0064
Car 0.0000 0 2.3795 1120.8765 157.4662 1224.0000 219.6821 1.6220 1.6755 4.1632 16.7600 1.0231 19.3797 3.0861 0.0064
Car 0.0000 0 -0.4977 779.4037 154.8412 849.7786 180.2641 1.6350 1.7422 4.1327 13.8458 -0.0147 46.7731 -0.2099 0.0064
Car 0.0000 0 2.2929 1032.3958 168.6860 1206.4197 227.6473 1.4805 1.6656 3.8541 13.7427 1.1854 18.9967 2.9129 0.0064
Car 0.0000 0 0.0263 0.0000 0.0000 1224.0000 370.0000 1.5896 1.6248 4.2121 -0.4054 1.7267 1.2342 -0.2272 0.0062
Car 0.0000 0 0.1678 0.0000 174.7572 125.7424 216.0397 1.5393 1.6863 4.3048 -21.7747 1.3267 28.1075 -0.4840 0.0062
Car 0.0000 0 2.3419 0.0000 171.6167 91.0609 204.0540 1.5002 1.5474 4.0020 -27.6543 1.0908 34.7660 1.6762 0.0061
Car 0.0000 0 -0.9878 0.0000 166.7252 11.9532 198.7008 1.4918 1.7846 3.8655 -31.7070 0.8506 35.0239 -1.7172 0.0061
Car 0.0000 0 0.2939 2.3338 170.6750 107.9449 202.7192 1.4880 1.6107 3.7302 -26.5403 1.0332 34.2372 -0.3592 0.0061
Car 0.0000 0 -0.6354 654.0843 150.1310 736.9409 180.9505 1.7256 1.8220 4.6509 5.3273 0.0266 41.5091 -0.5067 0.0061
Car 0.0000 0 2.1531 0.0000 171.7381 76.2461 204.3071 1.5018 1.5733 3.8742 -27.9930 1.0992 34.5986 1.4792 0.0061
Car 0.0000 0 -1.6537 1203.2894 149.9845 1224.0000 214.4183 1.6808 1.6865 3.9200 18.5742 0.8864 20.5111 -0.9239 0.0061
Car 0.0000 0 -0.8363 0.0000 165.0650 11.0599 200.0413 1.6093 1.7140 4.2019 -31.7262 0.9006 34.6280 -1.5716 0.0061
Car 0.0000 0 -1.5176 1214.4218 151.4554 1224.0000 215.6394 1.6560 1.7467 4.2313 18.8856 0.9082 20.3420 -0.7755 0.0061
Car 0.0000 0 1.6043 0.0000 165.9149 1.2159 196.4660 1.5142 1.6277 3.9772 -32.8168 0.7927 37.0925 0.8861 0.0060
Car 0.0000 0 -0.9248 0.0000 164.8194 13.0378 199.7236 1.6125 1.7894 4.2236 -31.7218 0.8896 34.8408 -1.6570 0.0060
Car 0.0000 0 1.7189 0.0000 166.0753 11.6963 197.6490 1.5676 1.6450 4.0558 -32.6861 0.8529 37.2523 1.0048 0.0060
Car 0.0000 0 0.1459 0.0000 174.5071 135.8031 217.2532 1.5899 1.7720 4.5429 -21.5183 1.3685 28.1584 -0.4995 0.0060
Car 0.0000 0 1.6848 0.0000 164.7797 11.4613 197.5001 1.6276 1.6624 4.1748 -32.7232 0.8471 37.3581 0.9715 0.0059
Car 0.0000 0 -3.3270 1108.7594 152.8525 1224.0000 216.7142 1.6644 1.6636 4.1935 17.0139 0.9454 20.1708 -2.6324 0.0059
Car 0.0000 0 0.2884 0.0000 0.0000 1224.0000 370.0000 1.4706 1.7274 3.8287 -30.4795 1.7133 0.2312 -1.2626 0.0059
Car 0.0000 0 0.1581 0.0000 175.1342 133.0270 216.9478 1.5568 1.7422 4.4325 -21.5582 1.3586 28.1299 -0.4886 0.0058
Car 0.0000 0 0.7391 0.0000 0.0000 1224.0000 370.0000 1.4911 1.6345 3.9230 -30.7786 1.7452 -0.0766 -0.8221 0.0058
Car 0.0000 0 2.2395 0.0000 183.7652 108.1090 238.7471 1.4472 1.5443 3.6439 -16.5964 1.5525 20.6442 1.5716 0.0058
Car 0.0000 0 -0.4173 657.1255 150.0614 739.6642 180.8230 1.7276 1.7843 4.4222 5.4198 0.0195 41.1818 -0.2855 0.0058
Car 0.0000 0 -0.4437 657.2307 150.6615 743.0307 181.2402 1.7140 1.8023 4.6281 5.5262 0.0429 41.1892 -0.3094 0.0058
Car 0.0000 0 1.6862 0.0000 166.0198 9.2261 196.2984 1.5049 1.6294 4.0319 -32.7361 0.7867 37.2614 0.9715 0.0058
Car 0.0000 0 2.3809 0.0000 165.9673 19.6470 196.9151 1.4913 1.6346 4.3746 -32.8189 0.7924 36.3119 1.6522 0.0058
Cyclist 0.0000 0 1.4185 789.8795 160.8353 804.6028 187.3144 1.6935 0.6973 1.5386 12.5045 0.4372 46.0187 1.6839 0.0058
Car 0.0000 0 2.3136 0.0000 182.4507 106.4812 238.4914 1.4406 1.5695 4.0173 -16.6887 1.5040 20.3693 1.6366 0.0057
Car 0.0000 0 2.2975 0.0000 170.3259 91.5094 203.4912 1.5384 1.5806 4.0468 -27.6793 1.0680 34.8616 1.6327 0.0057
Car 0.0000 0 0.7189 2.8836 167.3335 132.7658 205.7700 1.6084 1.7843 4.4134 -23.2381 1.0590 30.6417 0.0769 0.0057
Car 0.0000 0 -2.9856 0.0000 0.0000 1224.0000 370.0000 1.6448 1.7891 3.9223 5.7598 1.7128 0.0039 -1.4699 0.0056
Car 0.0000 0 -2.8288 624.0236 152.4160 699.8249 181.8534 1.6484 1.7320 4.0636 3.3089 0.0772 41.1681 -2.7473 0.0056
Car 0.0000 0 -1.4066 746.6451 149.9506 778.5768 178.8932 2.2572 1.8389 4.4840 12.9461 -0.1357 57.8302 -1.1856 0.0056
Car 0.0000 0 0.8082 1218.2478 154.9328 1224.0000 222.2071 1.5543 1.6891 3.7485 18.2225 0.9652 18.2175 1.5866 0.0056
Car 0.0000 0 -0.7115 0.0000 161.2878 7.8936 200.1803 1.7632 1.7349 4.5332 -32.0101 0.8937 34.4013 -1.4544 0.0056
Car 0.0000 0 -1.8686 645.3083 150.3927 692.3806 181.5793 1.7517 1.6936 3.9102 3.7105 0.0620 41.7958 -1.7788 0.0055
Car 0.0000 0 -1.6595 657.2123 150.3842 691.5218 181.2527 1.7429 1.6777 3.9128 4.0557 0.0439 41.8812 -1.5617 0.0055
Pedestrian 0.0000 0 -0.5009 968.8387 167.9933 1006.2701 242.2874 1.4262 0.5082 0.4526 7.4340 1.1878 13.8256 -0.0153 0.0055
Car 0.0000 0 1.9596 0.0000 167.2669 23.6739 197.4729 1.4873 1.6073 3.7748 -32.1607 0.8372 36.8547 1.2483 0.0055
Car 0.0000 0 0.0241 0.0000 164.1842 4.7883 197.1599 1.5640 1.7258 4.0279 -32.8102 0.7916 35.5022 -0.7156 0.0055
Car 0.0000 0 -0.4016 641.5981 151.0941 717.8694 180.7109 1.6681 1.7155 4.0769 4.3395 0.0133 41.2316 -0.2955 0.0055
Car 0.0000 0 2.2355 0.0000 183.6563 106.2481 238.9025 1.4510 1.5474 3.6459 -16.6198 1.5527 20.6006 1.5659 0.0054
Car 0.0000 0 -0.9413 1149.5530 154.5283 1224.0000 218.1941 1.6310 1.6698 3.8845 17.2485 0.9673 19.3467 -0.2197 0.0054
Car 0.0000 0 -3.0084 0.0000 0.0000 1224.0000 370.0000 1.6305 1.8064 4.0608 5.8255 1.6651 0.1396 -1.5153 0.0054
Car 0.0000 0 -1.1582 0.0000 0.0000 1224.0000 370.0000 1.3812 1.6623 3.4280 10.0839 1.5510 0.2540 0.3569 0.0054
Car 0.0000 0 -0.4190 657.6258 152.3260 743.8362 181.3603 1.6275 1.8138 4.6346 5.5513 0.0496 41.1468 -0.2839 0.0053
Car 0.0000 0 -1.5654 660.1951 148.8586 690.2197 180.2171 1.7665 1.6882 3.9567 4.1657 -0.0162 41.9189 -1.4651 0.0053
Car 0.0000 0 -1.6737 657.0823 150.4948 691.9944 181.3617 1.7396 1.6672 3.7747 4.0524 0.0500 41.7351 -1.5757 0.0053
Car 0.0000 0 2.5358 0.0000 176.1388 108.2793 215.9084 1.4854 1.5776 3.7349 -22.3897 1.3240 28.4211 1.8758 0.0053
Car 0.0000 0 1.9774 0.0000 168.5012 34.1613 199.2797 1.5402 1.6636 4.1407 -32.3514 0.9412 37.5996 1.2729 0.0053
Car 0.0000 0 -0.1908 661.0855 152.0111 748.7750 181.7809 1.6759 1.8187 4.7532 5.7147 0.0735 40.8268 -0.0508 0.0052
Car 0.0000 0 -1.4291 747.1321 149.2065 777.5859 178.5982 2.2944 1.8160 4.5041 12.9476 -0.1612 57.9324 -1.2086 0.0052
Car 0.0000 0 -0.5790 651.5198 148.9357 734.4833 180.3281 1.7644 1.8092 4.6010 5.1805 -0.0092 41.5772 -0.4539 0.0052
Car 0.0000 0 -0.2543 0.0000 105.6752 263.3816 370.0000 2.0287 2.0069 5.3106 -6.8685 1.5106 7.6606 -0.9629 0.0052
Car 0.0000 0 -2.8209 0.0000 0.0000 1224.0000 370.0000 1.6605 1.7786 3.9999 5.6888 1.6644 -0.0675 -1.2935 0.0052
Car 0.0000 0 1.8781 0.0000 167.9392 24.1882 198.9613 1.5447 1.6142 3.8950 -32.3755 0.9207 37.3097 1.1695 0.0051
Car 0.0000 0 -0.3286 654.4432 149.3716 734.6970 180.1078 1.7313 1.7995 4.2837 5.1833 -0.0222 41.1680 -0.2023 0.0051
Car 0.0000 0 -1.2387 0.0000 0.0000 1224.0000 370.0000 1.3888 1.8482 3.7553 15.7322 1.1290 1.0405 0.2470 0.0051
Car 0.0000 0 0.3505 0.0000 176.6131 139.4745 219.7736 1.6055 1.7687 4.6848 -21.3360 1.4624 27.8265 -0.2964 0.0051
Car 0.0000 0 -0.3391 0.0000 233.5231 1224.0000 370.0000 1.5766 1.6323 4.1895 0.2426 1.7640 1.2785 -0.1878 0.0051
Car 0.0000 0 2.3154 0.0000 172.3908 88.9305 204.2161 1.4692 1.5272 3.9906 -27.6573 1.0963 34.6844 1.6486 0.0050
Car 0.0000 0 0.3834 0.0000 174.0638 122.6790 215.9594 1.5677 1.7060 4.1205 -21.7014 1.3284 27.8263 -0.2716 0.0050
Car 0.0000 0 -1.8177 647.4860 150.2710 692.0496 181.2226 1.7422 1.6976 4.0046 3.7747 0.0421 41.9029 -1.7266 0.0050
Car 0.0000 0 -1.2972 661.9474 147.8611 709.5575 179.7515 1.7760 1.7665 4.0091 4.8039 -0.0451 41.6644 -1.1812 0.0050
Car 0.0000 0 1.3936 1105.5316 161.6150 1204.5846 219.4520 1.4803 1.5547 3.6845 15.4560 0.9986 20.0860 2.0435 0.0050
Car 0.0000 0 -0.7810 0.0000 103.1019 207.6588 370.0000 2.0233 1.9870 4.9891 -6.5933 1.5214 7.1526 -1.5019 0.0050
Pedestrian 0.0000 0 1.2275 1011.8821 215.7576 1101.7823 370.0000 1.2350 0.3710 0.6233 3.3556 1.5215 5.3637 1.7623 0.0049
Car 0.0000 0 1.9294 0.0000 168.0065 28.6276 198.8067 1.5362 1.6471 3.9679 -32.3517 0.9145 37.4060 1.2223 0.0049
Pedestrian 0.0000 0 -1.0224 215.2928 171.6803 253.5225 247.7303 1.6629 0.5740 0.5046 -8.2800 1.4716 15.7278 -1.4969 0.0049
Pedestrian 0.0000 0 0.8590 896.1683 180.9051 945.9628 272.1057 1.4179 0.3914 0.6598 5.0274 1.4262 11.3638 1.2670 0.0049
Car 0.0000 0 1.9836 852.4210 178.6364 1009.8331 255.1540 1.3319 1.5036 3.7120 6.5395 1.3011 14.1004 2.4110 0.0049
Car 0.0000 0 -0.0715 0.0000 0.0000 1224.0000 370.0000 1.3895 1.5739 3.4457 -30.1459 1.7133 0.3874 -1.6172 0.0049
Car 0.0000 0 1.2369 0.0000 0.0000 1224.0000 370.0000 1.5259 1.4465 3.9138 -5.2128 1.6908 -0.2054 -0.3097 0.0049
Car 0.0000 0 1.7128 0.0000 164.5722 46.4388 200.8103 1.5093 1.6161 3.9669 -26.2827 0.8474 31.5574 1.0252 0.0049
Car 0.0000 0 0.2786 0.0000 162.5877 1.8632 197.4493 1.6384 1.7843 4.0236 -32.6568 0.7980 34.9256 -0.4668 0.0049
Car 0.0000 0 -0.1478 662.1182 150.0369 743.0629 181.0042 1.7499 1.7923 4.4170 5.5845 0.0299 40.8696 -0.0111 0.0049
Car 0.0000 0 -0.5580 0.0000 101.5803 232.1102 370.0000 2.0561 2.0207 5.2367 -6.8835 1.5350 7.4771 -1.2793 0.0049
Car 0.0000 0 -0.1874 661.7167 150.5743 747.7288 181.4973 1.7449 1.7941 4.6725 5.7142 0.0577 40.8999 -0.0476 0.0048
Car 0.0000 0 0.0314 0.0000 162.9606 1.9226 196.9648 1.6200 1.7036 3.9521 -32.9946 0.7858 35.6129 -0.7096 0.0048
Pedestrian 0.0000 0 0.8701 897.4323 181.2025 944.7410 269.9433 1.3844 0.3858 0.6164 5.0367 1.3977 11.3817 1.2781 0.0048
Car 0.0000 0 0.4563 0.0000 174.8277 112.1831 215.9466 1.5489 1.6661 3.7994 -21.9522 1.3368 27.8300 -0.2042 0.0048
Car 0.0000 0 2.1495 0.0000 168.5195 41.9921 199.3059 1.5441 1.5965 3.8569 -32.0072 0.9446 37.4685 1.4486 0.0048
Car 0.0000 0 -0.1302 0.0000 163.8214 12.8721 196.8685 1.5559 1.7064 4.4739 -32.8492 0.7721 35.5438 -0.8699 0.0048
Car 0.0000 0 0.7018 0.0000 0.0000 1224.0000 370.0000 1.5047 1.6618 3.8035 -30.7690 1.7026 -0.0957 -0.8600 0.0048
Car 0.0000 0 0.5027 0.0000 0.0000 1224.0000 370.0000 1.4649 1.6692 3.6576 -30.5279 1.7551 -0.2321 -1.0636 0.0048
Car 0.0000 0 1.8323 0.0000 167.3053 19.9761 197.3116 1.4935 1.5865 3.8017 -32.4221 0.8382 37.2444 1.1221 0.0048
Car 0.0000 0 -3.6240 1106.6874 153.8584 1224.0000 216.6916 1.6544 1.6406 4.2028 16.8268 0.9545 19.8599 -2.9273 0.0048
Car 0.0000 0 3.4238 0.0000 0.0000 1224.0000 370.0000 1.5648 1.7808 4.3707 -27.6031 1.7446 1.9627 1.9373 0.0048
Car 0.0000 0 -2.8825 0.0000 0.0000 1224.0000 370.0000 1.6743 1.7687 4.0163 5.7554 1.6612 -0.0409 -1.3592 0.0048
Car 0.0000 0 -0.6226 651.6320 150.5147 729.9926 181.7567 1.7593 1.7816 4.3602 5.0625 0.0722 41.6391 -0.5006 0.0048
Car 0.0000 0 0.3765 0.0000 175.1201 124.0849 216.7624 1.5554 1.7208 4.1342 -21.6337 1.3560 27.7981 -0.2775 0.0047
Car 0.0000 0 0.4245 0.0000 0.0000 1224.0000 370.0000 1.4917 1.7086 3.7417 -30.5144 1.7288 -0.2783 -1.1432 0.0047
Car 0.0000 0 0.3974 0.0000 167.3643 17.6826 198.9530 1.5420 1.9374 4.7717 -33.4488 0.9022 36.2218 -0.3420 0.0047
Car 0.0000 0 0.3509 0.0000 174.9964 130.0007 217.2807 1.5744 1.7390 4.4260 -21.5616 1.3710 27.8081 -0.3013 0.0047
Car 0.0000 0 0.1110 662.3981 151.1330 747.8504 181.5916 1.6811 1.7934 4.6731 5.7412 0.0616 40.4723 0.2528 0.0047
Pedestrian 0.0000 0 -1.0629 213.3967 170.1088 253.8935 247.9585 1.6989 0.6019 0.5553 -8.2872 1.4737 15.7119 -1.5381 0.0047
Car 0.0000 0 -2.0837 634.1789 149.8607 692.0201 181.5571 1.7803 1.7467 3.8396 3.3740 0.0608 41.8171 -2.0018 0.0046
Car 0.0000 0 1.7934 0.0000 167.4763 14.5308 197.3978 1.4849 1.5636 3.6321 -32.4382 0.8400 37.0539 1.0805 0.0046
Car 0.0000 0 0.0535 0.0000 162.6159 3.9508 197.8249 1.6805 1.7027 4.0550 -33.0323 0.8284 35.6863 -0.6870 0.0046
Car 0.0000 0 2.2605 0.0000 169.3978 50.7147 200.3429 1.5621 1.6580 4.0781 -32.0097 1.0031 37.7331 1.5630 0.0046
Car 0.0000 0 -0.0504 0.0000 159.7047 6.3747 197.3357 1.7677 1.7713 4.0711 -32.6445 0.7923 35.2775 -0.7907 0.0046
Car 0.0000 0 0.1721 642.9613 153.6726 713.7214 180.8457 1.5136 1.7243 3.8153 4.2332 0.0206 40.7296 0.2768 0.0046
Cyclist 0.0000 0 -1.8494 951.1781 164.7775 1002.5264 245.4437 1.5280 0.4910 1.5402 7.3950 1.2318 14.1913 -1.3764 0.0046
Car 0.0000 0 2.2040 0.0000 168.6336 45.9306 199.3139 1.5439 1.6311 3.9281 -32.0109 0.9482 37.5889 1.5046 0.0046
Car 0.0000 0 1.5864 11.5279 167.0734 59.2142 201.4866 1.4624 1.5983 4.2129 -25.8908 0.8933 32.1991 0.9158 0.0046
Car 0.0000 0 -0.0241 654.9086 151.6781 721.9948 180.3292 1.6125 1.7780 3.7681 4.7853 -0.0088 40.8629 0.0935 0.0046
Car 0.0000 0 -3.0747 0.0000 0.0000 1224.0000 370.0000 1.6371 1.7705 4.1006 5.9692 1.6077 0.6187 -1.6589 0.0046
Car 0.0000 0 0.0889 0.0000 162.1924 2.9833 197.3796 1.6582 1.7789 4.2720 -32.9518 0.7969 35.3226 -0.6554 0.0046
Car 0.0000 0 3.3800 0.0000 170.2390 23.0210 214.8160 1.5495 1.7070 4.4505 -24.7917 1.1943 26.3996 2.6339 0.0046
Cyclist 0.0000 0 1.2995 785.5773 160.2355 803.8131 187.3604 1.7323 0.7466 1.5788 12.3165 0.4395 45.9428 1.5615 0.0046
Car 0.0000 0 -1.2929 0.0000 0.0000 1224.0000 370.0000 1.3611 1.6170 4.0869 11.0421 1.3975 -0.0235 0.2522 0.0046
Cyclist 0.0000 0 -1.0496 0.0000 170.6187 25.3362 253.4631 1.6086 0.3388 1.5521 -12.6237 1.4183 14.5174 -1.7526 0.0045
Cyclist 0.0000 0 1.3870 789.0092 160.6050 805.0544 187.8033 1.7371 0.7088 1.6897 12.4909 0.4678 46.0247 1.6521 0.0045
Car 0.0000 0 0.6341 0.0000 0.0000 1224.0000 370.0000 1.4973 1.7104 3.9020 -30.8262 1.7076 0.1493 -0.9198 0.0045
Car 0.0000 0 1.2042 0.0000 0.0000 1224.0000 370.0000 1.4683 1.6946 3.9542 -23.7739 1.7871 -0.1761 -0.3589 0.0045
Car 0.0000 0 -3.0290 0.0000 221.9051 1224.0000 370.0000 1.5619 1.7106 4.2217 -0.0893 1.7252 1.7513 -3.0708 0.0045
Cyclist 0.0000 0 -0.1995 0.0000 0.0000 1224.0000 370.0000 1.6659 0.5490 1.6399 -1.4553 1.7095 0.6322 -1.1879 0.0045
Car 0.0000 0 2.6916 0.0000 0.0000 1224.0000 370.0000 1.4974 1.4811 3.9642 -19.6879 1.5650 1.6541 1.2226 0.0044
Cyclist 0.0000 0 -0.0061 0.0000 0.0000 1224.0000 370.0000 1.5352 0.3860 1.6653 -7.4455 1.5061 0.4025 -1.4780 0.0044
Car 0.0000 0 -2.0590 634.4751 150.3686 692.6373 181.3613 1.7382 1.7218 4.0648 3.3980 0.0497 41.8565 -1.9766 0.0044
Car 0.0000 0 0.3379 662.1585 148.6147 751.8745 180.6459 1.7321 1.8049 4.7060 5.7625 0.0093 40.1188 0.4815 0.0044
Car 0.0000 0 -0.4671 0.0000 110.1450 211.8050 370.0000 1.9574 1.9453 4.8726 -6.8854 1.5065 7.1675 -1.2086 0.0044
Car 0.0000 0 -0.5323 0.0000 165.5200 16.6555 198.4782 1.5413 1.8669 3.9777 -32.1722 0.8422 35.2387 -1.2658 0.0044
Car 0.0000 0 3.4020 0.0000 0.0000 1224.0000 370.0000 1.5203 1.7997 4.4842 -27.5757 1.7471 1.6825 1.9054 0.0044
Car 0.0000 0 1.5672 9.2766 166.6855 57.0241 202.2049 1.5024 1.5976 4.1187 -25.8868 0.9196 32.0074 0.8939 0.0044
Car 0.0000 0 4.0766 0.0000 0.0000 1224.0000 370.0000 1.4440 1.6319 4.0937 -31.1287 1.7534 -0.3458 2.5066 0.0044
Car 0.0000 0 -1.9270 0.0000 165.4483 2.0688 200.9037 1.7260 1.9331 5.5945 -33.7598 0.9947 36.5531 -2.6666 0.0043
Car 0.0000 0 2.1144 0.0000 166.7691 37.2293 197.1944 1.5201 1.5981 3.7789 -32.0644 0.8355 37.3136 1.4106 0.0043
Car 0.0000 0 -0.3329 0.0000 160.5437 11.7730 197.3915 1.7211 1.7846 3.8924 -32.3030 0.7904 35.1551 -1.0696 0.0043
Car 0.0000 0 0.3648 662.7086 151.7177 750.2938 182.1354 1.6434 1.7841 4.5801 5.7265 0.0898 40.0877 0.5076 0.0043
Car 0.0000 0 2.2944 941.2853 170.1863 1117.1998 234.5744 1.4430 1.5223 3.8316 10.2442 1.2135 17.1586 2.8262 0.0043
Car 0.0000 0 2.7203 0.0000 0.0000 1224.0000 370.0000 1.5119 1.4590 3.8477 -19.5810 1.5729 2.0214 1.2703 0.0043
Car 0.0000 0 1.9471 0.0000 168.7143 10.1503 198.3429 1.4234 1.7192 3.1669 -31.8581 0.8586 35.7431 1.2254 0.0043
Car 0.0000 0 2.5933 0.0000 0.0000 1224.0000 370.0000 1.5131 1.5383 4.0026 -19.4821 1.5194 2.0366 1.1447 0.0042
Car 0.0000 0 0.6482 0.0000 177.9279 104.8709 217.8229 1.5110 1.6290 3.5772 -21.9326 1.4151 27.6160 -0.0156 0.0042
Car 0.0000 0 -0.4639 0.0000 160.1816 16.3288 198.0013 1.7518 1.8632 4.3463 -32.3081 0.8121 35.1088 -1.2014 0.0042
Car 0.0000 0 -2.9534 600.2850 153.6158 686.8533 183.0874 1.6547 1.7712 4.7812 2.2540 0.1467 41.1297 -2.8971 0.0042
Car 0.0000 0 -1.7127 1192.7340 154.5157 1224.0000 217.6977 1.6398 1.6887 4.0884 18.4109 0.9670 20.5164 -0.9874 0.0042
Car 0.0000 0 1.5747 9.4156 166.6142 57.0539 201.9748 1.4994 1.5977 4.0191 -25.8950 0.9120 32.0471 0.9018 0.0042
Car 0.0000 0 -1.6652 1206.8250 153.9286 1224.0000 216.6482 1.6308 1.7546 4.0184 18.7563 0.9415 20.5151 -0.9307 0.0042
Car 0.0000 0 -0.3290 651.4173 149.3219 728.9238 180.3035 1.7491 1.7847 4.1316 4.9358 -0.0105 41.2295 -0.2088 0.0042
Car 0.0000 0 0.6335 0.0000 177.8028 114.6640 218.3012 1.5255 1.7113 3.8172 -21.6324 1.4254 27.5308 -0.0251 0.0042
Car 0.0000 0 -2.0948 623.4182 150.5845 682.2980 181.3095 1.7274 1.7841 3.8596 2.7727 0.0469 41.8713 -2.0272 0.0041
Car 0.0000 0 2.6984 0.0000 0.0000 1224.0000 370.0000 1.5511 1.5128 3.9440 -19.5201 1.5387 1.9497 1.2452 0.0041
Car 0.0000 0 0.2514 0.0000 166.1247 17.7936 200.8626 1.6646 1.8561 4.8921 -33.1423 0.9772 35.8439 -0.4886 0.0041
Car 0.0000 0 2.6968 0.0000 0.0000 1224.0000 370.0000 1.5401 1.5230 3.9539 -19.5927 1.5645 1.8670 1.2389 0.0041
Pedestrian 0.0000 0 2.6053 653.6843 174.8025 688.0993 253.9937 1.6028 0.3925 0.5904 1.3193 1.4891 14.6096 2.6951 0.0040
Car 0.0000 0 2.2167 0.0000 175.5582 91.8848 215.1312 1.4827 1.5561 3.8698 -22.8132 1.2991 28.4387 1.5479 0.0040
Car 0.0000 0 1.9106 0.0000 166.3128 5.2518 198.0349 1.4738 1.7466 3.5294 -31.3514 0.8161 34.8085 1.1838 0.0040
Car 0.0000 0 2.7182 0.0000 0.0000 1224.0000 370.0000 1.5182 1.4979 3.9406 -19.6088 1.5453 1.7393 1.2538 0.0040
Car 0.0000 0 -1.4661 661.7532 150.0948 697.4902 180.9216 1.7300 1.7037 3.8294 4.4407 0.0251 41.7249 -1.3589 0.0040
Car 0.0000 0 2.9415 620.6243 154.4455 695.3102 181.2941 1.5039 1.6758 4.0320 3.0097 0.0459 40.6813 3.0168 0.0040
Car 0.0000 0 2.3738 0.0000 168.8375 54.8854 199.2545 1.5355 1.5743 3.8331 -31.7354 0.9482 37.6787 1.6798 0.0040
Car 0.0000 0 2.1396 0.0000 168.0224 10.4514 198.4369 1.4478 1.7150 3.2386 -31.8239 0.8553 35.3869 1.4135 0.0040
Car 0.0000 0 -1.4295 748.9063 152.1822 780.0617 178.2207 2.0177 1.8510 4.5828 13.0681 -0.1928 57.6895 -1.2061 0.0039
Car 0.0000 0 -0.2895 0.0000 161.2846 10.4356 197.2819 1.6894 1.8154 3.7468 -32.3577 0.7890 35.2493 -1.0257 0.0039
Car 0.0000 0 -1.1711 0.0000 0.0000 1224.0000 370.0000 1.3970 1.6291 3.8636 10.5306 1.4361 0.1305 0.3581 0.0039
Car 0.0000 0 -0.2270 0.0000 201.8016 1224.0000 370.0000 1.6114 1.8166 4.2311 0.2444 1.6906 1.4705 -0.0901 0.0039
Car 0.0000 0 0.1039 662.2681 150.1922 746.6949 181.4560 1.7307 1.7827 4.6361 5.7180 0.0543 40.5614 0.2448 0.0039
Car 0.0000 0 -1.7789 1202.7684 147.8158 1224.0000 214.0619 1.7189 1.7089 4.1935 18.9466 0.8724 20.5820 -1.0409 0.0039
Car 0.0000 0 -2.5748 615.6833 150.4310 694.7321 181.6808 1.7451 1.7196 4.3878 2.9046 0.0673 41.4773 -2.5034 0.0039
Car 0.0000 0 -1.4198 0.0000 0.0000 1224.0000 370.0000 1.3747 1.6480 3.5650 10.3451 1.3513 0.7417 0.0499 0.0039
Car 0.0000 0 -3.1488 601.3795 152.3333 682.8773 182.3566 1.6927 1.7723 4.6006 2.1253 0.1061 40.8500 -3.0952 0.0039
Car 0.0000 0 1.4224 628.2183 152.0786 670.0806 181.5378 1.6010 1.7686 4.3894 2.4706 0.0578 40.6841 1.4846 0.0038
Car 0.0000 0 1.4915 0.0000 0.0000 1224.0000 370.0000 1.6408 1.5219 4.1747 -5.6333 1.6948 -0.2065 -0.0570 0.0038
Car 0.0000 0 2.3844 0.0000 168.3237 55.0399 199.2801 1.5613 1.5756 3.8615 -31.7417 0.9486 37.6671 1.6902 0.0038
Cyclist 0.0000 0 -1.4259 0.0000 168.2253 24.6730 251.9157 1.6369 0.3482 1.5422 -12.3696 1.3985 14.5738 -2.1171 0.0038
Cyclist 0.0000 0 1.0434 783.1167 160.7368 805.1683 187.6283 1.7172 0.7058 1.5374 12.2902 0.4565 45.9785 1.3047 0.0038
Car 0.0000 0 -2.8730 607.7012 151.2236 689.8668 181.4212 1.6940 1.7594 4.4744 2.5518 0.0531 41.2188 -2.8096 0.0038
Car 0.0000 0 -0.2537 0.0000 163.3589 12.8397 197.0371 1.5916 1.8210 3.8275 -32.4877 0.7830 35.5082 -0.9884 0.0038
Car 0.0000 0 2.8468 598.5807 153.3024 683.7967 182.9421 1.6408 1.7527 4.5669 2.0489 0.1366 40.5343 2.8989 0.0038
Car 0.0000 0 -0.0864 0.0000 162.5732 9.9368 196.7776 1.6060 1.7749 4.4416 -32.8620 0.7657 35.4291 -0.8278 0.0037
Car 0.0000 0 0.1914 0.0000 165.1918 13.4466 198.1034 1.5762 1.7471 4.5399 -33.0512 0.8445 35.7853 -0.5480 0.0037
Car 0.0000 0 0.1154 662.9790 149.2226 741.8120 179.8516 1.6964 1.7186 4.3136 5.6001 -0.0371 40.5873 0.2535 0.0037
Car 0.0000 0 1.6177 0.0000 0.0000 1224.0000 370.0000 1.3809 1.4959 3.4536 8.7942 1.5796 0.2661 3.1231 0.0036
Car 0.0000 0 0.0347 0.0000 164.2538 0.8406 196.6393 1.5333 1.8124 3.6977 -32.6634 0.7655 35.3576 -0.7047 0.0036
Car 0.0000 0 -0.0076 0.0000 161.9158 8.2548 198.2439 1.7332 1.7151 4.1881 -33.0031 0.8480 35.7795 -0.7464 0.0036
Car 0.0000 0 -2.7268 602.6563 152.5578 690.0074 183.1379 1.7100 1.7594 4.8060 2.3950 0.1489 41.4117 -2.6675 0.0036
Car 0.0000 0 2.3998 0.0000 169.0502 58.5968 200.2061 1.5752 1.6110 3.9280 -31.7083 0.9978 37.7989 1.7078 0.0036
Car 0.0000 0 2.8968 600.3448 152.6967 681.9028 182.4684 1.6531 1.7452 4.3766 2.0381 0.1107 40.5314 2.9486 0.0035
Car 0.0000 0 0.6226 0.0000 178.3436 116.2992 218.7935 1.5212 1.7170 3.8755 -21.5892 1.4416 27.5117 -0.0355 0.0035
Car 0.0000 0 2.7083 0.0000 0.0000 1224.0000 370.0000 1.4816 1.5377 3.9925 -19.6262 1.5895 1.6828 1.2410 0.0035
Car 0.0000 0 0.3174 663.9289 148.5618 747.9863 179.7743 1.6914 1.7466 4.4001 5.7141 -0.0417 40.1517 0.4597 0.0035
Car 0.0000 0 0.1238 659.6896 150.2775 730.4168 179.6637 1.6300 1.7631 3.8425 5.1856 -0.0483 40.6225 0.2518 0.0035
Car 0.0000 0 -0.6671 0.0000 163.1993 13.7700 198.6552 1.6385 1.8468 4.1912 -32.0497 0.8404 34.8894 -1.4037 0.0035
Car 0.0000 0 -0.2634 0.0000 215.7408 1224.0000 370.0000 1.5801 1.5930 3.9271 0.0842 1.7052 1.2835 -0.2097 0.0035
Car 0.0000 0 2.8297 602.8347 152.9409 683.1060 181.7062 1.5930 1.7289 4.2703 2.1524 0.0682 40.5294 2.8843 0.0035
Car 0.0000 0 -3.0368 0.0000 0.0000 1224.0000 370.0000 1.7143 1.8400 4.0160 5.7193 1.7312 -0.0184 -1.5176 0.0034
Car 0.0000 0 -3.0089 619.6411 153.0895 694.6152 181.3925 1.5904 1.7254 4.1433 3.0379 0.0515 40.9984 -2.9335 0.0034
Car 0.0000 0 0.1544 0.0000 166.2802 18.5957 201.2146 1.6690 1.8454 5.0201 -33.1852 0.9911 35.9302 -0.5850 0.0034
Car 0.0000 0 -2.8935 603.8591 152.1360 687.4373 181.9172 1.6712 1.7583 4.5704 2.3706 0.0809 41.2001 -2.8345 0.0034
Car 0.0000 0 0.0095 659.4740 149.6129 729.9537 180.0177 1.7052 1.7664 3.9511 5.1685 -0.0273 40.8299 0.1365 0.0034
Car 0.0000 0 -2.6400 608.3677 151.0339 691.1785 182.1214 1.7359 1.7357 4.5714 2.5886 0.0919 41.4335 -2.5760 0.0034
Car 0.0000 0 -0.3324 927.0699 170.7977 1114.5461 230.2152 1.4670 1.7539 3.9030 10.7867 1.2290 18.6740 0.1857 0.0033
Car 0.0000 0 -3.0071 0.0000 0.0000 1224.0000 370.0000 1.6605 1.8140 4.0781 5.9013 1.6682 0.3308 -1.5451 0.0033
Car 0.0000 0 1.6572 0.0000 0.0000 1224.0000 370.0000 1.3687 1.5229 3.4465 9.1231 1.5129 0.7031 3.1175 0.0033
Car 0.0000 0 1.5862 4.6984 166.1921 53.2326 202.8044 1.5442 1.6095 4.1210 -25.9690 0.9422 31.9365 0.9102 0.0033
Car 0.0000 0 2.0287 0.0000 168.9249 17.0359 198.7214 1.4489 1.6777 3.3357 -32.0236 0.8875 36.2047 1.3107 0.0033
Car 0.0000 0 -0.6166 0.0000 163.5718 13.0705 197.6606 1.5777 1.9505 4.1065 -32.1596 0.7957 34.9334 -1.3542 0.0033
Car 0.0000 0 -2.1224 632.9555 150.9796 691.2202 181.4835 1.7175 1.7582 3.6968 3.3220 0.0568 41.8507 -2.0418 0.0033
Car 0.0000 0 -1.7195 1192.6892 151.4669 1224.0000 216.0979 1.6784 1.6677 4.0747 18.4143 0.9261 20.5194 -0.9942 0.0033
Car 0.0000 0 0.1997 0.0000 171.0038 25.0697 215.2635 1.5441 1.7041 4.3684 -24.7337 1.2143 26.5203 -0.5431 0.0033
Car 0.0000 0 -0.7374 0.0000 162.8366 11.7890 198.8090 1.6615 1.7678 4.1503 -31.9592 0.8471 34.8042 -1.4737 0.0033
Car 0.0000 0 -2.8300 614.2397 151.5888 691.2866 181.0166 1.6513 1.7547 4.1470 2.7827 0.0304 41.2534 -2.7611 0.0033
Cyclist 0.0000 0 -1.2858 0.0000 165.2288 19.8136 252.5467 1.6809 0.3155 1.4613 -12.3686 1.3885 14.3382 -1.9848 0.0033
Car 0.0000 0 -2.9761 602.0414 152.2429 686.6011 182.3519 1.6934 1.7776 4.6840 2.3024 0.1055 41.1452 -2.9186 0.0033
Car 0.0000 0 1.2250 0.0000 165.6392 9.9379 198.9785 1.6644 1.7325 4.1233 -33.2238 0.9239 37.0413 0.5000 0.0033
Car 0.0000 0 -2.0002 615.6002 151.3510 673.4831 181.3629 1.6689 1.7914 4.2482 2.2538 0.0494 41.6175 -1.9445 0.0033
Car 0.0000 0 1.1832 1208.0568 153.7959 1224.0000 217.4983 1.5155 1.4840 3.8153 17.8217 0.8818 18.8623 1.9335 0.0032
Car 0.0000 0 0.3592 0.0000 166.9465 17.2421 198.9178 1.5602 1.7789 4.4035 -33.1359 0.9002 36.1362 -0.3767 0.0032
Car 0.0000 0 0.3081 0.0000 0.0000 1224.0000 370.0000 1.5274 1.8345 3.9648 -21.7947 1.5912 1.9477 -1.1573 0.0032
Car 0.0000 0 0.3659 0.0000 192.5642 114.8746 236.2927 1.4204 1.4785 3.5146 -19.5655 1.8667 24.8475 -0.2934 0.0032
Car 0.0000 0 0.3755 0.0000 0.0000 1224.0000 370.0000 1.4951 1.8543 3.7197 -21.9767 1.6608 1.7015 -1.1018 0.0032
Car 0.0000 0 -3.1572 609.3507 152.5411 685.2579 181.2827 1.6252 1.7569 4.2952 2.4239 0.0456 40.9502 -3.0965 0.0032
Cyclist 0.0000 0 -0.0331 0.0000 0.0000 1224.0000 370.0000 1.5070 0.3574 1.5583 -7.0075 1.5651 0.4490 -1.4924 0.0031
Car 0.0000 0 2.5260 74.3048 184.3090 245.3774 234.7835 1.5459 1.7569 4.9237 -15.3204 1.6942 24.6511 1.9774 0.0031
Pedestrian 0.0000 0 2.2105 655.6927 177.0519 687.3584 254.7084 1.5665 0.4047 0.5480 1.3339 1.4985 14.5966 2.3013 0.0031
Car 0.0000 0 2.0026 0.0000 174.1981 84.2907 213.2822 1.4611 1.6142 4.4592 -23.2131 1.2270 28.7846 1.3311 0.0031
Car 0.0000 0 2.3747 0.0000 166.8890 49.2755 196.8584 1.5024 1.5447 3.8038 -31.8103 0.8215 37.4135 1.6761 0.0031
Car 0.0000 0 3.0459 601.7693 153.0531 684.1923 182.6047 1.6664 1.7734 4.6053 2.1410 0.1201 40.8463 3.0999 0.0031
Car 0.0000 0 2.6199 599.1578 153.8793 679.5944 183.1438 1.5879 1.7171 4.2679 1.9528 0.1449 40.0943 2.6701 0.0031
Car 0.0000 0 3.2916 0.0000 169.2140 19.6324 215.1251 1.5743 1.7039 4.4898 -24.7304 1.1888 26.2083 2.5431 0.0031
Car 0.0000 0 2.2678 0.0000 183.5313 104.8398 238.3649 1.4347 1.5089 3.6336 -16.6313 1.5322 20.5326 1.5963 0.0031
Car 0.0000 0 0.0299 0.0000 161.7306 3.0745 196.9478 1.6517 1.8348 4.3101 -32.8761 0.7728 35.2597 -0.7141 0.0031
Car 0.0000 0 3.0746 601.8728 155.4073 679.1873 183.7163 1.5974 1.6937 4.3484 1.9974 0.1829 40.7751 3.1252 0.0031
Car 0.0000 0 0.9832 1193.2222 156.0744 1224.0000 216.3882 1.4696 1.4636 3.4372 17.7687 0.8761 19.0351 1.7275 0.0031
Car 0.0000 0 -0.2358 0.0000 216.1487 1224.0000 370.0000 1.5996 1.5918 3.8510 0.1041 1.7243 1.3209 -0.1713 0.0030
Car 0.0000 0 -0.2509 0.0000 163.2056 9.0416 196.5875 1.5744 1.7555 3.6441 -32.4202 0.7602 35.3461 -0.9868 0.0030
Car 0.0000 0 1.8277 0.0000 168.2238 8.2304 197.9177 1.4091 1.6735 3.2803 -31.4550 0.8280 35.3888 1.1075 0.0030
Car 0.0000 0 -1.9372 616.0551 150.9685 671.4167 181.6760 1.6947 1.8434 4.1950 2.1888 0.0663 41.2959 -1.8827 0.0030
Car 0.0000 0 1.1102 0.0000 166.0698 9.5427 198.9435 1.6271 1.8237 4.5517 -33.3647 0.9143 36.6791 0.3782 0.0030
Car 0.0000 0 -0.1664 0.0000 0.0000 1224.0000 370.0000 1.4233 1.4708 3.8497 -30.2339 1.7882 0.7895 -1.6988 0.0030
Car 0.0000 0 1.2649 0.0000 166.1492 10.8783 196.6449 1.5270 1.7217 3.8725 -33.1024 0.8098 37.1358 0.5430 0.0030
Car 0.0000 0 -3.1504 605.2316 152.0325 683.0027 181.2608 1.6526 1.7522 4.4019 2.2450 0.0444 40.9524 -3.0940 0.0030
Car 0.0000 0 1.2772 0.0000 166.3036 11.5533 198.3583 1.6015 1.7303 4.0518 -33.0728 0.8936 37.1228 0.5555 0.0030
Car 0.0000 0 0.4708 0.0000 190.8970 111.3905 234.7568 1.4434 1.5427 3.5046 -19.7290 1.8268 24.8721 -0.1920 0.0030
Car 0.0000 0 -1.4061 852.0917 176.0127 977.9893 259.8018 1.4397 1.7100 4.0017 6.3336 1.3643 14.2879 -0.9954 0.0030
Pedestrian 0.0000 0 -0.0880 641.5554 171.7739 689.8569 265.9786 1.6114 0.3424 0.8065 1.0031 1.4638 12.2636 -0.0067 0.0029
Car 0.0000 0 -0.0518 0.0000 160.6567 9.7473 197.0172 1.7068 1.8274 4.4234 -32.8108 0.7768 35.4011 -0.7929 0.0029
Car 0.0000 0 0.3725 0.0000 165.8177 17.6085 196.6070 1.5029 1.7002 4.2664 -32.9528 0.7876 36.0572 -0.3617 0.0029
Car 0.0000 0 1.2344 0.0000 164.7275 11.2625 195.7260 1.5426 1.7878 3.8330 -32.9777 0.7591 36.8980 0.5112 0.0029
Car 0.0000 0 -1.7195 655.4908 150.7583 693.5856 181.1488 1.7153 1.7176 3.6171 4.0532 0.0380 41.7528 -1.6214 0.0029
Car 0.0000 0 2.8659 0.0000 0.0000 1224.0000 370.0000 1.4622 1.6001 4.1805 -22.2623 1.5978 2.0113 1.4012 0.0029
Car 0.0000 0 -0.1146 0.0000 0.0000 1224.0000 370.0000 1.5261 1.9064 4.2295 -22.2517 1.6037 1.8435 -1.5867 0.0029
Car 0.0000 0 -2.3849 0.0000 189.7308 110.6498 231.9851 1.4236 1.6187 3.5092 -19.9295 1.7671 25.2142 -3.0460 0.0029
Car 0.0000 0 -0.0917 936.5079 171.9578 1112.2805 231.9990 1.4291 1.6575 3.7685 10.6667 1.2274 18.3615 0.4287 0.0029
Car 0.0000 0 0.5944 0.0000 176.4230 125.4545 218.1431 1.5646 1.7173 4.3244 -21.4545 1.4132 27.4997 -0.0608 0.0029
Car 0.0000 0 -2.1961 0.0000 161.2316 13.2843 196.8586 1.7459 1.8117 5.0260 -33.1402 0.8031 36.0509 -2.9332 0.0028
Car 0.0000 0 1.3263 657.1368 150.2886 696.9639 180.6393 1.7056 1.5998 3.1606 4.1725 0.0092 41.4071 1.4280 0.0028
Car 0.0000 0 4.2964 0.0000 0.0000 1224.0000 370.0000 1.5405 1.6292 3.5563 -20.2667 1.6016 -0.0632 2.7401 0.0028
Car 0.0000 0 2.2864 0.0000 167.0820 38.2179 197.5965 1.5109 1.5718 3.8044 -31.9257 0.8479 36.9129 1.5795 0.0028
Car 0.0000 0 -1.4854 663.2786 149.6737 699.2154 180.2771 1.7130 1.7876 3.7365 4.5231 -0.0124 41.6065 -1.3759 0.0028
Car 0.0000 0 -2.6650 606.0203 152.0112 690.0176 182.5594 1.7071 1.7412 4.6314 2.4890 0.1165 41.4416 -2.6035 0.0028
Car 0.0000 0 0.7502 0.0000 193.9290 116.9987 236.1069 1.4214 1.5027 3.6878 -19.8157 1.9216 25.3296 0.0940 0.0028
Car 0.0000 0 2.5809 0.0000 0.0000 1224.0000 370.0000 1.5316 1.5202 4.1230 -19.5517 1.5414 2.0221 1.1311 0.0028
Car 0.0000 0 -1.4615 662.2203 148.8051 698.3659 179.7158 1.7333 1.7194 3.7748 4.4852 -0.0472 41.7745 -1.3534 0.0028
Car 0.0000 0 0.7440 0.0000 195.1618 118.9078 236.3912 1.3926 1.3918 3.5252 -19.6356 1.9374 25.3405 0.0923 0.0028
Car 0.0000 0 -0.9279 0.0000 172.3667 9.4197 220.4280 1.5814 1.6837 3.8417 -23.6280 1.3153 25.2553 -1.6719 0.0028
Car 0.0000 0 3.0366 0.0000 0.0000 1224.0000 370.0000 1.4759 1.5489 3.9140 -22.1279 1.6220 1.7957 1.5629 0.0028
Car 0.0000 0 -1.2966 0.0000 0.0000 1224.0000 370.0000 1.3975 1.6289 4.0585 10.5546 1.1779 0.7934 0.1702 0.0028
Pedestrian 0.0000 0 2.9567 370.2484 171.4540 419.0019 266.9347 1.4927 0.5173 0.6742 -3.4512 1.3529 11.4318 2.6731 0.0028
Car 0.0000 0 2.9135 597.5821 155.8203 679.4998 185.0926 1.6247 1.6887 4.4154 1.8867 0.2563 40.4646 2.9617 0.0027
Car 0.0000 0 2.8697 610.9986 154.3539 684.2180 181.8682 1.5312 1.6528 3.8915 2.4159 0.0775 40.5583 2.9307 0.0027
Car 0.0000 0 0.1958 0.0000 166.6925 4.6212 198.0683 1.5018 1.9669 3.7711 -32.9390 0.8423 35.6543 -0.5437 0.0027
Car 0.0000 0 -1.3428 0.0000 0.0000 1224.0000 370.0000 1.4119 1.6894 3.5356 10.2048 1.3111 0.7820 0.1215 0.0027
Car 0.0000 0 4.5141 0.0000 0.0000 1224.0000 370.0000 1.4590 1.7683 3.9853 -24.0520 1.7531 -0.2601 2.9475 0.0027
Car 0.0000 0 -0.1158 953.9044 169.7773 1122.9292 229.8687 1.4327 1.7124 3.5467 11.0394 1.1787 18.3570 0.4196 0.0027
Car 0.0000 0 2.5709 66.7635 183.2378 251.7345 234.4966 1.5609 1.7851 5.3073 -15.2785 1.6685 24.5990 2.0225 0.0027
Cyclist 0.0000 0 -1.3871 248.6987 176.2192 284.1347 251.1756 1.4680 0.3856 1.4829 -7.0201 1.3858 14.6083 -1.8248 0.0027
Car 0.0000 0 3.1891 0.0000 0.0000 1224.0000 370.0000 1.4818 1.5693 3.5956 -21.9676 1.6466 1.6779 1.7107 0.0026
Car 0.0000 0 2.5348 78.6310 184.1176 243.6779 233.3939 1.5152 1.7662 4.6824 -15.2665 1.6554 24.6011 1.9868 0.0026
Car 0.0000 0 2.5809 0.0000 0.0000 1224.0000 370.0000 1.5388 1.7320 4.4976 -26.3463 1.7297 1.2494 1.0714 0.0026
Car 0.0000 0 2.6747 599.0791 152.9785 679.2053 182.8075 1.6209 1.6985 4.2204 1.9301 0.1268 40.0471 2.7245 0.0026
Car 0.0000 0 0.3968 663.7425 149.4126 742.8481 180.0242 1.6573 1.7114 4.1022 5.5515 -0.0268 40.1127 0.5352 0.0026
Car 0.0000 0 -1.8200 625.9795 149.5336 673.9589 181.3855 1.7729 1.8632 4.0606 2.5726 0.0507 41.5183 -1.7565 0.0026
Car 0.0000 0 0.1880 649.5986 152.1730 720.0743 179.3474 1.5074 1.7234 3.7774 4.6037 -0.0673 40.7182 0.3017 0.0026
Car 0.0000 0 2.2160 1138.0444 158.5111 1224.0000 221.4483 1.5876 1.6368 4.0830 16.7850 1.0345 19.0566 2.9314 0.0025
Car 0.0000 0 -1.9765 643.3605 151.5376 695.3510 181.5687 1.6923 1.7439 3.6987 3.7505 0.0616 41.8674 -1.8858 0.0025
Car 0.0000 0 0.1684 0.0000 170.0259 16.4623 217.5934 1.6301 1.6841 4.5372 -24.8726 1.2727 26.1778 -0.5836 0.0025
Pedestrian 0.0000 0 2.7966 636.7358 177.1092 686.8013 270.1860 1.5754 0.3808 0.7817 0.9366 1.5197 12.2501 2.8727 0.0025
Car 0.0000 0 0.7556 0.0000 188.4199 116.2200 230.9843 1.4488 1.5513 3.8224 -19.9548 1.7454 25.3748 0.0969 0.0025
Car 0.0000 0 -1.3313 0.0000 0.0000 1224.0000 370.0000 1.4042 1.5782 3.6564 10.4703 1.3428 0.7697 0.1370 0.0025
Car 0.0000 0 1.4838 0.0000 168.3253 3.8984 197.0932 1.4394 1.5497 3.7229 -32.9181 0.8317 37.2214 0.7658 0.0025
Car 0.0000 0 -2.7907 0.0000 0.0000 1224.0000 370.0000 1.5693 1.6291 3.8680 20.8774 0.1073 1.7181 -1.3161 0.0025
Car 0.0000 0 -2.7220 0.0000 0.0000 1224.0000 370.0000 1.5731 1.6608 3.9477 20.8710 0.1095 1.4229 -1.2334 0.0024
Car 0.0000 0 2.2274 0.0000 181.7255 101.8677 235.7162 1.4231 1.4803 3.5364 -16.5962 1.4633 20.4910 1.5560 0.0024
Car 0.0000 0 1.0304 5.4715 193.7597 115.8906 235.7694 1.3939 1.4971 3.7237 -19.8292 1.9038 25.7175 0.3811 0.0024
Car 0.0000 0 0.1600 0.0000 164.4441 17.5639 210.1471 1.5679 1.7699 4.5290 -24.8818 1.0186 26.2480 -0.5907 0.0024
Car 0.0000 0 1.0886 0.0000 163.3809 13.8161 194.9399 1.5693 1.8941 4.0939 -33.1414 0.7195 36.7638 0.3612 0.0024
Cyclist 0.0000 0 -1.1424 0.0000 175.5836 34.8150 243.9166 1.5530 0.4686 1.6634 -14.3978 1.4429 16.9285 -1.8361 0.0024
Car 0.0000 0 2.6436 0.0000 0.0000 1224.0000 370.0000 1.5608 1.5077 4.1330 -19.5543 1.5333 2.0542 1.1955 0.0023
Car 0.0000 0 -0.5911 1197.1299 153.4762 1224.0000 219.7893 1.5872 1.8155 4.9936 18.7219 0.9420 18.3006 0.1986 0.0023
Cyclist 0.0000 0 -3.8986 1208.8123 139.3889 1224.0000 318.9763 1.8916 0.5685 2.1086 7.8766 1.4602 7.7454 -3.1236 0.0023
Car 0.0000 0 -2.1641 641.4565 151.7640 699.7599 180.8878 1.6286 1.7529 3.4885 3.7975 0.0231 41.4831 -2.0715 0.0023
Car 0.0000 0 0.5648 0.0000 0.0000 1224.0000 370.0000 1.4915 1.7983 3.6907 -21.8260 1.6477 1.8648 -0.9044 0.0023
Cyclist 0.0000 0 0.1183 0.0000 0.0000 1224.0000 370.0000 1.5013 0.3330 1.5730 -6.5486 1.5089 0.5223 -1.3223 0.0022
Car 0.0000 0 1.0474 9.9876 193.9221 117.3529 235.2970 1.3763 1.4761 3.7067 -19.8077 1.8948 25.8271 0.4007 0.0022
Car 0.0000 0 2.0186 0.0000 175.4561 81.0784 215.0649 1.4869 1.6188 4.1745 -23.2934 1.2991 28.7537 1.3450 0.0022
Car 0.0000 0 0.5177 0.0000 166.6995 11.5187 197.0840 1.4974 1.6638 3.8692 -33.0332 0.8187 36.0687 -0.2175 0.0022
Car 0.0000 0 -2.9556 0.0000 0.0000 1224.0000 370.0000 1.5173 1.6506 3.7770 20.5070 0.1080 1.3480 -1.4648 0.0022
Car 0.0000 0 0.5206 0.0000 0.0000 1224.0000 370.0000 1.5607 1.8372 3.9428 -21.7614 1.5992 1.9817 -0.9430 0.0022
Car 0.0000 0 0.8641 0.0000 191.9182 113.0412 235.1296 1.4460 1.5278 3.7009 -19.9122 1.8756 25.3778 0.2064 0.0021
Car 0.0000 0 0.8951 0.0000 182.4190 22.5708 232.0139 1.4472 1.5330 3.3593 -20.1178 1.5105 21.7252 0.1571 0.0021
Car 0.0000 0 0.3493 0.0000 0.0000 1224.0000 370.0000 1.5183 1.8849 3.6100 -22.0443 1.6390 1.6730 -1.1296 0.0021
Car 0.0000 0 -1.8316 637.0501 150.2944 683.9973 181.0981 1.7309 1.8514 3.7622 3.2164 0.0350 41.7439 -1.7533 0.0020
Cyclist 0.0000 0 -0.9583 0.0000 161.4084 25.4706 256.3576 1.7697 0.3733 1.6817 -12.3487 1.4155 14.0279 -1.6671 0.0020
Car 0.0000 0 0.1804 0.0000 169.1650 22.1654 215.4332 1.6102 1.6523 4.1458 -24.5950 1.2173 26.4050 -0.5617 0.0020
Car 0.0000 0 2.8223 0.0000 0.0000 1224.0000 370.0000 1.4893 1.6351 4.1392 -26.9093 1.7148 1.4671 1.3195 0.0020
Car 0.0000 0 1.0401 2.2596 192.3283 113.5861 235.6793 1.4378 1.5151 3.7583 -19.8613 1.8917 25.6279 0.3884 0.0020
Car 0.0000 0 -0.5810 985.0828 157.9316 1224.0000 226.0680 1.6405 1.8494 5.1956 12.7594 1.0988 18.0172 0.0285 0.0020
Car 0.0000 0 0.7887 0.0000 0.0000 1224.0000 370.0000 1.5637 1.5803 3.4560 -20.2007 1.5835 -0.3213 -0.7804 0.0020
Car 0.0000 0 0.8628 0.0000 175.3065 26.0484 229.8542 1.6187 1.5423 3.5074 -20.3010 1.4661 21.9614 0.1256 0.0020
Car 0.0000 0 0.9973 0.0000 190.8584 118.1799 234.9279 1.4749 1.5707 3.8878 -19.8845 1.8737 25.7147 0.3466 0.0020
Car 0.0000 0 0.6057 0.0000 0.0000 1224.0000 370.0000 1.4814 1.7733 3.8420 -21.7935 1.6338 1.8436 -0.8644 0.0020
Car 0.0000 0 0.0918 0.0000 164.0880 8.0966 197.9197 1.6080 1.9468 4.4188 -33.1176 0.8294 35.7122 -0.6496 0.0019
Car 0.0000 0 -1.2750 1192.2578 159.0122 1224.0000 215.4274 1.4223 1.4930 3.4768 17.7076 0.8821 19.3550 -0.5405 0.0019
Car 0.0000 0 3.0269 0.0000 0.0000 1224.0000 370.0000 1.5085 1.6599 3.8212 -22.1349 1.6132 1.7713 1.5521 0.0019
Car 0.0000 0 0.2558 0.0000 173.8561 14.6010 220.4691 1.6049 1.6988 4.4217 -24.8982 1.3777 26.1409 -0.4974 0.0019
Car 0.0000 0 -0.3773 962.9716 159.9070 1192.8352 227.4825 1.6229 1.9026 4.5789 12.0190 1.1299 18.3549 0.1962 0.0019
Car 0.0000 0 1.7811 568.3933 172.4635 630.5381 212.2226 1.5660 1.7923 4.2330 -0.1740 1.2510 30.0988 1.7771 0.0019
Car 0.0000 0 1.1196 0.0000 162.7457 14.8176 196.9842 1.6950 1.9689 4.3770 -33.1477 0.8175 36.7438 0.3918 0.0019
Car 0.0000 0 0.2317 0.0000 169.2281 16.8889 218.1632 1.6876 1.7004 4.5010 -24.9246 1.3004 26.2355 -0.5202 0.0018
Cyclist 0.0000 0 0.0877 776.3781 158.7583 805.2840 187.6661 1.8530 0.7039 1.7620 12.0769 0.4607 45.9455 0.3449 0.0018
Car 0.0000 0 0.2165 0.0000 168.8329 22.6147 216.5578 1.6624 1.6579 4.1520 -24.5869 1.2575 26.3823 -0.5259 0.0018
Car 0.0000 0 0.2177 0.0000 168.5670 11.1441 214.2850 1.5697 1.7588 4.2847 -24.9147 1.1615 26.1216 -0.5361 0.0018
Car 0.0000 0 -3.1639 0.0000 0.0000 1224.0000 370.0000 1.4333 1.6330 3.6668 20.4853 0.1653 0.1809 -1.6164 0.0017
Car 0.0000 0 0.1841 0.0000 170.3954 11.2180 218.0713 1.6426 1.6888 4.0835 -24.7889 1.2960 26.1638 -0.5665 0.0017
Car 0.0000 0 -2.7095 389.5991 183.8983 564.5560 243.1106 1.4052 1.7225 4.1120 -3.3079 1.5012 18.2863 -2.8837 0.0017
Car 0.0000 0 -1.8002 466.6777 182.3160 566.2393 243.3123 1.4146 1.7168 4.0822 -2.4965 1.4700 18.7365 -1.9288 0.0017
Car 0.0000 0 0.9956 0.0000 174.0205 45.8288 214.8524 1.5238 1.6118 3.7076 -24.1207 1.2835 27.6780 0.2863 0.0017
Car 0.0000 0 4.5375 0.0000 0.0000 1224.0000 370.0000 1.4365 1.7463 3.7356 -24.1901 1.7406 -0.0320 2.9804 0.0017
Car 0.0000 0 3.0361 0.0000 0.0000 1224.0000 370.0000 1.4909 1.7026 3.9917 -26.8668 1.6274 1.4918 1.5344 0.0017
Car 0.0000 0 -0.8932 0.0000 146.0979 305.3137 358.6362 1.7453 1.8202 4.6236 -5.5909 1.4645 8.1909 -1.4724 0.0017
Car 0.0000 0 3.4740 0.0000 0.0000 1224.0000 370.0000 1.5220 1.6398 4.2372 -21.5177 1.5989 1.9544 2.0103 0.0017
Pedestrian 0.0000 0 1.7966 1160.3110 155.9000 1208.5490 247.5674 1.6275 0.5702 0.5976 10.5775 1.1924 12.9571 2.4709 0.0016
Car 0.0000 0 -0.6328 975.6661 158.1099 1224.0000 224.9088 1.6454 1.8875 5.3013 12.7646 1.0955 18.4434 -0.0338 0.0016
Car 0.0000 0 -0.4502 0.0000 0.0000 1224.0000 370.0000 1.5701 1.7737 3.6099 -19.5161 1.5868 1.6838 -1.9169 0.0016
Car 0.0000 0 -1.1782 471.4392 178.6369 593.4374 239.8463 1.4580 1.7874 4.1916 -1.8466 1.4152 19.1025 -1.2713 0.0016
Car 0.0000 0 0.1503 0.0000 169.1904 14.6451 217.0511 1.6460 1.7362 4.2479 -24.7889 1.2586 26.2262 -0.5991 0.0016
Car 0.0000 0 0.8854 0.0000 178.9532 27.7863 230.2322 1.5154 1.5348 3.4400 -20.1432 1.4712 21.9063 0.1508 0.0016
Car 0.0000 0 0.0372 0.0000 166.5692 27.7510 216.8082 1.7404 1.7942 4.0950 -24.3152 1.2593 26.4912 -0.6976 0.0016
Car 0.0000 0 1.6916 0.0000 171.9880 54.2205 212.6275 1.5132 1.6055 4.2625 -23.5491 1.1977 28.5525 1.0093 0.0016
Car 0.0000 0 -1.6444 485.3843 179.7075 565.2592 240.8969 1.4592 1.8198 4.2009 -2.2944 1.4419 19.0907 -1.7603 0.0016
Car 0.0000 0 -1.2132 842.7484 179.3818 1000.2288 260.1423 1.4225 1.6641 3.9797 6.5232 1.4044 14.4525 -0.7957 0.0016
Cyclist 0.0000 0 -0.2905 780.6739 160.4199 808.9974 188.0179 1.7754 0.7166 1.6370 12.3071 0.4850 45.8616 -0.0283 0.0015
Car 0.0000 0 2.0842 1149.7048 154.3501 1224.0000 218.8600 1.6116 1.5990 3.9033 16.8403 0.9599 19.0643 2.8011 0.0015
Car 0.0000 0 -0.7026 976.5311 158.4601 1220.3962 225.1662 1.6348 1.8952 5.2981 12.7939 1.0962 18.5428 -0.1050 0.0015
Car 0.0000 0 0.9552 0.0000 184.6930 22.7503 233.4491 1.4101 1.5222 3.1516 -19.9523 1.5469 21.7188 0.2212 0.0015
Car 0.0000 0 1.5254 798.1761 180.9264 861.3600 240.0497 1.3373 1.3348 3.1208 5.5127 1.3506 17.6899 1.8241 0.0014
Car 0.0000 0 4.1845 0.0000 0.0000 1224.0000 370.0000 1.5313 1.5789 3.3668 -20.1418 1.6290 -0.1170 2.6256 0.0014
Car 0.0000 0 -2.9005 0.0000 0.0000 1224.0000 370.0000 1.5647 1.6243 3.9261 20.4552 0.1268 1.8070 -1.4322 0.0014
Car 0.0000 0 -1.7931 852.2613 176.9771 974.0315 256.3497 1.4893 1.5919 3.5462 6.3995 1.4248 15.1443 -1.3992 0.0014
Pedestrian 0.0000 0 2.0293 1156.1660 158.6134 1209.8439 248.3573 1.5973 0.5527 0.6099 10.5502 1.2094 12.9596 2.7023 0.0014
Car 0.0000 0 4.4722 0.0000 0.0000 1224.0000 370.0000 1.4568 1.7974 3.7877 -24.2814 1.7902 -0.2393 2.9065 0.0014
Car 0.0000 0 -0.6569 971.4105 162.9306 1202.3529 227.4585 1.6238 1.8421 5.0396 12.7161 1.1833 18.8833 -0.0704 0.0013
Car 0.0000 0 4.5181 0.0000 0.0000 1224.0000 370.0000 1.4545 1.7798 3.7285 -24.1206 1.7421 -0.1322 2.9568 0.0013
Car 0.0000 0 -1.7235 862.8965 169.7914 983.9658 249.5855 1.5299 1.8528 3.4592 6.7603 1.3262 15.4578 -1.3171 0.0013
Car 0.0000 0 0.7897 0.0000 167.6916 7.7743 196.5670 1.4329 1.8984 3.6328 -33.1160 0.7988 36.1283 0.0540 0.0013
Car 0.0000 0 1.9020 0.0000 174.7503 61.6973 213.3960 1.4521 1.6165 3.7734 -23.6907 1.2375 28.6114 1.2177 0.0013
Cyclist 0.0000 0 2.1606 0.0000 162.1004 11.3345 197.2864 1.7590 0.6179 1.6154 -31.3107 0.8406 36.1799 1.4535 0.0013
Pedestrian 0.0000 0 -1.9489 838.1800 178.3926 871.4351 242.7977 1.5899 0.6039 0.6070 6.2345 1.5395 17.7662 -1.6155 0.0013
Car 0.0000 0 -3.0931 0.0000 0.0000 1224.0000 370.0000 1.5296 1.7005 4.2593 19.9557 0.3028 1.8164 -1.6278 0.0013
Car 0.0000 0 -0.4251 956.1869 162.1000 1163.0558 225.3713 1.5715 1.8082 4.2426 11.8402 1.1161 18.7333 0.1325 0.0012
Pedestrian 0.0000 0 2.0834 0.0000 165.8957 28.4227 239.7692 1.7215 0.5698 0.6579 -14.3064 1.3827 16.8459 1.3905 0.0012
Car 0.0000 0 -1.4714 0.0000 0.0000 1224.0000 370.0000 1.4810 1.7945 4.0222 20.9636 0.4622 -0.0970 0.0899 0.0012
Car 0.0000 0 1.3022 772.5660 180.5831 875.0029 242.9547 1.3839 1.5099 3.4620 5.2315 1.3877 17.4326 1.5904 0.0012
Car 0.0000 0 1.9153 0.0000 172.8890 65.2264 215.5564 1.5959 1.6987 4.0337 -23.6751 1.3128 28.6259 1.2315 0.0012
Car 0.0000 0 1.9917 0.0000 173.8953 59.9907 215.4974 1.5577 1.5905 3.8130 -23.8482 1.3119 28.5186 1.3025 0.0012
Car 0.0000 0 -1.6907 859.3007 171.3003 970.8911 249.6941 1.5268 1.8205 3.3284 6.6648 1.3493 15.6158 -1.2930 0.0011
Car 0.0000 0 -1.7469 856.6632 170.6487 977.6887 250.3009 1.5443 1.8140 3.4198 6.6774 1.3550 15.5720 -1.3475 0.0011
Car 0.0000 0 -0.7561 0.0000 170.8351 14.1329 222.5332 1.7048 1.7074 4.0869 -23.9073 1.3877 25.4078 -1.5031 0.0011
Car 0.0000 0 1.5538 794.0665 181.0250 860.8204 242.7530 1.3558 1.4195 4.0851 5.4722 1.3721 17.7201 1.8499 0.0011
Pedestrian 0.0000 0 -0.6152 207.9089 178.1922 248.0404 257.5784 1.6889 0.5137 0.5839 -8.2586 1.6415 15.4145 -1.0969 0.0011
Car 0.0000 0 1.8285 0.0000 173.1350 62.1735 215.4980 1.5816 1.6348 4.0581 -23.5520 1.3081 28.5777 1.1465 0.0011
Car 0.0000 0 1.8303 0.0000 171.7899 62.8613 215.3210 1.6241 1.7040 4.0999 -23.5850 1.3006 28.5926 1.1479 0.0010
Car 0.0000 0 0.2532 0.0000 171.1781 20.1548 218.2000 1.6365 1.6734 4.0277 -24.5504 1.3136 26.2881 -0.4902 0.0010
Pedestrian 0.0000 0 -2.0245 836.9327 177.2356 871.9771 242.9138 1.6171 0.6013 0.6558 6.2250 1.5383 17.7651 -1.6915 0.0010
Pedestrian 0.0000 0 -1.8097 1166.1732 152.7410 1218.2611 260.3029 1.6916 0.5333 0.5311 9.4702 1.2567 11.4683 -1.1313 0.0009
Car 0.0000 0 1.9131 0.0000 174.4621 57.0527 215.6561 1.5442 1.5658 3.6376 -23.7452 1.3194 28.4756 1.2253 0.0009
Car 0.0000 0 1.8519 0.0000 173.2935 63.2599 215.7237 1.5862 1.6588 4.0466 -23.5972 1.3183 28.6144 1.1696 0.0009
Car 0.0000 0 1.5440 796.9005 182.0820 860.1503 241.9335 1.3405 1.3750 3.4084 5.5022 1.3859 17.7530 1.8411 0.0009
Car 0.0000 0 1.9087 0.0000 174.2023 57.0467 215.1400 1.5359 1.5324 3.6594 -23.7441 1.3012 28.5040 1.2214 0.0009
Car 0.0000 0 -0.6348 904.2629 177.3118 1117.0261 246.3443 1.3600 1.6025 3.6826 8.4564 1.2988 14.9533 -0.1275 0.0009
Car 0.0000 0 1.8992 0.0000 167.7024 50.6055 208.0600 1.5078 1.5483 3.5062 -23.8354 1.0312 28.3255 1.2070 0.0008
Car 0.0000 0 -3.2671 0.0000 0.0000 1224.0000 370.0000 1.4337 1.6353 3.5484 20.2349 0.3272 0.1698 -1.7195 0.0008
Car 0.0000 0 -1.5732 932.4728 166.8592 1028.6494 246.5775 1.5300 1.6754 3.6284 8.1717 1.2698 15.5615 -1.0963 0.0008
Pedestrian 0.0000 0 -0.5160 208.8632 179.1670 248.5447 257.6990 1.6699 0.4991 0.5969 -8.2442 1.6432 15.4157 -0.9969 0.0008
Car 0.0000 0 -1.5263 923.9030 167.1320 1018.9800 247.2876 1.5493 1.6815 3.8440 8.1779 1.2925 15.7475 -1.0539 0.0008
Car 0.0000 0 -0.8800 914.5165 174.7906 1124.4436 248.9225 1.4529 1.8263 4.0201 8.9769 1.3426 15.4145 -0.3599 0.0008
Car 0.0000 0 1.9409 0.0000 173.3494 57.7197 213.9177 1.5212 1.5107 3.5537 -23.6847 1.2546 28.4318 1.2536 0.0008
Pedestrian 0.0000 0 -1.0258 1150.0826 157.6633 1209.1410 259.8429 1.6448 0.5487 0.5675 9.4871 1.2788 11.7324 -0.3573 0.0007
Pedestrian 0.0000 0 -0.3054 1169.2122 156.8030 1224.0000 262.9275 1.6650 0.5219 0.5439 9.5108 1.2949 11.4309 0.3766 0.0007
Car 0.0000 0 -1.5942 861.1513 170.0675 960.3193 249.2352 1.5484 1.8233 3.8061 6.7491 1.3460 15.9279 -1.1989 0.0007
Pedestrian 0.0000 0 -0.6392 1128.4785 143.8454 1192.8940 253.0533 1.7790 0.5267 0.6593 9.2051 1.1836 11.7805 0.0128 0.0007
Pedestrian 0.0000 0 1.6289 1153.7804 157.4644 1196.6228 259.9219 1.6361 0.5263 0.5640 9.3718 1.2699 11.6708 2.2938 0.0006
Car 0.0000 0 2.1098 0.0000 174.1319 60.6129 217.1445 1.5935 1.6409 3.9644 -23.9038 1.3591 28.2746 1.4153 0.0006
Pedestrian 0.0000 0 -1.9565 843.9569 171.3509 881.9238 238.7189 1.6582 0.6541 0.7658 6.4465 1.4346 17.7952 -1.6130 0.0006
Car 0.0000 0 -1.9830 908.1980 175.0620 1062.9792 246.3213 1.3813 1.6562 3.5553 8.1202 1.2775 15.5267 -1.5079 0.0006
Car 0.0000 0 -1.4868 871.1984 172.4559 978.2650 250.9498 1.5207 1.8688 4.3415 7.3273 1.3665 16.0443 -1.0642 0.0006
Pedestrian 0.0000 0 -1.6667 666.0667 156.4128 679.2828 186.1539 1.6535 0.6725 0.7134 3.7843 0.3157 39.6603 -1.5704 0.0006
Car 0.0000 0 -1.4773 871.3853 174.3766 980.9534 252.3017 1.5115 1.8902 4.1152 7.3168 1.3943 15.9650 -1.0534 0.0006
Car 0.0000 0 -1.5233 875.1717 173.1711 977.7394 252.0413 1.5274 1.8648 4.3206 7.3231 1.3871 16.0365 -1.1008 0.0006
Cyclist 0.0000 0 0.1181 662.9293 144.4071 697.6711 180.4171 2.0025 0.7947 1.8696 4.2469 -0.0034 39.9122 0.2253 0.0006
Car 0.0000 0 -1.6171 862.8832 169.7090 962.5656 248.4250 1.5520 1.8394 3.6938 6.7753 1.3409 15.9857 -1.2216 0.0005
Car 0.0000 0 -1.5820 860.9056 173.7328 960.9871 249.7543 1.4877 1.8421 3.5697 6.7422 1.3569 15.8318 -1.1850 0.0005
Pedestrian 0.0000 0 -1.6567 666.3617 156.4849 679.4171 186.0084 1.6401 0.6703 0.7022 3.7932 0.3074 39.6278 -1.5601 0.0005
Cyclist 0.0000 0 0.2247 0.0000 0.0000 1224.0000 370.0000 1.7406 0.6606 2.1896 19.4262 0.4467 0.2912 1.7651 0.0005
Pedestrian 0.0000 0 -1.8886 665.0515 154.8490 681.2548 185.4024 1.7047 0.7467 0.6378 3.8291 0.2749 39.8368 -1.7916 0.0004
Car 0.0000 0 -1.3235 870.3174 184.0811 1003.3609 254.7099 1.3186 1.7763 3.7546 7.2819 1.4086 15.4170 -0.8885 0.0004
Pedestrian 0.0000 0 -1.6282 669.9122 155.7294 684.1469 186.6053 1.7176 0.7566 0.6824 4.0309 0.3410 39.6852 -1.5259 0.0004
Car 0.0000 0 -1.6599 900.8763 173.4613 1011.7776 250.2249 1.5144 1.8417 4.2037 7.8502 1.3772 16.2345 -1.2155 0.0004
Car 0.0000 0 -0.4212 875.1223 177.4411 1101.8110 246.1443 1.3556 1.5889 3.8775 7.8715 1.2968 14.8529 0.0590 0.0004
Pedestrian 0.0000 0 -1.3703 1134.6858 147.9454 1182.2200 255.1626 1.7299 0.5188 0.6204 9.1977 1.2063 11.8025 -0.7196 0.0004
Pedestrian 0.0000 0 -1.8429 664.8702 155.2384 681.0430 186.2922 1.7324 0.7425 0.7146 3.8192 0.3245 39.8563 -1.7462 0.0004
Car 0.0000 0 -1.6512 900.7776 172.4949 1009.5079 249.1626 1.5169 1.8352 4.3246 7.8705 1.3602 16.3317 -1.2081 0.0004
Car 0.0000 0 -1.7348 901.8347 173.6084 1031.3918 250.6563 1.5079 1.8898 4.2410 8.0041 1.3746 16.1348 -1.2804 0.0003
Pedestrian 0.0000 0 0.1049 596.1538 168.4081 606.9036 208.9405 1.7833 0.5948 0.4179 -0.1718 1.2528 31.4207 0.1012 0.0002
Car 0.0000 0 1.7930 528.9439 171.6487 613.2729 228.6476 1.4391 1.5831 3.6189 -0.8849 1.2172 19.7688 1.7509 0.0002
Pedestrian 0.0000 0 0.0973 593.4676 171.9107 610.6859 210.2028 1.6663 0.7026 0.6936 -0.1449 1.2940 31.1445 0.0944 0.0002
Pedestrian 0.0000 0 -0.0071 594.3207 170.7689 609.3990 210.5464 1.7323 0.6879 0.6567 -0.1608 1.3100 31.1340 -0.0105 0.0002
Pedestrian 0.0000 0 0.1111 600.4080 166.8531 614.9800 208.9551 1.8489 0.6897 0.5748 0.1033 1.2511 31.4203 0.1161 0.0002
Pedestrian 0.0000 0 -1.6301 667.3124 154.8444 683.7474 186.5090 1.7714 0.8816 0.7307 3.9707 0.3375 39.9314 -1.5298 0.0002
Pedestrian 0.0000 0 0.0297 601.2055 171.9217 614.3315 210.1636 1.6678 0.6582 0.5595 0.1051 1.2951 31.1685 0.0347 0.0002
Pedestrian 0.0000 0 -0.0004 599.8799 172.5659 614.4318 209.9578 1.6299 0.6613 0.6343 0.0747 1.2855 31.1459 0.0036 0.0002
Pedestrian 0.0000 0 0.2007 594.8773 170.4656 608.9415 209.9733 1.7361 0.6148 0.5128 -0.1545 1.2966 31.4164 0.1975 0.0001
Pedestrian 0.0000 0 -0.0555 599.4499 170.2800 614.1291 209.8321 1.7384 0.6556 0.6166 0.0566 1.2907 31.4146 -0.0521 0.0001